1,7.667711598746082
2,4.102490421455939
3,11.118714359771902
4,5.006410256410256
5,5.9411764705882355
6,3.1491228070175437
7,3.7551020408163267
8,5.339285714285714
9,10.685185185185185
10,1.42
11,0.5909090909090909
12,1.0
14,3.0
15,5.433333333333334
16,1.0
18,9.166666666666666
20,1.925
25,0.0
26,0.0
27,1.2222222222222223
32,1.0
33,4.7272727272727275
36,4.416666666666667
41,2.024390243902439
42,1.3333333333333333
46,1.0
50,1.0
53,1.830188679245283
61,0.04918032786885246
62,1.0
65,1.8153846153846154
68,1.0
69,1.7681159420289856
70,1.042857142857143
71,1.8309859154929577
75,1.7066666666666668
81,1.654320987654321
96,0.0625
103,3.6601941747572817
