1,20.663366336633665
2,35.82039911308204
3,70.50108695652175
4,7.322115384615385
5,23.2
6,2.717948717948718
7,20.571428571428573
8,2.53125
9,1.1666666666666667
10,0.925
11,4.545454545454546
12,1.0
13,1.6923076923076923
15,31.3
17,0.0
18,17.537037037037038
21,0.0
23,0.8695652173913043
152,1.0
28,13.660714285714286
36,1.0
37,1.2432432432432432
38,3.0789473684210527
41,1.2195121951219512
42,7.071428571428571
47,2.6595744680851063
54,1.0
59,1.11864406779661
60,0.0
61,2.278688524590164
78,3.58974358974359
81,1.962962962962963
89,0.0
610,1.8147540983606558
103,1.7572815533980584
232,0.15948275862068967
113,1.6902654867256637
117,1.6666666666666667
297,3.8383838383838382
