1,2.1086614173228346
2,3.4295774647887325
3,3.904566210045662
4,2.1517857142857144
5,2.6903225806451614
6,2.011111111111111
7,2.5844155844155843
8,0.975
9,2.123456790123457
10,1.4
11,1.1818181818181819
12,1.2738095238095237
13,0.0
14,1.0178571428571428
16,1.0
17,0.0
18,1.0
20,1.0
21,1.0476190476190477
22,1.0
24,1.0
25,0.0
26,6.346153846153846
28,1.0
30,1.0
31,0.22580645161290322
33,1.8181818181818181
34,1.0
35,0.8857142857142857
39,0.4358974358974359
40,1.0
41,1.024390243902439
42,1.0714285714285714
43,1.0232558139534884
52,1.0384615384615385
53,1.2452830188679245
54,1.0555555555555556
56,1.0357142857142858
61,1.0163934426229508
62,2.5806451612903225
70,1.0
140,1.0
144,1.0
