1,4.13375796178344
2,1.761744966442953
3,4.686015831134565
4,3.463235294117647
5,3.3523809523809525
6,2.7777777777777777
7,0.7959183673469388
8,2.5833333333333335
10,1.0
11,1.3333333333333333
12,2.3333333333333335
14,1.0
17,3.088235294117647
18,3.111111111111111
20,1.5
23,1.6956521739130435
24,1.8333333333333333
26,0.11538461538461539
29,0.0
33,0.0
35,1.1428571428571428
41,2.317073170731707
42,2.3333333333333335
45,2.2
54,2.574074074074074
60,1.0
65,1.2615384615384615
66,1.0454545454545454
72,1.0
77,1.7012987012987013
80,1.0
