1,101.28044280442805
2,12.203389830508474
3,5.137310606060606
4,0.8333333333333334
5,2.566666666666667
6,1.8333333333333333
7,1.0714285714285714
8,1.0972222222222223
9,1.3555555555555556
10,1.12
11,1.4545454545454546
12,1.3472222222222223
14,1.0
15,1.5333333333333334
16,1.0625
17,0.9803921568627451
20,1.0
21,1.5714285714285714
22,1.0
23,0.13043478260869565
24,1.0
25,1.86
26,1.0
28,1.0
33,1.0909090909090908
11042,1.0003622532149974
40,1.0
41,1.024390243902439
52,0.038461538461538464
57,1.0526315789473684
60,1.0
67,1.0149253731343284
68,1.0
90,1.0
4904,1.000815660685155
