1,7.603351955307263
2,2.423611111111111
3,4.253968253968254
4,2.8055555555555554
5,5.2
6,0.4074074074074074
7,2.816326530612245
8,2.3333333333333335
9,4.185185185185185
10,1.0
11,3.290909090909091
12,0.7916666666666666
13,4.717948717948718
14,2.3035714285714284
15,2.2
16,0.0625
18,1.0
19,3.9473684210526314
20,1.0
21,0.14285714285714285
22,0.0
23,0.043478260869565216
24,5.541666666666667
33,4.2727272727272725
34,2.264705882352941
38,0.18421052631578946
41,2.8048780487804876
48,1.0
60,1.4416666666666667
74,1.9864864864864864
76,2.013157894736842
