1,3.401929260450161
2,2.1190965092402463
3,5.787735849056604
4,4.538043478260869
5,3.8
6,3.448717948717949
7,1.0
8,4.982142857142857
9,1.0
10,1.3
11,2.8181818181818183
12,15.25
13,5.461538461538462
14,0.6785714285714286
15,12.8
16,12.375
17,4.078431372549019
18,3.0
19,1.1578947368421053
21,2.5238095238095237
22,2.272727272727273
24,0.0
25,0.16
27,0.8148148148148148
32,1.28125
35,6.0
166,1.0
39,1.1538461538461537
51,1.6274509803921569
58,1.0517241379310345
73,1.4383561643835616
145,1.903448275862069
