1,2.3800904977375565
2,6.910810810810811
3,8.091847265221878
4,4.598837209302325
5,1.8521739130434782
6,2.0476190476190474
7,1.3928571428571428
8,0.7788461538461539
9,1.3888888888888888
10,2.08
11,0.8484848484848485
12,1.0416666666666667
13,0.0
14,0.75
15,0.6333333333333333
16,0.0
17,0.5588235294117647
18,1.9166666666666667
19,0.4473684210526316
20,1.35
21,0.5476190476190477
150,1.0
23,0.4057971014492754
24,2.6875
25,0.44
22,0.45454545454545453
32,1.703125
33,0.5757575757575758
36,3.611111111111111
37,4.5675675675675675
42,1.0
46,1.0
48,2.1666666666666665
51,5.980392156862745
53,0.0
60,1.1166666666666667
66,0.5
73,0.0136986301369863
76,1.0
99,6.161616161616162
127,1.763779527559055
