1,7.704991587212563
2,27.806306306306308
3,39.78663168825491
4,7.6534569983136596
5,9.718248175182481
6,6.611111111111111
7,4.392156862745098
8,5.910714285714286
9,10.318518518518518
10,6.331818181818182
11,7.517786561264822
12,8.732142857142858
13,7.085972850678733
14,5.9375
15,7.476190476190476
16,0.6953125
17,0.9705882352941176
18,11.579365079365079
19,0.7543859649122807
20,3.15
21,0.8476190476190476
22,1.0
23,7.2898550724637685
24,0.625
25,9.333333333333334
26,0.0
27,0.0
28,0.0
29,6.103448275862069
31,22.806451612903224
32,13.104166666666666
33,0.12121212121212122
34,0.0
667,2.8215892053973013
36,0.0
390,5.453846153846154
38,1.0
39,0.7435897435897436
40,1.25
42,1.3095238095238095
43,0.5
45,1.0222222222222221
47,0.6702127659574468
50,0.8
54,0.16666666666666666
393,3.83206106870229
56,1.0
57,1.7894736842105263
61,2.4754098360655736
574,1.127177700348432
64,0.0
65,0.12307692307692308
73,9.808219178082192
77,0.0
79,0.06329113924050633
210,3.126190476190476
35,0.0
85,1.188235294117647
86,11.988372093023257
124,0.008064516129032258
157,5.43312101910828
252,2.9206349206349205
