1,4.426151402858656
2,12.45979381443299
3,17.287483530961794
4,13.00078369905956
5,8.870422535211267
6,4.442424242424242
7,6.501457725947522
8,5.363970588235294
9,7.230769230769231
10,4.08125
11,4.109090909090909
12,4.427083333333333
13,2.408284023668639
14,2.8051948051948052
15,4.258333333333334
16,0.765625
17,4.990196078431373
18,3.3412698412698414
19,0.3026315789473684
20,1.2
21,0.2698412698412698
22,6.045454545454546
23,0.6086956521739131
24,14.666666666666666
25,0.6
26,0.0
27,14.074074074074074
28,1.6666666666666667
29,6.275862068965517
30,0.0
31,11.64516129032258
32,1.25
33,0.0
35,10.314285714285715
36,0.8240740740740741
38,0.0
39,0.0
41,0.0
42,1.4761904761904763
44,1.1136363636363635
46,0.9710144927536232
50,0.0
52,0.7211538461538461
54,0.0
55,0.6545454545454545
56,0.05357142857142857
57,3.2339181286549707
62,0.04838709677419355
448,2.3035714285714284
322,3.6552795031055902
67,1.0149253731343284
196,1.1683673469387754
69,6.507246376811594
71,11.887323943661972
78,5.589743589743589
206,9.888349514563107
93,1.6774193548387097
96,7.875
