1,58.088478676002545
2,311.4648020113136
3,245.8799891097196
4,266.5737750556793
5,186.49248927038627
6,178.38360323886639
7,156.9648490310951
8,168.14285714285714
9,173.0087145969499
10,142.25047619047618
11,128.62653562653563
12,86.47953216374269
13,99.81932021466905
14,77.64835164835165
15,80.05591397849463
16,111.16193181818181
17,48.59432048681541
18,54.10648148148148
19,32.27719298245614
20,69.25625
21,6.008658008658009
22,67.625
23,17.770186335403725
24,123.48717948717949
25,144.09
26,39.03846153846154
27,74.17777777777778
28,89.41369047619048
29,46.92528735632184
30,88.35714285714286
31,180.68387096774194
32,80.44140625
33,46.82424242424243
34,99.61764705882354
35,13.4
36,56.22222222222222
37,90.43243243243244
38,209.02631578947367
39,14.58974358974359
40,49.4625
41,1.5975609756097562
42,43.88690476190476
43,179.3953488372093
44,45.121212121212125
45,2.1
46,105.3659420289855
47,64.37588652482269
48,123.95833333333333
50,1.88
51,0.0
53,72.67924528301887
54,144.5185185185185
55,3.0
56,25.767857142857142
569,12.557117750439367
58,35.31896551724138
59,2.3389830508474576
62,0.0
63,37.04761904761905
64,231.53125
65,83.28461538461538
66,116.83333333333333
67,101.0
68,60.63235294117647
69,124.53623188405797
70,36.25714285714286
72,14.48611111111111
73,85.54794520547945
74,96.02702702702703
75,54.946666666666665
76,129.31578947368422
78,6.910256410256411
79,100.0210970464135
81,101.59876543209876
83,106.5421686746988
85,73.43529411764706
86,12.872093023255815
87,0.0
90,72.93333333333334
93,81.3763440860215
95,56.77368421052632
97,37.391752577319586
98,72.11224489795919
100,2.03
104,83.33653846153847
106,17.943396226415093
107,104.14953271028037
531,3.623352165725047
116,67.06896551724138
118,67.94915254237289
121,104.47933884297521
127,93.54330708661418
1387,10.723864455659697
140,85.15
1165,11.231759656652361
145,61.203448275862065
659,4.655538694992413
148,18.64189189189189
154,4.045454545454546
165,14.93939393939394
166,18.403614457831324
540,26.685185185185187
174,27.78448275862069
183,55.6448087431694
195,19.994871794871795
197,43.390862944162436
219,49.41095890410959
231,32.5974025974026
233,2.6223175965665235
238,56.37394957983193
4335,5.5953863898500575
244,13.598360655737705
245,41.75918367346939
246,59.300813008130085
249,35.47389558232932
5902,2.9615384615384617
278,32.510791366906474
363,0.0
1394,10.81348637015782
903,15.706533776301217
408,31.014705882352942
2464,5.88676948051948
423,1.6784869976359338
446,23.385650224215247
457,21.321663019693656
