1,4.212817412333736
2,17.156346749226007
3,32.0754819146632
4,6.028368794326241
5,7.349152542372881
6,3.6319444444444446
7,7.341614906832298
8,3.5535714285714284
9,0.7638888888888888
10,0.3333333333333333
11,6.090909090909091
12,8.75
13,0.6538461538461539
14,0.32142857142857145
15,6.933333333333334
16,0.6666666666666666
17,7.117647058823529
18,1.0
19,0.5394736842105263
21,4.285714285714286
22,0.6666666666666666
151,1.3642384105960266
24,0.0
25,1.76
26,0.0
28,0.0
30,0.03333333333333333
31,6.403225806451613
33,1.393939393939394
34,0.14705882352941177
35,0.0
2852,0.9733520336605891
37,0.02702702702702703
39,0.0
296,2.0236486486486487
41,0.34146341463414637
50,1.14
23,0.0
58,0.0
76,0.4342105263157895
2776,1.0273775216138328
236,4.851694915254237
40,7.55
