1,57.66876475216365
2,302.1816944024206
3,261.837184319295
4,303.85367264314635
5,193.81796643632774
6,185.19921875
7,176.375350140056
8,147.61743951612902
9,157.36009732360097
10,138.3108108108108
11,126.50311332503114
12,108.2530303030303
13,83.34615384615384
14,75.7873754152824
15,68.0878787878788
16,106.94270833333333
17,94.38562091503267
18,26.802681992337163
19,74.30116959064327
20,161.19166666666666
21,29.96031746031746
22,0.8896103896103896
23,93.15652173913044
24,47.246212121212125
25,150.85454545454544
26,77.23076923076923
27,0.7037037037037037
28,8.508928571428571
29,131.39655172413794
30,45.827777777777776
31,54.61290322580645
32,18.43125
33,28.242424242424242
34,16.294117647058822
35,85.06666666666666
36,54.76984126984127
37,113.60810810810811
39,76.05128205128206
40,59.041666666666664
41,1.6097560975609757
43,60.86821705426357
44,72.17613636363636
45,141.6
46,1.0
47,147.08510638297872
48,92.94791666666667
49,16.224489795918366
50,125.18
51,15.617647058823529
53,119.30188679245283
55,2.4363636363636365
568,3.420774647887324
57,113.47368421052632
59,36.67796610169491
60,104.48333333333333
61,9.37704918032787
62,6.862903225806452
63,31.841269841269842
64,240.453125
65,41.16923076923077
67,105.35820895522389
70,106.21428571428571
71,35.816901408450704
72,1.8611111111111112
73,89.8013698630137
74,50.439189189189186
75,111.68
76,56.48026315789474
77,54.438311688311686
78,2.0256410256410255
79,152.85443037974684
80,82.9125
83,81.51807228915662
85,99.71764705882353
87,0.0
91,164.76923076923077
92,80.51086956521739
95,11.657894736842104
98,83.33673469387755
100,1.2
101,105.84158415841584
103,86.5631067961165
104,46.30288461538461
107,16.38317757009346
620,23.20967741935484
109,70.51987767584097
115,0.991304347826087
118,68.27118644067797
119,41.91596638655462
121,102.56198347107438
134,31.757462686567163
145,74.24827586206897
151,78.95364238410596
669,5.038863976083707
167,17.317365269461078
172,12.093023255813954
174,16.298850574712645
175,15.234285714285715
183,2.3060109289617485
184,55.85326086956522
187,15.064171122994653
190,55.747368421052634
191,45.659685863874344
198,44.39393939393939
217,30.12442396313364
226,17.442477876106196
229,46.86026200873363
744,18.454301075268816
238,55.72268907563025
241,29.809128630705395
251,31.235059760956176
270,43.370370370370374
283,33.49116607773852
310,0.0
56,55.9375
1369,10.864134404674946
368,19.241847826086957
1393,9.544867193108399
373,21.198391420911527
541,1.5508317929759705
4633,5.414634146341464
6209,2.8793686583990983
2467,6.186461289014998
437,27.02974828375286
978,13.760736196319018
483,26.283643892339544
502,19.53585657370518
