1,39.63058387395737
2,210.7450760193504
3,295.5534158307095
4,389.56731402238313
5,75.27854654056745
6,70.33260073260074
7,54.80048766494549
8,47.80990356083086
9,29.545927209705372
10,30.871837708830547
11,26.235161532682195
12,53.871024734982335
13,50.124959428756895
14,15.345930232558139
15,45.840270727580375
16,42.60387931034483
17,54.17690956979807
18,30.32910052910053
19,30.123976608187135
20,16.2234375
21,17.525223950966524
22,21.104617604617605
23,35.00147383935151
24,7.982638888888889
25,54.52
26,28.793803418803417
27,47.13550135501355
28,57.38940092165899
29,29.155172413793103
30,148.70625
31,16.9660441426146
32,30.69140625
33,6.802020202020202
34,25.997549019607842
35,1.4714285714285715
36,42.96296296296296
37,32.54469854469855
38,10.703947368421053
39,40.47179487179487
40,1.7642857142857142
41,3.0060975609756095
42,119.21428571428571
43,2.2868217054263567
44,8.519480519480519
45,27.133333333333333
46,13.63586956521739
47,1.75177304964539
48,0.0
49,10.122448979591837
50,46.955
51,5.705882352941177
52,0.8269230769230769
53,43.509433962264154
54,90.1574074074074
55,1.8909090909090909
56,2.357142857142857
57,55.08187134502924
58,83.07758620689656
59,19.923728813559322
60,159.43333333333334
61,19.69672131147541
62,342.6532258064516
63,6.285714285714286
64,4.109375
65,3.2153846153846155
66,0.4696969696969697
67,1.7686567164179106
69,72.08985507246376
70,161.81428571428572
71,51.50704225352113
72,1.8888888888888888
73,1.356164383561644
74,1.0405405405405406
75,131.85333333333332
76,0.11842105263157894
77,51.515151515151516
78,5.7756410256410255
79,123.62025316455696
82,188.8170731707317
83,113.8855421686747
85,0.1411764705882353
87,26.804597701149426
88,0.0
89,131.03932584269663
90,128.88888888888889
91,108.04395604395604
93,0.0
94,161.36702127659575
96,165.47395833333334
97,52.128865979381445
99,310.45454545454544
101,1.00990099009901
102,116.54901960784314
104,89.26923076923077
109,110.5229357798165
110,111.36818181818182
111,0.0
515,39.65242718446602
113,105.27433628318585
115,111.16521739130435
117,104.35897435897436
120,0.0
123,0.0
125,21.072
127,102.83464566929133
128,57.653645833333336
130,261.34615384615387
131,0.0
132,18.818181818181817
136,233.0808823529412
137,105.45985401459853
535,34.7214953271028
140,107.76428571428572
145,147.5126436781609
147,44.56802721088435
670,5.7208955223880595
112,0.0
164,57.8109756097561
678,15.845132743362832
169,59.66863905325444
179,15.273743016759777
189,14.91005291005291
192,9.223958333333334
194,60.50515463917526
195,13.338461538461539
199,53.527638190954775
2253,6.452729693741678
2265,6.565562913907285
18663,3.6705781492793226
554,23.608303249097474
259,38.05791505791506
306,42.950980392156865
324,38.842592592592595
844,15.895734597156398
339,30.728613569321535
351,35.29059829059829
998,22.336673346693388
397,6.249370277078086
9103,2.4951115017027354
402,39.4228855721393
416,46.49519230769231
438,37.49771689497717
452,43.53761061946903
454,43.55066079295154
464,42.484913793103445
546,39.904761904761905
484,43.25
485,41.93814432989691
486,25.652263374485596
490,36.40204081632653
491,41.372708757637476
493,43.04868154158215
494,34.04655870445344
497,42.47082494969819
498,35.84136546184739
499,35.95190380761523
511,37.324853228962816
