1,65.58577900334843
2,486.2305526223161
3,354.2608019316942
4,340.6474116161616
5,226.20434782608694
6,321.49045407636737
7,208.2972972972973
8,209.94910179640718
9,252.5810185185185
10,176.140350877193
11,232.2027168234065
12,156.89423076923077
13,161.36191677175285
14,173.2031746031746
15,142.6
16,148.228125
17,186.03641456582633
18,28.594771241830067
19,140.6687306501548
20,67.39583333333333
21,110.05555555555556
22,27.386363636363637
23,29.372670807453417
24,58.06944444444444
25,117.18666666666667
26,98.68846153846154
27,85.36213991769547
28,1.0
29,69.29655172413793
30,18.3
31,93.89112903225806
32,61.3046875
33,103.89696969696969
34,1.5098039215686274
35,67.44642857142857
36,57.166666666666664
37,7.745945945945946
38,54.91228070175438
39,62.243589743589745
40,172.45833333333334
41,70.3170731707317
42,101.3015873015873
43,56.9031007751938
44,119.82954545454545
46,82.3913043478261
47,240.7872340425532
48,77.24305555555556
49,104.18367346938776
50,1.74
51,13.803921568627452
52,146.71153846153845
565,17.987610619469027
54,70.01851851851852
55,196.1757575757576
56,5.383928571428571
57,135.52631578947367
58,101.51724137931035
59,182.5593220338983
60,186.1
63,91.98412698412699
64,0.0625
66,169.15151515151516
67,121.60199004975124
68,113.07352941176471
70,143.34761904761905
71,57.394366197183096
72,106.5
73,197.013698630137
76,0.0
77,73.70779220779221
78,0.0
79,0.0
80,124.49375
82,142.6341463414634
85,2.5647058823529414
86,2.895348837209302
87,1.2758620689655173
607,1.413509060955519
97,0.0
98,79.4795918367347
102,70.27941176470588
103,92.66990291262135
105,48.89523809523809
106,33.556603773584904
107,36.76635514018692
118,1.1271186440677967
121,136.60743801652893
124,75.01612903225806
127,119.60629921259843
128,114.078125
133,2.2593984962406015
136,92.3529411764706
139,67.86330935251799
144,80.54166666666667
145,1.2551724137931035
147,94.89115646258503
150,62.59
153,26.77777777777778
154,61.422077922077925
159,0.0
172,57.0
174,52.60919540229885
178,57.241573033707866
180,69.78333333333333
182,74.0989010989011
2250,7.811111111111111
202,62.227722772277225
216,0.05092592592592592
236,49.49152542372882
256,0.0
259,59.33204633204633
287,48.13240418118467
95,138.8736842105263
313,48.670926517571885
53,110.43867924528301
5126,6.080374561061256
350,30.44857142857143
3434,5.547466511357018
371,0.03773584905660377
1343,13.480268056589724
7577,3.6168668338392505
412,32.1626213592233
441,38.673469387755105
468,34.087606837606835
986,18.273833671399593
488,6.05327868852459
4593,6.282386239930329
505,21.902970297029704
