1,2.591869918699187
2,19.082774049217
3,20.075413094794385
4,11.058056872037914
5,6.017142857142857
6,7.829457364341085
7,7.364285714285714
8,6.095
9,9.51388888888889
10,4.042105263157895
11,8.318181818181818
12,0.49242424242424243
13,7.153846153846154
14,0.6339285714285714
15,1.6222222222222222
16,17.1875
17,0.7352941176470589
18,0.0
19,0.0
20,0.55
21,5.428571428571429
22,2.6136363636363638
24,0.0
26,9.461538461538462
27,1.2407407407407407
28,1.6964285714285714
29,6.218390804597701
30,1.25
32,0.0
34,1.0
155,3.3419354838709676
38,0.49122807017543857
167,0.0
43,0.0
46,4.521739130434782
47,0.9787234042553191
49,0.0
50,1.0
182,1.8461538461538463
56,0.5
63,0.9126984126984127
65,1.0153846153846153
66,0.030303030303030304
323,1.956656346749226
1220,1.5057377049180327
76,4.0
207,2.9468599033816427
80,1.425
35,0.02857142857142857
84,1.0119047619047619
591,4.1725888324873095
1246,1.4791332263242376
95,0.0
100,1.0
623,3.958266452648475
