1,411.8624344527502
2,384.6273300438597
3,332.5144774770899
4,410.58838709677417
5,255.47726931732933
6,283.47941342357586
7,294.05486284289276
8,256.3048679867987
9,224.49337938975245
10,191.1609756097561
11,142.38579067990833
12,205.1141975308642
13,170.63041556145004
14,157.06338028169014
15,142.80141843971631
16,163.07472826086956
17,144.67016806722688
18,129.74
19,125.7298245614035
20,114.70588235294117
21,116.53333333333333
22,110.46666666666667
23,4.5115089514066495
24,118.20535714285714
25,188.696
26,53.90934065934066
27,136.96666666666667
28,71.56547619047619
29,51.839080459770116
30,153.67916666666667
31,108.86559139784946
32,1.90625
33,69.31818181818181
34,8.887254901960784
35,101.20952380952382
36,1.3055555555555556
37,0.0
38,82.32236842105263
39,55.90769230769231
40,261.775
41,32.90243902439025
42,13.761904761904763
43,263.3720930232558
44,73.34848484848484
600,2.1433333333333335
47,25.050531914893618
48,0.0
49,63.0
50,89.23
51,31.137254901960784
52,0.0
53,4.3584905660377355
55,136.05454545454546
56,2.4732142857142856
57,0.0
59,0.0
60,22.65
61,158.2704918032787
62,60.155913978494624
63,107.68253968253968
64,145.609375
65,151.36923076923077
66,37.54545454545455
68,144.41176470588235
70,1.6857142857142857
71,10.52112676056338
72,137.45138888888889
73,9.732876712328768
75,81.85333333333334
76,126.10526315789474
77,117.37229437229438
78,158.19230769230768
79,62.949367088607595
82,142.52439024390245
83,0.0
85,147.85882352941175
87,149.31034482758622
88,71.47727272727273
89,76.3314606741573
90,0.0
91,37.11813186813187
92,138.1195652173913
93,37.20967741935484
95,136.53157894736842
96,94.55208333333333
98,10.687074829931973
99,120.14141414141415
100,141.65
101,0.0
529,25.387523629489603
616,30.225649350649352
105,115.19047619047619
106,117.21698113207547
108,24.787037037037038
113,4.613569321533923
114,8.324561403508772
8823,2.5353054516604328
120,109.70833333333333
633,20.759873617693522
126,79.42063492063492
129,10.767441860465116
131,82.5114503816794
133,70.38345864661655
136,10.264705882352942
535,28.065420560747665
150,1.58
153,60.490196078431374
1690,10.357988165680473
169,63.50887573964497
178,32.03089887640449
180,68.37777777777778
697,1.8450502152080344
186,63.956989247311824
201,18.577114427860696
206,9.41747572815534
207,71.16908212560386
208,59.54326923076923
209,16.698564593301434
226,40.19911504424779
229,16.253275109170307
231,14.696969696969697
234,0.07692307692307693
243,50.193415637860085
1273,1.6692851531814612
255,49.83529411764706
259,2.1814671814671813
263,12.665399239543726
286,34.42657342657343
334,40.81437125748503
341,40.78299120234604
356,38.9747191011236
1910,8.680104712041885
893,18.984322508398655
1428,11.733193277310924
406,28.45566502463054
104,199.96153846153845
426,25.178403755868544
999,15.6986986986987
7667,4.862788574409808
