1,19.761343012704174
2,69.55884843353091
3,45.91117182756527
4,82.75193965517241
5,80.82934362934363
6,103.4978354978355
7,12.781746031746032
8,17.298076923076923
9,12.02721088435374
10,16.27777777777778
11,3.3366093366093366
12,8.01086956521739
13,5.946153846153846
14,5.879699248120301
15,1.6555555555555554
16,0.1590909090909091
17,27.362745098039216
18,7.116161616161616
19,11.789473684210526
20,2.25
21,13.841269841269842
22,51.54132231404959
23,43.33152173913044
24,127.34375
25,56.376
26,30.568376068376068
27,76.62345679012346
29,37.55172413793103
30,0.5
31,12.064516129032258
32,0.0
34,0.0
35,12.552380952380952
37,1.8918918918918919
39,1.0384615384615385
41,0.926829268292683
44,0.0
47,0.0
180,8.266666666666667
53,14.245283018867925
57,1.5789473684210527
59,0.0
63,1.0
65,1.2461538461538462
66,11.712121212121213
67,2.462686567164179
70,2.1857142857142855
79,7.987341772151899
81,0.0
82,0.0
1166,1.3507718696397941
3472,2.733582949308756
102,13.941176470588236
664,3.7876506024096384
108,7.777777777777778
114,1.4385964912280702
85,7.552941176470588
