1,26.62817441303306
2,70.11627906976744
3,74.91750086296169
4,56.86863966770509
5,13.487719298245613
6,22.1074297188755
7,17.244406196213426
8,10.405357142857143
9,12.15130023640662
10,8.448571428571428
11,9.134680134680135
12,12.600694444444445
13,5.923076923076923
14,10.706043956043956
15,10.760784313725491
16,2.5
17,14.898395721925134
1170,3.4239316239316238
19,19.763157894736842
20,44.541666666666664
21,60.6031746031746
22,24.642045454545453
23,0.6086956521739131
24,14.63888888888889
25,16.68
26,29.76923076923077
27,44.666666666666664
28,1.8928571428571428
29,0.0
325,4.661538461538462
160,9.74375
33,35.45454545454545
34,5.897058823529412
35,30.214285714285715
36,11.166666666666666
37,71.20270270270271
40,2.5
41,0.0
43,2.4651162790697674
45,50.044444444444444
46,1.391304347826087
2352,3.2954931972789114
49,2.0
51,42.294117647058826
52,2.0
183,8.114754098360656
56,0.0
58,1.2758620689655173
316,0.0
63,0.0
32,27.921875
66,0.09090909090909091
69,18.884057971014492
336,1.0029761904761905
910,3.4956043956043956
95,23.33684210526316
100,2.37
18,53.63333333333333
154,9.318181818181818
503,0.0
249,8.345381526104418
