1,33.39391226499552
2,168.30836120401338
3,158.0881849820091
4,182.6122661122661
5,36.47995444191344
6,43.533787620670076
7,31.631761442441054
8,24.05713058419244
9,40.73121254034117
10,56.36611111111111
11,30.6872009569378
12,46.423772609819125
13,40.59491884262526
14,29.903318903318905
15,40.80973782771535
16,26.71323529411765
17,55.14005602240896
18,40.92764857881137
19,62.044444444444444
20,17.625
21,48.993650793650794
22,22.742897727272727
23,14.540760869565217
24,34.845238095238095
25,10.725405405405406
26,19.96923076923077
27,12.668981481481481
28,2.557142857142857
29,2.2103448275862068
30,31.913333333333334
31,14.774193548387096
32,18.109375
33,37.47348484848485
34,4.5588235294117645
35,6.714285714285714
36,1.0
37,21.853281853281853
38,1.7017543859649122
39,6.467948717948718
40,2.2625
41,46.737127371273715
42,143.70238095238096
43,29.36918604651163
44,59.70454545454545
45,29.15
46,50.32608695652174
48,6.145833333333333
49,1.816326530612245
50,0.5
51,81.67320261437908
53,50.5
54,0.0
55,3.0
56,1.7678571428571428
57,0.2631578947368421
58,0.9310344827586207
60,1.3333333333333333
61,6.721311475409836
62,4.120967741935484
63,72.33333333333333
64,3.171875
69,1.5942028985507246
70,0.0
72,33.041666666666664
73,9.287671232876713
74,64.24324324324324
75,34.03333333333333
76,111.3157894736842
78,1.7435897435897436
79,1.7848101265822784
81,70.54320987654322
82,0.573170731707317
83,148.44578313253012
84,68.35714285714286
90,138.64444444444445
92,64.28260869565217
93,136.25806451612902
607,11.27677100494234
96,0.0
100,1.0
110,1.290909090909091
121,2.479338842975207
134,36.62686567164179
157,1.9617834394904459
158,1.0506329113924051
160,29.95
169,46.55621301775148
182,26.824175824175825
186,44.715053763440864
189,43.34391534391534
192,43.822916666666664
195,43.42564102564103
197,43.55668358714044
203,41.881773399014776
205,41.81951219512195
207,41.2463768115942
211,40.649289099526065
214,40.27336448598131
6777,3.5710491367861885
216,41.342592592592595
217,40.184331797235025
218,39.908256880733944
219,40.80821917808219
220,40.372727272727275
226,1.0486725663716814
227,38.03964757709251
232,37.75431034482759
235,37.60851063829787
240,37.92916666666667
251,21.346613545816734
258,21.802325581395348
261,19.015325670498083
556,9.973021582733812
299,16.91304347826087
351,15.982905982905983
4462,2.415956969968624
