1,28.73969587835134
2,304.72191287258437
3,267.33076218653144
4,351.52993348115297
5,209.99285091543157
6,294.97252349963844
7,229.5375552282769
8,203.0508658008658
9,185.94584500466854
10,207.21864406779662
11,176.49370629370628
12,215.73697916666666
13,97.96153846153847
14,122.93530997304582
15,83.84791666666666
16,139.2543103448276
17,104.0553633217993
18,157.21693121693121
19,85.50292397660819
20,34.76923076923077
21,11.744588744588745
22,92.92532467532467
23,82.84239130434783
24,110.2797619047619
25,99.82857142857142
26,26.842307692307692
27,69.440329218107
28,136.78571428571428
29,194.35632183908046
30,89.86666666666666
31,14.790322580645162
32,47.03125
33,166.96969696969697
34,167.99019607843138
35,7.462857142857143
36,2.5833333333333335
37,0.0
38,50.04824561403509
551,21.105263157894736
40,0.65
41,1.5772357723577235
42,6.428571428571429
44,0.0
45,56.43703703703704
46,2.0217391304347827
47,159.82978723404256
48,172.14583333333334
50,5.64
51,178.98039215686273
52,18.557692307692307
53,71.41509433962264
54,0.0
56,1.0535714285714286
57,131.6140350877193
59,2.389830508474576
60,125.71666666666667
62,61.99193548387097
63,20.0
64,92.921875
66,114.12121212121212
68,0.0
69,135.52173913043478
70,170.63571428571427
71,106.04225352112677
72,100.75
73,214.32191780821918
74,1.0135135135135136
75,57.72
77,153.44155844155844
79,110.74683544303798
81,125.3395061728395
82,94.45934959349593
83,13.650602409638553
84,153.41666666666666
85,70.99411764705883
90,64.47222222222223
92,7.326086956521739
93,1.3333333333333333
95,87.48421052631579
96,169.51041666666666
100,45.845
102,76.52614379084967
109,3.3211009174311927
111,77.1981981981982
115,2.0869565217391304
118,70.07627118644068
120,16.325
124,89.20967741935483
638,17.064263322884013
136,67.31617647058823
1170,12.877777777777778
150,73.06666666666666
151,75.28476821192054
1135,1.8466960352422908
1182,12.092216582064298
161,68.38509316770187
168,4.154761904761905
171,58.9766081871345
693,15.24963924963925
183,44.80874316939891
185,60.027027027027025
188,16.138297872340427
194,58.50515463917526
195,3.769230769230769
4293,2.02422548334498
201,56.19900497512438
203,49.389162561576356
207,63.971014492753625
5854,4.908438674410659
1761,8.51107325383305
227,6.202643171806168
234,38.56410256410256
39,67.93162393162393
244,13.635245901639344
275,34.86909090909091
7445,2.492948287441236
278,36.32374100719424
1320,10.23939393939394
301,41.332225913621265
4470,1.9440715883668904
375,5.613333333333333
461,22.31019522776573
