1,32.95058528915031
2,294.07452409882546
3,193.65388557090859
4,368.16628561378826
5,270.2327345309381
6,286.3209446380178
7,196.68727373990532
8,247.88488520408163
9,174.4307215582116
10,186.65
11,182.24285714285713
12,142.0
13,187.60535117056855
14,144.28571428571428
15,166.83466666666666
16,109.85505319148936
17,164.05080213903744
18,139.8827160493827
19,87.34892787524366
20,86.32962962962964
21,98.89162561576354
22,74.26262626262626
23,63.70086956521739
24,105.62797619047619
25,75.73333333333333
26,43.294871794871796
27,22.544159544159545
28,93.72420634920636
29,136.03134796238245
30,81.68888888888888
31,3.5725806451612905
32,0.56640625
33,30.071969696969695
34,2.6372549019607843
35,3.8380952380952382
36,54.0
37,97.69369369369369
38,6.745614035087719
39,33.717948717948715
40,71.38125
41,14.917073170731708
42,69.27380952380952
43,27.24418604651163
44,42.18939393939394
45,0.0
46,23.27391304347826
47,85.06117021276596
48,102.22222222222223
49,41.224489795918366
50,0.625
51,76.63398692810458
52,0.9038461538461539
53,46.424528301886795
55,68.95454545454545
56,55.455357142857146
57,1.8421052631578947
58,47.48275862068966
60,35.06666666666667
61,4.508196721311475
62,64.39784946236558
64,82.29910714285714
65,51.748717948717946
66,0.0
67,50.62189054726368
68,30.970588235294116
7237,2.457371839159873
71,42.76525821596244
72,64.56944444444444
73,62.97260273972603
74,20.20945945945946
76,154.30263157894737
77,51.81818181818182
78,104.77564102564102
79,1.2784810126582278
80,86.31875
84,0.0
85,0.0
86,44.45348837209303
87,108.8103448275862
88,149.35227272727272
89,0.0
90,5.722222222222222
91,0.37362637362637363
92,146.43478260869566
94,0.0
95,72.9578947368421
96,72.88541666666667
97,155.03092783505156
99,118.71717171717172
101,22.524752475247524
102,119.44117647058823
105,63.76190476190476
106,136.91037735849056
108,81.77777777777777
109,67.5229357798165
110,2.5545454545454547
112,121.00892857142857
113,133.69026548672565
114,118.35087719298245
126,11.753968253968255
127,119.23622047244095
128,59.0703125
129,4.565891472868217
136,106.50735294117646
137,17.970802919708028
138,55.69565217391305
11926,2.025490524903572
164,0.0
167,3.497005988023952
172,8.912790697674419
1138,1.0
178,73.59550561797752
191,1.4816753926701571
192,51.046875
207,52.11594202898551
725,20.76
230,12.282608695652174
233,31.124463519313306
266,45.75187969924812
279,39.85663082437276
280,44.70357142857143
1820,1.09010989010989
312,31.201923076923077
336,43.375
1080,13.339814814814815
625,19.8256
2393,3.455077308817384
401,37.1072319201995
416,31.92548076923077
12199,1.9800803344536437
427,22.77751756440281
9666,4.168115042416718
493,1.002028397565923
2032,0.0
498,32.98795180722892
