1,174.7897373876987
2,577.6750288350635
3,579.2138531974598
4,387.20686900958464
5,358.3795497185741
6,296.50877192982455
7,275.8809523809524
8,194.01699029126215
9,205.41944444444445
10,192.3936936936937
11,213.30834114339268
12,235.34473684210528
13,260.02251407129455
14,300.0595238095238
15,244.9148148148148
16,224.86918604651163
17,175.37605042016807
18,198.4021164021164
19,69.83082706766918
20,74.71904761904761
21,237.54761904761904
22,38.93939393939394
23,119.95652173913044
24,97.07692307692308
25,44.51428571428571
26,297.59615384615387
27,41.129629629629626
28,17.042857142857144
29,49.08620689655172
30,98.68
31,48.66820276497696
32,167.45625
33,64.87121212121212
34,23.63235294117647
35,49.82857142857143
36,68.74305555555556
37,46.51891891891892
38,146.34868421052633
39,63.085470085470085
40,92.0625
41,7.7560975609756095
42,111.52857142857142
43,134.08139534883722
44,0.6477272727272727
45,74.45555555555555
46,107.15217391304348
48,122.78125
49,0.7448979591836735
50,242.82666666666665
51,46.127450980392155
52,0.6153846153846154
53,237.67924528301887
54,51.717592592592595
55,193.1818181818182
56,3.419642857142857
57,181.12280701754386
58,73.05862068965517
59,168.61016949152543
60,193.18333333333334
61,50.07786885245902
62,260.4516129032258
63,101.57142857142857
64,124.22265625
65,0.9692307692307692
67,200.78358208955223
68,108.66176470588235
71,78.90140845070422
73,1.0
76,78.625
77,107.0
78,54.85897435897436
80,0.0
81,0.0
82,1.024390243902439
83,0.0
84,67.27380952380952
86,67.13953488372093
89,5.47191011235955
90,3.1
94,78.97872340425532
99,89.9090909090909
104,2.2403846153846154
106,36.056603773584904
108,1.9814814814814814
111,13.9009009009009
114,101.49122807017544
115,134.10434782608695
119,109.83193277310924
124,59.66129032258065
129,133.91472868217053
131,130.1679389312977
132,119.92424242424242
135,42.15555555555556
141,56.56028368794326
142,121.54225352112677
2194,8.29580674567001
147,29.102040816326532
148,59.229729729729726
149,59.0
150,0.7466666666666667
7321,3.828165551154214
158,55.43037974683544
161,27.732919254658384
162,53.96296296296296
165,58.96363636363636
168,96.13988095238095
4124,5.001939864209505
170,72.77941176470588
182,63.967032967032964
185,26.42162162162162
187,47.6951871657754
195,70.85128205128206
199,79.49497487437186
200,77.3
211,0.5308056872037915
217,0.0
1242,1.0998389694041868
225,1.008888888888889
239,29.711297071129707
553,17.707052441229656
2300,1.9404347826086956
263,37.68441064638783
810,19.001234567901236
307,43.469055374592834
313,49.26837060702876
343,2.131195335276968
352,8.366477272727273
874,17.248283752860413
22392,2.291845301893533
153,54.091503267973856
1432,12.76536312849162
4847,6.5673612543841555
426,6.983568075117371
444,4.231981981981982
498,35.56827309236948
