1,15.911482479784366
2,127.10125508819539
3,126.35374204463064
4,172.04338153503892
5,60.130833333333335
6,51.54551407989522
7,28.49232585596222
8,28.437722419928825
9,34.55668934240363
10,36.466467065868265
11,58.443667443667444
12,50.48768115942029
13,35.62909367859863
14,48.06413994169096
15,48.62525252525253
16,57.89738805970149
17,95.78009049773756
18,76.47707231040565
19,79.37593984962406
20,36.189
21,52.05483405483405
22,55.91193181818182
23,58.219063545150505
24,55.62061403508772
25,51.945
26,34.725
27,43.20987654320987
28,44.10459183673469
29,41.71786833855799
30,56.39242424242424
31,46.770609318996414
32,44.54375
33,23.44191919191919
34,79.75816993464052
35,44.63809523809524
36,60.925925925925924
37,17.969111969111967
38,57.13421052631579
39,57.0534188034188
40,53.86875
41,1.3170731707317074
42,41.39047619047619
43,23.087855297157624
44,69.81493506493507
45,84.97037037037038
46,24.820652173913043
47,24.79255319148936
48,83.57916666666667
49,55.12244897959184
50,1.68
51,158.9313725490196
52,82.23076923076923
53,2.4779874213836477
54,27.055555555555557
55,1.1545454545454545
56,14.273809523809524
57,51.175438596491226
58,0.0
59,44.398305084745765
61,72.22131147540983
62,1.8602150537634408
63,68.30952380952381
64,1.0390625
65,1.123076923076923
66,65.83333333333333
67,65.92537313432835
68,3.8970588235294117
70,31.764285714285716
71,0.0
73,63.0
75,58.28
77,30.844155844155843
78,1.044871794871795
79,1.8860759493670887
82,3.402439024390244
85,51.03529411764706
4187,2.1664676379269165
93,4.204301075268817
96,45.489583333333336
97,2.0618556701030926
99,44.03030303030303
104,45.56730769230769
106,41.83018867924528
113,0.0
120,36.275
123,54.28455284552845
124,35.233870967741936
125,45.492
126,27.6984126984127
134,51.04477611940298
135,51.34814814814815
137,53.07299270072993
138,2.3840579710144927
140,32.17857142857143
143,33.97202797202797
145,47.04137931034483
147,50.714285714285715
149,1.9865771812080537
156,43.794871794871796
162,43.24485596707819
163,39.466257668711656
173,42.421965317919074
174,42.14942528735632
175,43.46857142857143
176,43.92613636363637
177,26.76271186440678
178,41.8876404494382
184,40.35326086956522
185,44.67567567567568
189,40.195767195767196
190,39.589473684210525
192,3.4635416666666665
194,1.4793814432989691
197,41.25888324873097
208,23.83173076923077
217,20.677419354838708
222,20.55855855855856
742,12.93800539083558
279,17.734767025089607
310,16.219354838709677
6477,3.225104214914312
435,14.080459770114942
