1,68.2057929268683
2,308.29777709169497
3,261.529992816092
4,301.87560096153845
5,174.30183574879226
6,188.47907949790795
7,195.73489461358315
8,213.79935897435897
9,164.51980676328503
10,121.40957446808511
11,119.70422535211267
12,139.67147435897436
13,55.7
14,83.86278195488721
15,83.61428571428571
16,72.84895833333333
17,130.14186851211073
18,72.28535353535354
19,72.05263157894737
20,85.38125
21,68.62539682539682
22,59.56439393939394
23,131.93478260869566
24,81.0
25,41.18
26,19.182692307692307
27,95.90534979423869
28,143.18571428571428
29,55.775862068965516
30,62.144444444444446
31,66.16715542521995
32,11.03125
33,63.61904761904762
34,71.68823529411765
35,15.504761904761905
36,166.4537037037037
37,86.48648648648648
38,87.75
39,110.22710622710623
40,46.05
41,3.6219512195121952
43,1.9844961240310077
46,142.2608695652174
47,151.2340425531915
48,134.95833333333334
520,24.41923076923077
50,67.12
51,200.68627450980392
52,123.9423076923077
53,89.90566037735849
55,2.6
57,126.03508771929825
58,65.56896551724138
59,45.279661016949156
60,1.8166666666666667
61,77.38524590163935
64,111.63671875
65,123.49230769230769
66,51.333333333333336
69,35.78260869565217
70,55.5
71,1.8873239436619718
73,113.31506849315069
74,9.58108108108108
75,112.76
76,98.75
77,42.66883116883117
79,153.63291139240508
80,101.44375
81,48.22222222222222
514,16.704280155642024
85,100.7764705882353
86,0.0
91,142.7912087912088
93,71.03225806451613
94,40.63297872340426
95,84.72631578947369
98,87.24489795918367
101,107.07920792079207
104,87.39423076923077
105,85.96190476190476
109,103.93577981651376
112,83.75
115,0.991304347826087
118,69.5
128,65.4140625
643,21.15085536547434
132,64.37121212121212
4630,5.4146868250539955
134,1.1492537313432836
138,81.1376811594203
151,79.27152317880795
167,14.011976047904191
177,13.163841807909604
179,72.57541899441341
183,3.459016393442623
184,55.59239130434783
187,12.16042780748663
188,10.97872340425532
191,56.340314136125656
198,44.80808080808081
203,24.238916256157637
212,31.660377358490567
216,17.76388888888889
734,19.50408719346049
227,35.136563876651984
230,47.582608695652176
238,55.3235294117647
245,29.285714285714285
6393,2.837478492100735
255,12.145098039215686
267,0.0
269,35.45724907063197
276,42.79347826086956
49,0.0
298,23.83221476510067
565,3.3964601769911504
1350,10.822222222222223
2395,6.074739039665971
1379,10.676577229876722
357,7.30532212885154
881,15.358683314415437
443,1.6478555304740405
444,26.81081081081081
449,18.64587973273942
