1,158.16943313498277
2,1459.4582522554397
3,892.733452218609
4,603.991454319453
5,425.55284715284716
6,392.9003205128205
7,379.56225425950197
8,277.73309748427675
9,325.73044049967126
10,266.4386206896552
11,257.20273531777957
12,288.7105734767025
13,253.86798336798336
14,238.24789915966386
15,263.27241379310345
16,281.9984375
17,298.32665832290365
18,310.9708994708995
19,378.63296398891964
20,245.50625
21,246.83709273182959
22,100.94235033259423
23,192.86061381074168
24,129.72222222222223
25,90.24444444444444
26,151.80769230769232
27,204.07568438003221
28,83.8
29,225.51458885941645
30,135.55555555555554
31,157.25806451612902
32,166.4318181818182
33,153.35757575757575
34,149.27450980392157
35,106.40408163265306
36,168.84722222222223
37,159.67567567567568
38,237.24736842105264
39,137.73333333333332
40,92.3625
41,290.6219512195122
42,275.9891774891775
43,196.95348837209303
44,149.69886363636363
45,197.97037037037038
46,179.01739130434783
47,224.14893617021278
48,88.81944444444444
49,342.2925170068027
50,249.96
51,17.666666666666668
52,10.98076923076923
53,239.4811320754717
54,154.85185185185185
55,173.94545454545454
56,67.02678571428571
57,285.7280701754386
58,197.44252873563218
59,0.5254237288135594
60,103.61666666666666
61,209.09016393442624
576,32.354166666666664
65,149.36923076923077
66,220.46464646464648
67,201.76492537313433
68,111.67156862745098
69,299.3671497584541
70,209.97857142857143
71,313.5492957746479
73,200.76712328767124
74,66.52027027027027
75,106.78666666666666
77,3.331168831168831
80,78.52916666666667
81,163.95555555555555
82,197.74967907573813
83,260.1807228915663
84,0.0
85,245.52941176470588
86,94.69767441860465
87,0.0
90,1.0222222222222221
91,152.4835164835165
92,1.3804347826086956
93,0.13978494623655913
96,181.63541666666666
97,124.11340206185567
98,3.520408163265306
100,120.82
103,185.7864077669903
106,119.55660377358491
109,0.0
115,3.4434782608695653
116,126.75
119,103.13865546218487
122,8.040983606557377
126,122.84920634920636
127,121.92913385826772
128,120.921875
129,96.02325581395348
130,46.28846153846154
132,1.9545454545454546
134,59.03358208955224
135,137.65925925925927
146,81.54109589041096
150,128.34
152,0.16447368421052633
158,76.36708860759494
676,26.15680473372781
172,1.936046511627907
176,72.36363636363636
190,9.305263157894737
194,45.15979381443299
195,111.94871794871794
204,1.0441176470588236
205,40.165853658536584
209,59.33014354066986
223,78.52466367713005
738,19.17479674796748
227,1.3259911894273129
232,94.21120689655173
248,0.012096774193548387
260,29.75
11905,3.0747585048299033
271,56.95571955719557
801,29.54681647940075
291,41.9106529209622
293,33.382252559726965
297,42.52188552188552
314,64.7452229299363
324,70.35185185185185
848,27.19575471698113
4951,8.139971722884265
1082,23.100739371534196
4970,4.557142857142857
1905,14.17270341207349
64,2.046875
389,57.437017994858614
23980,2.5960383653044206
450,38.22888888888889
1483,17.723533378287257
7119,3.9662873999157187
464,27.200431034482758
477,0.0041928721174004195
495,1.3616161616161617
511,41.681017612524464
