1,213.41970480635803
2,841.3450786939159
3,633.7105827967641
4,397.5812774122807
5,444.6772956609485
6,266.900548696845
7,304.7034958998705
8,251.96428571428572
9,269.1714456391876
10,148.24037267080746
11,184.4517625231911
12,220.35347985347985
13,181.73390894819465
14,169.0768049155146
15,169.78924731182795
16,243.87777777777777
17,258.62745098039215
18,242.16035353535352
19,248.9092105263158
20,264.00714285714287
21,203.62939958592133
22,254.67132867132867
23,210.90170132325142
24,104.46296296296296
25,169.76888888888888
26,205.82820512820513
27,71.49876543209876
28,138.04642857142858
29,39.509578544061306
30,72.2969696969697
31,151.10752688172042
32,120.390625
33,12.68939393939394
34,180.35294117647058
35,173.83809523809524
36,0.4537037037037037
37,0.5585585585585585
38,66.38157894736842
39,20.641025641025642
40,121.05625
41,160.6747967479675
42,204.80357142857142
43,130.06511627906977
44,106.80681818181819
45,146.4
46,3.125
47,0.723404255319149
48,5.070833333333334
49,18.448979591836736
50,1.54
51,91.90196078431373
52,86.4951923076923
53,0.0
54,146.8148148148148
55,103.11818181818182
56,170.30357142857142
57,11.68421052631579
58,176.67241379310346
59,0.0
60,0.0
62,0.0
63,2.126984126984127
65,281.9307692307692
66,56.45454545454545
67,123.48134328358209
68,1.3602941176470589
69,145.18840579710144
70,128.97142857142856
71,118.17370892018779
72,98.35416666666667
73,1.8630136986301369
6220,6.159324758842444
77,43.333333333333336
80,174.7875
83,2.0963855421686746
84,0.0
87,77.17816091954023
88,0.0
91,49.54945054945055
93,100.61290322580645
94,12.351063829787234
95,0.0
97,4.051546391752577
99,10.52020202020202
101,158.05280528052805
102,155.3856209150327
103,178.64077669902912
104,86.88461538461539
618,35.35275080906149
108,83.66666666666667
110,118.50454545454545
115,106.1304347826087
117,116.77777777777777
118,66.62711864406779
119,5.739495798319328
106,3.509433962264151
130,91.3076923076923
131,65.43511450381679
133,1.263157894736842
138,37.85507246376812
139,94.07913669064749
143,86.55244755244755
148,10.841216216216216
152,25.592105263157894
154,79.1103896103896
156,98.23076923076923
157,78.01273885350318
163,0.0736196319018405
166,77.96385542168674
167,63.74251497005988
173,6.61271676300578
176,74.9715909090909
177,77.29378531073446
688,22.763081395348838
191,85.86910994764398
193,36.37823834196891
2245,9.126057906458797
201,69.42786069651741
215,57.1953488372093
216,50.004629629629626
8927,3.094320600425675
224,1.125
1254,15.062200956937799
1067,18.516401124648546
265,36.47924528301887
277,35.26714801444043
290,53.01379310344828
297,40.8013468013468
309,1.4077669902912622
564,26.52127659574468
3902,5.782675550999487
349,40.853868194842406
871,20.84845005740528
374,53.588235294117645
375,47.288
379,23.58575197889182
26493,2.332087721284868
399,37.93483709273183
416,49.34134615384615
945,1.3460317460317461
488,33.799180327868854
500,31.536
506,32.27272727272727
