2048,116.93701171875
1,158.19101816550796
2,1261.8372919759356
3,1406.0071562382916
4,17053.951346957732
5,6565.120588235294
6,2898.7545587162654
7,10545.300204918032
8,4834.483001373626
9,3284.793549905838
10,3560.7957303370786
11,3330.031830238727
12,2299.8095776772248
13,2399.15649867374
14,2180.0377880184333
15,2664.08828125
16,1782.402719665272
17,2152.539926115374
18,1679.3691650230112
19,2012.9261311172668
20,1556.9509868421053
21,1121.2476958525347
22,1392.1993293591654
23,2153.5753931544864
24,2055.5797275641025
25,1322.68
26,817.4842657342657
27,1175.1273148148148
28,1292.4384057971015
29,1875.1450878334417
30,1166.0877192982457
31,690.4528076463561
32,1658.616875
33,715.03125
34,1797.2890025575448
35,1229.5514285714285
36,1409.295321637427
37,1394.7094594594594
38,1309.3713450292398
39,1479.7297830374753
40,1068.1329545454546
41,1050.6110397946084
42,519.4953161592506
43,1117.280437756498
44,1088.5980113636363
45,1098.411851851852
46,874.7458193979933
47,816.581560283688
48,1478.6650641025642
49,573.3072562358277
50,1110.7230769230769
51,2275.968954248366
52,1744.9807692307693
53,788.6878216123499
54,2158.692901234568
55,760.9454545454546
56,80.42857142857143
57,1125.9473684210527
58,976.4827586206897
59,683.3474576271186
60,854.7
61,1299.438524590164
62,1476.5967741935483
63,241.44631185807657
64,2139.9665178571427
65,1315.498076923077
66,920.3497474747475
67,414.92910447761193
68,2060.291176470588
69,2.033816425120773
70,1635.0523809523809
71,1290.0338028169015
72,1029.6574074074074
73,1218.7986301369863
74,1359.484555984556
76,1051.0862573099416
77,1239.9072356215213
78,1256.098901098901
79,1407.9831223628692
80,1247.54
81,1.3518518518518519
82,15.417682926829269
83,721.1024096385543
84,16.25
85,1364.4441176470589
86,1850.34496124031
87,2559.7183908045977
88,1479.2792207792209
89,1666.059925093633
90,1038.7488888888888
91,2444.186813186813
92,1483.567391304348
93,2391.6451612903224
94,2378.9574468085107
95,628.9105263157895
96,6.854166666666667
97,1486.4206185567011
98,2279.081632653061
99,748.9191919191919
100,2224.94
101,2202.841584158416
102,401.9341736694678
103,922.0990291262136
104,2143.3365384615386
105,635.2979591836735
106,73.68867924528301
107,0.0
108,75.89351851851852
109,296.5550458715596
110,1011.6590909090909
111,2003.972972972973
112,1328.1220238095239
113,1968.58407079646
114,732.046783625731
115,0.0
117,1465.551282051282
118,1885.1525423728813
119,1869.3193277310925
120,1242.8333333333333
121,1840.0247933884298
123,1206.7073170731708
124,644.6559139784946
125,1780.54
126,903.218253968254
128,73.640625
129,955.4496124031008
130,4.276923076923077
131,1699.3969465648854
132,0.0
133,1707.3684210526317
135,189.59259259259258
136,1092.6666666666667
138,1075.5869565217392
141,1577.886524822695
142,1567.137323943662
143,1557.3356643356644
144,1545.4375
146,262.027397260274
147,1516.1292517006802
149,2.2885906040268456
150,744.86
151,1473.3841059602648
153,1454.137254901961
4122,58.67345948568656
158,1416.748417721519
159,1423.0880503144654
160,828.928125
161,921.7329192546584
164,1356.6707317073171
165,1348.5333333333333
166,1340.3373493975903
167,1615.2694610778442
169,8.85207100591716
170,1308.8470588235293
171,1301.654970760234
173,1286.1445086705203
175,1271.537142857143
176,1264.3522727272727
177,1258.265536723164
178,1250.9719101123596
181,0.0
182,1.0
183,1215.9180327868853
184,1209.3152173913043
185,1202.7837837837837
186,177.56451612903226
187,232.41176470588235
188,956.6095744680852
191,1169.4450261780105
192,623.3776041666666
195,224.91794871794872
197,1237.017766497462
200,83.175
202,74.58910891089108
203,1096.2216748768474
204,758.4133986928105
206,16.62621359223301
207,635.6256038647343
208,135.06730769230768
209,64.37320574162679
210,1059.7142857142858
211,1138.504739336493
212,1050.122641509434
213,565.2981220657277
217,55.56221198156682
219,1.6210045662100456
221,44.29864253393665
223,998.1165919282511
224,994.1741071428571
2273,0.0
227,15.185022026431717
228,99.03728070175438
231,40.98701298701299
235,1017.8170212765957
236,18.22457627118644
239,184.1171548117155
240,928.6208333333333
242,926.3884297520661
243,916.0288065843621
247,122.22267206477733
249,155.3574297188755
250,0.0
254,879.7736220472441
255,190.86274509803923
256,874.53125
257,866.5019455252918
260,6.1923076923076925
261,859.1570881226054
262,851.0458015267176
267,834.2359550561798
270,824.4444444444445
271,113.12915129151291
272,440.9834558823529
273,98.52380952380952
274,812.4233576642335
277,803.9458483754513
280,805.4357142857143
282,138.0709219858156
284,157.67957746478874
286,415.93356643356645
287,93.37630662020906
290,2.975862068965517
295,754.6610169491526
306,0.0
307,725.21335504886
308,722.8506493506494
319,697.9592476489029
322,691.4751552795032
323,689.3777089783282
324,714.4382716049382
334,673.1437125748503
338,1.8284023668639053
342,651.0964912280701
343,690.536443148688
347,643.3919308357349
353,125.3257790368272
362,639.8756906077348
363,73.4297520661157
367,627.4455040871935
373,90.14209115281501
375,38.72933333333334
378,594.0661375661375
380,593.3105263157895
385,308.15714285714284
390,583.3675213675214
397,104.12846347607054
408,545.9485294117648
412,317.57766990291265
420,38.50476190476191
4521,50.22251714222517
432,516.0787037037037
433,515.3764434180139
438,508.60730593607303
447,498.48322147651004
449,0.0
459,518.7690631808279
467,477.0813704496788
472,472.9491525423729
473,471.2684989429176
482,491.7655601659751
483,94.16356107660455
484,460.4070247933884
492,532.530487804878
496,458.1875
497,448.3440643863179
501,444.812375249501
513,89.00194931773879
518,430.24710424710423
2137,105.66682264857276
4186,54.1134734830387
546,408.4267399267399
549,0.04553734061930783
551,249.17876588021778
563,60.64120781527531
4190,1.0090692124105012
2614,91.8416220351951
8765,26.402624073017684
585,406.83931623931625
8789,31.572420070542723
613,79.81239804241436
614,0.0
2668,89.64730134932533
2669,84.30947920569501
626,380.22364217252397
630,353.9634920634921
638,349.47962382445144
645,74.34263565891473
652,28.886503067484664
655,28.300763358778624
665,0.0
673,331.3566121842496
2722,108.67964731814843
676,329.8905325443787
677,67.76957163958642
691,322.80607814761214
697,320.3084648493544
700,318.6142857142857
2166,3.329639889196676
712,72.1432584269663
713,45.44319775596073
15061,19.684549498705266
735,303.48979591836735
742,300.9258760107817
775,288.37290322580645
781,287.8066581306018
798,0.0
854,261.57728337236534
4951,48.94809129468794
863,52.96987253765933
880,56.49090909090909
8342,27.67957324382642
909,246.32068206820682
911,0.0
924,260.4978354978355
927,240.83926645091694
945,236.26984126984127
969,0.0
1013,222.90029615004937
5129,44.363813608890624
1080,1.0074074074074073
13377,17.811093668236527
1099,203.87625113739765
1102,204.9083484573503
1118,27.158318425760285
222330,2.128696082400036
3219,88.0910220565393
1175,13.389787234042553
1187,188.6217354675653
541,415.3068391866913
3273,69.27467155514819
1249,179.27221777421937
1294,0.019319938176197836
1333,16.97299324831208
1355,44.608856088560884
1357,165.274134119381
1381,42.14844315713251
1383,39.74909616775127
573,25.80628272251309
1415,158.1696113074205
1419,157.68076109936575
1429,39.21413575927222
1502,149.0226364846871
5599,40.72852295052688
597,388.5963149078727
3592,18.26642538975501
1551,144.57833655705997
1602,141.33832709113608
1604,139.8721945137157
1665,135.0036036036036
1672,133.98026315789474
620,359.60967741935485
1686,133.04507710557533
1697,137.23040659988214
1701,131.7113462669018
1710,34.21111111111111
24254,3.7684505648552817
1755,2.2341880341880342
1804,77.67488913525499
1806,124.35049833887044
1870,127.3524064171123
14181,20.86347930329314
1901,34.75118358758548
1915,33.40208877284595
1916,118.71972860125261
1943,115.42614513638703
12229,19.190694251369695
