1,273.3413345584013
2,1726.3184836745988
3,1032.132830488289
4,700.2994364754098
5,490.3392531120332
6,388.6473788328388
7,384.09535895576505
8,410.97462686567167
9,324.1111111111111
10,236.312
11,345.3344155844156
12,185.20251937984497
13,232.9757085020243
14,200.3692022263451
15,104.40046948356807
16,214.14093137254903
17,316.34717416378317
18,218.00712250712252
19,269.0660474716202
20,323.23804347826086
21,181.86785714285713
22,205.21022727272728
23,276.85869565217394
24,263.37310606060606
25,260.63666666666666
26,276.4157509157509
27,172.46393762183237
28,196.5612244897959
29,113.64285714285714
30,85.11666666666666
31,251.4516129032258
32,106.60625
33,121.92727272727272
34,318.74117647058824
35,94.64489795918368
36,263.05555555555554
37,81.62548262548262
38,238.53618421052633
39,16.794871794871796
40,228.35
41,35.81707317073171
42,269.25396825396825
43,2.697674418604651
44,113.09943181818181
45,177.3037037037037
46,131.09782608695653
47,3.978723404255319
48,138.73333333333332
49,77.53061224489795
50,72.44666666666667
51,114.31372549019608
52,172.0423076923077
53,167.22641509433961
54,212.8148148148148
55,138.15151515151516
56,126.49642857142857
57,75.78362573099415
58,5.620689655172414
59,130.7909604519774
60,0.0
61,206.25
62,231.1290322580645
63,276.57936507936506
64,1.0
65,1.6923076923076923
66,110.2030303030303
68,198.61764705882354
69,1.0942028985507246
70,161.02857142857144
71,37.53521126760563
72,178.00347222222223
74,1.0810810810810811
75,0.02666666666666667
76,0.0
78,9.256410256410257
79,150.2405063291139
80,141.1625
81,244.54320987654322
82,233.15582655826557
86,301.8720930232558
87,145.27586206896552
88,9.920454545454545
89,2.157303370786517
90,18.866666666666667
91,189.43589743589743
92,1.1304347826086956
95,142.8421052631579
96,125.94270833333333
97,107.02061855670104
100,144.58
104,263.9230769230769
105,65.21428571428571
1642,18.87576126674787
111,63.009009009009006
113,224.98230088495575
114,53.9078947368421
115,119.98260869565217
116,115.92241379310344
119,119.96638655462185
121,51.96280991735537
122,1.860655737704918
635,4.316535433070866
127,113.03149606299213
128,18.921875
129,2.4728682170542635
643,45.10575427682737
134,93.44029850746269
137,185.12408759124088
141,181.48936170212767
142,181.42957746478874
143,94.76223776223776
145,71.82758620689656
146,176.26712328767124
149,77.18120805369128
155,147.1225806451613
161,149.29192546583852
162,70.59876543209876
539,3.9740259740259742
167,83.23353293413173
10268,3.3642384105960264
172,151.0174418604651
175,83.66857142857143
1202,2.945091514143095
181,3.8066298342541436
187,11.342245989304812
199,123.31155778894473
211,113.88625592417061
214,61.98442367601246
215,58.31627906976744
219,0.0
220,78.80909090909091
222,77.27927927927928
225,76.76
226,75.80088495575221
228,77.7280701754386
229,75.49781659388647
230,75.16521739130435
231,74.5930735930736
232,127.00862068965517
236,74.19491525423729
243,93.00411522633745
639,28.492957746478872
255,100.68627450980392
256,86.375
257,46.51750972762646
274,56.02189781021898
793,34.46910466582598
293,42.907849829351534
294,77.23469387755102
319,36.13166144200627
323,77.0216718266254
869,3.3716915995397008
873,28.99770904925544
1599,18.335209505941215
3966,10.178517397881997
417,3.9016786570743407
932,17.13948497854077
11179,4.295733070936578
1981,14.969712266532055
448,39.113839285714285
456,57.550438596491226
468,35.861111111111114
22498,2.872877589119033
487,1.108829568788501
501,63.07784431137725
681,47.2129221732746
