1,142.77029360967185
2,1050.517604638009
3,761.6490493435944
4,25614.651545082546
5,9050.914065934066
6,12395.261196272919
7,12055.703579418345
8,4822.321308724832
9,3445.8983693591204
10,3921.4225531914894
11,4937.535130484657
12,3301.1488095238096
13,1843.9569661108123
14,2840.8836163836163
15,3285.507450980392
16,2124.996212121212
17,1386.0109803921569
18,1892.840522875817
19,1498.7945205479452
20,1341.9786585365853
21,2220.190476190476
22,1545.4257575757576
23,1934.8993558776167
24,1071.289262820513
25,927.9444897959183
26,1207.1742543171115
27,896.8678451178451
28,579.4153325123152
29,810.1913236929922
30,1156.5866666666666
31,550.9879032258065
32,1154.4314516129032
33,2536.868686868687
34,710.4808184143222
35,1722.3467532467532
36,754.6125
37,374.34719334719335
38,1621.9904306220096
39,461.34432234432234
40,773.9359375
41,1598.4512195121952
42,632.3015873015873
43,1349.6553911205074
44,623.7045454545455
45,1162.0246913580247
46,734.0152173913043
47,917.6750483558994
48,1257.0755208333333
1544,22.792746113989637
50,375.68444444444447
51,1532.450980392157
52,1372.9505494505495
53,1016.9905660377359
54,655.925925925926
55,819.5116883116883
56,22.482142857142858
57,1951.3245614035088
58,1361.028735632184
59,921.3069679849341
60,81.89444444444445
61,388.26697892271665
62,555.1161290322581
63,1062.047619047619
64,1231.0546875
65,554.2
66,1357.1742424242425
67,1763.8059701492537
68,127.83823529411765
69,1546.7149758454107
70,896.4685714285714
71,740.8853118712274
72,1086.25
73,1076.3607305936073
74,0.7635135135135135
75,74.36
76,778.1228070175439
77,0.7186147186147186
78,1009.7435897435897
79,7.8734177215189876
80,533.453125
81,653.8600823045267
82,956.2317073170732
83,943.656626506024
84,0.0
87,906.3390804597701
88,1817.685606060606
89,104.15730337078652
91,436.5192307692308
92,1275.671195652174
93,455.60483870967744
606,276.47194719471946
95,829.6368421052632
97,54.891752577319586
98,812.8801020408164
99,1581.621212121212
100,840.495
101,201.48019801980197
102,88.18627450980392
103,87.3495145631068
104,2.8173076923076925
105,13.980952380952381
106,0.0
107,99.96261682242991
108,966.074074074074
109,73.3914373088685
110,81.78181818181818
111,1420.2747747747749
112,791.1875
1138,0.0
1555,134.30289389067525
117,1338.871794871795
118,1324.9830508474577
20087,11.807537213122915
120,176.50833333333333
123,1271.1626016260163
127,126.74803149606299
128,0.0
1153,136.50390286209887
130,160.63846153846154
131,486.7175572519084
132,69.01515151515152
133,95.59398496240601
134,1166.8805970149253
136,770.9436274509804
137,1141.3430656934306
140,1121.0428571428572
2703,58.795782463928965
144,0.8055555555555556
2193,72.25034199726402
195,802.2923076923076
1172,134.3080204778157
150,1138.3333333333333
664,236.27409638554218
154,1022.4025974025974
2203,72.39809350885156
157,996.0445859872611
158,989.746835443038
3231,49.57010213556175
162,0.0
677,232.27621861152141
166,942.3012048192771
167,939.9640718562874
680,14.045588235294117
170,1.5470588235294118
172,84.70930232558139
173,81.3757225433526
174,516.3908045977012
175,83.85142857142857
177,0.0
691,41.27351664254704
181,67.61325966850829
8886,5.018681071348188
457,344.62363238512035
184,433.04347826086956
543,15.976058931860036
189,116.34391534391534
190,110.97894736842105
191,102.56544502617801
192,814.65625
544,82.77389705882354
707,221.96463932107497
197,847.0431472081218
545,33.87155963302752
119,89.52100840336135
1058,76.2953686200378
210,744.9666666666667
211,741.388625592417
5844,32.790554414784395
213,783.943661971831
215,119.86511627906977
217,168.94009216589862
1242,126.79307568438003
221,52.53393665158371
222,0.0
263,57.760456273764255
226,692.5442477876106
1252,48.48562300319489
294,269.1938775510204
237,1.59915611814346
239,27.225941422594143
241,649.2240663900415
243,644.1111111111111
245,1.6938775510204083
1048,151.0209923664122
251,86.13545816733068
764,205.48429319371726
254,660.0157480314961
257,71.70817120622569
129,647.4612403100775
267,312.74531835205994
94,111.83510638297872
1296,122.01003086419753
277,565.4151624548737
1816,10.080396475770925
2180,72.66192660550459
282,87.98581560283688
286,5.5
289,541.6816608996539
292,1.0102739726027397
10534,21.481678374786405
49,734.3696145124717
296,528.777027027027
306,58.77124183006536
3550,45.083661971830985
311,503.36977491961414
313,0.0
314,499.4267515923567
316,495.373417721519
319,0.0
1859,0.020441097364174286
328,33.82469512195122
567,170.31305114638448
332,503.27710843373495
335,475.4776119402985
850,184.7905882352941
343,260.5481049562682
143,588.3776223776224
348,178.3831417624521
571,0.017513134851138354
114,1372.0701754385964
360,434.95
873,181.02061855670104
1387,38.46647440519106
371,59.40431266846361
372,111.86290322580645
156222,2.064504359181165
148,0.0
2679,61.253079507278834
379,52.300791556728235
384,0.0078125
115,719.0043478260869
905,22.740331491712706
548,52.48357664233577
399,406.2781954887218
152,214.83552631578948
627,1.0191387559808613
20373,8.730574780346537
407,66.08353808353809
2315,17.304535637149026
542,289.23247232472323
414,399.8743961352657
1441,109.41221374045801
155,18.625806451612902
2118,74.90132200188857
423,370.3191489361702
583,19.00343053173242
943,166.73170731707316
1456,108.30494505494505
434,0.0
3827,18.184740005226026
1463,16.15652768284347
159,5.327044025157233
1473,107.34283774609641
963,163.22429906542055
452,370.60840707964604
454,1.3325991189427313
5196,31.58910700538876
1379,118.52574329224075
589,268.55178268251274
465,340.2043010752688
19410,9.211231324059764
467,354.7237687366167
203,3.3497536945812807
2526,63.66429136975455
421,103.3040380047506
1504,105.18683510638297
592,77.10472972972973
995,21.645226130653267
1002,168.10778443113773
1003,167.86340977068792
500,314.534
501,171.36526946107784
502,312.2231075697211
