1,90.90390284992279
2,946.7943279543917
3,549.6777025530703
4,13360.411980867942
5,4767.597266035752
6,2167.6918604651164
7,7402.755944931164
8,3272.9573232323232
9,3089.080999698886
10,3773.1993920972645
11,2520.3388751326493
12,2085.042410714286
13,2161.6209935897436
14,2527.6506493506495
15,2777.974011299435
16,1431.099366359447
17,2062.4085561497327
18,1787.3074807480748
19,1353.7423822714682
20,2675.7838028169012
21,1105.2396480331263
22,1557.840909090909
23,1551.897233201581
24,1265.5520833333333
25,1283.7370491803279
26,1447.5684615384616
27,1171.7575122292103
28,838.2558309037901
29,642.5098522167488
30,849.5382978723404
31,1988.446833930705
32,1670.5951704545455
33,915.6865203761755
34,635.4891640866873
35,1121.369642857143
36,1597.3636363636363
37,1480.0
38,1052.6961722488038
39,1539.964325529543
40,1616.3640625
41,855.3499469777306
42,598.7032967032967
43,1697.1668946648426
44,11.983766233766234
45,376.92367149758456
46,205.41115311909263
47,917.2062193126023
48,778.9888888888889
49,1184.9319727891157
50,1382.9373333333333
51,730.2980392156862
52,464.03846153846155
53,764.7634252539913
54,850.8356481481482
55,234.21283422459894
56,938.7596153846154
57,965.0156971375808
58,0.3922413793103448
59,422.6392251815981
60,644.765
61,365.2899590163934
62,911.1552419354839
63,585.9079365079365
64,664.658203125
65,508.86013986013984
66,988.0953654188949
67,1305.8731343283582
68,1282.2083333333333
69,1117.4037267080746
70,744.0328571428571
71,442.03286384976525
72,630.7951388888889
73,975.186301369863
74,627.0962837837837
75,406.9866666666667
76,1138.8092105263158
77,673.788961038961
78,1089.4935897435898
79,872.4151898734177
80,1062.0875
81,652.968253968254
82,2096.7479674796746
83,687.8995983935743
84,231.15079365079364
1621,130.07896360271437
86,402.3837209302326
1111,153.92079207920793
88,1085.877840909091
89,1362.5505617977528
90,510.7583333333333
91,989.2619047619048
92,196.8695652173913
93,1443.8951612903227
94,630.1808510638298
1631,23.30472103004292
96,35.325520833333336
97,20.695876288659793
98,712.5816326530612
99,858.3686868686868
100,1699.61
101,102.43894389438944
102,35.28921568627451
103,896.9805825242719
104,32.18269230769231
105,327.1333333333333
106,0.0
107,1.6728971962616823
108,0.0
621,84.89855072463769
110,8.206060606060607
111,1020.7177177177177
112,4.276785714285714
616,276.82954545454544
114,764.8640350877193
1555,120.27524115755627
628,271.46815286624206
117,99.23076923076923
118,0.0
119,767.8739495798319
120,708.2375
121,57.35537190082645
122,766.3258196721312
191,281.0680628272251
124,922.1129032258065
125,158.828
126,733.2698412698413
1045,166.09856459330143
129,660.3333333333334
130,227.8230769230769
131,1297.6030534351146
132,1314.659090909091
133,0.011278195488721804
134,762.7119402985074
135,1259.962962962963
136,682.1029411764706
650,30.341538461538462
874,46.18878718535469
142,105.45774647887323
109,1.3394495412844036
144,144.04861111111111
146,1164.7808219178082
147,1156.6462585034014
149,1238.03355704698
150,575.3566666666667
537,61.05027932960894
153,1111.2058823529412
2202,78.40463215258856
155,596.1129032258065
156,1096.1089743589744
282,37.152482269503544
2718,11.186902133922002
161,169.7639751552795
163,7.690184049079755
164,1041.9878048780488
165,1030.8393939393939
678,252.41592920353983
625,274.136
2648,11.375377643504532
444,383.6238738738739
170,505.5235294117647
171,999.0730994152046
1757,98.43255549231645
1394,133.15925394548063
686,249.91107871720118
2223,77.41115609536662
177,960.6666666666666
178,1.3651685393258426
115,570.4840579710145
180,946.4
181,15.629834254143647
182,0.0
116,0.0
187,455.8475935828877
701,1.4736091298145506
15989,11.852085808993683
3075,56.237073170731705
1729,99.40138808559861
706,242.27337110481585
195,182.55897435897435
198,858.8484848484849
199,2.321608040201005
1224,140.32679738562092
201,116.636815920398
714,241.8844537815126
716,45.95949720670391
205,205.09756097560975
1443,119.32571032571033
207,821.8937198067633
721,0.0
210,817.452380952381
214,794.8878504672897
215,562.4263565891473
174,0.0
222,52.763513513513516
223,47.35201793721973
226,0.7101769911504425
227,103.92070484581498
228,95.71929824561404
743,246.9179004037685
233,730.1931330472103
2241,0.0
235,0.5829787234042553
236,720.771186440678
239,0.5062761506276151
2288,21.326923076923077
12840,19.762149532710282
242,171.49586776859505
169854,2.163552227206895
189,457.27777777777777
247,2.7732793522267207
249,687.9317269076305
251,61.50597609561753
764,0.0
253,682.3794466403162
258,149.57364341085272
555,307.73873873873873
260,153.98076923076923
641,265.9828393135725
704,243.5653409090909
782,218.40281329923275
1807,1.0016602102933039
785,1.0
7039,25.130416252308567
277,89.38628158844766
2326,74.72312983662941
1668,106.42985611510791
794,52.0264483627204
606,282.1287128712871
285,614.4701754385965
286,1.0944055944055944
799,66.83729662077597
288,590.8836805555555
560,351.675
290,586.7034482758621
87,122.37164750957854
292,31.904109589041095
85,1.0470588235294118
294,578.734693877551
2345,20.14584221748401
95,71.50526315789473
3885,44.74594594594595
221,123.75867269984917
304,561.8684210526316
273,682.7545787545788
1331,23.977460555972954
820,211.7439024390244
1335,130.95430711610487
824,69.5873786407767
314,1.910828025477707
138,30.54830917874396
318,0.0
831,122.87364620938628
1284,133.3348909657321
1391,123.25017972681525
837,203.93189964157705
326,523.4478527607362
113,0.0
22345,4.4044305213694335
330,349.7939393939394
331,1.8247734138972809
6370,32.44505494505494
335,47.21791044776119
345,67.52463768115942
495,345.5656565656566
143,0.0
1887,1.0582935877053523
352,48.48863636363637
355,480.18591549295775
356,239.15308988764045
1386,124.23881673881674
231,745.8831168831168
367,48.9700272479564
368,0.0
370,460.6783783783784
1395,124.6573476702509
372,45.255376344086024
574,298.57491289198606
524,326.9312977099237
2427,71.37824474660074
382,445.64921465968587
383,444.6553524804178
386,442.52331606217615
662,258.012084592145
390,1.0692307692307692
322,528.5
1422,120.95710267229255
2448,70.39583333333333
1343,127.51451973194341
627,271.9425837320574
408,419.6936274509804
1434,119.46443514644352
514,331.46108949416345
154,1103.948051948052
415,57.86746987951807
1077,212.70194986072423
931,218.29001074113856
1480,116.35675675675675
422,403.49763033175356
2111,81.5106584557082
427,398.824355971897
2988,57.90863453815261
5223,34.266896419682176
563,304.24333925399645
1457,117.57789979409746
438,80.20091324200914
442,62.542986425339365
509,9.878192534381139
3004,57.54260985352863
2214,77.82249322493224
962,178.08004158004158
5999,1.0100016669444907
2504,69.36581469648563
454,410.6806167400881
968,0.0
7626,23.285208497246263
973,176.31140801644398
464,367.9698275862069
979,176.1532175689479
2317,74.30772550712128
469,363.181236673774
471,66.95116772823779
420,90.4047619047619
5199,10.559530678976726
476,357.83613445378154
592,288.52027027027026
485,351.4762886597938
489,351.25562372188136
167,38.40119760479042
954,179.56289308176102
496,101.43346774193549
1192,26.406040268456376
204,847.406862745098
1525,119.9960655737705
528,325.3181818181818
1961,88.09077001529832
596,48.875838926174495
634,278.3706624605678
1091,160.14573785517874
3581,70.10611561016476
510,334.4137254901961
597,287.22948073701843
