1,217.44898109864147
2,1295.6420388246527
3,1048.9466777111859
4,9086.653008806263
5,2799.0312916919347
6,1680.9815476190477
7,3776.471281296024
8,2320.9206989247314
9,1235.611111111111
10,1258.7254838709678
11,1897.0017283097131
12,1383.766355140187
13,978.4281092739037
14,1190.4497226074895
15,930.1370786516854
16,1019.7852209944751
17,927.9279498781762
18,610.3760683760684
19,859.6985320443968
20,1008.2617857142857
21,715.5590694292985
22,1021.5237892948173
23,760.4832914121451
24,777.71699669967
25,826.603137254902
26,659.1223776223776
27,671.7017283950618
28,1148.4978741496598
29,956.0219890054973
30,808.3976525821596
31,607.4516129032259
32,592.6921875
33,447.3135435992579
34,717.8223039215686
35,846.4654377880184
36,687.2020202020202
37,703.1628551628552
38,613.7184210526316
39,422.9186991869919
40,681.206
41,517.6702565726956
42,505.3805581835383
43,588.4274258219727
44,337.4504132231405
45,476.67301587301586
46,493.625
47,0.5425531914893617
48,787.514880952381
49,955.7576530612245
50,65.56428571428572
51,547.703081232493
52,997.5176282051282
53,541.8540218470705
54,869.2083333333334
55,779.8747474747474
56,487.2757936507937
57,212.78812415654522
58,0.09717868338557993
59,1395.225988700565
60,309.01428571428573
61,688.6666666666666
62,44.11290322580645
575,216.29739130434783
64,263.134375
65,393.39076923076925
66,206.25151515151515
67,327.11442786069654
68,23.143382352941178
69,235.3641304347826
1094,113.83638025594149
71,528.3581488933602
72,447.7204861111111
73,389.5422374429224
74,526.277027027027
75,0.212
76,629.4055023923445
77,497.9909090909091
78,214.1875
79,339.63291139240505
80,1064.6333333333334
81,39.980246913580245
82,327.80731707317074
83,475.3975903614458
84,587.1
85,580.7035294117647
86,355.8139534883721
87,425.27422003284073
88,502.0359848484849
89,532.8932584269663
90,613.3377777777778
91,448.7692307692308
92,886.981884057971
93,379.8037634408602
94,654.0585106382979
95,1.4105263157894736
96,545.59375
98,664.0229591836735
99,204.27272727272728
100,109.75333333333333
101,510.8910891089109
102,600.2254901960785
3687,35.99755899104964
104,0.0
617,258.25283630470017
106,1154.0943396226414
107,629.5747663551402
108,586.4537037037037
109,567.0
2670,0.007116104868913857
111,143.22972972972974
112,372.69642857142856
113,1087.3274336283187
114,1081.7631578947369
115,109.93913043478261
116,199.98275862068965
117,0.0
118,352.7118644067797
119,595.5126050420168
120,128.99583333333334
532,250.656015037594
122,98.67213114754098
123,720.6260162601626
124,114.43817204301075
125,33.91466666666667
126,987.7460317460317
127,969.1102362204724
1027,120.11197663096397
129,633.405684754522
130,628.0435897435898
131,148.32442748091603
132,2.215909090909091
133,461.3646616541353
134,178.92910447761193
135,906.3666666666667
103,0.0
649,32.46687211093991
139,0.0
140,1.1285714285714286
141,0.0
142,113.21830985915493
143,364.36130536130537
145,548.3586206896551
146,4.2465753424657535
147,0.0
5780,22.14567474048443
110,781.8636363636364
150,816.5633333333334
151,815.5264900662252
153,0.0
155,794.2709677419355
156,344.6688034188034
157,0.0
158,848.882911392405
159,462.7169811320755
160,833.0
161,37.975155279503106
162,394.6358024691358
1659,75.06811332127788
4097,13.869172565291677
165,373.7121212121212
169,565.9546351084813
170,720.3970588235294
172,355.77906976744185
2221,56.59657811796488
178,688.0337078651686
179,0.0
180,120.45925925925926
181,676.2265193370166
182,679.5439560439561
183,142.66666666666666
184,665.8605072463768
186,658.0752688172043
543,226.08839779005524
188,1.0691489361702127
533,0.0
190,358.36315789473684
191,320.9816753926702
194,633.6778350515464
1227,28.007334963325185
197,17.502538071065988
199,669.929648241206
201,625.2288557213931
202,195.44554455445544
203,404.8448275862069
205,597.1756097560975
206,660.0533980582525
207,79.6328502415459
376,326.4760638297872
210,203.95238095238096
211,340.63270142180096
212,104.43867924528301
718,177.8899721448468
214,148.59345794392524
215,569.446511627907
218,656.4174311926605
220,61.96818181818182
221,557.6968325791855
222,348.01801801801804
223,553.6322869955156
225,55.111111111111114
227,70.11453744493392
230,117.1608695652174
744,12.813172043010752
235,31.591489361702127
237,530.3966244725739
240,510.8333333333333
241,220.9875518672199
755,162.88079470198676
245,500.6938775510204
246,345.2447154471545
249,491.83534136546183
250,307.1
252,50.04365079365079
253,0.0
254,82.11417322834646
213,574.7840375586854
2254,56.67746228926353
1152,107.37413194444444
554,227.70216606498195
260,475.86538461538464
513,240.14814814814815
774,80.5891472868217
264,42.458333333333336
265,465.03018867924527
267,458.9438202247191
1816,68.29955947136564
2144,58.011660447761194
272,450.3529411764706
273,449.43223443223445
121,557.2727272727273
279,439.0537634408602
792,155.87121212121212
282,100.07446808510639
283,216.75088339222614
2846,48.13773717498243
645,190.82635658914728
1072,38.30876865671642
290,39.92413793103448
291,425.73539518900344
1485,83.3003367003367
293,209.05972696245735
296,1.8817567567567568
4647,29.912201420271142
811,64.27373612823675
812,28.257389162561577
70,0.1489795918367347
305,401.9737704918033
1330,93.24285714285715
308,36.52597402597402
309,396.80582524271847
137,893.1751824817518
820,161.57439024390243
314,390.22452229299364
316,39.9873417721519
1077,114.47818012999072
522,235.1302681992337
835,160.50898203592814
324,22.141975308641975
326,2.187116564417178
330,139.94848484848484
1079,115.68118628359592
287,429.6550522648084
333,134.65365365365366
684,179.6783625730994
568,218.2394366197183
338,362.6360946745562
534,250.5243445692884
341,75.91788856304986
343,357.3381924198251
2392,22.11454849498328
1881,66.02392344497608
442,46.15384615384615
349,0.0
350,0.0
25952,3.2638332305795315
5474,24.163682864450127
3251,15.241771762534604
1382,36.24095513748191
1169,108.33105218135158
122216,2.239240361327486
361,339.5484764542936
364,35.61813186813187
2926,24.818181818181817
367,334.0136239782016
232,528.948275862069
370,21.767567567567568
592,208.04222972972974
63,425.77480158730157
10901,17.072286946151728
384,93.06510416666667
149,912.3557046979865
387,29.25581395348837
900,136.94444444444446
439,279.51025056947606
848,0.0
577,56.43847487001733
393,311.9872773536896
3394,40.32292280494991
910,135.310989010989
401,80.82294264339153
921,133.69923995656896
7174,23.396431558405354
525,233.79238095238094
410,39.239024390243905
418,293.38277511961724
420,58.81666666666667
582,211.0704467353952
412,297.7378640776699
426,287.8920187793427
431,5.4570765661252905
432,284.27314814814815
12136,14.270517468688201
608,207.1184210526316
1465,92.70784982935153
2490,1.059839357429719
444,276.26126126126127
2494,25.504210104250202
450,272.5911111111111
1099,112.55868971792539
454,72.06607929515418
455,269.6923076923077
1036,118.99710424710425
187,671.9465240641712
459,46.470588235294116
1442,86.41400832177531
463,267.14686825053997
953,129.35781741867785
467,39.01070663811563
478,260.2092050209205
991,7.591321897073663
480,51.50625
344,198.92587209302326
1106,111.69801084990958
545,225.6
502,63.037848605577686
508,62.31299212598425
1022,120.96575342465754
