1,135.98178004195384
2,1309.0246240751055
3,1398.1678466194685
4,25217.11964326419
5,5800.819534184823
6,2586.3895921237695
7,9499.35743559719
8,4079.3576751117735
9,2841.2524850894633
10,3174.9840148698886
11,2959.8341684562156
12,2888.3344356261023
13,2384.1868852459015
14,2038.2655337227827
15,2449.8856760374833
16,1636.8270177165355
17,1691.5317765297073
18,1706.3430976430977
19,1912.5602018745494
20,1480.4185314685315
21,1923.7067421027816
22,1462.5748251748253
23,2214.8283514492755
24,1873.5547752808989
25,1783.8374603174602
26,1206.7405594405595
27,1183.554732510288
28,1475.2632890365448
29,1888.6653605015674
30,1826.0362962962963
31,1717.0999213217938
32,1182.625
33,1525.3973829201102
34,1281.5007002801121
35,1941.536
36,1916.6944444444443
37,1097.1048648648648
38,800.7589473684211
39,1104.5128205128206
40,1288.0842592592592
41,765.8713968957871
42,460.9958271968581
43,1396.7732558139535
44,2364.9178321678323
45,957.643137254902
46,1217.4764492753623
47,943.8950354609929
48,2301.956597222222
49,391.3862973760933
50,1327.0164705882353
51,1708.7511312217196
52,1672.3344017094016
53,949.2243186582809
54,1374.0061728395062
55,533.9454545454546
56,1453.4464285714287
57,694.5964912280701
58,1065.7025862068965
59,2079.9435028248586
60,1808.5583333333334
61,260.0163934426229
62,2187.9737903225805
63,30.074074074074073
64,549.46875
65,759.2957264957265
66,972.9155844155844
67,624.7055630936228
68,708.0401960784313
69,1828.3064182194616
70,1180.1935064935064
71,1529.1848591549297
72,1506.1875
73,1245.2753424657535
74,1798.1324324324323
75,1011.3466666666667
76,876.7744360902255
77,980.3290043290043
78,1115.6025641025642
79,1099.8886075949367
80,777.8267857142857
81,1784.5761316872429
82,2644.628048780488
83,871.9397590361446
84,861.0436507936508
85,1323.070588235294
86,1644.625581395349
87,2504.229885057471
88,36.708333333333336
89,1218.1573033707866
90,1079.247619047619
91,956.6747252747252
92,1436.595652173913
93,2331.5913978494623
96,1211.71875
97,2246.0592783505153
98,2212.6632653061224
99,1095.1616161616162
100,2236.705
101,1610.2648514851485
102,145.68627450980392
103,156.73139158576052
104,1763.178846153846
105,1448.4190476190477
106,871.0018867924529
107,2029.785046728972
108,834.6944444444445
109,758.1406727828746
110,173.23636363636365
112,1936.205357142857
113,1919.3274336283187
114,1943.6359649122808
117,1853.5042735042734
118,104.95338983050847
119,134.6890756302521
120,1807.225
121,904.3884297520661
123,656.2168021680217
124,1430.1306451612904
125,1807.704
126,1721.1825396825398
128,1694.5625
130,926.0653846153846
131,1105.3842239185751
132,822.689393939394
134,1734.0914179104477
135,804.7148148148148
137,625.4282238442822
138,1571.7282608695652
139,0.0
140,1549.1642857142858
141,1544.7659574468084
143,131.12937062937064
144,1506.5416666666667
146,257.13013698630135
147,2.877551020408163
148,2.9527027027027026
150,1449.1133333333332
152,1530.3092105263158
153,1417.6209150326797
154,1.0844155844155845
155,6.27741935483871
157,1381.6528662420383
159,1364.1635220125786
161,1356.5341614906831
166,1306.6807228915663
167,711.8862275449102
18601,4.274823934197086
170,1275.9823529411765
171,1268.5029239766081
173,154.15028901734104
174,1337.0057471264367
175,1.0
176,107.82954545454545
177,1225.5367231638418
2227,98.32689717108218
180,1205.3111111111111
182,595.9697802197802
185,351.772972972973
186,1185.0860215053763
188,1201.276595744681
189,1189.957671957672
190,1143.6947368421052
191,1135.9214659685863
192,1129.8697916666667
193,1124.3678756476684
194,1201.6288659793815
196,18.193877551020407
197,70.0253807106599
200,654.005
201,575.9203980099503
202,55.68069306930693
203,778.623973727422
204,573.2401960784314
206,33.650485436893206
207,606.7367149758454
209,1038.047846889952
212,76.76415094339623
213,46.5962441314554
216,1006.9629629629629
218,995.5160550458716
219,533.9474885844749
220,986.1954545454546
222,538.1216216216217
227,956.0969162995594
230,961.5989130434782
231,0.0
234,929.6709401709402
236,1.6228813559322033
237,917.0548523206751
238,488.84033613445376
240,904.1833333333333
242,909.00826446281
244,921.483606557377
245,150.97142857142856
246,114.78658536585365
249,42.01204819277108
250,871.136
252,179.36507936507937
254,515.0374015748032
256,443.193359375
257,178.4941634241245
263,418.78326996197717
264,824.25
265,824.4075471698113
267,0.0
268,812.1679104477612
271,800.9815498154982
274,792.0328467153284
275,789.3145454545455
2324,94.26290877796902
279,166.3548387096774
281,772.3683274021353
282,34.45744680851064
283,0.0
284,768.5704225352113
286,536.3403263403263
287,419.7439024390244
289,64.89965397923875
297,30.03030303030303
303,718.1947194719472
304,713.9703947368421
307,707.0651465798046
310,0.0
317,687.5015772870662
319,686.3949843260189
325,95.56
331,74.75528700906344
337,84.79228486646885
340,109.55882352941177
350,621.0542857142857
352,618.5681818181819
356,631.9171348314607
358,0.0
360,606.3638888888889
367,335.76566757493185
371,586.7385444743935
377,73.3395225464191
378,574.3941798941798
381,79.29133858267717
388,560.2087628865979
389,582.6041131105399
4487,49.41742812569645
393,553.1323155216285
401,2.27930174563591
403,539.4727047146401
2456,89.25040716612378
417,521.1678657074341
420,517.0785714285714
423,513.9267139479905
2481,24.389359129383312
438,495.85388127853884
441,22.45124716553288
444,60.28378378378378
453,479.5496688741722
458,0.028384279475982533
472,258.64406779661016
474,460.415611814346
477,455.38784067085953
480,1.61875
10721,21.288592482044585
482,453.6286307053942
484,448.81611570247935
487,446.0574948665298
491,24.86354378818737
502,507.87450199203187
503,463.1292246520875
508,446.25787401574803
513,15.364522417153996
523,433.25621414913957
543,215.1012891344383
550,76.07272727272728
551,394.36297640653356
552,393.65579710144925
572,379.9213286713287
582,373.4106529209622
583,434.3996569468268
607,358.0724876441516
608,361.58223684210526
613,4.228384991843393
626,46.70766773162939
633,368.26698262243286
637,341.414442700157
638,340.72727272727275
641,339.6817472698908
645,69.86356589147287
647,341.60278207109735
655,331.9129770992366
673,323.0549777117385
675,71.30074074074074
676,64.32988165680473
697,312.3170731707317
705,308.4368794326241
707,307.5997171145686
711,306.23628691983123
715,69.04055944055943
8909,31.234594230553373
726,7.6115702479338845
727,299.47455295735904
732,297.1106557377049
734,296.2901907356948
735,295.88843537414965
736,316.82880434782606
750,300.66266666666667
779,299.98459563543
780,278.875641025641
804,277.1592039800995
813,267.5965559655597
824,316.08131067961165
829,60.48612786489747
861,253.39488966318234
862,48.33642691415313
868,250.70506912442397
871,252.65097588978185
874,248.98970251716247
899,242.77530589543937
4998,53.41056422569027
9105,24.81845140032949
927,234.81445523193096
928,235.2198275862069
2995,89.15025041736227
3037,95.61310503786632
992,219.49092741935485
995,218.8321608040201
998,0.0
1009,48.3994053518335
1011,43.44213649851632
169,17.727810650887573
1020,213.49313725490197
1027,220.77604673807207
1058,205.8610586011342
1060,50.8311320754717
1073,203.0102516309413
1074,203.26908752327748
1098,198.39799635701274
1103,197.50317316409792
1111,196.0900090009001
1136,191.8036971830986
1141,0.0052585451358457495
1188,183.746632996633
1191,182.9840470193115
5289,45.10172055208924
9435,30.938102808691045
1260,173.57380952380953
1267,0.0
1272,171.75864779874215
1317,165.60060744115412
1329,1.0270880361173815
1340,162.74850746268658
1357,161.91009579955784
15707,19.29903864519004
1377,158.4480755265069
1395,156.37132616487455
1396,156.53080229226362
1404,21.07977207977208
1416,154.82344632768363
1445,150.99515570934255
1475,37.02576271186441
2298,99.42384682332462
1505,41.032558139534885
1528,142.86125654450262
1533,142.45857795172864
1612,35.54404466501241
1658,33.49276236429433
216743,2.117918456420738
1709,30.839672322995906
3795,1.0063241106719367
1798,0.007230255839822024
1804,28.51330376940133
1900,115.36473684210526
1953,117.39068100358423
10162,24.914583743357607
1972,31.331643002028397
6080,36.65970394736842
1990,109.92060301507537
