1,110.68751038493492
2,1641.544829280275
3,1150.7838933467067
4,28484.325215782985
5,8206.079690522243
6,4632.891726251277
7,11124.157467532468
8,4615.451750448833
9,2608.4638047138046
10,3777.292349726776
11,4804.31520119225
12,2489.085545722714
13,2515.6949786324785
14,7257.429416737109
15,2498.120484848485
16,1140.472049689441
17,1492.5873702422145
18,1612.8990147783252
19,1455.6752181962445
20,1354.8551948051947
21,1497.9106327462491
22,1927.7322495023225
23,1512.4651820431247
24,1031.2401515151514
25,887.0425688073394
26,1100.3145956607495
27,734.5635738831616
28,1058.669387755102
29,1051.7974745021854
30,1091.8949152542373
31,546.0791788856305
32,1448.5305555555556
33,1075.6136363636363
34,1295.131221719457
35,1355.1285714285714
36,926.0410052910053
37,1272.4545454545455
38,831.2415654520918
39,681.6686390532544
40,566.3275
41,715.7768292682927
42,625.4788117081695
43,732.6986046511628
44,1362.9978354978355
45,767.7613526570049
46,585.2948369565217
47,969.4373522458629
48,900.9675925925926
49,614.6054421768707
50,34.7575
51,970.3186274509804
52,1052.1373626373627
53,1111.6052249637155
54,1328.9699074074074
55,66.91666666666667
56,1214.8607142857143
57,411.7134502923977
58,1524.5109717868338
59,465.1864406779661
60,1269.55
61,1161.4634873323398
62,1698.516129032258
63,702.5449735449736
64,829.318359375
65,735.105325443787
66,965.8080808080808
67,734.7546641791045
68,334.03892733564015
69,666.2811594202899
70,644.5603174603175
71,472.60093896713613
72,404.84722222222223
73,775.5292652552927
74,576.918918918919
75,1701.0266666666666
76,24.56798245614035
77,661.275974025974
78,1263.2628205128206
79,521.0987341772152
80,117.54583333333333
81,982.8469135802469
82,584.1829268292682
83,41.83734939759036
84,769.8174603174604
85,63.023529411764706
86,559.2616279069767
87,1392.5862068965516
88,0.0
89,1314.3550561797754
90,1094.3722222222223
91,1450.6849816849817
92,1039.5434782608695
93,1037.3118279569892
94,1022.3085106382979
95,745.4771929824561
96,0.0
97,1971.721649484536
98,1951.795918367347
99,132.85185185185185
100,1029.33
101,1893.6732673267327
102,625.8137254901961
103,209.71844660194174
104,980.3076923076923
105,412.06666666666666
106,1810.3490566037735
107,711.0342679127726
108,2.8425925925925926
109,609.7461773700306
110,1232.8090909090909
112,0.5044642857142857
113,907.2566371681415
114,1681.6491228070176
116,1648.9310344827586
117,818.1025641025641
118,1625.1483050847457
119,863.0378151260504
120,178.525
121,924.103305785124
122,628.5311475409836
123,1555.1463414634147
124,634.1774193548387
125,1565.288
127,1.047244094488189
128,666.0911458333334
130,389.675
132,1449.1818181818182
133,0.0
134,1430.4514925373135
135,553.9234567901235
136,1408.235294117647
137,1396.3284671532847
139,1376.2517985611512
144,1329.8819444444443
146,1310.7671232876712
149,1285.0738255033557
150,1291.88
151,1266.9933774834437
152,0.0
154,1247.344155844156
155,343.53225806451616
158,615.2594936708861
160,434.81041666666664
161,1188.4782608695652
162,1181.0
2212,87.46157323688969
168,1138.857142857143
169,1132.378698224852
171,768.327485380117
176,764.1477272727273
177,1083.3841807909605
180,100.39444444444445
181,1059.9005524861877
182,1051.4395604395604
183,1046.7814207650274
187,50.99197860962567
189,610.1613756613757
191,98.53403141361257
192,1000.359375
193,161.32642487046633
195,981.3076923076923
196,976.3316326530612
2245,86.53407572383074
2247,86.43302180685359
200,59.455
201,1.208955223880597
206,987.8155339805825
2255,85.96984478935698
209,501.4401913875598
211,552.0639810426541
213,898.4647887323944
214,187.79906542056074
216,616.7824074074074
217,1.836405529953917
219,77.9771689497717
223,126.83408071748879
224,0.0
225,40.89555555555555
229,187.25764192139738
233,77.2274678111588
241,133.26141078838174
244,0.0
249,384.355421686747
254,420.23425196850394
258,741.9302325581396
259,739.0694980694981
265,1.0188679245283019
270,509.37283950617285
271,82.54981549815498
274,0.0
276,38.92210144927536
277,692.3971119133574
278,688.6258992805756
279,2.5412186379928317
280,41.121428571428574
2330,108.85922746781115
290,691.7241379310345
291,657.9072164948453
294,44.01360544217687
295,649.1525423728814
296,1.5489864864864864
297,486.42199775533106
299,11.304347826086957
301,659.1827242524917
302,642.4039735099337
303,80.85808580858085
305,651.3901639344263
307,669.6938110749186
2356,22.591680814940577
312,627.8557692307693
315,607.952380952381
317,608.0788643533123
319,600.5862068965517
4419,44.32926001357773
325,589.1846153846154
327,626.5107033639143
329,582.063829787234
343,560.4723032069971
334,135.47005988023952
337,579.759643916914
342,632.6374269005848
4439,44.09168731696328
347,551.956772334294
349,548.7478510028653
352,548.1505681818181
4155,14.853429602888086
357,20.14565826330532
2408,29.573504983388705
361,96.91689750692521
362,54.574585635359114
371,516.2938005390836
373,534.2573726541555
374,512.1229946524064
386,107.93782383419689
388,112.44845360824742
389,492.41388174807196
402,476.59203980099505
404,475.2029702970297
406,58.820197044334975
409,469.5488997555012
414,2.2657004830917873
418,466.3995215311005
422,68.760663507109
423,38.498817966903076
2472,78.54490291262135
428,40.04205607476636
430,1.130232558139535
431,48.225058004640374
433,442.4780600461894
439,437.68337129840546
442,433.49321266968326
2122,24.241753063147975
452,423.92035398230087
454,422.7511013215859
457,448.6017505470459
461,415.6659436008677
465,412.10322580645163
10714,25.31136830315475
2524,76.73692551505546
478,400.9163179916318
501,76.97604790419162
517,73.08510638297872
519,64.38150289017341
523,387.2925430210325
529,362.36105860113423
535,358.30841121495325
536,357.7220149253731
563,340.53818827708704
2616,19.3631498470948
586,52.063139931740615
601,319.1314475873544
604,318.1043046357616
609,314.9835796387521
621,13.22061191626409
642,305.25856697819313
647,307.3183925811437
648,296.0
655,293.2351145038168
656,27.753048780487806
663,289.3363499245852
2409,80.40763802407638
682,281.5205278592375
191160,2.1481690730278302
697,32.97417503586801
698,275.01002865329514
707,271.3903818953324
719,266.8776077885953
722,266.2146814404432
725,0.0
728,3.17032967032967
732,262.3879781420765
743,264.78600269179003
745,257.7959731543624
750,256.3933333333333
753,255.24037184594954
2175,89.14620689655172
2826,68.82625619249824
796,241.6105527638191
841,228.30083234244947
843,227.77580071174378
844,227.4940758293839
861,223.02090592334494
864,15.39236111111111
923,43.34127843986999
928,208.1217672413793
1183,20.661876584953507
965,199.29740932642488
5119,0.004102363742918539
1028,17.301556420233464
1032,189.22093023255815
3081,80.22687439143135
1034,185.94100580270793
7187,32.49172116321135
1049,183.23832221163013
1056,36.660037878787875
13382,18.864071140337767
1105,180.33755656108596
1119,47.194816800714925
1161,165.65288544358313
1165,166.0334763948498
21653,3.6185747933311783
3230,64.32569659442724
197,17.3502538071066
199,482.213567839196
3302,58.89218655360388
1261,9.502775574940523
1284,150.67834890965733
1299,148.1601231716705
1345,143.4468401486989
1403,144.89094796863864
1409,136.69836763662173
1415,136.09681978798588
5526,35.66920014477018
1448,133.01657458563537
1463,132.09295967190704
1477,130.42586323628979
7745,25.752356358941253
1657,116.36994568497285
9856,21.851663961038962
1709,1.0163838502047982
3781,0.0076699285903200215
1822,106.18770581778266
3910,52.662659846547314
1980,26.223737373737375
