68,757.7117647058824
1,147.49386814200093
2,833.9173411400035
3,996.0429275746397
4,13002.745519864751
5,7696.971143882025
6,2021.377269426289
7,4743.631279620853
8,3101.1439393939395
9,1605.1565275682922
10,2202.989421157685
11,2503.889962978198
12,1809.7011421319796
13,1380.50941366326
14,1596.57113462669
15,2016.0214743589743
16,1732.169642857143
17,1792.0376838235295
18,1816.3718371837183
19,1085.7518005540167
20,993.9069892473118
21,1132.9042081949058
22,1783.2037239868566
23,1355.865067466267
24,1472.079365079365
25,1125.892549019608
26,1533.4436339522547
27,1611.2743484224966
28,1508.0012987012988
29,1431.4091954022988
30,1620.212380952381
31,1632.0562211981567
32,979.609375
33,1025.6380952380953
34,867.7877583465819
35,959.1115646258503
36,1010.8055555555555
37,1092.1756756756756
38,475.502024291498
39,689.0283400809717
40,449.86607142857144
41,1147.4268292682927
42,664.1111111111111
43,1077.0323559150656
44,1255.821212121212
45,1414.3589743589744
46,757.4043478260869
47,1117.258865248227
48,1002.3219696969697
561,45.72905525846702
50,525.6872
51,683.9039215686274
52,681.526923076923
53,286.19738751814225
54,962.9312169312169
55,511.4040404040404
56,947.4398496240601
57,546.1754385964912
58,1237.6793103448276
59,947.6045197740114
60,1514.7166666666667
61,664.0696721311475
62,842.7177419354839
63,2487.253968253968
64,5.421875
65,407.3042735042735
66,634.2333333333333
523,333.1816443594646
1604,118.78678304239402
69,1690.1557971014493
70,606.8928571428571
71,88.38028169014085
72,1534.1550925925926
73,1187.8972602739725
74,1408.337837837838
75,692.8622222222223
76,1086.233552631579
77,660.9058441558442
78,2025.5384615384614
79,1725.174683544304
80,698.5520833333334
81,1281.798353909465
514,84.64494163424125
83,1056.4939759036145
84,70.48809523809524
18517,4.685478209213155
86,1320.59496124031
87,624.5210727969348
88,72.0340909090909
89,1165.5430711610486
1111,157.3771377137714
91,484.18956043956047
92,52.492753623188406
93,1689.304659498208
94,937.468085106383
95,1764.9719298245614
96,194.75520833333334
97,71.09278350515464
610,84.28032786885245
99,42.25757575757576
100,1.68
101,147.55643564356436
104,141.57692307692307
444,38.16216216216216
1130,138.79734513274337
107,1546.3084112149534
108,1441.1296296296296
109,78.0091743119266
111,54.950450450450454
112,805.8883928571429
113,487.0973451327434
114,912.8830409356725
115,1364.6347826086956
116,1498.6810344827586
629,252.8139904610493
118,825.8474576271186
119,491.4453781512605
1144,32.74650349650349
633,77.70300157977883
123,1338.19918699187
1148,11.924216027874564
106,0.0
126,651.1111111111111
127,1223.1889763779527
129,160.00387596899225
130,125.04615384615384
334,468.7649700598802
132,173.52272727272728
133,148.796992481203
647,241.70788253477588
648,52.02160493827161
137,3.883211678832117
138,449.97342995169083
140,92.36428571428571
141,1106.4184397163122
144,1082.125
145,1071.4620689655173
147,1.9183673469387754
148,3.1114864864864864
150,1115.32
151,122.43708609271523
664,262.64307228915663
708,237.27542372881356
154,1017.012987012987
155,581.4354838709677
82,265.0853658536585
157,1107.5668789808917
4766,36.52308015107008
197,797.0304568527919
160,612.021875
162,1072.358024691358
164,957.2073170731708
165,954.8545454545455
167,465.2125748502994
2307,12.608149111400087
796,196.05276381909547
171,908.9766081871345
172,1.0116279069767442
173,929.0924855491329
174,1027.0689655172414
2735,4.174771480804387
176,882.8977272727273
177,89.62711864406779
178,31.691011235955056
692,252.0563583815029
181,960.8397790055249
183,598.7668488160291
185,840.6054054054053
3771,43.04189870060992
189,15.851851851851851
117,822.5769230769231
192,82.1484375
705,221.16170212765957
194,911.1752577319587
195,863.1692307692308
196,792.9081632653061
709,69.52609308885755
198,785.4848484848485
712,220.0421348314607
201,773.4825870646766
1739,100.90281771132835
204,90.32352941176471
205,817.6560975609756
206,507.1019417475728
209,454.41866028708137
210,87.12857142857143
211,448.62085308056874
212,156.4811320754717
213,29.699530516431924
726,214.79338842975207
215,74.24186046511628
217,77.78801843317973
49,775.2244897959183
1756,102.98006833712984
666,234.4009009009009
224,81.72767857142857
246,631.9512195121952
5346,0.0
227,684.8237885462555
228,457.17763157894734
229,759.650655021834
230,382.78478260869565
744,209.69623655913978
124,893.3118279569892
1770,99.15310734463277
1063,148.71777986829727
2429,64.9003705228489
237,655.9113924050633
238,79.02521008403362
1263,124.27315914489311
240,43.00833333333333
245,710.1061224489796
515,24.5126213592233
2807,12.941218382614892
248,129.125
249,3.068273092369478
762,40.78871391076115
639,26.88888888888889
554,314.59927797833933
255,213.33464052287582
257,141.64591439688715
258,432.51937984496124
259,600.2818532818533
214,812.8271028037383
1580,27.22658227848101
2826,64.3729653220099
2315,17.787473002159828
401,221.03366583541148
786,0.0
276,388.92028985507244
790,65.09113924050632
279,557.3225806451613
280,46.042857142857144
631,247.37083993660855
283,614.9434628975265
265,38.37358490566038
474,329.74261603375527
12064,5.5235411140583555
293,55.31399317406143
2584,61.28560371517028
295,589.3220338983051
1833,103.54828150572831
135,5.155555555555556
300,536.24
7475,24.242809364548496
308,506.8279220779221
309,4.9546925566343045
310,316.7935483870968
1847,87.93015701136979
312,515.7403846153846
316,53.58227848101266
318,518.2232704402516
556,38.24640287769784
834,209.310551558753
701,27.419400855920113
327,478.5474006116208
329,472.77507598784194
311,57.77491961414791
333,0.0
1358,115.39690721649484
369,472.6720867208672
337,469.7715133531157
852,207.018779342723
2901,60.88762495691141
1081,144.6096207215541
267,77.22846441947566
484,0.0
349,446.5300859598854
1375,154.42836363636363
1888,11.778601694915254
656,299.547256097561
354,219.72881355932202
871,216.1561423650976
1596,1.0093984962406015
363,9.517906336088155
125,0.0
402,1.743781094527363
1589,104.57929515418502
886,54.260722347629795
233,78.65665236051503
1915,33.09556135770235
359,484.93036211699166
383,39.04308093994778
388,12.3659793814433
98,947.9438775510204
905,175.6364640883978
729,3.235939643347051
1931,81.56706369756603
5005,10.506493506493506
398,6.932160804020101
1261,1.028548770816812
1425,1.007719298245614
25490,3.284032954099647
67,984.4597014925373
4804,39.32660283097419
7061,26.662937261011187
408,45.622549019607845
7236,24.309286898839137
410,1.5804878048780489
411,378.7664233576642
924,169.06926406926408
922,189.42841648590021
581,49.17555938037866
1955,90.0762148337596
5028,31.870723945902945
1179,132.64885496183206
1962,80.3236493374108
939,186.35569755058572
413,37.728813559322035
947,166.60295670538542
438,41.949771689497716
415,378.1156626506024
2080,9.919711538461538
955,1.0167539267015706
1473,106.9837067209776
451,345.23725055432374
964,181.2188796680498
8645,18.967032967032967
455,0.0
456,410.35526315789474
973,160.6813977389517
463,337.60691144708426
7576,23.932154171066525
155214,2.1959166054608477
152,1022.4013157894736
12764,13.652695079912252
479,329.28601252609604
592,294.46452702702703
482,20.230290456431536
483,343.6231884057971
1508,144.95026525198938
806,215.75930521091811
1517,115.52274225444957
613,39.947797716150085
511,304.74559686888455
508,311.1062992125984
938,166.5810234541578
510,76.89019607843137
85,9.935294117647059
