1,116.07468945747956
2,1261.4305649845364
3,1225.3439284793726
4,14340.89525293255
5,5192.483732057416
6,2965.1805782869615
7,8341.214959568733
8,5437.27302130898
9,3315.519450267878
10,3703.4378787878786
11,3426.560020090407
12,2447.3190670289855
13,1901.6904315196998
14,1688.214863303812
15,2158.6541507024267
16,1966.8520569620252
17,1326.3940438099926
18,1470.8055555555557
19,1537.0384615384614
20,1443.5886206896553
21,1318.2003148366784
22,1043.8472593582887
23,1638.8614351360904
24,2027.921921921922
25,1434.4530841121496
26,1417.6841715976332
27,1609.2881091617933
28,877.6566326530613
29,1841.7419950738915
30,1849.04126984127
31,888.3901985111662
32,1012.0901041666667
33,650.7805642633228
34,560.2750544662309
35,1329.0372093023257
36,1341.4552154195012
37,1113.9589589589589
38,1676.7173174872667
39,1133.7235576923076
40,1946.4
41,569.706413730804
42,618.3198562443846
43,904.603488372093
44,1798.141148325359
45,1133.7497584541063
46,2078.699275362319
47,701.5683890577508
48,1126.1153846153845
49,1405.6074429771909
50,532.5183333333333
51,480.04901960784315
52,408.2644230769231
53,1398.5986277873071
54,414.86700336700335
55,1886.695867768595
56,924.3167293233083
57,31.2729044834308
58,864.0160098522167
59,71.40677966101696
60,442.7907407407407
61,349.1463700234192
62,1371.570564516129
63,811.9100529100529
64,760.6901041666666
65,0.5423076923076923
66,5.46969696969697
67,481.7249466950959
68,864.5818014705883
69,785.3397745571658
70,587.3204081632653
71,715.3154929577465
72,1564.798611111111
73,667.5753424657535
74,1209.412162162162
75,903.1866666666666
76,1512.7697368421052
77,50.13636363636363
78,214.4551282051282
79,1424.0738396624472
80,943.6208333333333
81,1446.9012345679012
82,1423.1493902439024
83,2706.975903614458
84,1346.3154761904761
85,1992.8911764705883
86,739.75
87,1296.3333333333333
88,1048.5772727272727
89,0.0
90,0.0
91,930.3992673992674
92,1290.0326086956522
93,485.51827956989246
94,618.6702127659574
95,790.6666666666666
96,4.067708333333333
97,1164.2268041237114
98,1911.6819727891157
2148,105.95065176908753
101,1483.148514851485
102,4.803921568627451
103,835.3721682847896
104,1444.0608974358975
105,2140.0095238095237
106,1279.1711590296495
107,0.0
108,720.9930555555555
110,1161.7181818181818
111,1012.3198198198198
112,1560.9955357142858
113,126.63126843657817
114,1049.688596491228
115,1115.5782608695652
117,1925.128205128205
2166,0.007386888273314866
119,1048.6134453781513
120,985.425
121,648.801652892562
122,920.983606557377
123,916.260162601626
124,1812.258064516129
125,1803.736
126,891.7539682539683
127,888.2795275590552
128,918.6796875
129,0.9612403100775194
130,864.5346153846153
131,1715.496183206107
132,634.1136363636364
133,1261.2781954887218
135,1664.6888888888889
138,1631.5072463768115
139,859.0971223021583
140,802.6285714285714
141,1594.1702127659576
142,59.78403755868545
143,1571.6013986013986
145,775.4827586206897
146,1539.6164383561643
149,50.43624161073826
150,1498.56
153,3.65359477124183
158,1422.506329113924
161,466.3871635610766
163,757.4386503067485
165,1373.2
166,87.6144578313253
167,182.11077844311376
168,670.0029761904761
170,165.20882352941177
171,889.6179337231969
175,1292.8457142857144
176,257.0568181818182
177,137.71186440677965
179,1255.7262569832403
180,1.6833333333333333
184,1221.6304347826087
187,141.3957219251337
188,0.0
189,222.7883597883598
190,0.0
191,226.1151832460733
192,1245.5833333333333
193,1166.176165803109
196,1149.280612244898
197,1141.0812182741117
198,1.8131313131313131
199,564.8869346733668
6348,36.51575299306868
206,1091.3495145631068
208,548.0480769230769
209,1075.6363636363637
211,1066.308056872038
212,51.02358490566038
215,1046.639534883721
216,112.99074074074075
217,1036.004608294931
219,1094.3150684931506
224,35.55357142857143
230,83.56521739130434
232,0.02586206896551724
235,195.3063829787234
237,118.49367088607595
238,50.81512605042017
240,966.6354166666666
241,77.39004149377594
243,502.53909465020575
245,105.0
246,916.9918699186992
249,74.7429718875502
250,86.53466666666667
258,611.204134366925
260,864.85
261,3.5134099616858236
264,852.3522727272727
267,2.445692883895131
268,466.1231343283582
269,499.06877323420076
273,847.025641025641
275,869.7236363636364
276,132.19927536231884
277,879.7003610108303
279,806.0501792114695
282,42.695035460992905
283,0.0
288,780.8576388888889
290,775.551724137931
292,3.058219178082192
297,760.6801346801346
298,0.0
305,737.6606557377049
314,0.0
320,702.8625
323,152.90092879256966
324,694.1975308641976
328,685.7439024390244
332,9.852409638554217
333,677.7027027027027
334,140.18562874251498
335,148.72537313432835
340,663.5088235294118
344,654.9680232558139
352,78.99431818181819
356,632.0
357,640.3613445378152
359,632.6824512534819
364,30.134615384615383
10605,29.116360207449315
366,101.92349726775956
378,678.0687830687831
380,592.0736842105263
384,585.9270833333334
386,582.8549222797927
388,326.81829896907215
392,574.9183673469388
400,562.5075
402,64.11194029850746
404,557.1955445544554
405,555.558024691358
406,311.95935960591135
414,30.758454106280194
417,540.1199040767386
418,538.3157894736842
421,534.5878859857482
434,21.532258064516128
438,536.0958904109589
440,511.55454545454546
443,507.9977426636569
446,0.0
449,41.57461024498886
458,491.3842794759825
2507,90.59712804148384
462,1.6406926406926408
463,271.8380129589633
466,486.2510729613734
474,39.322784810126585
762,0.0
490,459.5612244897959
497,51.50503018108652
511,440.5440313111546
516,39.94186046511628
520,432.9365384615385
528,427.49810606060606
536,420.05037313432837
546,412.34798534798534
551,408.6969147005445
553,52.24412296564195
567,397.13227513227514
19011,4.557308926411025
595,446.0050420168067
100,1124.13
604,372.87582781456956
607,388.4810543657331
609,370.5927750410509
644,350.1164596273292
653,79.29862174578867
656,1.1326219512195121
657,343.3683409436834
2158,111.70342910101947
671,335.72280178837553
673,28.814264487369986
677,332.9025110782866
681,330.83847283406755
682,330.3313782991202
687,327.9228529839884
2739,83.15991237677984
693,325.0923520923521
705,1.1716312056737588
707,318.6746817538897
118,5.491525423728813
8903,30.66090081994833
715,315.42657342657344
717,339.8186889818689
721,312.82108183079055
13017,19.086579088883767
730,0.0
733,203.9420190995907
736,306.17391304347825
747,313.62248995983936
750,300.464
758,316.69920844327174
2810,106.66298932384342
2828,80.74328147100424
789,285.71989860583017
2843,80.35349982412944
2939,20.705682204831575
900,253.69333333333333
910,270.77142857142854
2981,76.34250251593426
936,240.95299145299145
11179,21.94668575006709
943,0.0
2206,102.8195829555757
5055,45.432245301681505
978,24.897750511247445
982,230.0112016293279
1006,242.86978131212723
1007,224.04071499503476
1011,223.32245301681505
1038,0.0
1046,0.020076481835564052
1050,215.1742857142857
1061,0.003770028275212064
3124,72.89372599231754
1086,208.01749539594843
1123,39.29029385574354
1124,1.0080071174377223
1163,194.45055889939812
1200,50.67
1252,188.9688498402556
1322,32.21482602118003
1327,40.83948756593821
1360,166.64926470588236
224596,2.0651347308055352
1375,164.34472727272728
7523,31.231024857104877
3430,67.41836734693878
19821,12.437263508400182
1393,162.2318736539842
1396,38.77650429799427
1419,159.70542635658916
579,97.02417962003454
1471,169.9517335146159
1477,153.0724441435342
1482,33.253711201079625
1501,34.57361758827448
1544,34.876943005181346
3596,63.45800889877642
1648,137.52973300970874
1667,22.971805638872226
1750,129.34057142857142
3805,20.319316688567675
1792,126.33761160714286
14302,19.829044888826736
1883,35.80509824747743
18333,2.166693939889816
1968,116.4441056910569
18379,1.9974971434789706
2008,112.85209163346613
2014,0.010427010923535254
4082,56.11293483586477
