1,180.16395648760795
2,1571.0741802544346
3,836.3117313656294
4,613.5488451935081
5,391.3290322580645
6,394.5551924473493
7,350.156484962406
8,321.90421455938696
9,252.31952291274325
10,169.87479674796748
11,259.67409948542024
12,249.79789272030652
13,137.81808731808732
14,216.53420523138834
15,214.75723270440253
16,338.41223404255317
17,155.88342245989304
18,79.09975669099757
19,236.8689581095596
20,236.68571428571428
21,186.3795918367347
22,270.7396694214876
23,230.277950310559
24,263.17261904761904
25,182.74823529411765
26,154.2923076923077
27,339.0291005291005
28,109.00446428571429
29,128.33793103448275
30,36.823076923076925
31,203.45806451612904
32,240.26041666666666
33,202.22222222222223
34,173.42016806722688
35,190.25
36,166.55555555555554
37,168.5472972972973
38,91.15789473684211
39,152.64957264957266
40,74.94375
41,195.0780487804878
42,192.0408163265306
43,248.6075581395349
44,3.085227272727273
45,92.93333333333334
46,40.63586956521739
47,123.47872340425532
48,198.57638888888889
49,99.1734693877551
50,0.0
51,1.8823529411764706
53,7.39622641509434
54,122.87037037037037
55,134.1064935064935
56,489.32142857142856
57,293.140350877193
58,114.12931034482759
571,17.334500875656744
60,191.88333333333333
62,170.59139784946237
63,1.1587301587301588
64,120.24479166666667
65,169.7025641025641
66,239.43560606060606
69,94.1304347826087
70,278.8642857142857
71,178.90845070422534
74,191.71621621621622
75,68.68444444444444
79,75.69620253164557
81,86.95679012345678
82,203.08353658536586
83,29.072289156626507
87,0.0
92,157.66304347826087
94,123.40425531914893
95,82.77894736842106
96,11.927083333333334
99,0.0
100,127.12
101,1.9405940594059405
102,115.50980392156863
107,204.9158878504673
1644,15.228710462287104
115,123.35652173913043
120,170.96666666666667
532,30.960526315789473
124,123.62903225806451
126,64.05555555555556
129,92.54263565891473
132,64.17424242424242
534,48.08801498127341
138,124.32608695652173
140,141.77857142857144
141,1.3971631205673758
149,1.167785234899329
1049,16.642516682554813
153,81.33986928104575
3235,6.315301391035549
7335,3.7886843899113836
683,24.284040995607615
175,66.75428571428571
180,72.01666666666667
184,50.07065217391305
185,63.23783783783784
195,109.66666666666667
197,59.36548223350254
198,66.53030303030303
547,27.047531992687386
218,110.13761467889908
220,88.35
11498,2.9175508784136372
235,85.76170212765958
241,67.09751037344398
247,35.19838056680162
249,84.01204819277109
251,77.41434262948208
23553,2.565023563877213
301,70.38205980066445
307,65.57328990228012
826,27.89588377723971
331,51.64350453172205
339,60.61946902654867
345,0.04927536231884058
59,180.57627118644066
358,0.03910614525139665
5515,7.233363553943789
917,25.10032715376227
955,0.0020942408376963353
448,43.38392857142857
1014,22.91518737672584
