1,204.17155202615905
2,1448.2185112634672
3,908.6424957047707
4,1112.9629297075423
5,730.5092608326253
6,1051.283528102393
7,883.2316602316603
8,1116.6170568561872
9,880.8777270421106
10,945.1866666666666
11,642.2615955473099
12,994.1559633027523
13,1406.4055080721748
14,1209.4850746268658
15,1235.5651741293532
16,442.9483870967742
17,662.7977941176471
18,940.5035460992908
19,576.168975069252
20,851.3477272727273
21,740.7577030812325
22,800.94493006993
23,714.2766798418972
24,697.0129310344828
25,1183.0941176470587
26,798.6858974358975
27,161.36507936507937
28,802.9057142857143
29,1089.5812807881773
30,514.9
31,749.4665012406948
32,1254.858173076923
33,829.6988636363636
34,396.096256684492
35,1832.4571428571428
36,1133.3819444444443
37,1163.4208494208494
38,1742.7894736842106
39,76.35897435897436
40,813.3583333333333
41,1474.5476718403547
42,736.5151515151515
43,846.8759689922481
44,2106.681818181818
45,1504.6571428571428
46,570.0380434782609
47,822.4929078014185
48,1353.6666666666667
49,1943.3877551020407
50,987.56
51,763.3406862745098
52,972.8108974358975
53,615.3396226415094
54,714.6273148148148
55,60.03181818181818
56,426.5669642857143
57,1083.9181286549708
58,969.2310344827587
59,1161.314769975787
60,62.13333333333333
61,396.6182669789227
62,1.7016129032258065
63,1102.4656084656085
64,304.3072916666667
66,477.8939393939394
67,0.0
68,85.51470588235294
69,162.39492753623188
70,1324.1714285714286
71,934.8638497652582
72,723.3333333333334
73,427.0319634703196
74,1253.554054054054
75,84.85333333333334
76,1222.6842105263158
78,464.1730769230769
79,663.7215189873418
80,700.30625
81,364.74074074074076
82,227.2621951219512
83,636.6204819277109
596,156.40436241610738
85,633.6764705882352
87,356.42911877394636
88,55.22159090909091
89,1042.2134831460673
90,1030.088888888889
91,1124.0054945054944
93,65.71505376344086
94,493.95212765957444
1633,57.741579914268215
99,936.6363636363636
100,4.77
101,162.47920792079208
102,217.20677361853834
103,903.9417475728155
104,171.41666666666666
107,220.53271028037383
2668,35.83545727136432
109,522.4036697247707
110,843.5
624,149.44551282051282
113,116.50442477876106
114,813.5438596491229
1043,90.06519654841803
116,799.4396551724138
119,131.35294117647058
3704,10.424946004319654
634,147.108832807571
123,429.2926829268293
124,103.46774193548387
126,784.7103174603175
127,111.62204724409449
640,145.7375
130,83.73076923076923
131,452.4465648854962
132,55.30681818181818
134,402.1194029850746
135,687.7296296296296
136,102.92647058823529
108,574.4382716049382
17034,6.437243160737349
141,174.58156028368793
142,1.6408450704225352
143,648.6783216783217
144,644.3611111111111
146,640.7123287671233
147,631.0612244897959
149,622.8255033557047
151,81.58940397350993
152,2.2171052631578947
153,202.2636165577342
155,82.53548387096774
158,2.2974683544303796
112,0.6071428571428571
162,104.39506172839506
164,567.954268292683
165,49.74545454545454
168,552.297619047619
682,89.96187683284458
171,602.2514619883041
173,536.4277456647399
175,1.8114285714285714
176,1.0170454545454546
1201,105.81099084096586
178,283.5280898876405
627,148.76236044657097
1716,16.84965034965035
181,515.0662983425415
184,142.6141304347826
186,500.6666666666667
188,494.27127659574467
189,237.99823633156967
190,118.00526315789473
703,134.47795163584638
192,485.40625
1569,67.34862970044614
201,464.3681592039801
518,33.214285714285715
11470,4.560331299040977
209,444.1578947368421
211,440.1611374407583
214,51.80373831775701
215,66.41395348837209
216,1.8796296296296295
221,101.28506787330316
3808,25.480829831932773
229,2.532751091703057
230,106.26086956521739
1660,56.80542168674699
235,80.92765957446808
237,117.21097046413502
239,73.30125523012552
240,95.275
241,73.69709543568464
243,382.1440329218107
244,380.7745901639344
1552,61.34342783505155
247,75.53846153846153
1273,73.7910447761194
250,77.172
251,243.46812749003985
252,110.23412698412699
605,160.38181818181818
257,218.51167315175098
1282,74.29095163806552
259,109.53281853281854
773,31.592496765847347
264,425.6666666666667
128,149.8515625
268,354.9738805970149
271,342.85239852398524
273,340.2600732600733
274,48.872262773722625
558,167.46236559139786
280,332.30892857142857
284,1.806338028169014
286,97.52797202797203
289,321.50865051903116
291,328.5704467353952
298,61.42953020134228
303,306.74257425742576
305,0.03278688524590164
306,304.1470588235294
563,165.50799289520427
308,301.7564935064935
137,381.4124087591241
312,298.40064102564105
831,28.694344163658243
322,291.5978260869565
327,88.37308868501529
552,172.33695652173913
1873,51.35985050720769
338,275.0207100591716
343,140.731778425656
348,38.07183908045977
1596,59.031328320802004
369,252.00542005420056
373,249.39678284182307
380,293.6763157894737
115,806.6695652173913
392,238.07908163265307
1090,86.23761467889908
403,231.0397022332506
7583,4.138335751022023
930,20.634408602150536
939,100.66879659211928
428,217.43691588785046
1029,102.17784256559767
441,211.1904761904762
20469,3.8754213688993113
1474,19.997964721845317
770,25.62207792207792
246,155.71544715447155
92618,2.081355676002505
1489,63.262592343854934
13266,8.41489522086537
469,198.54157782515992
249,376.7028112449799
1103,108.41251133272893
2821,43.5047855370436
553,168.57685352622062
1010,100.2089108910891
254,75.86614173228347
5111,21.841126981021326
84,734.0595238095239
507,187.68639053254438
1534,61.3787483702738
