1,180.5240067151651
2,1169.703101279549
3,665.0576529358775
4,845.4522486104092
5,414.0838145231846
6,366.6686197916667
7,328.7330612244898
8,330.38673469387754
9,175.00653594771242
10,158.01866666666666
11,254.65727272727273
12,354.0
13,275.06293706293707
14,297.2952380952381
15,201.19636363636363
16,287.67897727272725
17,251.88357843137254
18,261.5522222222222
19,263.1594427244582
20,268.18333333333334
21,295.2249589490969
22,180.06709956709958
23,113.33043478260869
24,181.74479166666666
25,97.32
26,40.26790450928382
27,96.03703703703704
28,109.72428571428571
29,125.55344827586207
30,38.12982456140351
31,24.691244239631338
32,88.703125
33,41.89661319073084
34,119.16993464052288
35,63.93650793650794
36,115.78333333333333
37,181.65601965601965
38,1.4824561403508771
39,126.10989010989012
40,100.88214285714285
41,158.41951219512194
42,294.57142857142856
43,217.44651162790697
44,0.5454545454545454
45,99.71851851851852
46,17.597826086956523
47,156.6595744680851
48,121.6875
49,405.5612244897959
50,127.16
51,0.0
52,415.4230769230769
53,8.056603773584905
54,149.11111111111111
55,63.527272727272724
57,26.157894736842106
58,5.068965517241379
59,0.0
60,57.375
61,124.45081967213115
62,199.91129032258064
63,175.28571428571428
64,13.96875
65,137.08461538461538
66,242.06060606060606
68,153.66176470588235
71,72.22065727699531
74,93.44594594594595
76,75.18859649122807
77,0.025974025974025976
79,9.08860759493671
81,275.08641975308643
82,203.7637997432606
83,260.8192771084337
85,128.65882352941176
88,1.6477272727272727
93,152.26344086021504
94,7.8936170212765955
96,118.55208333333333
98,14.816326530612244
99,7.1313131313131315
100,197.81
101,217.84158415841586
102,173.62745098039215
103,0.0
105,118.2
106,1.028301886792453
108,219.4537037037037
110,48.972727272727276
625,7.8976
115,96.69565217391305
116,1.6293103448275863
1144,22.679195804195803
124,29.943548387096776
125,1.976
126,6.404761904761905
639,34.8904538341158
3218,4.609695463020509
147,95.10204081632654
6804,4.332451499118166
150,160.69333333333333
160,1.09375
162,127.87037037037037
164,64.54878048780488
167,0.0
1709,3.9309537741369223
180,91.38333333333334
184,135.59782608695653
187,60.6524064171123
704,35.65625
1222,12.271685761047463
209,54.11483253588517
221,86.05882352941177
4322,9.122397038408144
247,42.417004048582996
127,83.8267716535433
255,1.0784313725490196
258,0.9961240310077519
3341,3.884166417240347
283,67.45583038869258
2844,3.2183544303797467
286,78.74300699300699
3382,8.456830277942046
327,56.15596330275229
23883,2.654859104802579
349,37.458452722063036
874,24.92219679633867
146,117.71917808219177
573,33.8411867364747
374,35.37700534759358
606,17.694719471947195
398,58.253768844221106
173,0.0
839,28.584028605482718
444,59.247747747747745
3517,1.8359397213534263
1484,11.975741239892184
472,0.0
6618,2.6461166515563614
5108,4.252349256068912
10230,3.6758553274682306
510,47.11176470588235
