1,169.64546952224052
2,1197.115244033541
3,680.720189701897
4,756.4068287037037
5,441.427626459144
6,324.56027060270605
7,358.4454995871181
8,328.97435897435895
9,268.2632696390658
10,205.87333333333333
11,179.66454545454545
12,302.24891774891773
13,200.33266733266734
14,241.29037267080744
15,270.91785714285714
16,382.04017857142856
17,275.28373702422147
18,242.48290598290598
19,279.4671052631579
20,120.52416666666667
21,129.58666666666667
22,153.40649350649352
23,103.6403162055336
24,142.882183908046
25,174.54
26,119.86538461538461
27,133.003367003367
28,57.12394957983193
29,134.6235632183908
30,92.2625
31,169.59498207885304
32,79.39930555555556
33,120.6926406926407
34,206.52100840336135
35,138.1642857142857
36,124.00694444444444
37,172.23873873873873
38,67.63157894736842
39,110.14871794871794
40,134.475
41,204.11707317073171
42,224.6238095238095
43,173.21317829457365
44,97.62121212121212
45,38.17037037037037
46,188.09420289855072
47,263.1063829787234
48,29.858333333333334
49,249.40816326530611
50,0.5
51,175.2450980392157
52,208.94230769230768
53,2.930817610062893
55,93.76363636363637
569,35.212653778558874
59,292.4237288135593
60,0.0
61,123.83060109289617
62,177.7741935483871
63,123.3015873015873
66,119.10606060606061
68,122.76470588235294
69,127.92028985507247
1094,22.579524680073128
71,102.99295774647888
72,97.30555555555556
76,92.13157894736842
77,0.025974025974025976
78,0.7136752136752137
1549,11.38218205293738
81,262.42504409171073
82,187.02567394094993
83,179.04819277108433
85,69.68823529411765
86,179.51162790697674
89,1.1910112359550562
94,14.792553191489361
100,58.985
101,234.12871287128712
103,34.83495145631068
105,126.72380952380952
22883,2.6923043307258663
108,218.0
625,7.7392
114,1.9035087719298245
10259,3.7117652792669853
2680,3.973134328358209
124,85.91129032258064
125,1.872
4222,4.716721932733302
128,4.203125
130,142.96923076923076
136,154.40441176470588
141,1.0212765957446808
3218,4.206650093225606
659,33.959028831562975
149,123.6241610738255
150,151.54
154,90.57792207792208
156,68.06410256410257
164,154.3780487804878
166,67.49397590361446
1709,3.8730251609128143
115,1.0782608695652174
57,16.596491228070175
3257,8.691740865827448
194,0.0
198,58.88383838383838
205,0.0
547,0.0
227,84.19383259911895
234,44.84188034188034
241,65.55186721991701
256,1.0859375
258,0.9961240310077519
6922,4.25325050563421
275,80.69818181818182
3350,11.128656716417911
2844,3.1835443037974684
290,75.11379310344827
5420,2.8697416974169743
307,74.84039087947883
323,55.59752321981424
842,16.622327790973873
1081,23.732654949121184
866,25.43187066974596
571,42.91068301225919
356,36.699438202247194
362,36.533149171270715
394,58.776649746192895
435,57.50574712643678
3517,1.8077907307364232
482,49.44398340248963
507,18.512820512820515
