1,226.59717998341168
2,1093.9319237918216
3,551.1147630786086
4,868.3388454011741
5,434.5291866028708
6,316.083498349835
7,344.6222030981067
8,256.3392857142857
9,251.57625948930297
10,210.8796875
11,203.24367385192127
12,239.00992063492063
13,204.04767063921994
14,208.267316017316
15,207.26309523809525
16,261.9215909090909
17,216.05882352941177
18,197.38194444444446
19,252.55735492577597
20,243.984375
21,86.15106732348112
22,191.1159090909091
23,175.04695652173913
24,56.557539682539684
25,100.7544827586207
26,83.22893772893772
27,127.6875
28,121.38265306122449
29,137.2884012539185
30,72.495
31,66.14354838709677
32,0.4630681818181818
33,4.2592592592592595
34,88.15837104072398
35,61.57142857142857
36,125.11904761904762
37,12.93093093093093
38,60.69078947368421
39,58.215384615384615
40,155.68125
41,123.47804878048781
42,95.00680272108843
43,3.4728682170542635
44,53.44805194805195
45,5.2
46,21.902173913043477
47,117.31914893617021
48,61.50694444444444
49,11.598639455782314
50,21.973333333333333
51,135.7731092436975
52,211.94230769230768
53,23.566037735849058
54,107.49382716049382
55,215.23636363636365
56,238.375
57,114.87719298245614
58,249.06896551724137
60,125.35833333333333
61,98.73224043715847
62,67.66532258064517
64,0.0
65,72.14871794871794
67,66.43283582089552
68,55.50735294117647
70,127.2
73,122.94520547945206
77,15.519480519480519
81,0.0
82,112.88414634146342
83,107.74698795180723
87,102.50574712643679
89,122.74157303370787
92,0.021739130434782608
93,104.31182795698925
94,167.7872340425532
96,148.28125
99,94.46464646464646
100,92.95
101,196.9108910891089
102,173.7657952069717
103,182.61165048543688
110,98.22727272727273
624,3.823717948717949
113,1.0884955752212389
117,1.7179487179487178
120,15.2
122,2.4344262295081966
124,72.28225806451613
127,2.606299212598425
128,112.23046875
130,2.3846153846153846
141,0.0
142,0.16901408450704225
143,116.08391608391608
145,104.86896551724138
149,62.20134228187919
964,4.698132780082988
154,62.4025974025974
171,1.0701754385964912
180,51.105555555555554
181,54.50828729281768
24760,2.4518174474959613
2745,8.363934426229509
186,112.8763440860215
204,104.79901960784314
209,79.43540669856459
3806,3.4324750394114556
223,70.9237668161435
1762,1.7956867196367763
236,72.28813559322033
247,69.4251012145749
8831,3.3762880760955722
6914,1.7144923343939833
778,3.6246786632390746
283,39.67491166077738
284,23.676056338028168
291,68.80756013745705
297,30.83164983164983
1118,17.78175313059034
813,9.927429274292743
310,50.648387096774194
313,20.287539936102238
322,56.6583850931677
5995,4.335779816513761
408,28.294117647058822
920,14.98913043478261
924,23.4004329004329
4012,8.761465603190429
437,3.6132723112128144
4541,4.298392424576084
452,52.97787610619469
476,41.61764705882353
494,39.05668016194332
500,49.262
1020,14.859803921568627
