1,129.60295316604766
2,1102.9838530753111
3,683.6164237431348
4,21266.07097862767
5,7270.85373525557
6,12153.245636998256
7,8638.427748044463
8,5055.37441314554
9,4420.428693060877
10,5082.1624
11,2925.050032701112
12,3487.900974025974
13,3460.668717948718
14,2240.7148664343786
15,2643.0184523809526
16,2561.603494623656
17,1236.237998647735
18,1577.0772669220944
19,2325.6296992481202
20,1351.29921875
21,1498.4955908289242
22,1468.9124830393487
23,1264.3561517113783
24,3019.6189393939394
25,3367.3935294117646
26,1768.0641025641025
27,1619.5740740740741
28,626.1066691928761
29,1035.0256008359456
30,1430.6896551724137
31,527.1599462365591
32,1760.3885416666667
33,1218.5358126721762
34,668.6380090497737
35,1285.8534161490684
36,568.0069444444445
37,714.2290862290862
38,487.38157894736844
39,1280.1208791208792
40,983.9642857142857
41,1614.125
42,552.1376811594203
43,514.3343571741992
44,770.0127840909091
45,718.6949494949495
46,972.4592391304348
47,517.4604863221884
48,1771.5260416666667
49,56.660714285714285
50,1104.6633333333334
51,314.8291316526611
52,120.0889423076923
53,35.490566037735846
54,1827.4550264550264
55,1022.1717171717172
56,105.60714285714286
57,644.719298245614
58,1419.2435344827586
59,686.5525423728814
60,1740.77
61,1247.016393442623
62,931.7043010752689
63,57.726190476190474
64,12.7734375
577,285.4471403812825
66,1042.9742424242424
67,82.60341151385927
68,413.14495798319325
69,683.120082815735
70,530.4228571428572
71,1025.9456740442656
72,34.27777777777778
73,572.7465753424658
74,952.3494208494209
75,0.0
76,1449.578947368421
77,46.03030303030303
78,16.064102564102566
79,448.3113924050633
80,570.35625
81,1040.6975308641975
514,322.3112840466926
83,1032.301204819277
84,977.8630952380952
85,700.2980392156862
86,6.058139534883721
87,1886.1954022988505
88,991.1676136363636
89,956.7808988764045
90,481.7111111111111
91,1015.4230769230769
92,677.2971014492754
93,0.5
94,592.4539007092199
95,631.9929824561403
96,854.5677083333334
97,600.9759450171821
98,7.9727891156462585
99,555.9090909090909
100,549.5833333333334
101,668.3234323432343
102,340.16968325791856
1041,32.248799231508166
104,789.1201923076923
106,1548.3301886792453
107,1533.6448598130842
108,0.0
109,615.0733944954128
110,2.2818181818181817
112,1465.107142857143
1128,0.005319148936170213
115,12.2
190,872.5052631578948
118,0.0
1112,149.20323741007195
121,683.8677685950413
122,0.0
123,0.0
124,1323.4435483870968
639,0.0
128,421.150390625
129,59.213178294573645
130,0.0
131,55.286259541984734
132,14.628787878787879
133,877.8872180451128
135,0.22962962962962963
136,99.83823529411765
137,1282.2335766423357
140,1195.15
141,1164.4609929078015
142,1155.7605633802816
1679,98.72364502680166
4248,42.98587570621469
154,534.4415584415584
155,1.6129032258064515
156,401.0833333333333
669,260.2765321375187
670,14.541791044776119
160,175.35
5974,28.551891529963175
11291,15.709945974670092
165,44.724242424242426
166,992.2289156626506
113,0.5309734513274337
168,0.0
169,1.78698224852071
171,55.94736842105263
2077,80.18680789600386
176,82.25
177,472.1694915254237
178,3.606741573033708
179,932.4581005586592
3614,46.3721638074156
182,28.956043956043956
183,465.61475409836066
184,12.195652173913043
187,73.12299465240642
189,31.01058201058201
702,7.6424501424501425
191,877.9685863874346
192,855.0364583333334
194,432.26417525773195
195,450.5128205128205
197,14.6751269035533
200,70.925
201,816.7960199004975
202,11.242574257425742
204,61.76470588235294
8909,4.66629251318891
207,418.1038647342995
3281,51.281621456872905
547,0.0
3796,44.20021074815595
213,43.04225352112676
215,73.5906976744186
218,407.6697247706422
1743,23.567986230636834
220,33.83863636363636
222,370.97747747747746
549,299.74134790528234
229,717.056768558952
230,718.2275362318841
209,803.5813397129186
3305,54.549167927382754
1575,105.11111111111111
236,697.4237288135594
238,24.83613445378151
240,684.2333333333333
241,48.61825726141079
242,0.8429752066115702
211,778.1327014218009
244,0.0
248,1.0403225806451613
763,286.86238532110093
554,298.2346570397112
1628,23.86855036855037
2306,72.42627927146575
259,678.2509652509652
1288,29.774068322981368
265,621.2396226415094
778,211.853470437018
4876,42.30557834290402
1806,92.562569213732
271,606.0738007380074
785,216.10828025477707
1300,127.15230769230769
278,591.7913669064748
282,75.2482269503546
286,576.06993006993
1312,126.3704268292683
6192,27.777131782945737
290,566.5448275862069
291,56.539518900343644
561,23.540106951871657
732,233.81147540983608
298,74.71140939597315
163975,2.0371215124256747
308,533.3863636363636
310,109.6741935483871
1792,1.0050223214285714
315,522.8761904761905
316,281.68037974683546
1341,123.31543624161074
323,295.6578947368421
1865,89.92922252010725
330,497.95757575757574
843,13.782918149466193
103,1.3203883495145632
335,541.2477611940299
336,489.0208333333333
854,193.04098360655738
569,43.48506151142355
344,70.34302325581395
345,476.28985507246375
346,474.9161849710983
143,1147.7202797202797
557,1.0430879712746859
540,304.7944444444444
523,320.4130019120459
864,193.2476851851852
22887,8.242233582383012
231,0.0
368,119.7961956521739
258,638.3837209302326
380,432.5131578947368
524,0.0
384,431.515625
3969,12.38246409674981
386,219.78497409326425
65,124.63384615384615
394,417.1802030456853
397,414.0352644836272
398,412.99748743718595
19855,3.7209770838579703
152,1080.2894736842106
402,111.09203980099502
1946,1.9974306269270299
12374,19.208501697106836
2458,70.03742880390561
913,180.60021905805039
419,399.30071599045345
420,393.2238095238095
421,393.31828978622326
555,82.43963963963964
7079,24.195507840090407
1449,114.16425120772946
157,1108.8407643312103
329,499.65197568389056
441,398.70521541950114
954,33.660377358490564
666,1.021021021021021
117,1403.128205128205
448,367.015625
412,402.13349514563106
453,0.0
455,70.56923076923077
175,0.05714285714285714
1302,141.70276497695852
464,1.8125
465,353.64301075268816
466,0.0
163,49.9601226993865
468,61.27350427350427
334,284.79640718562877
994,166.41951710261569
251,654.2868525896414
486,1.1790123456790123
593,0.0
490,70.11224489795919
82,434.1463414634146
4108,41.07570593962999
495,17.507070707070707
496,375.50604838709677
1521,17.368836291913215
498,25.847389558232933
1016,162.39271653543307
509,57.214145383104125
511,323.29745596868884
