68,458.23823529411766
1,168.93277986073915
2,1230.4946621533654
3,737.0900191744878
4,11831.273954703833
5,5282.244231851435
6,5242.060997488339
7,6234.7827868852455
8,2920.0806541019956
9,1778.818616629875
10,2837.961943319838
11,3095.4953139643862
12,2224.6340579710145
13,1484.0317863954228
14,1395.0173370319
15,1861.4229166666667
16,1728.5466954022988
17,1242.7733333333333
18,1249.8746246246246
19,890.534706331045
20,1389.1295081967214
21,1432.8131404460519
22,895.196127946128
23,1193.0755148741418
24,350.94837758112095
25,1213.6655319148936
26,853.6349112426035
27,793.0134099616859
28,536.6239090491503
29,859.0122815304676
30,1107.320930232558
31,692.0625
32,668.5877976190476
33,785.8299663299663
34,592.7148337595908
35,443.5800865800866
36,894.5588235294117
37,660.6691891891892
38,716.4561403508771
39,866.2820512820513
40,715.7184210526316
41,876.8780487804878
42,717.1337868480725
43,635.311901504788
44,677.5422077922078
45,920.8871794871795
46,1005.7981366459627
47,82.68085106382979
48,19.958333333333332
49,296.98979591836735
50,538.59
51,8.245098039215685
52,444.482905982906
53,315.13477088948787
54,782.300925925926
55,65.17373737373737
56,853.3769841269841
57,280.2785087719298
58,581.1379310344828
59,259.78907721280603
60,332.0888888888889
61,262.3217213114754
62,372.6
63,105.76719576719577
64,582.3541666666666
65,303.01025641025643
66,69.54978354978356
67,0.26865671641791045
1025,18.07121951219512
69,549.1449275362319
70,300.15714285714284
72,323.23333333333335
73,291.9068493150685
74,0.3108108108108108
1611,23.58348851644941
76,476.03508771929825
77,582.7922077922078
78,894.6709401709402
79,810.6556962025317
80,459.93125
81,318.51234567901236
82,30.28048780487805
83,1238.5301204819277
84,10.869047619047619
85,795.3
86,64.47441860465116
87,1.0574712643678161
88,644.2443181818181
4697,29.84223972748563
90,581.8722222222223
91,0.005494505494505495
93,0.0
95,1215.2315789473685
96,66.91666666666667
97,582.8419243986255
98,1095.3877551020407
99,394.1111111111111
612,1.0147058823529411
101,5.465346534653466
102,152.08823529411765
103,0.0
104,335.2623626373626
105,979.2190476190476
106,208.77830188679246
107,192.17383177570093
108,952.0925925925926
109,0.0
110,164.3318181818182
111,2.855855855855856
112,0.0
113,511.7654867256637
114,2.442982456140351
115,596.1478260869566
116,889.9137931034483
118,32.66101694915254
119,587.6428571428571
120,428.90833333333336
532,41.61466165413534
122,207.0737704918033
123,11.479674796747968
124,425.71370967741933
125,823.444
126,176.015873015873
129,485.8217054263566
131,265.5623409669211
132,782.6590909090909
134,0.0
135,761.7851851851852
136,163.4558823529412
1559,66.88582424631174
141,735.6063829787234
142,0.0
143,112.85314685314685
145,786.9241379310345
146,708.0068493150685
148,0.033783783783783786
150,360.77
151,133.47902869757175
152,160.4078947368421
153,673.843137254902
155,16.780645161290323
157,656.8535031847134
158,651.0379746835443
159,648.377358490566
160,644.009375
624,165.67628205128204
162,228.65432098765433
163,65.92638036809817
676,73.5103550295858
165,6.1030303030303035
679,163.81443298969072
168,306.17261904761904
3612,17.993355481727576
20138,3.9599265071010032
171,0.029239766081871343
172,0.0
775,147.23096774193547
178,0.0
179,577.9199255121043
180,571.5888888888888
542,14.090405904059041
186,109.29032258064517
699,147.93276108726752
757,0.0
189,108.66137566137566
190,292.9868421052632
1215,28.48312757201646
193,36.54922279792746
201,189.98009950248758
631,1.496038034865293
206,311.92233009708735
207,519.9178743961353
722,145.04847645429362
211,35.829383886255926
348,303.47701149425285
220,467.8454545454546
221,466.0135746606335
222,463.72522522522524
226,489.2699115044248
227,1.7356828193832599
741,50.45209176788124
232,113.53879310344827
235,301.4148936170213
236,12.35593220338983
238,442.64285714285717
239,35.43793584379358
240,120.01666666666667
244,94.86065573770492
245,420.2081632653061
515,208.9378640776699
251,294.03452855245683
253,407.4703557312253
6399,17.377090170339116
2817,3.79765708200213
258,399.2596899224806
470,226.79574468085107
263,395.73384030418254
264,38.916666666666664
1289,40.051978277734676
269,443.13382899628255
782,149.18030690537086
272,80.0
1582,65.96965865992415
303,128.83828382838283
285,361.940350877193
287,1.0104529616724738
289,32.122837370242216
291,89.91752577319588
1316,1.006838905775076
294,0.0
300,17.97
10541,13.841286405464377
302,130.12582781456953
733,141.11732605729878
816,126.89338235294117
102706,2.2310088991879735
312,330.34294871794873
313,107.54632587859425
829,25.28226779252111
320,91.965625
321,320.9626168224299
651,40.25652841781874
836,24.532296650717704
325,12.492307692307692
326,316.2638036809816
1591,68.00062853551226
332,46.373493975903614
1362,76.42143906020559
341,302.35483870967744
1884,55.516985138004245
349,301.0945558739255
352,123.54261363636364
12646,13.961727028309348
363,58.93112947658402
573,181.63176265270505
369,93.6829268292683
372,185.40860215053763
574,1.3466898954703832
378,272.70899470899474
384,268.6927083333333
1686,0.0
391,299.0
392,263.0051020408163
394,112.84771573604061
1931,20.55204557224236
2445,43.07321063394683
911,113.73984632272229
3736,28.529175588865098
402,256.4875621890547
324,318.0432098765432
525,38.84
413,109.86440677966101
781,133.29961587708067
139,18.33812949640288
428,77.1892523364486
429,269.8857808857809
435,110.17931034482758
443,70.87584650112866
4029,27.141970712335567
447,48.15883668903803
100,176.925
75,693.5466666666666
458,1.982532751091703
467,0.010706638115631691
468,117.3119658119658
531,194.41996233521658
472,0.0
1188,87.91835016835017
592,81.77533783783784
487,1.0308008213552362
167,1.7065868263473054
164,110.07926829268293
1525,6.744918032786885
15350,7.774918566775244
4087,26.90579887448006
504,204.78174603174602
