1,155.32585769590176
2,1100.2669069323722
3,669.3103397122088
4,1051.9656271536871
5,382.5098550724638
6,238.72346600331676
7,236.8781127129751
8,228.6219262295082
9,202.87726942628905
10,142.25157894736842
11,150.89669421487602
12,133.09053497942386
13,182.57179487179488
14,61.138682745825605
15,127.29726775956284
16,191.88706140350877
17,145.025824964132
18,222.37455197132616
19,238.2165991902834
20,206.08709677419355
21,212.4102564102564
22,214.60181818181817
23,71.77717391304348
24,210.31798245614036
25,144.69066666666666
26,118.2327935222672
27,144.39651416122004
28,146.6261904761905
29,99.33333333333333
30,137.95714285714286
31,120.22939068100358
32,172.42633928571428
33,165.45454545454547
34,149.9281045751634
35,257.1857142857143
36,37.976190476190474
37,85.07657657657657
38,74.43859649122807
39,9.243589743589743
40,141.13333333333333
41,136.8252032520325
42,108.34656084656085
43,178.98837209302326
44,3.1306818181818183
45,67.03703703703704
46,185.65217391304347
47,161.77872340425532
48,142.37083333333334
49,71.08843537414965
50,115.38
52,20.307692307692307
53,160.28301886792454
54,102.23456790123457
55,79.13636363636364
56,147.16964285714286
57,1.3157894736842106
58,5.724137931034483
59,149.98305084745763
60,79.53333333333333
61,214.10928961748633
62,143.1290322580645
63,70.63888888888889
64,3.6015625
608,15.838815789473685
67,36.22885572139303
68,14.75
70,98.60571428571428
71,83.69953051643192
75,160.90666666666667
76,92.10526315789474
80,114.7125
81,128.5354938271605
82,158.3231707317073
83,102.93975903614458
84,12.714285714285714
85,99.22941176470589
86,40.46511627906977
90,4.2444444444444445
91,91.46153846153847
93,105.33333333333333
94,1.6702127659574468
96,107.359375
528,39.765151515151516
610,34.636065573770495
99,84.03030303030303
101,8.178217821782178
102,68.12745098039215
103,66.99029126213593
106,1.4433962264150944
628,20.611464968152866
119,78.99159663865547
120,133.54166666666666
6781,3.5086270461583835
126,135.28571428571428
129,72.63178294573643
135,73.42962962962963
136,124.79411764705883
138,122.42753623188406
139,11.784172661870503
143,1.8041958041958042
148,55.38513513513514
151,5.271523178807947
154,109.97402597402598
156,86.96794871794872
157,72.45859872611464
158,73.37341772151899
672,14.014880952380953
162,54.888888888888886
164,4.060975609756097
168,51.726190476190474
687,45.87918486171761
176,47.09090909090909
179,106.21787709497207
180,53.18888888888889
181,42.34254143646409
189,48.32804232804233
192,108.34895833333333
193,100.40932642487047
194,42.86082474226804
200,83.255
204,111.99019607843137
206,101.44174757281553
211,42.76303317535545
213,95.32863849765258
218,43.3394495412844
219,58.54337899543379
223,57.60986547085202
225,65.21777777777778
230,39.130434782608695
232,38.83620689655172
125,28.2
242,37.11570247933884
245,53.04897959183673
1278,11.420970266040689
259,37.3011583011583
267,1.2397003745318351
270,38.114814814814814
276,32.710144927536234
1354,20.863367799113735
856,21.95443925233645
365,24.96712328767123
383,24.652741514360315
2944,9.659986413043478
8730,2.30446735395189
1411,15.595322466335931
8112,3.4850838264299804
433,1.002309468822171
445,30.469662921348316
16849,2.7536945812807883
984,19.56910569105691
481,24.962577962577964
499,37.50901803607214
