1,196.04061568216616
2,1284.4991101883434
3,1467.21023020543
4,7052.756766805473
5,2276.4311835577605
6,3168.745605848499
7,5080.880594225918
8,3573.4523155416014
9,3208.4107289107287
10,3184.323202614379
11,4168.336940836941
12,4629.117298578199
13,3116.856613641316
14,3344.134792626728
15,2569.3088274044794
16,2955.070652173913
17,3440.0062075081287
18,2677.7747821350763
19,2385.5159194282
20,2854.479775280899
21,2985.3809523809523
22,1642.4521212121213
23,1957.4866220735787
24,2245.4011111111113
25,2198.1808
26,1961.1665702718335
27,2253.534299516908
28,1679.9124223602485
29,1694.3645320197045
30,1545.8329411764705
31,2454.6841545551224
32,1787.5649578651685
33,1674.0181079083518
34,1869.7339366515837
35,1499.1232358003442
36,2324.80056980057
37,2159.125707102451
38,1573.486388384755
39,2105.762735042735
40,1930.3996621621623
41,1232.1083755177174
42,916.6306010928962
43,1569.7168042010503
44,1744.6094155844155
45,2021.2064102564102
46,1773.7200714711137
47,1255.8609082248333
48,1849.0794025157234
49,993.7724046140195
50,1826.5116279069769
51,1511.2843137254902
52,1636.6396321070233
53,1349.4193825042883
54,1336.0638888888889
55,1350.0680351906158
56,1926.7399825783973
57,1356.8972431077693
58,1155.7036124794745
59,1287.4763146458063
60,1648.984
61,1797.5313404050144
62,1428.813092979127
63,1801.3622448979593
64,2014.2211538461538
65,1422.183682983683
66,1129.0625
67,1335.315379623621
68,2323.3400735294117
69,1905.4492753623188
70,1508.847899159664
71,1077.768147345612
72,1453.3995726495727
73,1699.4847792998478
74,1425.5445945945946
75,1333.904761904762
76,1382.8186090225563
77,1835.7770562770563
78,2405.665158371041
79,908.3459915611814
80,1955.9285714285713
81,1873.7716049382716
82,2108.0964523281596
83,2758.713253012048
84,2633.6091269841268
85,2561.4745098039216
86,2616.0744186046513
87,1511.2222222222222
88,2762.7594696969695
89,2470.2719101123594
90,1402.3703703703704
91,3444.331240188383
92,2885.830745341615
93,245.6451612903226
94,2907.4893617021276
95,2556.915789473684
96,1914.7330729166667
97,3837.675257731959
98,2030.3545918367347
99,1724.3910533910534
100,1900.435
101,771.9231217239371
102,396.8627450980392
103,3536.6990291262136
104,2345.165064102564
105,1168.6984126984128
106,3436.6721698113206
107,2588.3644859813085
108,2074.3444444444444
109,1685.2935779816514
110,2649.6436363636362
111,2752.5480480480483
112,3260.6696428571427
113,1629.7477876106195
114,3244.745614035088
115,2382.5891304347824
116,836.4439655172414
117,1636.6303418803418
118,3087.576271186441
119,1111.453781512605
120,1518.4083333333333
2169,47.72060857538036
122,2986.065573770492
124,1967.8037634408602
125,1310.6674285714287
126,2168.4900793650795
127,2874.477690288714
128,1667.8214285714287
129,2824.1162790697676
130,1057.4333333333334
131,0.0
132,1440.435606060606
133,1396.642857142857
134,1958.7089552238806
135,1572.8925925925926
137,280.06569343065695
138,1321.5084541062802
139,1816.4172661870505
140,85.50714285714285
141,1449.758865248227
142,2565.654929577465
143,77.53496503496504
145,2031.336551724138
146,1252.4486301369864
147,2500.925170068027
148,1272.527027027027
149,2457.3859060402683
150,2429.3933333333334
151,2443.6225165562914
152,0.0
155,2365.367741935484
156,1436.6653846153847
157,1165.6019108280254
158,2306.262658227848
159,1166.5691823899372
160,1138.553125
161,1716.498447204969
162,256.58024691358025
163,2235.4253578732105
164,1741.8231707317073
165,1104.1030303030302
166,2201.3313253012047
167,1096.5179640718563
168,1497.454365079365
169,2159.828402366864
170,743.4333333333333
171,2130.690058479532
173,2106.0693641618495
174,1142.5488505747126
175,1204.3628571428571
176,1382.221590909091
177,2059.0338983050847
178,560.5547752808989
180,233.87777777777777
181,2.585635359116022
182,1442.8736263736264
184,1981.1141304347825
186,1959.1236559139784
187,1949.5294117647059
188,0.0
189,964.7936507936508
190,1003.6
191,75.47294938917976
192,1897.7578125
193,1943.4887737478412
194,1879.0979381443299
196,1859.045918367347
197,1850.0329949238578
198,1840.3131313131314
200,1821.905
201,1301.2222222222222
202,1803.8564356435643
203,303.76354679802955
204,1062.3186274509803
206,1770.2257281553398
207,629.2238325281803
210,1735.7603174603175
211,1726.9573459715639
212,1720.183962264151
213,1851.0469483568074
214,1702.7616822429907
2084,176.37380038387715
218,879.2591743119266
219,557.820395738204
221,824.4298642533937
2270,47.39162995594714
223,1634.2914798206277
224,826.3303571428571
225,1240.05
227,1605.3303964757708
228,1245.6304824561403
229,1591.292576419214
230,1595.6521739130435
231,788.8051948051948
234,1558.145299145299
235,786.6234042553192
236,1544.1610169491526
237,58.79113924050633
240,437.31041666666664
242,1571.8512396694214
245,540.7537414965986
246,1487.210027100271
247,1475.4493927125507
250,9.928
251,1452.2788844621514
252,1446.1626984126983
253,1440.4347826086957
256,712.02734375
257,150.69649805447472
258,1412.65503875969
259,1407.0888030888032
260,1404.246153846154
261,1396.3141762452108
262,1391.0610687022902
263,1389.2965779467681
264,1380.4583333333333
265,1377.7622641509433
266,1375.2368421052631
267,1366.0112359550562
269,1354.8327137546469
270,241.38148148148147
272,715.2987132352941
274,1388.5182481751824
275,782.1909090909091
276,1328.9565217391305
277,1315.7454873646209
279,14.605734767025089
280,6.4714285714285715
281,1297.8754448398577
285,138.41754385964913
287,1270.5296167247386
4385,84.05062713797035
290,1256.9862068965517
292,1250.3184931506848
293,414.641638225256
294,141.14965986394557
297,1227.1851851851852
298,1225.7718120805368
302,1216.7450331125829
303,93.08910891089108
305,1195.0426229508196
306,176.87581699346404
307,48.817589576547235
313,47.72843450479233
315,1.0317460317460319
316,679.8639240506329
323,164.96439628482972
326,1139.776073619632
328,1111.2957317073171
329,1146.9574468085107
331,1101.2356495468277
332,1128.2831325301204
333,1122.6696696696697
335,50.492537313432834
337,1102.5756676557864
340,1073.2014705882352
341,617.108504398827
342,1067.748538011696
343,43.2332361516035
344,1059.6540697674418
2395,153.2580375782881
348,1049.2356321839081
349,1045.1719197707737
350,1041.5057142857142
351,1040.7720797720797
353,602.7492917847026
358,1018.5195530726257
362,1.3646408839779005
363,39.04683195592286
364,637.804945054945
366,1006.6639344262295
367,497.3337874659401
368,990.6277173913044
376,973.9228723404256
377,1009.3554376657825
378,964.4312169312169
379,962.042216358839
382,960.9450261780105
385,951.0766233766234
386,944.4637305699482
388,981.3427835051547
393,158.3969465648855
396,920.6388888888889
401,159.14214463840398
403,109.65260545905707
404,938.5321782178218
411,145.51459854014598
412,885.254854368932
413,104.30750605326877
418,28.63397129186603
419,877.8615751789977
420,869.5333333333333
2473,154.71532551556814
426,862.0281690140845
427,853.8735362997658
2476,148.08279483037157
431,62.63341067285383
435,838.2137931034483
437,496.73226544622423
2486,148.74939662107803
441,826.9591836734694
443,4.670428893905192
444,821.3986486486486
445,151.40224719101124
449,819.0512249443207
450,138.22444444444446
451,32.352549889135254
457,797.8862144420132
458,796.2751091703057
464,790.7650862068965
477,35.41090146750524
478,50.72384937238494
479,453.22025052192066
484,413.57128099173553
485,125.7
487,64.40862422997947
494,738.2955465587045
498,157.45381526104418
501,727.9001996007984
502,727.5019920318725
505,764.1821782178217
507,719.8619329388561
4864,102.21319901315789
514,709.65953307393
516,737.7131782945736
520,417.5355769230769
522,86.47318007662835
525,144.6209523809524
526,693.5779467680609
528,7.236742424242424
530,344.06320754716984
539,133.85899814471244
543,673.2762430939226
545,29.83119266055046
2604,141.05645161290323
558,654.0645161290323
561,3.320855614973262
563,649.2948490230906
564,648.9574468085107
567,643.5590828924162
2620,27.26564885496183
573,728.0471204188482
576,633.2517361111111
580,3.996551724137931
581,627.9638554216867
583,626.3945111492282
585,625.7760683760683
586,622.462457337884
599,610.449081803005
603,40.02902155887231
607,14.41845140032949
608,342.2483552631579
2658,3.2170805116629047
614,594.1221498371335
620,588.3822580645161
624,95.33974358974359
625,585.3632
630,584.3095238095239
819,94.01709401709402
3482,106.35381964388283
636,573.6053459119497
641,594.1934477379095
643,0.0
645,565.615503875969
651,288.7288786482335
2050,180.58878048780488
654,557.8455657492354
660,552.8015151515151
662,85.40936555891238
665,548.6345864661654
674,542.7344213649851
679,537.9867452135493
698,11.31160458452722
699,532.0886981402003
706,517.7011331444759
707,516.1032531824611
712,622.4691011235955
721,506.13314840499305
722,105.8781163434903
121,2415.0479338842974
728,543.2032967032967
731,101.98084815321478
732,498.50956284153006
735,496.47891156462583
739,89.18673883626522
743,491.2032301480485
747,509.8862115127175
749,0.0
751,4.5392809587217045
756,485.8346560846561
757,483.7992073976222
2811,131.76342938456065
765,526.5542483660131
766,476.4268929503916
767,96.23337679269882
768,496.0833333333333
2817,130.51082712105077
775,472.5238709677419
781,483.9731113956466
788,469.7208121827411
804,34.931592039801
2867,25.5940006975933
831,439.24067388688326
832,438.72716346153845
833,101.07803121248499
836,439.38516746411483
838,454.63484486873506
840,435.0136904761905
843,65.54448398576513
846,435.8888888888889
856,432.71495327102804
860,424.66511627906976
2913,126.03947820116719
869,47.92807825086306
873,85.75830469644903
883,14.602491506228766
890,410.2101123595506
2940,124.87414965986395
898,406.57126948775056
904,403.85066371681415
909,419.1936193619362
7054,64.178763821945
917,88.49400218102508
922,66.01843817787419
347,123.55907780979827
936,390.0940170940171
941,12.954303931987248
945,15.662433862433863
946,385.9651162790698
953,383.15320041972717
959,383.5391032325339
968,389.8584710743802
972,387.98765432098764
976,377.23770491803276
982,373.73421588594704
988,369.6002024291498
1025,356.2946341463415
1041,351.6685878962536
1046,30.205544933078393
1060,344.56320754716984
3127,117.86856411896386
3128,3.91272378516624
1083,64.6528162511542
5184,71.32310956790124
1111,330.2925292529253
3179,26.486945580371184
1151,317.4005212858384
2241,119.49286033020972
1164,314.10223367697597
1168,313.8304794520548
1171,318.0204953031597
1180,309.6474576271186
1187,313.7497893850042
1199,305.2226855713094
1204,303.47259136212625
1205,303.2215767634855
1210,301.996694214876
1219,301.4323215750615
1221,309.0638820638821
5332,69.3002625656414
3308,111.60126964933495
2258,204.16474756421613
1274,286.8932496075353
1294,283.03941267387944
1302,16.752688172043012
1303,280.4927091327705
1323,276.45049130763414
1330,274.81954887218046
4320,85.30023148148148
1361,54.649522409992656
1375,265.856
1377,265.522149600581
572,642.2534965034965
1395,262.0695340501792
1413,259.4953998584572
1434,255.56485355648536
1448,253.42196132596686
1473,248.3645621181263
3548,103.68714768883878
14586,5.411284793637734
1503,244.34131736526948
1537,239.23747560182173
1554,235.35778635778635
3611,101.85322625311548
1566,233.80395913154533
1578,232.01140684410646
1587,236.19785759294265
1590,230.04213836477987
1606,229.59215442092153
2304,159.078125
9814,9.239453841450988
1623,10.93222427603204
15961,27.98840924754088
1642,21.38611449451888
3692,29.520585048754064
1649,222.2152819890843
4716,78.22179813401188
1674,39.79330943847073
364177,2.0475126106261516
1696,215.72759433962264
2335,47.44025695931477
20156,1.7254911688827148
11965,39.78829920601755
5863,64.83489681050656
2684,137.54284649776454
1771,210.61829474872954
5876,62.97702518720218
7925,47.153186119873816
1796,210.50835189309578
3884,21.5326982492276
1848,198.14123376623377
5946,62.46804574503868
3906,94.61597542242704
10081,38.16040075389346
1945,188.2375321336761
1977,186.53211937278707
8134,45.84669289402508
1994,215.55717151454363
4054,0.0
