1,132.25837376512538
2,1015.1869127191708
3,1563.063660870338
4,35941.571660966045
5,14894.382739609839
6,7782.083333333333
7,23587.13459201037
8,12761.226888667992
9,8008.066993464052
10,11967.71254180602
11,9619.850803113099
12,9230.470121951219
13,6393.088507877665
14,6937.8989828941285
15,6885.040569395018
16,4743.239215686274
17,5061.09942004971
18,5440.026984126984
19,3469.7774436090226
20,4454.583423913044
21,3989.8932012111204
22,3518.8488215488214
23,5344.165760869565
24,5047.483108108108
25,4831.232845528455
26,4184.642191142191
27,3236.138613861386
28,3541.6721230158732
29,3260.8088548318433
30,3058.2183333333332
31,3789.6768219832734
32,3534.012019230769
33,3618.5566188197768
34,3601.858823529412
35,4412.2387755102045
36,3661.153333333333
37,3171.8854568854567
38,2509.546186895811
39,2334.967320261438
40,2495.9686363636365
41,1692.306456241033
42,726.4076146587668
43,2795.5332612222824
44,3673.648923444976
45,2094.274329501916
46,1519.5217391304348
47,3170.351063829787
48,3852.0616666666665
49,1570.330612244898
50,1970.1535483870969
51,1893.0281862745098
52,3475.5435222672063
53,1995.9656946826758
54,2744.2207977207977
55,2470.8896103896104
56,3635.894230769231
57,4761.8446115288225
58,2896.8674568965516
59,2791.6125907990313
60,3173.9729166666666
61,3099.497267759563
62,795.2983870967741
63,2862.107376283847
64,3463.7174479166665
65,2221.1923076923076
66,3868.1952861952864
67,1336.6704936854192
68,3907.4735294117645
69,5495.978260869565
70,3070.342857142857
71,2756.6619718309857
72,5250.125
73,4206.665753424658
74,3660.720077220077
75,4344.7733333333335
76,1866.5855263157894
77,2675.368631368631
78,2909.4179487179485
79,622.0680379746835
80,1576.9083333333333
81,3131.5308641975307
82,2305.7337398373984
83,3051.421686746988
84,4501.273809523809
85,3557.898823529412
86,3296.593023255814
87,90.21609195402299
88,4295.488636363636
89,1.3370786516853932
90,1308.7044444444443
91,1709.479120879121
92,4120.369565217391
93,2102.6236559139784
94,2700.959219858156
95,2728.8596491228072
96,3950.2604166666665
97,1963.0773195876288
98,1333.5051020408164
99,56.34848484848485
100,2521.0066666666667
101,776.6257425742574
102,2475.0653594771243
103,3671.470873786408
104,3635.0320512820513
105,2703.9857142857145
106,2676.9127358490564
107,3532.9439252336447
108,2339.9228395061727
109,1809.2775229357799
112,2356.0505952380954
113,2372.7522123893805
114,1211.388888888889
115,4.3304347826086955
116,2609.8155172413794
117,3231.042735042735
118,3204.0338983050847
119,2119.375350140056
121,2083.561983471074
122,1122.3169398907103
123,1877.9235772357724
124,2112.0887096774195
125,2045.1866666666667
126,3000.595238095238
127,1105.7965879265091
128,2955.662109375
129,985.5090439276486
2050,185.40975609756097
131,119.1145038167939
132,2866.628787878788
133,1466.827067669173
134,1994.2611940298507
135,1474.1296296296296
136,980.4117647058823
137,2759.5036496350367
138,2054.894927536232
139,2719.8129496402876
2188,174.87659963436928
141,2011.7287234042553
142,1345.3485915492959
144,2625.4236111111113
145,2609.2413793103447
147,2608.190476190476
148,1279.1047297297298
149,67.6241610738255
150,0.0
152,1682.203947368421
153,1277.3088235294117
154,996.2649350649351
155,2439.1612903225805
156,2423.5673076923076
157,2408.1019108280257
158,2393.7911392405063
159,1000.2528301886792
160,1.546875
162,2337.8333333333335
4097,105.07590920185501
165,2296.2363636363634
167,2264.916167664671
168,2253.1488095238096
171,2211.029239766082
172,2198.203488372093
173,2187.364161849711
177,1430.7005649717514
178,117.01685393258427
179,1437.1322160148975
180,2101.4944444444445
181,2107.317127071823
182,2077.456043956044
2231,170.59121470192738
184,2055.5597826086955
186,58.98924731182796
187,1070.8395721925133
188,2039.563829787234
190,1993.8736842105263
193,993.5725388601036
196,1929.3214285714287
200,955.2425
201,0.0
202,1872.7475247524753
203,18.79310344827586
204,10.480392156862745
205,930.9341463414634
207,972.1545893719807
208,20.697115384615383
209,68.3444976076555
210,1220.2555555555555
211,1792.0663507109005
213,1775.24882629108
214,1767.983644859813
215,0.0
216,1799.9074074074074
217,1742.8594470046082
218,0.0
219,1361.0182648401826
221,1711.1538461538462
2085,182.2556354916067
225,1816.9066666666668
226,1678.1150442477876
229,1678.6331877729258
230,1644.108695652174
231,1637.5670995670996
234,1621.337606837607
240,1579.7125
241,75.96265560165975
242,877.3822314049587
243,153.33333333333334
244,0.0
246,1580.520325203252
247,87.46558704453442
249,792.1887550200803
252,88.46230158730158
253,1495.899209486166
254,1489.3011811023623
257,201.31906614785993
258,754.6104651162791
259,763.8783783783783
2308,164.75693240901214
270,1400.6851851851852
271,1434.8044280442805
280,58.769642857142856
284,0.0
285,87.31228070175439
286,1347.5751748251748
287,1317.8397212543555
2337,162.99529311082586
290,906.8137931034482
293,142.77815699658703
294,1307.047619047619
295,1318.2
300,155.72666666666666
301,1256.5481727574752
305,465.4327868852459
308,1.8506493506493507
309,1224.0258899676376
311,58.331189710610936
312,54.87179487179487
314,489.4447983014862
315,1200.8412698412699
317,1195.8864353312304
325,660.24
326,1160.2484662576687
328,1153.2560975609756
331,1145.214501510574
333,632.4129129129129
336,1131.4136904761904
337,1122.427299703264
338,78.14201183431953
339,646.1755162241888
340,1112.5294117647059
346,549.5476878612717
347,1090.092219020173
348,1098.471264367816
353,59.48441926345609
356,708.9166666666666
360,1051.7805555555556
361,1048.9972299168976
366,36.295081967213115
368,1027.9429347826087
369,1025.1734417344173
370,1022.6351351351351
10643,41.716903128817066
16758,24.442594581692326
376,503.15159574468083
380,80.55
382,127.31675392670157
387,1005.1395348837209
390,971.3179487179488
403,945.4615384615385
404,11.007425742574258
10646,5.208529024985911
11673,5.61603700848111
2459,154.69052460349735
414,0.0
417,511.2517985611511
418,905.5023923444976
428,884.0093457943925
429,881.920745920746
435,870.8850574712644
438,109.4269406392694
439,861.8587699316629
440,860.1977272727273
442,455.75113122171945
443,569.752445447705
444,0.0
451,838.9822616407982
453,835.3863134657837
460,0.0
463,817.8358531317494
464,818.6314655172414
466,828.0
475,796.7326315789473
482,97.7655601659751
494,766.0263157894736
495,797.1454545454545
497,761.3963782696177
499,540.7388109552438
501,111.8443113772455
4605,83.37394136807818
2559,149.9511527940602
519,5.07514450867052
520,727.7730769230769
2136,178.06460674157304
531,712.713747645951
532,53.567669172932334
536,27.53917910447761
538,106.8271375464684
539,703.3970315398886
541,16.67652495378928
543,697.1325966850828
547,711.3491773308958
549,691.6357012750456
559,677.9856887298748
561,693.6221033868093
562,673.4466192170819
565,669.8761061946902
571,665.0989492119089
576,657.1024305555555
582,0.0
593,638.4215851602023
595,80.14957983193277
607,624.2833607907743
611,619.518821603928
619,314.5718901453958
638,594.8087774294671
642,590.0560747663551
646,586.0185758513932
647,588.2959814528593
2703,141.06585275619682
665,569.2932330827068
667,304.17991004497753
668,14.715568862275449
671,16.943368107302533
689,550.300435413643
693,551.8556998556999
701,540.1084165477889
2751,138.5816066884769
706,536.5354107648725
708,535.2542372881356
711,547.6526019690576
2763,138.68259138617444
721,525.2843273231623
725,522.2634482758621
732,517.2773224043716
751,1.0585885486018642
752,510.0039893617021
755,515.6503311258278
761,69.0197109067017
4862,78.97860962566845
771,493.1206225680934
777,488.023166023166
130,2244.0115384615383
2832,134.55296610169492
9007,5.264794049072943
831,462.46450060168473
836,0.02033492822966507
140,2778.9785714285713
847,10.118063754427391
850,446.5329411764706
4953,77.35110034322632
861,443.1951219512195
862,450.66183294663574
864,439.9016203703704
865,438.0913294797688
886,0.0
893,62.93729003359463
897,0.0
898,64.12138084632517
900,425.4577777777778
905,61.49723756906077
909,418.4026402640264
2200,172.77954545454546
915,414.0218579234973
917,415.1886586695747
918,412.92483660130716
934,62.83083511777302
935,59.10267379679144
948,49.13291139240506
951,57.13038906414301
955,396.72251308900525
961,59.291363163371486
969,392.9824561403509
984,0.0
164,1549.4715447154472
992,381.96270161290323
996,380.65763052208837
3053,124.93383557156895
1024,58.3740234375
1031,59.57322987390883
1035,366.1352657004831
377915,1.955360332349867
1084,349.7527675276753
183,1.0163934426229508
1116,340.4991039426523
1118,339.02772808586764
1122,337.8814616755793
1140,336.83947368421053
1144,10.649475524475525
1145,331.05676855895194
1154,328.48266897746964
1170,324.0042735042735
1178,322.31409168081495
1183,320.4674556213018
1195,318.03514644351463
1208,313.84354304635764
11474,33.93951542618093
1236,308.1504854368932
1244,24.14630225080386
1248,304.6482371794872
1255,309.38406374501994
1263,334.7545526524149
1269,302.5327029156816
3318,114.89873417721519
1277,297.62098668754896
3335,114.41019490254872
5387,73.14906255801003
1313,30.715917745620715
11559,1.650921359979237
7465,5.021969189551239
5419,0.0
223,1744.9730941704036
1355,281.92841328413283
1356,279.8274336283186
1372,298.23760932944606
3421,111.91289096755335
5480,69.96386861313869
1388,274.1340057636888
1433,264.7752965806001
5534,71.21340802312974
1488,260.72244623655916
1528,248.32657068062827
1548,245.14470284237726
3605,106.13092926490985
1579,247.08169727675744
3631,18.54172404296337
1586,239.29003783102144
5699,67.55150026320408
1610,238.27763975155278
1628,233.1590909090909
1675,226.62746268656716
1684,225.4150831353919
1695,230.6938053097345
1701,243.74661963550852
5800,66.15879310344828
1722,30.060394889663183
1764,215.31802721088437
1769,218.85302430751838
1775,214.15943661971832
4396,86.9679253867152
1837,240.74959172563962
5986,64.19879719345138
3988,21.311183550651958
2031,187.74593796159527
