1,223.28602360829782
2,1357.586009926023
3,1625.4020203671907
4,34121.74195754717
5,12735.047877612584
6,6412.994029416048
7,22020.722662296277
8,12877.461487907465
9,9528.904255319148
10,9858.811152416356
11,12566.653089334908
12,6809.996815286624
13,6691.097923548844
14,6755.739130434783
15,6342.689743589744
16,5629.458059210527
17,4422.506748153807
18,4342.240019240019
19,4500.715683681566
20,4488.83786407767
21,4237.860458107293
22,4392.9548978153625
23,4045.7745025792187
24,5017.474926253687
25,3871.4153488372094
26,3952.3614457831327
27,3060.9931773879143
28,3394.8420168067228
29,3638.636206896552
30,5226.871014492754
31,2051.185133239832
32,2797.388671875
33,2196.5944903581267
34,4470.07820855615
35,3045.2009852216747
36,2828.1679894179892
37,2829.5288697788696
38,2165.511184210526
39,2475.993006993007
40,1389.1340579710145
41,1525.5370780980536
42,783.0195652173913
43,3094.0483972344437
44,3996.3424764890283
45,1850.322633744856
46,2507.8577075098815
47,2820.691489361702
48,3985.2720588235293
49,2542.502463054187
50,902.52
51,2020.6806722689075
52,1344.8579881656806
53,3762.3731656184486
54,2597.576923076923
55,2465.6556818181816
56,4471.36801242236
57,3182.2593984962405
58,3090.17816091954
59,3675.541242937853
60,3033.1583333333333
61,2533.1428571428573
62,2307.303225806452
63,2839.862433862434
64,1895.62109375
65,4011.393006993007
66,5418.507575757576
67,1867.7848258706467
68,1113.1882352941177
69,2195.9528985507245
70,2211.3979591836733
71,1366.5985915492959
72,898.7569444444445
73,1702.2283105022832
74,3035.1064189189187
75,2523.9
76,2736.40977443609
77,808.6320346320347
78,2751.8846153846152
79,2269.9208860759495
80,2996.9152777777776
81,1778.6543209876543
82,1752.2121951219513
83,2873.261044176707
84,12.75
85,4207.247058823529
86,2079.1686046511627
87,2761.7088122605364
88,2584.75
89,2923.174959871589
91,3930.598901098901
92,2404.060869565217
93,3876.9856630824374
94,1999.1781914893618
95,941.1842105263158
96,2487.6180555555557
97,2458.5807560137455
98,2432.8503401360545
99,2462.003367003367
100,1788.9625
101,2842.8360836083607
102,0.0
104,2321.1121794871797
105,1797.3
106,3373.933962264151
107,2020.3158878504673
108,2330.0833333333335
109,1775.7224770642201
110,2605.1981818181816
111,2495.421171171171
112,3193.276785714286
113,1920.1858407079646
114,1694.5497076023391
115,3111.621739130435
116,1657.3405172413793
117,1718.3034188034187
118,1515.5677966101696
119,1583.2591036414565
120,0.0
121,1855.2165289256197
122,2934.1393442622953
123,2910.7669376693766
124,121.87096774193549
125,1213.8
126,2838.7380952380954
127,1474.251968503937
129,1472.046511627907
130,2769.020512820513
132,5.242424242424242
133,108.37593984962406
134,6.376865671641791
135,1776.3234567901234
137,4.401459854014599
138,1310.626811594203
139,1936.6870503597122
140,2554.792857142857
141,2536.751773049645
142,1890.0088028169014
143,2501.2167832167834
144,172.44444444444446
145,175.4758620689655
146,2449.8424657534247
147,1624.984126984127
148,1246.0777027027027
150,2384.5466666666666
2199,163.79263301500683
153,1768.1846405228757
154,32.72943722943723
157,1226.0541401273886
158,1132.4556962025317
159,2249.622641509434
160,2252.55
161,1126.832298136646
162,2207.9814814814813
163,2194.78936605317
164,1198.9298780487804
165,2168.181818181818
167,1119.1706586826347
168,2129.7083333333335
169,1114.5488165680474
170,55.54705882352941
171,2096.3216374269005
172,147.59302325581396
173,2067.676300578035
174,2058.3275862068967
175,682.1695238095238
176,1017.7755681818181
177,1011.9463276836158
179,1233.9508379888268
180,664.7574074074074
181,1976.3093922651933
183,116.10928961748634
184,1300.1467391304348
186,1923.252688172043
188,1272.5390070921985
189,114.74338624338624
190,1882.7421052631578
192,20.760416666666668
194,1286.0120274914088
195,613.8871794871795
196,0.5943877551020408
197,1816.8401015228426
198,1807.2323232323233
205,50.78048780487805
206,1755.4271844660195
207,0.0
208,861.1923076923077
210,1703.5285714285715
212,20.037735849056602
213,1681.2159624413146
214,134.80373831775702
217,0.0
218,1641.6605504587155
219,1644.8219178082193
220,1629.4681818181818
223,12.495515695067265
224,1597.4776785714287
225,1590.0266666666666
226,1070.4557522123894
227,120.431718061674
228,787.0087719298245
229,1563.5305676855896
231,1566.5627705627705
232,2.706896551724138
234,583.7877492877493
236,1515.9618644067796
238,197.34453781512605
239,849.9246861924686
240,196.1
242,1478.8719008264463
244,192.79098360655738
245,1583.0244897959183
246,1455.2113821138212
248,1442.657258064516
249,1448.879518072289
250,0.0
253,1417.2529644268775
254,126.21653543307086
258,41.14341085271318
259,0.0
260,1422.3833333333334
261,1371.455938697318
14598,29.33655295245924
276,1296.4021739130435
281,62.06761565836299
282,175.0531914893617
283,845.1260306242639
287,1249.8989547038327
288,1026.9256944444444
289,1238.2283737024222
290,1233.9862068965517
293,35.97610921501707
295,1213.8305084745762
301,931.3480066445183
303,1199.4158415841584
304,1177.092105263158
305,10.583606557377049
308,1164.8506493506493
311,160.2797427652733
6456,56.6542750929368
313,1143.2715654952076
315,137.2253968253968
317,1128.858044164038
321,1.5638629283489096
322,624.6677018633541
323,1139.080495356037
324,573.2901234567901
326,499.9779141104294
2375,151.71915789473684
328,1133.7149390243903
330,1086.2962121212122
334,1071.4580838323354
335,1078.8776119402985
338,105.38757396449704
344,520.1671511627907
345,1037.3217391304347
346,1034.3352601156068
348,1.4224137931034482
352,1016.7130681818181
353,1070.1643059490084
8546,3.256026211092909
359,1000.740947075209
360,994.1583333333333
365,10.827397260273973
366,10.792349726775956
368,975.4565217391304
369,970.3821138211382
370,971.7540540540541
371,967.2291105121294
372,40.51881720430107
379,944.6345646437994
381,941.496062992126
384,30.802083333333332
388,37.02061855670103
390,464.51153846153846
392,0.0
395,25.98227848101266
396,26.545454545454547
398,899.9396984924623
2059,175.5050995628946
404,916.5061881188119
405,886.1185185185185
407,880.5454545454545
409,875.158924205379
414,1.0458937198067633
417,492.3429256594724
421,78.17814726840855
422,850.1741706161138
424,868.0306603773585
429,834.4055944055945
430,832.4674418604651
432,828.6180555555555
437,546.8314263920671
440,813.5954545454546
442,0.0
444,806.25
446,119.89237668161435
447,124.17897091722595
454,788.6211453744494
456,785.2609649122807
457,119.64770240700219
464,777.8318965517242
465,769.9182795698924
474,755.2848101265823
478,31.131799163179917
479,55.55741127348643
484,748.1673553719008
2129,170.17050258337247
490,18.82857142857143
500,727.53
502,0.0
506,707.596837944664
511,701.3502935420744
517,692.5493230174081
518,42.37644787644788
520,5.355769230769231
522,717.7337164750958
524,683.3110687022901
525,99.06095238095239
526,680.7167300380228
529,704.4574669187145
532,689.1165413533835
536,1.126865671641791
538,665.6840148698885
541,661.9297597042514
545,22.407339449541283
549,652.24043715847
556,65.58453237410072
566,633.4081272084806
570,631.8631578947368
575,0.0
578,620.2837370242214
579,618.7962003454231
583,0.0
584,613.2106164383562
597,0.0
599,6.362270450751252
603,594.9137645107794
2660,136.46691729323308
614,585.5960912052117
616,291.01461038961037
2492,146.5750401284109
618,579.5291262135922
2667,27.141732283464567
622,577.943729903537
2672,134.80651197604791
636,563.1556603773585
2156,32.47495361781076
791,465.72819216182046
652,549.3819018404907
2705,0.0
2708,133.11004431314623
666,543.1756756756756
671,536.1266766020865
685,524.2233576642336
686,522.7084548104956
2735,131.72650822669104
688,523.0625
696,1.0488505747126438
700,511.95142857142855
12407,29.8173611670831
721,0.0
730,491.2972602739726
733,489.0729877216917
743,482.9434724091521
756,474.43518518518516
766,522.3394255874674
771,468.13359273670557
774,463.0529715762274
786,457.0826972010178
6935,54.726027397260275
10248,5.350604996096799
803,459.5392278953923
8997,40.739691008113816
815,439.921472392638
817,438.7643818849449
819,445.95726495726495
829,432.27985524728587
850,421.62470588235294
854,421.3231850117096
855,448.3590643274854
856,420.4696261682243
872,411.0217889908257
884,409.7816742081448
892,403.7724215246637
897,0.0
899,199.5372636262514
900,398.81888888888886
904,397.55254424778764
2958,122.56693711967546
911,393.45993413830956
947,378.54065469904964
966,371.2463768115942
970,423.96288659793817
984,0.0
1001,369.42357642357643
3083,116.97437560817386
1054,400.5721062618596
1055,339.89194312796207
1056,339.57102272727275
1057,353.06149479659416
5200,70.00307692307692
4280,85.36658878504673
3160,114.16677215189874
1116,322.2455197132617
1120,325.51339285714283
1143,326.57567804024495
1146,314.43630017452006
1150,311.89652173913043
1153,311.09106678230705
357531,2.0062456122685863
11443,6.201083631914708
1204,300.57142857142856
1230,298.6252032520325
3284,109.87362971985384
3294,109.66666666666667
1272,284.84827044025155
1280,305.83671875
16598,22.61423063019641
1294,277.29907264296753
1328,47.98343373493976
1340,267.8141791044776
1354,273.15140324963073
1364,273.82184750733137
5493,66.33679228108501
1410,254.56808510638297
1438,249.663421418637
1445,248.42629757785468
1453,248.60908465244322
1455,247.02611683848798
1496,240.2058823529412
3558,16.53513209668353
3569,101.18072289156626
5623,0.0
1578,21.640050697084916
1583,36.37397346809855
2995,120.37863105175292
1105,45.41628959276018
3662,99.08793009284544
3666,23.532733224222586
1640,6.030487804878049
1648,27.484223300970875
1654,217.20133010882708
1701,211.18871252204585
1757,204.48947068867386
5924,61.665935178933154
10069,44.143807726685864
6023,60.361447783496594
1932,186.65631469979297
1940,185.2958762886598
1994,180.30341023069207
2006,179.3160518444666
2023,4.634700939199209
2030,177.12364532019706
14335,1.6120683641437041
