0.0,3411
14.25,1
2.0,19
3.0,7
4.0,13
5.0,18
0.75,14
1.0,78
8.0,2
9.0,12
10.0,22
12.0,3
13.0,1
14.0,3
15.0,4
17.0,1
18.0,2
19.0,4
20.0,10
21.0,3
22.0,2
23.0,5
24.0,5
25.0,16
26.0,2
27.0,1
28.0,1
29.0,1
30.0,6
0.5,30
32.9338999,1
28.91,1
35.0,4
6.0,7
39.0,2
40.0,18
41.0,1
42.0,1
7.0,6
44.0,2
45.0,2
46.0,1
47.0,2
48.0,3
49.0,5
50.0,186
51.0,1
47.16,1
53.0,3
54.0,2
55.0,4
56.0,1
57.0,1
58.0,1
59.0,1
60.0,2
61.0,1
62.0,1
63.0,1
64.0,1
65.0,5
66.0,1
67.0,1
68.0,1
69.0,1
70.0,3
71.0,1
72.0,1
73.0,1
74.0,1
75.0,4
80.0,3
87.0,2
88.0,2
89.0,1
90.0,2
91.0,1
92.0,1
93.0,1
94.0,2
95.0,3
96.0,1
17.35,1
98.0,1
99.0,2
100.0,177
101.0,2
105.0,2
110.0,3
114.0,1
118.0,1
120.0,4
99.33,1
130.0,2
71.75,1
132.0,1
137.0,1
139.0,1
35.0882,1
145.0,1
150.0,10
160.0,1
0.69,6
57.35,1
22.23,2
170.0,1
0.9458,1
177.0,1
180.0,1
188.0,1
200.0,13
89.15,1
8.9979,1
210.0,1
0.1943,1
72.35,1
27.14,1
47.86,1
220.0,1
37.0,1
48.2299999,1
225.0,1
230.0,1
235.56,1
7.01,3
4.7074999,1
5.42,1
23.3502,1
250.0,6
7.83,2
6.24,2
43.0,1
1.73,2
30.94,1
281.39,1
57.65,1
5.1669,1
4.6158,1
4.65,2
98603.0,1
300.0,5
5.4407999,1
303.0,1
12.3813,1
52.0,1
45.97,1
325.0,2
64.7,1
0.1604,1
99.5699999,1
0.1305,1
0.04,58
21.45,1
10.95,1
36.48,1
48.56,2
35.84,1
27.8675,1
2.4,6
400.0,2
5.1167999,1
12.59,2
410.0,1
420.0,1
38.0441,1
65.3,1
48.7699999,1
18.01,1
25.25,1
450.0,1
88.95,1
120.85,1
105.94,1
488.0,1
7.4214,1
495.0,1
10.4775,1
500.0,7
525.0,1
49.9,6
25.4,1
29.9902,1
15.8883,1
38.82,1
201.6099999,1
15.8382,1
99.81,1
39.1964,1
97.0,1
34.8878,1
40.5991999,1
866.58,1
1.68,1
25.6,2
57.5,1
612.0,1
0.7454,1
9.9,1
150.03,1
1.2825,1
43.9499999,1
2.17,2
17.1275,1
650.0,1
31.02,1
37.6432999,1
3.9645,1
44.48,1
31.5311,1
57.8,1
700.0,1
73.45,1
2.4848999,1
13.1,1
9.92,1
22.99,1
19.39,1
730.0,1
34.6873999,1
38.92,1
750.0,1
29.3399999,1
8.54,1
7.2711,1
26.27,1
14.5799999,1
87.25,1
1.4468,1
19.35,1
23.19,2
8.7275,1
3.3274999,1
42.15,1
48.71,1
800.0,2
74.05,1
15.8075,1
14.0075,1
15.5376,1
1.0902,1
1.0301,1
32.37,1
65.6,1
9.4475,1
1.05,10
49.75,2
880.0,1
7.26,2
47.43,2
40.26,1
89.25,1
900.0,2
519.52,1
6.2201,1
4.47,3
5.98,1
50.05,1
5.29,1
248.04,1
17.5,3
7.7,2
0.79,8
4.6392,1
165.0,1
23.4875,1
1000.0,6
50.06,2
1.5,6
1031.0,1
26.3601,1
17.65,1
1050.0,1
1.4595,1
300.0404,1
2.84,2
52.8499999,1
48.16,1
10.69,1
8.89,1
13.71,1
1090.0,1
2.31,1
1099.0,1
35.6393,1
7.6599999,1
1111.0,2
3.54,1
1121.0,1
9.15,1
66.8999999,1
1561.47,1
3.95,4
73.75,1
0.6699999,2
1170.0,1
32.6834,1
4.5657,1
42.3,1
3.3099999,1
22.4675,1
211.3,1
31.24,1
201.91,1
1.41,3
323.12,1
11.11,1
25.5275,1
19.1675,1
28.16,1
42.7,1
21.8,1
42.4099999,1
3.1999999,3
978.28,1
58.65,1
1300.0,2
16.4075,1
33.21,2
66847.0,1
1.37,1
4.3152,1
45.0999999,1
93.1499999,1
1.25,8
98.6,1
0.08,18
21.8675,1
28.31,2
9.6258,1
21.95,1
11.2,1
1400.0,1
0.15,45
8.02,2
12.84,1
22.47,2
18.87,2
44.04,2
0.7000999,1
2.1609,1
29.6075,1
48.61,4
37.2399999,1
67.3,1
30.9299,1
25.75,1
90.95,1
6.54,1
1488.0,1
21.4,1
1500.0,2
47.67,1
7.1208,1
34.95,1
1543.0,1
50.9,1
25.9,1
230.02,1
93.6499999,1
5.8,2
91.55,1
6.62,1
9.7995,1
16.46,1
5.93,1
4.34,2
7.44,3
26.1,1
58.5,1
17.05,2
6.75,3
19.245,1
49.4485515,1
40.79,1
20.29,1
1.8102,1
1690.0,1
2.08,4
2.2,1
84.96,1
12.42,1
70.8999999,1
4.4889,1
13.35,1
23.49,2
99.9299999,1
19.89,3
33.36,2
14.99,3
17.13,1
23.17,1
32.2825999,1
8.79,1
13.61,3
3.86,1
3.41,2
20.41,1
59.2,1
11.6199999,1
23.69,2
43.15,1
19.9464,1
2.27,1
5.9685,1
75.94,1
8.6299999,1
44.19,1
1850.0,1
4.9898999,1
100.0402,2
15.19,2
2.5349999,1
104078.0,1
67.6,1
12.2811,1
41.16,2
50.75,1
7.34,1
46.78,1
17.48,2
41.26,2
91.25,1
93.84,1
5.82,1
20.76,1
7.2945,1
1.98,2
51.05,1
1.08,4
2000.0,1
38.33,1
91.85,1
0.1800999,1
44.89,3
201.0002,1
28.2875,1
49.6501,1
2.5799999,1
31.9319,1
56.85,1
3.25,4
48.12,1
35.4,1
18.15,2
0.5811,1
41.96,2
1.6399999,1
1602.83,1
3.9875,1
2100.0,1
18.52,1
10.94,2
9.14,1
10.227,1
28.99,1
18.35,1
11.9805,1
9.4,1
50.1801,1
14.22,1
1562.47,1
9.8075,1
25.4799999,1
11.7002,1
48.7299999,1
1.0821,1
15.0275,1
86.8999999,1
8.6675,1
59.35,1
16.3893,1
2.6599999,2
3.0099999,1
1.5499999,2
43.3,3
35000.0,1
30.3287,1
0.3807,1
300.1,1
4.85,4
76.35,1
49.86,1
6.9599999,1
31.42,1
10.44,1
6.2424,1
999.74,1
29.1301,1
21.0799999,1
5.67,1
19.02,2
2300.0,1
6.49,1
6.9705,1
22.3,1
31.94,1
40.37,1
9.23,1
1592.56,1
59.65,1
21.4494,1
28.4801,1
46.93,1
29.3075,1
26.5475,1
22.9475,1
58.4,1
46.0999999,1
4.0146,1
34.8377,1
20.1875,1
86.7299999,1
35143.0,1
14.9364,1
19.0947,1
19.69,1
35.25,1
4.1499999,4
22.45,1
11.45,3
16.09,1
17.15,2
2.9124,1
0.3,24
3.73,1
7.3475,1
5.2,4
2.0105999,1
16.61,1
71.3999999,1
14.73,1
38.88,1
3.7373999,1
69.3,1
2.59,1
2.14,1
5.0675,1
2490.0,1
101.86,1
26.25,1
27.79,1
2500.0,3
40.09,1
92.95,1
450.2405,1
42.11,2
29.4275,1
19.49,1
1563.53,1
27.64,1
35.95,1
6.8202,1
51.9,2
26.4,1
95.6499999,1
93.55,1
24.0999999,1
23.32,1
40.22,1
9.1983,1
27.5675,1
23.9675,1
1.12,5
100.0202999,1
26.6,1
59.5,1
41.35,2
19.03,1
18.2931,1
45.9499999,2
21.2075,1
1.9475,1
50.01,22
42.81,1
1.55,5
100.08,1
21.6999,1
980.12,1
3.9144,1
23.71,1
14.3675,1
300.0218999,1
13.6,2
23.99,1
101079.0,1
20.39,1
34.36,1
15.24,3
17.63,2
4.1883,1
43.59,1
96.3,1
33.4,1
9.04,1
1171.78,1
2.3485999,1
7.7075,1
8.88,1
1570.02,1
4.4075,1
60.2,1
30.55,1
24.19,1
44.15,1
15.5,2
1.2965,1
26.05,2
8.3075,1
2888.0,1
980.11,1
44.5999999,1
69.6,1
15.0867,1
18.1929,1
6.44,1
51.75,1
11.6799,1
39.64,2
93.25,1
28.5875,1
5.41,1
7.82,1
15.26,1
48.82,2
18.02,2
6.9939,1
5.3675,1
52.05,1
5.54,1
18.5,2
7.95,2
3.66,1
93.85,1
45.89,2
8.5,2
1.9979,1
50.0104,1
6.6875,1
18.65,1
42.96,1
64.6499999,1
89.45,1
14.5475,1
26.79,1
46.52,1
2.05,8
28.29,1
14.37,2
21.93,1
11.19,1
9.39,2
17.26,1
8.01,1
18.85,1
14.47,1
40.03,1
4.18,1
8.724,1
12.9275,1
31.6313,1
202.41,1
88.8999999,1
60.35,1
47.63,1
50.8,2
44.3,1
0.58,8
6.9875,1
38.9401,1
979.7,1
16.24,3
8.64,2
31.92,1
3300.0,1
40.4989999,1
23.2475,1
1636.48,1
16.8875,1
1.28,6
19.52,2
22.8,1
1.3599999,1
16.44,2
41.37,1
6.6699,1
60.65,1
1.1075,1
33.5852,1
47.93,3
0.35,20
47.0999999,1
37.5430999,1
43.19,2
31425.95,1
48.97,6
68.55,1
70.7,1
8.8977,1
36.25,1
203.51,1
99.5099999,1
16.59,1
39.48,1
51.56,1
0.85,12
8.52,1
13.34,2
23.47,1
19.87,1
21.0987,1
17.11,1
73.3999999,1
14.98,1
39.8399999,1
39.88,1
3.4475,1
71.3,1
36.55,1
150.0101,1
26.75,1
0.0699999,11
94.95,1
704.22,1
1.8336,1
45.88,1
1580.21,1
43.11,1
4.038,1
65.93,1
14.2475,1
12.8675,1
11.0675,1
649.9999999,1
51.8499999,1
3600.0,1
6.1199999,1
26.9,1
100.0011,1
97.1,1
97.6499999,1
9.6875,1
29.5803,1
7.64,2
6.05,5
95.55,2
6.87,1
17.46,1
0.8899999,1
40.2485,1
93.76,1
7.77,1
6.18,1
4.59,1
7.69,1
27.1,1
60.5,1
72.45,1
19.5403,1
11.3793,1
5.07,1
46.9499999,1
10.6299999,1
24.9875,1
18.6275,1
146.41,1
16.6398,1
23.8403,1
0.1442,1
0.94,6
22.91,1
21.7475,1
37.4428999,1
32.0321,1
7.4949,1
60.8,1
6.8436,1
194.54,1
88.48,1
44.0899999,1
2.2699999,1
10.67,1
24.49,1
20.89,2
15.49,2
18.13,1
8.4875,1
5.7002,1
9.29,1
19.0446,1
46.43,1
980.07,1
14.11,2
27.77,1
10.93,2
28.4902,1
61.2,1
31.05,1
2.1982999,1
24.69,2
45.15,3
3.19,2
6.2675,1
0.0875,1
3.6,7
27.31,1
32.5832,1
118.61,1
5.8683,1
33.47,1
31.481,1
71.6,1
20.0675,1
161.3,1
11.0787,1
48.78,1
18.48,1
43.26,2
95.25,1
8.4234,1
8.6075,1
28.12,1
25.36,2
49.82,2
4.4675,1
28.1001,1
53.05,1
36.2699999,2
26.0075,1
19.6475,1
7.57,1
95.85,1
385.62,1
1.85,6
46.89,2
52.55,1
8.7000999,1
8.75,1
50.12,1
3.3867,1
43.96,2
100.52,1
29.97,1
64.55,1
14.62,1
12.82,1
38.44,1
11.44,2
9.64,2
16.07,1
170.4,1
88.2,1
30.8798,1
0.9318,1
0.6,20
140.0,1
13.8875,1
8.1228,1
5.3601,1
101.7899999,1
90.8999999,1
42.07,1
61.35,1
35.98,1
5.2699999,1
88.8,1
45.3,2
11.5399999,1
5.1,4
129.07,1
36.6603,1
69.95,1
26.38,1
36.2405,1
2.0339999,1
27.0275,1
38.0941999,1
20.6675,1
4350.0,1
6.74,1
45.7,1
23.3,1
48.7001,1
16.94,1
61.65,1
24.2675,1
48.93,3
17.9075,1
8.6502,1
26.86,1
6.3693,1
45.6299999,1
48.0999999,1
5.9184,1
0.26,15
35.1382999,1
0.34,6
72.7,1
46.67,2
2.7699999,1
135516.0,1
0.64,11
13.734,1
4.3999999,3
23.45,1
4.0475,1
17.09,2
42.9799999,2
13.5336,1
11.75,1
39.84,1
1.95,5
32.1823999,1
24.93,2
2.65,3
129.43,1
8.77,2
13.59,2
23.97,1
20.37,1
27.5899999,1
10.41,1
17.61,1
90.7,1
19.8963,1
3.51,1
73.3,1
9.52,1
4.716,1
96.95,1
5.0074999,1
64.85,1
12.7821,1
1.18,6
11.3299999,1
34.3367,1
101.51,1
34.7375,1
37.95,1
88.5,1
53.9,1
27.4,1
41.18,1
21.1488,1
6.2074999,1
202.1099999,1
97.55,1
16.9404,1
1.09,3
42.22,1
17.96,1
692.58,1
89.1,1
1.58,1
99.63,1
29.0675,1
61.5,1
26.6075,1
2.3899999,1
4.2383999,1
1.4075,1
47.9499999,1
1.01,8
44.81,1
32.09,1
33.2846,1
50.02,4
45.85,1
61.8,1
17.9199999,1
0.9585,1
2.8099999,1
2.32,2
28.1501,1
10.92,1
24.99,2
21.39,3
15.74,3
18.63,3
13.76,1
9.54,1
35.5892,1
9.38,1
62.2,1
39.22,1
25.19,1
46.15,4
68.61,1
47.19,2
2.5599999,1
4.3500999,1
4939.0,1
16.4675,1
38.495,1
4943.0,1
30.2786,1
73.6,1
9.1001,1
53.75,1
12.0875,1
8.9075,1
29.51,2
23.79,2
49.78,1
18.98,2
44.26,1
48.86,1
39.41,1
24.5099999,2
16.22,2
4.97,1
28.62,1
4.07,1
7.3212,1
67.74,1
54.05,1
39.8476999,1
185.56,1
5.79,3
4.2,3
15.89,1
450.0078,1
12.8823,1
97.85,1
15.8801,1
37855.0,1
24.55,2
36.8917999,1
54.45,1
27.6875,1
1.8476,1
19.65,1
0.1699999,2
68.6499999,1
40.19,1
4.2699999,1
66.55,1
15.77,2
11.69,3
9.89,1
16.57,1
1.75,6
33.9358999,1
90.2,1
5.56,1
17.6418,1
3.38,2
1.4094,1
10.18,1
7.4675,1
8.51,4
13.4334,1
50.0101,3
7.7454,1
28.0302,1
48.59,1
41.2299999,1
67.05,1
999.91,1
1.4402,1
92.8999999,1
25.9475,1
62.35,1
56.59,1
19.2951,1
90.8,1
46.3,2
31.75,1
24.6875,1
20.6199999,1
45.46,4
0.2799999,1
17.24,2
0.2703,1
26.88,1
2.7855,1
15.8360499,1
20.52,1
46.7,1
23.8,1
17.44,2
62.65,1
0.3071999,1
1.17,3
0.67,8
49.93,4
39.5971999,1
28.0475,1
24.4475,1
3.71,1
49.0999999,1
40.7996,1
115.05,1
1.1462,1
0.93,5
74.7,1
9.2003,1
2.09,2
1.4675,1
1.9605,1
300.0007,1
0.2001,1
27.5075,1
71.09,1
23.95,1
13.1328,1
7.5951,1
997.63,1
27.23,1
66.25,1
3.9,5
3.5075,1
30.83,1
13.84,1
38296.0,1
10.66,2
18.11,2
40.6994,1
23.67,1
41.88,1
38.55,1
11.3699999,1
18.6939,1
12.3,1
98.95,1
13.1075,1
3.2864999,1
45.11,2
9.9275,1
18.51,3
978.31,1
11.7275,1
8.5475,1
1.07,3
90.5,1
54.9,2
39.7975999,1
41.3499999,1
7.89,1
6.3,2
21.54,1
4.71,1
7.12,1
48.74,1
18.46,1
47.9099999,1
97.64,1
6.43,2
4.84,1
25.4675,1
19.1075,1
38500.0,1
261.3,1
0.6312,1
33.73,1
95.95,1
2.8474999,1
7.25,3
40.01,1
11.8699999,1
24.8075,1
979.64,1
10.1769,1
1367.58,1
17.0675,1
4.215,1
34.13,1
62.8,1
99.1499999,1
9.53,2
14.35,1
50.0107,1
7.2875,1
35.3002,1
25.49,2
21.89,1
43.92,1
9.79,1
4.1075,1
2.11,1
43.6599999,1
89.55,1
63.2,1
16.05,1
47.15,3
7.2401,1
20.1969,1
2.52,2
120.02,1
4988.65,1
51.4499999,1
49.7,1
1.1088,1
2.5999999,3
41.87,1
48.19,3
997.61,1
10.7781,1
14.0346,1
15.7881,1
54.75,1
68.74,1
41.1999999,1
19.48,2
1598.5,1
40.3987999,1
3.7875,1
12.02,1
1609.09,1
16.72,1
2.4615,1
23.7275,1
55.05,1
17.3675,1
1.31,5
7.43,1
18.03,3
99.85,1
71639.0,1
1.6833,1
55.45,1
50.25,1
34.4869999,1
45.96,3
70.6499999,1
67.38,1
9.9264,1
45.1299999,1
21.0486,1
29.79,1
23.43,1
40.44,1
33.24,1
10.14,3
14.96,1
92.2,1
31.8601,1
13.58,1
15.22,1
7.37,1
100.0202,7
25.6699999,1
3.1128,1
12.8322,1
41.2699999,1
1583.01,1
27.95,1
94.8999999,1
63.35,1
6.4193999,1
42.2099999,1
92.8,1
23.0302,1
14.4875,1
10.25,1
9.45,1
5.35,4
17.74,2
30.14,1
23.78,1
56.25,1
24.8,1
17.42,1
24.7475,1
18.3875,1
6.17,1
21.02,1
4.58,1
6.99,2
47.7,2
24.3,1
17.94,2
18.22,2
63.65,1
39300.0,1
100.06,4
5.4,1
39200.0,1
6.042,1
50.0999999,1
45.41,1
20.4474,1
14.8201,1
1.7975,1
2.24,2
400.0013,1
5.8182,1
95.1499999,1
3.31,1
23.2,3
40.7699999,1
24.45,2
12.45,1
18.09,3
12.5316,1
68.25,1
6.55,2
3.57,1
31.33,1
14.09,1
18.61,2
36.32,1
15.73,2
55.6,1
2.39,1
12.55,1
6.3875,1
17.4915,1
8.0399999,1
7.1709,1
68.85,1
46.11,2
11.8799999,1
3.1361999,1
7.3947,1
12.58,2
2.4499999,4
8.7975,1
12.5817,1
59.8,1
92.5,1
36.62,1
55.9,1
28.4,1
43.18,2
42.3499999,1
18.6438,1
25.32,3
44.22,1
18.96,2
39500.0,1
1.04,4
93.1,1
73.6499999,1
28.6,1
63.5,1
25.35,1
972.6,1
49.9499999,2
2.9099999,1
13.9,3
46.81,2
26.4875,1
20.1275,1
1540.28,1
9.4599999,1
28.2101,1
9.5757,1
41.29,1
24.21,1
46.49,2
47.85,1
0.1068,1
39.3602,1
63.8,1
6.4,2
33.1301,1
14.6,1
16.34,2
25.99,1
22.39,1
38.36,1
8.24,1
160.7001,1
3.8142,1
10.04,1
14.86,1
0.37,10
26.19,1
49.4499999,1
10.4675,1
48.15,3
31.4309,1
5.9418,1
88.1499999,1
0.95,9
0.7815,1
67.35,1
86.05,1
15.5075,1
49.19,1
14.1275,1
41.99,1
12.3275,1
1.209,1
9.1475,1
41.1599999,1
10.9475,1
1572.1099999,1
55.75,1
13.1299999,1
14.74,2
9.7494,1
16.7,1
1111.01,1
42.1999999,1
1093.6199999,1
6.81,1
5.91,1
17.22,3
4.32,1
17.5917,1
6.73,1
1.3593,1
24.6201999,1
12.89,1
2.3112,1
56.05,1
7.63,2
201.81,1
6.04,2
4.45,3
2.048,1
49.81,1
974.92,1
4.1899999,1
17.6199999,1
0.6299999,1
12.6819,1
40.1483,1
56.45,1
74.25,1
40.4,3
72.6499999,1
97.7,1
201.51,1
2.3,7
70.55,1
15.37,2
13.57,1
5.3075,1
12.19,1
10.39,3
17.57,2
60.72,1
19.8462,1
529.69,1
94.2,1
2.71,1
45.04,1
19.8275,1
13.83,1
3.12,2
20.85,1
29.9799999,1
10.65,2
150.0404,1
18.7941,1
15.3873,1
18.2599999,1
38.51,1
34.2365,1
202.91,1
96.8999999,1
45.07,1
2.8121999,1
24.5075,1
94.8,1
48.3,1
59.55,1
25.1403,1
35.58,1
18.24,2
246.22,1
42.14,1
17.92,1
28.5275,1
22.1675,1
88.25,1
48.7,1
9.99,2
18.44,2
45.37,1
32.65,1
25.7675,1
100.0244,1
19.4075,1
1.61,1
39.21,1
8.0226,1
48.57,1
51.0999999,1
31.96,1
46.41,2
27.1402,1
64.8,1
22.52,1
23.6899999,1
100.3001,1
5.87,1
5.217,1
9.0275,1
23.4199999,1
1.5703,1
96.55,2
24.95,1
12.7,1
18.59,1
36.28,1
70.25,1
9.1,2
17.85,2
29.1875,1
53.25,1
14.34,2
4.2875,1
50.04,4
19.11,1
25.8002,1
56.6,1
11.7999999,1
0.84,6
11.9675,1
8.7875,1
70.85,2
47.11,1
0.545,1
100.18,1
5.7915,1
40.95,1
94.5,1
12582.95,1
19.99,2
56.9,1
2.3613,1
71.35,1
38.28,1
43.3499999,1
4.14,2
39.6001,1
1.6973,1
4.96,1
45.22,3
19.46,2
6.5074999,1
49.9099999,1
47.5599999,2
6.68,1
16.8275,1
5.09,3
4.19,1
6.2924999,1
65.79,1
3.3875,1
1591.2,1
14.8863,1
50.9499999,1
7.5,2
47.2399999,1
19.53,1
32.4202,1
36.7915999,1
42.29,1
65.8999999,1
48.85,1
32.8,2
204.0636211,1
40.7495,1
87.45,1
2.92,1
14.85,1
11.67,1
26.49,1
22.89,2
8.49,1
20.13,1
0.39,11
45.92,2
21.87,1
10.29,2
11.93,1
0.74,5
26.69,1
49.15,1
3.44,1
4278.65,1
1064.23,1
7.5875,1
1.65,5
3.85,3
88.05,1
21.3492,1
0.66,7
56.75,1
478.76,1
17.2,1
16.2275,1
43.1999999,2
20.48,1
47.26,2
1600.5,1
6.8402,1
26.0099999,1
17.72,1
30.12,1
89.28,1
3.6701,1
20.4275,1
35.73,2
3.0999999,3
1.1675,1
57.05,1
1.77,2
40.9499,1
41.5999999,1
15.0875,1
0.1409,1
33.2345,1
100.12,1
7.6452,1
522.47,1
100.0201999,4
44.83,3
210.0003,1
13.1199999,1
38.17,2
1.3466,1
42.84,1
6.5675,1
57.45,1
1.533,1
90.3999999,1
41.4,1
150.07,1
21.15,1
74.6499999,1
450.02,1
72.55,1
106551.0,1
24.43,1
12.44,1
35.24,1
10.64,2
18.07,1
10.1399999,1
96.2,1
5.3172,1
3.5675,1
9.26,1
14.08,1
21.35,1
2350.0404,1
48.52,1
87.83,1
203.6099999,1
87.75,1
3.5637,1
48.1599999,1
98.8999999,1
8.9745,1
2.6618999,1
96.8,1
49.3,1
5.6,5
88.35,1
31.14,1
5.5001,1
4.2203,1
47.4799999,1
9.225,1
42.3099999,1
6.42,2
22.02,1
4.83,1
25.3,1
33.65,1
40.21,1
24.6702,1
5.65,1
0.2304,1
52.0999999,1
0.7,13
4.69,1
9.24,1
37.994,1
31.982,1
4.8999999,4
260.01,1
25.45,1
12.95,1
72.25,1
31.7,1
10.6475,1
17.9925,1
7.1604941,1
2.9,3
14.59,2
7.4075,1
22.37,1
7.2899999,1
16.01,1
8.23,1
57.6,1
8.6739,1
3.76,1
41.55,1
41400.0,1
7.9725,1
200.0213,1
1249.53,1
33.5351,1
57.9,1
28.2001,1
44.3499999,1
47.07,1
20.9599999,1
980.81,1
1.9839,1
150.0102,2
39.02,1
65.2,1
19.7961,1
50.6999999,1
966.58,1
2.7799999,2
20.3472,1
29.63,1
29.6,1
20.6075,1
95.1,1
51.9499999,2
24.2075,1
48.81,1
13.4101,1
36.09,1
0.2805,1
67.8999999,1
34.3867999,1
49.85,2
65.8,1
4.0599999,2
1.13,1
3.9879,1
3.0599999,1
39.497,1
10.28,1
26.99,1
23.39,1
8.74,1
20.63,1
0.53,10
46.92,2
1570.59,1
10.54,1
1145.78,1
11.7801,1
1.23,6
17.55,1
27.19,1
3.7641,1
2.3346,1
50.15,1
0.99,11
88.86,1
30.8297,1
92.1499999,1
3.3,5
49.5999999,1
100.1204,1
90.05,1
22.7675,1
6.6099999,1
40.62,1
30.4801,1
57.75,1
24.06,1
17.7,1
7.06,1
6.16,1
9.6993,1
0.61,8
35.54,1
11.3292,1
25.2275,1
58.05,1
18.8675,1
6.29,1
9150.0,1
21.5,1
4.7,3
179.49,1
5.6678999,1
45.33,1
32.61,1
0.4203,1
45.31,1
58.45,1
426.25,1
19.4,1
82.0099999,1
243.68,1
975.04,1
13.82,2
48.1299999,2
74.55,1
14.07,1
43.44,2
12.69,2
10.89,2
18.57,2
140354.0,1
98.2,1
12.6299999,1
66.1,1
3987.32,1
9.51,1
43.2699999,1
21.85,1
11.15,1
6.0874999,1
0.3275,1
5.5706,1
0.11,35
33.31,2
1.2,10
89.75,1
100.1202,1
84.79,1
0.1475,1
44.0999999,1
98.8,1
8.3733,1
17.75,2
26.1875,1
90.35,1
31.64,1
28.88,1
44.14,1
1.66,1
26.2475,1
4.1674999,1
19.8875,1
71.95,1
0.8082,1
16.16,1
24.3875,1
25.8,2
47.37,1
39.0961999,1
1606.1199999,1
135.56,1
13.1499999,1
53.0999999,1
45.1401,1
35.69,1
47.77,1
8.38,2
1590.6799999,1
200.0199999,1
0.77,6
20.73,2
36.1402999,1
16.31,1
25.95,1
30.7796,1
45.48,1
29.23,1
47.9799999,4
44.84,1
42.4,1
100.021,1
8.547,1
2.9625,1
10.02,1
14.84,3
26.47,1
20.11,1
58.6,1
40.86,1
33.1843999,1
34.2201,1
42.55,2
8.0727,1
20.3973,1
1500.6273999,1
74.85,1
2.3499999,4
15.7475,1
3.36,3
5.1903,1
58.9,1
239.02,1
980.77,1
46.18,1
2.8495999,1
45.3499999,1
4.39,1
6.8,3
17.18,1
7.62,1
20.8499999,1
67.2,1
1.547,1
38.1943999,1
99.1,1
6.03,1
459.4,1
5.34,2
1.9104,1
4.44,1
34.5,1
42607.0,1
52.9499999,1
57.01,1
7.75,4
18.37,1
27.9875,1
21.6275,1
27.4303,1
44.29,1
69.8999999,1
3.4134,1
29.98,1
67.8,1
12.9825,1
16.3299999,1
2.5115999,1
91.45,1
67.3999999,1
10.53,2
15.35,1
7.9959,1
23.89,1
8.99,1
1.02,8
1.81,2
39.9479,1
17.4275,1
1055.3599999,1
5.64,2
10.79,1
999.07,1
2.36,4
13.81,1
12.43,1
10.63,1
2.46,3
35.2,1
18.05,1
90.1499999,1
27.69,1
1.6475,1
51.15,1
26.4799999,1
2.77,2
2.1843,1
94.1499999,1
6.6,5
3.18,1
92.05,1
2.4699999,1
44.99,1
13.9845,1
21.5075,1
49.41,1
58.75,1
12.4201,1
150.05,1
18.2,2
45.1999999,1
18.72,1
36.54,2
15.1869,1
10.728,1
116.3,1
59.05,1
0.68,5
29.0075,1
1579.3,1
22.6475,1
294.98,1
2.7801999,1
48.0599999,1
71.1499999,1
3.34,1
12.9902,1
16.2875,1
35.5391,1
3.5871,1
35.2384999,1
63.1,1
59.45,1
67.5,1
999.5,1
9.8763,1
2.6852999,1
40.6399999,1
43.4,1
22.15,1
49.96,2
4.9899999,1
18.94,2
29.6601,1
2.4875,1
49.5002,1
14.32,1
44.44,2
12.94,2
11.14,3
19.07,1
28.71,1
68.1,1
9.76,1
19.54,1
3.5,3
22.35,2
13.87,1
15.3875,1
47.03,1
0.22,11
30.1784,1
47.1599999,1
91.75,1
36.992,1
89.2099999,1
12.2075,1
12.9324,1
0.42,10
35.35,2
0.6899999,5
3.0126,1
51.3,1
15.4875,1
5.85,4
92.35,1
16.14,1
39.6472999,1
84.92,1
23.02,1
5.08,1
7.49,2
1300.0202,1
26.3,1
10.08,2
48.37,1
27.2675,1
20.9075,1
17.3075,1
42.21,1
5.9,1
49.65,2
36.6913999,1
1.34,4
48.77,2
31.01,1
5.17,1
3.5501,1
30.4289,1
48.46,1
5.1499999,2
16.81,2
33.7354999,1
13.45,1
20.09,1
46.48,2
37.1924,1
5.5409999,1
67.55,1
46.6999999,1
1.2275,1
10.27,1
17.33,2
4.3475,1
13.3833,1
23.37,3
11.91,1
20.61,1
87.3999999,1
59.6,1
29.1275,1
1562.71,1
13.55,1
76228.0,1
44.34,2
125.47,1
76.85,1
998.23,1
7.8456,1
19.01,1
59.9,1
1575.54,1
3.64,2
1.3827,1
1812.3,1
46.3499999,1
34.0361,1
35.8397,1
24.04,1
17.68,1
27.32,1
69.2,1
1.39,3
1.7401,1
18.3275,1
35.5,1
2.4989,1
32.5803,1
3.1599999,1
1.8,8
38.09,2
9.5256,1
100.02,22
10.4274,1
69.8,1
35.8,1
14.43,2
93.45,1
10.78,1
2.8499999,4
55.08,2
24.39,3
16.8402,1
2.87,1
48.92,1
18.5937,1
11.04,1
15.86,1
14.06,1
12.68,1
7.545,1
18.55,1
44.9401,1
28.19,1
52.15,1
96.1499999,1
10.8875,1
3.714,1
7.5216,1
101.4,1
46.8499999,1
5.8917,1
59.75,1
13.5875,1
10.4075,1
25.06,1
18.7,2
46.1999999,1
43.89,1
100.1100999,1
25.58,1
16.5875,1
6.41,1
5.72,1
5.7,2
58.55,1
980.79,1
19.04,1
60.05,1
10.1268,1
202.31,1
22.5,1
4.95,4
34.2866,1
6.3699999,1
30.5401,1
95.3999999,1
38.4448999,1
7.0206,1
3.4368,1
60.45,1
69.5,1
26.9401,1
57.12,1
39.3799999,1
23.1875,1
41.25,2
22.65,2
65.85,1
2.4099999,1
93.95,1
16.29,1
14.57,5
13.19,1
11.39,1
19.57,1
7.3713,1
100.0204,2
2.96,3
70.1,1
21.5496,1
0.23,11
7.5275,1
22.85,1
7.79,1
3.4409,1
0.44,10
4.7699999,1
15.99,2
15.738,1
1300.01,1
203.41,1
0.59,7
13.0827,1
49.07,1
9.549,1
48.2399999,1
52.3,1
16.8903,1
382.0,1
94.35,1
16.64,1
58.86,1
26.28,1
46.14,2
45.3099999,1
999.4799999,1
32.5899999,1
33.9902,1
1.53,3
96.5,1
5.3699999,2
26.8,2
36.65,1
4.7394,1
0.8957,1
65.1499999,1
2.0701,1
2.4899999,2
42.44,1
49.77,1
48.27,1
24.5999999,1
20.9484,1
96.67,1
7.5702,1
4.98,2
12.4314,1
17.31,1
80.7899999,1
26.95,1
13.2199999,1
20.59,1
47.48,1
40.28,1
49.9799999,4
46.84,1
200.1,2
19.3953,1
74.3,1
3.0875,1
10.52,1
17.83,1
15.34,1
21.11,1
17.51,2
15.0366,1
36.4409,1
43.0899999,1
47.88,1
58.8,1
26.1199999,1
44.55,2
12.8699999,2
40.5490999,1
6.6899999,2
13.8,1
16.9905,1
54.13,1
1579.46,1
11.4275,1
99.8699999,1
82.43,1
20.43,2
13.2275,1
10.0475,1
8.2475,1
44.95,2
19.66,1
10.0499999,1
60.9,1
23.3603,1
107.6,1
40695.95,1
107.68,1
980.76,1
47.3499999,1
4.64,3
7.05,3
0.9819,1
42.66,1
18.18,1
49.22,3
15.6275,1
71.2,1
2.2611,1
18.95,1
5.59,2
28.4675,1
36.5,1
980.21,1
39.3968,1
39.73,1
1.7601,1
2.6492,1
25.7075,1
19.3475,1
3532.32,1
2.4274999,1
46.29,2
73.8999999,1
80074.26,1
40.13,1
71.8,1
9.8262,1
1077.05,1
88.98,1
95.45,1
15.85,1
12.67,1
28.49,2
4.2275,1
24.89,1
9.49,2
7.24,3
49.92,1
13.3,1
4.9163999,1
11.29,1
33.68,1
8.11,2
12.93,2
10.5275,1
19.05,2
31.3307,1
28.69,1
1607.2399999,1
53.15,1
3.69,1
98.1499999,1
20.9,1
2.1,4
0.4809,1
96.05,1
41.47,1
216651.54,1
7.221,1
87.6,1
980.75,1
60.75,1
19.2,2
28.84,1
47.1999999,1
34.4799999,1
305.2799999,1
15.4374,1
6.4399999,1
38.9959999,1
3.3499999,4
61.05,1
44.2699999,1
20.3675,1
10.3503,1
5415.69,1
17.28,2
48.33,2
1.5831,1
36.0400999,1
16.1899999,1
61.45,1
71.5,1
37.8437,1
6.4401,1
45.4,1
23.15,1
4.5891,1
355.87,1
16.79,2
1.7102,1
46.44,1
13.44,1
11.64,1
20.07,1
33.0841999,1
8.46,1
72.1,1
0.46,14
19.2399999,1
23.35,1
1.3967,1
66.08,1
0.88,6
36.31,1
95.75,1
29.99,2
5.0900999,1
15.1368,1
1.43,3
0.6875,1
11.1875,1
19.3452,1
37.35,1
12.4815,1
53.3,1
15.9875,1
64.45,1
45.65,2
6.8675,1
6.1,3
1.3899999,1
96.35,1
26.7699999,1
23.6075,1
7.7955,1
60.55,1
27.7475,1
71.1,1
4.3887,1
21.3875,1
17.3913,1
2.7874999,1
17.66,1
7.74,1
53.7,2
44.21,1
67.1499999,1
4.4388,1
65.05,1
73.29,1
88.7,1
2.5199999,1
37.92,1
50.0105999,1
45.25,2
18.3003,1
5.3999999,2
0.207,1
13.95,1
21.09,3
0.8583,1
9.7802,1
36.2906,1
3.15,4
98.55,1
400.02,3
18.33,2
15.59,1
3.56,1
91.3999999,1
5.5176,1
48.88,4
1.1589,1
12.1809,1
89.3,1
45.55,3
2.42,1
9.2751,1
7.9503,1
12745.0,1
79.7099999,1
39.39,1
24.78,1
102.01,1
7.2444,1
30.7295,1
42.62,1
61.9,1
1.3092,1
102.94,1
48.3499999,1
20.49,2
203.1099999,1
25.04,2
395.64,1
1.2324,1
200.0005,1
101.8699999,1
7.0707,1
42.6703,1
1000.0078537,1
36.6699999,1
9.7475,1
3988.65,1
4.8663,1
30.1283,1
1.26,4
43.2299999,1
64.75,1
29.4875,1
4.1148,1
23.1275,1
98.3999999,1
7.6475,1
19.5456,1
47.29,1
7.65,3
53.85,1
38.6,1
73.8,1
37.8,1
9.3252,1
97.45,1
49.4,1
8.1,2
12.92,1
65.35,1
1.0475,1
25.39,1
9.74,1
10.1675,1
14.9865,1
100.04,5
2.0606999,1
11.54,1
13.42,1
2.5475,1
14.56,1
29.3675,1
38.2,1
19.55,1
40.47,1
25.0799999,1
29.19,2
54.15,1
0.0409,1
89.11,1
41.43,1
41.3,1
98.05,1
111418.0,1
47.99,2
13.8275,1
28.83,1
42.47,1
33.4349,1
89.6,1
6.9204,1
9.2675,1
61.75,1
30.2285,1
48.1999999,2
22.98,1
4.4154,1
19.6458,1
979.67,1
39.54,1
29.86,1
14.8362,1
10.8783,1
62.05,1
4.38,2
6.79,1
23.5,1
24.1475,1
7.61,1
0.16,12
49.33,1
36.61,1
291.87,1
17.7875,1
7.1442,1
62.45,1
73.5,1
33.6352999,1
46.4,1
23.65,2
38.7455,1
17.29,4
26.93,1
47.44,3
13.69,2
11.89,1
50.0103,1
34.72,1
8.71,1
68.7,1
980.69,1
431.73,2
74.1,1
0.92,10
10.51,1
2.29,2
15.33,1
29.29,1
23.85,2
265.0999999,1
1541.47,1
0.96,8
19.1448,1
50.03,4
1.51,5
97.75,1
2.86,5
0.07,6
54.3,1
32.8337,1
9.3486,1
66.45,1
42.71,1
98.35,1
17.64,2
29.67,1
16.4895,1
5.4275,1
1.99,1
34.5899999,1
24.52,1
25.1675,1
18.16,1
7.0941,1
17.45,2
54.7,1
27.8,1
17.3299999,1
21.44,1
28.7675,1
1.42,4
22.4075,1
18.8075,1
16.0475,1
69.1499999,1
42.6699999,1
22.5602999,1
18.1428,1
0.3573,1
1.9,8
46.25,1
18.31,1
1582.8899999,1
21.59,1
49.48,2
42.28,1
11.01,1
979.9,1
2.0075,1
11.02,2
18.83,1
15.84,2
24.87,1
50.0102,3
22.11,1
93.3999999,1
43.32,1
9.48,1
27.4475,1
62.6,1
20.5476,1
91.3,1
43.7,1
46.55,3
9.3987,1
13.4675,1
10.2875,1
8.9244,1
39.7474999,1
19.5875,1
3.6875,1
16.5897,1
46.95,2
4.4654999,1
27.26,1
62.9,1
0.0941,1
46.5599999,2
49.3499999,1
4.89,1
7.3,2
0.87,6
7.4448,1
0.47,9
4.12,2
5.6674999,1
22.46,2
75.2,1
110.14,1
23.4275,1
6.53,1
5.84,1
6.7701,1
16.1,1
2.211,1
34.53,1
4.25,3
48.26,1
38.3446999,1
66.75,1
31.8818,1
145046.0,1
48.29,1
54.85,1
0.4308,1
0.0604941,1
1589.61,1
46765.0,1
38.8,1
9.4488,1
99.45,1
91.6499999,1
11.53,2
29.49,1
25.89,1
8.6238,1
23.13,1
28.6475,1
16.6899,1
23.91,3
21.4995,1
11.79,1
2.61,1
14.81,2
2.16,2
48.9099999,6
48.11,1
20.05,1
29.69,1
32.4328999,1
0.4575,1
55.15,1
3.02,6
88.6,1
3.43,1
48.95,1
100.05,1
0.6579,1
48.39,3
48.99,1
1.6599,1
13.96,2
91.6,1
27.57,1
62.75,1
0.3903,1
87.24,1
20.2,1
973.63,1
29.84,1
49.1999999,1
18.5436,1
35.2360499,1
1.15,10
18.0875,1
20.72,1
17.12,1
40.54,2
82.2299999,1
445.77,1
23.8103,1
63.05,1
46.2699999,1
1.72,1
11.5797,1
3.3131999,1
10.7199999,2
37.61,1
44.17,2
20.8983,1
63.45,1
6.9438,1
92.62,1
47.4,3
24.15,3
200.0209999,1
54.55,1
17.79,4
27.43,1
28.7075,1
13.94,1
12.14,1
3.1475,1
8.8476,1
1.84,1
24.35,1
41.4499999,3
3.27,2
38.31,1
1.2464,1
99.75,1
0.78,10
1594.07,1
3.65,4
55.3,1
12.231,1
11.2791,1
6.35,5
18.14,2
53.5,1
9.0246,1
25.2875,1
18.66,1
55.7,1
21.94,2
6.7935,1
4.2885,1
73.95,1
129.1399999,1
28.9475,1
33.8356999,1
69.05,1
40.69,1
311.66,1
92.7,1
32.6599999,1
1.9478,1
46.4199999,1
47.25,2
18.81,2
22.09,1
1.54,3
49.84,2
1585.8,1
2.07,2
31.1401,1
8.09,2
31.2806,1
12.91,1
65.27,1
4.3,5
9.73,1
63.6,1
38.5952,1
93.3,1
22.69,1
2.89,2
5.4174,1
16.25,1
17.5299999,1
35.55,1
0.13,12
3.75,3
0.6452,1
17.03,1
1575.53,1
47.05,2
25.8275,1
47.95,1
2.7199999,1
63.9,1
4.1648999,1
0.49,12
5.47,2
3.83,1
23.5802999,1
50.3499999,1
0.6275,1
38.8957999,1
2.1399999,2
1.29,4
729.58,1
5.6000999,1
16.6,1
39.5,1
750.3014,1
88.3,1
6.4695,1
27.2075,1
45.2299999,1
20.8475,1
68.75,1
1.5275,1
1570.53,1
280.14,1
35.9398999,1
1.3799999,2
15000.0,1
1576.6,1
88.27,1
37.74,1
55.85,1
13.09,1
62.85,1
35.7896,1
8.4969,1
30.48,1
8.6,3
32.9839999,1
69.35,1
26.39,1
46.36,2
10.24,1
23.63,1
38.42,2
201.71,1
1576.59,1
1.3399999,1
12.04,1
17.27,1
20.2971,1
81.22,1
20.55,1
51.6999999,1
8.53,1
56.15,1
200.7,1
42.5999999,1
11.3075,1
9.5075,1
8.1275,1
49.99,5
0.9875,1
37.0421,1
83.65,1
972.59,1
56.7,1
93.6,1
11.8302,1
63.75,1
50.1999999,1
23.98,1
37.4799999,1
29.8277,1
17.3412,1
18.744,1
3.3633,1
27.58,1
6.91,1
21.22,1
17.62,1
16.7901,1
64.3999999,1
7.73,2
21.12,1
0.0999999,13
0.7581,1
28.2275,1
32.05,1
4.63,1
4.3385999,1
202.81,1
7.04,2
24.5,1
5.45,3
7.86,1
975.05,1
10.9785,1
1.11,3
4.7894999,1
45.17,1
3.6639,1
44.3399999,1
73.1499999,1
48.4,1
24.65,1
6.6432,1
88.6499999,1
64.2,1
5.4875,1
2.8,3
18.29,3
9.37,1
15.57,1
49.44,1
14.19,3
12.39,1
21.57,3
3.21,3
18.4475,1
11.8803,1
2.18,1
39.29,2
257.9551,1
15.83,3
3.62,2
24.85,1
2.0980999,1
9.47,1
29.7275,1
42.4499999,3
4.54,2
4.8101,1
4.75,4
27.24,1
26.24,2
11.94,2
30.6794,1
56.3,1
70.45,1
43.58,1
10.6779,1
22.24,1
18.64,1
28.28,1
14.5857,1
11.4601,1
29.2475,1
1.45,10
22.8875,1
16.5275,1
96.75,1
81154.0,1
28.8,1
18.3299999,1
0.0501,1
1.88,2
1.86,3
6.4929,1
0.1399999,1
1.7835,1
71.05,1
47.21,1
34.49,1
97.3,1
5.9899999,1
8.2999999,1
94.7,1
8.2003,1
37.6933999,1
11.9304,1
48.25,1
9.59,1
28.4201,1
1.1904,1
2.6399999,2
14.7,1
22.59,2
8087.0,1
11.52,1
19.83,1
8.34,2
125.01,1
23.11,1
45.32,2
30.0782,1
2.04,1
95.3,1
0.14,16
2.6075,1
8.1963,1
0.4475,1
3.1628999,1
0.5675,1
14.6358,1
999.31,1
20.5977,1
106.68,1
15.8675,1
14.0675,1
16.1889,1
19.6959,1
37.71,1
45.62,1
16.9,2
0.73,5
89.85,1
38.53,1
12.6875,1
20.91,2
6.8703,1
51.3499999,1
5.14,3
7.55,4
5.96,1
2.8356,1
1.38,4
4.37,1
7.28,2
5.27,1
6.09,2
17.1,1
15.4003,1
4.5,3
70.75,1
49.4899999,2
21.5997,1
24.6275,1
0.4949,1
4.4399999,2
200.04,1
13.3332,1
12.03,1
8.85,2
14.6859,1
26.0799999,1
30.49,1
26.89,1
47.36,1
10.49,2
93.34,1
19.86,2
3.08,1
250.0003,1
17.77,1
7.7675,1
3.49,3
41.2,1
23.7503,1
35.6894,1
57.15,1
3.94,2
14.7275,1
368.15,1
39.04,1
3.3365999,1
43.5999999,1
20.4975,1
137.97,1
202.71,1
38.27,1
32.7335,1
1583.18,1
95.6,1
16.4701,1
17.6075,1
14.3853,1
48.55,2
100.0099999,2
69.3999999,1
21.2,1
642.88,1
43.87,1
51.1999999,1
48.06,1
40.8998,1
28.08,1
16.1388,1
38.7399999,1
18.12,2
66.3999999,1
150.0001,1
64.3,1
48.2699999,2
19.9475,1
9.65,1
25.6475,1
87.95,1
2.9674999,1
14.736,1
3.42,3
38.08,1
2.0099999,3
10.3773,1
19.24,1
900.2514,1
46.17,1
112.3801,1
45.3399999,1
5.4399999,1
179.07,1
25.15,4
90.6499999,1
6.3426,1
35.8499999,2
37.7435,1
88.55,1
14.44,1
12.64,1
31.71,1
2.0675,1
7.0475,1
11.26,1
0.8316,1
39.77,1
43.4499999,1
80.33,1
8.83,1
47.51,1
19.3001,1
40.31,2
22.13,1
16.98,1
15.9885,1
57.3,1
41.7299999,1
13.2875,1
22.42,1
6.5199999,3
23.7803,1
26.6675,1
4.24,1
10.75,2
57.7,1
8.8242,1
22.94,1
41.65,1
38.2444999,1
23.9075,1
120.06,1
800.0101,1
17.5475,1
75.1499999,1
6.0599999,1
50.0201,2
37.9439,1
42.25,1
73.05,1
96.7,1
19.6803,1
64.6,1
35.2885999,1
49.25,1
75.0899999,1
14.95,2
23.09,1
20.3299999,1
6.0186,1
15.71,1
7.3446,1
3.4,4
11.77,1
8.59,1
11.3899999,1
20.01,1
10.23,1
32.3326999,1
1545.54,1
2.26,2
0.28,11
2.67,1
2.22,1
17.25,2
13.0326,1
34.7876,1
88.85,1
0.52,11
6.5195999,1
49.95,2
46.62,1
18.4935,1
17.4,1
1.71,2
40.46,1
34.32,3
27.04,1
2.76,1
24.9275,1
21.3275,1
18.5675,1
17.6,2
41.5,2
200.63,1
45.5899999,1
37.53,1
72.75,1
1.59,3
20.8482,1
35.2002,1
50.3,1
57.85,1
1.8837,1
50.1,1
41.8,2
0.3999999,6
9.4989,1
12.28,1
34.988,1
12.732,1
73.35,1
27.39,1
10.74,1
24.63,1
193.68,1
10.0767,1
12.54,1
45.0101,1
9.36,1
14.18,1
289.38,2
25.1,2
94.11,1
58.15,1
17.8923,1
3.2075,1
31.8317,1
18.2075,1
39.91,1
3.1862999,1
14.8475,1
65.7,1
32.87,1
97.6,1
50012.0,1
450.0046,1
41.27,1
6.4475,1
52.1999999,1
11.6298,1
16.6199999,1
214.23,1
0.2075,1
31.86,1
68.3999999,1
100.0201,14
17.98,1
91.74,1
66.3,1
15.6879,1
44.9599999,1
7.29,2
25.5,1
5.3673,1
89.95,1
4.11,2
47.17,3
9.7761,1
40.56,1
83.91,1
50.4,1
25.65,1
92.6499999,1
31.2305,1
19.29,2
9.87,1
98.5,1
14.69,1
16.21,3
20.88,1
8.22,1
46.5199999,1
25.85,1
8.2099999,1
200.0204,1
19.41,1
24.5675,1
2.95,2
3.5599999,1
1593.8599999,1
42.26,2
58.3,1
9.9498,1
74.45,1
74.46,1
18.23,1
14.235,1
58.7,1
29.8,1
2.1999999,4
42.65,3
1.32,2
30.03,1
75.05,1
17716.0,1
43.69,1
436.5699999,1
1.6472,1
1.6332,1
66.6,1
32.8837999,1
20.31,2
18.1475,1
15.2,1
23.59,1
2.3099999,2
17.23,1
90.25,1
20.247,1
11.9075,1
8.84,2
45592.95,1
26.87,1
34.11,1
0.56,9
15.3,1
7.2275,1
90.85,1
35.0381,1
29.65,3
0.9,14
2.3901,1
6.2189999,1
47.62,2
17.9,2
3.67,2
41.46,1
32.0822,1
53.3499999,1
5.39,2
7.8,3
6.21,1
6.02,1
4.62,1
19.59,2
20.99,1
7.93,1
6.34,1
21.0999999,1
18.1,1
42.5,1
2.6993,1
23.8102,1
33.01,1
22.3475,1
74.75,1
58.85,1
4.6899999,2
7566.69,1
42.8,1
116417.0,1
87.8999999,1
12.53,1
20.53,2
14.17,1
27.89,1
10.99,2
31.17,2
9.048,1
9.4755,1
12.79,1
16.9475,1
18.77,1
975.26,1
22.05,3
59.15,1
0.97,5
13.67,1
1133.6,1
100.94,1
45.5999999,1
3.6138,1
40.91,1
146.22,1
30.6293,1
47.47,1
40.27,1
67.7,1
47.8799999,1
48.66,1
5.5199999,1
79.49,1
22.2,1
53.1999999,1
1.6098,1
28.3701,1
0.29,15
43.0199999,2
0.3299999,1
16.36,1
28.76,1
6.3926999,1
68.3,1
1.48,3
23.3675,1
17.0075,1
9.6492,1
91.95,1
47.3099999,1
48.17,1
37.5931999,1
0.32,10
14.5356,1
9.1749,1
58.35,1
35.45,1
32.12,1
98.87,1
51.4,1
26.15,1
38.68,1
94.6499999,1
1572.33,1
37.8499999,1
34.6372999,1
19.79,1
29.43,1
18.27,2
14.94,1
13.14,1
23.07,1
30.0281,1
9.25,2
14.64,1
25.69,1
8.58,1
3.8075,1
26.35,2
10.22,1
2.99,1
26.7299999,1
9.3875,1
45.4499999,1
46.32,1
1.92,4
21.3993,1
5.8802,1
92.02,1
35.3887999,1
59.3,1
14.7861,1
1571.83,1
6.85,3
23.74,1
20.14,1
33.86,1
3.84,2
12.1308,1
40.42,1
999.49,1
5.26,2
7.67,1
4.49,3
59.7,1
23.94,1
1550.06,1
26.9075,1
100.002,1
50.21,1
6.9,3
52.9,1
3.9378,1
21.2991,1
10.09,1
8078.56,1
4.0881,1
10.9699999,1
68.6,1
38.5451,1
42.1699999,2
51.25,1
0.5076,1
20.81,1
0.63,6
1565.1399999,1
24.09,2
2.55,4
17.73,1
6.82,1
92.25,1
161.6399999,1
17.1909,1
21.33,2
9.09,1
21.01,1
1.62,2
47.65,2
15.55,1
18.25,1
37990.42,1
5.8999999,2
46.59,1
87.97,1
92.85,1
3.33,2
5.7901,1
33.986,1
16.39,1
2.7119999,1
64.25,1
18.4,2
4.09,2
42.46,1
16.0887,1
18.79,1
21.3499999,1
12.29,1
37.3427,1
27.3275,1
174.54,1
5.2474999,1
1.64,3
1.49,4
18.6,1
43.5,2
2.549,1
26.1275,1
86.52,1
59.85,1
47.13,1
43.8,1
16.5703,1
88.5900999,1
9.6,2
21.0275,1
28.39,2
50.36,1
11.24,1
980.22,1
31.67,1
0.0697,1
13.04,1
19.27,1
14.68,1
5.52,1
8.8743,1
22.55,2
16.19,1
40.87,2
60.15,1
27.7605,1
2.1275,1
34.71,1
11.5,1
46.5999999,1
0.54,7
1000.0021,1
15.3275,1
48.47,1
1591.3699999,1
20.1199999,1
189.38,1
5.5911,1
99.9,1
34.0999999,1
13.9475,1
13.3099999,2
10.7675,1
22.7,1
0.31,10
47.14,1
2.5299999,1
8.9901,1
0.83,5
6.72,3
45.54,2
72.3999999,1
38.1442999,1
70.3,1
5.13,1
203.31,1
7.54,2
6.0920999,1
5.4909,1
26.5,1
27.1475,1
14.4855,1
2.44,3
20.7875,1
5.2671,1
27.49,1
35.1883999,1
12.06,1
52.4,1
26.65,1
40.2986,1
96.6499999,1
68.45,1
1587.4099999,1
3.05,3
94.55,1
29.93,1
19.746,1
40.9199999,2
13.39,2
23.57,1
4.3652999,1
17.21,1
55.55,1
6.1499999,2
2.6117999,1
3.46,2
20.51,1
45.13,1
12.01,1
2.3847,1
26.85,2
13.65,1
26854.95,1
6.6198,1
16.7799999,2
46.4499999,1
99.39,1
43.31,2
1.0961,1
10.5599999,1
214.54,1
18.4434,1
1.56,1
60.3,1
42.4401,1
5.55,2
47.58,2
20.64,1
17.88,1
30.28,1
0.8456,1
1.78,3
23.7103,1
28.1675,1
60.7,1
44.65,1
25.4075,1
1.21,3
21.8075,1
19.0475,1
5.7680999,1
21.1475,1
42.69,1
66.7,1
45.69,1
65.55,1
25.9599999,1
980.36,1
70.6,1
52.25,1
0.2571,1
21.31,1
30.95,1
24.59,3
191.87,1
35.56,1
94.25,1
11.5296,1
9.34,1
27.87,1
2.33,1
21.51,1
916.9,1
43.3399999,1
92.3999999,1
0.4448,1
0.1301999,1
3.24,1
50.0007,2
18.75,2
14.9675,1
11.7875,1
39.83,1
43.38,1
94.85,1
4.16,1
3.4635,1
121.09,1
8.5737,1
17.53,1
2.5616999,1
18.9,1
7.68,2
8.3675,1
2.0299999,2
92.1,1
43.46,2
65.6499999,1
44.33,2
4.05,4
8.2299999,1
19.7675,1
4.87,1
6.8937,1
31.82,1
15.94,2
25.46,1
87.2,1
1552.6699999,1
26.4275,1
22.8275,1
6.59,2
5.69,1
44.5,1
1.97,1
47.73,2
40.53,1
2.3987,1
47.09,1
90.3,1
89.8999999,1
60.85,1
4.9399999,2
87.8,1
36.9418999,1
44.8,1
5.5474999,1
8.4468,1
31.1804,1
13.03,1
9.85,2
16.49,1
28.89,1
8.7474,1
11.49,1
22.53,1
38.64,1
1581.59,1
44.93,1
10.11,1
8.31,1
19.77,1
14.93,1
3.74,2
45.2,2
23.05,2
16.69,1
9.9101,1
61.15,1
48.43,1
5.33,1
20.7981,1
2.6,2
47.5999999,1
49.67,1
19.56,1
8.9,1
166.47,1
71.7,1
2.2344,1
0.33,10
5.2905,1
75.57,1
22.95,2
36.75,1
1.4829,1
151.3,1
2.8996999,1
0.8075,1
16.84,1
39.34,1
100.0006,2
21.0875,1
1.16,4
22.3403,1
17.36,2
74.3999999,1
33.82,1
1.94,2
72.3,1
37.05,1
39.2966,1
1597.17,1
0.03,51
2.2599999,1
1.35,11
13.8843,1
3.47,2
87.5,1
14.3352,1
53.4,1
40.68,1
98.6499999,1
37.8938,1
20.79,2
8.82,2
30.43,1
15.44,2
13.64,2
41.72,1
17.71,1
2.7399999,2
120.2,1
554.22,1
88.1,1
79.76,1
2.7275,1
3.0275,1
9.08,2
27.35,1
7.42,1
34.9379,1
44.85,1
47.4499999,4
215.03,1
44.31,1
305.58,1
20.54,1
12.5,1
13.1675,1
2.3674999,1
0.0997,2
48.48,1
20.9985,1
17.241,1
61.3,2
9.9875,1
34.5871999,1
1542.9,1
48.58,2
21.14,1
35.86,1
18.38,1
41.5899999,1
7.92,1
10.9284,1
6.33,2
1.2591,1
4.74,2
61.7,1
31.3,1
24.94,1
0.09,18
43.2099999,1
7.15,2
38.1299999,1
6.0299999,1
46.69,2
44.0702,1
33.17,1
105.13,1
72.6,1
0.4399999,1
36.3407,1
2789.69,1
6.3999999,2
21.81,2
6.86,2
25.09,1
18.73,2
96.25,1
18.68,1
10.2999999,1
2.06,1
28.37,1
25.61,2
1568.63,1
0.8199999,1
12.3875,1
5.7275,1
8.05,1
19.25,1
64.95,1
6.3199999,1
30.5792,1
96.85,1
10.07,3
34.67,1
87.1,1
1580.44,1
84.53,1
53.95,1
17.8422,1
2.2483999,1
13.3475,1
29.5475,1
67.6499999,1
43.6299999,1
40.4488999,1
48.41,1
38.94,1
16.32,3
89.2,1
972.58,1
44.6699999,1
3.8201,1
36.5411,1
19.6,1
45.5,2
48.73,1
37.4929999,1
23.8475,1
31.7816,1
48.09,1
17.4875,1
2.9899999,2
91.8999999,1
0.6813,1
61.85,1
976.93,1
89.8,1
45.8,3
34.5370999,1
9.0747,1
10.1,4
5.6411999,1
33.08,1
14.92,1
16.99,1
29.39,2
11.74,1
28.6501,1
8.1462,1
13.54,1
10.36,1
20.27,1
46.2,1
23.55,2
46.72,1
33.3848,1
17.19,2
62.15,1
49.43,1
44.8499999,1
36.71,1
3.8675,1
48.5999999,1
19.5957,1
1570.6999999,1
12.8075,1
11.0075,1
9.6275,1
50.47,1
43.27,1
73.7,1
76.5699999,1
44.7502999,1
0.91,8
23.7,1
1.74,1
17.34,2
43.4799999,1
2.7493999,1
65.25,1
21.7599999,2
49.55,1
30.58,1
2.57,1
7.66,1
6.97,3
47.54,1
17.86,1
34.82,1
973.65,1
54.1,1
7.5501,1
27.7705,1
24.8675,1
1.8603,1
18.5075,1
6.2,4
17.0299999,1
97.95,1
4.61,1
1166.58,1
15.237,1
5.3907,1
17.3,2
13.2831,1
100.16,1
15.42,1
18.0426,1
10.6278,1
89.5,1
35.12,1
54.4,2
27.65,1
0.0663929,1
12.4475,1
7.8275,1
129.49,1
21.29,2
4.6475,1
18.9945,1
30.93,1
15.69,1
13.89,1
24.57,1
10.71,1
18.21,2
0.8202,1
47.4099999,1
6.7475,1
2.38,2
449.73,1
43.25,1
90.1,1
150.02,2
2.79,1
40000.0,1
22135.95,1
9.2999999,1
48.4499999,1
406.31,1
32.5331,1
0.1803,2
7.6218,1
252.66,1
979.16,1
46.35,1
9.83,1
62.3,1
16.0386,1
28.7901,1
48.96,2
0.05,261
35783.95,1
29.978,1
36.86,1
18.88,1
31.28,1
43.42,1
25.8875,1
1.24,3
42.5899999,1
19.5275,1
22.0803,1
62.7,1
31.4099999,1
10.3272,1
0.18,14
8.7399999,1
46.65,1
16.7675,1
50.0001,6
2.6799999,2
48.1699999,1
9.03,1
47.69,2
144.9599999,1
3.4869,1
74.6,1
54.25,1
2.5850999,1
82.09,1
1596.1399999,1
8.2,1
25.59,1
40.6999999,1
19.23,1
44.76,2
0.21,12
98.25,1
2303.26,1
22.83,1
7.4715,1
9.84,1
16.47,1
32.04,1
17.5416,1
11.48,2
18.92,2
0.3306,1
34.1864,1
12.1475,1
0.7475,1
8.3,1
66.95,1
41.83,1
98.85,1
17.14,2
1.9338,1
15.9384,1
8.0075,1
2.1875,1
3.9275,1
15.5675,1
86.53,1
54.95,1
4.1599999,1
38.9,1
38.22,1
69.6499999,1
14.1875,1
20.4301,1
5.89,2
8.5971,1
6.71,1
107.07,1
976.94,1
91.2,1
7.53,1
54874.0,1
6.84,1
20.1,2
46.5,2
4.8396,1
300.425,1
92.6799999,1
37.01,1
5.25,4
48.51,3
27.6275,1
999.89,1
39.8977999,1
99.05,1
0.6799999,3
93.8999999,1
4.5275,1
5.1899999,1
1570.86,1
40.1984,1
91.8,1
46.8,1
98.75,1
64.1499999,1
13.53,1
32.1322999,1
15.17,2
17.49,2
29.89,1
11.99,1
27.13,1
14.65,2
23.53,1
40.64,2
17.17,2
3.2630999,1
13.79,1
26.59,2
10.61,1
3.11,1
8.81,1
20.77,2
44.1599999,1
15.43,1
30.41,1
6.9275,1
7.9224,1
24.05,1
17.69,2
22.29,2
19.4454,1
3.52,2
4678.65,1
95.19,1
3.93,1
14.0847,1
58.2,1
32.6333,1
18.3933,1
1.82,4
3.09,2
4.5874999,1
85.74,1
2.6675,1
17.84,1
34.78,1
61.26,1
44.4799999,1
1.5201,1
67.25,1
1.4,6
7.39,1
24.72,1
48.54,1
18.36,1
30.76,1
35.82,2
55.1,1
1591.3,1
4.5156,1
46.37,1
67.85,1
358.12,1
0.5075,1
91.5,1
36.12,1
10.0266,1
55.4,1
42.68,1
14.1348,1
0.1498,2
4909.57,1
41.8499999,1
21.79,1
11.12,1
12.5675,1
14.14,3
20.82,1
5.0165999,1
18.71,1
0.2501,1
100.0601,1
22604.0,1
31.7315,1
10.2899999,1
14.4,1
6.8075,1
66.66,1
34.23,1
997.62,1
46.31,2
15.2075,1
23.6675,1
12.0275,1
8.8475,1
60.07,1
47.35,1
34.63,1
5.4201,1
47.7099999,1
63.3,1
47.55,5
0.1,42
28.9102,1
7.35,5
31.78,2
52.75,1
15.6378,1
0.19,16
46.03,1
2.0199999,1
29.6675,1
4.99,4
63.7,1
39.6100999,1
16.3,1
0.36,11
18.47,3
47.2299999,1
14.1849,1
23.3075,1
20.5475,1
87.1499999,1
3.1799999,3
3.2599999,2
48.69,4
36.8416999,1
9.0981,1
31.1303,1
55.25,1
32.71,1
6.6499999,3
22.81,1
4.6893,1
16.45,1
8.45,1
26.09,1
41.6999999,1
2.4347999,1
45.76,2
28.3475,1
100.25,1
7859.95,1
143.68,1
33.8857999,1
121236.0,1
5.8475,1
10.7999999,1
33.04,1
14.91,2
23.01,1
11.73,1
0.0681,1
18.42,1
20.748,1
3.39,2
850.2611999,1
8.55,1
20.25,1
68.95,1
20.6979,1
19.4955,1
45.53,1
0.4074,1
2.25,5
36.67,2
15.3372,1
1.1322,1
47.3,1
45.0401,1
55.95,1
2.3074999,1
18.2299999,1
39.9,1
20.4,1
99.69,1
8.2464,1
71.6499999,1
102.4108,1
69.55,1
40.94,1
33.74,1
17.32,1
26.96,1
17.7921,1
0.98,10
93.2,1
8.2731,1
27.9275,1
24.3275,1
21.5675,1
17.9675,1
47.5,2
980.35,1
2.23,1
2.2845,1
4.539,1
43.53,1
1585.78,1
2.19,2
31.3808,1
95.8999999,1
39.99,1
63.85,1
93.8,1
47.8,3
37.7936,1
1007.1604941,1
43.55,1
10.6,1
35.08,1
17.59,2
17.99,1
12.24,1
24.03,1
17.67,2
1584.59,1
6.7899999,1
21.03,2
14.04,1
21.27,1
30.91,1
28.9501,1
18.19,1
44.9499999,1
44.87,2
9.726,1
4978.65,1
1591.23,1
32.57,1
0.45,15
1557.21,1
50.5999999,1
1.69,3
45.43,1
16.74,2
8.3232,1
88.15,1
100.0136,1
2.64,1
89.2599999,1
13.4075,1
24.7,1
6.1475,1
18.34,1
42.98,1
0.7899999,1
109.32,1
69.25,1
22.5875,1
8.28,1
15.79,1
18.86,1
56.1,1
15.09,1
35.9899999,1
22.2275,1
40.05,2
4.04,1
28.5,1
6.45,3
69.85,1
37.72,1
46.61,1
33.89,1
1.3326,1
93.5,1
0.89,7
56.4,1
5.0667,1
85.56,1
9.4254,1
98.7,2
42.8499999,2
19.2599999,1
9.57,1
26.45,1
8.19,1
2.1107999,1
14.39,1
44.4499999,2
94.1,1
756.58,1
43.54,1
10.5399999,1
2.12,1
9.5,3
30.5291,1
50.4499999,1
1518.24,1
47.31,3
26.1001,1
64.8999999,1
37.26,2
0.0402,1
28.79,1
3.59,3
49.97,3
40.3486999,1
0.2,22
38.86,1
47.2799999,1
45.42,1
17.9424,1
17.2475,1
1.7,7
0.38,8
9.5991,1
2.9859,1
73.25,1
790.91,1
32.7,1
0.72,8
37.3927999,1
48.65,2
4.33,1
0.531,1
89.1499999,1
100.0401,2
13.6839,1
29.21,1
87.05,1
49.69,1
42.49,1
97.8,1
41.6599999,1
34.4368999,1
1120.97,1
19.6699999,1
415.6599999,1
202.01,1
8.7,1
42.6999999,1
46.76,1
39.5471,1
1.76,2
16.1199999,1
10.34,3
17.47,1
4.6,5
15.16,1
0.1301,1
111.3,1
44.09,1
3.5136,1
8.8,1
20.75,1
11.1288,1
36.5912,1
70.95,1
89547.0,1
19.5099999,1
43.83,2
83.31,1
14.4275,1
37.4000999,1
11.5499999,1
5.3406,1
4.8896999,1
13.0475,1
11.2475,1
48.5,1
9.8675,1
8.0675,1
90.53,1
56.95,1
12.0807,1
17.8475,1
40.9,1
239.38,1
74.35,1
47.46,1
38.78,1
6.14,1
4.55,3
71.55,1
6.96,2
41.94,1
82.08,1
17.82,1
21.63,1
54.02,1
95.2,1
8.3967,1
7.1943,1
7.78,1
7.09,1
241.87,1
28.1075,1
0.8,13
6.6933,1
3.98,1
44.53,2
5.5,4
18.9875,1
43.7399999,1
97.8999999,1
2.54,1
95.8,1
48.8,4
1.0587,1
67.75,1
36.08,1
87.35,1
30.89,1
12.49,1
4.0647,1
12.6499999,1
18.17,1
5.92,1
85969.0,1
41.8099999,1
7.9475,1
14.29,5
4.7675,1
15.93,1
14.13,1
3.99,3
25.05,2
18.69,2
37890.42,1
9.2801,1
1.6299999,1
7.8222,1
13.29,1
2.85,2
9.1248,1
51.5999999,1
18.0927,1
46.27,1
40.8497,1
50.0004,2
1.7675,1
5.4675,1
56.54,1
7.044,1
71.8999999,1
29.9279,1
31.56,1
25.2,2
11.92,1
2.8701999,1
18.84,1
46.4799999,1
71.25,1
14.46,2
8901.22,1
17.81,1
22.12,1
114.28,1
1.1823,1
37.82,1
57.1,1
23.31,1
5.1203,1
2.0999999,5
41.05,2
26.3675,1
1.27,5
20.0075,1
26.9675,1
39.1462999,1
39.33,2
71.85,1
47.61,2
28.2201,1
9.2985,1
4.13,1
95.5,1
57.4,1
44.68,2
36.1903999,1
139.0199999,1
43.8499999,1
2.8623,1
22.79,2
5.7299999,2
8.44,1
67.8399999,1
23.6503,1
0.9959,1
11.46,1
402.48,1
96.1,1
13.26,1
56.55,1
0.3303,1
48.02,1
49.7002,1
42.79,1
48.5199999,1
157.04,1
25.3475,1
88.45,1
18.9444,1
0.4,14
3.87,1
7.6,2
23.14,1
48.9799999,1
8.35,2
46.42,1
2.2474999,1
81.6001,1
0.76,7
27.3875,1
6.83,1
14.4354,1
5.24,1
26.94,2
90.55,1
1.44,6
18.2675,1
91.1499999,1
89.05,1
50.0005,1
40.0982,1
0.3947,1
13.0599999,1
57.25,1
27.09,1
43.6999999,2
37.1423,1
11.58,3
24.33,1
7.1,3
17.97,2
15.41,1
3.2399999,1
2.2984999,1
18.49,1
85.68,1
2.72,2
5.16,1
11.5599999,1
9.05,1
21.25,1
72.95,1
18.3432,1
182.87,1
20.6478,1
1010.99,1
57.95,1
64.5,1
9.8496,1
41.9,1
5.1199999,1
300.01,1
11.4795,1
38.57,1
73.55,1
24.68,1
35.74,1
97.2,1
34.9099999,1
1.8275,1
766.58,1
65.1,1
48.6699999,1
17.4899999,1
800.0186,1
24.38,1
21.6,1
49.5,1
88.75,1
23.2502,1
46.57,3
21.23,1
2.0599999,1
125.32,1
89.35,1
12.74,1
28.63,1
18.67,1
31.6814,1
14.54,2
8.18,1
25.55,1
19.19,1
34.15,1
11.1199999,1
52.5999999,1
8.5236,1
35.19,2
13.66,1
3.5801,1
18.9275,1
38.12,1
11.31,1
15.4475,1
12.2675,1
41.75,1
9.0875,1
4.2650999,1
16.06,3
25.7,1
19.09,2
3.036,1
37.78,1
42.64,1
7.36,2
171.23,1
5.06,1
45.87,1
39.6973999,1
16.26,1
58.1,1
1.5597,1
42.05,2
4.29,1
6.5697,1
6.7,3
73.85,1
3.8877,1
36.7414999,1
23.7875,1
32.81,1
90.41,1
55.9401,1
97.5,1
8.6973,1
7.94,3
32.96,1
33.7855999,1
998.79,1
149.99,1
23.29,1
4.9665,1
8.69,1
14.89,1
20.21,1
66.2,1
0.0684,1
98.1,1
2532.32,1
13.51,1
49.7699999,1
15.15,2
5.6499999,2
52.4499999,1
39.7299999,1
11.3503,1
85.79,1
68.8999999,1
21.98,1
66.8,1
29.5,1
90.45,1
124.96,1
0.55,14
16.3100999,1
17.742,1
0.4099999,3
1.9301,1
1.7075,1
11.5475,1
0.3445999,1
17.8,1
27.44,1
2.9358,1
13.8342,1
3.13,2
50.65,1
1.57,1
28.4075,1
22.0475,1
11.1789,1
3.2129999,1
5.718,1
91.05,1
68.35,1
13.4835,1
20.0967,1
58.25,1
6.7434,1
17.95,1
9.2,1
27.59,2
44.6999999,1
48.76,3
14.02,1
10.47,1
10.84,1
64.1,1
15.66,2
24.51,1
1554.54,1
48.36,3
0.8817,1
0.82,5
209.36,1
2.1481999,1
11.4294,1
9.3,1
21.75,2
74.95,1
394.99,1
2.34,1
1.1963,1
31.0802,1
58.95,1
66.5,1
42.9,2
21.9,2
189.02,1
1000.02,2
3.8602,1
17.4414,1
6.39,2
4.8,3
31.54,1
8.223,1
1554.52,1
96.89,1
67.1,1
23.0675,1
19.4675,1
22.1,1
50.5,1
6.5931,1
16.7075,1
33.81,1
5.75,2
7.1504941,1
18.62,1
90.75,1
0.0209,1
41.6299999,1
47.57,1
48.4599999,1
5.6899999,1
25.2901,1
0.41,9
1.8977,1
10.1075,1
34.0199999,1
22.5799999,1
3.2674999,1
100.0116999,1
28.2401,1
94.3999999,1
5.8199999,1
11.35,2
5.7875,1
63.25,1
8.17,1
91.35,1
12.99,2
19.17,1
6.3275,1
14.79,1
30.479,1
22.77,2
16.41,1
42.59,1
5.5299999,2
47.87,1
1604.85,1
95.44,1
53.5999999,1
17.16,1
98.61,1
36.19,1
83.7,1
100.0005999,4
20.3075,1
47.91,1
40.0481,1
42.75,1
16.56,1
99.99,5
26.2,1
45.18,1
45.98,2
33.26,1
75.25,1
2.8857,1
3.6372,1
24.0875,1
66.49,2
39.82,1
800.0001999,1
97.25,1
59.1,1
50.55,1
17.7275,1
43.05,1
21.6498,1
6.2691,1
59346.0,1
11.0286,1
42.5599999,1
56.17,1
0.9084,1
61.6,1
43.45,1
998.25,1
19.7602999,1
59.4,1
39.4469,1
20.24,1
1559.58,1
45.8499999,2
1.4602,1
10.32,2
17.43,1
8.94,2
15.14,1
47.72,3
20.71,1
68.2,1
44.4,1
100.1,4
8.2965,1
36.491,1
44.25,1
53.4499999,1
50.31,1
19.5103,1
37.59,1
65.95,1
0.0998,1
14.6675,1
11.0699999,1
0.708,1
68.8,1
11.4875,1
92.45,1
1.1,11
7.85,1
27.74,1
34.9401,1
1.5699999,1
17.78,3
48.42,1
16.5396,1
85.92,1
3.79,2
980.14,1
5.49,1
35.7,1
18.3,2
37.0922,1
11.6675,1
6.76,1
51.65,1
38.93,1
4.1381999,1
7.9,2
63.15,1
7.7721,1
10.5777,1
93.05,1
39.97,2
5.6075,1
44.6599999,2
13.7841,1
59.25,1
24.81,1
18.45,2
6.4428,1
28.09,1
45.6999999,1
49.76,3
2.82,1
14.27,1
11.09,2
18.97,1
37.04,1
25.01,1
43.6,1
329.97,1
8.6199999,1
1.032,1
9.55,1
22.25,1
45.84,1
80.47,1
880.0199999,1
976.98,1
2.5,8
13.6338,1
37.2926,1
29.8778,1
59.95,1
68.5,1
43.9,1
22.4,2
32.3827999,1
50.0022,1
972.26,1
49.6299999,1
16.04,1
57.02,1
28.96,1
703.58,1
69.1,1
1.87,3
22.6,1
51.5,1
39.0460999,1
2.1599999,1
26.8475,1
92.75,1
20.4875,1
19.9899999,1
0.43,6
150.0002,2
21.9799999,1
2.2399999,1
89.02,1
0.57,8
36.0901999,1
34.1363,1
47.7399999,1
51.8,1
100.01,4
11.6,1
6.1188,1
93.35,1
13.24,3
45.64,1
203.21,1
15.04,2
33.1342999,1
19.9965,1
10.06,1
1145.77,1
26.55,1
1.6501,1
20.19,3
0.1999999,1
13.233,1
49.91,1
14.3075,1
12.5075,1
37.19,1
11.1275,1
9.3275,1
1.1399999,1
52.3499999,2
36.99,1
18.74,1
2.9074999,1
18.8943,1
43.75,1
26.7,1
65.86,1
20.34,2
39.78,1
44.39,1
34.26,1
49.4799999,1
46.6599999,1
17.58,1
2.7354,1
217.23,1
7.72,2
27547.0,1
88.3999999,1
4.8875,1
60.1,1
28.2601,1
27.29,1
44.05,2
6.95,4
0.3399999,4
980.71,1
198.0602,1
77.85,1
100.0002,12
21.249,1
1.7334,1
99.9999999,2
44.45,1
1774.5,1
1.14,3
41.12,2
60.4,1
120.95,1
0.06,25
3.55,3
24.29,2
10.2771,1
10.57,1
17.93,1
9.19,1
15.39,1
48.72,1
21.21,2
70.2,1
0.0692,1
2.37,1
30.85,1
15.65,1
34.0862,1
0.51,8
6.98,1
3.2363999,1
21.9275,1
72.8999999,1
0.5577,1
70.8,1
94.45,1
3.45,3
42.86,1
18.28,1
0.9275,1
5.83,1
28.8875,1
48.5899999,1
22.5275,1
31.52,1
16.1675,1
65.5,1
126210.0,1
18.8,3
7.6953,1
13.7075,1
52.65,1
1.46,6
97.1499999,1
9.35,1
35.94,1
95.05,1
9.9765,1
25.1075,1
94.05,1
63.55,1
45.6599999,1
60.25,1
7.1675,1
60.6,1
25.31,2
202.51,1
9.7,1
28.59,1
9.5399999,2
43.56,2
6.1422,1
11.34,2
19.47,1
44.6,2
38.5899999,1
17.8699999,1
980.94,1
5.7799999,1
5.1274999,1
9.8,1
22.75,1
0.2675,1
8.9675,1
47.83,2
46.63,2
110.85,1
1549.96,1
35.11,1
16.4394,1
101.43,1
0.7955,1
22.19,1
60.95,1
70.5,1
31.91,6
15.5877,1
44.9,1
22.9,1
19.6103,1
32.18,1
96.6,1
5.1402,1
15.6875,1
6.64,1
5.05,2
16.54,2
7.46,1
40.6492999,1
33.22,1
979.94,1
2.4114,1
5.18,1
7.59,2
23.1,2
52.5,1
1.96,2
0.3875,1
36.6412999,1
48.53,2
43.01,1
35.81,1
94.75,1
0.86,8
5.9399999,1
1.89,4
48.7399999,1
52.8,1
33.6853999,1
202.21,1
11.85,1
95.35,1
16.89,2
13.49,1
1542.69,1
38.7956,1
23.5475,1
15.29,1
2.28,2
38.18,1
12.11,2
17.41,4
20.69,1
49.87,2
2.69,2
43.71,1
66.1499999,1
3.1,1
12.6318,1
64.05,2
0.65,9
87.7,1
20.9899999,1
99.98,3
2.63,4
119.6,1
6.3191999,1
44.75,2
10.0399999,2
22.5099999,1
17.56,1
17.6919,1
27.2,1
196.22,1
47.98,1
0.0400999,1
89.3999999,1
8.046,1
1.5875,1
18.08,1
7.6719,1
21.36,1
17.76,1
41.82,2
61.1,1
48.38,1
1.19,5
40.9899999,1
21.6875,1
7501.24,1
45.05,2
1554.42,1
1.3001,1
980.47,1
22.03,1
16.2891,1
1.6,9
97.3999999,1
50.0003,2
1.046,1
45.45,2
42.12,1
94225.0,1
61.4,1
972.4,1
48.68,2
9.8997,1
981.01,1
47.8499999,1
1.03,3
24.79,2
43.16,1
18.43,2
9.44,1
15.64,1
42.52,1
209.4,1
9.6759,1
72.2,1
70.3999999,1
0.62,8
87.3,1
11.08,1
52.6999999,1
46.6399999,1
5.6178,1
8.0961,1
5.3099999,1
17.0907,1
89.08,1
1548.75,1
9.75,1
39.59,1
5.9919,1
3.0860999,1
13.5275,1
6.543,1
10.3475,1
74.8999999,1
17.6675,1
46.73,1
72.8,1
96.45,1
7.4,2
1.7474,1
5.43,1
4.1,5
64.35,1
43.86,1
18.78,2
28.42,1
11.8475,1
11.229,1
6.51,1
4.92,1
5.74,2
0.81,6
0.1568999,1
18.54,3
53.65,1
15.2871,1
26.3075,1
23.2703,1
97.05,1
38.3947999,1
0.6953,1
17.1875,1
50.0002,5
9.3753,1
41.42,1
113.63,1
7.11,3
61.25,1
10.59,2
13.5837,1
9.95,5
29.09,2
47.6999999,2
35.4388999,1
2.15,6
5.8416,1
26.33,1
11.59,1
19.97,1
16.2599999,2
8.41,1
42.02,1
7.6702,1
45.6,1
3.77,1
61.55,1
8.95,2
10.05,2
23.25,2
32.4829999,1
48.83,1
36.11,1
20.0466,1
41.8399999,1
77.01,1
100.0003,4
980.99,1
20.1468,1
61.95,1
72.5,1
45.9,1
23.4,1
0.2945,1
500.178,1
1606.07,1
12.3312,1
17.04,3
46.94,4
39.74,1
73.56,1
34.22,1
29.96,1
38.9099999,1
73.1,1
9.0499999,1
1.33,2
3.7474999,1
20.9675,1
23.6,1
34.9901,1
28.3301,1
100.14,2
1540.3799999,1
36.81,1
18.39,2
1544.01,1
1.2875,1
1.47,2
14.6075,1
6.46,1
50.0078537,1
39.3467,1
2.78,1
62129.0,1
53.8,1
24.47,1
65.45,1
33.3347,1
12.1,1
41.08,1
97.35,1
17.39,2
13.74,1
27.03,1
47.64,2
20.67,1
36.3908,1
15.54,1
24.27,1
17.91,4
54.2,1
46.97,1
19.2875,1
21.19,1
38.15,2
79.8203,1
68.1499999,1
17.38,1
66.05,1
12.0306,1
19.08,1
89.7,1
99.2099999,1
159.96,1
2.7620999,1
2432.3199999,1
9.5400999,1
45.75,1
4927.66,1
14.9075,1
18.06,1
2.41,1
17.1408,1
48.98,2
30.98,1
36.26,1
13.1829,1
18.58,1
25.5875,1
972.42,1
4.66,1
7.97,2
18.26,2
5.48,1
62.1,1
19.2275,1
46.05,1
4.79,1
31.5,1
7.2,3
2.5991,1
980.97,1
100.0425999,1
43.2502999,1
1.5096,1
92.66,1
9.2199999,1
46.45,1
43.12,1
62.4,1
15.51,1
0.24,14
48.8499999,2
4.8275,1
41.2799999,1
50.0105,1
150.49,1
25.29,1
11.07,1
18.93,2
9.69,1
43.52,1
74.2,1
24.2799999,1
2.88,1
14.51,1
3.29,3
12.0399999,1
31.85,1
8.15,2
4.7661,1
22.1075,1
43.7299999,1
3.7,3
65.75,1
57.55,1
5.6913,1
165.66,1
47.79,2
54.35,1
54.6,1
74.8,1
14.2851,1
98.45,1
46.21,1
12.9875,1
66.35,1
44.86,2
20.2475,1
1.8875,1
18.32,1
7.99,2
38.9458999,1
24.2,2
6.1922999,1
36.58,1
54.65,1
28.33,1
2.9499999,3
9.2484,1
41.0999999,1
92.55,1
44.1699999,1
1.0086,1
49.9899999,2
47.6599999,1
6.6274999,1
90.6,1
48.05,1
62.25,1
28.5501,1
26.31,1
19.95,2
36.4001,1
29.59,1
48.6999999,3
72.62,1
979.65,1
33.0340999,1
15.02,1
11.84,1
40.04,1
30.11,1
46.6,1
33.485,1
62.55,1
17.2911,1
23.75,2
49.83,1
15.9275,1
12.32,1
1.4969,1
18.8442,1
12.7475,1
11.3675,1
9.5675,1
229.49,1
62.95,1
74.5,1
27.56,1
46.9,2
23.9,2
8.1875,1
66.85,1
6.89,1
5.3,2
17.54,3
7.71,1
27.18,1
47.94,1
40.74,1
19.71,1
35.22,1
101.14,1
18.53,2
75.1,1
7.84,1
6.94,1
24.1,1
54.5,1
4.8162,1
1.3,10
21.1989,1
0.8675,1
2.7599999,1
16.3475,1
37.81,1
6.25,2
47.76,1
3.8376,1
21.9875,1
50.0009,1
3.6275,1
40.43,1
997.48,1
6.1899999,2
5.31,1
54.8,1
67.45,1
66.6499999,1
48.9499999,3
42.08,1
21.49,1
17.89,2
13.99,1
27.53,1
6.1689,1
18.6875,1
37.2425,1
7.1075,1
3.61,1
10.81,1
24.77,1
38.4099999,1
18.243,1
15.63,2
18.41,1
55.2,1
21.69,3
39.998,1
4878.65,1
2.02,2
70.1499999,1
36.45,1
68.05,1
151.72,1
12.8099999,1
50.0301,1
91.7,1
32.1599999,1
8.7741,1
18.82,1
1610.1599999,1
46.75,1
0.2444,1
18.0275,1
1566.22,1
18.56,1
88.24,1
28.2,1
980.38,1
49.98,2
15.01,1
10.7075,1
20.0001,1
0.069,1
18.76,1
92.3,1
62.5,1
23.0075,1
1.06,3
8.25,2
16.6475,1
2.4488,1
40.89,1
0.7314,1
450.0417,1
0.0801,1
46.8399999,2
44.12,1
0.12,17
63.4,1
16.15,1
31.5812,1
2.8899999,1
2.83,1
0.48,10
49.8499999,1
8.9478,1
25.79,1
12.38,1
9.94,1
8.14,2
29.07,2
44.52,1
22.71,1
22.7075,1
46.1599999,1
8.4735,1
8.4,2
0.0686,1
44.7299999,1
41.59,1
38.6453,1
49.8,4
9.2075,1
1573.57,1
50.0006,2
55.35,1
42.9599999,1
46.85,1
0.0601,1
2.9497999,1
100.45,1
75.01,1
22.2875,1
4.35,3
29.74,2
26.14,1
1.5971,1
48.89,2
51.5899999,1
24.0275,1
17.02,1
5.99,1
39.7,1
20.1599999,1
70.66,1
55.65,1
21.2675,1
42.0999999,1
17.5499999,1
8.6472,1
43.65,2
43.97,1
35.489,1
48.6599999,1
2.5099999,1
92.6,1
70.35,1
0.01,89
3764.4604,1
26.81,2
20.45,1
10.45,2
49.6999999,1
38.6954,1
23.73,2
1139.3,1
3.07,1
50.0332,1
15.27,1
3.48,1
12.09,3
20.97,1
17.37,2
41.04,1
47.6,1
26.7275,1
19.44,1
3.89,2
35.7395,1
10.55,1
24.25,2
106.72,2
38.11,1
2.75,3
15.2675,1
53.55,1
63.95,1
32.7836,1
7.4204941,1
47.9,3
24.4,1
87.6499999,1
5.9075,1
42.2799999,1
91.1,1
18.04,1
4.8199999,1
48.94,5
7.8875,1
3.1399999,1
19.5701,1
1.79,2
800.259,1
24.6,1
55.5,1
2.35,3
1.22,4
41.9499999,1
5.5676999,1
22.41,4
58.09,1
4.88,2
3.6873,1
99.27,1
46.24,2
14.87,2
55.8,1
69.45,1
15.78,1
9.42,1
21.99,2
7.8723,1
14.24,3
203.71,1
2.0841,1
38.1205,1
48.8099999,2
8.04,1
25.27,1
9.68,2
18.91,1
56.2,1
28.55,1
29.7776,1
44.1999999,1
13.9344,1
46.71,1
28.73,1
72.1499999,1
2871.95,1
19.1949,1
70.05,1
33.99,1
53.27,1
15.1475,1
93.7,1
38.9799999,1
46.9199999,1
13.7675,1
47.75,1
10.5875,1
8.1729,1
2.73,1
19.06,1
28.7,1
1569.76,1
22.34,1
31.0301,1
38.26,1
100.0005,2
4.91,2
29.22,1
4.22,1
96.3999999,1
5.73,2
32.1,3
5.2404,1
10.8275,1
94.3,1
0.5951,1
5.04,4
7.45,3
5.86,1
51.55,1
38.2945999,1
35.33,1
999.06,1
41.89,1
26.7875,1
27.1903,1
48.45,2
7.47,1
0.25,28
45.12,1
35.3386999,1
9.5699999,1
73.2,1
100.0206,1
100.0101,2
5.7413999,1
30.3788,1
0.71,7
50.8499999,1
3.8,4
26.29,1
8.3466,1
10.19,3
8.39,1
1578.1899999,1
20.74,1
3.8642999,1
973.69,1
2.21,2
48.79,4
6.0275,1
2.62,2
25.9799999,1
8.65,3
17516.95,1
999.05,1
44.4305,1
5.1875,1
69.75,1
27.99,2
4.6659,1
1608.01,1
37.07,1
56.35,1
67.95,2
1.4328,1
34.2,1
2.7994999,1
7.0302,2
30.24,1
20.28,3
50.08,2
1.3475,1
94.53,1
17.52,1
93.75,1
20.8,1
17.0406,1
200.07,1
56.65,1
79.0699999,1
27.8075,1
1.36,2
25.0475,1
21.4475,1
43.0999999,1
32.2324999,1
44.97,2
39.2465,1
98.3,1
12.6275,1
10.8282,1
94.6,1
0.02,62
203.01,1
101.2599999,1
35.48,1
7.8957,1
15.52,1
100.1400999,1
12.34,1
17.87,1
65.3999999,1
48.6,1
4.51,1
47.7699999,2
10.8,2
24.75,2
86.95,1
2.1342,1
14.7875,1
11.6075,1
7092.09,1
0.8099999,2
8.4275,1
7.722,1
93.68,1
10.2275,1
7.9458,1
48.9,5
31.9099999,1
24.9,2
72.85,1
42.03,1
89.6499999,1
13.6475,1
7.14,1
2.6999999,3
87.55,1
28.18,1
49.94,2
5.9675,1
69.7,1
5.68,3
4.9398,1
28.8275,1
10.5276,1
26.0675,1
7.19,2
16.1075,1
5.95,2
42.9499999,1
19.7075,1
47.01,1
16.239,1
39.81,1
6.5,4
48.9899999,1
12.26,2
3.537,1
42.5001,1
32423.0,1
28.2901,1
18.99,3
1.91,3
0.2909,1
56.8,1
130747.0,1
2.6351999,1
170.04,1
86.23,1
71.45,1
1568.24,1
6.5699999,1
12.85,1
0.6078,1
22.49,1
18.89,1
14.49,1
16.13,1
22.17,1
23.61,2
7.5717,1
49.8099999,1
4.9475,1
8.29,1
6.15,1
13.11,2
56.5,1
57.2,1
6.0687,1
45.3199999,1
713.58,1
41.15,1
3.0627,1
2.94,1
5.4499999,1
74.1499999,1
14.75,2
29.8401,1
18.7475,1
25.2399999,1
4.6499999,4
72.05,1
42.19,2
95.7,1
100.0001,23
1579.68,1
202.6099999,1
47.9199999,1
48.75,3
2000.1776,1
16.3392,1
0.17,8
39.26,2
70.3199999,1
999.02,1
38.8456999,1
27.0875,1
100.0004,5
19.76,1
1607.95,1
0.5599999,1
3.04,2
20.7275,1
49.05,1
1.52,3
0.27,10
46.58,1
87.85,1
35.8897999,1
27.7702,1
9.1482,1
