0.0,90
2.0,2
5.0,10
10.0,4
15.0,3
20.0,4
25.0,1
1370.0,1
30.0,1
35.0,1
550.0,1
50.0,278
55.0,1
1.01,1
63.0,1
1090.0,1
950.0,2
1095.0,1
1100.0,2
1105.0,1
1110.0,1
600.0,1
1115.0,1
1125.0,1
1120.0,1
100.0,144
151.0499999,1
9000.95,1
1.05,1
1130.0,1
1135.0,1
1140.0,1
1145.0,1
3803.76,1
1150.0,1
1155.0,1
1160.0,1
1165.0,1
1170.0,1
150.0,17
1175.0,1
1180.0,1
1185.0,1
1190.0,1
1195.0,1
1200.0,1
1205.0,1
12000.06,1
1210.0,1
700.0,2
1215.0,1
1220.0,1
200.0,20
1225.0,1
250.1,1
1230.0,1
1235.0,1
1750.0,1
1240.0,1
1245.0,1
1250.0,1
1255.0,1
1260.0,1
9000.0,1
1270.0,1
250.0,9
1275.0,1
1280.0,1
1285.0,1
2.02,1
1295.0,1
1300.0,2
1305.0,1
1310.0,1
1315.0,1
1320.0,1
300.0,4
1325.0,1
1330.0,1
2.1,1
1335.0,1
1340.0,1
1345.0,1
1350.0,1
1355.0,1
1360.0,1
1365.0,1
1290.0,1
350.0,5
1375.0,1
2400.0,1
9100.01,1
4963.0,1
1380.0,1
1385.0,1
1900.0,1
1390.0,1
4.99,1
6000.0,1
1395.0,1
1400.0,1
1405.0,1
400.0,3
1265.0,1
1455.0,1
0.68,1
450.0,2
2500.0,3
5419.43,1
1000.0,1
500.0,4
