0.0,3542
202.5,1
2.0,14
3.0,4
4.0,3
5.0,15
0.5,8
1.0,45
39.181,1
9.0,2
10.0,18
11.0,1
46.12,1
65.3719491,1
15.0,3
17.0,1
33.4,1
147.07,1
20.0,6
21.0,1
145.7827175,1
2.5301228,1
8.41,1
25.0,3
26.0,2
28.0,1
29.0,1
30.0,1
0.75,5
90.9017964,1
9.2907461,1
35.0,1
36.0,2
239.6788948,1
1.17,2
40.0,5
7.0,3
3.03,1
45.0,4
1.28,3
49.0,2
50.0,32
55.0,2
127.11,1
2.4995,1
8.44,2
151.9199999,1
126.3185783,1
237.9,1
28.9985783,1
8.6399999,1
26.28,1
0.58,3
7.68,1
113.01,1
0.48,6
1.111,1
14.0,1
48.22,1
148.6010847,1
5.61,1
40.1699999,1
27.2617964,1
0.6499999,1
0.4920711,1
10.08,2
137.3217964,1
29.35,1
100.0,13
15.871949,1
1.34,1
393.953394,1
11.858,1
0.7107461,1
18.0,2
22.318889,1
56.3721348,1
146.6510847,1
44.77,1
44.23,1
86.83,1
8.08,1
171.9406356,1
21.82,1
51.0419102,1
162.3844307,1
59.59,1
132.0,1
22.0,1
48.2478373,1
0.578,1
205.25,1
150.0,2
0.1734999,1
17.13,2
61.0855,1
9.9985783,1
38.0085783,1
222.0844307,1
47.8101397,1
33.35,1
50.023,1
191.5417964,1
27.98,1
152.6588948,1
34.8806356,1
241.27,1
60.812,1
128.941,1
119.3906356,1
1.0207461,1
203.83,1
49.76,1
77.92,1
20.9056273,1
120.45,1
200.0,3
137.5,1
62.6828369,1
0.4,2
2.12,1
5.6,1
355.553394,1
18.74,1
0.6528369,1
218.22,1
114.88,1
20.38,1
3.018,1
100.0405,1
224.509389,1
198.8155,1
31.0528369,1
8.35,2
10.68099,1
133.0606356,1
24.4399999,1
3.5599999,1
200.08,1
11.22,2
135.9800666,1
0.51,3
6.01,2
0.46,4
4.13,1
30.02,1
5.83,2
171.3706356,1
150.487,1
5.24,2
0.0384016,1
159.7099999,1
1.73,2
18.94,1
101.59,1
350.14,1
8.78,1
40.21,1
386.783394,1
4.5599999,1
38.441949,1
117.18,1
47.4000666,1
300.0,2
17.371949,1
50.25,1
11.67,1
1.65,1
73.1485783,1
19.3299999,1
5.44,2
0.027,1
149.86,1
64.7,1
141.407,1
24.18,1
150.8400667,1
50.045,1
49.03,1
71.38,1
362.673394,1
2.19,1
8.0599999,1
96.6,1
4.95,1
162.3744307,1
100.8199999,1
62.1407461,1
41.7205,1
225.1,1
0.04,34
83.4628369,1
173.851,1
0.061,1
162.9444307,1
35.068889,1
157.6717964,1
245.4220711,1
14.95,2
45.65,1
375.0,1
26.8299999,1
198.5255,1
0.0200274,1
16.7,1
13.96,1
178.6885783,1
48.6600819,1
25.6721348,1
3.4,1
253.93,1
31.53,1
3.66,2
27.881,1
24.33,1
114.8810847,1
45.68,1
115.6321348,1
62.55,1
3.31,1
11.3899999,1
3.0578373,1
9.41,1
31.61,1
20.01,2
46.32,1
14.23,1
114.8821348,1
39.9499999,1
100.1311293,1
239.009389,1
0.1620711,1
141.6606356,1
10.1199999,2
3.17,1
39.1385783,1
6.66,1
214.04,1
42.37,1
163.9185783,1
21.25,1
49.25099,1
19.1278373,1
31.0217964,1
1.9806356,1
119.357,1
218.12,1
32.11,1
475.0,1
80.0,1
0.66,1
0.5320289,1
71.8200667,1
184.7555,1
0.3655646,1
228.9928369,1
193.0651832,1
74.1685783,1
49.2807461,1
500.0,1
76.26,1
112.35,1
49.1221348,1
140.4185783,1
169.461,1
243.86,1
0.1,18
149.6010847,1
38.62,1
42.2228369,1
45.612,1
143.3906356,1
163.6985783,1
114.217,1
1.21,3
0.153,1
3.4615,1
120.56,1
171.6819491,1
55.8719491,1
47.0200819,1
118.8910847,1
5.19,1
146.4617964,1
46.82,1
114.99,1
143.6678524,1
162.6099999,1
23.04,1
120.44,1
108.2319491,1
3.51,2
19.8719491,1
160.2,1
81.31,1
46.22,1
575.0,1
112.5717964,1
126.1844307,1
141.631949,1
84.8079268,1
103.53,1
11.4430624,1
0.2075,1
80.6521348,1
203.7728369,1
51.9499999,1
3.1678373,1
9.6327712,1
2.0299999,4
269.15,1
0.062,1
20.2065062,1
18.13,2
136.1600667,1
35.0806356,1
9.9,1
180.9506356,1
384.703394,1
0.0785,1
127.7310847,1
46.3399999,1
45.53,1
2.15,2
180.87,1
114.9110847,1
54.8706356,1
25.7578373,1
225.8219491,1
2.67,2
50.0144999,1
5.6399999,1
139.1361249,1
23.02,1
156.1028369,1
28.42,1
129.0319999,1
0.269,1
10.6785783,1
46.57,1
0.0709999,1
190.8551832,1
33.85,1
11.1555646,1
13.94,1
36.0407461,1
121.111,1
111.1244307,1
129.4585783,1
49.6221348,1
75.17,1
49.0199999,1
96.112,1
4.0599999,3
205.12,1
700.0,1
1.63,1
78.64,1
29.0085783,1
38.941,1
135.36,1
110.6419491,1
110.2710847,1
3.742,1
8.28,2
49.0505,1
0.0265,1
3.2520711,1
0.0207461,1
37.6500667,1
226.9719491,1
34.3819491,1
30.99,1
27.39,1
32.36,1
20.63,1
136.0017964,1
143.96,1
245.25,1
32.641,1
55.4419491,1
139.607,1
23.3399999,1
14.331,1
15.36,1
13.56,1
47.1617964,1
12.8299999,1
127.7810847,1
1.98,2
30.68,1
50.2,1
21.55,2
114.9221348,1
18.35,1
1.039,1
5.96,1
245.4020711,1
2.1399999,1
76.36,1
11.3106356,1
8.8699999,2
1.4,2
3.05,2
143.07,1
74.15,1
131.2406356,1
53.2100667,1
31.9506356,1
61.8821348,1
83.49,1
44.8499999,1
118.2328369,1
24.72099,1
13.2300667,1
43.19,1
9.91,2
6.37,1
6.8599999,1
13.6,1
148.13,1
50.6321348,1
0.01,75
45.12,1
118.2319491,1
3.4121348,1
8.81,1
12.2821348,1
4.2720711,1
2.013292,1
0.418889,1
175.5644307,1
247.7255,1
1.05,8
102.62,1
223.4320711,1
195.36,1
110.8944307,1
107.4106356,1
16.06,1
35.02,1
881.0,1
0.117,1
6.76,2
104.16,1
23.34,1
33.951,1
23.45,1
84.5717964,1
108.6619491,1
3.602,1
77.9410847,1
50.4275812,1
181.3051832,1
244.23,1
203.6428369,1
18.5319491,1
36.37,1
5.16,2
22.5099999,1
0.61,3
4.57,1
23.7688889,1
600.4242697,1
20.26,1
150.06,1
4.75,1
0.6220711,1
50.1,4
4.07,1
204.5320711,1
1.1419491,1
6.14,1
286.0821348,1
95.9919999,1
66.7555,1
32.1107461,1
4.88,1
162.06,1
11.8230624,1
84.8119491,1
7.5306356,1
6.7,1
201.4328369,1
0.79,3
4.11,1
212.1920711,1
0.41,5
93.9101228,1
249.379389,1
39.25,1
45.33,1
981.0,1
0.882,1
239.021,1
43.89,1
165.0,1
2.3655,1
1000.0,2
2.478,1
12.6700667,1
62.06,1
124.91,1
176.7521348,1
97.1610847,1
1.559,1
200.3758537,1
1.5999999,1
8.01,1
88.37,1
0.2207461,1
34.45,1
262.25,1
17.99,1
122.602,1
28.83,1
12.3300667,1
194.8736848,1
11.471,1
528.5,1
127.09,1
62.98,1
7.69,1
3.722,1
32.6506356,1
100.0099999,1
100.040041,1
14.301,1
1.01999,1
50.0191356,1
3.09,2
103.56,1
248.5528369,1
15.71,1
74.1119491,1
13.9655,1
47.1355,1
37.211,1
27.29,1
9.87,1
110.1819491,1
1081.0,1
8.69,1
107.237,1
12.89,1
0.5321348,1
47.52,1
11.71,1
20.21,1
206.07,1
900.8589213,1
3.06,2
8.3795,1
195.1420711,1
5.99,2
18.8128369,1
124.27,1
8.1299999,1
12.72,2
9.51,1
40.7699999,1
145.69,1
78.23,1
1.51,1
0.0555646,1
21.85,2
4.7001232,1
99.1499999,1
229.099389,1
15.97,1
2.268,1
0.1215,1
8.7099999,1
0.39,3
16.41,1
2.45,1
695.1,1
121.75,1
0.6699999,1
210.919389,1
188.7608808,1
22.2856273,1
1670.3599999,1
49.3204999,1
11.0278373,1
123.79,1
159.16,1
45.01,3
34.9021348,1
3004.6575313,1
44.3499999,1
38.9955646,1
248.939389,1
116.1885783,1
181.27,1
142.4417964,1
214.43,1
247.7555,1
33.5199999,1
30.01,1
139.7510847,1
22.5,1
170.13,1
133.9410847,1
1.2255,1
61.1828369,1
163.4806356,1
46.4352478,1
223.3,1
172.6699999,1
110.1610847,1
5.9355,1
97.7006356,1
24.88,1
150.102,1
140.331,1
18.02,2
0.53,1
35.971,1
1.02,15
0.1817964,1
41.2128369,1
0.2028369,1
0.0369763,1
1.04,1
151.3299999,1
3.9719491,1
3.512,1
198.4808808,1
34.7,1
2.6055646,1
21.8,1
36.1599999,1
204.09,1
167.5628369,1
8.25099,1
39.37,1
3.63,2
9.67,1
188.7517964,1
247.9,1
195.59,1
100.1131153,1
108.9119491,1
143.5,1
1.62,1
30.03,2
143.6898255,1
22.1378373,1
143.7610847,1
0.0706356,1
167.6699999,1
1.75,2
112.6944307,1
12.88,1
0.054,1
189.3008808,1
126.7106356,1
114.7,1
188.4428369,1
397.523394,1
192.791,1
4.6555646,1
15.6985783,1
24.5020711,1
200.2555,1
5.6309999,1
134.7699999,1
0.77,3
55.0102492,1
40.2825576,1
210.849389,1
29.4300667,1
28.31,1
34.42,1
190.26,1
13.2,1
23.59,1
149.4600667,1
165.4251832,1
219.7444307,1
4.99,3
35.65,1
5.84,2
2.778,1
2.418,1
12.47,1
16.29,1
82.451949,1
60.6100667,1
4.4055,1
10.02,3
97.7206356,1
43.348889,1
15.47,1
50.055,1
5.85,1
15.66,2
0.668889,1
16.51,1
10.48,1
37.75,1
42.6,1
11.2,1
39.36,2
49.9899999,1
0.1417964,1
1.4285783,1
104.491,1
100.0395,1
218.11,1
8.3699999,1
41.19,2
36.39,1
250.04,1
66.4421348,1
92.5485783,1
166.1028369,1
173.641,1
7.04,1
136.3317964,1
0.0214594,1
37.83,1
18.69,1
1.29,1
0.0417964,1
29.9,2
106.3985783,1
175.0306356,1
0.65,1
3.8507461,1
47.67,1
10.85,2
47.9578373,1
147.19,1
175.3706356,1
121.0028369,1
4.76,1
27.4117964,1
2.0305319,1
2.36,1
336.103394,1
0.1706356,1
4.8755646,1
3.802,1
205.5299999,1
99.1300667,1
139.462,1
34.9,1
17.9,1
200.02,1
2.17,2
14.5355646,1
195.029389,1
122.56,1
106.4785783,1
2.37,1
145.5385783,1
0.49,1
47.45,1
94.51,1
5.39,1
1.2007461,1
4.8,1
107.55,1
7.02,2
0.232,1
8.831,1
44.74,1
168.6699999,1
39.22,1
48.02,1
93.771,1
225.8019491,1
61.9019491,1
4.04,1
9.8178373,1
192.641,1
57.608889,1
65.89,1
6.93,1
4.03,2
22.481,1
4.34,1
200.12,2
17.5999999,1
145.6410847,1
50.5,1
175.4885783,1
5.23,1
140.4306356,1
0.5107461,1
16.55,1
0.0707461,1
159.02,1
8.7385783,1
0.1024999,1
87.3679268,1
111.44,1
226.3928369,1
0.1755,1
50.0582923,1
6.75,1
18.37,2
0.0528369,1
4.4105344,1
48.29,1
2.58,1
36.1299999,1
200.06,1
270.69,1
99998.0,1
35.8256273,1
63.57,1
2.891949,1
5.2799999,1
49.04099,1
2.95,2
29.98,1
137.0421348,1
0.662,1
172.7519491,1
146.0899999,1
84.2410847,1
8.42,2
50.0199999,1
0.33099,1
26.5799999,1
100.147,1
171.411949,1
3.8299999,1
288.0,1
12.53,1
163.701,1
9.35,1
49.3207461,1
2.75,1
19.89,1
41.36,1
130.5785783,1
1.27,3
262.11,1
49.81099,1
38.17,1
187.5536848,1
4.39,3
3.572,1
161.7344307,1
2.86,1
39.0205,1
3.41,1
400.5298155,1
14.01,1
45.79,1
2.71,2
2.49,3
22.05,1
179.1217964,1
11.1199999,1
4.998889,1
4.7799999,1
24.61,1
2.328,1
35.15,1
0.72,3
13.67,1
199.2254999,1
16.9799999,1
21.95,1
2.77,1
25.21,1
81.62,1
11.25,1
173.53,1
3.078,1
104.18,1
126.94,1
3.68,1
50.075,1
82.1379268,1
195.0420711,1
10.519,1
244.7519491,1
44.3400667,1
233.0220711,1
2.9699999,1
51.4519491,1
1.738,1
48.27,1
130.8530058,1
177.3606356,1
7.6307461,1
29.62,1
159.0485783,1
34.0856273,1
48.8799999,1
112.0428369,1
36.41,1
0.094,1
34.75,1
162.5821348,1
159.2085783,1
250.05,1
6.2699999,2
91.49,1
26.2,1
73.471,1
33.18,1
0.3299999,1
25.23,1
3.9921348,1
17.48,2
33.26,1
176.0719491,1
50.06,8
224.5420711,1
0.132,1
49.1305,1
99.662,1
181.5151832,1
40.3306356,1
82.801949,1
7.57,1
159.8685783,1
79.24,1
34.1299999,1
36.2699999,1
30.72,2
27.12,1
18.1,1
93.087,1
9.4400666,1
167.18,1
110.9719491,1
139.8311055,1
93.74,1
0.1628369,1
0.82099,1
1.48,3
130.011,1
0.93,2
52.39,1
48.8256273,1
4.0344274,1
198.6654999,1
350.23,1
66.51,1
288.5247685,1
134.98,1
1.1819491,1
177.3806356,1
3.34,3
1.9627175,1
400.313394,1
0.7828369,1
32.17,1
88.1579268,1
35.751,1
63.37,1
76.7521348,1
0.32,2
2149.97,1
127.9500667,1
187.6536848,1
227.5620711,1
2.0799999,1
98.41,1
3.632,1
41.6020711,1
248.999389,1
246.5328369,1
191.6885783,1
38.85,1
8.3220711,1
3.5,5
181.5421348,1
42.5956273,1
50.44,1
113.87,1
200.32,1
106.3128369,1
26.251949,1
25.95,1
140.5921348,1
180.3721348,1
3.37,1
4.2399999,1
1.0606356,1
5.93,1
100.26,1
27.79,1
200.2999999,1
21.02,1
0.69099,1
158.0551832,1
170.3085783,1
3050.1417237,1
61.5955,1
0.1379999,1
3.1529999,1
34.5907461,1
167.9085783,1
215.48,1
123.37,1
32.98,1
46.94,1
100.1,2
18.19,1
15.76,1
301.3655,1
28.51,1
8.2203376,1
2.25,1
80.2419491,1
26.35,1
30.211,1
9.4,1
202.75,1
44.2328369,1
22.02099,1
10.22,3
34.3695,1
50.0205,1
5.2239918,1
37.4319491,1
27.9799999,1
250.231,1
137.7851832,1
166.661949,1
10.43,1
46.23,1
0.73,1
259.1199999,1
0.22,10
1.0794999,1
49.51,1
46.1599999,1
7.99,1
141.6506356,1
9.73,1
12.6855,1
107.672,1
167.4528369,1
73.9599999,1
31.55,2
286.9021348,1
98.0719999,1
4.2,1
0.5778373,1
71.02,1
145.66,1
101.1236283,1
22.1,1
9.8128369,1
245.4320711,1
79.4221597,1
186.4436848,1
247.8520711,1
14.3821348,1
191.6308808,1
162.2385783,1
195.08,1
0.991,1
6.7119491,1
136.9621348,1
245.3,1
0.14,6
41.49,1
31.5507461,1
8.3385,1
215.66,1
1.1,4
9.4300667,1
0.11099,1
59.7519491,1
90.2485783,1
18.84,1
49.86,1
5.7099999,1
1.0699999,1
174.2399999,1
27.42,1
1.3807461,1
184.2099999,1
64.42,1
4.9306356,1
253.42,1
3.04,4
4.26,3
16.0799999,1
4.08,1
2300.0,1
46.1906356,1
20.66,1
5.49,1
100.120041,1
102.0106356,1
19.8299999,1
145.28,1
200.1649491,1
15.23,1
4.01,4
1.918,1
678.5599999,1
146.0206356,1
49.01,1
15.198889,1
225.1620711,1
155.48,1
40.15,1
133.2451832,1
89.18,1
108.8410847,1
23.76,1
0.078889,1
2.058889,1
13.311,1
25.16,1
147.1828369,1
1.59,1
22.34,1
148.71,1
50.0405,1
16.01,1
22.5855,1
173.4185783,1
5.67,1
281.4821348,1
9.9699999,1
187.0208808,1
3.001949,1
33.4199999,1
172.35,1
48.71,1
24.1717964,1
110.342,1
244.5019491,1
200.1799999,1
112.717,1
245.579389,1
28.62,1
0.88,6
22.45,1
394.263394,1
9.45,1
233.2628369,1
28.09,1
5.5655646,1
2.05,3
155.87,1
172.96,1
68.1855,1
0.3,5
64.6321348,1
0.3920711,1
2.32,1
7.93,1
68.0185783,1
164.1430528,1
10.8906356,1
137.18,1
49.0678373,1
29.33,1
26.5320711,1
113.2144307,1
170.9828369,1
47.5398834,1
128.4921348,1
0.42,3
10.73,1
139.4319999,1
5.019,1
10.3285783,1
250.27,1
290.2121348,1
172.5017964,1
2.748,1
1.12,3
16.45,1
10.131,1
106.0306356,1
19.71,1
142.6516646,1
1.99,6
159.57,1
103.91,1
152.8599999,1
34.09,1
1.922,1
111.47,1
20.0656273,1
46.83,1
79.7219491,1
3.58,1
50.11,2
2.5,1
31.2909999,1
296.1155,1
40.67,2
2.448,1
134.4899999,1
170.2228369,1
9.51099,1
2.35,1
296.0755,1
0.0417362,1
3.441,1
1.3455,1
8.91,1
23.89,1
3.99,1
87.09,1
199.3728369,1
142.7121348,1
121.602,1
32.03,1
32.4485783,1
161.23,1
67.8185783,1
11.9428369,1
18.4,1
4.09,2
39.18,1
22.1578373,1
13.0399999,1
26.3017964,1
83.12,1
2.460311,1
6.0728603,1
180.8717964,1
400.093394,1
180.4721348,1
29.91,1
168.8599999,1
28.04,1
67.6900667,1
15.29,1
36.94,2
49.0455646,1
138.4106356,1
33.02,1
13.25,1
4.3099999,1
65.2885783,1
39.55,1
5.4306356,1
0.8199999,1
36.8720711,1
151.47,1
1.24,2
4.3421348,1
146.8700667,1
24.2599999,1
13.4621348,1
1.37,1
164.55,1
26.6,1
199.4044307,1
172.4017964,1
140.8599999,1
63.35,1
0.0815,1
183.1751832,1
175.9219491,1
21.35,1
105.5110847,1
39.53,1
202.76,1
50.01,12
173.96,1
1.55,1
251.08,1
17.9899999,1
138.1800667,1
0.43,6
85.1928369,1
26.4799999,1
113.1844307,1
2.9899999,2
72.52,1
246.5128369,1
97.93,1
0.101,1
133.1099999,1
63.13,1
139.191,1
210.92,1
128.5221348,1
139.8729458,1
0.09,15
1.03,4
108.237,1
66.92,1
0.1320711,1
154.9406356,1
10.68,1
47.4585783,1
37.1056273,1
39.39,1
100.01,4
83.3328369,1
11.6,1
150.2110847,1
16.39,2
50.36,1
0.56,6
8.081949,1
103.63,1
390.673394,1
1.0109999,1
2.238,1
102.2100667,1
2.148,1
13.86,1
12.06,1
8.68,1
1.52,2
50.3507461,1
5.42,2
17.8478373,1
50.0878373,1
128.4485783,1
103.59,1
0.1999999,1
207.9819491,1
0.97,4
203.7820711,1
186.2721348,1
29.2885783,1
296.3555,1
24.341,1
128.44,1
47.31,1
9.95,1
2.718,1
231.2119491,1
100.4499999,1
10.8278373,1
85.2810847,1
0.0385,1
50.0214018,1
127.8306356,1
92.1385783,1
37.19,1
165.62,1
36.59,1
18.3699999,1
0.122,1
6.0277989,1
170.9955,1
244.38,1
89.4,1
140.0351832,1
149.2,1
18.72,1
101.3110847,1
38.74,1
34.3285,1
16.31,1
58.2628369,1
223.2720711,1
75.2921348,1
35.17,1
10.62,1
171.3028369,1
12.3099999,1
133.94,1
37.3700667,1
218.3920711,1
188.6328369,1
265.51,1
2.0201228,1
29.06,1
1.22,2
23.03,1
30.7,1
14.0819491,1
0.31,2
1.2403978,1
16.34,1
176.7306356,1
82.72,1
34.39,2
137.8899999,1
32.6599999,1
27.6721348,1
23.3299999,1
12.6499999,1
200.081,1
197.0651832,1
253.48,1
27.3117964,1
3.8589752,1
0.4099999,1
7.31,1
194.48,1
6.41,1
2.15099,1
4.72,1
23.62,1
60.818889,1
12.0928369,1
4.23,2
7.7,2
75.3317964,1
47.38,1
252.27,1
24.64,1
111.74,1
18.29,2
1.219,1
1.6495,1
50.3607461,1
23.54,1
5.13,2
100.2476155,1
151.31,1
18.5,1
6.95,2
0.3399999,1
1.021,1
837.46,1
103.397,1
116.2819491,1
21.471,1
221.4844307,1
39.33,1
141.4185783,1
3.19,2
106.0806356,1
128.742,1
44.26,1
213.5019491,1
40.4519491,1
218.28,1
55.2000667,1
10.6617964,1
17.0321348,1
14.12,1
26.3519999,1
27.35,1
99.9999999,1
0.25,7
90.138889,1
242.519389,1
7.75,2
10.791,1
2996.69,1
19.4820711,1
1.64,1
90.0621348,1
49.1299999,1
41.25,2
34.349,1
0.6328369,1
3.2978373,1
48.6300819,1
191.9320711,1
100.12,2
3.36,1
103.95,1
51.6019491,1
10.36,1
19500.0,1
19.68,1
131.0206356,1
0.24,3
24.29,1
12.37,1
35.1,2
29.93,1
195.42,1
52.4199999,1
166.62,1
181.6799999,1
128.712,1
32.72,1
14.5600667,1
10.21,1
5.8252318,1
164.9017964,1
154.9921348,1
25.071,1
245.211,1
43.9555,1
4.1499999,1
62.18,1
0.1121597,1
500.2441422,1
8.17,3
25.01,2
48.63,1
10.01,4
14.1285783,1
2.87,2
267.3,1
30.85,1
2.84,1
26.32,1
140.6751832,1
8.47,1
12.1755646,1
0.3063125,1
9.33,1
0.0600182,1
110.5344307,1
107.3006356,1
237.679389,1
47.79,2
0.19,9
6.98,1
29.15,1
50.51,1
43.31,1
47.632,1
269.1055,1
61.3821348,1
66.5519491,1
177.9955,1
56.2628369,1
0.0409999,1
0.0765,1
0.0800666,1
167.061,1
237.29,1
48.37,1
28.67,1
29.5928369,1
170.1819491,1
93.767,1
25.1621348,1
269.2255,1
1.56,2
86.8,1
30.7619491,1
100.0199999,1
1.1519491,1
170.8317964,1
243.92,1
99.7569999,1
5.8,2
5.98,1
4.9,2
85.3119491,1
3.45,2
48.6400819,1
62.6400667,1
212.9720711,1
217.1,1
0.23,6
271.16,1
28.64,1
1.4466534,1
25.88,1
2.568,1
22.28,1
46.14,1
31.0519491,1
31.92,1
0.74,2
33.19,1
42.9200667,1
197.8136848,1
4.58,1
0.0295,1
176.7506356,1
100.91,1
200.2,1
12.5000667,1
129.5321348,1
106.5,1
3.77,1
18.8,1
400.2435929,1
20.3299999,1
0.1723018,1
154.34,1
0.11,10
11.27,1
142.4601698,1
36.65,1
2.2921348,1
55.93,1
1.71,2
0.35,5
17.97,1
35.21,1
39.5985783,1
139.7651832,1
3.86,1
500.818778,1
51.020013,1
49.8506356,1
184.82,1
45.44,1
64.2,1
34.41,1
173.0544307,1
165.4051832,1
138.3285783,1
91.937,1
48.97,1
83.4317964,1
49.77,1
50.02,6
182.7399999,1
86.7,1
167.041,1
114.0810847,1
58.8455,1
205.2528369,1
10.17,1
0.0613331,1
0.5389456,1
69.92,1
119.597,1
5.73,1
46.49,1
15.33,1
11.33,1
200.1185783,1
100.0399999,1
50.0108256,1
101.321,1
75.0099999,1
28.59,1
12.0399999,1
3.108,1
6.0101962,1
35.56,1
171.911949,1
181.621,1
0.6,6
756.77,1
248.2620711,1
0.7999999,2
0.301949,1
200.2355,1
195.7908808,1
13.34,1
23.47,1
366.503394,1
8.16,1
3.08,1
45.8705,1
107.18,1
0.7,2
2.208,1
0.4020711,1
87.3,1
41.4220711,1
2.74,1
162.5721348,1
144.95,1
0.54,4
16.8878373,1
210.5719491,1
0.0699999,1
3.4205,1
0.113,1
372.543394,1
10.5125576,1
100.4095735,1
20.55,1
42.88,1
7.41,1
0.63,3
34.4806356,1
6.9855,1
168.841,1
98.3406356,1
6.771,1
155.44,1
0.05,23
197.44,1
1.888,1
0.022,1
111.7328369,1
194.6017964,1
54.7828369,1
108.01,1
192.9620711,1
49.85,1
3.9919491,1
70.1217964,1
21.66,1
2.2,1
600.0,1
52.9,1
166.8428369,1
1.42,3
11.68,1
3.0299999,1
86.1,1
224.34,1
85.12,1
164.4651832,1
148.53,1
49.26,2
21.0107461,1
119.4010847,1
5.64,2
39.38,1
27.68,1
5.05,1
181.8019491,1
99.0306356,1
5.01,6
5.46,2
26.58,1
54.7585783,1
19.82,1
49.22,1
11.44,1
80.64,1
19.0478373,1
146.4051832,1
62.061,1
49.7819999,1
243.489389,1
385.583394,1
5.18,2
4.9455646,1
26.06,1
176.3128369,1
7.59,1
195.37,1
32.69,1
112.2500667,1
60.5,1
5.1709999,1
1.46,5
0.45,3
0.417,1
13.33,1
0.4399999,1
27.92,2
16.5900667,1
48.1078373,1
174.6617964,1
5.07,2
13.3799999,1
35.01,1
128.9900667,1
160.16,1
172.2006356,1
47.2200666,1
120.891,1
41.53,1
22.73,1
50.0015,1
180.0717964,1
50.12,2
96.4599999,1
100.1600667,1
1.8128369,1
1.89,1
2.898,1
19.7919491,1
197.7936848,1
0.1399999,1
68.92,1
6.6099999,1
74.98,1
0.6428369,1
18.3620711,1
66.3321348,1
168.7099999,1
47.8399999,1
132.1328369,1
21.29,1
0.2075638,1
15.85,1
2.0199999,1
10.07,1
15.49,1
22.13,1
6.74,3
246.8420711,1
20.17,1
33.92,1
50.0400001,1
9.05,2
39.2385783,1
50.18,3
14.11,1
174.17,1
23.77,1
17.4278373,1
14.93,1
12.271,1
9.34,1
0.91,1
250.1628369,1
28.69,1
0.0485783,1
21.53,1
158.6721348,1
173.4136848,1
3.69,1
2.18,2
50.0095,1
100.02,6
0.0645,1
29.65,1
2.1,1
13.35,2
105.6185783,1
260.05,1
16.7200667,1
46.6178373,1
180.3185783,1
24.81,1
29.8237121,1
98.4310847,1
47.0121348,1
36.1,1
50.91,1
161.47,1
151.5300667,1
27.4285783,1
33.47,1
0.9,2
244.3728369,1
3.982,1
0.2985,1
22.4899999,1
2.298,1
271.9755,1
249.3319491,1
59.4719491,1
44.44,1
0.33,4
92.5910847,1
210.4199999,1
32.21,2
48.7555,1
146.3617964,1
14.87,1
188.69,1
181.7719491,1
109.631,1
289.6855,1
39.7307461,1
200.3,1
21.0099999,1
16.9219491,1
31.2,1
153.491,1
0.87,2
47.98,1
150.361,1
28.7420711,1
50.4799999,1
114.8521348,1
247.8555,1
136.272,1
1.858,1
85.9085783,1
80.3219491,1
54.4000667,1
258.0299999,1
141.567,1
143.5517964,1
1.91,1
14.52,1
1.23,3
28.12,1
100.03,4
21.36,1
190.09,1
1.2020711,1
70.01,1
167.9036848,1
42.3956273,1
195.5620711,1
47.86099,1
1.94,2
22.8078373,1
2.688,1
45.05,1
8.93,1
25.2017964,1
199.2355,1
3.5400667,1
8.091949,1
0.1507461,1
3.542,1
6.07,2
8.23,1
206.3899999,1
1.948,1
893.42,1
2.59,3
0.03,25
50.0772082,1
3.2599999,1
105.9510847,1
189.6051832,1
238.249389,1
29.7820711,1
38.6407461,1
188.5908808,1
191.6085783,1
25.0509999,1
18.9,1
148.01,1
10.1,1
185.18,1
3.72,2
28.611,1
107.548889,1
18.4399999,1
2.118,1
2.658,1
10.5,2
174.1219491,1
150.04,1
45.7907461,1
0.4258405,1
165.9017964,1
205.57,1
2.928,1
29.97,1
15.35,1
143.6110847,1
18.97,1
62.7655,1
1.53,3
122.4310847,1
24.72,1
26.121949,1
7.01,1
137.2617964,1
8.62,1
37.492,1
0.7889456,1
178.6699999,1
28.07,1
10.1954999,1
193.4,1
48.1600667,1
2.4899999,2
7.35,1
240.4328369,1
12.8321348,1
3.67,1
214.0799999,1
136.1817964,1
0.62,2
174.6836848,1
107.51,1
11.08,1
0.85,1
44.9499999,1
82.6828369,1
14.72,1
140.082,1
0.96,1
5.5599999,1
78.58,1
184.03,1
0.689,1
8.4599999,1
135.5969999,1
363.473394,1
29.99,1
198.0451832,1
101.7899999,1
47.6507461,1
0.028,1
1.18,5
135.6485783,1
200.2165718,1
50.07,3
377.6599999,1
23.81,1
177.9136848,1
37.35,1
3.3955,1
127.1,1
17.4385783,1
38.23,1
3.832,1
58.9000667,1
67.6119491,1
47.982,1
45.3,1
46.2205,1
183.92,1
149.1399999,1
131.152,1
8.5278373,1
4.22,2
73.9100667,1
189.1917964,1
0.15,9
8.2899999,1
5.65,1
0.5431808,1
0.1228369,1
4.18,1
4.1,1
2.2337927,1
10.8428369,1
35.86,1
106.88,1
15.1255,1
4.991,1
16.42,1
0.0276356,1
104.0669999,1
17.501949,1
143.67,1
81.451949,1
10.16,1
0.059,1
5.51,1
9.42,1
3.1589999,1
175.4144307,1
160.9951832,1
16.02,1
35.9200667,1
213.0920711,1
5.74,1
8.0221348,1
224.529389,1
0.81,1
50.37,1
110.1410847,1
25.04,1
159.4306356,1
37.65,1
1.72,2
0.9485783,1
49.9599999,1
172.3217964,1
222.0899999,1
85.4910847,1
39.3799999,2
34.4420711,1
178.7319491,1
185.1521348,1
12.3406356,1
6.5299999,1
100.677,1
31.6819491,1
45.1700667,1
0.147,1
0.34,2
0.432,1
204.5120711,1
400.1703664,1
8.0392328,1
33.42,1
111.63,1
148.0410847,1
3.0199999,1
142.4385783,1
250.201,1
46.88,2
4.05,1
1.391,1
8.359,1
188.34,1
25.0685783,1
98.372,1
10.59,2
30.121,1
64.838889,1
31.45,1
39.3585783,1
0.0619491,1
7.36,1
188.7,1
61.7519491,1
33.7556273,1
18.73,1
19.8619491,1
55.84,1
1.95,2
8.21099,1
17.43,1
35.6407461,1
3.65,1
136.43,1
12.77,1
11.59,1
2.06,2
5.3800274,1
279.7121348,1
22.01,1
42.32,1
13.23,1
362.003394,1
117.43,1
44.82,2
184.7236848,1
2.27,3
46.1800667,1
218.3820711,1
1200.13,1
1.92,1
2.5752009,1
0.5699999,2
10.45,1
25.7378373,1
245.569389,1
204.7528369,1
8.05,1
23.25,1
100.2217302,1
109.4906356,1
393.993394,1
0.0385783,1
4.0019491,1
34.4799999,1
166.6819491,1
15.0100857,1
1.61,2
41.58,1
84.82,1
14.82,1
15.2600667,1
84.3885783,1
1.43,1
7.2499999,1
50.040041,1
238.99,1
9.8299999,1
0.348889,1
98.01,1
180.37,1
161.7244307,1
2.4806356,1
200.36,1
141.1888436,1
60.2606356,1
79.0210847,1
115.6110847,1
97.6506356,1
0.319713,1
401.21,1
166.6688948,1
45.9,1
19.07,2
135.6069361,1
20.86,1
104.017,1
46.241,1
50.94,1
12.24,1
30.8019491,1
23.91,1
111.9810847,1
75.9310847,1
7.6107461,1
86.6817964,1
8.8509999,1
48.16,1
67.221,1
100.2105,1
100.06,4
50.22,1
85.5785783,1
139.8796972,1
29.96,1
25.0621348,1
189.2328369,1
0.031,1
243.3755,1
44.7856273,1
688.58,1
9.7999999,1
350.15,1
200.952,1
2.508,1
33.0085783,1
31.6,1
14.81,2
200.0201334,1
9.8328369,1
162.4144307,1
12.59,1
173.65,1
248.08,1
20.1878373,1
189.5136848,1
145.53,1
100.14,1
230.359389,1
0.591,1
40.73,1
49.53,1
1.26,3
326.073394,1
37.31,1
51.0121348,1
282.32,1
171.1699999,1
4.21,1
97.9085783,1
37.8878373,1
10.6455646,1
37.85,2
6.04,2
150.8600667,1
3.53,1
0.76,3
33.7706356,1
84.4085783,1
249.3119491,1
1.667,1
18.55,1
19.81,1
104.01,1
45.4,1
3.07,4
14.1,1
0.208889,1
28.99,1
36.36,1
18.63,1
11.98,2
47.64,1
160.4906356,1
49.5728369,1
157.5485783,1
250.46,1
234.43,1
31.111,1
0.36,3
224.2528369,1
680.57,1
8.36,1
10.56,1
20.27,1
32.01,1
198.46,1
31.68,1
46.2,1
23.55,1
39.47,1
181.4851832,1
9.3509999,1
0.64099,1
118.5510847,1
30.42,1
11.5,1
72.61,1
36.8499999,1
0.78,2
42.3,1
147.7010847,1
189.6099999,1
200.7200061,1
1000.0104,1
247.849389,1
95.027,1
46.77099,1
400.903394,1
0.5607461,1
55.19,1
56.401,1
19.08,1
120.001,1
25.41,1
243.63,1
121.7,1
90.6785783,1
100.2099999,2
151.21,1
8.951,1
38.8978373,1
100.13,1
226.7028369,1
5.3099999,1
111.3406356,1
4.1321348,1
45.75,1
4.1100056,1
171.0517964,1
0.0555,1
221.4344307,1
2.41,1
1.74,1
120.971,1
225.7019491,1
79.1510847,1
90.4406356,1
210.99,1
182.4817964,1
0.37,7
0.94,3
5.6099999,1
213.4819491,1
61.061,1
30.58,1
2.07,3
53.1600667,1
16.22,1
1.4085783,1
20.62,1
2.868,1
225.2628369,1
4.48,2
3.952,1
174.371,1
46.1,2
170.3255,1
89.1779268,1
14.71,1
146.3119491,1
96.082,1
5.38,1
3.0957564,1
3.9519491,1
19.5,1
58.9719491,1
11.39,1
6.61,1
0.058889,1
176.4706356,1
0.0220711,1
85.13,1
33.33,1
120.9728369,1
14.431,1
26.1978373,1
38.57,1
18.3,1
43.17,1
1.0006356,1
15.59,1
176.3417964,1
173.3385783,1
30.11,1
99.16,1
15.42,1
1.3495,1
117.5810847,1
109.641,1
234.1020711,1
166.3751832,1
9.6255646,1
16.25,1
127.4485783,1
33.1707461,1
90.0821348,1
30.7400667,1
3.8228369,1
169.2285783,1
10.471,1
107.217,1
0.1699999,2
50.026,1
33.68,1
9.01,2
132.9400667,1
3.922,1
150.7244307,1
0.1388889,1
37.44,1
151.8999999,1
155.22,1
2.988,1
249.2419491,1
9.6578373,1
114.9210847,1
16.182,1
2.9919491,1
188.7717964,1
170.32,1
1.5,3
0.0828369,1
400.2873697,1
99.857,1
601.3495371,1
131.072,1
6.31,1
2.38,2
10.18,1
154.02,1
200.0615,1
2.29,2
142.2399999,2
30.13,1
31.85,1
8.15,1
380.3499999,1
155.0828369,1
14.97,1
58.4400667,1
235.1720711,1
21.2178373,1
7.28,1
9.3107461,1
226.3628369,1
226.3428369,1
1.01,23
500.393,1
90.6606356,1
2.7,1
10.0985783,1
182.4017964,1
198.6844307,1
48.7299999,1
49.96,1
46.15099,1
8.67,1
100.04,1
157.7321348,1
202.66,1
2.11,1
22.32,1
85.43,1
97.22,1
67.29,1
13.9919491,1
1.8665382,1
0.07,6
144.4669999,1
6.5707461,1
0.3125,1
3.8421348,1
34.3519491,1
194.9620711,1
195.0817964,1
0.782,1
223.12,1
171.1399999,1
20000.0,1
50.0325528,1
110.4044307,1
46.46,1
171.7019491,1
105.71,1
10.3,1
90.1928369,1
99.652,1
22.1655,1
17.64,1
142.22,1
110.4219491,1
8.591,1
0.4019491,1
51.42,1
135.25,2
7.571,1
0.092,1
71.1,1
91.4517964,1
28.57,2
4.49,1
3.6698255,1
4.84,1
1.49,2
107.7485783,1
126.6906356,1
0.0628369,1
24.52,1
90.4119491,1
18.16,1
151.48,1
17.45,1
29.6599999,1
14.8455,1
18.81,1
287.3721348,1
236.23,1
44.58,1
15.9899999,1
1.67,1
0.92,3
115.4521348,1
45.21,1
246.719389,1
252.39,1
2.8,2
10.9799999,1
225.9928369,1
44.4099999,1
44.4500667,1
247.9620711,1
2.9299999,1
3.46,1
1.5699999,1
0.9688889,1
189.4908808,1
137.2810847,1
42.6699999,1
9.03,1
175.3044307,1
146.5506356,1
40.49,1
1.6332353,1
1.84,1
48.0221348,1
151.33,1
47.9456273,1
34.7399999,1
451.674394,1
132.2099999,1
84.5128369,1
213.74,1
0.44,3
129.5221348,1
228.611,1
1.15,4
2.09,2
42.7985783,1
286.37,1
259.93,1
292.3255,1
0.6278373,1
5.5299999,1
215.44,1
24.68,1
77.59,1
146.2051832,1
8.2,1
33.48,1
45.9407461,1
27.23,1
36.76,1
126.1744307,1
198.0585783,1
17.02,1
0.21,9
47.7585783,1
2.9,1
1.9400667,1
180.7136848,1
145.4306356,1
32.841,1
160.26,1
104.7488948,1
68.4419491,1
3.892,1
20.7599999,1
24.47,1
10.66,1
39.44,1
26.51,1
35.32,1
15.48,1
0.0225576,1
17.42,1
86.7217964,1
96.0110847,1
0.52,5
14.21,1
233.2028369,1
49.79,1
0.368889,1
0.9300667,1
8.3,1
31.75,1
8.501,1
233.989389,1
192.671,1
5.08,1
33.83,1
36.0599999,1
20.89,1
159.9585783,1
41.6605,1
15.82,1
32.39,1
99.94,1
35.67,1
27.571,1
4.73,1
220.69,1
202.37,1
50.051,1
41.4406356,1
5.9119491,1
126.791,1
8.02,1
190.4999999,1
1.57,2
1.5078373,1
37.9820711,1
119.4710847,1
13.1006356,1
2.385909,1
43.62,2
5.4099999,1
240.2928369,1
5.4455646,1
38.9,1
106.0106356,1
19.9,1
49.97,4
34.18,1
44.3099999,1
157.3021348,1
41.8,1
28.771,1
0.2,10
0.93099,1
5.89,2
282.5821348,1
4.3,1
56.2906356,1
17.54,1
4.71,1
110.6944307,1
97.7106356,1
185.3217964,1
0.47,4
50.0105,2
249.171,1
125.89,1
2.21,1
4.9799999,1
93.077,1
49.82,1
40.03,1
79.2119491,1
73.64,1
45.0928369,1
0.0300667,1
2.178,1
5.43,1
7.53,1
57.0419491,1
30.08,1
237.62,1
143.0499999,1
28.1,1
38.5,1
13.3717964,1
30.6328369,1
171.9019491,1
1.3,2
41.8100667,1
50.001,1
5.26,2
139.2351832,1
105.1799999,1
2.808,1
4.25,1
58.01,1
107.1669999,1
130.8128369,1
25.0785783,1
72.0610847,1
118.551949,1
2.44,2
100.9106356,1
0.8285783,1
30.0693,1
245.2920711,1
0.6799999,1
157.9317964,1
2.62,1
75.9,1
6.09,1
0.2540615,1
34.13,2
7.06,5
0.057,1
32.7921348,1
249.95,1
112.47,1
216.75,1
162.7521348,1
32.2420711,1
109.9685783,1
134.1021348,1
90.01,1
1.3607461,1
10.35,1
6.08,1
50.08,7
9.17,1
29.49,1
182.5151832,1
45.36,1
9.99,1
22.51,1
16.71,1
22.5355,1
337.543394,1
225.31,1
0.77099,1
17.17,1
180.7351832,1
195.0,1
0.238,1
200.1621852,1
386.793394,1
181.871,1
118.2144307,1
36.472,1
13.79,1
3.98,1
3.61,3
12.81,1
3.16,1
32.1599999,1
11.43,1
96.097,1
34.36,1
47.2,1
95.4819491,1
108.4728369,1
147.4900667,1
95.6619491,1
17.69,1
45.11,1
45.14099,1
50.0605,1
0.27,2
1.38,1
48.2607461,1
0.108889,1
3.02,2
226.3728369,1
101.1,1
40.1999999,1
193.5,1
88.69,1
3.93,1
56.95,1
21.6978373,1
192.0885783,1
250.1828369,1
183.72,1
14.66,1
0.038889,1
11.3099999,1
48.99,1
59.47,1
0.917,1
69.14,1
500.5488614,1
9.8428369,1
7.70099,1
194.9236848,1
1.07,3
238.269389,1
31.57,1
46.0355,1
324.143394,1
108.69,1
167.55,1
0.02,38
22.56,2
101.74,1
148.3299999,1
20.2,1
2.23,1
129.022,1
21.84,1
49.98,1
183.76,1
17.8078373,1
46.06,1
31.28,1
2.6,2
3.862,1
2.098,1
42.2,1
27.34,1
73.0610847,1
244.6555,1
34.411,1
1.9,1
13.77,1
14.9185783,1
9.1700667,1
121.71,1
119.781,1
117.0910847,1
35.82,1
26.268889,1
238.661,1
77.5006356,1
58.488889,1
171.1017964,1
155.9928369,1
191.0908808,1
300.02,1
69.0819491,1
0.042,1
1.97,4
269.0555,1
3.662,1
1.06,3
21.96099,1
22.03,1
155.5785783,1
18.48,2
2.13,1
19.88,1
100.1016512,1
72.8500667,1
7.4117964,1
0.83,2
9.2199999,1
230.1628369,1
0.102,1
35.61,1
2.5099999,2
56.612,1
1.0999999,1
8.1907461,1
0.9178373,1
1.35,1
0.57,1
9.901,1
60.612,1
47.5585783,1
11.7178373,1
117.5328369,1
63.45,1
27.3378373,1
46.5,1
52.6019491,1
45.0899999,1
0.12,14
63.4,1
147.82,1
28.15,2
397.473394,1
12.7939455,1
193.2999999,1
2.83,1
80.68,1
104.63,1
131.062,1
181.2451832,1
0.4320711,1
0.0320711,1
15.12,1
15.13,1
0.02099,1
0.7655,1
15.94,1
1.9986487,1
29.07,2
380.853394,1
213.65,1
30.71,1
76.2,1
37.38,1
143.8810847,1
199.48,1
119.771,1
6.03,1
2.068,1
1.09,4
1.708,1
35.5,1
112.9810847,1
14.161,1
135.0717964,1
59.498889,1
156.8917964,1
22.7488889,1
24.54,1
9.22,1
6.62,1
2.388,1
210.4299999,1
16.4199999,1
8.27,2
35.03,1
2.02,5
37.51,1
39.5785783,1
38.31,1
150.351,1
229.329389,1
0.0211055,1
3.6155646,1
3.488889,1
42.7699999,1
49.8,1
0.1017964,1
7.47,1
10.3807461,1
3.62,1
66.37,1
3.9,1
9.09,1
1.44,1
162.8806356,1
195.3820711,1
201.27,1
8.0155,1
149.5517964,1
0.9678373,1
42.2156273,1
7.9,1
64.5821348,1
145.9817964,1
16.2006356,1
22.2178373,1
0.0217362,1
384.783394,1
27.8478373,1
22.48,1
18.6,1
4.0119999,1
372.533394,1
5.35,2
3.5117325,1
36.4352478,1
241.1955,1
0.032,1
45.5,1
227.31,1
181.2851832,1
7.73,1
100.17,1
170.8117964,1
220.92,1
45.39,1
166.1385783,1
8.07,1
74.91,1
292.3354999,1
6.4821348,1
137.26,1
47.8405,1
18.66,1
155.9828369,1
250.9419491,1
19.661,1
203.8555,1
62.2910847,1
1.089,1
34.308,1
66.16,1
22.22,1
156.9017964,1
100.0712547,1
4.7,1
157.8899999,1
188.9317964,1
73.02,1
5.4,1
3.33,2
2.1799999,2
24.43,2
168.68,1
91.5910847,1
75.422,1
282.18,1
23.9,1
2.958,1
231.7719491,1
140.351,1
0.1100667,1
9.92,1
0.6628369,1
104.9210847,1
49.49,2
187.6699999,1
31.432,1
47.3600667,1
1.11,2
1.978,1
68.2621348,1
2.99,2
245.4928369,1
48.7300819,1
248.8120711,1
2.0099999,9
16.77,1
0.9331953,1
148.85,1
2.81,1
7.5099999,1
38.0785783,1
194.6236848,1
26.81,1
34.2699999,1
1.3621348,1
3.692,1
500.44064,1
17.5978373,1
39.8305,1
156.1421348,1
139.87,1
1.415,1
38.56,1
3.74,1
5.55,1
172.761949,1
145.68,1
100.0951777,1
46.5012632,1
15.27,1
2.98,1
8.09,1
31.95,1
29.37,1
49.04,1
12.91,1
18.61,1
239.469389,1
6.4306356,1
47.6,1
125.7344307,1
178.6785783,1
1.69,2
202.27,1
30.19,1
0.332,1
111.4617964,1
3.1704663,1
200.583,1
14.55,1
20.25,1
143.7751832,1
142.307,1
100.22,1
249.9419491,1
10.0399999,1
10.8578373,1
27.88,1
188.7217964,1
10.28,1
1.1955,1
50.03,9
29.7121348,1
49.39,1
228.31,1
143.4417964,1
1.2019491,1
167.9285783,1
10.33,1
100.0100088,1
9.0785783,1
95.5819999,1
27.0717964,1
38.181,1
289.3855,1
99.1879268,1
50.05,9
252.37,1
150.01,1
3.5078373,1
48.7400819,1
11.1,1
5.47,1
218.1220711,1
12.73,1
40.5419999,1
19.2299999,1
192.9008808,1
112.19,1
153.661,1
243.14,1
38.46,1
167.36,1
5.72,2
44.7356273,1
91.5928369,1
111.69,2
12.1500667,1
260.04,1
106.6585783,1
156.1821348,1
146.3599999,1
18.04,1
300.04,1
5.0699999,1
1.0806356,1
1.1195,1
270.7199999,1
188.6699999,1
28.82,1
28.8485783,1
18.96,1
103.117,1
1.14,1
2.3921348,1
27.82,1
184.16,1
20.77,1
180.6151832,1
141.9806356,1
1.54,1
13.5155646,1
3.482,1
67.53,1
153.471,1
242.3328369,1
80.4,1
82.5006356,1
3.1,3
230.78,1
100.012,2
21.49,1
300.1025659,1
50.14,1
183.6455,1
9.2655,1
42.73,1
21.01,1
253.96,1
2.52,1
33.0719491,1
8.5478373,1
7.13,1
36.33,1
8.9599999,1
15.29099,1
1.3799999,1
5.3,1
106.77,1
49.99,3
5208.6221744,1
13.87,1
157.9251832,1
251.1919491,1
183.2151832,1
222.4120711,1
3.4400667,1
167.3,1
0.0221348,1
4.4,2
23.83,1
9.36,1
390.803394,1
5.71,1
10.6,1
18.09,2
21.99,1
22.39,1
10.24,1
27.63,1
36.67,1
34.62,1
5.94,1
184.71,1
12.3400667,1
237.25,1
1.9778373,1
73.0285783,1
154.9721348,1
9.8606356,1
0.1555,1
174.4717964,1
164.3717964,1
12.86,1
11.06,1
3.54,1
9.68,1
122.47,1
13.1,1
156.0685783,1
25.03099,1
34.1999999,1
10.78,1
112.0744307,1
43.5806356,1
3.0099999,8
127.5010847,1
125.7744307,1
4.12,2
5.3599999,1
221.2,1
6.5,1
70.15,1
29.92,1
95.782,1
0.288889,1
24.7556273,1
80.2919491,1
300.9821695,1
31.068889,1
1.768,1
170.6455,1
1.19,1
74.8888889,1
229.169389,1
5.2720711,1
36.47,1
86.5717964,1
1.6465,1
114.15,1
35.9799999,1
2.39,1
7.8299999,1
45.0159474,1
97.0099999,1
164.9019491,1
2.008,1
9.3799999,2
42.5856273,1
6.46,2
100.16,1
30.34,1
51.78,1
120.82,1
27.4785783,1
400.9617616,1
167.8785783,1
169.3899999,1
90.6006356,1
5.1146274,1
200.98,1
45.0821348,1
0.0505,1
13.28,1
5.22,1
138.09,1
6.3,1
98.0485783,1
246.8120711,1
14.9955,1
48.1,1
0.29,6
43.38,1
3.39,2
0.0999999,2
13.89,2
7.63,1
184.81,1
5.04,2
0.0328369,1
4.941,1
16.5,1
3.048,1
0.172,1
33.81,1
153.6519491,1
1.9895,1
110.3106356,1
200.1,2
170.0819491,1
1.36,3
0.98,3
11.1078373,1
6.162,1
70.94,1
31.6356273,1
38.3009999,1
3.6845423,1
0.0259763,2
73.3410847,1
100.151,1
21.5207461,1
42.6155,1
178.5328369,1
40.45,1
15.1,1
83.25,1
0.89,1
180.6836848,1
242.8455,1
2.358,1
20.65,1
2.31,1
240.8955,1
173.47,1
85.56,1
8.8199999,1
40.57,1
111.7,1
212.8720711,1
27.2978373,1
255.51,1
154.1499999,1
1.097,1
46.1299999,1
2.3,1
54.16,1
11.37,1
194.2708808,1
33.44,1
8.19,1
12.39,1
395.463394,1
23.21,1
176.4017964,1
7.6155646,1
116.76,1
136.7399999,1
3.21,1
108.8185783,1
44.04,1
115.6210847,1
50.0635557,1
400.3,1
10.65,1
8.7,1
11.47,1
7.151,1
151.9300667,1
6.89,1
100.66,1
137.4644307,1
52.03,1
4.54,3
29.01,2
38.51,1
20.04,1
40.5610847,1
5.25,2
48.8506356,1
27.538889,1
171.446,1
107.0806356,1
234.1220711,1
156.0117964,1
24.99,1
9.12,1
1400.01,1
140.91,1
23.08,1
91.5628369,1
111.4044307,1
1.4185783,1
16.48099,1
48.35,1
114.1210847,1
177.0,1
237.27,1
25.531,1
127.4810847,1
2.34,2
192.5055,1
90.0521348,1
39.1,1
126.4106356,1
137.0728369,1
245.0,1
14.1006356,1
225.36,1
183.5451832,1
0.9100667,1
192.5517964,1
109.01,1
49.95,2
1.5555646,1
128.4199999,1
2.63,1
90.32,1
280.16,1
18.64,1
150.22,1
42.5985783,1
250.19,1
42.14,2
171.28,1
0.7328369,1
0.28,7
44.2209999,1
143.7710847,1
27.7420711,1
25.2517964,1
1.2,2
75.03,1
119.457,1
111.8428369,1
4.15,1
400.293394,1
95.037,1
17.52,1
205.26,1
4.5,2
362.093394,1
112.75,1
11.6399999,1
4.68,1
32.7,1
43.93,1
30.44,1
145.1551832,1
37.37,1
200.091,1
165.07,1
85.5885783,1
100.0699999,1
0.082,1
187.3728369,1
289.4355,1
210.44,1
0.13,6
149.4228369,1
182.331,1
289.7855,1
690.09,1
236.68,1
3.7,1
14.1185783,1
192.9755,1
71.05,1
47.3400666,1
0.047,2
227.32,1
13.1960587,1
216.0219491,1
63.3319491,1
1.6875,1
93.8110847,1
2.22,2
47.538889,1
194.5517964,1
10.7999999,1
100.08,3
10.34,1
4.5699999,1
2.838,1
185.1517964,1
2.68,3
125.87,1
1.0436891,1
2.598,1
2.5379999,1
6.87,1
50.0200819,1
172.2399999,1
8.84,1
3.73,2
23.31,1
188.6128369,1
20.95,1
14.7,2
9.53,1
195.4520711,1
25.2285783,1
36.28,1
75.72,1
75.1999999,1
39.56,1
258.7,1
14.531,1
8.1,1
83.5928369,1
1.1820711,1
134.2906356,1
1.76,1
86.7017964,1
22.64,1
176.4317964,1
13.52,1
59.6085783,1
48.5056273,1
26.44,1
8.34,1
108.71,1
92.0385783,1
6.35,1
50.04,10
9.16,2
36.0320711,1
148.03,1
0.297,1
31.2519491,1
120.74,1
500.36,1
139.9969999,1
127.3,1
0.0663125,1
50.09,4
0.59,3
2.3621348,1
174.4136848,1
11.51,1
63.31,1
9.3099999,1
0.84,3
172.6006356,1
0.2039999,1
170.6428369,1
12.3955646,1
183.0328369,1
36.5007461,1
2.42,2
162.8899999,1
156.98,1
170.2985783,1
218.4120711,1
150.2660469,1
1.7,1
34.43,1
0.26,4
0.0321348,1
16.95,1
0.2820711,1
100.177,1
45.67,1
0.67,3
108.18,1
21.041,1
80.018889,1
50.7485783,1
25.5020711,1
156.6151832,1
0.037,1
238.509389,1
149.3119491,1
34.3419491,1
20.298889,1
67.362,1
0.921,1
72.3417964,1
174.7136848,1
173.0917964,1
0.06,19
5.1,1
11.99,1
0.0400666,1
149.59,1
169.7655,1
120.6628369,1
5.901949,1
28.9,2
245.77,1
128.38,1
1.86,1
125.85,1
367.123394,1
63.46,1
42.03,1
63.2,1
4.98,1
1.828,1
4.14,2
48.5200819,1
245.2420711,1
2.9499999,1
18.54,1
7.96,2
18.6928369,1
1.13,1
2.628,1
152.62,1
168.5628369,1
28.74,1
4.28,1
2.2317964,1
7.44,1
30.64,1
161.6544307,1
36.3099999,1
184.5499999,1
1.0821348,1
6.68,1
137.0521348,1
5.09,1
209.87,1
4.2299999,2
13.5,1
3.2,4
0.55,2
6.45,1
125.59,1
2.48,4
41.6710847,1
190.76,1
73.331,1
5.5,2
27.55,2
155.08,1
37.5107461,1
48.9899999,1
124.5644307,1
176.3385783,1
10.51,2
0.8085,1
2.16,3
175.5144307,1
120.512,1
1.798,1
391.023394,1
6.4899999,1
0.38,1
401.003394,1
117.3319491,1
60.842,1
48.2278373,1
127.4521348,1
48.85,1
28.24,1
1.41,2
2.54,1
48.8,1
198.9244307,1
169.12,1
55.782,1
200.04,3
100.23,1
288.4647685,1
244.4355,1
158.2099999,1
14.03,2
176.5928369,1
12.85,1
286.0121348,1
0.18,7
139.1,1
18.3299999,1
22.49,2
186.5536848,1
236.079389,1
86.84,2
10.6499999,2
37.9709999,1
30.17,1
18.86,1
188.8736848,1
101.241,1
12.9599999,1
222.469389,1
2.08,2
9.11,1
11.31,1
105.6510847,1
15.93,1
93.881,1
250.211,1
0.99,21
17.05,1
24.911,1
170.7799999,1
49.24099,1
16.88,1
34.3020711,1
49.15,2
51.5719491,1
0.16,7
36.43,1
31.3119491,1
1.1299999,2
23.51,1
13.54,1
500.442,1
1.4625,1
3.85,1
100.18,1
2.7536005,1
97.49,1
2.6206356,1
19.9899999,1
1.25,1
158.0251832,1
249.97,1
150.7806356,1
50.19,1
46.6407461,1
45.47,1
24.71,1
136.8785783,1
65.3506356,1
199.65,1
62.49,1
0.0339456,1
119.217,1
1.33,2
7.03,2
202.8599999,1
3.772,1
107.308889,1
39.1628369,1
23.11099,1
5.1099999,1
15.5,1
48.75,1
61.8619491,1
23.56,1
100.11,1
9.30099,1
10.67,1
137.272,1
0.17,4
35.1999999,1
0.7106356,1
20.48,1
62.5955,1
70.8199999,1
372.123394,1
44.7006356,1
175.66,1
220.959389,1
2.0379999,1
2.66,1
24.56,1
13.4828369,1
44.9899999,1
19.36,1
5.76,1
31.76,1
37.82,1
110.0710847,1
33.1,1
238.259389,1
0.08,12
84.0128369,1
144.27,2
380.873394,1
5.1384675,1
38.6206356,1
46.8205,1
41.05,2
170.1528369,1
192.7355,1
1.77,1
54.8621348,1
8.4,1
162.9817964,1
10.4,1
3.1385783,1
8.6000667,1
110.87,1
110.6085783,1
110.8310847,1
53.08,1
0.2535,1
67.3706356,1
10.3699999,1
39.61,1
270.62,1
29.81,1
132.2721348,1
0.0405,2
215.43,1
8.5585783,1
0.2019999,1
11.5207461,1
57.6206356,1
42.84,1
201.6355,1
108.8310847,1
125.6044307,1
7.88,1
7.5,3
