0.0,794
36.75,1
2.0,9
3.0,4
4.0,3
5.0,10
0.5,6
7.0,5
8.0,5
9.0,2
10.0,12
12.0,1
46.12,2
14.0,1
15.0,7
16.0,2
17.0,1
20.0,11
22.0,2
23.0,1
24.0,1
25.0,15
26.0,3
30.0,3
0.75,1
35.0,1
1.0,34
6.0,5
1.92,1
40.0,8
41.0,1
43.0,2
44.0,2
45.0,5
47.0,1
48.0,2
49.0,2
50.0,241
47.16,2
219.39,1
55.0,1
39.05,1
60.0,1
63.0,2
65.0,1
13.1399999,2
70.0,3
73.0,1
40.89,1
75.0,1
76.0,1
82.0,1
311.95,1
6.86,1
90.0,1
0.6499999,1
10.08,2
95.0,1
312.55,1
49.5599999,1
8.9,4
100.0,160
102.0,2
103.0,1
106.0,1
107.0,1
111.0,2
51.76,1
33.02,1
119.0,1
9.08,1
123.0,1
55.51,1
46.7299999,1
126.0,1
133.0,1
134.0,1
135.0,1
137.0,1
139.0,1
140.0,2
2434.9699999,1
57.9599999,1
150.0,21
153.0,1
31.88,1
160.0,1
167.0,2
31.48,1
170.0,2
175.0,1
37.2399999,1
177.0,1
50.36,1
180.0,2
56.51,1
49.5999999,1
193.0,1
200.0,20
204.0,1
0.4,1
3.87,1
5.6,2
36.58,1
213.0,1
215.0,1
217.0,1
20.38,1
47.01,1
34.9799999,1
8.6,2
20.6899999,1
311.55,1
39.0299999,1
234.0,1
0.51,2
50.3099999,1
24.38,1
6.0199999,1
6.42,1
247.0,1
250.0,6
41.11,1
50.9599999,1
257.0,1
49.7,2
1.98,4
264.0,1
267.0,1
46.37,1
1.44,3
49.65,3
48.21,2
291.0,1
294.0,1
300.0,6
0.22,3
307.0,1
55.41,1
309.0,1
310.0,1
311.0,1
312.0,1
313.0,1
314.0,1
35.49,1
310.75,1
7.94,1
327.0,1
42.6599999,1
24.18,1
350.0,4
173.1,1
8.24,1
4.8999999,3
367.0,1
23.09,1
44.48,1
55.76,1
23.3299999,1
308.95,1
387.0,1
26.45,1
14.71,1
390.0,1
3.4,1
400.0,5
325.02,1
50.2099999,1
7.6,1
3.31,2
13.3899999,1
32.72,1
41.6,1
3.26,1
65.18,1
2.17,2
6.41,2
9.05,2
21.25,1
450.0,1
55.11,1
0.52,6
56.11,1
163.16,1
4.55,2
0.91,2
313.55,1
50.0179285,1
50.5599999,1
500.0,7
313.15,1
85.0,1
37.7799999,1
48.81,1
49.9,5
1.46,2
48.46,1
150.003239,1
550.0,1
46.82,1
55.66,1
1.9,2
3.51,2
151.2,1
43.74,1
22.32,1
38.22,1
50.26,1
50.9099999,1
49.6999999,2
1.43,3
600.0,1
2.0299999,3
311.15,1
19.13,1
41.5,2
9.9,1
200.03,1
49.8399999,3
2.15,1
48.01,1
56.81,1
48.86,2
2.67,1
309.1,1
20.52,1
50.4599999,1
46.06,1
38.57,1
312.75,1
45.13,1
35.48,1
5.7,1
7.62,1
41.0199999,1
0.3999999,1
4.5599999,2
700.0,2
1.63,1
291.3,1
45.8399999,2
9.1,2
56.36,1
8.74,1
20.63,1
145.18,1
35.64,1
5.55,2
309.6,1
750.0,2
50.8099999,1
57.4599999,1
309.2,1
13.36,2
9.56,1
14.5799999,1
1.73,1
31.35,1
31.19,1
46.87,1
2.3899999,1
92.86,1
48.71,3
9.8699999,1
3.55,2
294.1,1
1500.0,2
58.81,1
45.5999999,1
39.91,2
12.41,1
46.47,1
4.6099999,1
309.7,1
0.01,45
51.1599999,1
33.62,1
13.56,2
6.95,1
48.9199999,1
52.7099999,1
48.79,2
1.05,6
49.75,1
12.63,1
16.09,1
31.34,1
45.78,1
2.65,3
56.26,1
49.06,1
26.1199999,1
900.0,1
310.6,1
56.66,1
50.7099999,1
6.06,1
44.37,2
18.22,1
6.47,1
5.57,1
6.98,1
250.03,1
155.0,1
42.1,1
45.38,1
807.8399999,1
940.0,1
34.05,1
950.0,1
43.9599999,2
48.83,2
6.7,1
201.74,1
4.6,1
45.33,1
73.85,1
292.9,1
48.61,1
43.89,1
8.77,1
47.17,1
311.6,1
1000.0,4
51.0599999,1
61.06,1
46.3399999,1
311.2,1
84.39,1
7.8299999,1
8.01,1
308.75,1
47.12,3
48.87,4
41.17,1
48.96,2
72.0099999,1
3.84,1
16.14,1
56.16,1
8.69,3
47.52,1
28.21,1
2.06,2
51.4099999,1
3.13,1
64.52,1
12.6299999,1
6.6599999,1
7.95,1
14.72,1
44.0199999,1
60.7099999,1
310.8,1
9.15,2
9.7099999,1
4.6499999,1
0.39,1
45.23,1
532.05,1
48.51,1
47.7299999,2
57.31,1
1.2,2
58.9599999,1
34.54,1
310.4,1
203.16,1
48.26,1
47.07,1
46.5999999,1
13.9,1
49.7299999,1
1.7799999,1
27.5,1
0.8,1
4.35,1
45.58,2
56.86,2
57.81,1
7.55,1
11.76,1
18.92,1
47.42,2
313.6,1
60.11,1
1.77,1
51.3099999,1
8.86,1
313.2,1
39.4099999,1
47.37,1
2.13,1
56.76,1
1.07,3
45.93,1
10.05,1
1.62,1
220.0,1
51.2099999,1
10.75,1
56.41,1
44.49,1
4.75,1
1.25,1
46.97,1
2284.28,1
1350.0,1
11.19,1
51.6599999,1
55.36,1
98.6,1
49.4199999,1
200.0199999,1
0.77,1
767.5,1
17.91,1
28.23,1
16.31,1
44.42,1
2500.0299999,1
9.2,3
31.59,1
3.65,1
48.76,4
57.56,1
291.2,1
49.4,1
312.8,1
47.33,4
59.2099999,1
13.22,1
312.4,1
313.65,1
24.51,1
39.32,1
10.48,1
42.6,1
56.61,1
750.95,1
0.81,1
49.7699999,2
9.3,2
21.75,1
4.04,1
1.79,3
57.11,1
20.65,1
2.34,5
2.05,4
47.67,1
47.26,1
39.67,1
51.5599999,1
37.79,1
2.36,1
42.95,1
47.62,1
1550.0,1
42.9,1
21.9,1
600.02,1
25.06,1
49.46,1
45.86,1
5.39,1
5.8,2
27.54,1
40.66,1
4.02,1
51.94,1
43.55,1
26.0999999,1
47.22,1
32.02,1
12.49,1
51.9099999,1
94.39,1
3000.0,1
5.93,1
313.4,1
4.34,1
20.5999999,1
22.1,1
34.5,1
26.55,1
1507.06,1
49.01,2
49.81,4
5.75,1
16.12,1
308.85,1
100.006478,1
41.29,1
48.3799999,1
51.4599999,1
44.29,1
38.31,1
59.9599999,1
34.85,1
13.2,1
3.45,3
46.13,1
118.46,1
133.1,1
11.67,1
58.61,1
45.76,1
12.53,1
15.35,1
53.0599999,1
46.08,2
14.17,1
57.36,1
12.99,1
1.02,1
2.55,2
1.06,2
5.14,2
51.8099999,1
5.76,1
2.41,1
45.79,1
2.46,1
43.2,1
30.05,1
9.6199999,1
49.97,9
47.87,3
10000.0,3
35.15,1
0.97,2
46.43,2
3.27,1
7.1,1
100.44,2
2.18,1
52.76,1
48.91,2
44.19,1
2.2199999,1
44.99,1
6.75,1
47.47,1
10048.0,1
6.35,1
102.3,1
29.37,1
38.6299999,1
1883.0,1
54.66,1
34.75,1
6.2699999,1
20.56,1
99.99,1
18.2,1
44.93,1
45.98,1
57.26,1
48.4799999,2
58.06,1
310.85,1
1.27,2
49.11,2
17.18,1
5.07,1
51.7099999,1
0.29,3
48.7699999,1
0.3299999,2
46.31,1
47.82,1
37.36,1
1.23,2
35.05,1
1.08,2
8.08,1
24.53,1
9.9899999,1
46.5599999,1
46.79,1
57.61,1
351.12,1
3.05,1
52.89,1
309.95,1
0.32,2
52.0599999,1
3.0799999,1
47.3399999,1
57.7099999,1
40.1,1
3.5,1
48.12,1
49.1399999,1
22.15,2
41.96,1
2131.25,1
5.9899999,1
1.3899999,1
0.03,19
310.05,1
7.61,1
57.16,1
7.4,1
17.43,1
29.52,1
8.94,1
47.72,1
32.52,1
9.25,2
52.4099999,1
58.51,1
59.06,1
0.89,1
30.44,2
3.25,1
311.05,1
9.4,2
52.9599999,1
8.62,1
36.07,1
41.51,1
58.31,1
48.6599999,2
45.59,1
51.9599999,1
4.2,1
108.77,1
32.07,1
23.5,1
38.63,1
47.2399999,1
43.3,1
3.46,1
312.85,1
6.85,1
46.58,1
3.75,2
49.86,5
29.38,1
1.0699999,1
53.14,1
55.16,1
309.25,1
32.83,1
3.54,2
44.3099999,1
4.26,1
16.0799999,1
23.02,1
2300.0,1
20.66,1
33.07,1
32.37,1
13.48,2
5.26,2
1058.73,1
34.21,1
7.9,1
34.9,1
49.3799999,1
41.41,1
1.09,6
311.65,1
47.97,1
311.25,1
17.01,1
7.92,2
52.6599999,1
9.7199999,1
50.0073666,1
47.61,2
49.6699999,2
46.71,2
60.9599999,1
4.1499999,1
49.45,2
0.88,1
11.45,1
18.75,1
38.48,1
3.3,1
25.73,1
33.76,1
48.9799999,2
34.56,1
313.45,1
214.6399999,1
2.32,1
185.18,1
333.52,1
52.2099999,1
46.1,2
13.09,1
45.04,2
20.61,1
0.42,2
43.6,2
7.35,1
38.88,1
21.11,1
47.4899999,1
1.87,1
3.96,1
3.48,1
15.55,1
21.79,1
5.3999999,1
2500.0,1
46.59,1
65.7171168,1
46.83,1
3.33,2
58.11,1
37.39,1
52.5599999,1
60.36,1
20.89,1
2.27,2
49.4599999,3
35.9,1
35.9099999,1
1150.04,1
57.01,1
4.8,1
49.42,1
38.3499999,1
6.6499999,1
44.63,1
49.66,1
9.04,1
45.74,3
53.4099999,1
52.9099999,1
1.89,1
1.24,1
12.91,1
309.65,1
1.12,1
43.5,1
292.6,1
35.35,1
45.9499999,1
39.53,1
0.19,6
58.01,1
42.81,1
1.3,2
20.2399999,1
0.43,2
52.01,1
0.58,1
33.36,1
6.2,1
45.29,1
46.7099999,1
102.02,1
35.85,1
9.8899999,1
39.13,1
29.9,1
0.57,1
35.8,1
50.86,1
12.43,1
8.78,2
3.0999999,1
46.07,1
9.6,1
47.08,1
58.36,1
44.55,1
2585.01,1
37.64,1
23.67,1
48.92,1
313.25,1
292.7,1
47.51,3
52.8099999,1
2805.0,1
10.06,1
8.68,1
7.77,2
4.42,1
2.77,1
22.55,1
40.87,1
39.43,1
291.4,1
44.5599999,1
8.95,2
310.1,1
49.8799999,1
0.54,2
49.91,2
2869.0,1
2870.0,1
32.47,1
25.6199999,1
1235.77,1
47.55,1
49.9899999,1
53.1599999,1
49.8499999,1
48.74,3
2900.0,1
49.39,1
48.23,1
2.4699999,1
21.06,1
23.03,1
0.31,2
650.0248357,1
294.2,1
16.34,1
47.14,1
58.26,1
35.06,1
48.9099999,4
150.0149388,1
60.26,1
273.1,1
0.04,22
131.48,1
41.36,1
219.23,1
4.72,1
7.82,1
16.86,1
48.82,3
7.45,1
44.1,1
42.8,1
16.79,1
49.43,1
6.13,1
155.31,1
58.86,1
0.3399999,1
3.41,1
501.3,1
39.33,1
308.9,1
50.61,1
293.9,1
45.89,3
8.5,2
49.17,2
2.98,1
45.0599999,1
5.95,2
40.3399999,1
99.9999999,3
36.45,1
49.9599999,2
7.75,1
9.9099999,1
1.14,1
41.12,1
49.6299999,1
36.4,1
9.68,1
39.68,1
56.91,1
2.4099999,1
6.8,1
100.45,1
312.1,1
13.61,1
54.11,1
103.99,1
0.24,3
58.16,1
38.9199999,1
46.24,1
3.7,2
48.72,2
33.52,1
1060.02,1
6.1499999,1
50.76,1
2.96,1
21.51,1
39.38,2
10.01,1
8.83,1
2.87,2
309.3,1
9.65,1
2.84,1
38.4499999,1
47.79,1
49.64,3
0.14,7
50.51,1
5.7699999,1
59.31,1
11.74,1
9.69,2
8.0599999,1
49.36,1
0.59,4
49.07,2
39.63,1
1.31,2
40.2399999,1
46.01,1
5.05,3
311.3,1
3.95,1
39.58,2
0.23,4
310.9,1
42.86,2
17.88,1
30.28,1
46.14,1
41.42,2
0.74,3
5.08,1
53.3099999,1
48.5899999,1
1.28,3
25.16,1
7.1199999,1
18.8,1
1.3599999,1
46.45,1
0.11,14
8.27,1
36.65,1
2.44,1
39.93,1
1.96,2
35.21,1
7.8,1
9.35,2
47.89,1
49.19,1
245.9,1
58.41,1
313.7,1
46.49,1
309.5,1
49.77,4
47.77,2
53.6599999,1
58.76,1
67.17,1
6.48,1
45.14,1
29.31,1
49.29,1
45.55,1
31.03,1
22.95,1
9.7,2
28.59,1
38.6999999,1
48.28,2
42.76,2
49.9799999,9
59.56,1
311.7,1
0.85,2
310.5,1
47.93,1
53.2099999,1
14.16,1
3.58,1
49.32,2
8.98,1
52.1599999,1
48.0899999,1
3.99,1
0.79,2
5.6899999,1
9.8,1
22.75,1
0.0699999,2
313.3,1
403.3,1
47.83,3
54.63,1
6.66,1
59.11,1
46.39,1
50.4099999,1
82.93,1
11.7,1
0.05,52
60.61,1
9.5,1
49.62,2
2.2,1
18.9,1
1.67,2
13.43,1
48.18,1
73.1,1
43.46,1
49.26,1
6.05,1
58.66,1
28.58,1
45.94,1
41.22,1
50.02,4
25.46,1
58.22,1
12.17,1
309.9,1
6.59,1
47.86,3
5.42,1
6970.66,1
0.45,2
61.2099999,1
1.97,1
46.9499999,2
40.53,1
705.3,1
51.01,1
42.2299999,1
59.81,1
39.09,1
312.5,1
0.61,2
53.4599999,1
46.29,1
46.35,1
22.91,1
36.12,3
5.9399999,1
1.39,1
125.0,1
47.13,1
48.9,1
5.1099999,1
309.35,1
46.0899999,1
9.85,1
56.4599999,1
8.67,1
43.36,3
9.49,1
6.74,1
46.64,1
2000.0,2
16.17,1
49.92,3
9.55,1
43.93,1
23.77,1
12.93,1
11.09,1
27.05,1
28.69,1
57.41,1
41.87,1
32.28,1
2.19,2
6.33,1
43.71,2
100.02,1
26.9,1
3.6,1
47.5999999,1
49.67,1
23.56,1
49.6,2
58.91,1
3.5399999,1
46.19,1
46.99,2
49.47,2
21.2399999,1
46.1599999,1
39.8,2
0.33,4
2.38,1
50.1399999,1
292.8,1
55.86,1
0.7190284,1
48.27,3
18.2599999,1
710.01,1
31.2,1
0.62,3
24.84,1
48.78,1
59.26,1
44.06,1
6.6,2
49.71,2
313.35,1
24.59,1
52.51,1
38.4,1
53.7099999,1
1.66,1
46.54,1
41.82,1
19.8,1
45.1,1
4.4399999,2
48.38,1
7.59,1
2.8299999,1
45.05,2
37.4899999,1
311.35,1
7.07,1
51.11,1
41.46,1
2.59,1
21.78,1
48.33,3
310.95,1
46.32,1
51.61,1
48.31,1
46.89,3
34.17,1
41.3399999,1
2.22,2
20.9399999,1
13.25,1
42.12,1
4750.0176318,1
201.57,1
40.68,1
44.1599999,1
84.52,1
28.3899999,1
20.47,1
39.8499999,1
1.03,5
5.2,1
32.14,1
59.16,1
46.44,1
39.24,1
59.7099999,1
49.72,1
3.2399999,1
40.8099999,1
0.46,4
0.6,1
48.1999999,1
48.3899999,1
310.55,1
5.3099999,1
0.63,1
59.51,1
8.7099999,1
60.31,1
9.75,2
60.51,1
53.9599999,1
1.48,1
1.68,1
10.5,1
100.93,1
2.9299999,2
48.63,3
46.48,1
4.0199999,2
45.4899999,1
73.89,1
0.15,10
11.0399999,1
6.15,1
5.18,1
5.1,3
1.6399999,1
367.41,1
43.86,1
56.31,1
39.14,1
16.42,1
14.41,1
5.92,1
5.33,1
2.8499999,1
45.7,1
0.09,12
58.7099999,1
7.15,1
39.1299999,1
41.94,1
59.41,1
0.5599999,1
39.3799999,1
309.75,1
100.04,2
48.8099999,2
46.6599999,1
46.67,1
45.63,1
4.05,1
182.59,1
10.59,1
6.3999999,1
9.95,3
45.4599999,2
4.86,1
48.48,1
312.15,1
59.76,1
60.56,1
313.95,1
312.45,1
30.93,1
33.55,1
3.15,1
38.2099999,1
42.98,1
47.04,1
8.41,1
25.61,1
42.02,2
291.1,1
5.04,1
48.88,1
3.02,1
49.4899999,1
37.55,1
9.1199999,1
0.8199999,1
9.45,2
8.05,1
40.83,1
11.07,1
52.11,1
39.39,1
1.93,2
26.53,1
9.8299999,1
100.01,1
58.2099999,1
34.62,1
27.07,1
21.61,1
49.18,1
46.3,1
311.75,1
43.9499999,1
59.66,1
59.91,1
42.22,1
43.02,1
6.9,1
311.1,1
310.15,1
59.01,1
12.56,1
0.9,2
48.73,1
314.15,1
60.01,1
23.34,1
60.81,1
37.4599999,1
1.1,3
1.22,1
54.4599999,1
4.96,1
47.29,3
45.85,1
38.6,1
2.53,1
41.7399999,1
37.8399999,1
37.8,1
2.45,1
800.0,3
45.4,1
2.07,4
12.1,1
6.45,1
29.39,1
52.36,1
9.74,1
10.98,1
47.64,1
52.3099999,1
55.06,1
46.8099999,1
14.77,1
22.18,1
46.2,1
40.22,1
48.07,1
38.15,1
41.43,1
47.3099999,3
42.3499999,1
49.8,2
313.75,1
48.5999999,1
49.51,4
43.91,1
13.77,1
39.99,1
21.08,1
43.27,1
24.63,1
46.6399999,1
0.66,2
41.48,1
30.06,1
3.66,1
1.49,2
510.14,1
49.78,1
52.26,1
45.06,1
49.61,2
61.16,1
5.3599999,1
49.55,1
154.73,1
54.7099999,1
2.57,1
44.87,2
1820.95,1
40.08,1
62.1,1
24.03,2
2150.0174305,1
46.05,2
5.38,1
75.39,1
7.2,2
48.15,1
6.61,1
0.16,4
49.33,2
52.61,1
56.7099999,1
39.89,1
3195.92,1
28.05,1
43.17,1
123.16,1
15.42,1
40.01,2
60.86,1
16.25,2
43.12,2
41.85,1
46.4,1
0.1699999,1
309.4,1
15.01,1
44.96,2
2.68,1
48.69,4
57.51,1
46.7799999,1
21.38,1
169.49,1
25.29,1
60.16,1
39.44,1
38.61,2
48.24,1
1.59,1
50.72,1
1.5,2
1350.02,1
294.3,1
40.45,1
2.88,2
43.25,1
0.92,4
12.51,2
11.33,1
7.05,1
309.8,1
312.6,1
41.89,1
13.03,1
48.52,3
0.96,4
50.00835,1
312.2,1
50.03,1
1.01,3
9.01,1
61.31,1
45.2299999,1
54.9599999,1
15.78,1
38.65,1
40.9799999,1
964.66,1
46.52,1
0.07,8
40.38,1
49.63,1
42.2399999,1
62.3,1
4.25,1
54.16,1
50.46,1
108.71,1
12.8,1
51.36,1
49.58,2
36.86,1
30.88,1
48.14,4
2.9499999,1
25.57,1
4.99,2
1.74,2
22.34,1
24.7,1
38.7,1
27.8,1
21.3299999,1
311.8,1
43.37,1
49.85,4
2.4499999,1
46.33,2
11.7399999,1
46.65,2
0.67,1
41.93,1
311.4,1
45.21,1
57.91,1
2.6999999,1
44.4099999,1
3.1799999,1
2.21,2
1.5699999,1
5000.0,1
47.4199999,1
60.41,1
47.69,1
48.49,2
1.84,6
0.68,1
41.4899999,1
290.35,1
0.44,1
2419.96,1
4.9399999,1
12.18,1
1.15,1
2.09,1
40.46,1
1.78,1
95.59,1
8.2,1
49.48,1
42.28,1
60.76,1
45.56,1
0.21,7
310.2,1
48.84,2
2.9,1
55.2099999,1
15.84,1
8.66,1
22.51,1
11.48,1
26.67,1
49.88,4
46.55,1
49.79,3
8.3,2
4.85,1
49.93,6
59.36,1
49.83,3
53.5599999,1
16.89,1
61.11,1
10.57,1
32.39,2
27.02,1
56.56,1
2449.98,1
3.9,2
56.01,1
54.95,1
313.8,1
5.9099999,1
46.9,1
48.97,5
48.3099999,1
0.2,7
6.89,1
5.3,2
60.66,1
0.87,2
0.47,5
47.94,1
54.61,1
28.71,1
18.46,1
49.82,1
99.14,1
4.43,1
2.5,3
294.4,1
5.84,1
5.94,1
16.1,1
38.5,1
51.26,1
500.05,1
53.1,1
49.73,1
45.01,3
36.2299999,2
53.81,1
5.25,1
43.51,1
13.3699999,1
3.69,1
55.4599999,1
0.6799999,1
48.29,1
7.99,1
5.34,2
7.81,1
44.01,1
46.0199999,1
6.25,2
5.85,3
1.99,2
48.9499999,1
8.35,2
53.36,1
9.99,3
31.96,1
40.64,1
43.92,2
49.68,2
8.61,1
3.11,2
20.77,1
50.6599999,1
9.43,1
48.36,6
20.05,3
309.85,1
43.87,3
58.4599999,1
309.45,1
42.43,2
8.1399999,1
2.52,1
42.31,1
0.35,2
2.33,1
46.6999999,2
2.93,1
49.95,2
2.0999999,2
60.91,1
48.19,1
9.3099999,1
40.99,1
44.27,1
2.3499999,1
1.57,1
16.57,1
2.8,1
180.55,1
0.02,21
30.56,2
80.24,1
3.98,1
49.98,6
42.78,1
53.26,1
44.4799999,2
54.06,1
3.35,1
313.85,1
1.65,1
55.7099999,1
11.02,1
14.67,1
4.39,1
48.54,1
37.01,2
57.86,1
47.1,1
309.05,1
0.12,5
34.9899999,1
40.84,1
308.65,1
1.47,1
38.0899999,1
62.5,1
7.25,1
1.81,2
8.25,2
19.78,2
0.83,2
53.61,1
2.5099999,1
48.89,2
0.82,1
7.84,1
40.25,1
55.91,1
43.68,1
47.45,1
49.5,3
53.11,1
42.5899999,2
24.15,1
311.45,1
308.8,1
20.1,2
0.48,2
45.16,1
8.38,1
13.32,1
41.24,1
10.14,1
44.52,2
26.71,1
22600.0,1
48.4099999,3
207.0,1
59.4599999,1
1.34,2
46.1699999,1
3.59,2
312.05,1
8.4,2
5.87,1
5000.01,1
7.26,1
23.6699999,1
2.02,1
53.51,1
54.31,1
1300.0,2
47.5199999,1
55.9599999,1
4.47,2
52.07,1
2.4,4
54.2099999,1
46.5199999,1
310.65,1
7.85,1
0.1,17
5.35,1
42.58,1
53.86,1
49.14,1
42.25,2
31.91,1
56.9599999,1
42.89,2
0.13,2
48.25,1
37.46,1
6.99,1
36.37,1
252.58,1
83.16,1
29.22,1
48.7299999,2
4.7,1
54.21,1
4.4,2
2.6799999,1
57.76,1
49.49,1
43.97,1
312.25,1
1.86,1
43.2699999,1
314.05,1
3.3499999,1
2.0099999,1
3.8,1
2.56,1
310.25,1
5.6499999,1
5.45,1
39.7699999,1
20.45,1
8.45,2
49.87,1
53.76,1
1.29,2
54.56,1
310.45,1
4.3,1
3.07,2
56.2099999,1
27.33,1
12.09,1
28.97,1
17.73,1
53.01,1
38.9,1
9.73,1
47.6,1
313.05,1
42.88,1
43.4899999,1
24.92,1
11.6199999,1
0.2560762,1
8.55,3
6600.0,1
49.28,1
46.11,2
2.75,1
35.5,1
12.58,1
48.5599999,1
49.76,1
2.1999999,1
43.8399999,1
20.75,1
49.3,1
21.47,1
5.12,1
32.16,1
2.1199999,1
39.9,1
0.49,3
35.18,1
46.46,1
38.79,1
5.97,1
37.2799999,1
5.3199999,1
0.94,3
40.94,1
49.74,1
0.98,2
60.2099999,1
258.8,1
93.1,1
312.65,1
18.02,1
28.6,1
47.5,1
311.85,1
2.1,1
1.72,1
49.9499999,3
54.01,1
54.81,1
4.88,1
0.36,4
12.2099999,1
6.1999999,1
48.4599999,1
33.22,1
44.91,1
57.29,1
61.01,1
24.21,1
44.57,2
39.49,1
47.85,2
8.37,1
47.8,1
47.0199999,1
7.65,1
13.78,1
20844.3999999,1
24.09,1
54.36,1
59.61,1
19.63,1
46.92,1
41.64,1
44.92,1
7.7899999,1
1.3399999,1
14.04,2
3263.0199999,1
12.86,2
2.29,2
13.68,1
0.37,5
914.66,1
40.2,1
13.1,1
45.6999999,2
36.87,1
32.15,1
43.99,1
49.96,4
0.95,4
57.66,1
1.19,1
53.91,1
49.99,6
34.01,1
44.47,2
54.86,1
44.9799999,4
49.1599999,1
3.64,1
100.0099999,1
47.75,3
11.3799999,1
51.51,1
50.0096087,1
28.7,1
7.71,2
18.34,1
34.1999999,1
35.78,1
54.26,1
47.06,1
314.1,1
48.7099999,1
6.81,1
11.78,1
292.4,1
25.62,1
49.54,4
6.3,2
7.73,1
48.1,3
50.11,1
4.53,1
5.1499999,1
0.0999999,7
8.89,1
310.7,1
47.31,1
4.45,2
60.06,1
41.97,1
46.76,2
1.11,6
41.72,1
46.61,2
49.89,3
48.6,2
49.0599999,1
25.03,1
48.45,1
0.25,3
0.64,3
40.4,1
7.7,1
11.8199999,1
46.96,2
0.71,2
4.5199999,1
2.3,2
46.16,1
41.44,1
8.19,1
36.72,1
0.3,6
1030.93,1
310.3,1
49.4099999,1
3.21,1
32.54,1
2.43,1
33.79,1
2.12,1
3198.85,1
8.65,2
311.9,1
5.79,1
54.51,1
45.7299999,2
55.31,1
7.5,1
47.24,1
47.98,1
48.9599999,2
9.19,1
7.3,1
313.1,1
48.03,1
44.2399999,1
3.09,2
312.7,1
262.57,1
33.6599999,1
43.45,1
0.2799999,1
38.86,1
16.21,1
34.14,1
38.0299999,1
45.42,1
0.28,2
16.4399999,1
49.2099999,2
1.45,3
100.03,1
49.3099999,1
44.5899999,1
33.06,1
41.55,1
17.52,1
4.5,1
11.6399999,1
46.73,1
37.37,1
0.72,2
40.65,1
35.93,1
1.36,1
47.21,1
48.57,2
0.1399999,2
27.71,1
54.41,1
49.69,2
500.0048357,1
50.01,6
44.97,2
292.5,1
2.97,1
0.4099999,2
312.3,1
49.6599999,1
1.8,1
16.6899999,1
2.25,2
11.5,1
5.37,3
8.09,1
290.6599999,1
200.01,2
8.7,2
41.98,1
30.59,1
54.76,1
45.9799999,1
55.56,1
308.7,1
8.1,2
1.26,1
57.2099999,1
10.34,1
40.47,1
4.1,1
19.11,1
45.32,1
32.6,1
37.84,1
150.01,2
8.8,2
64.39,1
12.9599999,1
2.42,1
1.7,1
48.65,2
0.26,2
47.11,2
105.18,1
0.06,3
5.5,1
48.95,2
311.5,1
37.71,1
40.51,2
61.36,1
20.9,1
222.77,1
169.38,1
44.18,3
66.35,1
47.46,1
49.53,1
58.56,1
6.55,1
3.1999999,2
1.13,2
49.94,6
49.9099999,2
43.5599999,1
11.9,1
2000.0406039,1
52.4599999,1
7.68,1
313.9,1
312.9,1
40.95,1
188.87,1
17.1,1
48.5,1
312.35,1
9.7399999,1
0.55,3
4.95,2
2.48,2
36.53,1
903.3,1
55.01,2
55.81,1
6.5,3
49.7399999,1
11.01,1
19.53,1
41.4599999,1
44.79,1
48.47,3
31.08,1
45.57,2
48.85,2
18.99,1
1.91,2
48.8,3
32.0199999,1
8.85,2
0.18,5
1.95,3
47.36,1
10.49,1
114.84,1
42.64,1
51.86,1
45.92,1
29.86,2
49.8099999,2
2.08,2
0.99,7
6.1,3
49.2,2
313.5,1
37.87,1
48.62,3
3.44,1
6.4499999,1
47.71,2
13.79,1
8.75,2
3.85,1
20.4899999,1
5.8999999,1
34.25,2
54.91,1
58.99,1
49.24,1
50.1599999,1
1.33,1
4.78,2
60.4599999,1
151.6099999,1
0.4399999,1
52.86,1
48.75,3
48.55,2
114.39,1
17.2,1
13.17,1
0.17,2
55.26,1
56.06,1
45.6,1
310.35,1
2.66,1
49.7099999,1
20.81,1
49.2399999,1
30.12,1
68.28,1
61.26,1
0.08,5
41.1999999,1
2.5999999,1
48.2699999,1
1.52,2
37.57,1
8.15,2
0.27,2
48.58,3
13.1199999,1
55.61,1
59.86,1
309.55,1
4.3999999,1
50.0599999,1
57.06,1
309.15,1
4.13,1
4.1899999,1
