0.0,250
4.25,1
2.0,7
3.0,1
4.0,1
5.0,5
0.5,8
1.0,21
10.0,6
2050.0,1
20.0,1
22.0,1
23.0,1
26.0,1
27.0,1
30.0,1
0.75,6
0.15,16
5.2399999,1
6.0,1
39.0,1
41.0,1
42.0,1
7.0,1
45.0,1
46.0,1
47.0,2
48.0,1
49.0,2
50.0,421
96.55,1
2.2399999,1
96.2,1
2.8499999,1
13.89,1
96.1,1
3.5,1
100.5,1
91.0,1
2.5,2
96.0,1
0.6,4
100.0,139
7.1,1
2150.0,1
12.08,1
95.75,1
0.53,1
3.45,1
150.0,11
100.02,1
2.9,1
96.8,1
61.51,1
31.0,1
190.0,1
96.45,1
200.0,10
94.55,1
0.4,4
3.95,1
4.1,1
96.35,1
3.75,1
15.1,1
2.0599999,1
1.6,2
499.99,1
250.0,4
2300.0,1
2.0999999,1
16.66,1
1.94,1
275.0,1
95.1499999,1
300.0,1
97.05,1
1.65,4
0.95,2
320.0,1
96.7,1
3.3499999,1
61.92,1
96.6,1
4.95,1
150.02,1
350.0,2
4.05,1
46180.0,1
0.01,20
6.3999999,1
3.55,1
299.95,1
96.25,1
0.3,5
3.65,2
199.93,1
400.0,1
94.6,1
1720.45,1
97.3,1
399.97,1
9.2,1
2.48,1
450.0,1
4.6499999,1
96.95,1
96.85,1
9.57,1
3.25,1
4.55,1
5.2499999,1
449.98,1
1.85,1
3.15,1
2.35,1
3.1999999,1
500.0,2
50.05,1
200.0000001,1
50.0000001,1
2.1199999,1
999.99,1
4.84,1
4.8,1
47.82,1
555.06,1
95.0,1
21.41,1
97.2,1
97.0,1
97.1,1
600.0,1
95.3999999,1
0.1,35
3.6,1
619.0,1
2.15,1
1.05,2
96.75,1
1.1,2
1210.03,1
99.91,1
6.6999999,1
95.8999999,1
0.16,1
0.3999999,3
8900.0,1
6.9,1
50.9,1
9.6,1
2600.0100002,1
750.0,1
0.7,3
0.36,1
2.4,1
2850.01,1
21.1,1
0.64,1
96.1499999,1
3.3,1
0.45,2
969.84,1
50.0199981,1
100.65,1
728.59,1
100.0099999,2
1.3,2
250.08,1
1.49,1
2.65,1
97.25,1
1.88,1
501.1,1
0.04,11
96.3999999,1
4.2,1
50.1,1
952.7,1
1.82,1
0.0999999,1
94.3,1
950.0,1
4.7,1
15.89,1
1.2,2
6.09,1
1000.0,2
50.06,2
0.25,8
94.5,1
100.0000002,1
6.8,1
95.95,1
1.25,2
50.03,1
3.8,2
9000.0200002,1
1.5,5
4.3999999,1
1.55,2
50.01,3
3.0999999,1
110.1,1
58.38,1
94.6499999,1
421.0999999,1
4.1499999,1
2.54,1
0.07,1
3.7,1
4.75,1
1.45,2
149.92,1
2.36,1
96.8999999,1
50.02,2
94.8,1
4.3,1
94.45,1
0.55,2
94.35,1
6200.12,1
0.28,1
1.95,1
3.4,1
4.5,1
96.5,1
2.1999999,1
0.35,4
0.47,1
2.9499999,1
79.15,1
9.3999999,1
2.1799999,1
42280.0,1
94.95,1
1.75,1
96.05,1
4.7399999,1
94.7,1
1800.03,1
1.8,2
4.9399999,1
2.25,1
1.9,1
398.93,1
10.23,1
97.1499999,1
3450.0,1
4.6,1
94.25,1
0.85,2
1.76,1
1000.05,1
4.85,1
95.3,1
0.14,1
5.04,1
1.7,2
94.85,1
1623.21,1
20.9,1
2.05,1
8.57,1
0.9,2
249.94,1
0.05,20
1450.02,1
2.5999999,1
4.45,1
3.9,1
95.5,1
21.66,1
2.2,2
9.7999999,1
49.97,1
95.1,1
0.2,6
6.3,1
2.6999999,1
95.55,1
1.01,1
95.2,1
95.05,1
2.3,2
95.6499999,1
3.2,1
0.8,2
94.2,1
6.25,1
11.3699999,1
94.75,1
50.04,1
100.0199978,1
21.81,1
2.95,1
95.8,1
95.45,1
94.8999999,1
1917.15,1
95.35,1
2.75,1
5.14,1
0.31,1
6.5,1
650.01,1
6.1,1
2.42,1
6.1999999,1
94.1499999,1
4.35,1
3.85,1
50.45,1
4.8999999,1
7.2,1
1.15,3
0.65,5
95.7,1
49.99,1
1000.61,1
95.6,1
2.8,1
200.05,1
0.02,10
635.13,1
6.6,1
95.25,1
1.4,2
349.96,1
100.019998,1
94.3999999,1
4000.0,2
0.08,1
0.03,6
19.16,1
96.3,1
9.9,1
72.37,1
2000.0,2
1.16,1
140.1,1
95.85,1
3.05,1
1.35,2
96.6499999,1
2022.0,1
7.5,1
