0.25,3
0.0,257
2.0,3
3.0,2
4.0,1
5.0,5
0.75,5
1.0,8
0.1,29
98.3999999,1
10.0,5
21.66,1
97.45,1
15.0,1
1.3,1
72.37,1
50.9,1
50.0000001,2
999.99,1
0.03,2
22.0,1
23.0,1
25.0,1
26.0,1
27.0,1
1.85,1
30.0,3
0.5,6
98.45,1
99.8999999,1
35.0,1
98.7,1
1030.0,1
39.0,1
0.52,1
98.85,1
99.75,1
47.0,1
2.6999999,1
3.8,2
50.0,409
98.55,1
1.4,1
98.5,1
100.75,1
21717.05,1
5137.26,1
1.5,2
0.3,2
48.0,1
98.2,1
2000.02,1
99.5,1
99.1499999,1
4.1499999,1
0.6,1
1.55,1
449.98,1
4.75,1
99.3999999,1
299.95,1
126.1,1
3.5,1
600.0,2
100.0,126
91.0,1
2.3,1
3.25,1
4422.28,1
0.85,1
48.5,1
99.0,1
98.6499999,1
1.1,1
0.05,13
0.8,1
4.45,1
100.2,1
4.3999999,1
4.3,1
3.6,1
97.8,1
105.0,1
20.0,1
399.97,1
36.51,1
97.6499999,1
3.7,1
4.5,1
1.05,1
1.45,1
97.75,1
98.05,1
1.6,1
4015.94,1
1.9899999,1
140.0,1
0.36,1
500.0000002,1
149.92,1
150.0,12
99.05,1
100.0199981,1
100.0199982,1
50.01,3
51.0,1
790.23,1
8.5,1
2.4,1
97.7,1
349.96,1
49830.0,1
100.05,2
3.95,1
499.99,1
3.55,1
100.6499999,1
99.2,1
99.8,1
2.0999999,1
158.84,1
0.3999999,2
98.75,1
3450.0,1
4.55,1
8900.0,1
100.45,1
100.3999999,1
200.0,17
2.15,1
3.3,1
1.95,1
3.45,1
4.35,1
8.85,1
4.6,1
100.35,1
2.75,1
16600.0,1
2.55,1
4000.01,1
1810.75,1
12.01,1
2275.0,1
1.2,1
1916.98,1
0.95,1
100.06,1
100.8,1
1445.01,1
97.5,1
3.4,1
97.3,1
97.8999999,1
2.5999999,1
98.25,1
1.75,1
299.0,1
2600.0,1
21.1,1
49930.0,1
450.01,1
10.03,1
2.4499999,1
99.91,1
97.35,1
4.85,1
49940.0,1
118.11,1
790.0,1
900.0,1
0.35,2
0.04,5
0.47,1
100.1,1
0.45,2
49.0,5
100.3,1
300.0,4
21.31,1
1800.0,1
3066.65,1
99.35,1
4.8999999,1
97.2,1
99.95,1
97.95,1
1.15,1
0.7,2
3900.0,2
1.25,1
0.65,1
99.7,1
66.98,1
96.15,1
60.0,1
2.3499999,1
2.5,2
2.0099999,2
98.1,1
99.6,1
4.95,1
2.25,1
250.0,3
1.65,1
2.8,1
350.0,3
4.05,1
2.8499999,1
1.8,1
0.01,8
3.65,1
2.1999999,1
0.02,2
4.6499999,1
100.0399999,1
0.53,1
250.08,1
99.6499999,1
3600.02,1
3.05,1
97.55,1
3.85,1
1.73,1
2.9,1
1.13,1
98.95,1
500.1,1
1417.2,1
3.9,1
199.93,1
400.0,2
7.57,1
8.77,1
100.7,1
97.6,1
98.0,1
97.85,1
1.9,1
4.1,1
98.3,1
97.3999999,1
99.55,1
4.2,1
100.0199983,1
97.25,1
98.6,1
3.0999999,1
49.99,1
250.01,3
100.55,1
99.45,1
98.8999999,1
99.3,1
50.05,1
400.0299999,1
99.1,1
0.15,6
2600.02,1
2.65,1
14.4,1
4.7,1
5.6499999,1
99.25,1
100.6,1
0.55,1
3.1999999,1
4.25,1
2000.0,2
51.37,1
100.25,1
1.7,1
99.85,1
2000.04,1
98.8,1
1500.0,2
1.35,1
3.75,2
0.9,1
100.1499999,1
431.66,1
2022.0,1
150.49,1
1000.0,7
2.05,1
249.94,1
3.15,1
3.3499999,1
50.06,1
4.8,1
2.9499999,1
500.0,4
98.1499999,1
0.2,2
98.35,1
100.5,2
1917.15,1
