0.0,276
0.75,7
2.0,12
3.0,3
4.0,2
5.0,3
0.5,18
1.0,40
10.0,5
12.0,1
188.57,1
15.0,3
119.07,1
18.0,1
146.07,1
20.0,1
21.0,1
48.68,1
83.0699999,1
0.15,3
1.1399999,1
6.0,2
40.0,3
860.08,1
144.07,1
45.0,4
57.07,1
48.0,1
49.0,3
50.0,310
52.0,1
161.57,1
20.07,1
69.5699999,1
80.0,1
123.07,1
65.5699999,1
124.07,1
144.57,1
120.01,1
171.07,1
92.0,1
31.07,1
95.0,3
43.07,1
98.0,1
99.0,1
100.0,81
102.0,1
152.07,1
29.57,1
115.0,1
104.5699999,1
119.0,1
48.07,1
43.57,1
129.0,1
187.07,1
73.5699999,1
133.0,1
2182.0,1
145.0,1
150.0,11
2200.0,1
0.42,1
91.0699999,1
645.73,1
142.57,1
44.07,1
28.0,1
30.57,1
61.07,1
176.0,1
177.57,1
1102.82,1
113.57,1
45.57,1
77.5699999,1
50.000001,1
200.0,12
638.4,1
99.9,1
133.07,1
185.07,1
95.0699999,1
150.57,1
50.5,1
71.5699999,1
53475.0,1
168.07,1
31.57,1
989.99,1
2305.92,1
133.57,1
185.57,1
117.57,1
250.0,4
47.57,1
81.5699999,1
40.07,1
16.07,1
32.07,1
0.09,2
141.07,1
99.0699999,1
158.57,1
93.5699999,1
176.07,1
300.0,10
28.57,1
49.57,1
85.5699999,1
131.57,1
9.07,1
17.07,1
34.07,1
1247.5599999,1
149.07,1
100.5699999,1
116.57,1
169.57,1
218.52,1
350.0,2
184.07,1
72.0699999,1
377.0,1
66.0699999,1
380.0,1
51.57,1
89.5699999,1
139.57,1
36.07,1
399.0,1
400.0,4
401.0,1
157.07,1
100.1,1
107.0699999,1
174.57,1
112.07,1
55.6,1
76.0699999,1
130.07,1
53.57,1
1.49,1
155.57,1
2500.0,1
147.57,1
19.07,1
38.07,1
165.07,1
162.07,1
11.57,1
23000.0,1
2.5,1
64.0699999,1
116.07,1
1225.92,1
80.0699999,1
9.58,1
4594.0,1
500.0,5
4600.0,1
138.07,1
55.57,1
97.5699999,1
4615.0,1
524.0,1
525.0,1
527.0,1
529.0,1
173.07,1
531.0,1
27.07,1
533.0,1
534.0,1
535.0,1
537.0,1
539.0,1
541.0,1
543.0,1
545.0,1
547.0,1
549.0,1
551.0,1
2600.0,1
553.0,1
554.0,1
555.0,1
556.0,1
41.57,1
558.0,1
567.0,1
6715.0,1
57.57,1
21.07,1
42.07,1
113.07,1
170.57,1
8.0499999,1
498.1,1
87.0699999,1
232.9,1
88.0699999,1
136.57,1
154.07,1
59.57,1
105.5699999,1
171.57,1
110.57,1
151.57,1
6800.0,1
74.5699999,1
666.0,1
36.57,1
66.5699999,1
2732.0,2
0.04,1
0.51,1
700.0,2
7266.98,1
61.57,1
4801.0,1
179.57,1
0.3,3
23.07,1
46.07,1
78.5699999,1
179.07,1
76.5699999,1
135.07,1
96.0699999,1
152.57,1
2800.0,2
67.0699999,1
170.07,1
65.0699999,1
63.57,1
123.57,1
187.57,1
118.57,1
24.07,1
82.5699999,1
127.07,1
0.01,6
800.0,3
143.07,1
84.0699999,1
4900.0,1
128.57,1
100.0699999,1
160.57,1
178.07,1
13.41,1
69.0699999,1
122.57,1
13.07,1
68.5699999,1
25.07,1
50.07,1
10.56,1
86.5699999,1
109.57,1
163.57,1
1197.3599999,1
34.57,1
957.25,1
151.07,1
366.51,1
104.0699999,1
168.57,1
109.07,1
149.57,1
186.07,1
73.0699999,1
108.07,1
3169.79,1
120.07,1
5000.0,4
126.57,1
13.57,1
26.07,1
52.07,1
1696.67,1
90.5699999,1
141.57,1
7.2,1
159.07,1
10.06,1
176.57,1
0.0999999,1
3000.0,1
88.0,1
207.06,1
77.0699999,1
160.0,1
132.07,1
845.73,1
54.07,1
94.5699999,1
140.07,1
0.49,2
38.57,1
991.0,1
93.0699999,1
167.07,1
1000.0,11
3050.0,1
184.57,1
117.07,1
1019.0,2
81.0699999,1
9216.0,1
1.5,4
14.57,1
28.07,1
56.07,1
98.5699999,1
157.57,1
3100.0,1
40.57,1
175.07,1
67.5699999,1
150.01,1
12.57,1
1331.0,1
121.07,1
14.07,1
85.0699999,1
18.57,1
130.57,1
1.75,1
40000.0,2
148.07,1
15.07,1
1100.0,1
1005.73,1
3150.0,1
38.01,1
102.5699999,1
114.07,1
132.57,1
225.02,1
107.57,1
42.57,1
125.07,1
18.07,1
26.42,1
89.0699999,1
1150.0,2
690.1,1
156.07,1
15.57,1
30.07,1
1166.0,1
112.71,1
106.5699999,1
173.57,1
111.57,1
141.04,1
44.57,1
59.07,1
75.5699999,1
1200.0,1
129.07,1
146.57,1
164.07,1
8.8,1
62.07,1
450.0,1
181.07,1
115.57,1
46.57,1
101.5699999,1
79.5699999,1
29.07,1
137.07,1
63.07,1
97.0699999,1
154.57,1
98.25,1
172.07,1
22.07,1
557.0,1
134.57,1
99.5699999,1
119.57,1
48.57,1
110.07,1
83.5699999,1
2.96,1
16.57,1
33.07,1
145.07,1
51.6,1
101.0699999,1
162.57,1
180.07,1
6.0699999,1
70.0699999,1
114.57,1
181.57,1
3300.0,2
50.57,1
0.08,1
87.5699999,1
135.57,1
17.57,1
35.07,1
153.07,1
105.0699999,1
8.6,1
188.07,1
74.0699999,1
9622.0,1
1501.1,1
52.57,1
91.5699999,1
143.57,1
92.0699999,1
3500.0,1
37.07,1
161.07,1
178.57,1
246.0,1
78.0699999,1
930.0,1
58.07,1
19922.0,1
150.07,1
419.99,1
134.07,1
1500.0,2
12.07,1
54.57,1
94.0699999,1
95.5699999,1
0.05,1
0.37,1
19.57,1
39.07,1
169.07,1
64.5699999,1
165.57,1
186.57,1
118.07,1
82.0699999,1
600.0,3
0.12,1
260.0,1
142.07,1
56.57,1
20000.0,2
159.57,1
0.2,2
20.57,1
41.07,1
11.7299999,1
177.07,1
108.57,1
49.07,1
1600.0,2
122.07,1
86.0699999,1
111.07,1
182.57,1
500.9,1
58.57,1
2100.0,1
121.57,1
103.5699999,1
0.1,2
0.45,1
3690.0,1
532.0,1
72.5699999,1
25308.09,1
1698.25,1
126.07,1
90.0699999,1
140.57,1
158.07,1
0.38,1
60.57,1
33.57,1
0.83,1
1700.0,1
175.57,1
112.57,1
53.07,1
22.57,1
45.07,1
138.57,1
150.04,1
131.07,1
148.57,1
183.07,1
3800.0,1
166.07,1
62.57,1
70.5699999,1
183.57,1
3815.0,1
23.57,1
47.07,1
80.5699999,1
874.88,1
1000.01,1
139.07,1
1800.0,1
1980.79,1
98.0699999,1
156.57,1
21902.71,1
60.07,1
174.07,1
103.0699999,1
101.1,1
166.57,1
120.57,1
24.57,1
96.7,1
84.5699999,1
129.57,1
147.07,1
26.37,1
102.0699999,1
164.57,1
6.28,1
127.57,1
167.57,1
182.07,1
21.57,1
71.0699999,1
124.57,1
1900.0,1
25.57,1
51.07,1
6000.0,1
49.68,1
88.5699999,1
774.88,1
137.57,1
35.57,1
155.07,1
68.0699999,1
106.0699999,1
172.57,1
4000.0,3
1035.95,1
125.57,1
128.07,1
26.57,1
0.48,1
4018.0,1
92.5699999,1
145.57,1
37.57,1
163.07,1
32.57,1
180.57,1
2000.0,10
115.07,1
27.81,1
160.07,1
79.0699999,1
75.0699999,1
136.07,1
27.57,1
55.07,1
96.5699999,1
153.57,1
39.57,1
