0.0,780
230.25,1
2.0,14
3.0,16
4.0,11
5.0,45
212.25,1
1.0,39
269.8,1
9.0,3
10.0,40
11.0,2
12.0,3
13.0,3
14.0,5
15.0,5
16.0,4
17.0,1
18.0,2
19.0,3
20.0,11
21.0,1
22.0,2
269.4,1
25.0,15
26.0,3
47.96,4
4.8099999,1
30.0,9
0.5,11
34.0,1
35.0,3
36.0,1
6.0,15
32.82,1
1.17,1
40.0,7
41.0,2
7.0,5
44.0,1
45.0,4
46.0,1
47.0,1
48.0,1
49.0,7
50.0,249
276.89,1
234.45,1
287.7,2
54.0,1
55.0,2
293.65,1
60.0,8
45.72,1
46.52,1
214.9,1
220.8,1
70.0,2
72.0,1
40.89,3
42.4099999,1
80.0,4
276.48,1
222.65,1
220.6,1
85.0,1
8.06,1
7.36,1
15.26,1
90.0,1
0.6499999,1
95.0,5
235.25,1
262.55,1
98.0,1
99.0,2
100.0,203
101.0,1
271.55,1
235.9,1
278.55,1
105.0,2
289.65,1
109.0,1
113.0,1
272.2,1
49.02,1
203.7,1
278.15,1
45.03,1
8.33,1
47.51,2
125.0,2
126.0,1
127.0,1
128.0,1
35.59,1
245.05,1
284.5,1
138.0,1
217.05,1
145.0,1
273.85,1
150.0,19
155.0,1
0.75,4
158.0,1
1184.2,1
247.85,1
49.35,1
219.35,1
228.15,1
48.92,3
28.23,1
278.45,1
7.51,1
49.3,1
227.95,1
7.22,1
8.41,1
186.0,1
31.0,1
219.25,1
195.0,1
205.3,1
281.35,1
199.0,1
200.0,37
201.0,1
202.0,1
203.0,1
204.0,1
76.9,1
13.91,1
207.0,1
208.0,1
209.0,1
210.0,2
211.0,1
212.0,1
213.0,2
214.0,1
215.0,1
286.9,1
217.0,1
218.0,1
219.0,1
220.0,1
221.0,1
43.14,1
223.0,1
49.9799999,18
12.35,1
264.3,1
227.0,1
228.0,1
229.0,1
230.0,2
231.0,1
232.0,1
3.8099999,1
234.0,1
235.0,3
236.0,1
237.0,1
0.76,2
239.0,1
240.0,1
241.0,1
242.0,1
243.0,1
244.0,1
245.0,1
246.0,1
247.0,1
248.0,1
249.0,1
250.0,8
4.83,1
252.0,1
253.0,1
246.2,1
255.0,1
256.0,1
257.0,1
49.7,1
43.0,1
260.0,1
265.85,1
262.0,1
1.23,1
271.8,1
265.0,1
266.0,1
267.0,1
268.0,1
269.0,1
270.0,1
271.0,1
272.0,1
273.0,1
49.65,1
275.0,1
276.0,1
265.45,1
278.0,1
279.0,2
10.41,2
281.0,1
272.6,1
283.0,1
284.0,1
285.0,1
286.0,1
4.65,1
1265.82,1
5.0599999,2
290.0,1
291.0,1
235.5,1
277.75,1
294.0,1
244.65,1
247.25,1
9.71,2
300.0,10
0.22,3
239.5,1
199.75,1
47.41,1
289.7,1
226.7,1
212.45,1
312.0,1
52.0,1
0.95,3
18.47,2
266.75,1
5.19,2
221.8,1
325.0,1
256.3,1
330.0,1
250.05,1
253.6,1
10.06,1
45.75,1
350.0,1
225.1,1
0.04,23
227.75,1
262.25,1
236.9,1
280.55,1
9.11,1
229.9,1
250.02,1
274.15,1
2084.04,1
29.45,1
8.95,1
221.1,1
274.2,1
204.7,1
45.28,1
47.76,2
14.36,1
22.3299999,1
290.95,1
43.84,1
25.95,1
12.96,1
65.0,1
205.4,1
2.4,1
222.93,1
400.0,5
279.02,2
15.77,1
213.85,1
285.4,1
21.97,1
8.3899999,1
11.41,1
280.75,1
207.7,1
16.01,2
38.32,1
8.23,1
12.81,1
49.6,2
229.15,1
211.6,1
2.03,1
53.01,1
880.1998232,1
0.28,7
48.7699999,5
228.95,1
238.3,1
235.65,1
6.41,1
13.05,1
29.25,1
450.0,1
75.0,1
206.3,1
283.35,1
199.8,1
289.3,1
250.75,1
252.1,1
206.1,1
282.95,1
0.52,3
288.9,1
40.11,1
241.85,1
202.1,1
480.0,1
270.5,1
0.91,3
221.4,1
50.5599999,1
28.16,1
41.26,1
500.0,7
221.2,1
230.05,1
0.2,12
46.3,1
49.55,1
201.5,1
282.5,1
5.8599999,1
46.62,3
232.35,1
49.9,6
230.35,1
267.45,1
1.21,2
45.18,1
273.4,1
292.85,1
221.5,1
204.5,1
292.1,1
34.6,1
273.05,1
237.75,1
47.07,1
560.0,1
291.7,1
245.45,1
3.76,1
247.2,1
18.32,1
31.96,1
241.9,1
222.8,1
247.5,1
258.3,1
42.67,1
250.65,1
25.89,1
38.1999999,1
254.6,1
12.06,1
1.43,1
257.9,1
2.2799999,1
283.15,1
12.76,1
250.8,1
29.1,1
23.63,1
2657.85,1
49.5,3
228.75,1
276.6,1
205.9,1
282.55,1
13.4,1
249.2,1
32.38,1
276.2,1
43.3399999,1
282.15,1
45.53,1
48.01,1
47.2299999,1
215.05,1
288.5,1
237.4,1
16.77,1
214.85,1
277.0,1
282.6,1
212.75,1
239.7,1
199.95,1
49.85,3
230.15,1
267.05,1
45.13,1
44.17,1
32.73,1
47.9499999,2
37.7399999,1
21.23,1
49.0199999,1
229.95,1
0.3999999,2
5.5599999,1
1.13,1
117.0,1
2.3099999,1
239.3,1
285.35,1
3.5599999,1
291.3,1
120.0,1
230.2,1
239.1,1
725.0,1
18.99,1
290.9,1
203.1,1
12.85,1
234.1,1
0.78,1
268.2,1
245.25,1
254.4,1
203.05,1
750.0,1
218.4,1
2.85,1
276.55,1
270.85,1
13.36,1
15.56,1
14.18,1
271.75,1
1.98,4
199.55,1
257.5,1
15.11,1
21.85,1
46.87,2
217.1,1
42.15,1
0.99,2
231.35,1
269.45,1
275.4,1
40.71,2
12.3699999,1
2.8,1
36.08,1
248.65,1
237.5,1
281.75,1
246.65,1
257.55,1
252.55,1
47.8799999,1
212.8,1
45.5999999,1
198.1499999,1
820.0,1
293.7,1
246.45,1
208.1,1
43.19,1
63.48,1
9.91,2
46.38,1
4.1099999,2
223.8,1
153.13,1
260.3,1
35.34,1
38.37,1
10.56,2
255.6,1
239.15,1
45.99,1
48.9199999,6
14.76,1
1.26,1
48.79,3
243.05,1
1.55,1
49.75,7
229.75,1
278.6,1
206.9,1
284.55,1
215.45,1
16.06,1
268.75,1
48.52,3
0.3199999,1
23.09,1
290.2,1
47.43,1
238.7,1
284.15,1
148.0,1
240.15,1
290.7,1
48.26,1
39.4799999,1
44.34,1
900.0,1
290.5,1
25.56,1
288.6,1
76.98,1
215.85,1
37.62,1
7.16,1
30.22,1
0.61,3
22.62,1
35.54,1
23.86,1
289.5,1
10.66,1
263.1,1
199.15,1
269.05,1
235.85,1
45.9899999,1
50.05,1
49.2699999,2
230.95,1
38.9599999,1
48.83,7
5.29,2
220.15,1
2.8099999,1
280.05,1
208.3,1
287.35,1
0.79,5
7.11,3
293.3,1
287.85,1
998.97,1
243.45,1
1418.58,1
240.1,1
286.95,1
292.9,1
40.61,1
35.89,1
47.17,1
214.25,1
1.16,1
255.4,1
1000.0,4
48.7,2
35.31,1
210.65,1
46.3399999,4
255.2,1
264.4,1
214.55,1
268.85,1
34.45,2
232.55,1
271.85,1
270.75,1
277.8,1
47.12,2
6.96,1
200.35,1
271.45,1
4.69,1
45.68,2
48.96,1
65.0099999,1
247.3,1
238.5,1
283.75,1
3.84,2
49.28,1
15.71,1
48.1299999,1
277.25,1
215.99,1
216.25,1
251.1,1
243.2,1
272.25,1
223.65,1
46.72,1
286.4,1
47.52,1
13.71,1
16.21,1
221.6,1
224.8,1
256.35,1
207.35,1
255.55,1
262.3,1
3.31,1
43.4099999,2
231.65,1
39.26,1
9.8799999,1
224.6,1
221.55,1
1111.0,1
261.9,1
15.51,1
43.7699999,1
28.55,1
251.05,1
268.8,1
13.15,1
230.75,1
280.6,1
251.5,1
207.9,1
9.97,1
245.7,1
10.2099999,1
233.7,1
48.8,2
267.4,1
280.2,1
27.2,1
286.15,1
30.16,1
48.51,1
2.95,1
3.0599999,1
1.95,1
69.88,1
44.59,3
249.05,1
292.5,1
45.85,1
216.85,1
192.16,1
50.01,8
36.3499999,1
49.22,1
265.1,1
10.36,1
200.15,1
271.05,1
249.6,1
32.9,1
228.1,1
50.3,1
41.5199999,1
231.95,1
270.65,1
9.82,2
31.75,1
1418.55,1
241.3,1
289.35,1
216.3,1
8.96,1
76.96,1
219.8,1
205.0,1
233.95,1
47.25,1
241.1,1
288.95,1
214.7,1
253.65,1
34.47,2
48.86,3
269.15,1
212.6,1
44.14,1
22.02,1
30.92,1
47.42,1
215.25,1
224.4,1
1.91,1
233.9,1
1.02,2
35.3099999,1
10.61,1
202.9,1
224.2,1
30.52,1
10.01,1
206.8,1
16.16,1
1281.0,1
233.55,1
261.5,1
48.9099999,5
279.8,1
275.75,1
205.2,1
37.98,1
7.96,1
3.13,1
216.0,1
248.85,1
4.0599999,1
201.35,1
273.45,1
42.65,1
45.93,2
279.4,1
24.21,1
247.9,1
95.6699999,1
1369.8699999,1
37.86,2
207.5,1
1.37,2
216.65,1
44.49,1
9.76,1
239.55,1
209.25,1
10.75,1
274.1,1
216.45,1
208.5,1
36.49,2
235.45,1
46.97,1
47.77,2
10.88,1
225.8,1
258.35,1
225.0,1
199.6,1
100.41,1
11.19,1
43.6599999,1
226.0,1
11.11,1
225.6,1
257.95,1
263.9,1
49.4199999,1
130.2699999,1
0.77,1
2.61,1
29.48,1
231.75,1
270.25,1
208.9,1
288.55,1
238.75,1
16.31,1
0.53,3
277.79,1
282.2,1
27.59,1
2.5599999,1
288.15,1
48.76,4
47.9799999,1
41.56,1
277.2,1
241.8,1
37.69,1
0.15,9
294.5,1
43.03,2
253.9,1
249.85,1
8.47,1
274.5,1
30.47,2
45.8,3
44.04,1
13.66,1
16.11,1
16.51,1
47.32,2
12.48,1
10.16,1
258.5,1
267.1,1
12.36,1
48.36,4
465.05,1
25.98,1
220.35,1
46.4899999,1
992.04,1
1459.0,1
42.55,1
49.7699999,1
232.95,1
272.65,1
1469.0,1
41.05,1
204.65,1
210.3,1
291.35,1
1479.0,1
1480.0,1
262.75,1
10.96,1
4.79,1
219.75,1
210.1,1
278.99,1
49.11,1
21.4,1
1500.0,1
35390.83,1
40.2699999,1
0.9,3
250.6,1
210.85,1
47.67,1
248.25,1
49.6999999,1
25.8,1
225.4,1
6.6099999,1
2.0999999,1
4.76,3
46.8399999,1
254.0,1
11.31,1
225.2,1
257.15,1
12.01,1
3.11,1
277.6,1
234.55,1
275.85,1
4.41,1
277.13,1
281.8,1
278.7,1
260.25,1
41.48,1
39.62,1
259.0,1
202.35,1
200.02,1
600.02,1
46.18,2
281.4,1
33.46,1
261.0,1
1570.0,1
5.17,1
240.5,1
287.75,1
217.65,1
38.27,1
263.0,1
290.55,1
41.07,1
264.0,1
48.66,1
282.79,1
217.45,1
5.02,1
252.45,1
200.75,1
53.0,1
227.7,1
16.46,1
226.8,1
260.35,1
266.3,1
43.9099999,1
76.89,1
265.05,1
226.6,1
259.95,1
265.9,1
49.6699999,1
277.4,1
255.65,1
3345.67,1
44.35,1
16.8499999,1
18.1,1
34.5,1
232.75,1
284.6,1
209.9,1
600.0,1
28.8,1
274.0,1
293.15,1
218.2,1
231.4,1
284.2,1
276.15,1
45.73,2
290.15,1
46.53,3
49.01,2
48.2299999,3
33.81,1
4.75,2
23.87,1
219.05,1
38.01,1
43.04,2
4.37,2
246.15,1
36.1299999,1
280.0,2
218.85,1
252.7,1
44.29,2
282.0,1
130.8,1
200.95,1
9.01,1
38.7099999,1
248.45,1
256.75,1
208.7,1
202.15,1
2.45,2
0.41,1
46.7399999,1
34.67,1
8.92,1
42.0199999,1
201.95,1
274.65,1
200.9,1
24.3299999,1
287.0,1
288.0,2
243.3,1
293.35,1
289.0,1
273.3,1
10.53,1
240.55,1
200.8,1
11.35,1
6.3599999,1
211.1,1
292.95,1
2.75,1
238.95,1
292.0,1
14.99,1
1.06,1
44.64,1
293.0,1
19.17,1
217.25,1
226.4,1
259.55,1
4.14,3
0.93,1
5.76,2
47.0899999,1
15.66,1
13.61,1
3.86,1
9.81,1
3.41,1
294.05,1
12.43,1
45.79,1
3.96,1
231.05,1
35.2,1
235.55,1
265.5,1
10.3699999,1
283.8,1
202.5,1
39.72,1
10000.0,3
35.15,1
0.97,3
203.35,1
277.45,1
233.35,1
46.43,1
28.7299999,1
266.7,1
2.77,1
6.6,1
11350.2809715,1
209.5,1
76.94,1
2.18,1
218.65,1
500.05,1
34.85,1
275.05,1
17.16,1
48.91,2
218.45,1
2.9699999,1
242.95,1
47.47,1
7.81,1
880.0,1
227.8,1
262.35,1
268.3,1
223.85,1
9029.19,1
203.15,1
227.6,1
261.95,1
39.8799999,1
41.9199999,1
31.62,2
46.41,1
208.15,1
25.91,1
42.75,1
201.75,1
274.25,1
210.9,1
237.05,1
4.2699999,2
263.85,1
99.99,1
39.79,1
7.34,1
250.2,1
49.68,3
210.45,1
286.2,1
242.7,1
33.05,1
246.85,1
254.1,1
40.4799999,1
42.06,1
268.45,1
45.34,2
252.05,1
1000.02,1
217.15,1
280.85,1
238.4,1
219.85,2
0.29,6
276.8,1
48.5199999,2
242.3,1
202.55,1
28.36,1
16.76,1
31.18,1
43.1,1
240.7,1
235.15,1
277.05,1
122.0,1
988.08,1
1.48,1
270.7,1
34.2699999,1
234.95,1
276.65,1
2.96,1
244.3,1
275.48,1
14.96,1
235.05,1
49.59,1
232.25,1
2000.0,1
11.7399999,1
212.1,1
3.25,1
41.61,2
231.2,1
222.45,1
3.05,1
44.89,1
48.17,1
235.1,1
227.4,1
261.55,1
1000.01,1
245.15,1
6.76,1
270.1,1
15.31,1
227.2,1
261.15,1
68.0,1
48.1,2
223.3,1
236.55,1
267.5,1
3.5,2
246.25,1
285.8,1
234.5,1
30.15,1
221.7,1
48.3899999,1
35.4,1
236.35,1
279.45,1
46.68,3
41.01,1
41.12,1
4.4899999,1
242.5,1
291.75,1
6.43,1
209.3,1
6.86,1
249.65,1
203.3,1
49.1299999,1
31.79,1
49.16,1
44.84,1
219.45,1
29.27,1
8.94,1
37.24,1
238.35,1
47.72,2
251.95,1
248.15,1
16.71,1
228.8,1
264.35,1
270.3,1
3.66,1
216.1,1
271.95,1
10.14,1
46.7299999,1
228.6,1
269.9,1
15.76,1
53.83,1
251.2,1
286.35,1
8.58,1
2.5,2
46.24,1
263.05,1
9.4,1
234.75,1
276.25,1
243.9,1
244.05,1
204.3,1
8.21,1
13.62,1
2.99,3
255.25,1
247.45,1
288.2,1
10.43,2
211.7,1
294.15,1
46.07,2
41.51,2
274.7,1
50.31,1
45.1599999,3
253.05,1
247.4,1
274.6,1
1.92,1
252.85,1
8.56,1
0.42,3
248.5,1
48.07,2
269.1,1
245.75,1
35.35,1
1.71,1
204.15,1
279.05,1
2.4099999,2
31.33,1
2.9099999,1
272.7,1
203.95,1
278.65,1
3.46,1
213.3,1
0.14,3
221.15,1
288.1,2
30.85,1
4.85,2
213.1,1
209.75,1
3.75,2
49.86,2
223.45,1
29.78,1
45.14,1
48.42,1
251.25,1
228.4,1
263.55,1
100.92,1
294.45,1
559.99,1
6.26,1
7.76,1
47.5899999,1
257.2,1
4.67,1
228.2,1
263.15,1
251.4,1
211.65,1
16.66,1
16.41,1
205.55,1
49.56,2
7.41,1
287.8,2
48.32,2
226.75,1
48.37,1
14.23,1
4.01,2
240.9,1
205.35,1
281.45,1
46.21,1
38.93,1
239.6,1
217.85,1
659.8599999,1
244.25,1
47.65,4
211.5,1
293.75,1
220.65,1
44.33,1
49.3799999,1
36.74,1
49.41,1
245.8,1
220.45,1
44.69,3
47.97,2
285.25,1
40.77,1
25.01,1
251.65,1
229.8,1
266.35,1
11.61,3
7.92,1
272.3,1
36.6599999,1
248.1,1
208.35,1
4.21,1
286.5,1
229.6,1
265.95,1
55.76,1
20.01,1
48.4199999,1
246.35,1
49.96,13
22.91,1
203.75,1
290.6,1
212.9,1
289.75,1
10.21,2
16.81,1
0.63,2
4.5599999,1
22.45,1
207.75,1
632.13,1
234.7,1
244.7,1
47.28,1
3.3,1
41.76,1
42.56,1
291.45,2
198.85,1
37.84,3
81.3,1
256.8,1
3.32,1
237.9,1
2450.0,1
3.73,1
221.85,1
222.9,1
256.4,1
15.91,1
16.61,1
17.01,1
275.1,1
1.96,1
205.15,1
281.05,1
46.88,1
47.4899999,1
229.1,1
1.87,2
34.7699999,1
204.95,1
280.65,1
40.93,1
800.28,1
4.8999999,2
246.3,1
49.84,2
76.97,1
266.55,1
33.75,1
46.83,1
287.25,1
559.98,1
243.95,1
236.15,1
45.39,1
136.2,1
220.25,1
259.6,1
229.4,1
265.55,1
41.9499999,1
1418.44,1
259.2,1
229.2,1
216.05,1
243.65,1
28.89,1
287.3,1
3.99,1
206.55,1
271.5,1
207.8,1
289.8,1
48.62,2
10.2,1
245.95,1
206.2,1
206.35,1
283.45,1
4.34,1
289.4,1
47.9,2
6315.67,1
2.36,1
244.5,1
221.65,1
41.6299999,1
118.99,1
234.15,1
49.66,1
305.04,1
221.45,1
2762.24,1
44.94,2
201.45,1
45.74,1
276.1,1
48.22,2
249.25,1
214.45,1
28.96,1
236.45,1
258.75,1
274.3,1
5.21,1
200.6,1
440.0,1
280.7,1
230.6,1
267.95,1
273.9,1
42.6699999,1
265.65,1
43.5,2
236.75,1
292.6,1
213.9,1
43.35,1
228.55,1
257.1,1
35.8399999,1
292.2,1
46.73,1
279.5,1
2.1599999,1
0.19,5
49.2299999,1
34.81,1
223.05,1
25.4899999,1
85.58,1
0.83,3
521.1799999,1
254.85,1
1333.9,1
12.56,1
215.15,1
258.4,1
1799.56,1
37.29,2
100.02,8
0.4,1
277.85,1
277.1,1
50.11,1
206.15,1
283.05,1
39.13,1
0.82,5
95.24,1
0.09,9
276.7,1
43.0199999,1
237.95,1
282.65,1
202.85,1
30.82,1
242.4,1
215.3,1
10.18,1
245.4,1
283.1,1
205.65,1
11.6,1
22.77,1
249.3,1
247.1,1
48.06,1
100.4799999,1
50.36,1
0.56,6
45.64,1
281.25,1
40.92,2
221.25,1
261.6,1
46.57,1
230.4,1
267.55,1
2.48,1
49.9499999,4
47.62,2
34.37,1
261.2,1
15.86,1
13.27,1
14.06,1
10.68,1
7.27,1
7.17,1
44.2,1
207.55,1
285.85,1
291.8,1
48.87,3
211.25,1
238.2,1
239.35,1
285.45,1
6.81,1
276.4,1
291.4,1
242.1,1
9.95,1
245.5,1
254.65,1
49.8799999,1
103.49,1
17.8,1
0.54,4
49.91,2
292.55,1
45.3499999,1
254.45,1
45.19,1
37.99,1
40.47,1
11.71,1
41.27,1
241.5,1
231.8,1
270.35,1
15.61,1
47.55,5
39.96,1
35.08,1
45.49,1
231.6,1
269.95,1
275.9,1
1.66,1
204.9,1
48.48,3
13.3099999,1
205.75,1
282.25,1
44.6,2
246.9,1
273.55,1
14.21,2
17.06,1
232.45,1
6.71,1
0.31,5
294.2,1
20.34,1
246.7,1
47.78,1
219.2,1
47.39,1
42.26,1
83.57,1
44.4099999,1
224.05,1
4.26,1
279.1,1
44.7099999,1
255.85,1
0.58,3
5.41,2
260.4,1
207.4,1
1068.85,1
50.26,1
294.3,1
16.86,1
17.26,1
48.82,3
4.95,2
211.3,1
44.1,1
207.15,1
285.05,1
222.5,1
33.79,1
1248.25,1
284.75,1
209.7,1
39.9899999,2
259.15,1
28.04,1
222.85,1
253.35,1
206.95,1
284.65,1
134.1,1
40.4499999,1
18.5,1
0.3399999,2
248.3,1
1007.46,1
7.61,1
33.33,2
47.33,1
201.8,1
2.19,1
252.75,1
45.89,1
239.95,1
41.17,1
254.25,1
263.6,1
8.86,1
199.4,1
269.55,1
243.85,1
204.1,1
45.0599999,1
263.2,1
199.2,1
8.16,1
30.39,1
99.9999999,4
208.55,1
275.5,1
1039.5,1
293.8,1
49.12,3
243.25,1
48.8799999,2
36.4,1
240.35,1
287.45,1
39.68,1
293.4,1
3.1599999,1
234.35,1
3.36,1
76.95,1
268.7,1
246.5,1
10.11,1
19.68,1
259.25,1
0.24,6
42.16,1
10.37,1
255.45,1
25.93,1
48.1699999,1
222.25,1
11.39,1
48.72,2
49.52,2
12.21,2
17.21,1
233.75,1
232.8,1
272.35,1
278.3,1
4.3999999,1
281.65,1
7.21,1
289.95,1
960.78,1
232.6,1
7.56,1
16.26,1
48.63,2
14.01,1
285.3,1
289.85,1
206.75,1
284.25,1
215.9,1
1467.47,1
236.25,1
213.05,1
247.7,1
34.14,1
45.59,1
31.47,1
42.51,2
49.7299999,1
262.65,1
46.59,1
225.05,1
256.85,1
262.8,1
8.49,1
270.45,1
12.3099999,1
49.36,1
224.85,1
256.45,1
262.4,1
0.84,4
37.75,1
49.07,2
203.55,1
281.1,1
286.6,1
287.05,1
47.63,2
241.7,1
1.31,1
283.4,1
52.3,1
207.95,1
286.65,1
48.4499999,2
22.74,1
4.8,2
50.38,1
217.3,1
49.78,1
4.9,2
3.95,1
47.85,1
225.55,1
47.58,2
0.23,2
42.86,1
267.6,1
232.2,1
49.42,1
223.25,1
265.6,1
232.4,1
33.19,1
4.58,2
2127.66,2
48.5899999,1
265.2,1
200.2,1
271.15,1
123.5,1
220.4,1
3.77,1
6.6199999,1
30.8,1
277.5,1
24.44,1
224.3,1
9.46,1
33.37,1
9.27,1
36.65,2
49.25,1
209.35,1
289.45,1
222.7,1
47.93,2
1.46,2
0.35,2
2100.9899999,1
215.5,1
43.6999999,1
41.37,1
224.65,1
256.05,1
2400.04,1
201.55,1
47.19,1
248.9,1
34.41,1
47.1299999,1
224.45,1
220.5,1
45.69,1
294.1,1
46.49,2
254.55,1
48.97,5
263.5,1
33.77,1
48.77,3
233.8,1
274.35,1
280.3,1
45.6599999,1
215.6,1
201.6,1
273.95,1
279.9,1
920.5,1
104.67,1
239.75,1
286.25,1
216.9,1
201.4,1
17.31,1
293.25,1
30.95,1
8.2199999,1
290.1,1
28.59,1
47.48,2
216.5,1
18.23,1
42.76,1
272.75,1
43.56,1
41.3,1
273.7,1
46.84,2
204.35,1
258.85,1
247.35,1
264.8,1
294.7,1
0.7999999,2
225.85,1
258.45,1
259.1,1
49.77,1
46.04,6
12.16,1
3.08,1
17.51,1
14.98,1
40.34,2
203.5,1
209.15,1
48.0899999,3
271.1,1
47.88,1
246.75,1
267.65,1
48.4899999,2
2.49,1
208.95,1
288.65,1
237.85,1
39.9,1
46.42,2
0.0699999,4
222.15,1
41.74,1
218.1,1
45.63,1
6.66,1
226.05,1
35.11,2
46.39,1
237.25,1
41.67,2
224.25,1
76.93,1
12.86,1
233.4,1
0.05,58
3.21,1
275.45,1
228.35,1
256.7,1
45.98,1
267.2,1
201.2,1
273.15,1
43.1999999,1
49.71,1
252.4,1
212.65,1
242.55,1
291.85,1
33.6,1
427.63,2
210.55,1
149.5,1
49.62,2
45.84,2
8.7999999,1
32.8399999,1
4.6199999,2
242.35,1
9.61,2
1474.89,1
48.18,1
269.65,1
83.52,2
42.2699999,1
22.8299999,1
49.82,1
49.26,3
129.65,1
258.05,1
4.64,1
9.86,1
24.0,1
5.01,2
7.46,1
242.9,1
11.81,1
225.45,1
27.83,1
45.94,1
46.74,2
12.51,1
31.82,1
246.8,1
50.02,3
17.46,1
234.8,1
276.35,1
4.66,1
218.25,1
282.3,1
245.2,1
45.9099999,1
1.56,1
249.1,1
275.95,1
4.18,1
281.9,1
259.9,1
4.59,2
104.19,1
52.5,1
240.75,1
288.25,1
249.9,1
85.2,1
232.05,1
237.3,1
364.2,1
249.7,1
40.53,2
100.22,1
208.75,1
235.7,1
5.6,1
271.4,1
227.05,1
260.85,1
266.8,1
27.7,1
199.85,1
3800.31,1
44.62,2
36.92,1
226.85,1
260.45,1
266.4,1
220.05,1
46.29,1
9.16,2
0.94,3
49.57,3
30.02,1
48.12,1
285.1,1
210.15,1
291.05,1
48.13,2
502.84,1
244.2,1
199.25,1
48.7399999,3
226.2,1
44.8,1
292.15,1
209.95,1
290.65,1
29.34,1
4.8599999,2
78.98,1
251.3,1
244.15,1
48.3399999,1
2.38,1
9.85,1
48.08,1
218.3,1
30.53,1
268.25,1
49.92,3
225.25,1
257.25,1
216.7,1
234.4,1
12.8,1
260.55,1
17.22,1
1333.59,1
280.95,1
39.93,1
234.2,1
14.16,2
14.31,1
11.59,1
750.03,1
61.2,1
10.91,1
243.55,1
281.5,1
13.46,1
248.55,1
49.87,3
208.8,1
2.7,1
45.15,1
243.35,1
293.45,1
40.43,1
246.95,1
279.75,1
6.08,1
43.71,1
293.9,1
29.9,1
3.6,1
250.85,1
249.5,1
226.65,1
47.5999999,1
46.69,1
24.06,1
199.9,1
13.81,1
226.45,1
259.65,1
14.51,1
47.79,3
239.05,1
0.65,1
203.8,1
278.1,1
250.25,1
284.3,1
210.5,1
42.69,1
0.7899999,1
237.45,1
260.75,1
0.33,6
2.13,1
203.6,1
277.95,1
241.35,1
283.9,1
43.9199999,1
14.87,1
282.7,1
49.23,1
246.4,1
60.75,1
8.2899999,1
241.75,1
290.25,1
250.9,1
245.3,1
25.0099999,1
225.65,1
29.56,1
256.5,1
19.2,1
0.87,2
229.55,1
6.07,1
39.1999999,1
0.43,2
26.48,1
35.26,1
39.34,1
228.05,1
262.85,1
8.11,1
269.35,1
4.29,1
40.7299999,1
227.85,1
262.45,1
268.4,1
103.03,1
255.9,1
54.35,1
41.82,1
37.1,1
211.15,1
293.05,1
48.38,1
279.85,1
231.25,1
48.9899999,2
262.5,1
37.05,2
1.42,1
210.95,1
292.65,1
220.3,1
5.57,1
0.03,21
220.1,1
292.8,1
43.61,1
250.3,1
309.62,1
38.05,2
8.81,1
38.89,1
221.75,1
226.25,1
271.6,1
248.7,1
203.4,1
277.55,1
257.65,1
44.96,1
13.31,1
252.6,1
212.85,1
49.3399999,2
271.2,1
203.2,1
277.15,1
16.56,1
26.93,1
25.4399999,1
238.55,1
244.55,1
283.5,1
3249.5,1
15.46,1
42.12,2
25.53,1
48.8399999,3
281.6,1
244.35,1
32.68,1
239.2,1
264.25,1
43.96,1
251.0,1
250.5,1
32.05,1
39.58,1
25.47,1
262.05,1
1.03,1
7.01,2
15.81,1
227.45,1
261.65,1
20.07,1
49.72,1
243.4,1
231.3,1
236.8,1
7.35,1
236.95,1
11.26,1
204.6,1
279.95,1
233.6,1
14.26,1
17.41,1
281.55,1
49.1999999,1
210.75,1
292.25,1
219.9,1
38.33,1
217.9,1
275.55,1
0.96,3
4.3099999,1
39.4499999,1
877.5098232,1
68.58,2
135.03,1
43.51,1
44.31,1
220.2,1
47.59,1
241.15,1
264.85,1
270.8,1
21.48,1
224.1,1
46.58,1
228.85,1
264.45,1
270.4,1
46.79,3
76.77,1
2247.92,1
42.07,1
208.4,1
276.75,1
4.04,1
212.3,1
8.71,1
44.23,1
6.2699999,1
18.42,1
2200.04,1
49.2399999,1
223.5,1
250.45,1
37.3,1
210.7,1
211.95,1
1609.03,2
215.1,1
254.35,1
214.6,1
221.3,1
49.4,1
9.5399999,1
9.21,1
5.65,1
254.8,1
4.68,1
238.65,1
253.1,1
9.06,1
21.14,1
35.86,1
244.45,1
1806.15,1
39.14,1
43.99,2
28.42,1
42.42,1
227.25,1
273.6,1
236.4,1
240.95,1
9.41,1
6.51,1
244.85,1
49.5899999,2
273.2,1
236.2,1
279.15,1
16.02,1
2.8499999,1
21.66,1
5.74,1
245.55,1
0.81,1
28.94,1
42.37,1
30.29,1
48.1599999,1
213.35,1
48.93,6
49.9599999,2
231.45,1
218.5,1
49.6299999,2
219.5,1
258.1,1
44.93,2
228.65,1
264.05,1
47.73,1
35.3799999,1
257.7,1
228.45,1
9.77,1
38.69,1
219.65,1
11.4,1
41.97,1
273.75,1
42.77,1
0.34,2
214.5,1
223.55,1
282.35,1
7.66,1
1189.27,1
288.3,1
48.67,2
269.5,1
114.63,1
205.6,1
281.95,1
287.9,2
44.4199999,1
35.88,1
36.9,1
244.6,1
0.89,1
294.55,1
211.75,1
252.9,1
32.11,1
9.99,2
5.8099999,1
38.74,1
13.95,1
4.61,1
253.8,1
220.7,1
214.05,1
30.73,1
43.76,1
36.56,1
241.45,1
40.8,1
263.95,1
252.2,1
47.84,1
263.45,1
266.85,1
12.11,1
23.18,1
272.8,1
5979.46,1
4.46,1
300.02,1
229.85,1
266.45,1
272.4,1
100.031956,1
12.41,1
21.61,1
200.65,1
291.1,1
213.15,1
48.88,4
204.55,1
2.27,1
215.75,1
4.73,1
212.95,1
202.95,1
10.7,2
20.47,1
245.35,1
222.3,1
32.15,1
257.3,1
1350.08,1
222.1,1
230.9,1
15.57,1
256.9,1
11.76,1
36.79,1
1.18,2
269.6,1
228.25,1
275.6,1
44.5,1
979.46,1
8.91,1
33.44,1
219.6,1
49.8399999,2
275.2,1
237.2,1
281.15,1
45.95,2
49.27,1
246.55,1
219.55,1
1449.0,1
34.62,1
40.07,1
3.91,1
37.9,1
28.07,1
31.4,4
28.86,1
49.18,1
236.5,1
44.46,1
36.72,1
252.5,1
260.1,1
229.65,1
266.05,1
43.9499999,1
41.62,1
203.9,1
259.7,1
1.2475925,1
229.45,1
39.41,1
243.7,1
47.74,2
66.06,1
42.22,2
238.8,1
284.35,1
32.04,1
46.9099999,1
253.95,1
214.2,1
37.9099999,1
238.6,1
283.95,1
289.9,1
280.15,1
2.0599999,1
19.6,1
45.5,2
244.75,1
1379.88,1
7.71,2
221.9,1
211.9,1
247.55,1
276.79,1
242.15,1
202.4,1
49.54,1
253.7,1
246.05,1
49.53,1
250.95,1
1.51,1
44.01,2
43.2299999,1
36.81,1
76.78,1
217.5,1
199.05,1
274.75,1
14.11,1
274.8,1
275.57,1
248.35,1
5.46,1
230.85,1
5.96,1
274.4,1
47.29,4
42.57,1
232.65,1
293.1,1
38.6,1
214.15,1
12.71,2
3.78,1
49.7399999,2
273.1,1
292.7,1
37.0199999,1
213.95,1
0.51,5
800.0,1
238.85,1
255.3,1
3.3099999,1
259.3,1
42.4,1
2.07,3
10.1,2
49.58,2
1.29,1
49.08,1
81.35,1
223.15,1
258.9,1
13.76,1
8.73,1
47.64,3
207.25,1
274.08,1
163.46,1
293.85,1
265.25,1
206.4,1
283.55,1
30.9,1
0.7,6
42.0899999,1
229.35,1
8.36,1
14.56,1
28.27,1
258.7,1
32.01,1
24.68,2
38.2,1
215.55,1
34.72,1
29.19,1
213.65,1
42.87,1
215.35,1
1724.14,1
39.0999999,1
255.7,1
49.8,2
253.5,1
262.1,1
230.65,1
268.05,1
30.2,2
41.92,1
261.7,1
230.45,1
13.77,1
39.99,1
30.33,1
42.47,1
239.8,1
206.63,1
247.8,1
1429.77,1
292.3,1
248.2,1
0.66,2
278.25,1
207.6,1
285.95,1
292.4,1
291.9,1
250.1,1
5.3099999,1
210.35,1
53.75,1
213.75,1
450.01,1
254.9,1
34.02,1
238.05,1
2.66,1
276.69,1
521.38,1
43.32,1
254.7,1
41.78,1
15.05,2
43.4799999,2
47.86,3
200.05,1
251.39,2
236.7,1
4.6099999,1
257.6,1
6.46,2
240.6,1
200.85,1
231.85,1
3.82,1
5.66,1
15.41,2
47.54,1
17.86,1
42.82,1
40.08,1
282.75,1
247.15,1
0.3,7
286.75,1
35.29,2
49.9899999,9
46.05,1
214.95,1
19.5,1
5.2,1
231.1,1
11.64,1
5.61,1
261.3,1
0.16,6
49.33,1
15.06,1
260.9,1
559.88,1
47.89,2
19.8,1
219.3,1
45.2,2
279.6,1
278.35,1
239.4,1
285.55,1
230.5,1
48.98,3
217.7,1
275.15,1
279.2,1
207.2,1
285.15,1
15.36,1
216.55,1
291.5,1
30.25,1
35.33,3
245.65,1
6.17,1
41.85,1
216.35,1
0.1699999,3
209.8,1
33.68,1
13.26,1
36.96,1
8.01,1
254.5,1
264.1,1
9.36,1
43.69,3
270.05,1
268.95,1
251.85,1
617.13,1
48.2799999,1
21.29,1
289.05,1
263.7,1
199.45,1
8.66,1
39.44,1
13.69,1
48.24,3
254.3,1
42.72,3
1.5,2
45.24,2
14.71,1
240.8,1
288.35,1
240.05,1
21.7799999,1
6.31,1
280.1,1
3.88,1
208.6,1
287.95,1
0.92,3
10.51,1
2.79,1
13.33,1
202.6,1
273.8,1
284.7,1
214.75,1
223.95,1
223.9,1
5.1099999,1
47.6999999,2
27.79,1
0.71,6
14.66,1
43.87,1
8.31,1
223.7,1
34.03,1
1.01,7
230.55,1
39.09,1
45.31,1
261.1,1
201.05,1
272.85,1
278.8,1
16.36,1
38.7299999,1
0.0610434,1
285.2,1
46.9599999,1
232.85,1
272.45,1
100.04,1
278.4,1
2.11,1
32.02,1
202.8,1
46.35,1
216.15,1
49.63,1
294.6,1
30.35,1
221.05,1
281.85,1
38.3,1
37.5199999,1
247.95,1
7.31,1
264.5,1
225.3,1
257.35,1
263.3,1
48.46,2
106.71,1
10.8,2
33.58,1
256.95,1
49.46,1
262.9,1
44.86,1
207.65,1
48.14,2
220.95,1
211.55,1
48.56,1
240.4,1
287.55,1
750.0010878,1
29.82,1
7.74,1
1.99,1
42.5899999,1
281.2,1
208.2,1
287.15,1
50.4499999,1
16.63,1
22.7,1
46.7,1
201.15,1
217.55,1
293.5,1
175.59,1
51.37,1
7.54,1
48.58,3
11.9899999,1
275.8,1
217.35,1
38.54,1
49.93,9
202.05,1
45.21,1
3.51,1
3.1999999,1
240.2,1
266.25,1
255.5,1
266.1,1
11.36,2
2.46,2
272.05,1
205.1,1
244.1,1
37.18,1
30000.0,1
36.1699999,1
265.7,1
200.45,1
271.65,1
47.69,3
32.39,1
42.97,3
258.0,1
0.68,4
39.7399999,1
290.35,1
232.3,1
9.96,1
0.44,2
243.5,1
41.0599999,1
294.8,1
241.6,1
5.9399999,1
45.4199999,1
1.15,2
219.1,1
234.6,1
1.78,1
247.75,1
269.2,1
224.9,1
256.55,1
114.59,1
23.95,1
14.2,1
213.25,1
218.9,1
10.31,1
224.7,1
256.15,1
11.01,2
260.5,1
37.56,1
0.21,3
258.2,1
48.84,3
3.15,2
274.85,1
280.8,1
13.02,2
233.85,1
274.45,1
280.4,1
48.04,2
12.66,1
22.11,1
30.51,1
35.32,1
41.86,2
233.05,1
20.92,1
249.15,1
35.57,1
49.88,2
42.4899999,1
10.71,1
216.95,1
243.1,1
229.25,1
204.2,1
251.45,1
288.75,1
14.86,1
14.3,1
226.3,1
259.35,1
255.35,1
265.3,1
27.96,1
250.01,2
5.08,1
226.1,1
37.3099999,1
18.14,1
264.9,1
239.65,1
32.87,1
10.07,1
48.39,1
200.25,1
283.6,1
209.4,1
289.55,1
287.1,1
254.75,1
241.95,1
202.2,1
283.2,1
209.2,1
289.15,1
245.85,1
263.25,1
46.95,1
218.55,1
35.62,1
7.4099999,1
38.9,1
218.35,1
543.1899999,1
49.97,17
234.05,1
33.57,1
39.3099999,1
48.53,1
205.5,1
232.15,1
224.5,1
268.1,1
233.65,1
274.05,1
4.89,2
235.35,1
76.99,1
17.54,1
5.71,1
267.7,1
233.45,1
0.47,2
47.94,1
48.74,3
0.88,6
2.21,2
270.6,1
26.46,1
210.8,1
292.35,1
75.2,1
0.86,2
11.96,1
235.75,1
210.6,1
291.95,1
222.95,1
288.4,1
209.6,1
274.48,1
46.5,2
216.75,1
225.9,1
258.55,1
286.3,1
209.55,1
5.26,1
12.31,2
225.7,1
258.15,1
2.7599999,2
13.01,1
41.79,2
4.25,1
34.26,1
13.3699999,1
49.09,1
269.85,1
276.85,1
206.6,1
282.8,1
253.2,1
2.44,2
213.45,1
13250.0,1
266.65,1
223.6,1
276.45,1
282.4,1
19.95,1
43.23,1
43.57,2
46.85,3
250.15,1
241.4,1
201.65,1
4.81,1
217.95,1
251.79,1
227.3,1
261.35,1
237.6,1
267.3,1
207.85,1
9.53,1
48.9499999,1
8.35,2
227.1,1
260.95,1
199.07,1
266.9,1
11.99,1
20.96,2
48.64,4
23.91,1
201.25,1
273.25,1
235.8,1
210.4,1
291.55,1
1.1,1
47.8099999,1
3.68,1
48.68,4
210.2,1
47.91,2
14.81,2
28.77,1
47.6599999,2
238.1,1
39.0,2
48.11,2
55.2,1
196.0,1
8.61,1
21.5799999,1
23.0499999,1
4.48,2
15.47,1
251.55,1
222.4,1
39.15,1
251.35,1
2.02,2
100.35,1
199.1,1
271.9,1
39.6999999,2
225.5,1
257.75,1
17.5,1
202.65,1
49.95,7
2.2599999,1
100.05,2
269.7,1
202.45,1
275.65,1
48.19,2
9.5599999,1
48.99,2
43.47,2
252.65,1
243.8,1
294.35,1
13.96,2
216.8,1
311.67,1
243.6,1
249.95,1
9.66,1
21.57,1
46.75,1
298.31,1
249.75,1
226.9,1
253.55,1
0.02,22
18.46,1
205.5799999,1
2.98,1
49.98,4
260.15,1
42.78,1
15.01,2
44.4799999,1
49.79,2
247.05,1
2.1,1
207.3,1
236.05,1
266.5,1
5.91,1
267.85,1
279.55,1
37.35,1
205.7,1
1.4,2
14.77,1
203.85,1
5400.11,1
249.35,1
49.83,1
48.54,2
258.95,1
96.27,1
290.75,1
219.15,1
14250.0,1
0.48,4
249.55,1
14.79,1
237.55,1
39.05,1
38.2699999,1
218.95,1
1.22,1
248.75,1
1.81,1
235.95,1
228.3,1
263.35,1
16.03,1
269.3,1
200.1,2
40.4,3
44.37,2
276.3,1
262.95,1
268.9,1
0.07,7
3.0099999,3
48.89,4
2.86,1
202.25,1
275.25,1
211.4,1
293.55,1
0.57,1
256.1,1
48.0599999,1
199.5,1
40.25,1
278.5,1
287.2,1
211.2,1
41.69,1
249.24,1
39.45,1
260.7,1
220.55,1
35.5,1
212.4,1
42.8399999,1
8.0,3
242.05,1
0.12,5
252.35,1
267.9,1
213.5,1
8.26,1
43.26,1
226.5,1
259.75,1
203.65,1
278.05,1
19.9,1
273.65,1
45.1299999,1
46.96,1
206.0,1
220.85,1
25.79,1
45.16,1
271.7,1
11.88,1
203.45,1
277.65,1
17.56,1
9.94,2
33.24,1
20.82,1
214.65,1
30.71,2
244.8,1
244.9,1
805.0,1
48.4099999,2
0.6,2
294.75,1
209.05,1
273.98,1
202.75,1
240.45,1
1.09,1
10.76,1
46.48,1
280.25,1
207.45,1
260.05,1
218.75,1
256.6,1
24.54,1
227.9,1
6.12,1
7.26,1
22.1699999,1
256.2,1
49.4499999,2
262.15,1
235.4,1
566.6899999,1
36.7299999,1
215.7,1
41.59,1
205.05,1
268.5,1
6.91,1
286.8,1
6.1099999,1
237.7,1
36.7699999,1
40.22,1
204.85,2
280.45,1
13.39,1
201.85,1
4.72,1
47.4499999,1
2.65,2
33.2299999,1
47.35,2
252.15,1
42.63,1
39.2099999,1
16.05,1
271.25,1
206.58,1
219.95,1
229.3,1
265.35,1
0.37,3
271.3,1
232.1,1
0.1,15
37.6,1
6.35,2
42.58,1
264.95,1
270.9,1
45.86,1
45.1999999,1
34.75,1
44.42,1
203.25,1
289.6,1
244.4,1
259.5,1
44.79,1
41.14,1
48.3099999,1
5.16,2
289.2,1
16.75,1
212.2,1
35.47,1
199.35,1
33.2699999,1
222.6,1
47.7,2
284.95,1
42.6999999,1
46.89,2
0.36,6
27.47,1
48.9799999,4
14.91,1
221.35,1
9.56,1
42.93,1
1830.73,1
10.26,1
36.59,1
137.75,1
3.33,1
12.46,1
2.1799999,1
227.5,1
261.75,1
25.5,1
236.65,1
248.95,1
13.86,1
3.2599999,1
23.9,1
26.0499999,1
9.92,1
43.65,1
204.45,1
279.65,1
48.69,1
41.49,2
17.71,1
3.71,1
294.25,1
36.77,1
1.11,3
0.46,6
213.8,1
3.74,2
237.15,1
48.6599999,2
2.5099999,1
245.6,1
282.1,1
252.25,1
212.5,1
3.8,1
264.75,1
14.41,1
7.06,1
236.85,1
0.01,47
48.6299999,1
251.75,1
258.6,1
228.9,1
264.55,1
286.7,1
30.81,2
34.5199999,1
17.11,1
6.0599999,1
1119.81,1
30.09,1
228.7,1
264.15,1
227.65,1
45.76,2
44.9799999,2
46.56,2
286.45,1
33.84,1
206.05,1
282.85,1
7.91,1
288.8,1
3.07,1
0.4099999,1
244.95,1
285.5,1
15.27,1
3.48,1
205.85,1
282.45,1
14.09,1
28.97,1
41.04,2
12.91,1
65.27,1
47.6,1
253.15,1
48.33,1
218.15,1
276.05,1
30.67,1
252.95,1
222.05,1
283.85,1
233.25,1
8.55,1
230.3,1
267.35,1
12.61,1
78.22,1
35.55,2
209.1,1
224.35,1
4.71,1
230.1,1
266.95,1
100.85,1
45.78,3
11.91,3
300.0181797,1
6.5599999,1
49.39,2
248.4,1
204.25,1
291.6,1
213.4,1
252.3,1
11.21,1
212.55,1
9.58,2
15.96,1
233.2,1
43.8399999,4
291.2,1
250.7,1
213.2,1
47.05,3
6.3099999,1
45.46,1
223.1,1
26.53,1
47.95,3
222.55,1
274.38,1
257.8,1
233.15,1
36.62,1
222.0,1
36.2,1
76.91,1
222.35,1
238.9,1
0.49,3
257.4,1
278.85,1
12.26,2
242.8,1
28.1,1
4.47,2
285.6,1
228.5,1
263.75,1
237.65,1
282.05,1
241.2,1
27.9,1
237.1,1
245.1,1
275.7,1
205.45,1
0.69,1
48.94,5
205.95,1
49.74,3
28.82,1
45.02,1
18.96,1
213.33,1
214.8,1
0.73,4
224.0,1
258.8,1
233.3,1
246.6,1
266.6,1
46.6699999,1
264.65,1
204.75,1
251.15,1
47.5,2
21.56,1
220.75,1
260.6,1
202.3,1
211.35,1
235.6,1
3.1,1
45.9499999,2
43.62,1
3742.41,1
260.2,1
1.97,3
50.73,1
266.15,1
35.53,2
38.83,2
46.01,3
45.2299999,1
46.81,1
22.41,1
42.09,1
207.05,1
284.85,1
8.99,1
290.8,1
1592.53,1
47.08,2
9.9599999,1
6.6999999,1
222.2,1
206.85,1
284.45,1
290.4,1
33.29,2
46.9,2
44.57,2
37.74,1
125.03,1
39.85,1
254.15,1
43.13,1
9.12,1
47.8,4
47.0199999,1
221.95,1
254.05,1
214.3,1
268.35,1
249.45,1
42.8,1
199.3,1
14.61,1
275.3,1
265.15,1
13.78,2
35.96,1
43.08,1
25.34,3
274.9,1
45.17,2
49.64,2
139.71,1
240.65,1
205.25,1
293.6,1
40.6,1
214.4,1
13.21,1
261.25,1
35.65,1
204.8,1
289.1,1
255.75,1
293.2,1
10.86,1
51.47,1
11.06,1
2.29,2
9.68,1
285.9,1
105.97,1
213.6,1
40.2,1
207.1,1
6.47,1
259.8,1
46.6999999,3
16.96,1
48.15,3
223.35,1
13.56,1
231.15,1
259.4,1
4.87,1
5.6099999,1
229.7,1
0.45,3
229.5,1
265.75,1
206.65,1
284.05,1
206.5,1
1.19,3
45.91,1
277.7,1
237.35,1
206.45,1
283.65,1
49.19,1
49.99,15
215.8,1
48.7299999,3
49.1599999,1
17.66,1
2.39,1
247.6,1
233.1,1
100.0099999,2
233.0,1
263.65,1
273.5,1
47.75,1
12.3799999,1
253.75,1
262.6,1
48.71,1
198.9,1
268.55,1
11.77,1
51.51,1
9.17,1
6.21,1
262.2,1
30.34,1
230.7,1
268.15,1
241.55,1
19.98,1
46.26,2
251.9,1
47.06,1
212.15,1
42.34,1
208.05,1
286.85,1
255.8,1
272.1,1
130.98,1
11.46,1
2.6599999,1
254.2,1
239.85,1
10.03,1
4.91,2
268.65,1
4.22,1
41.54,1
40.33,1
44.82,1
43.48,1
255.15,1
4.3599999,2
35.38,1
49.49,3
49.21,1
0.0999999,1
9.64,1
48.05,2
284.8,1
254.95,1
212.7,1
5.04,1
44.5599999,1
217.75,1
200.3,1
271.35,1
40.06,3
7.86,1
277.3,1
993.97,1
248.6,1
208.85,1
43.33,2
270.95,1
1.61,1
0.98,4
276.9,1
239.9,1
49.89,4
11.07,1
206.25,1
283.25,1
215.4,1
49.0599999,1
238.0,1
76.41,1
215.2,1
11.56,1
235.2,1
256.25,1
433.51,1
224.55,1
7.47,1
0.25,8
261.8,1
0.64,3
2.82,1
38.73,1
48.4,5
28.65,1
204.05,1
2.31,1
1.36,1
261.4,1
223.4,1
38.96,1
286.55,1
65.2,1
47.2,1
267.75,1
140.51,1
286.05,1
4.5199999,1
33.48,1
38.98,1
291.15,1
26.29,1
46.16,1
279.7,1
239.45,1
285.65,1
49.44,2
14.19,1
44.72,2
45.52,2
15.21,1
248.8,1
218.05,1
41.4099999,1
216.6,1
2.71,2
217.8,1
989.08,1
49.29,1
8.8,1
284.4,1
290.3,1
216.2,1
222.75,1
264.6,1
2605.7999999,1
231.9,1
270.55,1
45.4,1
264.2,1
231.7,1
270.15,1
1104.99,1
38.51,1
39.31,1
4.5,1
204.4,1
241.05,1
288.85,1
248.05,1
8.46,1
29.99,1
3.28,1
240.85,2
288.45,1
206.7,1
294.4,1
44.4899999,1
13.94,1
250.35,1
3.61,1
894.0699999,1
48.35,5
37.37,2
224.15,1
5.3599999,2
43.63,2
987.01,1
44.2399999,1
2.84,2
234.65,1
48.3,3
47.5199999,1
255.95,1
245.01,1
9.51,1
1287.46,1
41.18,1
201.3,1
273.35,1
279.3,1
35.9,1
48.2,1
47.7699999,3
0.2799999,2
201.1,1
272.95,1
262.16,1
278.9,1
46.86,1
44.97,1
45.5299999,1
21.92,1
45.42,1
239.25,1
11.66,1
216.4,1
1.2,2
0.38,4
229.05,1
4.15,1
240.25,1
41.55,2
200.5,1
83.75,1
294.65,1
40.7,1
112.59,1
257.85,1
18.3299999,1
263.8,1
262.7,1
32.51,1
45.37,1
0.72,3
40.65,2
225.35,1
257.45,1
263.4,1
215.65,1
0.13,9
16.91,1
231.5,1
269.75,1
208.65,1
288.05,1
218.7,1
17.96,1
281.7,1
208.45,1
287.65,1
49.69,4
36.97,1
276.5,1
45.77,2
3.72,1
4.7399999,1
249.8,1
9.26,1
45.33,2
49.6599999,1
13.41,1
217.6,1
22.1899999,1
279.25,1
210.05,1
643.5799999,1
42.53,1
214.35,1
8.51,1
6.37,2
223.75,1
278.75,1
11.86,1
232.9,1
272.55,1
23.31,2
212.35,1
243.15,1
150.01,1
8.7,1
41.98,1
266.2,1
232.7,1
272.15,1
48.61,4
37.9799999,1
47.56,1
264.7,1
8.6,2
290.85,1
240.3,1
10.46,1
200.55,1
1.76,1
287.5,1
200.4,1
372.77,1
209.85,1
29.3,1
8.34,1
198.95,1
4.6,3
11.16,1
27.11,1
242.6,1
9.98,3
6.01,1
45.26,1
32.6,1
225.15,1
257.05,1
293.95,1
4.51,1
48.34,2
10.81,1
224.95,1
256.65,1
11.51,1
230.8,1
0.59,3
24.75,1
234.3,1
275.35,1
4.16,1
281.3,1
17.36,1
18.5099999,1
46.66,1
238.45,1
43.83,1
1.7,1
48.65,2
0.26,3
280.9,1
47.11,1
208.25,1
250.55,1
217.4,1
10.0499999,1
274.55,1
0.06,16
36.8399999,1
217.2,1
48.5,2
5.5,2
219.7,1
245.9,1
45.3,1
277.9,1
40.95,2
226.55,1
259.85,1
265.8,1
40.51,1
48.9,7
226.35,1
259.45,1
248.38,1
1.86,1
265.4,1
88.85,1
247.65,1
47.46,5
48.78,1
12.9699999,1
232.5,1
284.1,1
211.8,1
209.65,1
290.05,1
5.14,1
272.5,1
73.87,1
2.9499999,1
285.75,1
26.54,1
4.96,2
283.7,1
209.45,1
274.28,1
49.94,9
253.85,1
214.1,1
45.22,1
46.02,1
50.42,1
218.8,1
95.2,1
1120.52,1
39.11,2
49.9099999,1
42.8099999,1
238.15,1
46.37,1
218.6,1
210.25,1
272.9,1
4.09,1
143.87,1
253.25,1
5.4799999,1
25.1,1
40.5,1
224.75,1
252.8,1
200.7,1
10.9899999,1
0.55,1
7.2,1
288.7,1
11.53,1
3.23,2
201.7,1
13.16,2
44.53,1
49.76,1
47.01,2
46.2299999,1
39.81,1
7.5,2
43.09,2
211.05,1
280.5,1
47.2399999,1
8.76,2
13.06,1
702.41,1
278.2,1
243.75,1
242.85,1
292.45,1
48.47,2
23.97,1
45.57,1
1255.7,1
234.85,1
48.85,6
226.15,1
259.05,1
19.31,1
27.24,1
1.41,1
2.54,1
44.7399999,1
34.36,2
5.51,1
32.8,1
40.0199999,1
225.95,1
258.65,1
13.51,1
76.92,1
238.25,1
64.89,1
108.73,1
235.3,1
277.35,1
234.25,1
211.45,1
40.44,1
0.18,7
44.08,2
276.95,1
282.9,1
47.36,1
290.45,1
0.39,1
12.8999999,1
37.92,1
241.25,1
17.61,1
250.4,1
249.4,1
9.2099999,1
253.3,1
3.03,1
213.55,1
2.08,1
13.11,2
9.31,1
100.47,1
9.93,1
251.7,1
289.25,1
49.2,1
227.55,1
261.85,1
45.71,1
255.1,1
267.8,1
37.87,1
49.15,1
227.35,1
261.45,1
44.43,1
4.9499999,2
1.3799999,1
124.02,1
287.4,1
3.85,1
233.5,1
286.1,1
242.65,1
292.05,1
287.6,1
199.7,1
24.4899999,1
242.2,1
88.05,1
49.48,1
285.7,1
242.45,1
291.65,1
246.1,1
45.47,1
274.18,1
46.27,2
251.8,1
199.65,1
47.24,2
100.0010878,1
1335.0,1
6.16,1
1.08,1
5.53,2
251.6,1
260.8,1
48.95,1
268.6,1
48.75,1
225.75,1
258.25,1
234.9,1
237.8,1
236.6,1
21.2,1
9.67,1
270.2,1
0.17,4
202.7,1
15.16,1
44.78,1
253.4,1
46.4799999,1
32.06,1
100.0699999,1
212.05,1
220.9,1
280.35,1
14.46,1
269.25,1
211.85,1
31.81,1
21.72,1
48.2399999,2
223.2,1
42.54,1
31.36,1
45.82,2
0.5599999,1
33.1,1
47.15,1
227.15,1
261.05,1
0.08,9
49.4799999,1
19.46,1
49.05,2
48.2699999,1
226.95,1
260.65,1
255.05,1
10.9,1
236.3,1
279.35,1
0.27,2
253.45,1
292.75,1
213.7,1
48.44,1
267.15,1
45.58,2
236.1,1
278.95,1
2.0099999,3
284.9,1
39.61,1
274.95,1
39.12,1
46.17,1
242.25,1
291.25,1
219.4,1
231.55,1
241.65,1
201.9,1
40.85,1
283.3,1
3000.0,1
242.75,1
205.8,1
0.11,7
5.88,1
267.25,1
215.95,1
