0.0,23
1.0,4
2.0,1
5.0,1
1300.0,1
1.01,1
11.0,1
1550.0,1
2.03,1
400.0,9
1.92,1
44.89,1
21.0,1
150.0,19
3.0299999,1
1050.0,1
0.02,1
4279.2299999,1
800.0,1
43.6,1
550.0,1
0.96,1
14.32,1
0.67,1
44.74,1
300.0,11
179.01,1
49.0,1
50.0,348
44.6,1
1.03,1
700.0,1
0.39,1
450.0,1
650.0,1
71.0,1
200.0,28
44.81,1
26709.64,1
600.0,2
35300.0,1
44.88,1
350.0,2
0.01,1
995.0,1
100.0,91
91.65,2
1.1,1
44.85,1
4.0199999,1
0.99,1
5100.0,1
110.0,1
44.67,1
6000.0,1
1.04,1
302.0,1
500.0,5
1.99,1
1400.0,1
1.02,1
250.0,5
