0.0,3926
42.25,1
2.0,61
3.0,16
4.0,22
5.0,49
0.75,16
1.0,126
8.0,12
9.0,10
10.0,66
11.0,5
12.0,7
13.0,5
14.0,3
15.0,23
16.0,3
17.0,6
18.0,6
19.0,9
20.0,31
21.0,3
22.0,1
23.0,3
24.0,2
25.0,18
26.0,4
27.0,1
28.0,3
29.0,1
30.0,20
0.5,51
32.0,2
33.0,4
34.0,1
35.0,6
36.0,3
6.0,14
38.0,4
39.0,3
40.0,24
41.0,3
42.0,3
7.0,19
44.0,3
45.0,7
46.0,2
47.0,2
48.0,3
49.0,9
50.0,135
26.79,1
53.0,1
54.0,1
56.0,1
57.0,1
10.44,4
60.0,5
30.07,2
62.0,1
63.0,2
64.0,1
66.0,1
67.0,1
30.9208859,1
70.0,2
72.0,1
73.0,1
76.0,1
77.0,4
80.0,5
83.0,1
84.0,2
86.0,1
87.0,2
89.0,1
90.0,1
94.0,1
97.19,1
17.35,1
98.0,2
8.9,2
100.0,235
101.0,2
102.0,1
103.0,1
105.0,1
107.0,1
109.0,2
110.0,4
111.0,4
112.0,2
113.0,1
117.0,2
32.27,5
119.0,1
120.0,1
121.0,1
128.0,1
130.0,2
131.0,5
136.0,2
145.0,1
148.0,1
150.0,4
151.0,1
160.0,2
168.0,1
21.73,1
44.63,1
175.0,1
176.0,1
177.0,2
180.0,1
31.0,3
190.0,5
195.0,1
196.0,1
199.0,1
200.0,27
89.65,5
210.0,2
30.74,1
215.0,2
47.86,1
24.38,1
220.0,1
20.78,1
37.0,4
34.2299999,1
30.42,1
26.6899999,1
40.0809999,1
234.0,1
235.0,1
190.17,1
189.81,3
34.3099999,1
240.0,1
7.01,3
0.46,10
5.42,2
250.0,4
7.83,2
27.66,1
256.0,3
21.3,2
1.98,7
265.0,1
267.0,1
38.37,1
358.64,1
285.0,1
288.0,2
290.0,1
7.4662296,1
300.0,21
303.0,1
322.0,1
325.0,1
327.0,1
330.0,1
44.7351479,1
113.88,1
345.0,1
65.8199999,1
350.0,6
128.1,1
33.25,2
356.0,1
6.3099999,3
370.0,1
10.95,2
51.6999999,1
380.0,1
48.56,3
384.0,4
40.86,2
390.0,1
400.0,20
42.2099999,2
12.59,1
409.0,1
18.37,3
412.0,1
49.6,1
10.1199999,2
439.0,1
11.05,1
3.5779084,1
450.0,2
464.0,3
2908.17,1
10.3799999,1
480.0,3
46.67,1
484.0,1
24.4579084,1
499.0,1
500.0,31
45.54,3
505.0,3
100.054479,1
47.7799999,1
33.95,2
525.0,1
45.0896764,1
49.9,3
37.18,1
20.8396764,1
40.82,1
28.68,1
570.0,1
95.0,1
97.81,1
352.12,1
17.81,1
99.0,1
612.0,1
47.2279084,1
10.4,2
186.03,6
43.9499999,1
591.8,1
2.17,3
649.0,1
650.0,1
22.52,2
655.0,1
675.0,1
34.23,2
21.4196764,1
700.0,6
701.0,1
4.8296764,1
8.28,2
13.1,1
19.39,1
32.36,2
16.63,2
29.03,1
734.0,1
38.92,2
750.0,2
24.5899999,1
8.54,1
14.5799999,1
19.91,5
29.55,1
20.35,1
2.3899999,1
100.36,4
48.71,1
800.0,2
42.6,1
47.8799999,2
136.1499999,1
171.51,4
830.0,1
840.0,1
42.37,2
48.9199999,1
7900.92,1
1.55,2
49.75,2
20.06,1
29.7,1
4.76,4
23.34,1
36.1999999,2
16.98,2
40.26,3
1.8279084,1
900.0,6
136.23,2
22.5099999,1
30.22,1
4.47,4
20.26,2
46.82,3
930.0,1
34.1,2
584.3399999,2
45.9899999,1
50.05,15
6.88,1
5.29,1
7.7,1
0.79,5
984.0,1
990.0,1
1000.0,20
48.7,3
46.06,2
110.91,1
4.5799999,1
1.5,14
17.65,2
40.96,1
2.34,6
27.29,1
13.87,4
12.07,1
20.93,1
35.44,1
10.69,1
26.4599999,2
47.52,1
3.06,3
5.6599999,1
8.2199999,2
47.0199999,1
17.85,1
9.15,1
67.8999999,1
32.51,1
3.95,3
0.6699999,3
100.29,1
26.0596764,1
1200.0,1
42.3,1
42.61,1
93.46,1
160.8,1
205.0,1
31.24,1
27.64,1
24.88,1
123.44,1
13.26,1
30.92,3
1.41,5
1260.0,1
350.12,1
35.3099999,2
14.61,1
18.52,4
28.16,2
39.1599999,1
31.44,2
3.1999999,2
1.82,3
45.93,2
12.7609999,1
1.62,3
2.2201,1
40.41,1
1.25,5
43.94,2
1350.0,1
33.4199999,1
0.08,53
4.23,2
28.2806374,1
28.31,1
104.84,1
21.95,2
11.2,1
1400.0,1
25.23,1
49.56,1
423.2,1
36.84,1
0.15,28
8.02,1
28.83,3
12.84,2
22.47,1
44.04,3
9.66,1
16.11,2
14.48,1
32.61,1
41.9899999,2
25.98,1
34.55,2
10.3699999,2
4.29,1
41.11,1
25.4,2
1500.0,4
1507.0,1
1510.0,1
145.19,1
1525.0,1
37.79,1
34.95,1
1545.0,1
250.02,1
38.18,1
1565.0,1
3.31,3
7.39,1
5.8,1
1585.0,1
4.21,2
5.4,5
29.18,2
44.74,1
22.82,1
32.02,1
1605.0,1
43.9099999,1
65.39,5
7.52,3
5.03,4
7.44,4
21.9899999,1
26.1,2
17.3,1
1655.0,1
54.53,1
300.2199999,1
49.01,3
41.81,1
6.75,6
1670.0,1
40.79,3
36.29,2
3.0179084,1
3.45,3
68.96,1
9.92,1
250.29,1
88.8999999,1
161.4599999,1
8.53,2
13.35,1
19.2279084,1
46.08,1
19.89,2
33.36,1
14.99,2
17.13,2
29.53,1
39.92,2
40.8796764,1
26.77,1
10.43,2
650.01,1
11.8699999,1
43.15,1
11.1399999,1
49.71,2
15.25,1
101.94,1
2.68,1
12.8799999,1
200.22,1
44.19,2
86.58,1
100.0402,1
15.19,3
1880.0,1
32.16,1
25.91,3
50.75,1
445.26,1
20.56,1
110.49,1
30.2,1
23.84,1
1911.0,1
46.78,2
17.48,1
41.26,1
1930.0,1
4.82,1
30.72,1
27.12,1
24.36,3
1950.0,1
20.76,1
190.03,1
6.4596764,1
1970.0,1
51.05,1
1975.0,1
1.08,7
2000.0,1
45.8099999,1
3.25,1
44.89,2
6.0299999,2
3.0799999,2
49.85,3
2.75,4
48.12,2
67.87,2
165.32,3
18.15,1
1.6499243,1
107.56,1
1.3899999,4
7.68,2
41.1299999,1
14.12,1
12.32,1
21.43,3
26.52,2
10.94,1
9.14,1
31.07,1
13.96,2
24.71,2
43.3379083,1
8.4699999,2
13.2899999,2
18.35,1
9.4,2
14.22,1
31.2809999,1
46.23,1
39.03,5
33.51,2
48.7299999,2
24.44,1
40.07,1
67.9,1
2.1599999,1
184.08,1
0.2137148,1
99.22,1
48.3999999,1
504.85,1
28.14,1
49.86,3
7.2099999,1
25.38,3
21.78,2
37.14,1
31.42,3
56.42,1
0.0308103,1
7.26,1
21.0799999,2
290.39,1
19.02,2
4.08,3
28.66,1
6.49,2
31.8596764,1
31.94,1
1.3296764,1
8.48,4
46.93,2
195.25,2
43.4,4
33.3799999,1
47.97,2
325.25,1
40.77,1
79.9799999,1
41.5179084,1
35.25,1
0.7799999,1
49.45,1
22.45,1
11.45,1
127.6,3
38.48,1
37.84,1
0.3,35
11.5499999,1
8.27,1
29.33,1
3.6999999,1
22.97,3
19.37,1
45.04,3
9.91,1
29.01,1
588.4,1
35.55,1
10.6199999,2
151.22,1
322.89,1
2500.0,1
37.09,1
108.97,2
38.07,1
42.11,3
10.8799999,1
48.67,2
47.8399999,1
21.14,1
13.7709999,1
35.95,2
199.11,1
281.38,1
26.7599999,1
26.4,5
39.18,2
20.04,2
16.5999999,1
29.68,1
48.4079083,1
23.32,1
33.02,2
16.96,1
39.55,1
696.53,1
20.43,1
1.12,8
29.53625,1
41.35,1
19.03,1
149.7,3
50.01,39
33.2299999,1
42.81,1
30.3899999,1
101.58,1
63.13,1
25.11,1
184.17,2
13.62,3
23.71,2
8.78,1
107.1346863,1
47.08,1
100.4799999,1
20.39,1
34.36,1
15.24,2
17.63,2
21.67,1
53.64,1
144.21,1
40.92,2
33.4,1
9.04,1
13.86,2
10.68,1
8.88,2
1835.02,1
30.55,1
12383.03,1
8.2099999,1
49.8799999,1
2053.27,1
45.19,2
34.1796764,1
47.5999999,1
339.5399999,2
21.06,3
0.3072395,1
38.1999999,1
47.78,4
43.64,2
35.06,3
0.04,122
5.41,1
27.62,1
7.82,1
15.26,1
21.26,1
48.82,2
19.4579084,1
343.71,1
21.9379084,1
16.2479084,1
3000.0,1
18.5,1
7.95,1
2.91,1
17.6699999,1
44.1696764,1
39.33,1
45.89,3
33.17,1
4.75,4
36.4,3
18.65,2
42.96,2
29.13,2
85.45,4
9.36,2
2.05,3
28.29,1
14.37,1
12.57,2
101.11,2
11.19,1
23.2697,1
31.57,1
56.72,1
300.18,1
16.26,2
8.7199999,1
37.8396764,1
8.9979084,1
14.47,1
615.96,1
40.03,4
34.51,2
5.3396764,1
130.41,1
41.07,1
0.3596764,1
47.63,3
44.3,3
31.15625,1
71.89,1
9.34,1
615.7,1
5.1999999,1
25.88,1
22.28,2
31.92,3
18.2076299,1
37.3099999,1
202.4699999,1
29.16,2
22.8,2
1.1099999,1
208.34,1
47.93,1
1.71,3
35.21,2
34.19,1
36.3779083,1
42.41,1
48.97,5
317.5,1
41.77,1
10327.8699999,1
0.32,13
29.31,2
22.95,1
11.7,3
16.59,3
32.28,1
26.23,1
38.84,2
0.85,5
212.73,3
8.52,4
13.34,1
23.47,1
46.04,2
10.16,2
17.11,2
29.51,2
33.32,3
14.98,1
432.73,1
46.8399999,2
3500.0,1
505.36,1
4.3399999,1
16.2799999,1
0.0699999,4
250.1,1
45.88,1
29.6296764,1
400.1726012,1
3.98,2
1.00001,1
48.8399999,2
39.0896764,1
36.95,4
33.62,1
4.3699999,1
26.9,2
250.27,3
78.56,1
78.8099999,1
0.2101,1
33.3079084,1
0.4526744,1
30.94,2
20.54,1
4.46,1
30.18,1
6.87,2
23.82,4
17.46,3
0.8899999,1
45.9099999,2
7.77,1
6.18,3
5.28,4
4.59,2
7.69,2
25.4199999,2
125.45,2
46.9499999,2
10.6299999,2
51.01,1
43.81,2
41.71,1
226.16,1
37.4599999,1
0.94,8
0.58,4
44.85,3
32.13,2
351.84,1
37.03,1
44.0199999,1
100.48,2
6.24,1
49.0899999,1
13.85,1
2.7699999,1
35.36,2
18.13,2
30.53,1
0.1206374,1
323.83,1
41.92,1
2.78,1
45.43,4
14.11,1
12.31,2
27.77,2
10.93,1
2.74,1
1.3599999,1
43.59,2
45.15,1
25.25,1
32.43,2
14.0308859,1
15.75,2
31.31,1
128.47,1
46.19,1
0.2379084,1
38.99,1
33.47,1
70.03,1
129.3,1
21.56,1
5.8096764,1
31.2,3
24.84,2
39.1999999,1
18.48,4
43.26,2
36.06,1
406.0299999,1
22.08,1
37.6379084,1
31.72,1
28.12,3
85.03,1
25.36,2
49.82,1
303.96,1
1.44,4
36.2699999,1
7.57,2
40.33,1
3.2599999,1
15.8,1
34.17,3
46.0599999,1
12.25,2
50.12,3
37.4,1
129.57,1
0.8296764,1
43.96,1
0.0747148,1
31.22,1
28.79,1
12.82,2
22.43,1
38.44,2
11.44,3
9.64,2
322.6099999,1
186.4,1
25.71,2
105.31,1
44.1699999,1
13.08,2
0.6,22
28.4799999,1
9.9,2
14.72,1
85.58,7
35.51,2
47.59,3
4.5796764,1
27.2679084,1
101.0399999,1
42.07,1
48.63,1
44.98,1
5.0199999,5
39.9596764,1
45.3,1
9.5399999,3
10.0499999,1
5.1,6
32.58,4
16.74,2
29.14,2
26.38,2
22.78,2
39.14,1
16.42,3
134.67,1
48.7699999,1
7.51,2
5.92,2
4.33,3
29.66,1
6.74,1
45.7,2
16.94,1
100.1468127,1
36.21,2
5.15,1
33.6299999,1
263.68,6
19.6699999,1
43.41,1
49.97,2
0.34,6
38.67,1
3.5199999,1
36.4199999,1
168.6,1
0.89,2
4.3999999,1
29.81,2
6.8099999,1
23.45,1
40.48,1
39.84,3
1.2,15
897.27,1
28.93,1
2.65,3
30.33,2
13.59,1
23.97,1
20.37,1
31.5899999,1
30.01,1
34.32,2
15.23,1
3.51,3
37.55,3
11.1199999,1
3.47,5
27.25,2
31.8899999,2
565.67,1
720.72,1
164.6299999,1
44.11,1
1.68,5
1.3299999,1
8.5799999,1
11.42,3
87.51,1
37.95,1
147.36,2
34.62,3
49.4179083,1
27.4,2
41.18,1
21.3499999,1
194.1099999,1
21.04,2
339.54,3
30.68,1
141.7,4
47.74,1
64.06,1
35.02,1
616.44,1
46.9099999,1
50.1506374,1
1.58,3
27.6,3
61.5,1
3.1399999,1
157.4,1
0.6196764,1
1.01,16
37.31,2
44.81,1
32.09,1
12.9879084,1
351.07,1
50.02,25
45.85,1
33.13,1
694.18,1
21.1699999,1
0.51,8
24.7400999,1
1550.05,1
21.3996764,1
2.07,4
14.1,3
49.08,4
10.92,1
21.39,2
36.36,1
18.63,2
31.03,1
284.08,1
188.46,1
42.92,2
14.36,2
12.56,1
28.27,1
11.18,1
101.03,1
31.55,1
38.22,4
46.15,2
100.61,1
33.43,1
11945.2,1
47.19,1
34.47,1
48.8899999,1
243.63,1
85.5699999,1
343.94,1
22.06,3
49.78,3
28.43,2
47.16,1
23.5099999,1
144.73,1
6.56,1
5.66,3
16.22,1
4.97,4
4.07,5
25.86,1
22.26,2
6.48,2
928.7,1
49.9899999,1
7.38,2
161.56,2
5.79,3
19.5,4
4.2,4
10.39,3
6.61,1
41.33,3
47.89,1
25.55,2
47.0599999,3
105.16,1
72.41,1
29.25,1
29.0906374,1
38.4,2
19.65,3
0.1699999,5
44.96,2
25.07,1
100.0017719,1
37.19,2
4.2699999,3
2.516862,1
29.29,1
39.44,1
11.69,2
16.57,1
1.75,5
31.4679084,1
6.31,3
3.38,2
12.3999999,1
0.0699243,1
8.51,3
13.33,1
19.85,2
14.97,2
95.051978,1
32.4499999,1
71.22,1
36.51,2
2.2,5
46.7299999,1
130.66,3
718.91,2
22.32,2
34.77,1
25.9201,1
101.33,1
33.46,3
113.71,1
176.1699999,2
33.58,1
133.07,1
29.64,2
26.88,2
23.28,2
40.14,1
16.92,3
11.6196764,1
1.74,3
20.52,4
30.16,2
19.6899999,1
23.8,1
42.1096764,1
100.1399999,2
17.44,2
11.2899999,1
0.92,7
49.93,3
37.21,2
431.6799999,1
0.0437148,1
2.96,3
0.9999999,1
36.3799999,1
42.4199999,1
44.41,1
198.5799999,1
0.4172395,1
43.77,1
0.68,2
2.09,5
1.28,3
30.0479084,1
30.31,2
29.6079084,1
123.09,1
23.95,1
22.2879084,1
17.59,1
2.4,10
350.27,1
47.2099999,1
44.2496764,1
13.84,2
24.47,1
48.04,3
10.66,2
18.11,3
30.51,4
35.32,2
15.48,3
30.67,2
129.2699999,1
34.4899999,1
38.55,2
11.3699999,1
0.0222143,1
27.75,1
550.17,1
11.6299999,1
32.39,3
31.65,1
5.84,1
4.3720722,1
633.49,1
1.57,3
35.62,1
54.9,1
27.9,4
138.52,4
46.54,2
42.18,2
15.6679084,1
50.0196764,1
7.89,1
6.3,5
21.54,4
4.71,3
7.12,3
48.74,1
43.22,1
36.02,1
47.9099999,1
89.64,1
4.02,2
6.43,1
4.84,5
7.94,2
23.9899999,1
28.1,3
280.05,1
13.2999999,2
65.66,1
33.73,1
7.25,1
41.01,1
12.1199999,1
33.09,1
45.5201,1
324.06,1
40.29,2
4.09,1
46.0199999,1
14.35,1
34.7299999,1
50.08,3
15.99,3
31.53,2
100.44,1
5.7299999,1
48.4579083,1
2.11,4
47.6599999,1
22.41,2
16.05,2
21.5799999,1
2.52,3
0.35,14
49.6999999,1
110.19,1
2.93,2
52.7,1
2.0999999,3
172.72,2
48.19,2
40.99,2
35.47,1
20.445,1
15.9979084,1
22.56,1
16.2,2
25.84,1
3.6,6
13.77,1
48.43,1
16.72,6
29.12,1
26.36,1
260.98,1
29.6696764,1
514.29,1
55.05,1
1.356862,1
1.31,5
27.53,1
2.1799999,2
17.9399999,1
48.89,2
36.17,1
49.6379084,1
40.25,2
35.3399999,1
50.25,1
19.18,1
100.12,13
39.4,4
20.15,2
45.96,2
28.0899999,1
121.88,3
29.79,4
15.12,1
13.32,3
23.43,1
40.44,2
11.94,3
33.24,3
10.14,5
182.65,1
27.4951479,1
8.76,2
6.62,2
20.4199999,1
33.4499999,1
43.03,3
37.51,1
41.0199999,2
162.1,2
44.07,1
48.2099999,1
43.2399999,2
47.3,3
356.32,1
32.8579084,1
10.25,1
5.35,2
34.58,1
327.91,1
30.14,2
27.38,1
23.78,1
41.14,1
39.25,4
7.76,2
6.17,3
21.02,1
30.66,3
6.99,2
24.3,3
3.8396764,1
44.37,1
17.72,1
100.06,40
38.21,1
171.75,1
3.33,2
172.65,1
35.6579083,1
32.69,1
1.86,5
2.99,4
4.4779084,1
24.1379084,1
2.81,2
4.6499999,1
30.81,2
34.2699999,1
24.45,3
18.09,1
35.28,2
4.3499999,1
0.5801,1
256.45,1
5.55,8
610.27,1
3.57,4
9.27,1
31.33,1
17.2599999,1
24.97,2
49.04,2
10.91,1
18.61,2
31.01,2
36.32,1
42.88,2
51.3335854,1
2.84,3
2.39,5
50.094694,1
12.55,1
13.6296764,1
9.7899999,1
46.11,1
33.39,2
4.94,1
12.33,3
2.4499999,2
45.8,1
39.95,1
239.61,1
36.62,2
28.4,2
381.97,1
22.04,2
37.66,1
300.04,1
31.68,5
49.74,1
25.32,4
44.22,2
18.96,1
48.9099999,3
1.04,13
20.8079084,1
98.8999999,1
24.4899999,2
21.1,2
700.6,1
43.62,3
1.47,5
34.73,1
59.53,1
37.2299999,1
34.2008859,1
24.67,1
5188.87,1
11.2099999,1
41.29,2
67.77,1
36.49,1
47.85,1
11.6296764,1
31.16,1
4.4,3
9.78,2
5.71,1
14.6,2
51.08,1
29.84,3
22.39,2
38.36,2
8.24,3
0.195,1
188.71,1
44.92,1
14.86,2
13.06,4
29.27,1
11.68,3
22.91,2
32.2,1
18.1172448,1
22.0799999,1
26.19,3
45.4499999,1
3.0099999,5
35.43,1
12.3899999,1
4.1099999,1
0.7,18
49.19,1
36.47,3
251.88,1
75.15,1
41.1599999,1
55.75,2
8.3799999,1
294.51,1
16.7,1
26.34,1
42.1999999,1
19.98,1
39.06,1
204.08,3
176.98,5
23.58,2
5.91,3
17.22,1
5.22,2
29.62,1
26.86,2
0.8406374,1
6.73,3
59.38,1
10.89,1
39.2699999,2
7.63,1
6.04,1
4.45,1
38.06,2
6.86,3
12.4196764,1
43.33,2
101.85,1
49.89,3
19.3699999,1
37.17,3
49.0599999,1
36.3399999,2
5.8701,1
125.25,1
40.4,3
80.47,1
20.65,2
11.4799999,1
46.96,1
105.7,1
136.51,1
3.1199999,1
4.5199999,4
2.3,2
30.29,2
15.37,2
35.0199999,2
23.93,4
41.44,1
12.19,4
17.57,2
15.21,3
102.7599999,1
15.2579084,1
33.4099999,1
2.71,7
936.83,1
47.04,1
3.12,3
22.2999999,1
18.5099999,1
44.03,2
75.22,1
38.51,3
31.4396764,1
250.91,4
45.07,1
43.89,1
44.2399999,1
48.3,3
35.4279084,1
18.24,1
30.64,1
27.88,6
24.28,1
42.14,2
101.22,1
17.92,1
61.42,1
21.52,1
345.27,1
98.25,1
910.91,1
20.6899999,2
24.8,3
200.84,1
32.65,1
277.7799999,2
1.61,1
48.57,1
256.43,1
31.96,3
318.5,1
2.22,2
93.33,1
21.4399999,1
5.37,5
18.9199999,1
200.01,3
12.7,2
18.59,1
28.23,1
42.84,2
12.6,4
10.46,3
9.52,2
31.83,1
177.85,1
17.7599999,1
25.47,3
50.04,20
11.16,2
19.11,1
37.32,3
15.98,2
43.88,3
40.55,1
0.84,12
28.75,3
567.17,1
47.11,1
12.1299999,1
34.39,1
70.18,1
197.94,8
39.07,1
35.2908859,1
206.47,1
506.63,1
37.62,4
65.35,1
38.28,1
4.14,5
6.55,1
4.96,2
340.29,1
16.18,3
7.37,2
19.46,1
6.5699999,1
49.9099999,4
44.8099999,1
184.5499999,2
6.68,2
5.78,1
5.09,2
155.87,1
24.9899999,1
4.2299999,3
29.1,2
21.35,1
28.6962296,1
47.81,1
7.5,4
35.09,1
34.2399999,1
0.3899999,2
19.53,1
2.16,1
41.4599999,1
99.77,1
48.85,1
36.13,2
48.0199999,2
36.5396764,1
26.49,1
22.89,1
8.49,2
0.39,8
45.92,1
28.32,2
10.29,1
2.58,2
15.11,2
0.99,19
33.2,1
22.5799999,2
100.03,1
36.43,4
12.6399999,1
1.4,12
3.85,3
5.98,4
31.3879084,1
128.97,1
42.99,2
37.47,1
18.6496764,1
0.91,2
14.34,1
38.3296764,1
610.75,1
129.8,1
17.2,1
3000.02,1
26.84,1
20.48,1
47.26,2
24.08,1
30.12,2
34.54,2
27.36,1
23.76,1
0.1808859,1
9.4899999,1
35.73,1
707.29,1
57.05,1
40.2699999,1
1.77,2
100.37,2
44.83,1
44.33,1
9.1199999,4
50.89,1
38.17,3
0.0909999,1
7.15,3
178.5,1
150.07,1
21.15,1
47.96,1
362.52,1
47.1299999,1
97.99,1
30.79,2
55.16,1
15.62,2
13.82,1
24.43,1
42.44,1
12.44,2
35.24,1
10.64,1
23.5999999,1
27.71,1
9.6399999,2
0.355,1
99.7899999,1
9.26,3
14.08,1
30.4799999,1
10.9,1
15.72,1
55.52,1
69.83,1
175.8599999,1
39.51,1
1.9899999,1
21.355,1
3.54,4
32.5199999,1
5.6,1
28.38,1
261.0899999,1
46.4799999,2
18.42,2
22.02,1
31.66,3
7.24,3
49.7,2
25.3,1
40.21,1
4.19,2
49.7549999,1
9.2679084,1
47.41,1
0.575,1
46.77,2
6.44,1
36.795,1
100.38,1
32.79,2
161.1,1
10.99,4
27.8496764,1
20.7096764,1
31.81,2
12.95,2
19.09,1
28.73,1
28.95,3
2.9,2
137.93,1
14.59,1
25.97,1
130.97,1
5.7899999,1
38.32,1
44.88,2
3.76,2
41.55,2
3.72,2
48.11,3
67.76,1
618.99,1
41.95,1
29.4,2
0.435,1
45.18,3
32.46,1
32.07,2
23.04,3
22.4599999,1
526.31,1
51.74,1
26.32,1
46.22,2
100.0639999,1
44.6999999,1
2.5299999,2
20.13,6
29.6,2
33.5,2
3702.4,1
36.73,1
1.34,2
18.9296764,1
404.81,1
42.4599999,1
43.29,1
21.8096764,1
37.13,1
5.3099999,2
1.13,2
0.7150763,1
15.1,3
11.92,2
23.39,1
40.36,5
8.74,2
20.63,3
0.53,11
467.42,1
168.96,1
15.36,3
13.56,2
12.18,2
10.38,2
1.23,8
17.55,2
27.19,1
74.86,1
2.55,7
37.5999999,2
4.3599999,1
105.8199999,1
38.62,1
27.4801,1
17.7,1
27.34,1
60.98,1
20.98,2
41.06,1
233.23,1
18.22,1
0.86,1
9.6299999,1
4.57,2
24.26,1
6.98,4
100.3799999,1
515.3399999,1
250.06,2
6.29,3
21.5,1
233.24,1
7.11,2
33.31,1
103.41,1
421.25,1
19.4,1
21.65,1
48.96,2
106.2599999,1
16.9179083,1
11.82,3
15.87,1
24.93,4
43.44,1
12.69,1
36.24,2
18.57,1
15.71,1
28.21,2
12.3799999,1
39.77,2
9.51,2
49.2699999,1
14.33,2
24.2099999,1
21.85,1
11.15,1
14.8209999,1
24.2999999,1
0.11,24
40.51,1
1.95,5
120.79,1
0.21,20
47.07,3
37.8499999,1
34.35,2
49.13625,1
16.75,1
19.24,1
28.88,1
24.1596764,1
1.66,6
22.68,3
25.8,3
161.09,1
47.37,1
49.7699999,1
34.65,1
41.21,1
9.3999999,1
35.69,1
12.88,1
143.5199999,1
0.52,8
26.73,1
16.31,1
10.4199999,1
13.2,2
19.59,2
100.0302958,1
47.8199999,1
29.23,2
32.76,6
47.9799999,3
49.65,1
10.02,4
18.7599999,1
26.47,2
22.87,1
20.11,2
48.86,4
184.1699999,1
49.11,3
0.034694,2
2.8499999,3
3.86,5
42.95,1
192.8396,1
15.2779084,1
39.62,3
29.9,1
563.77,1
46.18,1
28.8479084,1
4.39,2
6.8,2
29.4396764,1
1630.0,1
17.18,1
7.62,2
16.0999999,1
26.82,1
47.22,2
40.02,3
20.46,1
20.7296764,1
89.89,1
4.52,1
6.03,3
5.34,6
25.9899999,2
30.1,3
34.5,1
40.2299999,1
49.81,1
7.75,3
24.37,1
38.5079084,1
22.3096764,1
29.98,3
34.8,1
50.0199999,2
16.3299999,2
179.29,1
10.53,2
27.49,1
41.36,5
8.99,4
1.27,3
1.81,2
27.17,3
47.92,1
0.0237148,1
6.14,3
6.2299999,3
47.0899999,1
2.36,1
30.77,1
12.43,1
45.79,1
2.46,5
35.2,1
18.05,1
27.69,4
37.72,1
10000.0,1
38.43,3
22.2299999,1
13.1399999,1
4.6,1
96.44,1
3.18,1
66.61,2
2.9699999,2
13.2399999,1
45.41,1
250.05,1
24.56,2
122.99,1
27.84,3
21.48,2
32.4799999,1
42.06,1
19.4399999,1
25.08,1
18.72,3
31.12,1
43.1,3
0.93,10
429.98,1
2.4299999,2
44.0599999,2
33.61,1
40.17,2
1000.01,1
37.5509999,1
50.1,6
1005.5,1
36.3899999,1
49.96,2
4.2399999,1
35.9079083,1
4.36,2
31.79,3
12.94,1
89.67,1
147.15,1
36.4099999,2
9.76,2
14.58,2
2.25,8
22.35,3
11.4,1
8.22,2
9.12,2
187.64,1
181.7999999,1
47.03,2
0.22,15
41.51,1
34.31,1
42.9099999,2
73.4599999,1
0.42,6
48.07,3
0.6899999,5
51.3,1
21.4396764,1
99.01,1
38.58,3
288.91,1
3.75,3
16.14,3
29.38,1
25.78,1
45.14,4
19.42,1
28.4779084,1
110.92,1
4.26,2
6.67,2
23.02,1
5.08,1
7.49,2
51.7,1
26.3,2
12.08,3
42.21,1
192.25,1
42.65,1
39.6396764,1
125.05,1
1.59,4
343.25,1
31.51,3
9.5809999,1
4.17,8
3.5501,1
229.35,1
48.46,1
16.81,1
39.28,2
33.76,4
48.9799999,3
100.3,4
46.6999999,2
3.82,2
2.23,2
15.09,3
11.91,1
20.61,1
17.01,1
8.73,2
36.1296764,1
46.88,2
451.11,1
3.09,4
13.55,1
50.1406374,1
37.34,3
50.11,2
3.5,6
20.41,1
43.95,2
259.38,1
32.03,3
30.4,1
2.64,2
86.2099999,1
70.99,1
24.04,3
17.68,1
186.45,1
27.32,1
41.02,1
20.96,2
1.39,1
294.19,1
26.4899999,1
35.5,1
14.1596764,1
143.28,4
181.7,1
50.81,2
1.8,3
16.3279083,1
32.57,1
11.6399999,1
39.13,3
35.8,3
12.93,1
10.78,1
15.6,4
42.3309999,1
12.42,2
24.39,1
42.36,2
9.24,2
21.63,2
3.37,2
48.92,1
13.7879084,1
11.04,1
48.0899999,1
15.86,4
14.06,1
31.27,2
36.8162499,1
12.68,1
6.42,2
18.55,1
0.3551479,1
28.19,3
27.2562296,1
43.9096764,1
8.95,1
17.2496764,1
33.91,1
45.99,1
40.47,2
604.8399999,1
47.55,1
38.8499999,1
449.44,1
25.06,2
38.0479084,1
37.89,2
43.06,1
185.48,1
36.7099999,1
6.41,1
19.22,2
5.72,3
31.62,1
37.54,2
28.86,2
36.57,1
25.26,2
4.7,2
44.1,2
22.54,1
43.2699999,2
4.13,2
150.31,1
6.54,3
22.5,2
4.95,2
633.46,1
5.8699999,1
47.33,1
34.61,2
41.17,2
8.86,1
40.3399999,1
12.4099999,1
37.1299999,2
44.4,2
22.65,1
2.9099999,1
45.8751479,1
81.95,2
19.68,3
180.24,1
45.44,1
202.1799999,1
25.0999999,1
8.21,1
29.21,2
37.4099999,1
91.27,1
0.23,21
10.01,2
14.83,1
11.65,1
8.47,2
9.33,1
38.4499999,2
48.03,1
0.44,12
4.0199999,2
35.31,2
75.1417927,1
11.24,1
2.5996764,1
203.41,1
81.4599999,1
49.07,1
36.35,1
39.58,1
20.24,1
16.64,2
29.88,2
26.28,3
10.5,4
19.92,2
44.9299999,1
32.5899999,1
100.4804,1
5.43,4
23.52,2
90.5,5
4.1199999,1
20.44,2
49.37,3
36.65,1
1.96,5
99.02,1
42.3799999,1
37.44,3
37.69,1
49.77,1
38.77,1
24.0999999,1
131.84,1
100.42,2
7.23,1
17.31,1
100.0399999,10
26.95,1
100.0099999,1
10.2199999,2
47.48,1
40.28,2
34.76,2
49.9799999,3
158.08,1
46.84,2
149.1,1
1000.4265456,1
0.7999999,5
10.52,1
15.34,1
27.47,3
12.16,1
21.11,1
17.51,1
8.98,1
43.0899999,1
39.6996764,1
621.04,1
19.1199999,1
848.69,1
12.8699999,1
4.9399999,1
13.8,1
46.13,1
100.43,1
190.44,1
37.61,3
100.1758168,1
1.5899999,4
44.95,1
18.66,2
11.0499999,2
30.9,1
163.27,2
48.18,1
113.6,1
35.46,1
4.64,2
24.54,2
42.66,3
18.18,2
7.87,1
27.82,1
49.22,3
42.02,1
36.44,2
7.18,2
6.28,1
5.59,1
4.69,1
31.1,2
36.5,1
149.93,1
0.5363,1
32.53,2
59.01,1
42.2299999,1
126.75,1
15.85,1
12.67,1
28.49,1
24.89,2
43.36,3
9.49,1
22.13,1
7.74,3
49.92,3
10.55,1
92.11,2
34.68,2
8.11,3
14.31,1
31.77,2
9.59,2
37.2,2
19.05,1
24.5799999,1
28.69,1
53.15,1
3.69,3
24.9,2
2.1,4
2.79,5
34.91,2
169.47,6
70.61,1
46.99,1
41.47,3
13.4196764,1
39.8,2
132.9199999,1
25.56,2
19.2,2
28.84,1
319.5299999,2
411.35,1
26.08,1
16.12,1
38.54,3
29.36,2
25.76,1
57.82,1
26.91,1
45.1,1
4.4399999,2
32.38,2
7.59,1
3.3299999,2
61.05,3
44.2699999,1
37.4899999,1
6.4094999,1
152.1399999,1
16.78,4
48.33,3
35.61,1
22.6379084,1
96.94,1
41.3399999,2
35.9496764,1
18.9399999,2
21.2399999,2
23.15,1
32.68,1
16.79,1
14.82,1
46.44,1
13.44,3
11.64,2
33.72,2
207.4,1
29.71,4
204.0799999,1
0.335,1
10.26,4
19.2399999,1
300.1802,1
38.33,3
100.0793529,1
100.08,34
0.88,3
43.51,1
22.7999999,1
0.1009999,1
87.81,1
1.93,2
50.07,5
37.35,1
45.23,1
4.7496764,1
49.2399999,1
25.2,2
1.1399999,2
20.74,1
17.14,1
59.86,1
30.38,1
26.78,2
47.14,1
20.42,4
34.42,1
9.4199999,1
4.51,2
6.92,1
5.33,3
3.3499999,2
103.22,10
9.476862,1
16.8299999,1
20.94,1
3.41,6
37.65,1
48.8799999,2
11.9401,1
38.69,1
102.79,1
3.0199999,1
46.92,2
84.63,1
32.9079083,1
161.59,1
5.3999999,4
491.186,1
13.95,1
95.16,1
21.09,1
41.28,4
35.76,2
257.95,1
3.15,3
20.2599999,1
3.56,1
12.41,1
21.61,2
102.01,1
48.88,3
45.55,3
2.42,1
3.97,4
11.5799999,1
13.2979084,1
12.0499999,1
100.4599999,1
49.4699999,1
32.83,6
39.39,1
24.78,1
58.67,1
48.31,1
122.01,1
168.36,1
27.5196764,1
31.4,3
1.3396764,1
49.18,2
36.46,1
36.72,1
2.3496764,1
35.6299999,1
25.04,2
43.66,2
18.68,2
51.0138567,1
172.62,1
112.56,1
50.22,3
21.96,2
40.8996764,1
98.3699999,1
49.0879084,1
1.83,5
31.6,1
37.5,1
187.53,1
43.2299999,1
36.87,1
47.29,1
34.57,3
53.85,1
41.13,1
20.03,2
37.8,4
11.28,3
100.05,2
8.1,3
12.92,1
28.99,1
25.39,3
9.74,1
22.63,3
11.23,4
36.0396764,1
174.4,1
0.95,10
50.0899999,1
13.18,1
24.18,2
19.55,3
42.47,1
25.0799999,4
29.19,1
34.87,1
113.11,2
41.43,2
47.05,3
55.19,1
47.99,1
20.83,1
100.0699999,2
48.745,1
61.75,1
40.3096764,1
26.06,2
16.68,3
9.4279084,1
19.7,1
29.34,2
32.98,1
22.98,3
35.4799999,1
45.06,3
26.58,1
7.56,2
523.67,1
6.66,2
20.22,2
5.97,2
16.62,1
5.07,3
29.86,1
46.1,2
7.1279084,1
6.79,1
23.5,3
5.2,2
7.61,2
22.6699999,1
36.61,2
15.76,2
43.17,2
81.66,1
42.3399999,1
76.7715769,1
46.4,1
23.65,2
8.3,1
5.2699999,2
25.279,1
13.6796764,1
8.87,1
15.07,1
47.44,1
40.24,1
11.89,1
20.57,1
34.72,1
39.4099999,2
3.88,2
0.67,5
16.336862,1
301.8,1
288.8499999,1
0.71,4
50.03,34
1.51,6
44.51,2
2.7,3
2.9779084,1
1.6669661,1
125.04,2
3.61,1
0.07,21
40.71,2
98.21,1
41.58,2
21.24,1
17.64,2
41.4896764,1
48.14,4
20.92,2
47.3099999,1
34.5899999,1
24.52,1
18.16,1
21.45,1
27.8,2
17.3299999,1
38.65,3
45.21,2
7.4599999,1
16.1896764,1
361.93,1
602.18,1
48.6699999,1
39.69,3
32.49,1
202.83,1
1.9,12
290.68,1
18.31,2
27.95,4
14.2,1
21.59,1
32.6999999,2
31.23,1
36.76,3
639.4,1
15.84,4
12.66,2
22.11,1
188.81,1
9.48,2
19.795,1
49.88,4
4.9,1
13.3699999,2
14.3,1
31.75,2
1909.99,1
40.5101,1
33.83,1
42.3099999,2
0.3409999,1
40.39,2
39.5599999,2
46.95,1
22.3596764,1
7.3779084,1
31.9,1
50.18,1
49.8099999,1
4.89,2
7.3,2
25.54,2
44.66,1
0.87,9
0.47,3
4.12,1
402.4699999,1
41.6979083,1
44.02,1
5.2299999,2
22.46,1
400.06,1
100.14,8
133.48,1
1.0279084,1
5.02,2
350.152974,1
6.53,1
2.59,3
160.62,2
16.1,2
38.5,1
41.73,1
263.99,1
4.25,3
50.26,2
41.09,2
47.4599999,1
27.06,2
48.29,2
36.6079084,1
5.7799999,1
4.1899999,1
42.13,1
13.8079084,1
38.8,2
32.0155238,1
282.89,1
11.53,1
8.35,2
13.17,1
29.49,1
9.99,11
27.46,1
32.64,1
29.17,1
27.5396764,1
1.0596764,1
8.61,2
2.61,4
14.81,1
16.77,2
41.9099999,2
13.43,2
32.86,1
337.92,1
20.05,3
25.5799999,1
29.69,1
793.6199999,1
3.02,4
64.85,1
120.69,1
49.95,2
100.1999999,2
36.91,2
41.1279084,1
48.99,2
36.27,2
17.07,1
26.56,1
20.2,1
49.1999999,1
23.48,1
507.85,1
352.5299999,1
1.15,3
27.08,2
21.0299999,1
17.12,1
40.54,5
37.01,2
30.36,2
26.76,2
76.9799999,1
34.38,2
15.83,1
258.46,1
1.17,10
19.16,1
41.7179084,1
1.97,2
39.5179084,1
1.56,5
2.6799999,3
12.4699999,1
3.7899999,1
36.7799999,1
43.3399999,1
63.45,2
47.4,1
24.15,2
10.6108859,1
750.01,1
15.32,1
48.44,1
12.14,1
35.72,1
8.96,1
30.71,1
0.2079084,1
76.1,1
1.09,3
2.77,3
152.76,2
38.31,3
0.78,11
4.72,4
2.15,2
39.35,1
32.4599999,1
93.89,1
6.35,2
42.58,1
18.14,1
31.38,1
0.0879084,1
27.78,1
49.14,2
45.5,1
17.69,2
21.42,1
36.42,1
81.17,1
143.92,1
35.5899999,1
7.17,1
25.02,2
5.58,2
7.99,2
28.3,2
17.8299999,1
318.59,1
23.18,1
39.65,3
14.1796764,1
206.3899999,1
467.69,1
46.21,1
6.4,5
40.775,1
40.69,1
33.49,1
328.25,1
282.91,1
181.8,2
275.6699999,1
249.85,3
18.81,2
286.5399999,1
2.6679084,1
14.45,3
43.28,1
31.73,1
1.79,3
112.28,1
11.7199999,1
238.68,1
11.27,5
2.48,6
12.91,2
22.61,1
16.9279084,1
44.32,1
9.73,1
404.11,1
20.19,1
2.89,4
45.2796764,1
16.25,1
23.2799999,1
1686.99,1
0.13,16
41.39,1
17.03,4
39.05,3
5.12,1
5.47,3
2.4699999,1
44.62,2
16.4,1
0.49,3
51.18,1
100.56,1
38.46,1
7.72,1
3.83,2
37.6299999,1
26.04,1
22.1696764,1
0.69,4
32.94,4
84.7547955,1
18.02,2
16.6,3
39.5,1
20.0099999,1
131.78,1
42.73,1
62.01,1
42.09,1
3.13,3
1.6299999,4
49.29,1
84.27,1
39.74,2
43.13,1
0.0299243,1
42.3001,1
12.39,1
11.78,1
8.6,1
29.99,1
26.39,2
46.36,1
10.24,1
38.42,1
33.64,1
104.04,1
173.71,1
1.0899999,2
19.7999999,1
15.06,2
17.27,2
3.79,1
13.68,3
11.88,1
80.22,1
40.2,1
20.55,1
14.73,1
30.19,1
36.6999999,1
10.03,6
9.0699999,1
0.1872395,1
43.43,1
37.4879083,1
81439.8299999,1
184.45,1
0.5299243,1
49.99,5
37.27,2
156.88,2
125.7,1
100.26,1
40.9706374,1
180.02,1
20.7,1
30.34,1
710.51,1
23.98,1
15.9,3
34.34,3
141.98,4
37.0279084,1
27.58,1
7.81,2
21.22,4
5.32,3
27.26,1
35.38,1
43.49,1
314.71,1
0.0999999,9
32.05,3
47.2699999,1
4.63,7
7.04,2
24.5,2
5.45,1
7.86,2
23.6699999,1
594.92,1
29.0596764,1
1.36,2
1.0296764,1
38.61,1
45.17,1
44.3399999,1
33.94,1
0.0251479,1
32.45,1
33.3296764,1
48.4,1
24.65,1
39.9179084,1
100.2,7
5.5199999,2
2.8,6
18.29,2
9.37,1
27.93,3
49.44,1
14.19,2
0.0484643,1
21.57,1
42.12,4
31.21,2
152.6,1
3.21,6
3.68,1
35.29,1
8.5399999,2
3.62,1
12.65,1
42.4499999,1
5.54,1
46.51,2
5.75,1
3.52,3
22.74,1
27.99,3
8.94,5
26.6996764,1
49.9808859,1
39.5199999,2
43.58,2
22.24,1
28.28,1
50.14,1
37.42,1
1.45,3
4.15,3
25.52,1
4.5,9
68.75,1
24.6899999,1
28.8,2
12.6208859,1
22.44,1
1.88,8
40.65,2
47.21,1
0.1399999,4
274.43,1
41.69,2
34.49,1
312.5,1
923.82,1
4.7399999,2
9.2999999,2
2.18,2
48.25,1
8.84,1
26.9201,1
19.31,1
2.6399999,3
7.3879084,1
185.01,1
100.2599999,1
16.23,2
38.76,1
11.52,2
19.83,1
8.34,2
29.47,1
19.97,2
23.11,2
12.1306374,1
162.5199999,1
2.04,5
48.55,1
35.83,1
86.85,1
0.26,13
42.39,1
134.94,1
45.62,1
32.9,3
16.9,1
247.77,1
0.98,10
111.85,1
19.51,2
39.46,1
39.53,2
322.7399999,1
33.03,1
26.54,1
5.96,1
1.63,3
4.37,6
29.82,3
46.02,1
7.03,2
39.9909999,1
6.78,3
6.09,1
152.87,10
17.1,1
40.5,1
46.2299999,1
27.1979084,1
43.09,1
46.4899999,2
26.2299999,1
21.5862296,1
44.8196764,1
22.4899999,1
44.13,1
40.8,2
200.04,3
12.03,3
4.5699999,1
8.85,1
17.0799999,2
30.49,4
26.89,1
10.49,1
24.13,2
80.09,1
34.64,1
30.17,2
31.86,3
9.7099999,1
3.53,5
13.93,3
12.13,1
190.19,7
21.05,1
30.69,2
3.94,3
293.9,1
100.18,7
39.04,1
216170.85,1
149.97,1
762.61,1
19.44,2
1500.18,1
607.4299999,1
32.75,1
14.7,2
174.8,3
27.56,1
34.8379084,1
21.2,3
0.4096764,1
30.84,5
24.48,1
48.06,1
35.34,2
121.84,2
300.35,1
2.66,3
100.0558168,1
28.08,1
37.5901,1
21.72,4
35.2399999,1
18.12,2
42.54,2
27.76,1
36.38,1
41.6496764,1
33.05,2
48.2699999,2
37.57,1
9.65,4
2.0299999,2
24.1699999,1
3.42,2
563.42,1
18.6996764,1
37.08,2
2.0099999,13
100.0229164,1
4.5299999,1
5.9399999,2
33.45,2
79.5,4
325.86,1
49.4,1
36.68,1
26.0009999,1
35.8499999,1
18.79,1
15.82,1
43.24,1
31.71,1
48.3396764,1
49.126862,1
6.36,1
11.9699999,2
33.2879084,1
8.08,1
25.35,1
9.72,2
11.8279084,1
47.77,2
78.33,1
15.58,1
110.21,2
29.63,1
8.64,4
19.48,1
40.5199999,1
46.886862,1
19.14,4
16.38,4
49.7299999,2
75.04,1
22.4399999,1
164.17,1
5.01,3
6.0199999,2
7.42,1
5.83,3
4.24,1
29.3,1
22.94,1
41.65,2
6.65,2
5.0599999,3
47.3799999,1
42.69,2
48.4199999,1
190.1,1
5.8999999,1
4.3099999,1
29.45,4
35.6999999,2
45.28,1
39.9479084,1
19.3299999,2
150.05,2
11.71,2
3.4,3
158.93,1
257.02,1
11.77,2
8.59,3
29.97,2
9.1399999,2
13.41,2
23.61,2
46.32,1
10.23,1
33.6,2
50.2462499,1
2.26,1
0.28,10
2.67,4
15.05,2
2.0399999,1
0.77,8
43.39,2
106.26,1
46.62,2
33.9,1
17.4,3
1.46,3
40.46,1
0.0672448,1
47.32,3
27.04,4
3.26,1
251.2,1
59.74,1
78.81,1
23.96,1
1.18,10
17.6,1
41.5,3
45.5899999,1
37.53,1
578.85,1
4.1562296,1
41.8,3
45.7551479,1
26.3579084,1
12.28,4
13.92,2
30.99,2
27.39,2
10.74,3
178.93,1
335.08,1
0.090966,1
49.0101,1
15.56,2
273.88,87
42.2,1
21.55,1
30.6,1
497.3099999,1
1.9006374,1
89.36,1
32.71,1
984.3,1
2.2979084,1
39.91,1
46.47,1
100.3199999,3
46.87,1
19.7179084,1
33.75,2
473.01,1
38.52,2
31.34,1
24.98,1
39.4799999,2
49.06,1
37.8596764,1
242.23,1
11326.02,1
7.16,1
22.22,6
5.57,1
28.26,1
17.98,3
61.9899999,1
34.05,2
34.4599999,2
25.5,2
5.7,1
4.11,1
40.61,1
44.56,3
5223.87,1
25.9951479,1
25.65,3
130.0323512,1
264.0399999,1
128.99,1
9.87,1
8.07,2
18.4599999,1
22.57,2
9.71,1
8.44,2
13.22,1
11.51,1
41.5199999,2
8.33,2
25.85,1
13.15,1
10.4599999,2
19.66,1
164.76,2
48.51,1
41.31,1
3.0599999,1
47.51,2
42.35,2
1.2799999,1
253.01,1
45.58,2
16.88,2
29.28,3
22.92,1
5.6099999,1
20.16,4
29.8,2
23.44,1
700.53,1
4.0599999,5
1.32,3
274.93,1
18.61625,1
47.6179084,1
8.0879084,1
23.46,3
29.95,2
23.59,2
3.8099999,1
40.0699999,1
17.23,1
40.76,3
25.74,2
395.2,1
30.0996764,1
30.47,1
26.87,1
60.04,1
13.66,1
24.11,1
1.336862,1
75.9599999,1
34.6,2
45.11,2
0.56,5
38.6896764,1
15.3,2
37.83,1
37.2596764,1
1.29,4
29.65,1
25.28,1
34.9,1
17.9,3
200.02,1
3.92,3
54.18,1
41.46,2
5.39,3
7.8,1
17.2479084,1
48.66,1
7.27,1
4.62,5
60.74,1
48.02,2
24.46,2
90.39,1
976.03,1
7.93,1
6.34,2
25.8499999,1
18.1,1
42.5,3
38.53,4
20.495,1
45.09,1
16.44,1
15.2399999,1
21.93,2
12.53,1
4.8199999,1
9.35,3
14.17,2
31.49,1
150.0462296,1
25.13,1
490.61,2
36.64,3
31.17,1
12.79,1
35.4196764,1
2.86,1
15.81,2
18.77,1
14.43,1
516.26,1
43.2,1
22.05,2
31.69,1
39.87,2
0.97,7
44.43,1
46.43,1
3.27,3
11.25,1
72.94,1
32.8799999,1
40.27,1
0.0799899,1
48.1299999,1
32.66,1
34.75,1
345.26,2
199.05,2
4.7699999,3
28.56,2
109.49,1
25.48,2
40.4799999,1
50.06,11
273.5299999,1
29.08,4
0.29,8
33.7699999,1
0.3299999,2
129.39,1
28.76,1
38.38,4
1.48,1
35.05,2
45.3099999,1
42.9196764,1
48.17,1
47.35,1
35.45,1
0.4672395,1
140.55,2
32.12,1
135.32,1
26.15,2
25.95,4
33.16,1
10.12,2
8.32,2
29.43,2
17.77,1
14.94,2
45.24,1
13.14,1
39.72,1
172.15,1
16.2379084,1
44.4099999,1
20.97001,1
18.78,2
18.94,4
11.76,2
8.58,3
26.35,3
38.8996764,1
13.4,2
10.22,1
23.7299999,1
0.5079084,1
46.07,2
49.51,1
9.02,2
24.7808859,1
9.1409999,1
1.42,5
79.02,1
42.5199999,4
129.01,1
0.14,23
46.58,1
23.74,1
20.14,2
3.84,2
29.78,1
23.42,3
40.42,1
173.7099999,1
945.49,1
5.26,1
39.5899999,1
27.02,1
6.08,2
20.66,1
4.49,2
3.49,4
30.3,1
23.94,2
43.65,2
5.1501666,1
788.0599999,1
50.21,2
6.9,2
40.9,2
44.69,2
10.9699999,2
33.9199999,1
6.1499999,1
20.81,2
0.63,8
4.5599999,1
30.45,1
24.09,1
37.6999999,1
3.05,3
41.76,2
5.7862296,1
34.56,1
157.8899999,1
2.32,2
231.18,1
21.33,1
9.09,2
30.97,1
11.26,1
24.61,1
34.79,1
21.01,1
10.73,2
35.6,1
47.4899999,2
14.4696764,1
1.37,1
47.65,1
3.14,2
10.0599999,1
15.55,2
18.25,1
6.3999999,1
36.59,2
38.83,4
2.08,3
84.75,1
323.2,1
25.89,1
48.62,2
35.9,3
4.34,1
42.46,6
46.2179084,1
28.04,2
23.8499999,1
12.54,1
36.94,3
199.45,1
31.32,1
49.02,1
24.96,1
0.4,69
1.64,3
1.99,9
18.6,2
43.5,1
24.6496764,1
46.73,2
34.01,2
49.2299999,1
183.88,2
793.1799999,1
100.52,3
161.03,3
39.7399999,1
43.8,4
41.7879084,1
12.78,2
14.42,4
87.4799999,1
586.72,1
5.2899999,1
26.9496764,1
31.67,2
13.27,1
8.06,1
19.27,3
155.26,2
5.52,3
24.41,2
44.2,2
16.19,1
40.87,1
47.43,1
51.050576,1
34.71,2
5.8396764,1
11.5,3
81.9499999,1
0.54,11
26.1199999,1
177.38,2
100.0201,1
127.9,2
46.0999999,1
9.3099999,2
35.75,2
29.06,2
22.7,2
0.31,8
16.34,2
44.14,2
3.0299999,2
14.7401,1
44.7099999,1
29.58,1
0.83,2
23.22,2
6.72,1
19.62,2
5.82,2
16.86,1
29.26,1
32.82,4
28.8996764,1
36.05,1
5.13,5
7.54,2
26.5,1
5.95,2
8.7899999,1
3.19,1
36.45,1
36.0596764,1
33.12,1
26.65,1
39.68,3
4.8599999,1
20.29,2
25.8199999,1
8.57,1
29.93,1
49.4199999,1
23.57,3
40.72,1
33.52,1
10.21,1
100.0199999,2
4.8999999,2
34.66,1
3.46,3
20.01,3
35.88,1
12.7199999,1
8.83,1
3.87,1
165.94,1
19.9799999,1
13.65,1
10.47,1
23.5299999,1
124.64,1
12.3099999,1
15.0196764,1
135.79,1
44.35,2
80.24,1
1.06,9
43.5199999,1
27.90625,1
7.55,1
633.45,1
137.9199999,1
47.58,1
24.24,1
20.64,2
34.86,3
17.88,1
30.28,2
41.42,2
1.7620723,1
1.78,1
27.52,1
30.8,1
106.5599999,1
46.4879084,1
1.5699999,1
43.69,1
128.9,1
38.49,1
99.55,1
20.7099999,1
21.31,2
177.51,3
15.7,1
18.23,1
42.76,1
23.7599999,1
31.47,2
27.87,8
14.16,1
3.08,1
10.98,1
32.3399999,3
2.49,3
35.7699999,1
88.050594,1
25.8106374,1
100.0593529,1
18.75,2
17.9199999,1
39.83,1
37.38,1
4.16,7
33.67,1
102.93,1
155.44,2
5.7796764,1
190.26,1
9.5,4
49.62,3
17.53,1
18.9,4
34.44,2
11.93,2
2.2799999,2
100.1,26
43.46,1
1.6099999,1
10.1499999,2
5.64,3
4.05,2
9.9799999,2
28.33,1
37.94,2
31.82,1
13.94,1
25.46,1
1040.6699999,1
4.18,2
19.1,1
44.5,1
145.2999999,1
47.73,1
35.01,2
14.2296764,1
41.57,1
5.48,1
48.13,2
6.3599999,2
184.54,2
87.48,1
172.5799999,1
5.0699999,1
9.85,3
14.67,1
564.89,1
26.13,4
38.64,4
16.17,2
3.78,2
48.93,2
10.11,3
8.31,2
14.93,2
13.13,1
3.74,4
45.2,2
23.05,1
16.69,2
41.87,1
10.8579084,1
2.19,8
4.58,2
35.71,3
84.02,1
2.6,6
28.7579084,1
21.5779083,1
24.06,3
12.9,3
42.91,1
202.47,3
49.47,3
100.0668528,1
0.33,19
21.8896764,1
507.69,1
23.2,2
47.9899999,1
0.62,9
516.88,1
16.84,3
39.98,1
26.48,1
39.34,2
290.0299999,1
1.16,3
16.0099999,1
23.72,1
20.12,1
110.03,1
41.5779084,1
17.36,1
29.76,3
33.82,1
40.38,1
43.52,1
43.61,1
1.35,10
3.22,3
37.45,1
90.09,1
131.57,2
27.15,1
40.68,2
20.8899999,1
673.01,2
10.62,2
8.82,1
30.43,1
15.44,2
13.64,1
41.72,1
200.4,1
17.71,2
48.2,1
2.4899999,1
161.0799999,1
111.01,1
12.9699999,1
13.9,3
10.72,2
83.9,2
47.4499999,3
100.58,4
131.03,1
9.9599999,3
44.31,1
277.58,1
10.75,1
45.35,1
36.48,1
131.37,1
7.1,2
48.58,1
24.74,1
18.38,2
30.78,2
24.42,2
7.92,1
28.02,2
6.33,1
21.66,1
4.74,3
31.3,1
0.09,37
45.65,2
32.93,1
42.7099999,1
161.5,1
39.1299999,1
4.7799999,3
66.14,1
3.1172782,1
38.6599999,1
39.17,2
101.13,2
0.4399999,1
21.81,3
31.45,3
15.95,1
5.11,2
56.48,1
49.28,1
43.76,1
499.95,1
27.18,2
3.65,1
100.5999999,1
2.06,5
28.37,1
14.41,1
128.09,1
22.01,1
50.32,1
226.27,2
4.98,3
0.5699999,1
21.9179083,1
2.92,1
2.47,1
31.1399999,1
8.05,1
19.25,2
27.1399999,1
4.3199999,1
19.07,1
40.83,7
11.32,4
27.1,2
34.67,1
33.8399999,2
66.51,1
3.91,1
37.9,1
22.07,1
27.61,1
199.44,1
37.3908859,1
29.04,1
39.66,1
38.94,3
187.7,5
51.02,1
25.96,1
28.3208859,1
19.6,1
12.06,3
176.53,1
48.73,2
36.01,1
48.09,1
200.1333783,1
49.13,1
10.1,4
16.99,1
29.39,1
11.74,3
26.63,2
629.1899999,1
39.64,1
16.67,1
58.92,1
38.8099999,1
8.56,2
20.27,1
15.18,2
13.38,1
507.67,1
23.55,1
32.72,2
17.19,1
42.87,3
121.61,1
32.0999999,1
124.58,1
43.27,2
0.66,4
22.1296764,1
50.0464582,1
6.05,3
37.75,1
30.06,2
23.7,3
1.24,4
17.34,4
33.78,1
26.98,1
43.4799999,1
23.9679084,1
8.4599999,2
25.2599999,1
182.73,1
22.8699999,1
30.58,1
3.32,4
18.2399999,1
71.71,1
6.97,3
47.54,3
17.86,1
30.26,2
4.48,2
41.38,1
24.03,1
38.05,1
5.38,3
7.79,2
27.5,1
6.2,3
4.61,1
27.3,1
51.17,1
100.16,17
15.42,1
15.6179084,1
19.74,1
38.45,1
35.12,1
27.65,1
41.68,3
35.4796764,1
40.8499999,1
21.29,1
36.16,3
10.87,2
9.07,4
48.24,1
24.57,1
42.72,2
35.52,1
10.71,1
18.21,1
47.4099999,1
2.38,3
8.3999999,1
90.1,1
162.77,1
12.51,1
45.6449999,1
23.7399999,1
27.85,1
10.97,1
20.68,2
31.05,3
33.23,1
500.81,1
38.3679084,1
3.2,8
29.6896764,1
69.54,1
188.66,1
15.8299999,1
39.79,2
48.08,1
46.35,2
70.0867105,1
33.63,2
69.33,1
8.6779084,1
41.96,2
44.73,2
0.05,185
190.1699999,1
49.58,1
25.24,2
21.64,1
36.86,1
18.88,1
85.5599999,1
22.2599999,3
22.575,1
31.6599999,2
31.8,1
21.3299999,2
25.44,3
0.18,18
14.9899999,1
1.67,1
2199.57,1
10.3,2
49.0001,1
9.7299999,1
2.9299999,1
35.4199999,1
9.03,1
47.69,2
146.7099999,1
41.6599999,1
17.1779084,1
74.09,1
31.95,1
8.2,1
50.28,1
44.76,2
37.56,3
500.2,1
13.02,3
6.659,1
9.84,3
28.87,2
32.04,2
26.11,1
11.48,2
18.92,2
163.2699999,2
277.86,1
14.21,3
37.7699999,1
47.94,1
19.75,3
39.6496764,1
41.83,3
98.85,1
31.14,2
48.39,1
35.67,1
4.73,2
1271.6699999,1
34.8399999,1
342.13,1
4.9099999,1
19.9,1
46.97,1
27.9301,1
273.72,1
27.98,3
5.89,2
44.6299999,1
4.3,1
29.54,2
6.71,2
327.79,1
85.57,2
39.94,3
16.82,1
26.46,1
94.64,1
4.43,2
7.53,1
6.84,4
198.0499999,1
20.1,1
49.73,1
115.9299999,1
13.01,1
489.99,1
5.25,4
45.51,2
49.09,1
609.89,1
312.06,2
0.6799999,3
43.57,3
62.85,1
5.1899999,2
50.13,6
2011.86,1
46.8,3
148.79,1
5.3199999,1
34.08,1
551.01,1
11.99,1
23.53,1
40.64,3
17.17,1
59.92,1
8.42,1
10.61,2
3.11,1
8.81,1
20.77,2
32.1599999,3
15.43,3
13.63,2
30.41,1
19.9399999,1
24.05,2
24.5499999,1
43.87,2
32.9308859,1
50.43,1
8.1399999,1
37.71,4
12.9599999,1
2.33,1
92.7099999,1
119.19,1
3.93,1
34.2,1
30.95,1
15.9209999,1
32.19,2
44.27,1
1.07,4
38.75,1
16.856862,1
322.26,1
30.56,2
101.74,1
385.3399999,1
24.2,2
3.73,1
517.88,1
17.84,2
27.48,2
44.4799999,1
31.08,2
5.14,2
17.0099999,2
24.72,2
21.12,3
48.54,2
18.36,2
35.82,3
34.9899999,2
147.21,1
0.8172395,1
182.98,1
45.12,1
45.61,2
2.2599999,1
32.89,1
27.91,2
0.57,10
521.74,1
100.0599999,1
1.0602479,1
36.12,3
143.23,1
117.12,1
135.82,2
28.15,2
42.68,1
8.26,1
41.8499999,1
21.79,1
9.32,1
15.94,1
14.14,1
20.82,3
43.72,1
10.96,1
100.0601,1
15.96,1
449.54,1
12.76,1
28.35,1
14.4,4
39.8001,1
11.22,3
46.31,1
256.0899999,1
34.63,2
43.7099999,2
23.16,1
150.58,3
0.37,12
0.1,107
151.98,2
275.91,1
22.14,1
37.86,1
19.38,1
505.02,1
31.78,1
40.75,1
25.42,1
17.0479084,1
121.67,1
17.6679083,1
132.92,1
0.19,19
299.99,1
3.7699999,1
29.02,1
6.58,3
4.99,7
16.3,1
32.2696764,1
21.8299999,1
16.07,3
14.38625,1
0.36,12
28.47,1
35.2299999,1
34.93,2
7.4,3
3.1799999,3
11.7099999,1
476.18,1
48.69,1
41.49,2
35.97,2
0.4197274,1
40.6599999,4
249.57,1
170.85,2
1.0079084,1
22.81,1
8.45,2
26.09,1
19.73,2
45.76,2
420.45,1
1050.05,1
2.57,4
131.68,1
298.52,1
30.5751479,1
2.98,4
10.09,2
29.37,1
33.04,1
14.91,2
23.01,1
11.73,2
47.7096764,1
39.6,1
545.45,1
510.11,1
24.92,1
3.39,1
142.04,4
2141.89,1
20.25,1
0.9759402,1
100.22,5
19.4199999,1
56.4,1
44.28,2
0.3096764,1
49.39,2
36.67,2
48.5599999,1
10.9999999,1
35.8399999,1
20.75,3
61.3,1
32.5401,1
129.61,1
2.3699999,3
23.9799999,1
39.9,2
20.4,2
92.44,1
259.39,1
46.46,2
401.97,1
206.1199999,1
30.04,1
245.89,1
40.94,3
33.74,1
17.32,1
0.73,4
32.9099999,2
1.54,3
47.5,2
550.35,1
1e-07,1
0.6750763,1
37.2796764,1
43.53,4
3.8096764,1
38.01,1
62.81,1
50.09,6
5238.87,1
44.99,2
10.2808859,1
63.85,1
38.6379084,1
43.7399999,2
47.8,4
211.01,7
10.6,3
26.0079084,1
35.08,1
23.09,1
17.99,1
30.39,1
12.24,1
32.2899999,1
146.71,2
4.7899999,1
21.03,2
14.04,2
10.86,4
9.06,1
21.27,2
15.68,1
20.4399999,1
24.55,2
49.9499999,1
44.87,4
26.5499999,1
30.4296764,1
12.5,3
37.8799999,1
1.69,4
3053.27,1
33.19,1
45.27,2
118.15,3
2.14,5
97.7599999,1
39.75,1
24.7,2
6.21,1
35.78,1
0.7899999,1
45.4799999,1
350.1,1
226.98,4
37.25,2
4.81,3
14.28,3
25.22,1
7.22,2
49.54,1
18.86,2
31.26,5
36.82,2
0.0572395,1
43.38,1
35.9899999,2
40.05,3
5.63,1
199.81,2
4.04,1
28.5,1
6.45,1
4.86,3
2.6979083,1
9.93,1
46.61,1
33.89,1
24.91,1
0.9479084,1
35.93,2
0.64,7
37.12,2
29.3608859,1
43.68,1
90.7,1
42.8499999,1
6.5199999,2
3.3,1
22.29,3
11.37,2
9.57,1
8.19,3
14.39,1
25.57,1
44.72,1
19.21,2
8.8999999,3
3.71,2
62.54,1
4.1599999,1
9.83,1
28.85,2
14.65,2
35.23,1
47.31,3
34.59,1
41.79,1
48.35,1
3.34,4
32.3,1
125.01,1
0.2,82
51.58,1
38.86,2
19.88,1
41.5299999,1
25.92,2
1.7,1
0.38,4
0.5101,1
29.52,1
127.25,3
32.7,1
16.8,2
34.9499999,2
0.72,10
48.65,2
22.2196764,1
1.11,9
24.21,1
49.69,1
42.49,2
36.97,1
6.0699999,1
26.6699999,1
272.6599999,1
16.95,2
8.7,6
26.59,1
52.28,1
20.23,1
46.76,1
39.56,1
1.26,6
23.83,1
10.34,3
6.6,2
34.04,2
27.11,1
23.51,2
11.98,1
59.88,1
46.09,2
0.59,8
85.86,1
35.79,2
8.8,1
96.39,2
30.3179084,1
19.9199999,1
28.72,2
18.2599999,1
43.83,3
102.31,1
37.67,1
144.25,1
16.8279083,1
11.7999999,2
40.62,3
20.9,1
142.13,1
84.35,1
47.46,2
45.78,2
4.55,2
30.54,1
6.96,2
257.53,1
41.94,3
17.82,2
179.0976028,1
6.27,3
98.14,1
4.68,4
14365.4772991,1
48.5,1
0.55,4
45.1979084,1
3.23,1
51.73,1
44.53,1
5.5,7
86.75,1
90.2299999,1
38.7399999,2
4.6199999,1
45.57,1
32.85,2
5.4399999,3
69.1699999,1
44.7399999,2
79.73,1
36.4879084,1
144.2099999,1
10.85,1
9.2599999,1
18.49,1
518.89,1
24.53,1
42.64,2
9.1499999,1
18.17,1
14.29,1
3.58,4
11.11,2
9.31,3
21.77,1
14.13,1
3.99,4
49.2,1
25.05,1
186.0299999,1
45.87,3
33.15,1
0.16,23
2.44,3
1.1299999,1
39.71,2
9.54,1
2.85,3
75.0272395,1
38.8799999,1
46.91,1
154.97,1
33.4899999,1
24.3996764,1
46.27,1
155.8,3
1.33,2
7.78,2
39.9199999,1
243.8,5
31.56,5
10.42,1
18.84,3
43.98,1
36.78,2
14.46,1
2.95,3
16.08,2
19.81,2
151.82,1
22.12,3
100.28,2
19.36,1
101.87,2
150.03,1
41.8996764,1
36.9899999,1
41.05,1
14.6379084,1
100.1599998,1
1200.49,1
37.33,1
310.62,1
34.89,2
0.6606779,1
9.0399999,2
28.1996764,1
4.38,1
1.5696764,1
41.45,2
38.12,2
50.126862,1
192.07,1
29.15,2
185.7699999,2
11.62,1
9.82,1
5.4799999,1
85.5899999,1
14.64,3
26.07,1
45.72,2
44.9479084,1
188.9,4
48.5896764,1
0.6499999,1
10.08,3
29.35,1
11.72,1
47.02,1
0.3899,1
42.79,1
49.35,2
23.605,1
76.52,1
24.1399999,1
2.87,2
7.6,2
23.14,1
39.86,1
20.38,2
32.9799999,1
9.6,3
46.42,3
3.5599999,2
0.76,5
6.01,2
4.42,3
6.83,1
19.5499999,2
26.94,1
1.94,3
36.93,1
1.0477207,1
18.69,1
20.7299999,1
42.6599999,2
101.38,1
0.02999,1
13.3099999,1
17.45,1
3.9,5
16.6199999,1
49.3,1
2.31,4
35.04,1
15.41,1
2.7399999,2
12.23,1
2.76,1
89.43,1
3.17,1
2.72,1
5.16,4
21.25,1
156.87,1
32.11,1
37.8399999,1
92.76,3
0.0173987,1
164.1699999,1
34.5299999,1
185.86,1
41.9,2
6.6199999,2
489.51,1
10.0196764,1
38.57,1
24.68,2
42.94,1
111.31,1
27.96,1
97.2,1
34.9099999,2
1.43,3
17.4899999,1
30.88,2
21.6,1
9.7779084,1
221.03,2
40.01,2
1.84,5
119.37,2
46.57,1
0.0901,1
23.5879084,1
53.13,2
51.3199999,1
48.21,2
33.0199999,1
26.7262296,1
35.3496764,1
11.1,3
15.92,1
31.39,2
12.74,1
28.63,5
25.03,1
11.36,1
9.56,2
8.18,1
31.91,2
50.2,1
19.19,2
5.76,4
99.86,2
12.3699999,2
133.56,1
47.91,1
35.19,3
9.41,1
3.2199999,1
49.12,1
11.56,1
41.75,2
499.01,1
16.06,1
27.09,4
19.34,2
62.826,1
37.78,1
4.2996764,1
32.26,2
47.4799999,1
187.6399999,1
155.23,2
5.06,1
46.37,2
26.22,1
7.47,1
19.86,2
38.82,1
45.38,2
750.5899999,1
5.88,3
25.3899999,1
42.3701,1
29.5,1
6.7,1
48.61,2
44.52,1
48.81,2
86.41,1
1.3499999,2
100.09,2
39.12,1
86.5099999,1
5.94,1
174.5,1
702.79,1
11.87,1
16.93,1
38.9596764,1
8.69,1
1.5079084,1
14.89,3
26.57,1
20.21,1
950.2703,1
2.63,1
33.1699999,1
41.7699999,1
11.0399999,1
20.9599999,1
15.15,3
4.1499999,3
16706.84,1
49.31,1
13.1479084,1
43.79,1
21.98,2
34.3,1
0.0149236,1
30.5,1
31.41,1
0.8,24
27.24,2
23.64,3
18.4696764,1
20.88,2
17.28,2
0.4099999,3
26.92,2
47.42,5
1.406862,1
1.02,16
30.52,1
24.16,1
17.8,1
131.09,1
300.2899999,1
2.13,7
37.93,1
150.47,1
100.4199999,2
0.2401,1
32.4879084,1
32.41,1
42.3696764,1
86.34,1
250.26,1
9.2,1
27.59,1
49.3199999,1
21.23,1
41.56,1
24.83,1
12.72,2
10.84,2
18.47,2
64.1,1
36.04,1
15.66,2
12.48,1
15.5799999,1
37.36,4
175.86,1
22.7296764,1
9.3,3
21.75,1
2.2499999,1
45.83,1
402.74,1
33.11,2
39.67,2
850.272258,1
42.9,4
21.9,4
900.02,1
49.46,1
6.39,4
4.8,7
29.1896764,1
25.18,1
5.62,2
36.74,1
18.82,2
24.3499999,1
28.46,1
4.93,2
4.03,1
7.34,2
46.53,3
22.62,1
3.5509999,1
489.06,1
32.1299999,1
50.54,1
4.8699999,1
9.01,2
46.4599999,1
0.41,9
73.5778,1
34.0199999,1
19.5799999,3
2.5799999,1
193.29,6
0.1179084,1
14.53,3
5.8199999,3
11.35,1
38.08,1
8.17,1
31.89,2
12.99,3
30.0596764,1
44.64,1
19.17,1
12.6200999,1
11.61,1
3.36,6
9.81,2
14.63,1
16.41,1
26.05,1
50.87625,1
5.0299999,2
47.87,1
35.15,3
54.43,1
3.77,4
13.25,1
93.44,1
17.16,1
36.19,3
39.1096764,1
28.62,2
58.91,1
539.75,1
6061.5853327,1
42.75,2
32.5079084,1
16.56,2
79.99,1
44.93,1
45.98,1
33.26,1
45.34,1
17.3579084,1
99.99,1
19.0099999,1
23.12,1
9.9970009,1
20.36,2
16.76,1
37.8896764,1
1.73,1
43.05,2
2169.9,1
8.2399999,1
36.5599999,1
36.89,1
36.0599999,1
58.6,1
99.5,1
647.25,1
145.000001,1
40.12,2
101.37,1
164.32,1
30.15,2
46.68,1
33.96,2
100.1401999,2
0.03,55
23.79,1
41.16,1
12.12,1
10.32,1
17.43,3
47.72,1
40.52,1
2.601,1
10.58,1
30.35,1
200.76,1
40.7299999,1
50.31,1
37.59,3
33.1679084,1
21.18,3
15.8199999,1
38.63,1
46.7699999,1
44.11625,1
249.8499999,1
1.1,7
27.74,1
24.14,1
21.38,2
1.4762499,1
17.78,3
27.42,2
48.42,1
85.92,1
2.54,3
6.26,1
31.02,3
7.08,2
24.66,1
5.49,2
35.7,2
18.3,2
23.8299999,2
27.94,1
32.37,2
4.01,3
38.93,3
134.25,1
36.15,1
0.6299999,1
39.97,1
186.66,1
9.25,1
18.45,3
9.45,1
28.09,2
148.7,1
12.9079084,1
49.76,1
42.56,2
317.45,2
2.82,6
176.18,4
36.2099999,1
11.09,1
18.97,2
31.37,2
37.04,2
28.61,6
25.01,4
56.32,1
12.73,2
43.6,1
506.47,1
8.6199999,1
3.64,2
31.4896764,1
43.84,1
106.47,1
46.83,1
799.98,1
4.9599999,1
34.11,5
8.8799999,1
2.5,6
40.67,2
218.26,1
33.7779084,1
68.5,2
174.11,1
43.9,2
22.4,1
1060.07,1
16.04,3
25.68,1
37.74,1
19.32,1
32.22,1
28.96,1
36.9099999,1
0.8199999,5
27.54,1
1.87,4
22.6,1
47.53,2
16.36,1
42.01,1
34.81,1
1.3,7
25.7399999,3
0.43,14
497.31,1
31.2299999,1
21.0779083,1
3.2399999,1
65.02,1
35.85,1
2.6899999,1
0.82,8
47.7399999,1
29.9208859,1
32.87,2
14.78,3
19.99,1
19.67,2
32.92,2
15.04,1
32.0899999,2
11.86,1
8.68,2
14.88,1
16.91,1
13.5696764,1
48.87,1
98.02,1
42.6696764,1
2.3796764,1
13.5,3
49.91,2
250.38,1
100.4,1
42.3499999,1
35.74,2
3.03,2
2.2199999,1
19.9599999,1
17.06,1
26.7,2
91.36,1
20.34,1
46.98,1
39.78,6
37.39,2
34.26,1
38.9099999,2
46.34,2
8.6499999,1
365.45,1
159.48,1
17.58,1
5.31,1
137.23,4
4.41,3
140.97,3
20.86,2
5.23,1
101.0404,1
47.38,2
17.79,1
44.05,1
208.31,5
4.54,2
0.3399999,4
5.36,3
63.33,1
26.5779083,1
37.0599999,1
99.9999999,5
28.41,1
101.5,1
1186.5,1
1.14,6
41.12,1
30.65,3
47.68,1
82.52,1
82.95,1
0.06,57
46.8499999,2
3.55,1
24.29,1
42.16,1
12.37,2
9.19,2
27.57,2
48.72,3
17.0999999,1
3.96,4
2.37,3
30.85,2
12.47,1
39.23,2
36.14,1
7.98,3
46.6796764,1
129.41,1
199.65,2
33.07,1
39.63,2
0.4351,1
32.2399999,1
36.3,1
2.45,2
24.64,2
42.86,3
21.88,2
18.28,1
49.42,1
191.25,1
0.74,6
3.48,7
4.83,2
48.5899999,1
1.03,13
31.52,3
85.5,1
18.8,2
24.3299999,1
28.44,5
42.5096764,1
33.37,1
12.02,1
34.94,3
34.41,3
46.49,1
31.3579084,1
98.05,3
11.9599999,1
25.31,1
18.95,1
9.7,1
28.59,3
10.2899999,1
22.23,2
49.2001,1
14.52,3
25.83,1
11.34,6
19.47,1
38.04,1
8.16,1
29.11,1
25.51,1
47.5899999,2
20.3699999,3
610.94,1
43.7699999,1
5.5299999,4
41.2801,1
6.07,1
9.8,3
47.83,3
37.63,1
35.11,1
150.0199999,1
9.1299999,1
41.67,1
46.8896764,1
11.46,4
19.41,2
44.9,1
22.9,1
32.18,1
98.6,2
100.0795921,1
6.64,3
5.05,4
7.46,1
45.94,4
19.82,1
33.22,1
29.46,1
37.9099999,1
5.18,5
4.28,2
14.6679084,1
18.9899999,1
23.1,1
1.21,9
0.45,8
48.53,2
84.22,1
331.49,1
35.81,2
22.1096764,1
0.61,9
10.016,1
49.57,1
1.89,4
36.0199999,1
137.54,1
127.98,1
15.03,2
8.67,1
16.89,2
13.49,2
30.13,1
46.64,1
20.17,3
43.5679084,1
129.25,1
2.28,2
33.0899999,3
44.18,1
12.11,2
10.31,1
23.77,2
8.93,1
2.24,4
16.5799999,1
47.3900999,1
49.87,6
2.41,2
37.15,1
2.69,4
43.71,2
100.02,101
3.1,5
584.34,3
42.8799999,1
147.47,2
38.19,1
50.27,1
0.65,6
17.9899999,1
102.48,1
3.63,3
184.72,1
11.5399999,2
21.0099999,3
17.56,2
27.2,3
178.47,2
47.98,1
0.0400999,2
40.78,1
30.48,1
35.26,2
348.0299999,1
267.21,1
0.1006374,1
27.72,3
144.97,1
24.12,2
21.36,2
17.76,3
405.96,1
1.19,1
38.25,1
45.05,1
148.36,1
9.7999999,1
22.03,3
32.33,1
1.6,15
38.89,1
89.6499999,1
150.0762296,1
1.3799999,5
20.4899999,1
31.15,1
64.0399999,1
48.68,1
35.96,1
103.36,1
0.12,25
1.53,7
24.79,2
12.62,2
10.82,1
18.43,1
9.44,2
15.64,2
28.07,1
49.72,1
42.52,1
21.71,1
158.0799999,1
11.08,1
44.4499999,1
36.1399999,1
4.8099999,3
7.65,1
73.08,1
42.7299999,1
9.75,2
39.59,4
45.9599999,1
4.8096764,1
46.79,1
18.3996764,1
40.63,1
45.73,1
38.81,1
37.3,2
52.5199999,1
4.65,2
1.2696764,1
5.93,3
4.1,2
28.74,1
25.14,1
43.86,4
22.38,1
100.0799999,2
28.42,3
100.1639326,1
10.41,1
6.51,2
4.92,3
16.02,2
16.71,1
25.66,2
5.74,3
19.3,2
0.81,9
34.37,1
18.54,1
40.93,1
182.5,1
39.3799999,2
36.9379084,1
97.05,2
47.49,1
46.6599999,1
39.42,2
105.63,2
7.36,2
10.59,1
19.45,1
9.95,4
29.09,1
32.48,2
22.73,3
43.66625,1
26.33,1
2.56,2
16.2599999,2
8.41,1
29.61,3
26.01,1
681.4,5
45.6,1
32.88,1
2.27,2
44.7699999,2
11.95,1
2.97,1
10.05,6
23.25,2
700.72,1
48.83,2
36.11,2
36.79,3
42.67,3
103.01,1
162.36,1
347.97,1
327.88,1
1.169199,1
20.2844317,1
45.9,2
23.4,2
33.18,1
49.5,2
17.04,1
26.68,3
248.7,3
20.32,1
34.22,1
8.2999999,1
2.3099999,2
19.4899999,1
38.9901,1
0.9,12
49.53,2
1.76,2
44.01,1
1.85,5
1.72,3
163.9199999,1
5.46,4
5.21,4
37.85,1
3.28,2
12.1,1
8.92,4
13.74,2
27.03,3
20.67,1
34.92,3
20.9509999,1
46.8099999,1
15.54,3
12.36,1
10.56,3
24.27,2
9.18,2
166.46,1
15.38,1
23.4399999,1
40.97,1
38.15,1
100.11,1
44.71,1
39.19,1
24.01,1
20.58,1
25.41,2
87.2099999,1
254.46,1
45.75,2
181.75,8
2012.13,1
18.06,2
3.66,4
266.69,1
21.34,3
41.78,1
30.98,1
36.26,1
21.0296764,1
48.34,2
18.58,1
5.56,1
657.42,1
4.66,2
28.22,4
7.97,2
24.62,1
126.27,1
42.82,2
49.38,2
342.21,1
46.05,1
6.38,3
188.56,1
4.79,4
31.5,2
7.2,4
0.1351,1
33.1079084,1
39.89,6
21.925,1
39.0599999,2
100.66,1
11.2199999,1
43.12,4
9.2899999,2
0.0279084,1
8.01,1
36.96,1
0.24,18
32.2799999,1
25.29,1
44.16,1
12.87,1
11.07,1
18.93,2
9.69,1
15.89,1
18.0999999,2
22.21,2
17.7799999,1
46.8751479,1
19.0699999,1
2.88,4
14.51,1
3.29,2
11.33,1
31.85,2
8.15,1
12.97,1
80.5299999,1
41.23,1
34.03,3
60.51,1
39.09,1
3.7,2
57.55,1
100.04,49
22.2399999,1
165.66,1
47.79,1
37.9679084,1
38.3,1
33.21,1
13.05,2
29.24,1
25.64,1
44.86,1
22.88,2
40.7596764,1
19.28,1
32.14,2
28.92,2
25.82,2
5.99,2
1.49,1
26.16,1
22.2,2
38.7,1
19.8,2
2.9499999,1
42.33,3
1.92,2
63.41,1
2.6999999,1
67.15,1
1.3199999,1
46.1699999,1
48.49,2
42.97,1
35.77,3
38.4899999,1
4.9499999,1
9.96,1
5.6899999,2
25.8001,1
10.2,4
33.48,2
23.23,1
52.76,1
35.9799999,2
32.84,1
900.65,1
15.02,3
11.84,4
20.47,1
8.66,2
30.11,2
13.48,1
45.7699999,1
100.1599999,1
35.1879084,1
49.83,2
37.11,3
14.07,3
43.67,1
400.13,1
46.9,1
23.9,2
34.18,3
12.3,2
38.95,1
6.89,1
5.3,3
6.12,2
19.71,2
35.22,2
60.02,1
30.46,1
103.14,1
43.0096764,1
7.02,2
29.1779084,1
4.53,3
400.4,1
7.84,2
6.94,2
27.21,1
1.05,16
113.66,1
2.7599999,4
45.01,3
499.99,1
37.81,1
37.76,2
359.9699999,1
2.94,5
40.43,1
32.29,1
6.1899999,2
6.06,1
38.0199999,1
116.4181944,1
1.0901,1
48.9499999,1
9.17,2
21.49,1
889.89,1
13.99,2
31.13,2
48.64,4
21.17,2
35.92,1
12.61,1
10.81,1
3.16,3
43.4099999,2
18.41,1
23.9399999,1
28.05,1
17.5799999,1
51.87,1
39.15,2
2.02,5
14.25,1
633.34,1
100.15,1
2.43,3
40.45,2
44.8799999,1
10.8099999,1
42.7801,1
10.2399999,1
266.67,1
286.19,1
16.32,1
356.26,1
184.55,2
0.02,146
100.24,3
150.5799999,1
28.2,1
747.88,1
21.84,3
49.98,4
42.78,2
31.48,1
15.01,3
1.65,4
19.08,2
1304.84,1
24.7799999,1
13.5596764,1
18.76,1
43.82,2
6.4799999,1
251.15,1
0.7796764,1
8.25,1
1.38,3
34.33,2
0.0337148,1
40.0599999,1
47.45,1
38.0899999,1
16.15,1
2.1399999,1
2.83,1
0.48,5
49.8499999,2
31.9179084,1
25.79,1
15.13,1
19.43,2
32.44,1
9.94,6
57.24,1
8.14,2
18.5999999,1
12.96,1
11.5762296,1
38.1699999,2
11.58,3
274.05,1
8.4,1
28.98,2
42.23,1
35.03,2
591.1899999,1
41.59,1
49.8,3
98.37,1
36.07,2
47.8979084,1
42.63,1
37.9599999,1
46.85,1
39.3,1
33.5696764,1
29.85,1
4.35,3
29.74,2
26.14,3
45.86,1
23.38,2
8.1579084,1
33.14,1
29.42,1
35.14,2
51.5899999,1
5.17,2
7.58,1
39.7,1
26.6599999,1
29.94,2
36.37,1
69.91,1
42.93,1
20.2999999,1
207.601,1
37.41,1
49.49,2
31.4096764,1
36.77,2
2.5099999,3
650.8751625,1
0.01,117
26.81,3
6.0599999,2
30.09,2
23.73,2
36.9799999,2
3.07,3
15.27,1
27.33,1
12.09,4
20.97,3
17.37,3
41.04,3
30.61,1
27.01,3
13.73,1
47.6,1
0.2199999,1
17.94,1
9.6199999,1
3.89,1
24.25,2
82.72,1
38.11,2
44.67,1
36.55,1
47.9,2
35.18,1
47.2799999,1
161.7,1
18.04,1
23.7079084,1
4.0699999,1
48.94,2
188.95,1
36.22,1
0.0602479,1
30.96,4
40.9099999,1
77.87,1
31.2396764,1
24.6,2
3.35,1
115.66,1
1.22,9
46.01,2
12.58,2
6.63,1
6.4499999,1
2.7899999,1
33.29,1
805.98,1
99.27,1
44.24,2
9.745,1
15.78,4
43.08,2
9.42,1
18.39,1
28.03,2
49.64,1
36.92,1
35.1179084,1
8.04,2
36.0899999,1
12.86,1
9.68,1
15.88,1
24.4399999,1
28.55,1
22.19,2
40.1999999,1
40.15,2
24.73,1
14.5,1
45.8799999,1
50.0165432,1
41.19,2
33.99,1
34.2108859,1
178.88,1
110.65,1
41.2299999,2
33.1599999,1
17.66,1
515.34,1
46.9199999,1
2.73,4
28.7,1
43.78,1
31.98,1
38.26,2
111.82,1
199.98,1
5.81,1
4.91,3
29.22,2
4.22,2
25.62,1
7.32,3
22.86,2
19.26,1
5.73,2
43.9899999,1
48.05,1
180.81,5
5.04,6
28.3899999,1
16.5,1
7.45,1
634.92,1
376.37,1
41.89,2
7.9,2
61.17,1
48.45,3
0.25,32
36.5279084,1
32.4,3
37.77,1
101.56,1
9.3199999,1
38.96,1
40.57,2
1.3399999,1
89.2,1
40.8201,1
26.3096764,1
0.96,9
38.1299999,1
3.8,3
26.29,1
46.16,1
33.44,1
10.19,1
58.24,1
8.39,1
45.52,1
13.21,1
23.21,1
206.7399999,1
216.6,1
2.21,3
48.79,4
11.83,2
2.62,5
16.85,1
13.47,2
42.6951479,1
36.03,1
599.05,1
10.8196764,1
42.59,1
8.46,3
31.99,1
48.9599999,1
45.25,5
253.91,1
49.79,5
37.07,3
43.63,2
21.68,1
36.2399999,2
40.3,1
41.7,1
30.24,1
26.64,1
23.88,2
20.28,2
21.6899999,1
84.28,1
37.6451479,1
108.91,2
17.52,2
14.9479084,1
12.8899999,1
40.7,2
20.8,3
26.3299999,2
30.44,1
37.37,1
16.1879084,1
141.32,1
99.3199999,1
30.5762296,1
48.3900999,1
23.2599999,1
50.49,1
200.71,1
44.97,1
27.5696764,1
0.0351479,1
601.0799999,1
32.25,2
27.31,1
175.01,1
10.7,2
69.16,1
30.59,1
24.23,2
47.56,3
138.88,12
36.6879084,1
15.52,1
12.34,2
13.98,2
48.6,2
32.55,2
10.8,2
24.75,2
23.9199999,1
39.11,1
5.6996764,1
45.67,3
228.94,190
49.94,4
24.8199999,1
48.9,2
19.9099999,1
185.77,1
36.18,3
70.85,1
49.03,1
7.14,6
2.1999999,1
7.96,1
6.37,2
288.06,1
27.97,1
5.68,3
7.19,1
25.1,4
15.9899999,1
6.95,1
42.9499999,2
47.01,2
500.49,1
39.81,1
6.5,3
32.9899999,1
14.76,2
27.5699999,2
2.8896764,1
40.85,3
6.4399999,3
31.74,2
1.91,4
164.0499999,2
13.51,2
150.04,2
12.85,1
22.49,2
18.89,3
20.95,1
16.13,1
28.53,1
22.17,1
37.92,1
28.11,2
4.9799999,1
8.29,1
2.53,3
11.31,1
25.77,1
302.42,1
29.05,1
46.8199999,1
22.69,2
53.87,1
5.4499999,1
24.2399999,2
5.1499999,1
183.97,1
42.19,1
34.99,1
61.47,1
155.8599999,1
42.32,3
47.9199999,1
48.75,1
200.8,4
19.56,2
29.2,3
0.17,11
35.1999999,2
44.78,2
16.48,1
32.06,2
68.0699999,1
22.0099999,1
29.72,2
68.78,2
33.1,1
84.05,1
3.04,6
276.91,1
49.05,1
32.2699999,1
1.52,4
22.5299999,1
0.27,15
94.51,1
37.58,1
36.33,1
42.89,2
