0.0,2446
7.5,2
2.0,37
3.0,11
4.0,12
5.0,25
0.5,17
1.0,69
8.0,7
9.0,6
10.0,17
11.0,5
12.0,4
13.0,2
14.0,5
15.0,16
16.0,4
17.0,1
49.4,1
150.07,1
20.0,17
66.7899999,1
22.0,1
81.1199999,1
15.52,1
25.0,14
28.0,2
18.54,2
30.0,11
0.75,10
32.0,1
33.0,3
34.0,2
35.0,1
36.0,3
6.0,5
38.0,1
1.67,7
40.0,23
8.75,2
27.62,1
7.0,1
3.78,2
45.0,9
46.0,1
48.0,1
49.0,5
50.0,120
18.79,2
52.0,3
15.62,2
54.0,5
11.82,1
20.43,2
6.4799999,1
58.0,1
98.5899999,1
60.0,6
30.07,1
470.17,1
12.02,1
65.0,1
31.71,1
7.74,2
10.1399999,1
70.0,2
72.0,1
75.0,2
24.7599999,1
188.5799999,22
78.0,1
80.0,3
0.48,6
143.7099999,2
23.66,1
85.0,3
40.1299999,1
4.36,1
15.26,1
90.0,5
1.37,2
93.0,2
21.2399999,1
95.0,1
96.0,2
29.35,1
49.5599999,1
14.9,2
100.0,90
30.77,1
104.0,1
43.2599264,1
3.51,1
185.02,1
18.0,2
110.0,8
15.11,1
8.7099999,1
19.0,5
27.79,1
0.66,1
41.52,1
21.7399999,2
120.0,5
92.83,5
10.08,3
123.0,9
124.0,2
125.0,4
32.31,1
21.0,2
24.01,1
130.0,5
15.99,1
70.8699999,1
133.0,2
10.5599999,1
23.0,1
9.58,1
3.45,1
31.12,1
47.54,1
49.84,1
150.0,3
21.38,3
19.5,1
68.77,1
160.0,2
1519.2802999,1
124.93,1
165.0,1
0.341,1
48.92,1
16.73,1
44.63,1
23.46,1
3.54,1
29.0,1
178.0,38
7.51,1
9.44,1
154.23,1
2303.21,1
45.57,1
65.89,1
196.0,1
7.16,1
200.0,9
95.01,1
3.92,4
0.4,10
3.37,2
49.9,1
6.6,1
21.7599999,1
44.58,1
22.74,1
31.14,1
47.86,1
24.38,3
409.0899999,1
43.14,1
16.13,2
52.7299999,1
15.35,3
26.42,1
68.59,1
22.6899999,1
2.8099999,2
250.17,1
5.3999999,1
140.81,6
4.01,4
4.7699999,1
5.42,1
4.13,2
248.0,1
18.02,1
5.83,3
42.0,1
19.66,2
5.24,2
257.0,1
33.7,1
29.3,1
9.95,4
263.0,1
26.94,1
16.83,1
50.4,1
1.19,2
133.35,1
12.61,1
52.93,1
10.41,1
31.51,1
8.53,1
24.73,1
6.65,1
4.0599999,1
290.0,1
65.7099999,1
7.98,1
470.68,1
300.0,4
0.22,10
98.49,1
21.14,1
25.69,1
17.75,3
1.65,2
95.61,1
9.93,2
0.7,11
99.58,1
140.71,1
45.97,1
382.75,1
7.94,1
85.8,1
9.6,1
4.72,2
42.37,1
48.89,1
4.26,1
17.07,1
3.63,1
49.03,1
100.38,1
20.08,1
11.5599999,2
4.95,1
100.0699999,20
29.89,1
250.1,1
15.49,2
80.6799999,1
20.11,2
23.81,1
381.3599999,1
17.45,2
8.95,3
109.27,1
19.09,1
22.56,2
28.73,1
47.76,1
2.3299999,1
23.5799999,1
490.95,1
72.25,1
19.45,4
12.96,1
5.36,1
11.58,1
2.0099999,5
31.53,1
409.02,1
11.77,1
28.33,3
45.68,1
150.2,1
29.97,2
10.3899999,1
18.37,3
5.5399999,1
11.41,3
27.61,1
2.7399999,1
46.32,1
14.23,2
1265.54,1
25.54,1
425.0,1
27.46,1
18.49,2
301.08,1
65.3,1
112.93,10
32.7699999,2
10.77,1
24.1899999,1
3.67,5
250.01,1
3.72,2
4.16,2
53.57,1
11.05,1
21.25,1
450.0,1
18.7799999,1
19.61,2
23.44,1
195.12,13
32.11,1
476.0,1
12.3799999,1
8.4599999,1
4.55,2
72.0699999,1
0.91,7
46.67,1
44.38,1
11.59,2
44.39,1
4.78,2
13.0399999,1
500.0,4
501.0,1
45.54,1
69.97,1
3.1533699,1
481.25,1
34.0299999,1
49.95,1
67.09,1
85.44,1
0.1,37
158.34,1
46.62,2
4.96,3
33.9,1
17.4,3
475.51,1
45.18,1
21.47,1
160.6699999,4
29.8,1
48.82,1
5.54,1
60.07,1
38.09,1
470.54,1
25.9599999,1
6.81,1
3.76,5
157.2,3
100.08,17
64.81,1
46.22,2
19.96,1
16.61,1
23.22,1
52.9499999,1
0.6499,1
1.18,3
2.0299999,3
301.15,1
30.33,1
25.4899999,1
66.19,1
26.38,2
49.5,2
59.68,1
8.15,2
24.11,1
250.03,1
17.86,1
20.53,2
45.5899999,1
26.56,1
2.84,2
85.74,1
32.01,1
470.74,1
32.81,1
0.0876543,1
408.56,1
2.17,4
810.2666661,1
2.0799999,1
25.02,3
2.4176543,1
28.42,1
19.48,2
70.56,1
22.65,1
474.98,1
381.16,1
33.85,1
13.94,1
32.23,1
47.9499999,1
22.49,1
150.43,5
65.59,1
0.64,5
18.56,1
5.5599999,1
21.82,1
1.63,3
14.03,1
117.0,1
23.41,2
66.0099999,1
3.5599999,1
105.56,1
8.28,2
28.93,1
24.4,3
9.1,1
37.08,1
9.92,2
22.99,2
31.39,2
29.84,1
10.74,1
28.63,1
143.18,3
5.55,1
10.7,2
18.67,1
13.59,1
28.1,2
17.94,2
31.81,1
158.2,6
15.56,1
18.27,2
11.1376543,1
10.3299999,1
8.38,1
1.23,1
440.67,1
48.75,1
21.55,3
13.95,1
23.0799999,1
21.6,1
31.19,1
54.87,1
5.96,1
2.6399999,3
42.15,1
500.11,1
66.86,1
40.87,1
45.43,1
40.7276543,1
10.8899999,1
40.71,2
23.43,2
8.1199999,2
3.55,7
237.5,1
6.54,1
39.8799999,1
44.5999999,1
29.14,1
152.1499999,1
14.01,1
63.05,1
43.19,1
13.41,1
71.17,1
46.47,1
71.2899999,1
47.27,1
4.8599999,1
16.7,1
65.7599999,1
200.13,2
0.01,118
35.1599999,1
32.73,1
34.87,1
8.06,2
68.47,1
14.06,1
40.9199999,1
93.73,1
1.26,3
46.7699999,1
30.78,1
1.8,4
409.01,1
16.06,3
30.01,1
17.7,1
7.01,2
19.34,3
23.45,1
20.98,1
117.28,1
24.3699999,1
89.25,1
152.6399999,5
7.36,1
41.7,1
24.37,1
250.23,1
20.8699999,1
6.06,1
39.62,1
5.16,1
18.5099999,1
18.22,2
0.86,4
9.6299999,1
7.57,3
31.4,1
21.94,1
5.98,3
34.1,1
46.5199999,1
47.99,1
31.0,1
20.2,2
361.21,1
19.38,1
29.71,2
2103.34,1
66.3,1
50.05,11
33.2699999,2
48.7099999,1
191.06,8
124.83,1
6.29,1
154.1399999,1
20.3,1
4.7,1
0.54,7
409.73,1
0.41,5
4.6,2
288.8399999,1
36.05,1
48.61,2
3.06,1
474.87,1
43.89,1
28.13,1
1.16,3
15.59,2
65.53,1
0.3876543,1
43.0599999,1
43.31,2
3.35,1
71.41,1
38.3399999,1
439.2,1
14.89,1
170.0,1
17.28,1
22.52,1
1.75,4
17.99,3
19.4,2
42.4,2
29.65,2
6.19,1
20.2399999,1
41.17,1
8.67,1
48.96,2
89.5099999,4
214.82,1
390.6699999,1
409.0399999,1
72.3699999,1
2.09,4
9.32,1
40.01,1
79.64,1
8.83,2
48.1299999,1
99.99,2
28.35,1
26.03,1
31.29,1
13.87,2
29.75,1
12.07,2
24.93,3
12.69,2
28.15,1
8.89,1
71.67,1
11.71,1
20.21,1
18.6199999,1
15.6,1
3.31,1
9.19,4
2.63,2
21.88,1
12.1299999,1
9.3999999,1
6.4,2
7.95,2
8.72,1
9.51,1
2.54,1
18.91,1
37.0,1
42.57,2
99.19,1
29.85,1
11.15,3
65.6499999,1
9.97,2
10.9599999,1
5.8999999,2
0.39,9
4.34,1
25.06,1
20.34,2
30.91,1
48.51,1
199.96,1
3.95,3
3.0599999,1
1.2,9
36.59,1
0.6699999,1
8.84,3
49.8799999,2
1250.6099999,1
21.57,1
22.66,1
3.44,1
134.64,1
33.51,1
47.5999999,1
5.59,3
200.15,1
10.4576543,1
21.98,3
9.2899999,1
30.49,1
13.9,1
8.03,1
185.04,1
16.25,3
37.82,1
80.68,2
100.46,1
0.8,4
7.92,1
157.6699999,2
12.25,1
31.24,1
27.64,1
40.86,1
3.56,1
16.88,2
21.28,2
7.55,2
18.52,1
1250.0,1
17.05,2
1.91,3
45.89,1
10.2999999,1
1.52,6
9.36,2
0.68,3
9.31,1
71.95,1
26.52,1
10.01,1
28.16,2
71.11,1
17.8,1
31.27,1
32.4099999,2
200.09,1
426.2899999,1
23.4,1
47.37,2
49.7699999,1
7.96,1
3.13,2
69.55,1
34.65,1
14.02,1
1.82,4
45.93,1
6.0199999,1
46.8399999,1
49.21,1
127.9199999,3
36.03,1
71.18,1
1.87,4
1.57,3
33.07,1
30.03,1
10.75,2
46.04,1
27.36,1
1.5,6
14.38,1
22.6199999,1
187.9599999,1
20.29,2
35.6599999,1
16.99,2
21.86,1
6.64,2
10.02,1
200.0199999,1
11.65,2
0.77,5
2.61,2
29.98,1
152.11,1
28.31,1
18.71,1
277.5,1
17.95,2
9.2,2
23.59,1
2.5599999,1
17.23,2
15.77,3
40.76,2
22.3,3
361.2,1
0.15,19
3.22,1
29.26,1
12.47,1
16.29,1
19.55,1
8.02,2
20.83,2
8.47,1
42.54,1
12.84,1
22.47,3
20.15,1
22.87,1
44.04,4
15.66,1
28.11,1
16.51,1
39.32,1
14.48,1
16.94,1
99.4,1
12.8299999,1
11.2,1
32.36,1
49.9899999,3
19.33,1
491.29,1
124.74,1
0.82,3
0.81,8
8.3699999,1
11.66,1
172.92,1
8.78,1
250.04,1
13.3,1
21.75,1
67.5099999,1
31.16,1
66.31,1
16.9199999,2
5.29,1
197.22,2
18.85,1
45.83,1
20.25,1
1.54,2
52.05,1
33.11,1
23.9,1
2.34,1
2.05,3
8.6299999,1
36.39,1
78.67,1
181.74,1
95.8,1
64.2099999,1
12.48,1
16.31,2
26.68,1
2.3499999,3
15.07,1
4.76,1
64.5699999,1
65.41,1
1427.27,1
165.17,1
12.01,2
37.79,3
3.61,7
138.55,1
69.85,1
20.44,1
22.61,1
47.62,1
34.9,1
21.9,2
150.02,4
2.67,2
27.55,2
90.56,1
49.46,1
109.91,1
100.2099999,1
0.49,12
12.13,1
0.9,7
4.39,3
8455.0,1
5.8,3
19.54,1
4.21,2
188.12,1
5.52,2
5.62,1
44.74,1
5.75,1
18.82,1
47.22,1
64.69,1
122.07,1
16.46,1
5.1099999,1
7.05,1
26.04,1
43.9099999,1
99.39,1
20.99,1
4.52,1
17.2599999,1
6.93,1
409.78,1
7.03,1
49.6699999,2
37.83,1
7.34,1
182.12,2
17.0999999,1
67.27,1
21.91,1
42.5,2
5.23,1
111.35,1
1.28,3
23.3,2
20.68,1
22.75,1
32.1699999,1
40.97,1
13.54,1
61.73,1
66.91,1
46.53,1
409.7199999,1
33.01,1
32.2299999,2
49.81,1
6.75,1
37.1,1
20.12,1
5.99,1
20.22,1
88.1199999,1
40.54,1
39.46,1
409.06,1
34.1299999,1
16.44,1
82.81,1
44.29,1
52.53,1
22.43,1
42.7099999,1
1.21,4
6.6899999,1
38.13,1
85.21,1
17.53,1
166.8399999,1
174.82,1
14.42,1
18.5799999,1
255.01,1
21.93,1
2.46,2
3.5799999,3
1475.05,1
39.6,1
68.95,1
195.4599999,1
14.53,2
40.1,1
5.8199999,1
13.35,1
8.17,2
27.49,2
67.9299999,1
23.89,1
33.36,1
14.99,3
1.27,5
2.55,2
1.31,4
44.64,1
76.44,1
441.33,1
289.37,1
23.17,2
12.85,2
4.89,1
5.2299999,1
12.79,1
5.76,2
9.61,3
2.86,5
13.81,1
22.77,1
0.6699,1
8.43,1
45.79,1
3.96,3
22.17,1
2.49,3
35.2,1
34.2399999,1
26.05,1
19.5799999,2
5.7799999,1
69.19,1
39.87,1
18.36,1
6.52,1
43.15,1
0.72,3
13.67,2
44.43,1
38.43,1
31.7299999,1
2.77,2
25.21,1
5.35,2
68.7099999,1
125.44,1
3.68,1
99.2,1
40.8799999,1
8.3799999,3
40.91,1
179.22,1
154.45,1
66.61,1
1.62,1
2.9699999,4
44.99,1
51.89,1
139.54,7
9.37,1
48.27,1
14.49,1
99.7,1
16.48,1
15.19,1
5.01,1
24.99,1
18.87,2
6.58,1
427.19,1
475.78,1
42.1299999,1
19.06,1
6.12,3
15.65,2
33.16,1
25.91,1
6.23,2
71.83,1
150.05,1
4.2699999,2
13.32,1
24.56,1
64.99,1
38.6599999,1
24.9,1
22.2,2
250.2,1
44.93,1
15.54,2
53.98,1
301.0902999,1
17.48,1
49.26,1
50.06,8
16.96,1
3.34,1
6.99,1
28.97,1
34.89,1
7.69,2
24.29,1
24.07,1
4.07,1
25.3699999,1
25.08,1
94.49,1
44.32,1
50.0199999,4
28.23,1
0.3299999,1
24.36,1
19.17,2
47.82,1
35.1,2
34.23,1
2.6199999,1
17.9,1
93.74,1
46.9899999,2
700.29,1
100.3,1
1.48,2
0.93,6
18.7399999,1
0.0295142,1
25.93,1
19.5299999,1
25.82,1
490.98,1
10934.41,1
14.96,1
49.59,1
381.3399999,1
31.6099999,1
2.4299999,2
14.4899999,1
38.0599999,1
123.85,1
3.25,4
0.1376543,1
26.65,1
44.89,1
124.94,1
146.31,5
17.2,1
20.46,1
18.43,3
0.32,10
8.44,1
1291.84,1
21.7799999,1
11.2099999,1
6.76,1
24.31,1
15.31,2
152.26,10
8.9,1
15.71,1
30.25,1
68.89,1
68.0,1
51.6,1
35.45,1
70.09,1
2.25,2
0.0231993,1
7.52,1
87.87,1
43.4,1
192.8099999,1
22.15,1
8.79,1
38.68,1
25.95,1
75.56,1
33.96,1
71.77,1
40.2799999,1
814.7466661,1
4.7399999,1
1.6399999,1
1383.58,1
8.09,1
22.44,1
29.32,1
28.27,1
9.5399999,1
383.39,1
7.4,1
8.32,1
25.43,1
29.52,2
14.94,1
7.75,1
19.07,2
294.17,1
189.63,1
9.25,2
20.71,1
8.45,2
20.48,1
139.8299999,1
23.96,1
28.99,1
15.14,1
7.58,1
100.1,3
25.94,1
8.4699999,1
28.51,1
8.7199999,2
8.58,1
2.5,6
26.35,1
11.4,2
7.23,1
10.22,1
13.12,1
26.17,1
1219.56,1
151.92,1
9.8899999,1
46.23,1
0.73,8
29.23,1
50.07,8
22.45,2
30.63,2
44.6599999,3
37.59,1
8.1,1
9.73,1
82.9599999,2
6.41,1
49.52,1
1.92,2
83.81,2
0.42,6
22.1,1
32.07,1
14.0699999,1
43.35,1
1.71,1
83.9299999,1
3.1599999,1
17.11,2
0.6899999,2
39.2399999,1
24.2,1
166.08,1
467.32,1
46.17,1
211.12,1
22.82,1
3.46,4
69.0099999,1
0.14,14
9.38,1
41.38,1
41.01,2
1.35,2
30.85,1
21.42,1
6.85,2
15.67,1
76.35,1
24.14,1
7.9599999,1
17.38,2
1.0699999,1
45.14,1
19.42,1
32.42,1
192.9599999,1
127.92,8
10.44,2
12.4,1
31.57,1
3.29,2
5.26,2
38.14,1
47.5899999,1
22.5799999,1
7.67,2
23.02,3
4.08,3
19.41,1
151.3899999,2
20.66,2
4.49,4
445.62,1
26.1899999,1
18.3,1
7.41,1
150.11,1
27.94,1
8.08,1
200.2999999,1
5.19,1
11.23,3
7.76,2
350.3205,1
46.93,1
29.95,1
36.92,1
7.9,2
50.15,2
93.15,1
105.18,1
10.09,1
487.18,1
45.21,2
49.3799999,1
18.05,2
0.6299999,1
55.0,1
1.09,3
123.87,1
4.38,2
19.52,1
9.39,3
10.3699999,1
16.01,2
88.9799999,1
6.92,2
41.8,2
9.7199999,1
122.99,1
100.0702,1
0.78,5
10.91,1
42.4199999,2
127.13,1
24.0099999,1
23.54,1
189.35,1
44.96,1
42.82,1
1.58,2
0.88,6
4.5599999,1
22.14,1
26.45,2
13.45,1
12.43,2
38.48,1
55.28,1
3.8,6
21.73,2
89.5399999,1
48.9799999,2
50.56,1
382.64,1
250.08,1
196.1399999,106
17.55,1
15.9076543,1
3.82,5
25.18,1
164.18,1
28.44,1
17.6199999,1
25.33,1
10.56,1
2.6999999,2
30.97,1
23.37,1
9.91,2
24.61,2
24.65,1
25.01,8
40.32,2
12.73,1
35.6,1
1.96,3
141.15,2
25.9,1
39.4899999,1
1.4498999,1
11.2899999,1
51.55,1
491.21,1
26.7399999,1
26.82,1
22.1399999,1
26.59,2
15.55,2
18.25,1
187.32,18
19.7799999,1
2.36,2
45.84,3
124.95,1
66.97,1
26.83,1
52.29,1
37.5,1
18.77,1
38.83,1
40.06,1
250.07,1
1011.98,1
31.07,1
88.98,1
8.8799999,2
37.39,1
25.1199999,1
153.7399999,1
18.09,2
72.4299999,1
8.91,1
12.9,1
28.89,1
167.38,1
20.41,2
32.9899999,1
203.11,43
381.38,1
25.19,1
40.62,1
8.1599999,1
51.9,1
18.4,1
7.09,1
265.44,1
6.24,2
28.24,1
1300.07,1
8.7999999,1
134.06,1
23.98,1
70.99,1
22.05,1
24.04,3
19.3499999,1
15.79,1
37.3499999,2
13.04,1
44.94,1
145.45,5
37.74,2
31.32,1
40.22,2
24.8499999,1
28.96,1
17.44,1
196.7,1
39.55,1
29.04,1
21.29,1
0.8199999,1
1.39,2
1.99,13
389.65,1
24.2599999,1
65.23,1
1.12,7
16.39,1
24.71,1
27.13,1
44.85,2
154.28,1
19.03,2
19.19,2
38.73,1
47.53,2
16.36,1
50.01,63
84.7899999,1
42.81,1
1.05,3
36.81,2
1.33,4
17.1399999,1
12.1,1
5.97,1
23.2399999,1
66.4299999,1
2.07,2
68.83,1
0.58,9
782.1799999,1
16.4799999,1
12.56,1
6.2,3
0.0376543,1
2.4899999,2
100.02,44
382.42,1
478.2099999,1
43.85,1
197.1099999,1
9.6399999,2
29.9,1
221.67,1
250.0321182,1
0.09,21
12.64,1
20.45,1
400.0,1
64.33,1
23.71,1
49.19,2
15.18,2
491.36,1
382.16,1
14.78,1
11.6,1
39.08,1
10.42,1
31.99,2
68.9799999,1
20.39,2
11.24,1
17.63,1
15.96,1
445.58,1
25.74,1
27.67,1
32.92,1
49.9499999,1
16.38,1
15.04,1
9.86,2
13.27,2
10.06,4
23.27,1
12.68,1
7.27,2
49.35,1
4.42,2
24.41,1
485.17,1
18.55,2
65.83,1
16.19,2
0.1999999,2
32.87,2
2.4099999,2
33.25,2
30.84,1
17.08,1
42.71,1
36.68,1
9.5,2
9.5499999,1
101.9499999,1
14.09,1
240.07,1
69.49,1
22.79,1
3.81,1
0.79,4
49.91,1
72.39,1
13.39,2
32.47,1
23.6199999,1
15.25,1
25.57,1
15.45,1
153.38,1
15.61,3
98.4,1
13.93,1
43.5999999,1
69.67,1
35.99,1
11.48,1
13.28,1
487.44,1
17.2399999,1
14.91,2
49.39,1
14.62,1
2.4699999,3
70.69,1
25.14,1
783.0,1
8.3199999,1
6.79,2
20.7099999,1
50.0376543,1
33.29,1
227.96,1
22.7,2
0.31,6
43.2699999,1
19.69,1
16.34,1
39.78,1
47.64,1
42.26,1
120.07,1
35.06,1
37.1599999,1
424.14,1
1000.52,1
2.5299999,3
0.04,43
2.57,2
135.48,1
21.6699999,1
818.8866661,1
25.58,1
26.89,1
150.48,1
5.41,3
19.5099999,1
99.71,1
7.72,4
69.31,1
6.82,1
20.86,1
21.26,1
32.82,1
4.45,4
5.12,1
10.31,1
198.1099999,1
47.38,1
29.11,1
25.04,1
44.05,1
150.89,1
6.13,1
24.45,1
160.31,5
96.83,11
4.54,1
38.12,1
22.5,1
6.95,2
0.3399999,3
3.91,5
6.36,2
25.6699999,1
197.5,1
18.26,3
8.97,1
26.77,1
2.44,3
259.37,1
73.98,1
53.89,1
31.87,1
133.5,1
49.17,1
8.86,1
8.36,1
39.65,1
37.0599999,1
5.95,2
50.1225,1
65.44,1
68.41,1
122.97,1
27.01,1
99.9999999,1
0.25,18
21.3,1
3.27,1
44.66,1
4.75,4
9.1599999,1
5.1999999,1
350.0299999,1
1.14,3
1.2999999,1
33.1299999,2
72.55,1
4.61,1
18.65,2
47.68,1
7.32,1
27.73,1
77.56,1
21.08,2
2.1599999,1
84.12,2
3.36,2
65.95,1
47.48,1
33.37,1
13.11,1
8.98,3
4.0199999,1
26.79,1
119.99,1
29.1,1
0.24,12
126.55,9
12.37,1
10.57,1
17.93,2
46.6699999,1
8.49,2
19.57,1
0.4076543,1
19.67,1
10.21,1
21.21,2
25.63,1
4.1499999,2
525.0,1
409.23,1
6.01,1
15.28,1
2.96,3
22.51,3
42.63,1
8.01,1
64.63,1
21.32,2
14.83,1
2.87,2
31.69,2
13.65,1
14.47,1
1.47,1
19.92,1
17.7799999,1
35.93,1
37.6,1
7.33,1
6.98,1
34.51,1
207.96,1
1267.75,1
153.88,1
470.73,1
157.08,1
46.59,1
8.99,3
7.97,3
10.99,1
3.84,2
9.3099999,1
22.96,2
139.41,2
1501.1,1
166.0799999,1
44.57,1
6.21,2
22.02,1
102.9,1
36.35,1
64.24,1
1.56,1
44.3,2
100.0199999,2
28.45,1
183.12,1
129.04,1
4.3,1
3.7,3
5.6999999,1
16.55,1
172.9199999,3
47.58,1
0.23,4
257.16,1
0.9599999,1
34.86,1
25.88,2
18.28,1
487.42,1
127.44,1
18.7,1
27.92,1
41.42,2
0.99,9
30.09,1
3.48,1
21.2,1
4.33,2
24.46,1
62.9299999,1
32.5899999,1
68.91,1
5.43,1
168.2,4
31.52,1
31.01,2
17.16,2
3.77,1
104.5399999,1
22.8,1
1.6099999,1
198.34,1
410.23,1
0.11,16
9.77,2
44.65,1
49.25,1
3.0299999,1
11.68,1
31.11,1
190.47,6
0.35,8
17.97,2
43.21,1
34.2699999,1
7.8,1
399.98,1
71.7099999,1
33.35,1
41.37,1
0.0244019,1
5.8599999,1
30.79,1
40.44,1
5.2,3
124.64,1
25.81,2
69.61,1
10.51,1
48.97,2
491.5,1
22.28,3
65.05,1
21.9599999,1
77.0,1
44.6976543,1
478.19,1
17.36,1
24.7,2
23.8499999,1
195.1199999,1
66.73,1
95.92,1
50.1,3
6.73,2
10.63,1
19.93,2
21.31,1
68.2899999,1
31.03,1
18.95,3
9.7,1
9.9699999,2
16.59,1
9.7899999,1
99.72,1
18.23,1
409.7,1
78.25,1
0.85,11
33.71,1
23.7,2
36.51,1
0.7999999,2
475.77,1
8.52,1
17.83,1
11.34,1
23.47,3
19.87,1
17.51,2
8.16,1
2.08,4
113.46135,1
29.51,1
12.98,2
117.3,1
44.6,2
42.5899999,1
66.78,1
525.04,1
17.8699999,1
3.49,5
4.7799999,2
6.07,1
166.01,1
6.1899999,1
12.3099999,1
19.63,1
9.8,1
18.75,2
0.0699999,5
94.95,1
70.5099999,1
26.26,1
17.29,1
27.66,1
12.7899999,1
39.88,1
6.16,1
81.83,5
0.63,1
331.6,1
122.98,1
9.1299999,1
85.3699999,1
82.93,1
11.7,1
225.44,1
0.05,185
72.13,1
3.98,6
30.43,1
12.77,1
14.4,1
16.63,1
94.97,1
154.33,1
18.93,1
8.8,1
32.86,1
491.63,1
17.66,1
19.85,1
2.2,3
12.7999999,1
34.9099999,1
22.9,1
7.93,3
10.93,2
3.2799999,1
44.47,1
95.6,2
21.97,2
8.3999999,1
11.35,3
439.22,1
49.37,2
124.8099999,1
7.64,1
27.68,1
2.29,3
5.05,4
8.9799999,1
16.54,2
5.46,3
99.0399999,1
25.16,1
16.33,1
7.87,1
43.41,1
19.82,2
49.22,1
12.44,1
17.46,2
32.2,2
4.66,2
0.6399999,1
45.6599999,1
39.7176543,1
5.77,1
12.17,1
7.18,1
6.28,1
6.59,1
22.21,4
72.19,1
23.1,1
44.5,2
25.51,1
176.75,12
1.46,3
0.45,4
13.33,2
21.27,1
40.53,2
8.1299999,1
491.49,1
43.81,1
47.09,1
20.59,1
0.61,6
30.96,1
21.99,2
11.61,1
12.52,1
22.73,1
2.56,1
46.29,1
14.15,2
0.69,1
46.35,1
0.83,3
48.34,2
5.48,2
4.9399999,1
6.48,1
1.89,1
68.6499999,1
81.24,1
32.7399999,1
1.17,2
22.23,1
98.33,1
4.6099999,2
154.54,1
78.98,1
164.5799999,1
13.34,1
152.7099999,1
44.0899999,2
14.97,1
38.95,1
2.38,1
15.85,2
24.55,1
2.7699999,1
12.67,1
24.49,3
20.89,1
200.22,1
9.49,3
26.13,1
4.24,5
2000.0,1
28.17,1
41.92,1
13.7,1
9.55,1
17.22,1
4.4799999,1
11.29,1
3.28,2
25.05,2
32.18,1
8.11,2
101.8699999,1
12.31,1
23.77,2
8.93,2
9.13,1
21.41,2
26.23,1
37.2,1
33.39,1
23.05,2
20.5799999,1
24.69,1
33.87,1
23.85,1
2.7,1
53.15,1
16.43,3
48.43,1
4.58,2
25.15,3
2.1,3
185.5,7
20.42,1
14.98,1
21.81,3
15.9,3
154.47,11
46.19,1
38.99,1
100.1199999,1
23.08,1
47.79,2
0.65,7
152.67,1
40.2,1
89.31,1
18.2399999,1
21.44,2
6.77,1
69.35,1
0.33,3
2.13,1
14.17,1
128.6699999,5
35.9199999,1
66.13,1
26.21,1
50.19,2
9.0399999,1
39.6999999,1
475.76,1
11.03,1
17.35,1
18.2599999,2
200.02,1
100.5655737,1
25.27,1
8.0399999,1
0.62,10
20.84,4
39.1999999,2
32.78,1
22.48,1
45.55,1
44.06,1
470.33,1
39.34,1
426.2799999,1
24.59,1
38.4,1
66.55,1
0.0227136,1
6.83,1
19.47,2
490.96,1
16.0099999,1
27.72,2
33.61,2
71.53,1
152.64,2
25.76,1
134.03,1
45.1,2
4.4399999,1
32.38,1
423.96,1
1.94,3
17.15,1
7.59,2
2.8299999,2
52.2699999,1
69.13,1
200.01,1
14.64,1
30.54,1
7.24,2
7.82,3
21.22,1
8.23,2
160.8899999,12
30.53,1
32.33,1
160.07,1
35.61,1
409.62,1
91.98,1
34.09,2
38.89,1
16.3,1
70.1499999,1
31.25,2
20.5,1
14.18,1
18.9,1
1093.84,1
10.1,1
8592.0,1
3.97,6
19.7399999,1
29.47,2
178.37,11
3.4598999,1
20.6899999,1
30.19,1
18.07,1
475.5,1
9.75,2
150.04,1
17.7399999,1
38.29,1
350.0601,1
3.2,3
2.91,1
37.4,1
133.57,1
23.15,2
100.0399999,7
32.68,1
95.56,1
22.86,2
11.89,1
28.3899999,1
124.68,1
24.22,1
1.03,4
8.94,1
157.67,7
28.57,1
32.14,1
24.79,2
35.16,1
15.81,1
8.82,1
26.43,1
11.44,2
39.24,1
15.64,1
20.07,1
151.74,1
17.71,1
48.2,1
2.9899999,2
6.66,1
22.4,1
134.0799999,1
19.36,2
93.47,1
22.03,1
0.46,8
68.23,1
19.2399999,1
42.8499999,1
103.3199999,2
0.6,8
26.47,1
40.9499999,1
287.96,1
8.59,1
700.0,1
27.87,1
10.0399999,1
0.71,3
4.8099999,3
46.84,1
20.65,1
40.23,2
5.7699999,1
103.58,6
152.03,1
35.51,1
9.4599999,2
223.9099999,1
7.6,1
127.75,2
98.34,1
89.88,1
10.11,1
21.48,2
46.83,1
16.21,1
29.99,2
95.59,1
69.7899999,1
89.1199999,1
1.68,4
30.89,1
20.54,1
10.5,1
42.07,1
23.8,1
22.83,1
6.72,1
45.35,1
33.5,1
15.82,1
58.98,1
5.0199999,2
18.42,1
19.14,1
37.3,1
153.33,1
409.82,1
16.47,2
67.33,1
25.53,1
17.96,1
106.24,2
6720.3581804,1
66.49,1
10.23,1
26.95,2
10.5399999,1
4.4,2
4.18,1
7.1,4
32.58,1
10.33,1
28.74,1
17.14,1
18.38,1
22.78,1
100.0799999,1
27.89,1
20.17,2
24.42,2
24.5,1
82.9299999,1
18.11,3
128.67,5
8.41,2
170.84,1
4.51,3
27.28,1
4.92,2
20.02,2
28.83,1
3.0999999,1
21.66,1
0.9799999,2
19.3,1
0.56,4
24.8299999,1
47.87,1
24.94,1
98.4799999,1
10.58,1
34.37,1
26.29,1
3.41,1
40.93,1
32.7099999,1
44.21,1
138.3399999,3
148.5,1
35.6299999,1
442.16,1
18.2,1
40.0999999,2
321.68,1
5.5299999,1
3.79,2
16.49,2
0.02,64
70.03,1
0.43,5
38.69,1
147.6699999,1
49.97,1
29.1376543,1
31.17,2
115.79,1
3.7699999,1
46.6599999,1
25.75,1
58.67,1
124.63,1
2.2699999,1
58.1099999,1
48.21,1
30.95,1
100.01,23
18.13,1
0.89,5
46.33,2
9.99,2
17.81,1
31.45,1
11.95,1
7.61,2
17.09,1
187.9199999,1
160.67,6
18.73,1
43.76,1
180.96,1
60.56,1
71.35,1
47.84,1
423.95,1
27.43,2
25.48,1
18.83,1
2.15,1
100.0906,1
476.02,1
8.77,1
22.33,2
42.98,1
9.59,1
27.97,2
1.73,2
16.37,1
14.41,1
21.61,1
18.01,1
34.32,1
13.23,1
45.6,1
5.04,2
52.3,1
2.27,2
409.61,1
16.03,2
37.55,1
19.75,1
0.5699999,1
10.45,2
20.47,2
2.97,1
12.5599999,1
4.87,3
14.05,2
27.25,1
9.52,2
20.7799999,1
19.6399999,1
12.23,2
26.4199999,1
6.0699999,1
26.18,1
3.88,3
144.98,1
67.2099999,1
32.83,1
13.57,2
44.11,2
1.43,3
28.5,2
10.64,3
9.0799999,1
22.11,2
23.2,2
89.51,5
12.12,1
68.53,1
44.86,1
75.09,1
287.5,1
407.88,1
18.31,1
50.62,1
53.9,2
19.02,3
29.07,1
19.86,1
80.56,1
87.12,1
197.1399999,3
380.16,1
12.24,1
72.0099999,1
32.3499999,1
26.2,1
106.99,12
4.64,3
203.1099999,25
17.04,1
35.66,1
409.8099999,1
37.41,1
139.7,4
140.0,1
100.06,23
47.3799999,1
9.07,2
21.96,2
6.9,2
25.07,3
3.69,3
27.52,1
64.8699999,1
15.86,1
1.3024288,1
48.72,1
9.7999999,1
1.83,2
67.63,1
3.3099999,2
19.4899999,1
27.6,1
15.06,2
16.67,2
2.8899999,2
12.59,1
133.15,1
196.53,1
2.5799999,2
95.66,1
48.73,1
49.53,2
118.22,6
1.01,4
43.2299999,1
3.99,3
124.78,1
18.39,1
13.75,2
33.54,1
64.75,1
24.74,1
121.88,1
14.11,3
1.1,3
1.72,6
153.9199999,1
16.5799999,1
4.74,1
36.76,1
6.96,2
21.11,2
1.98,2
55.29,1
21.43,2
50.12,2
32.03,1
50.02,38
38.6,1
6.04,1
49.13,2
12.71,1
2.28,2
20.03,1
89.8,1
206.2,1
23.75,1
17.1699999,1
426.27,1
0.51,10
23.49,1
12.6,1
70.05,1
19.81,1
9.28,3
45.4,1
30.18,1
14.1,1
1.29,2
49.08,1
8.92,2
65.35,1
17.39,1
9.74,1
22.63,1
93.48,1
15.23,1
203.0799999,1
31.1,1
300.08,3
190.46,5
34.92,1
16.5999999,1
30.9,2
5.1899999,1
13.2999999,1
0.95,12
11.54,1
0.36,4
50.0899999,1
119.91,1
150.14,1
10.36,1
21.45,2
16.27,2
149.37,1
31.82,1
11.38,1
24.43,2
67.03,2
31.55,2
46.97,2
13.88,1
21.19,1
19.08,1
42.87,1
3.58,1
16.66,2
2.69,2
27.85,1
94.11,1
28.59,1
39.5999999,1
0.53,5
241.59,1
100.1499999,1
39.3,1
23.0099999,1
157.5,1
6.67,3
30.2,2
191.6499999,1
49.62,3
1660.9499999,1
13.77,2
39.19,1
39.99,2
2.72,2
23.83,2
34.47,1
24.63,1
194.63,1
39.1599999,1
66.0699999,1
70.2099999,1
188.91,4
16.69,1
140.96,2
485.94,1
470.18,1
32.05,4
52.9199999,1
18.08,1
69.73,1
6.05,1
84.24,1
41.48,2
476.01,1
850.24,1
26.06,2
138.34,6
24.98,1
475.96,1
2.16,2
1.49,5
21.34,1
48.98,2
18.98,2
36.26,1
22.39,2
15.75,1
19.18,2
83.84,1
41.16,1
14.95,1
4.3599999,1
49.55,2
70.9299999,1
19.72,1
143.73,7
41.96,1
6.46,2
22.8699999,1
7.56,1
2.82,3
5.66,1
20.5099999,1
15.41,2
6.97,2
28.62,1
7.07,2
18.32,2
22.26,1
4.48,3
28.69,2
69.91,1
70.39,1
33.38,1
0.3999999,3
470.21,1
119.0,1
24.03,1
29.77,1
8.71,1
16.93,3
45.2699999,1
5.38,2
80.71,1
21.36,3
7.79,1
200.04,1
23.5,1
7.2,1
16.6199999,1
13.89,3
8.48,1
0.16,14
8.19,1
24.02,1
27.07,1
41.33,1
7.45,1
44.61,1
93.98,1
45.4899999,1
30.55,1
17.5,1
51.17,1
85.75,1
5.56,1
100.16,5
12.4699999,1
42.83,1
18.34,1
2.9,2
29.05,4
26.5,1
7.86,2
30.23,1
124.73,1
3.19,2
23.65,1
0.1699999,6
41.68,1
15.51,1
65.56,1
7.78,1
46.55,1
88.12,4
521.25,1
40.47,1
105.1199999,7
54.71,1
36.19,2
5.2699999,1
38.5299999,1
28.49,1
140.49,1
350.14,1
10.87,1
135.45,3
22.93,2
47.44,3
13.69,1
48.24,2
93.08,1
16.57,3
42.72,1
1.25,7
29.41,1
18.21,1
27.08,1
85.83,1
18.48,3
22.7799999,2
6.31,1
35.09,1
22.18,1
2.88,2
700.4599999,1
25.44,1
652.83,1
10.18,1
248.27,19
8.51,1
2.79,2
22.08,1
23.7399999,2
30.13,1
29.29,1
31.85,1
10.15,3
49.48,2
12.97,1
41.89,1
2.24,2
13.03,1
0.96,7
16.82,1
44.8576543,1
7.63,2
50.03,22
381.31,1
15.89,1
9.01,3
43.7299999,2
45.31,1
19.28,1
15.95,1
1266.0,1
21.4,1
38.9799999,1
49.96,1
7.46,1
100.1502,1
15.78,2
11.98,3
100.04,26
22.2399999,1
162.66,1
8.0799999,1
3.86,4
22.32,2
35.07,1
35.27,1
26.14,1
301.39,1
0.07,16
0.3199999,1
146.3099999,1
29.83,1
87.64,1
100.24,1
28.03,1
0.2799999,1
46.3,1
31.75,1
330.07,1
191.12,234
4.83,1
20.6199999,1
41.93,1
48.46,1
10.19,1
123.21,1
15.05,1
243.98,1
48.87,1
29.24,2
9.02,1
20.32,1
124.88,1
18.88,1
10.65,1
23.28,2
40.14,1
197.14,2
29.67,1
20.92,1
10.81,1
24.5999999,1
114.3099999,1
10384.5,1
23.82,1
7.99,3
4.84,2
1.24,4
22.2599999,1
152.14,1
176.2,1
22.34,2
3.4,3
13.73,1
18.16,2
21.7,2
36.2299999,1
16.9099999,1
19.8,2
21.3299999,1
9.84,1
168.59,9
19.05,1
30.37,1
22.07,1
49.85,1
7.54,1
40.83,1
24.66,3
46.65,1
1.42,1
0.92,7
38.54,1
33.93,1
1.32,3
37.21,1
29.18,1
70.81,1
136.64,4
1214.82,1
2.1999999,2
16.5,1
79.18,1
2.1799999,2
2.71,5
33.0999999,1
31.09,2
17.33,1
76.49,1
41.4199999,1
9.03,1
47.69,1
48.49,1
403.39,1
25.6599999,1
43.77,1
139.83,1
334.06,1
46.7399999,1
190.4599999,4
0.44,4
16.85,2
5.9399999,1
7.08,2
33.6876543,1
25.45,1
1.4,4
18.97,1
427.18,1
18.46,1
17.4899999,1
6.1099999,1
26.31,1
24.68,1
100.09,5
41.28,1
169.76,1
10.2,1
29.59,1
33.48,1
0.84,3
23.23,1
44.76,1
43.9799999,1
45.56,1
0.21,6
40.84,2
3.9,4
5.61,2
25.4,1
5.02,1
444.27,1
13.02,1
30.83,1
6.26,1
13.84,1
24.47,1
11.37,1
26.11,2
20.5299999,1
168.06,4
9.48,1
4.67,1
22.42,1
49.88,2
16.87,2
11.83,2
486.07,1
24.92,2
101.15,1
0.52,6
14.21,2
4.32,1
99.1,1
5.25,1
8.3,1
27.75,1
11.49,2
1.74,3
29.53,1
17.59,2
12.19,3
18.99,1
21.46,1
5.08,3
49.83,1
51.5599999,1
66.85,1
20.14,2
45.11,2
134.07,1
9.82,1
83.94,1
35.67,1
4.73,1
2.74,2
1503.34,1
5.84,1
26.2599999,1
24.62,1
2.76,2
1.93,8
20.63,1
1.07,4
5.49,2
125.09,1
338.13,1
37.11,1
27.26,1
18.29,1
28.66,1
19.9,2
133.52,1
33.47,1
50.18,1
66.56,1
44.3099999,1
48.53,1
105.12,20
21.02,1
106.67,1
6.61,2
87.44,1
0.2,19
7.89,1
6.53,1
5.3,1
21.54,2
5.71,1
0.87,3
27.18,1
47.94,3
48.74,1
7.49,1
51.22,1
52.02,1
5.9799999,2
26.46,1
474.31,1
123.2,1
12.57,1
44.55,1
1.0499999,1
100.14,6
18.53,1
6.02,1
4.43,1
5.53,1
22.97,1
2.3,3
6.94,2
270.07,1
154.5499999,1
24.1,1
38.5,1
1.3,3
100.2,1
0.29,8
32.9499999,1
17.41,3
64.9299999,1
400.49,1
44.2299999,1
37.81,1
6.25,2
49.01,2
12.1199999,2
69.34,1
300.2199999,1
4.91,2
24.52,1
2.19,2
24.5799999,2
486.06,1
18.45,1
99.05,1
0.6799999,1
122.81,3
48.29,1
43.57,2
5.67,2
6.84,3
4.1899999,1
181.3899999,1
19.16,2
2024.11,1
22.27,1
5.9,1
193.12,1
70.33,1
6.43,2
1.13,2
67.1499999,1
2.2876543,1
11.53,3
31.96,1
5.3199999,1
10.35,3
6.08,1
50.08,7
15.17,3
17.49,1
17.89,2
45.36,1
11.99,1
19.13,2
31.77,1
20.96,2
40.64,1
100.44,1
410.33,1
17.17,2
51.92,1
200.11,1
5.73,1
8.25,1
67.81,1
28.02,1
9.79,1
32.25,1
46.68,1
10.61,3
33.69,1
14.81,1
3.16,2
185.37,12
9.43,2
13.63,1
42.36,1
38.6976543,1
39.2,1
6.49,2
16.05,1
8.61,1
17.5799999,1
23.0499999,1
15.47,3
43.87,1
18.44,2
1.38,1
0.0175712,1
42.43,1
3.52,3
99.35,1
44.6999999,1
67.69,1
3.93,3
44.95,1
98.6999999,1
100.05,16
36.91,1
17.3,1
146.39,2
48.19,2
13.0599999,2
48.99,2
65.17,1
36.27,1
27.19,1
100.2599999,1
47.6299999,1
681.61,1
13.96,1
32.29,2
409.67,1
442.19,1
26.25,1
24.44,2
24.32,1
2.8,5
200.66,1
46.75,1
80.05,6
204.55,1
22.31,1
30.56,2
76.24,1
390.5899999,1
157.0799999,4
1000.0,5
2.98,3
11.0576543,1
25.84,1
49.98,3
46.2299999,1
23.48,1
15.01,1
49.79,1
24.17,1
2.6,1
200.08,1
33.34,2
66.3699999,1
190.8699999,5
28.61,1
1.9,4
10.27,1
14.67,1
7.39,1
43.9,1
20.72,3
23.95,1
25.12,1
37.01,1
160.89,5
3.12,2
18.24,2
8.9599999,1
47.1,1
15.13,2
40.03,1
128.07,1
24.87,1
15.83,1
27.91,1
0.12,14
67.45,1
26.27,3
47.05,1
6.32,1
1.22,4
1.81,4
7.43,1
26.78,1
25.59,1
10.0599999,1
2.6799999,1
5.64,1
11.7199999,2
200.07,2
15.02,1
2.2599999,2
79.98,1
17.54,1
32.89,1
118.54,1
44.17,1
40.8776543,1
4905.13,1
14.32,1
0.57,3
7.84,1
40.25,1
50.013,1
41.69,3
39.45,1
72.31,1
45.5,1
11.4799999,1
8.73,1
43.8399999,1
812.3266661,1
100.12,6
164.82,2
16.15,2
3.32,2
45.96,2
4.46,2
52.04,1
21.5,1
100.13,6
54.55,1
98.85,1
22.22,1
125.99,9
98.55,1
21.79,2
45.16,1
14.88,2
20.7399999,1
19.43,4
9.94,2
21.07,1
35.72,2
191.65,7
26.71,1
180.06,1
26.15,2
47.25,1
26.53,1
6.03,1
17.43,2
40.55,2
1.84,6
8.76,1
70.63,1
23.86,1
94.1,1
24.2399999,2
125.19,1
20.35,1
19.1199999,1
8.74,2
6.3099999,1
38.93,1
5.37,1
22.46,1
0.94,7
16.97,1
485.96,1
48.36,1
86.47,1
23.4199999,1
28.98,1
42.23,1
2.52,5
9.9,1
150.8899999,5
95.78,1
3.24,2
67.75,2
118.34,1
474.49,1
23.94,1
266.8399999,1
45.5199999,1
49.8,3
4.97,3
100.84,1
45.12,1
22.24,1
2.65,3
69.4299999,1
30.73,2
34.63,1
28.87,1
38.7099999,1
188.58,10
1.78,3
15.72,1
93.88,1
9.45,2
0.37,6
8.85,1
16.35,2
14.31,1
68.35,1
18.14,2
37.86,1
23.38,1
23.14,1
48.25,1
199.71,1
17.69,2
17.42,2
44.42,1
38.82,1
67.39,1
68.17,2
1.6,3
177.92,2
0.19,14
6.91,3
51.5899999,1
5.17,1
49.69,1
31.23,1
17.02,1
5.58,2
98.98,1
18.66,1
4.99,4
47.7,1
24.3,1
3.85,2
21.8299999,1
29.1599999,1
29.94,1
16.07,1
99.41,1
18.47,3
50.2299999,1
17.32,2
136.6399999,4
38.21,1
23.25,1
5.4,4
8.2,1
0.27,2
2.9299999,4
442.18,1
19.11,1
26.0499999,1
99.67,1
470.19,1
10.6,1
45.41,1
43.65,1
40.69,1
24.82,1
3.71,1
1.86,4
3.74,3
409.1699999,1
11.08,1
0.03,40
3.0099999,2
23.42,1
63.98,1
65.2899999,1
175.84,3
18.61,2
647.11,1
94.92,1
30.31,1
5.6499999,1
22.81,1
41.7699999,1
16.45,2
14.45,1
15.03,1
28.39,1
20.82,2
19.73,1
11.9,1
1.04,7
64.45,1
18.41,3
2.02,1
41.84,2
4.8,2
134.11,1
7.91,1
3.07,2
0.4099999,4
2499.72,1
154.68,1
11.27,1
31.33,2
21.2599999,1
24.97,2
68.05,1
21.37,2
49.04,1
12.91,1
30.61,1
19.01,1
2.11,3
15.73,1
47.6,2
219.37,1
22.57,1
450.11,1
43.4899999,1
20.05,3
29.17,3
43.54,1
83.86,1
10.39,1
119.83,1
12.55,1
24.25,2
23.7799999,1
11.45,1
100.22,4
11.0399999,2
42.65,1
27.88,1
17.21,1
10.28,1
49.78,1
21.67,1
51.61,1
69.3699999,1
9.8799999,1
2.75,1
4.94,1
46.87,2
1.85,2
13.08,1
17.03,3
65.47,1
2.4499999,1
26.9,1
99.6799999,1
42.3,2
19.15,1
45.46,1
279.68,1
18.96,1
5.47,1
3.59,1
2.8699999,1
16.81,1
3.2199999,1
16.4,2
2517.04,1
93.69,1
5.7,2
100.56,1
46.46,1
71.6499999,1
5.72,2
21.17,1
32.5299999,1
180.25,1
191.1199999,12
27.9,1
14.77,1
99.0,1
89.07,1
22.04,2
4.5699999,2
196.14,39
32.94,1
66.67,1
193.74,1
26.96,1
0.98,8
125.2,1
2.1399999,1
19.37,1
20.77,1
12.8999999,1
1.79,3
101.1499999,3
87.63,1
30.4,1
16.4899999,1
52.94,1
20.6,2
7.15,3
19.2,1
3.1,1
9.69,1
21.49,2
4.93,6
1.97,6
42.73,1
2.9099999,2
21.01,1
38.01,1
0.47,5
46.81,1
22.41,3
50.09,3
67.8699999,1
199.11,1
24.67,1
4.88,1
16.79,2
9.9599999,2
4.4499999,1
21.53,1
1.1299999,1
28.84,1
49.29,1
65.77,1
70.27,1
40.24,3
13.09,1
29.76,1
9.12,1
24.05,1
39.8,1
64.39,1
13.55,1
19.39,1
14.25,2
5.15,1
16.72,1
14.6,3
43.08,1
22.09,1
25.99,1
100.2299999,1
26.39,2
95.88,1
31.63,2
35.42,12
86.44,11
470.58,1
5.94,1
143.71,4
44.92,2
13.21,1
13.07,1
310.07,1
23.35,1
1.5899999,1
17.34,1
14.04,1
15.43,2
20.5499999,1
11.06,2
17.27,1
2.04,2
9.68,1
174.46,3
15.88,1
71.47,2
230.0,2
442.17,1
28.55,2
26.0799999,1
14.73,1
18.19,1
2.32,5
32.1999999,1
9.78,1
11.5699999,1
32.15,3
6.15,1
6.7,1
0.76,4
1.76,2
46.71,1
47.96,1
6.6099999,1
148.2,11
66.18,1
8.2399999,1
476.05,1
17.5999999,1
20.49,1
1.59,1
24.53,1
1.69,2
37.91,1
1356.8,1
33.19,1
49.99,3
36.47,1
45.27,1
15.38,2
100.15,3
44.4799999,2
0.34,1
31.42,1
24.77,1
3.64,3
18.35,1
470.44,1
125.6,1
48.65,1
7000.0,1
100.0099999,53
546.25,1
47.75,1
9.3799999,1
14.74,2
24.09,1
23.06,1
5.89,1
20.7,2
7.21,2
26.34,1
34.98,1
14.27,1
106.72,6
13.99,3
46.26,1
89.32,1
153.8899999,1
26.41,1
34.34,1
71.84,1
146.3899999,8
400.1,1
148.98,1
476.12,1
7.81,1
15.53,2
5.91,1
25.22,1
25.73,1
5.32,2
18.86,2
31.26,1
44.82,1
808.5066661,1
48.1,1
15.09,1
1049.97,1
50.11,2
4.03,4
0.0999999,7
8.64,1
40.05,4
6.88,2
4.63,3
192.81,2
7.04,3
24.34,2
16.28,1
79.39,9
6.45,1
38.31,1
6.86,2
21.5799999,1
13.52,1
49.1999999,1
1.36,6
16.11,2
15.91,2
38.61,2
112.38,1
41.47,1
19.32,2
49.89,1
19.6199999,1
20.38,1
15.21,1
8.33,1
25.03,1
36.3399999,1
487.2,1
28.75,1
17.65,2
12.5,1
22.36,1
14.12,1
7.12,2
48.45,1
77.5,1
112.09,2
69.25,1
24.81,1
37.12,1
23.2599999,2
32.4,1
16.65,1
7.7,2
85.56,1
9.3199999,1
46.96,1
1.3399999,1
67.2,1
185.26,12
141.1499999,1
3.94,4
6.5199999,1
14.72,1
39.56,1
157.74,4
390.64,1
15.37,3
23.93,1
14.19,1
8.39,1
17.57,3
42.12,1
0.3,11
31.21,3
476.06,1
8.34,2
11.3,1
27.37,1
1.55,4
196.2399999,1
0.2876543,1
8.8999999,1
2.21,1
25.09,1
3.43,4
32.04,1
98.56,1
16.7399999,2
2.12,3
24.85,1
8.65,1
8.7,1
11.47,2
28.09,2
22.38,1
1176.56,1
33.98,1
20.2599999,1
9.16,1
44.03,1
4.04,2
29.01,1
46.51,1
4.25,1
476.03,1
42.59,1
88.34,3
19.49,2
37.68,1
2.03,2
5.63,1
71.6699999,1
46.69,1
168.91,13
10.94,1
16.8299999,1
45.07,2
8.35,1
64.27,1
37.37,1
9.98,1
35.63,1
906.37,1
44.2399999,1
2.59,4
78.8,1
48.3,1
7.88,1
135.12,1
20.28,1
70.45,1
19.44,1
17.61,1
45.95,1
47.7699999,1
25.5799999,1
166.84,1
37.31,1
1.45,4
40.65,1
30.64,1
46.86,1
23.88,2
23.32,1
1162.96,1
50.0299999,1
25.92,1
0.28,7
18.4399999,1
14.65,1
70.2899999,1
197.52,1
1.95,5
100.03,26
33.3099999,1
178.3699999,2
4.15,1
12.95,1
25.52,1
31.15,1
4.5,1
66.25,1
8.6399999,1
4.1,1
21.6199999,1
16.8,1
6.8,2
28.81,1
10.69,1
1.64,2
24.96,2
1.88,3
0.97,9
32.65,1
67.5699999,1
99.81,2
1.61,3
59.99,1
300.2799999,1
1.11,3
47.21,1
0.13,12
0.1399999,1
30.67,1
16.91,2
9.05,1
99.18,1
48.18,1
448.43,1
509.52,1
31.46,1
71.05,1
125.61,1
23.34,2
100.17,2
30.05,1
382.5,1
45.77,1
93.8,1
49.31,1
12.5499999,1
126.7,1
29.27,1
4.8199999,2
4.47,1
24.89,2
24.4399999,1
78.6,1
2.45,1
10.8,2
785.8299999,1
476.07,1
16.9,1
11.5,2
4.12,2
11.86,1
14.59,1
32.55,1
34.9899999,1
3.73,2
27.31,1
2.3899999,2
68.11,1
498.9099999,1
20.95,2
12.7,2
9.53,1
18.59,2
20.97,1
11.16,1
20.23,1
46.76,1
37.9799999,1
55.56,1
42.6776543,1
334.56,1
9.85,3
14.71,1
1.51,5
20.1199999,2
31.83,1
26.44,1
19.25,1
14.34,1
17.47,2
4.35,1
50.04,10
13.16,2
23.11,3
21.85,1
27.51,2
37.32,1
13.98,1
36.17,1
47.6999999,1
19.21,2
6.3599999,1
10.5499999,1
18.57,1
25.39,2
127.3,3
43.59,1
0.59,8
150.01,1
11.51,1
35.79,1
24.28,1
16.75,4
21.1899999,1
20.4,1
47.16,1
2.42,1
14.93,1
19.2599999,1
11.17,1
1.7,5
34.43,1
0.26,9
147.67,3
32.34,1
16.86,1
0.67,4
71.68,1
183.94,2
8.5499999,2
17.87,1
0.06,32
19.27,1
427.2,1
4.57,1
51.68,1
30.36,1
5.5,1
8.87,1
13.72,1
45.3,1
5.1,1
48.95,1
25.6199999,1
25.7,1
99.21,1
19.99,3
40.9,1
23.1699999,1
20.9,1
190.88,1
36.18,1
11.52,1
102.85,1
19.51,1
13.15,2
57.03,4
20.91,1
200.5,1
145.65,1
5.14,2
33.03,1
6.55,4
2.9499999,4
6.09,1
22.54,1
46.66,1
20.18,1
49.94,1
23.53,2
42.74,1
98.08,1
17.82,1
37.22,3
4.28,1
5.74,1
21.13,1
6.5699999,1
13.97,1
40.5599999,2
138.5499999,1
99.07,1
5.68,3
6.78,2
39.6699999,1
12.8,1
4.09,4
49.6599999,1
190.87,36
476.08,1
5.4799999,1
13.5,1
32.5,2
53.7,1
13.86,2
9.2399999,1
0.55,14
4.2,1
125.59,1
2.23,2
35.87,1
35.73,2
1.06,2
124.22,1
185.44,1
20.93,4
39.81,1
6.5,3
24.19,1
70.75,1
77.9799999,1
52.7399999,1
9.76,1
402.56,1
13.06,1
0.3899999,1
19.53,2
31.93,1
182.82,1
125.21,1
5.7399999,1
0.38,7
37.16,1
16.2,1
120.84,1
5.4399999,1
19.31,3
41.4799999,2
17.74,1
1.66,2
16.7799999,1
99.1699999,1
5.51,1
3047.02,1
32.0199999,1
34.07,1
151.01,1
13.51,1
124.92,1
167.04,7
71.23,1
11.67,1
2023.15,1
10.03,2
2.92,3
5.5699999,1
14.85,1
0.18,12
44.08,1
22.0799999,2
26.49,1
18.89,1
12.49,1
24.13,2
71.59,1
42.64,1
10.6499999,1
70.5699999,1
18.17,2
5.92,1
26.61,1
192.96,2
0.9699999,1
86.52,1
4.9799999,2
12.4599999,1
14.29,1
3.08,2
5.57,2
11.11,1
13.31,1
17.77,1
15.93,1
10.13,1
0.74,4
6.1,2
448.42,1
21.05,1
19.7,2
22.69,1
23.99,1
42.17,3
33.15,1
2.94,2
4.9499999,1
1.3799999,3
47.71,3
15.29,2
5.45,2
71.89,1
1.15,11
24.91,2
100.18,1
12.82,1
41.03,1
22.7399999,2
4.8999999,3
34.81,1
52.91,1
42.19,1
2.4,3
45.47,1
65.11,1
8000.0,1
6.74,1
7.28,1
15.97,1
23.29,1
1.08,6
5.28,2
163.8599999,1
8.29,1
0.4399999,1
14.8,2
100.2899999,1
16.09,2
17.1,1
15.5,1
41.5599999,1
18.5,1
144.8,3
6.37,1
19.22,1
64.5099999,1
1258.53,1
100.11,7
25.2,3
9.67,4
0.17,13
470.14,1
15.16,1
36.78,1
5.93,2
24.48,1
41.4499999,1
69.0699999,1
25.85,1
2.95,1
28.67,1
24.08,1
27.81,2
26.75,1
22.0099999,1
17.72,2
39.9899999,3
30.12,1
34.54,1
23.36,1
101.87,2
45.82,1
150.03,3
16.1199999,1
14.35,2
174.4599999,1
487.21,1
0.08,22
52.38,1
19.46,1
3.04,4
41.05,1
1.02,1
8.4,1
15.4,2
22.5299999,1
53.78,1
83.12,2
2.7799999,2
3.42,2
1.3099999,1
40.33,1
44.33,2
2.5099999,2
9.1199999,2
24.95,2
29.96,1
83.98,1
28.21,2
42.89,1
67.99,1
20.36,1
17.6976543,1
4.3999999,1
1.53,1
25.87,2
20.16,1
27.27,1
5.88,2
8.05,1
4.6899999,2
