0.0,65
1.0,6
900.0,1
5.0,5
9350.0,1
3585.0,1
10.0,1
685.0,1
400.0,13
10001.0,1
165.31,1
150.0,21
3.55,1
25.0,2
155.0,1
670.0,1
800.0,1
30000.0,1
35.0,1
2000.0,1
6.0,1
550.0,1
10200.0,1
40.0,1
300.0,16
45.0,1
239.01,2
700.0,3
49.0,1
50.0,265
1.3,1
10239.01,1
55.0,1
42.01,1
4.3099999,1
3305.0,1
60.0,1
5383.5,1
65.0,1
450.0,4
2763.0,1
48.0,1
649.5,1
200.0,31
75.0,1
80.0,1
675.0,1
690.0,1
85.0,1
1750.0,1
35288.47,1
600.0,1
3300.0,1
90.0,1
1500.0,1
350.0,10
95.0,1
10000.0,1
70.0,1
100.0,186
60005.0,1
1.1,1
6673.0,1
24.05,1
4007.0,1
110.0,1
2800.0,1
680.0,1
500.0,6
105.0,2
1300.0,2
250.0,10
9010.0,1
125.0,2
