0.0,8619
16.5,1
2.0,78
3.0,21
4.0,35
5.0,58
0.5,47
1.0,195
8.0,11
9.0,10
10.0,51
11.0,8
12.0,13
13.0,5
14.0,3
15.0,11
16.0,4
17.0,5
18.0,7
19.0,2
20.0,32
21.0,4
22.0,6
23.0,5
24.0,3
25.0,16
26.0,2
28.0,6
29.0,4
30.0,17
31.0,4
32.0,5
33.0,3
34.0,4
35.0,10
36.0,3
6.0,11
38.0,2
39.0,1
40.0,21
41.0,2
42.0,4
7.0,10
44.0,6
45.0,9
46.0,3
47.0,2
48.0,6
49.0,13
50.0,145
51.0,2
54.0,1
55.0,5
56.0,2
34.44,3
10.44,2
60.0,7
61.0,1
62.0,2
63.0,1
64.0,1
65.0,2
68.0,2
69.0,1
70.0,5
71.0,1
75.0,4
76.0,1
4.484299,1
80.0,7
82.0,1
84.0,1
15.26,1
90.0,6
50.0300145,1
92.0,1
12.08,2
17.35,2
99.0,2
100.0,197
101.0,1
102.0,1
104.0,1
105.0,6
106.0,1
107.0,1
48.9400057,1
110.0,2
111.0,1
0.0283722,1
41.27,1
120.0,2
37.03,2
123.0,2
125.0,2
1456.75,1
128.0,4
130.0,3
71.75,1
132.0,1
135.0,1
136.0,3
137.0,1
1.7801,1
146.0,1
148.0,1
149.0,1
150.0,28
151.0,2
152.0,3
153.0,1
154.0,1
155.0,1
158.0,1
102.473492,1
160.0,2
163.0,2
165.0,1
24.73,4
44.63,1
172.0,1
145.9998,1
175.0,1
180.0,2
23.0300145,1
11.7199398,1
190.0,1
191.0,1
196.0,2
198.0,1
200.0,23
205.0,2
206.0,1
207.0,1
4.6,3
214.0,1
27.14,1
23.1900057,1
24.38,1
220.0,1
162.16,1
167.34,2
37.0,4
33.2299999,2
230.0,1
5.3000001,1
22.76,1
171.31,1
241.0,1
249.0,1
85.47,1
27.7601814,1
27.66,1
6.24,1
43.0,3
21.3,2
1.48,4
30.94,1
24.7999999,1
268.0,1
38.37,2
407.64,1
44.93,4
4.5700351,1
46.1699999,1
300.0,18
305.0,1
318.0,1
388.75,1
38.77,1
325.0,1
57.338999,1
330.0,1
49.03,2
4.2507871,1
32.4199999,1
104.3199999,1
58.0,1
8.9569118,1
0.261,1
353.0,1
0.04,88
6.3099999,2
10.95,1
31.09,1
10.8619947,1
48.56,1
202.9801491,1
2.4,2
400.0,1
3.66,4
15.77,2
28.33,2
12.59,3
2.81,2
18.37,2
9.41,2
28.01,2
14.23,1
418.0,1
0.219,1
49.6,2
82.84,1
6.6500641,1
3.26,1
5.1100709,1
2.465,1
48.7699999,2
3.67,1
3.22,1
450.0,2
9.8562732,1
36.7609999,1
24.4199999,1
127.51,1
3120.17,1
40.11,3
45.31,1
0.510545,1
0.91,5
84.59,1
0.2202,1
48.8700709,1
500.0,9
119.26,1
41.5752436,1
509.0,1
14.4500351,1
0.8408978,1
170.86,1
49.9,8
25.4,1
20.0605433,1
91.0,1
553.0,1
44.82,1
149.6099999,1
19.04,1
129.2,2
43.74,2
0.4600351,1
26.2600641,1
31.96,1
50.0278495,1
163.94,1
1.68,5
600.0,2
39.6895322,1
66.19,1
15.9,3
166.03,1
43.9499999,1
48.01,5
6.427464,1
2.17,7
50.0702861,1
26.02,2
109.0,3
100.1561063,1
669.0,1
0.0709999,1
113.0,1
61.13,1
48.98,2
0.3999,1
690.0,1
88.36,1
700.0,3
300.3130165,1
2.5599999,1
0.0337558,1
41.2025818,1
45.08,1
9.92,4
13.5499398,1
32.36,1
14.74,1
29.03,1
49.9998999,1
38.92,1
750.0,2
20.8399999,1
8.54,1
26.27,1
14.0799999,1
19.91,5
29.55,1
44.8601,1
19.0799999,1
19.35,2
23.19,2
780.0,2
2.3899999,2
49.4012991,1
64.36,1
48.71,4
26.162106,1
800.0,2
163.77,1
22.03,1
188.6499999,1
11.6001,1
35.99,2
6.37,3
5.5270951,1
0.1188141,1
140.0,3
85.3199999,1
36.37,2
48.9199999,1
1.8,5
49.75,1
20.06,3
4.8625818,1
29.7,2
4.76,1
45.78,2
37.754299,1
16.98,1
40.26,3
100.014,1
900.0,1
20.58,1
5.16,6
22.5099999,1
30.22,1
4.47,2
37.0899999,3
7.57,3
23.86,3
20.26,2
46.82,1
34.1,3
49.9296089,1
47.2199398,1
50.05,14
951.0,1
6.88,2
153.06,1
5.29,2
17.5,2
7.7,2
4.8305433,1
0.54,7
6.11,2
975.0,1
50.005259,1
0.3206402,1
1000.0,10
49.9999999,1
8.2999999,1
49.06,2
104.91,2
6.0799999,1
0.2861799,1
1.75,4
44.4077,1
17.65,4
40.96,1
18.2599999,1
167.33,1
3.59,3
134.99,1
13.87,1
20.93,4
12.412106,1
8.89,1
30.57,2
29.2315607,1
24.21,2
190.22,2
3.06,2
1100.0,1
6.4099999,1
41.1699999,1
48.0199999,2
17.85,2
26.9799999,1
9.15,1
99.3999999,1
102.6979736,1
13.97,3
30.591,1
17.729,1
32.51,1
3.95,2
82.3099999,1
0.6699999,5
12.4576999,1
133.97,1
543.23,1
0.3200709,1
39.07,3
157.5,1
0.2502,1
1199.0,2
42.3,1
10.1699999,1
1.4700057,1
1226.0,1
117.46,1
129.55,1
0.2333952,1
21.6852068,1
24.88,3
166.16,1
36.14,1
13.26,3
1.41,3
500.12,1
10.86,2
30.4099999,1
18.52,1
169.55,1
34.6599999,4
164.09,1
39.37,3
45.93,1
17.6413999,1
50.4100276,1
1.37,9
5.1902,1
6.114299,1
45.7469118,1
76.1899999,1
43.94,1
1362.0,1
100.1083273,1
31.67,1
34.25,2
39.2900955,1
28.31,2
116.84,1
21.95,2
11.2,1
31.59,3
46.5699999,1
25.23,1
39.9799999,1
122.25,1
0.15,32
170.94,1
8.02,2
28.83,2
12.84,2
9.66,3
33.1971558,1
28.51,3
14.48,2
9.7629693,1
48.61,3
43.9899999,3
25.98,2
37.88,1
34.55,2
49.7699999,1
16.2100057,1
21.6399999,1
11.3,3
2.3525818,1
1484.0,1
4.29,3
13.18,1
23.4,2
1500.0,1
250.0,8
140.34,2
145.19,1
12.48,4
30.7601,1
110.53,1
48.1471558,1
34.95,1
25.9,2
38.18,1
200.1070668,1
6.2365064,1
5.8,1
1584.0,1
4.21,9
101.2711824,1
29.18,1
44.74,2
5.75,3
22.82,1
32.02,1
1608.0,1
208.98,1
103.39,1
5.93,2
5.03,8
18.1,1
15.8719947,1
7.44,1
21.9899999,2
1252.4125324,1
28.8,1
44.9499999,1
298.7199999,1
49.01,5
163.18,1
41.81,1
40.885,1
527.3099999,1
43.29,2
172.58,1
1684.0,1
36.29,3
5.8699999,1
4.2799999,2
3.45,2
67.71,1
2.2400001,1
11.67,1
100.022,1
174.29,1
84.0099999,1
3.175259,1
104.8999999,1
8.53,1
13.35,2
46.08,1
10.17,4
23.49,5
70.9299999,1
19.89,1
33.36,2
49.6209172,1
52.64,1
23.17,2
39.92,3
158.43,1
43.034299,1
13.61,1
3.41,2
719.01,1
0.5700351,1
30.05,4
13.1199999,2
46.2725818,1
43.15,1
15.25,6
2.0100351,1
97.94,1
2.68,2
49.575,1
1834.0,1
13.1299999,1
168.22,1
44.19,1
32.4795322,1
50.0201,1
15.19,1
49.9199999,1
55.16,1
116.69,1
2.0100028,1
165.05,1
122.49,1
30.2,2
23.4996088,1
46.78,2
41.26,2
34.06,2
50.1262934,1
2.6907871,1
5.82,1
21.08,2
0.0251111,1
30.72,2
27.12,2
159.39,2
1950.0,1
47.606,1
35.1,1
46.9899999,1
1.98,12
51.05,1
34.2699999,2
29.19,1
1.33,10
17.1699999,2
48.8099999,2
152.07,1
441.12,1
44.89,3
32.17,2
6.2799999,1
3.0799999,3
99.7499999,1
163.2,1
8.9,1
41.85,3
3.25,1
48.12,2
93.87,1
169.32,1
18.15,1
41.96,1
1.3899999,2
7.93,6
41.1299999,2
11.7205433,1
14.12,4
12.32,3
21.52,4
10.94,1
34.0729693,1
9.14,2
31.07,1
5.7112658,1
48.52,1
158.15,1
24.71,1
86.8299999,1
0.0900057,1
52003.94,1
228.6,1
249.66,1
12.58,3
18.35,2
1.021,1
9.4,2
170.75,1
14.22,2
29.9799999,1
46.23,1
33.51,1
48.7299999,3
45.59,2
113.25,1
2214.0,1
46.63,3
39.2399999,1
19.2829693,1
43.3,1
200.08,1
19.9504857,1
24.3900709,1
192.24,1
48.2099999,2
429.6,1
39.9842439,1
4.85,4
31.74,1
51.39379,1
28.14,2
25.38,1
175.34,1
31.42,1
100.42,1
9.411053,1
26.3801,1
5.6299999,1
3.514276,1
18.0799999,2
5.67,3
4.08,3
6.49,1
5.658,1
22.3,4
395.59,1
40.37,5
13.23,1
46.93,4
34.21,2
183.25,1
34.4,1
0.4455281,1
39.54,1
4.38,4
38.9002,1
47.97,1
4.555259,1
45.4099999,1
74.9799999,1
667.86,1
0.0219947,1
2389.0,1
34.4199999,1
12.7700641,1
19.69,1
35.25,4
278.25,1
142.6799999,1
28.81,3
6.5599999,1
22.45,1
16.09,2
25.73,2
57.76,1
7.0201049,1
0.3,25
3.32,5
8.0260002,1
11.5499999,2
165.18,1
8.27,2
29.33,1
2.4499999,2
22.97,1
45.04,3
9.91,2
29.01,1
32.32,1
14.73,3
42.2425818,1
2.7106131,1
13.9352068,1
35.55,1
107.86,1
185.72,1
11.55,1
26.25,1
200.07,2
36.09,1
100.97,1
22.274299,1
42.11,1
26.1419947,1
48.67,1
2539.0,1
28.46,1
19.64,2
163.11,2
2.103179,1
0.0653058,1
32.62,1
26.4,2
39.18,3
50.0369118,1
42.9,1
0.0685142,1
13.72,1
20.04,3
26.5999999,1
181.45,1
19.2099999,1
23.32,2
40.22,3
5.8099999,1
44.9099999,3
1.14,6
20.43,1
1.12,8
19.7299999,1
36.6,2
2664.0,1
44.1,1
16.3652436,1
1.83,6
166.28,1
0.8762291,1
50.01,60
42.81,2
169.99,1
22.3899999,1
0.0642576,1
65.08,1
26.5179999,1
111.52,1
43.85,1
25.11,2
160.17,1
35.1709172,1
13.6,2
47.08,3
10.42,4
23.99,1
20.39,3
34.36,1
15.24,1
17.63,1
49.8814,1
29.17,2
176.21,1
40.92,2
162.43,1
33.4,4
13.86,1
10.68,2
20.91,1
30.55,1
20.0799999,2
24.19,2
0.485259,1
44.15,3
0.5969118,1
15.5,3
0.371,1
0.0236763,1
45.19,1
37.99,2
32.47,3
25.57,1
179.38,1
120.9,1
39.96,1
503.44,1
51.75,1
21.06,1
30.7,4
24.34,1
37.7629693,1
47.78,1
17.98,1
96.07,1
35.06,2
138.99,1
19.78,3
0.4414458,1
180.48,1
2999.93,1
5.41,1
21.9500145,1
31.22,1
27.62,2
7.82,1
48.82,4
78.9599999,1
171.18,1
19.5999999,1
47.9899999,1
2.661053,1
7.13,5
18.6599999,2
133.31,1
2.91,3
17.6699999,1
39.33,1
58.61,1
857.06,1
45.89,4
0.6800351,1
33.17,1
45.0599999,1
15.8815607,1
7.75,3
49.12,2
36.4,3
18.65,2
10.0333559,1
42.96,3
170.59,1
117.45,1
13.36,4
4.0199999,3
87.99,2
2.05,12
14.37,1
12.57,1
21.93,3
37.44,1
11.19,1
9.39,3
31.57,2
14.21,2
25.21,1
102.2359055,1
2.46,4
30.76,2
8.01,2
12.83,1
2.87,2
6.389,1
14.47,2
0.4869118,1
40.03,1
6606.21,1
34.51,1
49.7299999,2
41.896,1
139.31,2
158.41,3
150.0118592,1
72.9599999,1
122.77,1
108.37,1
41.07,2
47.63,1
37.7070669,1
162.2,1
44.3,5
40.2401,1
15.5999999,1
123.47,1
49.9401,1
4.9,2
713.7,1
5.6999999,1
25.88,1
22.28,1
38.14,1
200.4,1
50.0299999,1
1612.48,1
37.3099999,1
153.4699999,1
31.01,1
25.0499999,1
44.7,4
9.1980839,1
1.1099999,1
172.34,1
41.37,3
18.3719947,1
35.21,2
0.0833952,1
47.0999999,1
43.19,3
42.41,1
9.81,2
54.49,1
48.97,6
41.77,1
88.55,1
15.2102,1
73.29,1
0.32,15
143.75,1
31.2002854,1
29.31,1
175.51,2
39.48,4
26.23,2
41.9799999,2
38.84,1
0.6,18
4.5905433,1
8.52,2
29.83,2
13.34,1
23.47,1
46.04,1
17.11,2
29.51,2
160.06,2
14.98,3
14.9500001,1
47.8399999,1
39.88,1
141.0199999,1
50.1799999,1
36.55,3
48.0380839,1
6.5899999,1
26.75,2
8.9700351,1
0.0699999,17
25.9199999,2
35.5502,1
55.83,1
46.88,1
126.85,1
1969.21,1
43.11,2
11.1299999,1
62.39,1
192.25,7
197.44,1
117.59,1
48.8399999,1
4.091053,1
846.4999999,1
33.62,1
100.1217052,1
7.8699999,1
26.9,2
162.27,1
0.1214,1
1.0000005,1
83.1,1
67.38,1
76.5599999,1
0.2101,1
7.64,4
34.2401049,1
6.05,1
20.54,4
4.46,1
30.18,1
6.87,3
46.74,2
41.22,1
13.7800641,1
17.46,1
0.2900057,1
0.8899999,2
49.686,1
45.9099999,1
7.77,1
49.1100641,1
0.212106,1
7.69,2
37.4302854,1
18.1699999,2
33.1422912,1
76.45,3
100.002,1
300.2,1
4.2060002,1
100.22,6
12.6299999,2
34.2299999,1
43.81,2
162.91,1
24.7701,1
8.9452068,1
38.29,2
20.4752068,1
0.94,9
22.91,1
46.12,3
44.85,1
405.09,1
1.8319947,1
0.0871558,1
135.01,1
163.04,1
30.74,2
198.54,1
112.48,1
153.7099999,1
38.5899999,3
13.85,5
48.08,6
10.67,3
3800.0,1
35.36,2
18.13,1
30.53,1
24.17,1
0.2174032,1
8.0100641,1
6.6377,1
2.78,3
100.0099633,1
37.43,2
14.11,2
78.8699999,1
27.77,1
10.93,2
14.8701,1
9.13,4
21.41,1
1.6099999,1
23.85,2
45.15,1
32.43,1
15.75,2
3.6,4
21.31,1
50.0190977,1
27.31,2
2077.9498,1
80.05,1
0.2049999,1
164.47,1
162.45,1
46.19,3
38.99,1
34.3214,1
38.1599999,2
27.7342576,1
35.0214,1
76.2899999,1
33.3899999,1
173.3,1
21.56,2
31.2,2
24.84,1
39.1999999,1
48.78,2
18.48,1
43.26,2
36.06,2
18.7999999,1
4.2190147,1
22.08,1
90.1112912,1
31.72,2
107.03,2
21.76,1
49.82,4
37.1,1
56.38,1
1.44,5
48.9899999,4
49.9214,1
33.9771558,1
32.6999999,1
4.07,3
3.2599999,1
46.89,2
181.2399999,2
34.17,1
2.59,2
14.4869118,1
45.153,2
8.75,1
165.57,1
19.15,4
74.5399999,1
174.59,1
1.9500351,1
18.47,1
43.1299999,1
7.01,3
14.62,2
70.64,1
75.08,1
16.07,1
14.46,4
25.71,1
88.2,1
4456.6399999,1
8.26,2
129.66,1
13.08,2
1.0112823,1
0.85,8
14.72,2
0.0288829,1
48.23,1
101.58,1
47.59,4
0.2402,1
74.2899999,1
308.747,1
49.9509172,1
42.07,3
48.63,2
0.0206778,1
6.0199999,3
45.3,2
168.33,1
6.7700641,1
200.24,1
10.2899999,2
1053.4,1
5.1,1
32.58,2
16.74,1
26.38,2
22.78,3
39.14,1
20.78,1
20.17,1
18.8200641,1
162.67,1
109.0899999,1
38.3099999,1
7.51,6
40.943565,1
45.9577,1
5.92,3
20.02,1
4.33,4
29.66,2
6.74,2
11.593565,1
45.7,1
16.94,1
48.93,1
36.21,2
139.5,1
40.6299999,2
48.0999999,1
35.3799999,1
50.3549437,1
87.61,1
49.97,15
0.34,10
11.2199999,1
8.010899,1
47.67,3
100.13,3
100.2461445,1
2.2699999,1
30.95,1
28.2425818,1
176.6,2
0.89,5
2.871,1
29.81,2
23.45,2
11.95,2
17.09,1
40.48,1
42.9799999,2
1.0310811,1
39.84,2
1.7,11
16.93,1
33.55,1
3.1224287,1
2.65,3
129.43,1
12.291053,1
8.77,1
30.33,1
9.78,3
16.2599999,1
23.97,2
1.73,1
47.04,3
17.61,3
30.01,4
34.32,2
12.185259,1
40.9801,1
30.6458392,1
305.61,1
22.0904682,1
111.86,1
84.1099999,1
3.92,1
3.47,3
23.1399999,1
4.87,3
12.05,1
16.7799999,1
17.8899999,1
44.1025818,1
48.5244469,1
44.11,1
175.19,1
7.9429693,1
1.18,10
1.3299999,1
35.9199999,1
10.3299999,1
49.8399999,2
75.51,1
12.1522369,1
37.95,1
191.36,1
34.62,3
49.0552068,1
2.19,2
41.18,2
47.945,1
154.1099999,1
21.04,1
0.0123,1
30.68,1
165.7,1
47.74,2
100.06,53
42.22,1
35.02,1
17.96,1
100.122,1
46.9099999,1
42.91,1
61.5,1
2.1399999,1
38.2152436,1
172.9,1
162.53,1
20.8229693,1
47.9499999,2
37.31,2
44.81,5
494.82,1
28.6409172,1
39.29,2
50.02,39
1.0001556,1
45.85,1
554.68,1
9.081053,1
45.0199999,1
18.9199999,2
0.76,10
31.8148528,1
9.28,3
3.07,2
14.1,1
3.7000641,1
49.08,3
10.92,1
24.99,2
98.4899999,1
21.39,1
109.48,1
31.03,1
300.08,1
711.8899999,1
200.46,1
9.54,1
42.0899999,1
14.36,1
12.56,2
28.27,2
11.18,1
198.46,1
9.38,1
31.55,1
39.22,1
21.0799999,2
25.19,1
0.0297,1
58.87,2
46.15,1
181.86,1
46.8400351,1
82.61,1
8.7099999,1
166.3999999,1
47.6500641,1
3e-05,1
47.19,1
39.99,2
0.504244,1
49.8899999,1
89.5699999,1
48.495,1
322.5899999,1
49.0341636,1
33.6196088,1
22.06,3
23.79,2
31.7,2
25.34,1
49.78,5
18.98,1
37.06,2
47.86,4
47.16,1
24.0099999,1
5000.0,4
22.58,2
6.56,1
5.66,3
24.5099999,2
16.22,1
4.97,8
28.62,1
6.48,3
38.1,1
0.4347019,1
49.9899999,3
37.2699999,4
5.79,1
4.2,2
201.6312041,1
8.64,2
6.61,2
6.3195322,1
41.33,1
0.0337939,1
1.4080052,1
25.67,1
19.55,3
35.17,2
12.459,1
119.1,1
121.16,1
34.3399999,2
17.25,2
38.4,1
0.1699999,5
44.96,2
26.626,1
42.94,1
163.02,1
4.2699999,2
29.29,2
14.87,4
13.07,2
22.93,2
11.69,1
32.24,2
9.89,1
16.57,1
184.54,2
1.25,7
26.21,2
176.8,1
9.7929693,1
15.07,1
4.56,2
3.38,2
21.0624707,1
10.18,2
9.2199999,2
3.79,2
156.24,1
174.2399999,1
16.7700057,1
19.85,1
10.15,3
14.97,2
43.7601,1
0.036047,1
49.23,2
20.0302,1
9.01,1
2.2,6
1.8795322,1
46.7299999,1
100.54,2
174.66,1
955.91,1
37.3280839,1
22.32,3
46.77,1
0.0243952,1
6.8400351,1
49.63,4
116.24,1
22.1701,1
46.3,1
1.614299,1
107.4999999,1
41.46,3
125.71,1
12.3204857,1
156.1699999,1
33.58,2
17.24,3
29.64,1
26.88,1
40.14,2
16.92,2
39.3099999,1
1.74,9
120.6699999,1
30.16,2
46.7,2
23.8,1
10.0180531,1
103.3899999,1
43.37,2
7.7729693,1
0.67,1
49.93,2
37.21,1
315.9299999,1
10.1199999,1
3.21,5
46.3919947,1
50.0100035,1
4.6704682,1
35.4199999,1
44.41,2
119.9238772,1
6.3800709,1
43.77,2
0.68,4
1.78,4
123.09,1
131.76,1
5.4414,1
12.2,3
17.59,1
166.9299999,1
34.28,1
43.9799999,1
2.9,6
12.4599999,1
18.2099999,1
9.02,1
30.83,4
13.84,2
20.87,2
48.04,1
10.66,3
18.11,1
30.51,2
35.32,1
15.48,2
140.03,1
24.67,1
100.74,1
38.55,1
11.3699999,3
27.75,4
45.11,1
126.98,1
156.34,3
133.69,1
163.88,1
235000.0,1
162.29,1
1.82,2
90.5,1
100.002106,1
35.62,1
27.9,1
154.52,1
46.54,1
42.18,1
0.235259,1
50.0600308,1
20.021,1
7.89,2
6.3,2
21.54,3
31.18,1
7.12,3
36.02,3
36.726,1
47.9099999,1
6.43,2
5.53,1
27.3986296,1
147.62,1
23.9899999,1
28.1,2
300.55,1
48.9499999,1
36.2299999,1
45.81,1
7.25,3
47.01,1
8.8699999,1
44.7701,1
36.8805433,1
777.48,1
237.03,1
7.34,3
15.83,1
85.24,1
105.1099999,1
70.33,1
162.79,1
95.1499999,2
22.99,1
14.35,1
50.08,9
11.17,2
21.89,3
37.36,2
19.13,1
25.17,1
0.562106,1
100.6904136,1
43.0899999,2
14.61,1
2.11,3
28.77,3
46.6599999,1
9.63,2
22.41,1
16.05,3
21.5799999,2
25.69,1
47.15,1
22.3409999,1
34.43,1
5.4901,1
2.52,3
0.35,14
44.5749999,1
76.19,1
42.7,2
0.0544182,1
3.3499999,2
164.72,1
16.7399999,2
48.19,3
35.47,1
107.7,1
40.1599999,2
12.2399999,1
1.0514,1
17.5929693,1
80.2899999,1
22.7000709,1
173.55,1
22.56,2
102.74,1
16.2,3
25.84,1
100.64,3
45.26,1
2.85,3
5.0725818,1
28.61,1
1.9,18
14.02,3
48.43,3
25.0099999,2
16.72,1
26.36,5
91.6999999,1
152.7470888,1
35.259,1
162.12,1
1.31,4
18.0200186,1
0.4300351,1
19.28,2
2001.6034681,1
2.1799999,2
7.08,1
48.89,2
36.17,4
3.8721809,1
40.25,2
47.8800351,1
8.3000641,1
148.61,1
42.25,2
9.2299999,1
70.12,1
39.4,1
173.82,1
20.15,1
45.96,1
23.3399999,1
34.2602854,1
109.38,1
45.1299999,2
29.79,1
15.12,2
13.32,3
40.44,3
11.94,2
33.24,2
10.14,1
17.07,2
14.96,5
26.71,2
199.3299999,1
8.76,3
13.58,1
20.35,1
28.6600204,1
6.62,3
0.69,4
135.1799999,1
16.6699999,3
43.03,1
37.51,2
49.59,1
22.44,2
49.0199999,1
0.1800641,1
1401.82,1
44.07,2
175.03,1
45.2099999,1
43.2399999,1
7.9,3
164.58,1
159.92,1
15.8901,1
10.25,3
21.5605433,1
34.58,1
17.74,1
30.14,1
27.38,2
23.78,2
39.25,1
43.5925055,1
17.42,1
60.42,2
116.67,1
146.92,1
4.0208978,1
40.3099999,1
7.76,2
21.02,3
4.58,3
26.5499999,2
37.46,2
30.66,1
6.99,2
110.02,1
47.7,1
24.3,1
5.849,1
17.94,1
44.37,1
1e-07,1
18.22,3
5.4,2
3.33,5
49.211,1
50.0999999,1
0.0507871,1
45.41,1
32.69,2
100.0887031,1
15.1600709,1
1.36,3
2.49,4
3.5625818,1
16.77,2
11.8299999,1
40.4408978,1
172.85,1
2.06,6
32.7699999,1
25.8500955,1
24.45,2
12.45,1
18.09,2
60.4534567,1
27.73,1
3.74,2
6.55,4
48.8501,1
3.57,1
0.6845128,1
197.68,1
9.27,1
38.5677,1
14.09,2
24.97,2
2.1632679,1
49.04,1
10.91,3
18.61,2
31.1612992,1
20.5505433,1
36.32,4
15.73,1
45.4377,1
35.4899999,1
39.55,3
11.6199999,1
2.39,3
12.55,2
28.25,1
74.2105372,1
89.22,1
12.2899999,1
45.4081407,1
6610.0,1
46.11,2
33.39,1
117.94,1
158.5048188,1
91.2199999,1
11.58,1
66.1799999,1
59.8,2
48.0914458,1
100.0400084,1
499.9999999,1
39.95,1
36.62,1
28.4,2
43.18,1
38.79,3
1.7797008,1
22.04,1
37.66,2
31.68,3
173.95,1
49.74,3
25.32,3
44.22,2
37.02,1
86.64,1
18.96,1
60.3199999,1
48.9099999,2
50.7263513,1
6.8214,1
75.8999999,1
450.65,1
28.6,2
147.05,1
5.7499999,2
166.78,1
1.47,5
24.584299,1
54.01,2
37.2299999,1
48.999424,1
4788.87,1
12.9599999,1
41.29,2
521.98,1
91.77,1
36.49,1
47.85,4
35.13,1
4.7102,1
63.8,1
100.36,1
110.89,2
0.9900001,1
6.4,2
14.9699398,1
100.2602,1
14.6,4
28.34,2
25.99,2
88.7299999,1
22.39,3
8.24,3
19.63,1
16.03,2
24.5797,1
152.71,1
44.92,2
178.43,1
44.4500955,1
2.1977,1
14.86,3
13.06,2
11.68,2
0.37,16
32.2,4
16.55,1
22.0799999,2
34.4499999,2
28.1752436,1
18.2999999,1
35.43,2
5.1099999,1
0.95,9
46.516,1
0.0268371,1
49.19,1
41.99,4
166.71,1
36.47,1
135.88,1
41.1599999,1
0.1087779,1
288.44,1
8.3799999,1
44.5199999,1
23.06,1
100.1202,1
16.7,2
1043.01,1
26.34,2
19.98,3
46.26,2
98.32,1
141.3899999,1
184.98,2
23.58,3
6.81,1
5.91,3
25.5099999,1
17.22,1
5.22,4
29.62,3
4.32,4
26.86,1
23.26,2
6.73,1
12.89,2
149.81,1
6.04,3
20.5,1
4.45,1
0.001,1
38.06,3
6.86,1
20.72,1
45.1352068,1
43.33,2
19.32,1
49.89,5
21.3699999,2
36.836,1
50.0000145,1
47.5401,1
36.3399999,1
10.84,1
117.5,1
40.4,3
20.65,1
9.7299999,1
46.96,3
119.7,1
172.51,1
41.5452436,1
4.5199999,1
46.1299999,1
2.3,6
30.29,1
13.57,2
23.93,2
41.44,1
12.19,2
17.57,1
163.74,1
15.21,4
3.27,3
350.23,1
44.04,1
13.83,1
3.12,5
190.75,3
0.0799999,1
50.2400089,1
100.66,1
16.5099999,1
38.51,2
0.0499398,1
47.24,1
35.549,1
79.1699999,1
246.91,1
1841.1,1
73.2099999,1
32.35,1
44.2399999,1
163.92,1
127.0099999,1
0.2301,1
35.58,2
30.64,2
54.86,1
27.88,2
42.14,3
6.9860002,1
17.92,1
142.8699999,1
31.16,1
49.3002854,1
24.8,1
49.0122912,1
18.44,2
100.0424048,1
45.37,3
3443.37,1
0.068453,1
32.65,1
300.0299999,1
1.61,4
48.57,3
27.96,1
100.8051636,1
33.69,2
58.49,1
45.77,2
2.22,5
167.91,1
25.9399999,2
4.37,3
31.31,2
200.01,2
12.7,2
18.59,3
43.48,1
36.28,1
45.9799999,2
28.5001049,1
100.01,2
10.35,1
10.46,2
22.2299999,2
9.52,1
19.25,2
14.34,1
25.47,1
126.31,1
50.04,18
11.16,2
19.11,2
31.51,1
37.32,2
15.98,3
43.88,2
137.5199999,1
450.36,1
7600.0,1
0.84,13
182.01,5
49.7329693,1
28.75,1
47.11,3
34.39,2
100.18,4
137.94,2
29.7600709,1
33.5599999,1
27.285,1
40.95,2
94.5,1
97.09,2
37.62,3
170.77,1
44.18,1
40.6296089,1
87.35,1
33.28,2
47.8501,1
38.66,1
16.18,1
7.37,2
4.7108978,1
25.82,2
45.22,2
19.46,2
4.3199999,1
49.9099999,1
34.5599999,1
192.5499999,2
4.27,2
6.68,2
258.9,1
5.09,2
4.19,1
24.9899999,1
4.2299999,1
29.1,1
32.5,1
29.85,1
21.7101,1
35.73,1
7800.0,1
55.01,2
0.0524288,1
7.5,4
33.2399999,1
0.0279848,1
19.53,1
42.29,2
48.85,1
4.2276999,1
32.8,1
147.04,4
199.33,1
17.781,1
158.2099999,1
93.5499999,1
14.85,3
26.49,2
39.36,1
8.49,1
0.39,16
39.9709999,1
26.17,1
45.92,3
45.0899999,2
57.555,1
162.14,2
15.11,3
29.77,1
23.41,2
599.16,1
400.42,1
0.1400145,1
22.5799999,3
26.69,2
49.15,2
100.03,3
36.43,1
50.0204857,1
1.65,10
3.85,2
142.68,1
132.97,2
50.19,2
199.51,2
37.47,1
32.49,3
49.8801,1
6.9100641,1
6.641,1
0.0300398,1
23.56,1
17.2,1
26.84,1
20.48,2
47.26,1
260.67,1
10.0900145,1
2.4201,1
24.08,2
47.3,2
39.813565,1
17.72,1
50.047406,1
30.12,1
71.28,1
30.2002854,1
999.15,1
214.03,1
32.6795322,1
50.0400059,1
9.4899999,1
0.08,44
1.565,1
40.2699999,1
170.12,1
106.87,5
100.0201999,1
44.83,1
38.1401049,1
2.0448188,1
8.1199999,2
24.95,1
50.0599999,4
4803.87,1
130.37,1
127.5,1
137.5,1
45.556,1
0.4897,1
10.8129693,1
100.6436769,1
50.5766149,1
41.4,1
6.0500641,1
21.15,2
80.7899999,1
119.56,1
48.0598,1
47.96,1
100.0390645,1
445.02,1
102.7789637,1
30.79,1
4.4036543,1
13.82,2
24.43,2
42.44,1
35.24,2
174.9,1
10.1399999,1
0.6919947,1
34.4099999,1
100.2002,1
37.2105433,1
100.0399999,24
100.4200186,1
9.26,2
2.631053,1
0.6901,1
10.9,1
8300.0,1
794.46,2
32.52,1
95.83,1
191.3599999,1
5.4370599,1
1.4899999,1
46.07,1
33.35,2
7.456,1
3.54,5
46.6981407,1
49.3,1
32.5199999,2
5.6,3
173.1,1
88.35,1
28.38,2
47.12,1
48.4799999,2
18.42,1
9.59,2
0.1440455,1
17.05,1
6.42,5
22.02,3
31.66,1
7.24,6
18.94,1
1.0870669,1
1.6814458,1
30.8829693,1
48.1709172,1
3.3114,1
100.0799998,1
121.05,2
48.5201814,1
49.4899999,1
0.7,13
7.94,3
89.2599999,1
82.38,3
193.57,1
32.79,2
141.1,1
10.74,2
9.309,1
0.3005,1
31.81,1
25.45,2
12.95,1
2.5200641,1
37.28,1
63.76,1
0.8883711,1
72.25,1
21.45,3
14.59,3
3.31,4
22.37,1
7.5399999,1
11.41,1
16.01,1
38.32,1
44.88,2
3.76,2
33.8501049,1
12.1199999,2
42.9600351,1
3.72,2
66.39,1
1.8900351,1
22.7796089,1
12.3799999,3
35.39,1
36.3402854,1
29.693565,1
15.8300709,1
14.3902854,1
163.78,1
48.0299999,1
41.95,2
96.5,1
99.09,3
175.86,1
38.62,2
19.7001,1
48.1925818,1
7.098065,1
35.4199398,1
20.6799398,1
48.4949199,1
19.9500204,1
35.07,1
23.4599999,1
16.68,1
142.2,2
10.5397,1
26.32,3
46.22,2
19.96,1
33.4499999,2
1.93,3
3.0299999,4
25.4899999,1
16.63,2
29.6,2
33.5,1
402.4620602,1
0.0237939,1
187.02,1
155.03,1
101.2699999,1
2.4607861,1
48.86,1
40.529,1
150.85,1
28.0899999,1
171.91,1
49.7729693,1
38.5199999,1
33.8,3
5.0599999,2
155.01,4
1.63,3
30.686,1
10.28,1
15.1,1
34.5299999,1
11.92,1
26.99,1
23.39,4
8.74,4
20.63,3
0.53,9
26.67,1
46.92,2
47.891,1
39.5299999,1
30.27,2
12.18,1
1.23,9
615.66,1
34.2,1
17.55,2
27.19,1
0.99,30
92.86,1
100.0417956,1
9.9949999,1
2.8,12
146.68,1
44.0999999,1
0.0200351,2
43.99,1
38.47,2
5.3599999,2
152.13,1
192.48,1
95.8199999,1
40.62,1
12.9899999,1
23.2301,1
24.06,2
150.1799999,1
0.3199999,1
20.98,1
41.06,1
129.6399999,1
2.0555227,1
50.0412563,1
8.2899999,1
24.58,1
7.06,4
6.16,1
0.86,10
9.6299999,1
35.54,2
128.6422,1
110.43,1
42.1,1
185.3248188,1
100.3799999,1
7.88,2
138.06,1
6.29,1
21.5,3
4.7,2
161.99,1
7.11,1
22.9204857,1
45.0842576,1
45.33,1
23.6125818,1
100.0510237,1
27.36,1
4.6099999,1
34.31,2
113.41,1
24.2442576,1
306.5,1
50.051,1
19.4,1
42.4,1
21.65,1
20.2399999,3
12.4852068,1
94.7599999,1
24.8052068,1
45.03,2
199.99,1
14.07,3
24.93,1
10.89,2
18.57,1
15.71,3
28.21,3
30.4408978,1
3.63,3
11.3799999,1
39.77,1
9.51,1
35.2699999,1
1.51,5
14.33,2
19.7099999,1
6.5784725,1
11.15,1
15.6000145,1
15.97,1
5.4077,1
53.23,1
46.03,2
0.11,42
1.2,16
3.44,2
84.79,4
199.16,2
0.21,18
47.07,1
47.8499999,1
164.18,1
10.36,3
40.2800955,1
17.9396999,1
25.75,2
107.96,1
47.25,2
19.24,1
100.88,1
170.89,1
12.0729693,1
22.52,1
16.16,1
197.09,1
47.37,3
1.07,6
26.784244,1
9.3999999,3
360.93,1
35.69,1
60.49,1
1.5,16
47.77,2
14.38,1
1660.1799999,1
0.3806264,1
137.7699999,2
0.52,14
27.48,1
23.868,1
16.31,1
79.34,1
25.95,2
24.2599999,2
0.385259,1
19.59,1
38.28,1
55.8199999,1
47.9799999,3
74.25,1
49.4,3
0.271,1
10.02,4
185.85,1
26.47,1
22.87,1
11.66,2
20.11,4
39.32,3
8.48,2
44.034299,1
49.86,5
129.7699999,1
41.7201,1
10.03,4
42.55,1
12.3699999,1
13.3,1
29.75,1
16.53,2
0.1252436,1
36.39,1
90.0699999,1
138.19,1
5.9905433,1
2.5999999,3
50.0409999,1
2.7129693,1
3.36,6
18.1083069,1
42.95,1
3.0217352,1
26.5100709,1
159.13,1
219.02,1
650.77,1
46.18,1
25.5801049,1
33.46,1
79.52,1
17.3400351,1
32.6299999,1
23.54,2
5.21,1
22.342106,1
17.18,1
7.62,1
19.3499999,3
26.82,2
47.22,1
40.02,1
2.594,1
123.89,1
6.93,2
6.03,2
109.63,1
5.34,2
0.0597,1
184.12,1
34.5,1
22.4000641,1
15.7177,1
40.2299999,1
23.87,2
37.09,2
9.2999999,1
0.1601,1
44.29,1
6.8699999,1
9.3300641,1
38.13,1
9899.0,1
100.0744735,1
37.76,3
50.0199999,8
25.8299999,2
15.2495322,1
135.29,2
100.0099999,4
26.713565,1
5.4099999,1
10.53,2
12.17,3
23.89,1
41.36,3
8.99,4
1.77,6
1.81,2
27.17,2
47.92,5
124.84,1
4.14,3
2.36,7
3.91,1
12.43,2
10.63,2
2.71,5
35.2,1
23.5799999,1
100.3186803,1
27.69,2
11.93,2
38.43,3
27.2299999,1
2.77,4
7.85,3
78.44,1
3.18,2
26.0424087,1
12.4760002,1
185.22,1
2.7199999,2
178.71,1
39.47,3
100.35,1
28.5401049,1
44.1599999,1
13.2399999,2
60.41,1
168.4,1
8.9201,1
0.013937,1
134.05,1
104.99,1
18.2,3
27.84,2
21.48,1
49.26,1
138.96,1
42.06,1
16.96,1
49.8129693,1
174.73,1
41.52,1
25.08,1
18.72,2
36.54,1
28.36,3
43.1,3
62.38,1
0.93,10
1.9800709,1
470.98,1
2.4299999,3
40.0599999,1
3.34,4
52.89,1
40.17,1
11.3539999,1
39.5580839,1
50.0509999,1
48.0608978,1
50.1,3
18.3977,1
37.8899999,1
98.7799999,1
170.32,1
22.15,1
49.96,4
5.9899999,1
0.1241636,1
36.63,1
101.99,1
31.79,1
8.12,1
32.0002,1
25.43,2
12.94,1
11.14,1
19.07,4
151.15,1
28.71,1
64.23,1
14.58,3
2.5,9
13.33,1
0.0300641,1
23.8715607,1
15.87,3
47.03,1
0.22,30
41.51,1
164.79,1
38.6599999,1
100.2099999,1
0.42,12
48.07,2
0.6899999,3
47.2399999,1
49.5019947,1
75.36,1
44.5529693,1
99.01,1
5.85,3
64.32,1
92.35,1
16.14,2
29.38,1
3.55,2
45.14,1
0.191053,1
86.92,1
4.26,4
23.02,2
11.2452068,1
16.66,3
7.49,6
26.3,1
1.2795322,1
19.94,1
14.08,2
48.37,2
15.3712827,1
35.65,1
42.21,2
162.41,2
17.13,1
41.65,4
188.65,1
44.33,2
125.05,1
49.41,1
1.34,4
36.69,2
10.3699999,1
27.51,2
5.42,1
0.1674032,1
100.0106947,1
189.35,1
40.21,1
47.236,1
16.81,2
0.1942576,1
26.45,1
13.45,2
20.09,1
46.48,1
39.28,2
27.0699999,1
48.9799999,3
58.56,1
240000.0,1
0.0702,1
105.05,1
3.82,3
162.18,2
10.27,1
17.33,2
15.09,1
26.97,1
23.37,1
53.04,1
20.61,2
40.32,3
8.73,2
117.4,1
27.5,3
39.4899999,2
18.9852436,1
43.55,1
2.64,1
13.55,2
170.19,1
100.0400355,1
44.34,1
69.47,1
547.23,1
50.11,2
12.8799999,1
3.5,8
19.1000057,1
115.41,3
43.925,1
154.26,2
20.41,2
188.11,2
23.9100955,1
30.4,3
34.46,1
3.39,2
1.0702,1
33.6299999,1
24.04,3
23.7119947,1
89.3295322,1
134.45,1
27.32,1
48.22,2
16.8499999,1
20.96,2
101.1,1
41.39,1
9.783565,1
196.81,1
30.6,1
35.5,1
4.716,1
25.7299999,1
38.59,1
21.35,2
46.7781407,1
38.73,1
88.78,1
45.29,2
100.02,101
51.85,1
1.4195322,1
8.1399999,1
27.0312746,1
35.8,2
6.9000709,1
10.43,2
1825.0,1
10.78,1
2.3499999,1
15.6,4
42.5809999,1
27.99,1
24.39,2
196.22,1
9.24,2
21.63,2
3.37,1
27.67,2
48.92,2
134.24,1
0.6923803,1
15.86,2
14.06,1
1.2900145,1
10.88,1
7.92,1
36.2,1
18.55,1
32.87,2
39.43,5
34.69,1
9.95,5
47.9419947,1
5.9200641,1
149.5,1
38.5999999,1
14.2296089,1
30.5319947,1
45.99,1
119.4,1
100.0104873,1
32.8499999,3
19.5799999,1
297.44,1
5.1896089,1
90.2899999,1
6.4999999,1
25.06,1
18.7,4
46.1999999,1
43.89,3
33.4799999,1
39.661053,1
169.48,1
17.8699999,1
7.31,2
2.1444395,1
19.22,2
3.1198843,1
31.62,2
4.82,3
28.86,2
25.26,1
6.2,1
63.38,1
39.3822912,1
23.04,2
49.43,1
154.31,2
1.0829541,1
22.5,1
4.95,4
30.8495322,1
536.46,1
7.36,3
7.6199999,2
21.6699999,2
26.568,1
47.33,3
46.5177,1
34.61,1
41.17,2
8.1500204,1
8.86,5
39.944244,1
3.7024288,1
7.6599999,2
97.53,1
0.1071558,1
10.1599999,1
28.1901,1
39.8799999,3
41.25,2
2.9099999,1
100.12,26
22.322106,1
37.3015607,1
2.55,4
16.29,4
25.93,1
45.44,3
38.24,1
197.6799999,1
19.57,2
32.72,4
8.21,1
10.0817533,1
0.278,1
37.4099999,2
0.23,23
10.01,14
14.83,2
22.85,1
6.9404682,1
11.65,3
8.47,2
9.33,1
100.0048894,1
0.1052436,1
48.03,1
0.44,19
24.36,1
5.7699999,2
168.79,1
14.24,1
191.41,5
67.4599999,1
500.0214,1
3.731,1
34.0533193,1
64.24,1
48.2399999,1
100.63,1
113.33,1
10.4889999,1
39.58,1
20.24,1
16.64,1
29.88,5
10.5,3
19.92,3
48.8999398,1
12.5799999,1
42.4299999,1
1.53,7
285.5620722,1
17.16,1
22.6899999,1
5.3699999,2
16.3299999,3
49.37,2
30.2701,1
3.2399999,2
141.77,1
35.44,3
37.69,4
33.52,1
35.0264684,1
6.371053,1
43.4199999,1
16.3499999,1
44.25,3
5.98,3
46.49,1
17.31,1
97.0399999,3
196.51,2
13.7,1
9.9699999,1
20.59,2
216.7,1
40.28,1
18.8499999,1
34.76,1
49.9799999,4
46.84,1
200.1,1
0.7999999,2
43.14,1
17.83,1
15.34,3
27.47,1
21.11,3
17.51,1
41.32,3
8.98,4
164.03,1
4.48,2
48.0899999,2
47.88,3
150.0199999,2
17.6199999,2
44.55,1
12.8699999,2
4.6899999,2
13.8,2
30.75,1
36.731,1
45.13,1
1217.46,1
14.2552068,1
77.3699999,1
30.8452068,1
104.43,3
198.44,1
100.5816332,1
37.61,1
92.3399999,1
1.5899999,2
44.95,3
124.1799999,1
21.9600145,1
28.16,1
12.2999999,2
163.27,1
2211.08,1
48.18,1
119.6,2
35.46,1
46.5700001,1
4.64,1
34.6299999,1
7.05,6
24.54,1
5.46,3
18.18,4
54.74,1
49.22,1
42.02,3
1923.43,1
110.5599999,1
60.0333124,1
48.9901,1
103.1,1
6.28,3
4.69,1
36.5,3
22.6919947,1
117.588538,1
24.9796999,1
3.2077,1
32.53,2
42.2299999,2
39.09,1
190.4,1
134.82,4
3.9802854,1
33.57,2
5.5299999,2
210.15,1
40.13,2
188.42,1
36.8,1
82.33,1
64.98,1
13.9500709,1
11.03,1
15.85,1
12.67,1
28.49,1
24.89,1
43.36,1
9.49,5
22.13,2
5.24,1
62.64,1
28.17,1
49.92,4
13.05,1
11.29,1
3.28,3
49.0899999,2
45.68,5
8.11,1
31.77,3
11.13,1
8.09,2
37.2,1
19.05,2
1.2902,1
53.15,1
40.43,2
93.46,1
25.97,1
29.4,3
2.1,8
39.5999999,1
111.2699999,1
34.91,1
2014.0,1
46.99,2
106.58,1
34.27,1
3.7699999,1
163.86,1
15.9599999,1
34.768,1
39.8,3
7999.97,1
171.6,1
190.6699999,2
1.5901,1
101.6091222,1
28.84,2
22.48,2
400.7799999,1
6.0100017,1
26.08,1
19.72,1
115.53,1
29.36,2
26.91,1
45.1,1
6.1899999,1
32.38,2
1.69,1
47.2459999,1
3.8299999,1
61.05,1
135.24,1
44.48,2
2041.92,1
161.6399999,1
25.28,1
5.3414,1
35.61,2
1.1,18
42.17,1
46.5400999,1
16.9399999,3
100.4639894,1
71.5,1
172.61,1
15.1501999,1
25.2399999,1
45.4,1
162.57,2
23.15,1
89.0399999,1
32.68,1
31.4400641,1
105.99,2
26.43,2
13.44,2
11.64,2
20.07,5
33.72,2
175.4,1
29.71,1
38.4099999,2
200.0799999,1
140.6,1
0.46,10
10.26,1
22.8399999,1
19.2399999,1
121.19,1
101.6756651,1
101.0416931,1
8.72,1
131.1799999,1
100.08,38
3443.73,1
36.1400641,1
43.51,2
172.79,1
95.59,2
5.5900999,1
1.43,3
612.73,1
19.3037057,1
86.23,1
22.1125818,1
37.35,1
49.9700825,1
163.16,1
12.9247019,1
35.23,1
53.3,2
133.33,1
1.3809287,1
8.1600204,1
120.05,1
103.01,1
1.1399999,2
40.58,1
20.74,1
17.14,1
24.0199999,1
30.38,1
26.78,2
47.14,1
5.7819947,1
34.42,1
9.4199999,1
167.67,1
2207.46,1
4.51,2
39.7201,1
12.2460002,1
6.92,3
24.02,1
5.33,4
3.0999999,3
50.0112991,1
17.66,1
23.1899999,1
27.3,1
0.0712827,1
16.8299999,1
25.342106,1
50.37,3
44.21,1
153.8399999,1
6.15,1
48.8799999,1
0.9842576,1
100.1288939,1
38.69,1
0.5599999,1
100.1007576,1
107.54,1
97.2599999,1
3.0199999,1
53.92,1
78.63,1
120.6,1
49.0452068,1
181.6,2
159.59,1
40.8229693,1
49.867,1
27.45,3
13.95,3
21.09,5
5.9414458,1
41.28,1
35.76,1
60.56,1
8.2802,1
398.7,1
3.15,6
170.43,1
400.02,1
10.77,2
15.59,3
3.56,3
24.37,1
55.04,1
21.61,1
49.7896089,1
18.01,3
42.32,3
9.23,1
48.88,1
339.61,1
41.4899999,1
89.3,1
0.0269908,1
45.55,1
91.85,1
2.42,1
3.97,3
31.9429693,1
14.05,4
31.25,2
35.4399398,1
20000.0148188,1
11.194244,1
12.0200001,1
74.9599999,1
158.1,1
10.1338231,1
39.39,2
6.7499999,1
48.31,2
0.9845128,1
102.01,1
141.2,1
50.0177,1
45.95,2
50.0271151,1
14.146,1
0.3945811,1
31.4,2
8.3804857,1
49.18,1
36.46,2
0.8112991,1
36.72,2
61.0699999,1
26.95,1
16.6615607,1
74.99,1
25.04,3
173.39,1
18.68,1
30.8489999,1
89.03,1
78.56,1
150.54,1
21.96,2
6.9,1
51.0103478,1
101.1199999,1
186.74,1
36.6699999,1
37.5,2
24.4367462,1
20995.7,1
0.6599999,2
868.71,1
37.9542576,1
118.22,1
43.2299999,1
0.0900825,1
46.4599999,1
11.78,1
36.87,1
47.29,3
34.57,4
4.9221269,1
99.24,1
20.03,2
37.8,1
17.6241636,1
5.87,1
164.84,2
3.3099999,1
11.28,4
114.3,2
8.1,1
49.58,2
57.08,1
28.99,3
25.39,1
44.36,2
9.74,1
22.63,4
10.98,1
100.04,42
28.67,2
3.0260508,1
8.36,1
14.56,2
21.7999999,1
28.18,1
44.47,1
25.0799999,1
10000.95,1
8.6009999,1
3.3698335,1
105.11,1
49.8,6
38.1069118,1
40.5999999,1
47.99,4
24.83,1
88.0699999,1
36.9000955,1
1.9801,1
0.0396089,1
1.651,1
26.06,2
19.7,2
29.34,4
32.98,1
35.4799999,1
32.34,2
158.1399999,1
169.73,1
12.1029693,1
18.8699999,1
26.58,1
7.56,1
699.17,1
6.66,3
20.22,1
5.97,4
16.62,2
5.07,4
26.26,1
7.48,5
46.1,1
33.38,1
62.05,1
96.86,1
6.79,1
23.5,3
5.2,1
47.5800001,1
0.16,28
49.33,1
36.61,2
507.87,1
166.25,1
35.7799999,1
49.0071558,1
107.66,1
4823.87,1
230.3015743,1
101.53,1
46.4,1
33.68,1
15.9252436,1
114.35,1
114.65,1
72.57,1
5.2699999,4
100.116,1
17.29,1
167.45,2
26.93,1
47.44,4
40.24,1
11.89,3
34.72,1
8.71,1
30.21,3
106.2,1
39.4099999,2
3.88,4
47.7601,1
74.1,1
0.92,14
10.51,1
2.29,2
15.33,2
30.13,1
108.79,1
8.97,1
0.96,12
50.03,34
1.01,36
44.51,1
2.7,8
125.78,2
27.7171558,1
97.04,1
34.6296089,1
3.86,3
51.07,1
83.4599999,1
0.07,35
99.9999999,9
34.71,1
66.21,1
41.58,1
21.24,2
17.64,1
30.88,1
2.3986296,1
27.28,2
48.14,7
20.92,1
13.651,1
47.3099999,3
18.16,2
27.95,2
21.44,3
3.4700351,1
51.37,1
38.65,2
1.42,12
42.6699999,2
39.69,2
27.4099999,1
165.83,1
26.4297,1
82.2099999,1
39.5501049,1
1.4,3
262.93,1
8.3529693,1
18.31,2
75.59,1
14.2,3
49.48,2
42.28,3
31.23,2
36.76,2
48.84,2
37.341,1
11.02,3
15.1512827,1
15.84,2
28.47,4
24.87,1
38.2602,1
12.66,3
22.11,2
18.51,1
200.06,3
9.48,3
172.03,2
62.6,1
2289.0,1
49.88,3
100.0799999,2
42.4899999,1
46.55,2
8.8099999,1
31.75,1
95.4799999,1
1909.99,1
33.5101,1
43.0599999,1
87.5399999,1
33.8012991,1
9.931053,1
158.52,1
46.95,3
43.62,1
1.1199999,1
31.9,1
171.52,1
1.0251322,1
5.2099,1
36.5599999,1
10.6299999,1
204.9196818,1
49.3499999,1
4.89,2
7.3,1
5.71,2
0.62,5
0.47,4
4.12,2
28.82,3
4.4799999,1
22.46,2
100.14,7
6.53,2
37.6699999,1
5.84,2
172.62,1
16.1,1
38.5,2
11226.97,1
100.1628179,1
41.73,1
34.53,2
27.4589023,1
4.25,6
42.26,1
127.49,1
48.29,3
20.7129693,1
35.57,1
4.1899999,1
0.0210811,1
43.71,1
81.6499999,1
0.4741544,1
130.9599999,1
11.53,4
8.35,3
13.17,1
9.99,9
23.13,5
27.46,1
23.91,2
51.92,1
360.617,2
6.7299999,1
11.79,1
8.61,2
2.61,9
14.81,3
2.16,6
34.9099999,1
13.43,4
40.86,1
39.2,1
20.05,2
25.5799999,2
29.69,1
35.87,1
205.71,1
42.43,3
168.47,1
3.02,6
81.1,1
34.54,2
106.69,1
3.43,2
49.95,2
163.76,1
0.1300709,1
78.1999999,1
100.05,1
1.5852068,1
48.99,1
14.1808978,1
123.7,1
48.1599999,1
20.57,1
32.4300641,1
162.55,1
22.523565,1
89.24,1
20.2,2
29.84,2
33.98,1
53.26,1
198.2099999,1
1.15,6
19.3699999,1
27.08,3
46.5144469,1
18.974244,1
22.0299999,1
17.12,1
40.54,3
30.36,2
10.0252068,1
1.1734747,1
47.1,1
1.1895322,1
136.27,1
448.02,1
124.3,1
0.3545811,1
46.2699999,2
1.97,4
840.2006515,1
1.56,7
239.1144336,1
2.6799999,1
12.2199999,1
0.0341731,1
0.0226233,1
3.0399999,2
44.17,1
170.25,1
10.1400145,1
6.4902,1
29.1502,1
116.62,1
202.82,1
24.15,1
34.68,2
100.0201128,1
0.2500825,1
12.8105433,1
17.79,1
18.5196999,1
15.32,1
27.43,3
48.44,1
21.07,1
35.72,1
161.94,1
8.96,2
40.4099999,2
17.5452436,1
1.09,10
11.4699999,1
15.58,3
125.19,1
24.35,3
17.4799999,1
12.4,4
0.0331606,1
9.22,2
13.3629693,1
7.26,4
41.4499999,1
2.27,3
38.31,2
16.6600057,1
0.78,6
20.84,2
5.47,1
3.4,3
104.93,1
39.35,1
48.4599999,1
181.58,4
270.32,1
141.04,1
96.5499999,1
47.0471558,1
6.35,4
42.58,1
169.07,1
18.14,1
31.38,1
27.78,1
45.5,3
36.42,3
79.17,1
139.92,1
300.5415607,1
45.05,1
117.57,1
25.02,3
5.58,1
18.66,2
7.99,7
55.7,1
28.3,1
21.94,2
23.18,1
224.5795,1
39.65,2
129.32,1
144.3899999,2
46.21,1
180.75,1
12.46,2
100.4200003,1
94.49,1
33.5801,1
33.49,2
300.1699999,1
43.3581407,1
11.08,1
31.08,1
20.4999398,1
149.85,4
5.0400709,1
187.75,1
4.0599999,1
28.45,3
14.45,1
44.2009999,1
22.09,1
50.48,2
20.82,1
31.73,3
0.0880455,1
1.54,4
49.84,1
2.07,5
36.79,2
174.68,1
11.27,2
2.48,7
100.1402832,1
25.37,1
22.61,2
19.01,2
44.32,1
109.03,3
0.0431834,1
500.11,1
43.4899999,1
0.0584615,1
31.19,3
2.89,3
14.55,1
22.7799999,1
48.465,1
125.72,4
0.13,28
95.38,1
3.75,5
100.0699999,1
0.2601,1
22.9800641,1
17.03,1
100.0819999,2
88.6799999,1
42.05,2
100.02713,1
5.12,4
47.95,1
168.61,1
2.4699999,3
44.62,1
16.4,3
0.49,19
175.44,1
38.46,1
7.47,3
23.9497,1
32.281053,1
26.04,2
19.68,4
32.94,5
174.95,1
29.32,2
52.22,2
45.02,1
22.96,2
1.29,17
16.6,1
39.5,2
135.78,1
42.73,1
35.53,1
45.2299999,1
4793.87,1
15.52,2
174.85,1
119.32,1
1.3799999,1
49.29,3
36.57,2
36.74,2
43.13,2
35.7399999,1
42.0501,1
47.6605433,1
0.0221208,1
126.89,1
0.1824288,1
9.191053,1
34.4215607,1
8.6,4
13.42,3
29.99,2
79.2299999,1
274.9,1
46.36,2
10.24,3
52.17,1
33.64,1
29.67,2
1.0899999,2
12.04,1
52.0899999,1
700.955871,1
17.2999999,1
15.06,1
2.04,7
13.68,3
11.88,1
101.47,2
16.4399999,1
20.55,1
30.19,2
46.6999999,1
8.28,3
43.43,3
123.08,1
23318.77,1
131.45,1
0.0726233,1
39.7400145,1
76.63,1
49.99,14
25.2309999,1
13.0502,1
117.65,1
49.1599999,1
27.06,2
20.7,1
1099.26,1
34.98,2
32.61,2
42.015,1
90.82,1
8.5,5
16.3400709,1
40.7099999,1
7.81,3
6.91,1
6.22,5
17.62,1
41.54,1
30.86,1
7.73,1
50.0044777,1
25.12,1
0.0999999,14
32.05,2
47.2699999,1
0.0514473,1
4.63,6
188.95,1
162.81,1
7.04,1
176.04,1
5.45,4
7.86,6
1.11,9
38.61,1
45.17,1
44.3399999,3
2.682106,1
17.7,1
61.12,1
163.06,1
31.676,1
48.4,7
24.65,2
35.68,2
54.96,2
100.2,5
100.0163291,1
9.6200641,1
188.77,1
25.019387,1
46.8,1
172.74,1
18.29,2
28.0204857,1
9.37,1
15.57,4
27.93,2
49.44,1
14.19,2
42.24,1
12.39,1
21.57,2
42.12,2
9.21,1
100.0805708,1
1.55,1
456.23,1
114.07,1
22.0125364,1
2.93,1
35.29,2
2.4220125,1
173.66,1
20.7399999,2
3.62,5
100.0064758,1
9.47,2
22.38,1
6.54,1
46.51,1
6.75,1
30.41,3
16.4052068,1
27.24,2
13.62,1
49.1699999,1
13.6612827,1
175.91,1
9000.06,1
1.1600825,1
50.040029,1
310.57,1
15.6500145,1
43.58,5
3.0601,1
18.64,1
31.88,2
28.28,3
50.14,3
1.9074032,1
25.9202,1
1.45,5
4.15,4
25.52,1
70.75,1
12.8205433,1
24.6899999,4
21.6199999,1
18.3299999,1
245000.0,1
165.84,2
20.9602,1
1.88,7
40.65,1
132.69,2
4.9308978,1
1.86,7
2.8402,1
107.02,1
0.1399999,4
11.268,1
44.565,1
47.21,3
41.69,1
34.49,2
164.74,1
69.3,1
5.2399999,1
9.0499999,1
14.6229693,1
2.18,4
0.0281722,1
150.9338796,1
48.25,1
138.2399999,1
13.09,2
12.9800709,1
28.95,1
100.2599999,2
22.59,3
16.23,1
38.76,1
42.9708978,1
42.4100001,1
33.5199398,1
11.52,3
26.44,1
8.34,5
29.47,2
25.87,1
130.94,2
13.16,4
23.11,1
19.51,1
17.7399999,1
32.6,3
5.5099999,1
42.2149999,1
36.0871558,1
44.4899999,1
0.14,23
3.6414641,1
24.3301,1
110.0100059,1
14.8,1
16.75,1
0.26,16
32.1795322,1
42.39,2
64.68,2
158.94,1
46.388,1
101.0650324,1
48.95,2
11.7099999,1
126.2799999,1
16.9,1
187.77,2
0.73,6
119.85,1
39.46,1
46.53,2
5.14,3
33.03,1
7.55,1
5.96,3
1.13,4
33.94,1
46.02,2
4.28,2
40.0312827,1
0.3313548,1
7.68,2
6.78,2
6.09,3
136.87,1
96.19,1
21.5136149,1
40.5,1
137.9,1
139.76,1
85.66,1
36.53,3
46.2299999,1
4.5,3
38.4899999,1
9.2942439,1
352.5400752,1
4.7399999,1
50.29,1
0.0600001,1
37.57,1
15.3700955,1
6.0299999,1
49.3519947,1
22.4899999,2
4.4399999,1
44.13,1
5.5371558,1
79.8,1
128.04,1
95.23,1
2.7775239,1
8.85,1
23.3299999,1
30.49,2
26.89,3
47.36,3
10.49,2
122.34,1
34.64,1
35.4280839,1
30.17,2
27.86,1
46.5299999,1
45.4150766,1
10.2099999,1
12.29,1
3.53,2
3.08,6
15.31,1
17.77,1
13.93,2
157.94,7
41.2,1
0.804299,1
30.69,1
37.87,4
0.114244,1
44.43,1
35.14,2
301.4,1
20.084299,1
0.205259,1
153.41,1
38.91,1
169.97,1
141.51,1
117.17,1
45.47,1
11.435259,1
95134.02,1
50.1599999,1
23.898,1
136.72,1
17.1,3
32.75,2
14.7,1
48.55,4
101.7599999,1
21.2,1
30.84,1
35.98,2
48.06,2
35.34,1
1.3524288,1
115.1346061,1
0.6019947,1
2.66,3
28.08,1
41.8401,1
21.72,1
45.4899999,1
18.12,1
42.54,1
145.14,1
27.76,2
2.0329693,1
36.38,1
27.902106,1
663.29,1
33.05,1
48.2699999,1
13.15,1
2.5299999,1
3.42,1
37.08,2
46.8569118,1
39.61,1
50.1652068,1
5.6899999,2
33.45,1
2200.25,1
39.984299,1
49.7800145,1
93.2899999,1
36.68,2
8.41,3
100.0810867,1
12.9977,1
29.9342576,1
48.681,1
18.79,1
15.82,2
12.64,1
22.07,1
37.72,1
163.9,1
31.71,2
55.11,1
42.4099999,1
44.8252436,1
36.1,1
4.86,3
11.26,4
0.7107871,1
25.35,2
12.9,3
101.0898198,1
49.77,2
122.33,1
11.33,2
25.0915607,1
14.5700351,1
353.0255477,1
31.63,1
0.75,13
100.1196,1
19.48,1
19.1700999,1
23.46,1
38.829,1
23.8619947,1
19.14,1
49.4499999,1
32.9,2
32.7299999,2
38.42,1
18.9399999,2
200.17,1
5.01,8
5.0199999,2
7.42,2
4.24,2
10.75,2
57.7,1
29.3,4
18.8299999,1
20.1496089,1
48.21,1
6.65,3
0.0112975,1
4.8099999,1
42.69,2
48.0900641,1
94.88,1
162.1,1
49.25,1
75.3399999,1
0.1104682,1
29.45,1
23.09,1
45.28,1
16.73,1
39.76,1
24.0799999,3
13.71,3
200.117174,1
166.93,2
11.77,1
20.33,1
8.59,2
3.81,2
8.8899999,1
59.04,1
23.61,3
10.23,4
2.26,1
0.28,19
2.67,6
167.13,1
11.0214458,1
9.4701,1
36.83,2
44.1001,1
0.77,6
43.39,1
42.2629693,1
38.2700955,1
149.46,2
41.2799999,1
0.2299999,1
13.9342576,1
12.278,1
33.9,3
17.4,2
1.96,6
53.18,1
3.671053,1
1400.6977908,1
41.889,1
46.32,3
401.1799999,1
27.04,3
47.66,1
11.8829693,1
3.51,3
34.94,4
195.2,1
138.51,1
64.81,1
23.96,2
16.4500057,1
18.32,1
40.6699999,1
41.5,2
164.75,1
200.03,1
518.71,1
45.5899999,3
37.53,1
32.01,2
1.59,5
42.9380839,1
39.0714,1
48.3771558,1
50.0434157,1
175.9899999,1
11.42,1
0.3999999,3
27.0642576,1
136.13,1
114.0099999,1
29.683565,1
12.28,3
5.6003788,1
0.031,1
17.2215607,1
0.2999398,1
2295.017,1
30.99,2
24.63,1
165.93,1
35.64,1
145.96,2
18.0830723,1
21.79,2
100.2216024,1
41.0101,1
112.1099999,1
9.36,3
15.56,1
18.27,1
175.29,1
302.38,1
17.4399999,2
100.0561679,1
25.6,2
101.36,1
45.43,1
32.71,2
763.3,1
102.18,1
15.0700057,1
42.99,2
0.0419947,1
46.47,2
173.13,1
80.8799999,1
38.87,4
50000.0,1
32.9199999,1
15.7952068,1
33.75,3
25.6752068,1
28.06,3
1.0217074,1
46.52,3
100.0399392,1
31.34,2
17.3297,1
24.98,2
56.26,1
39.4799999,1
18.3699999,1
36.34,1
41.1419947,1
186.23,1
4.06,1
7.16,1
3.8719947,1
22.22,1
6.47,1
18.62,1
5.57,1
31.86,2
28.26,1
19.38,2
0.461,1
34.05,1
134.95,1
45.9599999,1
48.83,5
131.06,1
7.29,2
34.843565,1
25.5,5
5.7,1
0.0225818,1
47.4769118,1
0.6200001,1
162.98,1
100.1141337,1
28.121053,1
17.7397,1
30.949,1
41.56,1
101.91,1
81.5,1
25.65,2
37.68,1
21.0700641,1
76.8699999,1
0.1299398,1
28.35,1
168.99,1
9.87,3
8.07,5
28.93,2
100.5000034,1
14.69,1
4.086632,1
22.57,4
12.4299398,1
43.4099999,1
2.13,4
47.51,2
8.22,3
11.51,4
43.5199999,1
9.0399999,2
25.85,4
36.84,1
9.97,5
13.2099999,1
48.8801,1
19.66,1
48.51,2
19.2904682,1
21.9701999,1
3.0599999,2
60.59,2
195.82,1
81.29,1
172.16,1
40.609,1
60.01,2
42.35,1
171.22,1
17.5000709,1
45.58,1
32.86,1
29.28,1
3.4595322,1
22.92,1
3.4439053,1
1.91,5
0.1523948,1
100.2035061,1
26.52,1
20.16,1
38.5801,1
29.8,3
19.3299999,1
230.09,1
40.66,1
0.0503548,1
122.06,1
49.21,4
100.0402,1
282.93,1
48.3799999,1
239.1450567,1
16.9177,1
20.1300709,1
45.8352068,1
34.3001814,1
50.25,2
20.31,2
270.61,1
29.95,4
15.2,1
3.5599999,5
46.28,1
62.0699999,1
17.23,1
3.94,1
9.5499999,2
26.87,1
13.66,3
71.27,1
20.51,1
47.32,4
10.48,2
34.6,4
48.11,2
46.4899999,1
0.81,7
4.8396089,1
9.8099999,2
17.75,3
18.85,1
37.83,3
1.04,22
52.05,1
57.11,1
28.15,1
44.9900351,1
147.19,1
114.5,1
117.09,1
47.62,1
22.333565,1
34.9,1
17.9,1
3.17,6
5.39,1
17.1995322,1
7.8,5
27.54,2
6.21,1
7.02,2
45.3844469,1
31.36,1
30.82,2
110.39,1
5.52,1
7.03,4
6.34,2
201.12,1
25.8499999,1
42.2169118,1
42.5,4
0.9329693,1
45.73,3
4.75,3
45.09,1
27.6601049,1
213.09,1
39.57,1
13.2,1
46.13,2
8.2301,1
11.4899999,2
42.8,1
68.89,1
43.5529693,1
12.53,2
9.35,2
14.17,3
31.49,3
27.89,2
49.36,2
10.99,2
25.13,4
321.61,1
36.64,2
110.04,1
100.27,1
13.9442576,1
35.8099999,2
29.451,1
5.76,3
113.91,2
15.81,2
18.77,1
42.0796089,1
14.43,1
587.26,1
22.05,1
150.12,1
31.69,2
39.87,2
0.72,5
13.67,1
46.43,1
87.4373032,1
33.71,1
11.25,2
112.94,1
3.68,4
127.7499999,1
1.394244,1
170.22,1
47.47,3
23.5099999,1
106.26,1
100.1998796,1
33.8799999,2
144.72,2
6.12,1
49.66,2
34.75,1
171.05,1
4.7699999,3
69.49,3
1252.5482089,1
25.48,1
40.4799999,1
50.06,15
37.34,1
29.08,1
0.29,15
39.2699999,1
50.0893219,1
19.12,2
44.54,3
169.39,1
28.76,3
100.4,1
2.8699999,1
7.271053,1
6.0801999,1
20.9629693,1
100.0362814,1
36.3099999,1
81.1899999,1
41.61,3
60.89,1
48.17,1
0.5184667,1
34.35,2
35.45,1
120.87,1
35.4552068,1
26.15,1
0.5400057,1
88.68,1
37.8499999,1
19.79,3
29.43,1
20.77,4
1.5800057,1
13.14,1
39.72,2
9.25,1
16.71,1
87.8299999,1
41.0409172,1
160.8299999,1
26.28,1
22.69,1
8.58,1
26.35,1
19.4799999,1
13.4,1
239.93,1
47.4319947,1
7.9500641,1
2.99,7
6.5471558,1
0.061,1
38.07,4
49.51,3
61.59,2
1.17,14
99.81,1
72.52,1
112.93,1
43.35,1
49.5169118,1
15.916612,1
48.9995322,1
162.08,1
45.2879999,1
48.5701049,1
6.85,3
46.58,1
23.74,1
20.14,1
33.86,2
3.84,3
29.78,4
35.625,1
178.7099999,2
160.43,1
67.42,1
0.135259,1
172.42,1
5.26,2
39.5899999,1
7.67,2
16.1052436,1
6.08,3
20.66,3
4.49,3
3.49,2
30.3,2
50.0668873,1
322.4523354,1
33.376,1
9.3929693,1
62.93,1
599.0599999,1
50.21,1
173.25,1
40.9,2
42.8199999,1
1.0542576,1
44.69,2
10.4699999,1
44.9199999,2
18.5604682,1
162.35,1
49.9612991,1
50.0527605,1
0.88,14
1350.1399999,1
34.2915607,1
15.45,4
24.09,2
37.6999999,2
47.28,1
3.3,5
17.73,2
41.76,1
34.56,1
130.1399999,1
0.5471558,1
32.4799999,1
131.18,1
12.27,4
2.73,6
27.37,2
13.91,2
24.61,3
34.79,2
48.32,2
20.609,1
9.4001,1
1.87,5
47.65,1
3.14,1
15.55,4
18.25,2
5.1499999,3
44.59,3
103.97,4
17.4199999,1
38.83,1
2.58,5
22.1659999,1
32.67,1
13.2677,1
49.861,1
19.5202,1
27.39,3
229.11,1
48.62,1
35.9,4
4.34,6
42.46,1
21.13,1
0.0501,1
18.6500709,1
28.04,1
25.3499999,1
33.32,2
12.79,1
163.45,1
19.1401,1
31.32,1
49.02,3
24.96,3
30.1109172,1
0.2199998,1
1.49,8
179.72,1
127.63,1
113.23,1
1.62,5
102.19,1
43.5,3
39.53,1
34.01,2
49.2299999,1
1.05,11
21.9000057,1
96.52,1
47.13,1
159.9999,1
17.0029111,1
12.78,1
9.6,3
31.99,2
97.4799999,1
28.39,1
25.63,3
994.72,1
5.5399999,1
32.5900641,1
166.21,2
32.9102854,1
39.3722912,1
651.57,1
9.86,3
8.06,2
14.68,2
7.52,1
12.88,2
50.0597,1
24.41,3
16.19,5
42.7625818,1
11.5,4
77.1999999,1
0.79,8
169.96,1
55.54,1
26.6199999,1
169.38,3
115.9,1
46.0999999,1
21.871053,1
171.57,1
10.0599999,1
35.75,4
25.693565,1
29.06,1
46.59,3
22.7,3
0.31,13
16.34,4
37.14,4
123.07,1
51.06,1
178.8899999,1
2.0299999,4
30.9802,1
190.48,1
49.3996999,1
0.83,9
7.41,2
6.72,2
45.54,1
16.86,2
4.23,1
716.65,1
39.38,1
36.05,1
5.13,3
163.31,2
7.54,4
7.9804933,1
26.5,1
5.95,3
0.1599999,1
12.7042576,1
3.69,5
169.19,1
49.17,5
2.98,8
48.3399999,1
5.5931606,1
36.45,1
35.4896089,1
5.1999999,1
28.315,1
26.65,1
1738.39,1
39.68,1
66.45,1
150.5,1
114.7129848,1
21.894244,1
3.05,6
20.29,4
8.57,2
29.93,1
49.4199999,2
23.57,1
40.72,1
10.21,2
0.1673202,1
4.8999999,2
3.46,1
20.01,3
36.88,1
12.01,2
8.83,3
29.3901,1
1.2648941,1
13.65,3
209.15,1
10.47,2
18.0299999,1
83.39,2
9.5999999,1
120.67,1
4.4439927,1
8.5599999,3
6.901053,1
150.04,1
44.57,1
86.9,1
114.93,1
1.0199,1
176.15,1
1.06,8
60.3,1
122.7699999,1
36.1901,1
93.36,1
133.01,1
40.7401,1
6.8,7
45.4914458,1
29.37,2
548.45,1
30.77,1
161.9199999,2
34.86,1
49.9042576,1
17.88,1
30.28,3
23.92,1
41.42,1
27.52,3
21.16,1
0.6500057,1
30.8,1
24.44,4
8999.98,1
1.21,8
24.9652068,1
23.68,2
45.69,5
10.4,3
420.55,1
117.61,1
38.49,1
117.55,1
25.9599999,1
3.9314458,1
15.1800145,1
24.59,1
38.6999999,1
48.28,3
18.23,2
42.76,1
47.5144469,1
140.99,1
54.84,2
0.3953068,1
12.52,3
21.83,1
9.34,3
31.47,1
27.87,2
14.16,2
2.08,4
21.51,1
49.32,2
10.0459893,1
173.18,1
32.3399999,2
100.0418345,1
171.0199999,1
413.36,2
3.24,1
0.1301,1
15.8,2
18.75,1
24.2799999,1
39.83,1
44.38,1
4.41,2
0.63,6
46.39,2
33.67,1
108.93,1
171.44,2
32.8399999,1
35.1052068,1
31.785,1
17.53,1
49.6808782,1
36.9,3
18.9,3
9.11,2
14.18,4
2.2799999,2
100.1,46
43.46,1
1.3599999,1
20000.0,1
9.8999999,1
123.68,1
5.64,1
4.05,3
12.4799999,1
127.55,1
6.46,4
31.33,1
37.94,3
46.7101,1
31.82,2
10.69,1
4.66,5
100.0106234,1
33.9571558,1
4.18,2
373.9,1
6.59,1
19.1,1
44.5,3
151.5499999,1
47.73,1
40.53,1
35.01,1
47.09,1
0.336,1
41.57,1
4.9399999,1
1.3908674,1
44.8,2
6.3599999,1
168.54,1
65.48,1
132.3299999,2
10.0902,1
6.6599999,1
13.03,1
323.6999999,1
32.08,1
14.67,1
16.49,1
28.89,1
11.49,2
26.13,1
1253.44,1
38.64,1
16.17,1
0.3502854,1
0.1505433,1
3.78,3
36.93,3
10.11,5
38.1952436,1
8.31,1
14.93,1
13.13,3
29.41,1
23.05,1
41.87,1
25.4200709,1
8.3300001,1
4.83,5
84.02,1
11.75,2
2.6,2
44.1301814,1
162.65,1
18.56,1
25.3,3
1.0882576,1
162.47,1
0.17,13
169.62,1
195.86,1
110.26,1
0.33,11
22.95,3
0.0603788,1
47.8899999,1
22.4219947,1
36.75,1
20.0380531,1
23.2,1
4.7899999,1
0.87,11
16.84,2
47.285259,1
32.78,3
19.93,1
52.06,1
0.0625818,1
40.923565,1
156.11,1
1.16,13
16.0099999,1
23.72,1
20.12,1
120.03,1
17.36,2
33.82,1
46.3200351,1
32.9899999,2
37.05,1
4.7295322,1
35.5802,1
43.5229693,1
37.4502854,1
174.98,1
0.03,80
43.61,11
1.35,2
150.34,1
50.17,2
42.97,2
49.3399999,1
2.97,4
128.26,2
87.5,1
8.3977,1
34.12,1
135.57,1
27.15,3
65.5399999,1
40.68,2
29.97,2
18.3899999,1
121.99,1
20.79,2
8.82,1
19.9599999,1
13.64,1
24.07,3
41.72,1
152.4,1
17.71,3
744.19,1
46.4099999,2
95.01,1
12.26,2
9.7899999,2
13.9,1
10.72,1
23.7502,1
28.965,1
32.23,1
57.03,1
201.03,1
9.9599999,1
44.31,2
9.1105433,1
250000.0,3
319.83,1
520.73,1
12.75,2
45.35,2
36.82,2
32.63,1
45.48,1
30.741,1
61.3,1
146.33,1
89.11,1
12.0605433,1
119.01,2
0.025,1
7.1,1
48.58,1
24.74,2
21.14,2
35.86,1
18.38,2
30.78,2
42.42,3
163.25,1
48.7796089,1
77.9299999,1
120.13,1
152.67,2
98.0899999,1
41.5899999,1
28.02,1
6.33,1
21.66,1
4.74,2
20.8299999,2
10.3390828,1
0.09,51
45.65,1
32.93,1
49.2099999,1
7.15,2
36.1299999,1
22.1199999,2
0.8802854,1
5.2799999,2
0.4533952,1
46.69,1
39.49,1
33.97,2
58.77,1
18.4101,1
24.5205433,1
39.17,3
121.13,1
22.7000145,1
130.6,1
53.25,1
46.33,1
21.81,2
31.45,2
15.95,1
4.36,2
25.09,1
39.6999999,1
49.28,2
18.73,1
43.76,1
36.56,1
166.05,1
22.68,4
3.65,3
155.43,1
2.855,1
191.2648188,1
85.5999999,1
31.97,1
28.37,1
2.0355938,1
14.41,2
25.61,2
11.23,1
81.9599999,1
48.8499999,1
50.0299958,1
2.51,1
5.23,1
36.7699999,1
0.5699999,3
18.6004857,1
2.92,6
2.47,1
10.5599999,3
8.05,3
33.5400057,1
24.7799999,2
17.6399999,1
13.5799999,1
6.5699999,1
10.07,2
47.39,1
27.1,2
0.6405847,1
33.8399999,1
78.51,2
50.0375212,1
52.3141636,1
18.07,2
19.61,4
44.46,2
43.6299999,1
29.04,1
39.2613999,1
100.0685153,1
32.16,2
38.94,1
16.32,3
58.22,2
51.02,1
174.8,1
1.08,11
19.6,1
8.81,1
6.3399999,1
45.8469118,1
100.0199999,3
95.66,1
50.1102178,1
41.53,1
47.8679999,1
36.01,4
143.76,1
42.57,2
123.3314,1
175.77,1
45.8,2
31.58,2
100.33,1
151.36,1
113.45,1
13.28,2
10.1,4
33.08,3
14.92,4
16.99,3
29.39,1
11.74,2
26.63,1
23.03,1
39.64,1
16.67,1
32.56,1
87.41,1
8.56,1
20.27,2
163.26,1
13.38,1
29.91,1
46.2,1
0.1336312,1
48.72,4
17.19,1
42.87,2
62.15,1
115.61,1
1.9094465,1
46.8499999,1
86.02,1
15.7200709,1
7.9000351,1
0.2503788,1
124.58,3
30.455,1
43.27,1
141.63,1
84.5699999,1
49.351053,1
0.66,2
76.3307398,1
37.75,3
30.06,1
23.7,1
1.99,17
79.471,1
1.2141636,1
17.34,2
33.78,3
26.98,2
43.4799999,1
49.8481407,1
36.5752068,1
167.1399999,2
8.4599999,1
26.2599999,2
49.55,2
178.73,3
1.4300641,1
2.32,7
7.66,2
18.2399999,2
24.22,2
6.97,2
20.62,3
47.54,4
30.26,1
34.82,4
0.2312827,1
7.8001,1
24.03,1
38.05,2
5.38,4
199.56,2
123.39,1
0.0208778,1
4.61,2
33.2800145,1
14.1000057,1
44.61,3
25.8,1
43.7799999,1
0.9180839,1
122.16,2
15.42,2
35.2600709,1
49.9201814,1
35.12,1
27.65,1
41.68,1
41.0899999,1
0.0929693,1
120.12,1
40.0700999,1
87.1199999,1
14.1600955,1
6.2699999,3
50.0744643,1
21.29,2
9.07,2
30.93,1
15.69,2
13.89,1
24.57,5
35.52,3
10.71,1
18.21,1
47.4099999,1
8.2600709,1
2.38,5
3.6100351,1
147.27,1
12.51,3
2.79,3
3.382106,1
197.66,1
10.0399999,8
75.19,1
27.85,1
20.9799999,1
14.15,4
4.6637558,1
10.97,1
20.68,2
3.2,6
105.7545484,1
42.8600351,1
158.84,1
172.66,1
13.3299999,1
39.79,5
100.0802098,1
46.35,3
49.7402854,1
45.5199999,4
169.04,1
28.7901,1
161.3,1
75.5499999,1
48.96,7
44.73,2
0.05,149
0.0471111,1
50.4500641,1
3.161,1
190.1699999,1
100.787,1
25.24,1
21.64,1
31.28,3
43.42,2
170.46,1
100.0599999,1
1.24,2
28.52,1
24.1053276,1
26.9099999,1
31.8,2
21.3299999,2
13.8897,1
162.59,1
0.18,34
12.7399999,1
46.65,1
1.67,2
33.93,1
66.06,1
100.0002,1
50.6200189,1
100.0201283,1
14.4799999,1
27.3504682,1
3.1799999,3
33.4199999,1
9.03,1
12.1396088,1
34.97,2
68.14,1
172.2099999,1
39.6599999,1
16.5202,1
74.6,1
22.31,2
100.09,3
31.95,3
8.2,1
25.59,2
50.28,2
87.72,1
19.23,1
44.76,3
324.2,1
13.02,1
9.84,1
16.47,1
28.87,2
32.04,4
14.66,1
26.11,2
2.12,4
22.51,1
11.48,3
18.92,2
113.0499999,1
163.2699999,1
11.6315607,1
13.46,2
8.3,2
19.75,1
130.3,1
5.08,2
41.83,2
26.39,1
61.11,1
103.5399999,1
35.67,1
79.5999999,1
33.6100641,1
41385.08,1
45.9699398,1
47.9999999,1
83.1299999,1
41.8480839,1
4.1599999,1
21.55,2
38.9,3
19.9,7
45.97,1
45.46,3
26.9301,1
5.89,1
44.6299999,1
4.3,1
8.1904682,1
29.54,3
6.71,1
124.57,1
39.94,2
32.74,2
26.46,1
44.534299,1
5.411053,1
6.02,1
4.43,1
7.53,2
45.6699999,2
6.84,3
173.62,1
188.7999999,1
20.1,1
21.715,1
98.4299999,1
44.8701,1
13.01,3
41.79,2
5.25,3
40.51,2
568.39,1
94.7044336,1
0.3860381,1
49.8981407,1
0.6799999,7
30.32,1
43.57,1
5.1899999,1
5.9,1
32.3221493,1
0.252106,1
34.08,1
15.17,1
29.89,2
11.99,5
27.13,1
23.53,2
17.17,2
11.0852068,1
13.79,3
8.42,2
10.61,2
3.11,6
96.47,1
35.1599999,2
13.63,1
158.2999999,1
47.2,1
24.05,2
19.2999999,1
43.87,1
110.14,1
180.3060634,1
37.71,1
56.53,1
12.25,6
2.33,5
87.19,1
3.93,3
38.2,1
44.91,2
32.19,3
1.32,4
118.13,1
3.09,1
38.75,3
131.55,4
30.56,1
67.74,1
3.98,3
17.84,2
41.98,2
16.6396999,1
11.1952068,1
2.74,5
1.7701,1
41.34,2
42.2,1
34.8099999,1
11.145,1
4.39,2
24.72,1
21.12,2
48.54,3
2.3705433,1
2.1852692,1
175.24,1
0.0233066,1
46.37,3
45.61,2
2.0099999,12
32.89,3
202.25,1
161.78,1
0.82,9
50.3600001,1
100.0401911,1
48.475,1
39.45,1
91.5,1
100.1503,1
97.12,1
183.82,1
42.68,4
8298.89,1
261.7535502,1
38.6500145,1
37.16,1
11.12,3
9.32,1
31.43,2
14.14,2
25.07,4
36.52,1
10.96,1
18.71,1
4.11,2
15.96,2
28.85,3
0.2699398,1
258.54,1
9.58,1
44.3881407,1
464.05,1
14.4,3
34.23,1
580.12,1
46.31,2
374.0899999,1
40.79,2
82.37,1
162.0199999,2
34.63,2
87.0452068,1
43.7099999,1
23.16,1
10.5399999,1
63.3,1
155.7999999,1
47.55,3
109.89,1
38.3302,1
22.3052068,1
0.1,106
7.35,1
25.74,1
22.14,3
37.86,1
20.0100054,1
45.75,2
25.42,1
44.42,1
101.67,1
80.6899999,1
164.92,2
0.19,27
23.14,1
43.5899999,1
4.17,2
24.9099999,1
3.2699999,1
6.58,2
4.99,11
42.3600999,1
16.3,1
21.8299999,1
25.94,1
5.3400641,1
0.36,11
22.47,1
47.7299999,1
34.93,2
7.4,1
2.9299999,2
15.845259,1
50.0060056,1
129.7,1
2.2071558,1
25.1000641,1
48.69,3
35.97,1
60.77,1
48.3301,1
2.6873032,1
40.6599999,2
0.113337,1
6.385259,1
170.66,1
162.85,1
22.81,2
14.2012738,1
16.45,1
8.45,1
0.263226,1
26.09,1
41.6999999,1
38.56,1
5999.95,1
3.8712827,1
2.57,3
163.68,1
23.33,1
21.163565,1
1.7342576,1
10.09,1
16.97,3
26.0915607,1
14.91,2
26.61,1
23.01,1
52.32,1
11.73,1
77.4,1
0.4375783,1
1.6883711,1
25.0225818,1
7.9794156,1
30.42,2
9.999,1
83.86,1
0.0300709,1
20.25,1
38.3825818,1
64.22,1
4.1901,1
14.4699398,1
17.3999398,1
29.1700204,1
33.1999999,1
38.78,1
219.16,1
49.39,2
25.6063609,1
36.67,1
17.4277,1
35.8399999,2
35.3,2
32.0401,1
173.46,1
10.0100174,1
0.4052068,1
20.8704682,1
3.1199999,1
23.7299999,1
39.9,1
41.1615607,1
100.44,2
46.46,2
4.6395322,1
0.3745128,1
185.6991622,1
134.1199999,1
45.6299999,1
30.04,2
53.66,1
159.89,1
40.94,1
17.32,2
60.22,1
26.96,1
0.98,9
250.3243495,1
32.9099999,2
54.66,1
46.6699999,1
102.8397579,1
20.6,1
47.5,1
18672.15,1
961.35,1
2.23,4
35.684299,1
49.677,1
20.156,1
43.53,2
38.01,1
29.52,1
50.09,2
0.3000398,1
4.1801,1
13.1415607,1
104.77,2
54.99,1
63.85,2
46.6096089,1
47.8,2
33.1825923,1
177.1399999,1
210.24,1
22.3529693,1
48.2108978,1
10.6,3
18.7100709,1
167.1,1
19.09,5
10.524244,1
30.39,3
27.63,2
63.2899999,1
41.64,1
17.67,2
0.2729693,1
39.3880839,1
6.7899999,1
21.03,2
15.8700351,1
18.74,1
21.27,5
15.68,2
30.91,2
28.9501,1
24.55,2
18.19,2
45.9499999,3
44.87,2
36.1809172,1
26.0605433,1
22.0499999,1
100.058,1
0.51,15
38.71,4
12.5,5
27.2119947,1
30.6642576,1
50.1326687,1
37.8799999,1
1.94,3
45.91,1
33.19,1
57.99,1
45.27,1
151.8,1
169.88,1
114.15,1
24.77,1
2.14,1
185.3348188,3
38.9199999,1
95.0099999,2
1.0889357,1
39.75,1
31.06,2
24.7,1
4.96,4
18.34,1
42.98,1
35.78,1
27.98,1
45.4799999,4
156.4317476,1
179.3899999,1
13.3776999,1
146.98,1
23.8699999,1
37.25,3
4.81,1
13.78,1
25.22,2
7.22,2
6.32,3
157.2980839,1
18.86,4
4.73,3
46.85,1
110.4,1
43.38,1
17.68,1
40.05,1
199.81,2
4.04,2
146.1399999,1
28.5,1
6.45,3
109.19,1
46.61,3
0.3396089,1
6.94,2
0.2445811,1
45.7799999,1
22.36,2
40.45,3
7.2899999,1
0.64,15
37.12,2
28.65,1
43.68,3
8.9699999,3
171.68,1
4.1099999,3
158.1499999,1
6.5199999,1
164.13,1
22.29,2
38.16,1
9.57,2
31.93,2
8.19,4
44.4499999,1
44.72,3
37.52,1
11.21,4
19.21,2
1.0414458,1
49.4099999,3
3.71,3
1000.08,1
43.54,1
4.6599999,1
9.83,1
79.19,1
9.5,2
14.65,2
15.7829693,1
3.2112143,1
47.31,2
28.1852436,1
0.0400084,1
149.99,1
49161.77,1
164.91,1
109.81,1
72.2099999,1
166.0199999,1
37.26,2
48.35,1
0.0402,1
28.79,2
2.84,4
32.3,5
47.5199999,1
0.2,69
38.86,1
19.88,1
39.2799999,1
45.42,1
0.38,20
100.0428,1
50.0771558,1
67.47,1
203.3899999,1
115.25,1
32.7,4
16.8,2
150.84,1
39.923565,1
0.97,7
35.93,3
30.67,1
0.0609336,1
112.49,1
16.21,1
16.939,1
49.69,1
42.49,1
91.8,2
50.0265214,1
6.3199999,1
0.7204682,1
2.25,8
0.3812991,1
1876.97,1
0.4219947,1
25.1699999,2
299.4099999,1
150.01,4
8.7,2
42.6999999,1
20.23,1
39.56,3
1.26,6
13.52,3
10.34,2
17.47,3
190.97,1
5.35,6
34.04,2
15.16,2
27.11,1
23.51,1
11.98,1
40.6,1
33.34,1
39.7699999,1
35.79,1
8.8,2
20.75,2
47.5777,1
22.7599999,1
43.83,2
120.56,2
8.1299999,3
50.39,1
37.67,1
75.18,1
175.94,1
11.7999999,2
36.8399999,1
5.15,1
100.362,1
115.97,1
126.5,1
0.2701,1
6999.96,1
19.8700641,1
168.13,1
30.9671558,1
80.35,1
100.1399999,2
34.78,1
6.14,3
4.55,2
30.54,1
6.96,1
437.28,1
5.37,1
33.9099999,1
4.68,5
7.09,1
141.87,1
148.84,1
21.1,3
48.5,2
192.75,1
0.55,10
29.8229693,1
3.73,1
39.01,3
5.5,3
175.08,1
87.7299999,1
49.7399999,1
12.9308978,1
100.072,1
32.1599999,2
4.6199999,1
45.57,3
32.85,2
5.4399999,3
2.54,4
88.4199999,1
48.8,5
40.88,1
137.04,1
74.47,2
5.2019947,1
10.85,4
14.2599999,1
36.08,3
15.67,6
30.89,3
12.49,1
28.13,2
50.0801,1
12.3999999,1
18.17,1
34.3712991,1
41.8099999,1
14.29,3
2.03,3
90.6899999,1
3.58,3
11.11,1
9.31,1
15.93,1
14.13,2
31.41,3
49.2,2
25.05,1
45.71,3
137.0299999,1
45.87,1
33.15,1
2.44,3
1.1299999,6
39.71,2
15.79,2
24.91,1
47.1603788,1
41.03,2
46.91,1
170.97,1
34.19,1
58.99,1
10.3625818,1
16.6612827,1
8.7399999,1
1.58,1
7.78,2
24.051,1
0.6508681,1
122.13,1
40.75,2
0.1369075,1
0.0350116,1
167.8,1
25.2,1
13.92,1
28.48,2
46.4799999,1
50.0118676,1
43.34,3
92.26,1
19.81,1
25.72,1
22.12,2
19.36,2
31.76,1
179.39,1
16.1199999,1
0.3304827,1
18.6229693,1
100.2819168,1
41.05,4
14.034244,1
1.27,4
171.65,1
0.0136801,1
100.0003628,1
89.7399999,1
143.4167423,1
4.4199999,1
37.33,1
2.5099999,2
47.61,2
54.17,1
19.9701,1
4.13,2
31.5112991,1
0.4799999,1
30.6842576,1
13.092106,1
13.4869118,1
29.15,4
109.7899999,1
27.0915607,1
44.68,4
35.528,1
44.1301,1
158.2699999,1
100.68,1
9.82,2
16.43,1
5.9799999,2
102.3399999,1
14.64,3
164.9199999,2
50.0501,1
38.52,1
168.9,1
19.71,1
41.4400351,1
50.4099999,1
181.5799999,1
0.6499999,1
17.4104857,1
10.08,2
29.35,1
14.9,2
50.0000641,1
0.6165164,1
151.1499999,1
33.0702854,1
48.02,2
82.83,1
6.7301,1
147.2699999,1
42.79,1
3.9015544,1
1.1103746,1
50.1100818,1
49.35,1
14.3202,1
33.3,3
162.83,1
8.44,1
336.82,1
15.2312827,1
0.4,28
3.87,1
0.1045811,1
7.6,4
0.0796089,1
39.86,2
0.0379908,1
44.9799999,2
11.6,1
26.42,1
2.0599999,1
29.87,1
90.3399999,1
6.01,4
4.42,2
6.83,1
5.7802,1
23.66,1
33.7,1
140.0298771,1
17.3,1
22.8299999,3
26.94,1
1.19,5
49.65,2
1102.9084751,1
7.65,1
18.69,2
6.9560002,1
0.1018592,1
37.97,1
1.9601,1
42.6599999,1
24.18,3
79.38,1
9.5599999,1
16.2052436,1
195.1,3
3999.94,1
23.81,1
5.3099999,2
17.45,1
8.95,1
109.27,1
27.09,1
20.73,4
15.6929693,1
40.56,2
50.0662505,1
164.89,1
3.9,3
147.93,1
10.3000709,1
20.3200057,1
6.6,3
2.31,4
0.2300825,1
30.37,1
35.04,2
15.41,2
138.91,3
2.9899999,1
1.3399999,2
37.301,1
109.43,2
40.7699999,1
28.3462332,1
2.72,1
4.16,2
9.05,4
21.25,1
48.5199998,1
42.034299,1
174.87,1
38.67,1
37.8399999,2
108.76,1
45.5299999,1
158.61,1
188.7,1
0.0002,1
4.0000709,1
41.9,2
4.3699999,2
374.51,1
48.46,2
46.57,2
0.8304682,1
9.3019947,1
31.04,2
55.66,1
63.1137201,1
128.2,1
35.74,2
75.31,1
47.46,1
85.8499999,1
0.3299999,3
381.4799999,1
48.6699999,1
20.38,2
49.5,3
137.03,3
114.2699999,1
100.1225654,1
35.9499999,1
40.01,3
1.84,7
13.7501,1
163.97,1
27.8399999,1
30.44,1
0.1802,1
47.3199999,2
15.99,1
33.0199999,1
14.28,2
11.1,3
15.92,4
12.74,1
28.63,2
43.64,2
162.96,2
13.59,3
42.8099999,1
14.54,1
21.1400641,1
2.6800351,1
9.56,2
22.27,1
8.18,2
21.4399999,2
1.2925818,1
28.725,1
19.19,5
50.1600177,1
46.87,1
34.15,4
115.86,1
40.71,1
10.6199999,1
47.91,1
11.7600057,1
34.351053,1
35.19,1
12.41,1
47.27,1
2.9699999,1
48.15,2
39.9101049,1
138.13,1
56.1191433,1
1.0085252,1
90.8199999,1
32.12,2
7.669,1
11.56,1
1.4242576,1
46.6208296,1
41.75,1
25.27,1
25.7,1
26.59,2
44.98,1
17.538,1
37.78,1
32.26,3
6.9001,1
15.9899398,1
46.62,2
18.5099999,1
6.57,2
16.26,1
38.82,1
44.8870669,1
114.4,1
78.43,1
538.7,1
7.0819947,1
121.38,1
5.88,2
176.06,1
32.3701,1
29.5,2
90.7044336,2
49.9112991,1
9.271053,1
1549.2899999,1
170.34,1
0.2499999,1
1.5369477,1
49.81,2
1.0999999,1
19.6501999,1
42.45,2
110.11,1
29.65,4
5.94,1
32.96,2
31.0100709,1
4.3599999,1
1.3896089,1
137.99,2
23.29,2
11.87,1
8.69,1
26.57,1
46.72,2
5.2414458,1
66.2,1
14.5677,1
13.51,3
33.7699999,2
10.33,2
20.9599999,1
0.2901999,1
11.97,1
39.961,1
39.0429693,1
5.8999999,1
19.0180757,1
67.79,1
43.79,2
100.9600008,1
173.91,1
50.2500506,1
50.35,1
34.2901814,1
21.98,3
49.5199999,1
0.8903788,1
19.5,1
156.3095322,1
37.82,1
110.96,1
0.8,21
158.6699999,1
21.5600999,1
122.35,1
23.64,2
0.041,1
20.88,1
0.4099999,2
47.42,1
1.02,22
9.352106,1
598.82,1
110.03,1
17.8,1
37.54,2
0.092106,1
3.13,6
50.65,1
1.57,3
37.93,1
87.9199999,1
0.6598977,1
32.41,1
4.4,1
44.49,1
32.5400641,1
43.6599999,1
24.0700641,1
723.95,1
93.13,1
1.5229052,1
97.8199999,1
142.26,1
0.065214,1
27.59,1
36.3199999,1
21.23,1
48.76,3
49.6244469,1
17.2252436,1
17.1199999,1
21.9399398,1
13.22,4
26.7599999,1
57.3,1
30.87,1
36.04,1
28.11,2
24.51,1
33.884244,1
48.7139713,1
48.36,2
0.0001,1
25.634299,1
192.8044336,2
136.86,1
8.3699999,1
43.879,1
9.3,3
21.75,1
0.1284725,1
35.0501999,1
3.3814458,1
45.83,2
350.49,3
0.0496089,1
33.11,3
2.34,2
8.6299999,1
100.0685981,1
7.8477,1
39.67,1
31.9799999,1
162.61,1
55.62,1
100.0859386,1
21.9,3
161.02,1
49.46,2
1.3403788,1
6.39,2
6.3804857,1
48.6299999,1
4.8,3
31.54,2
7.21,2
25.18,1
5.62,2
20.2701,1
0.825259,1
24.3499999,1
18.9752436,1
100.0571636,1
0.2269075,1
88.89,1
4.93,4
4.03,1
6.44,3
22.1,1
50.5,1
11.3100709,1
33.81,1
118.78,1
133.99,1
30.62,3
49.8799999,5
28.4101814,1
47.57,1
38.4599999,1
34.85,1
2.6201814,1
0.41,12
5.0499999,1
49.3514,1
150.0840672,1
23.0799999,3
120.01,1
14.53,1
39.4444336,1
11.35,2
38.08,1
8.17,2
19.49,1
31.89,1
12.99,3
25.53,2
19.17,1
63.92,1
14.79,4
11.61,1
0.1805,1
22.77,3
34.2849999,1
14.63,2
16.41,4
21.9399999,1
26.05,4
4.5299999,4
47.87,4
35.15,2
13.25,1
69.44,1
38.8799999,1
163.22,1
36.19,2
70.58,2
45.72,2
163.8,1
134.255,1
29.12,1
37.8512827,1
33.91,1
42.75,1
200.05,1
117.7799999,1
16.56,1
99.99,9
26.2,3
36.18,4
0.3181407,1
45.98,1
33.26,1
45.34,1
37.8202,1
101.74,3
23.7373032,1
162.39,1
16.76,1
39.82,2
135.18,1
48.6719947,1
84.3,1
14.03,2
43.05,1
18.7399999,1
4.3103941,1
18.7705433,1
0.3152436,1
10.2399999,3
47.5599999,1
103.8076758,1
197.19,1
71.98,1
36.89,2
56.17,2
94.4622799,1
88.97,2
183.6499999,1
127.53,1
41.6,3
6.41,1
132.32,1
30.15,3
46.68,1
33.96,2
129.5199999,1
5.7999999,1
33.1299999,1
4.5268137,1
41.16,1
12.12,1
10.32,1
17.43,3
60.44,1
8.94,1
15.14,3
27.07,1
47.72,2
149.15,1
20.71,4
113.460026,1
0.4519947,1
205.8299999,1
50.0000024,1
13.76,3
10.58,1
30.35,3
23.4799999,2
15.4,3
112.4,1
9.995,1
50.31,1
37.59,1
36.8900001,1
21.18,2
32.07,1
179.08,1
48.9689999,1
101.0099999,1
1.6,10
167.98,1
27.74,2
24.14,1
41.86,1
21.38,4
1.3199999,2
17.78,2
48.42,1
187.25,1
109.92,1
173.42,1
3.04,5
0.9948188,1
31.02,2
171.37,1
24.66,2
5.49,3
18.3,3
23.8299999,2
32.37,1
4.01,7
38.93,1
162.25,1
42.15,2
6.3714458,1
2.5629693,1
38.0999999,1
108.2699999,1
4.0701,1
33.41,1
67.61,1
29.2704857,1
45.49,2
49.999,1
39.97,4
44.6599999,1
27.3295322,1
8.55,2
5.9305433,1
163.81,2
199.35,2
7.1499999,1
24.81,3
5.5599999,1
18.45,1
9.45,4
28.09,1
49.76,4
32.9799999,1
42.56,4
4.62,2
2.82,5
86.5999999,1
136.18,1
14.27,1
3.23,3
11.09,2
18.97,1
37.04,2
15.91,1
6.1525818,1
25.01,4
173.15,1
2.09,8
3.64,3
0.3205,1
180.12,1
18.1399999,1
9.55,2
22.25,2
43.84,2
118.47,1
88.73,2
46.83,3
599.98,1
34.11,3
0.0284627,1
40.67,1
6.9996089,1
149.9899999,1
39.8399999,3
47.425,1
33.9801,1
3.99,5
222.11,1
22.4,1
11.4047019,1
0.0471593,1
50.46,1
49.6299999,1
16.04,3
21.9619947,1
157.45,1
25.68,4
44.94,3
11.39,1
35.31,1
32.22,2
28.96,3
0.7101,1
36.9099999,1
0.8199999,3
1.89,11
22.6,2
100.3411619,1
9.5558823,1
133.28,2
0.0500709,1
37.9499999,1
47.53,3
42.01,1
166.79,1
36.924244,1
0.0500641,1
16.9899999,1
0.43,9
0.58,6
29.4799999,1
115.08,1
2.2399999,1
127.02,1
33.115,1
0.57,7
48.3401999,1
47.7399999,1
20.5501049,1
51.8,3
193.1399999,1
3.0201,1
4.964299,1
14.78,1
39.08,2
19.99,2
13.24,1
0.0552436,1
45.64,2
94.35,2
32.92,1
179.52,1
15.04,1
32.0899999,1
11.86,1
10.06,4
23.27,1
8.68,1
14.88,2
0.0700057,1
26.55,1
10.3412991,1
16.0799999,2
20.19,1
0.1999999,2
48.87,4
36.15,1
0.1099398,1
123.46,1
2.277,1
42.71,3
13.5,4
41.8799999,2
37.19,2
1.6399999,1
48.3499999,1
44.99,1
42.9199999,1
156.17,1
3.2199999,2
43.75,2
173.75,1
21.2099999,1
17.06,3
26.7,2
71.86,1
46.98,1
25.4301814,1
29.98,2
34.26,1
111.57,1
400.4266714,1
41.4099999,1
156.08,1
11.3999999,2
143.48,1
50.0080839,1
17.58,2
0.2600641,1
162.23,1
163.82,1
27.22,3
7.72,4
23.62,2
6.82,3
20.86,1
40.82,2
0.035,1
40.0202,1
16.79,2
6.13,2
172.31,1
4.54,1
30.5,1
0.3399999,5
539.71,1
5.36,1
37.748,1
112.54,1
0.8004682,1
98.9999999,1
44.45,2
1197.5,1
1.64,5
41.12,1
30.65,2
47.68,2
161.44,1
34.96,2
0.8699999,1
0.06,62
138.24,1
12.37,2
10.57,2
61.44,1
9.19,3
15.39,1
27.57,1
28.5722742,1
17.0999999,1
12.21,1
136.8,1
0.035293,1
23.7352068,1
3.96,2
10.83,2
2.37,7
30.85,1
15.65,1
17.0941636,1
49.6709172,1
162.31,1
15.46,3
41.7299999,1
19.6199999,1
2.4052436,1
160.85,1
2.6205676,1
20.4500145,1
33.07,1
39.63,1
32.2399999,1
70.8,1
36.3,2
37.9901,1
164.24,1
0.0557475,1
2.45,2
28.24,2
42.86,1
21.88,1
27.92,1
49.42,1
100.1001419,1
0.74,9
3.48,5
7.83,2
2511.66,1
48.5899999,1
1.03,9
25.16,2
18.8,2
24.3299999,1
171.34,1
9.77,1
3.2696089,1
36.3129693,1
39.93,2
17.97,1
128.65,1
1452.703411,1
35.94,5
95.05,1
50.031,2
40.97,2
33.77,1
108.05,1
63.55,2
162.7399999,1
100.0592178,1
44.9709999,1
25.31,1
162.51,2
9.7,1
28.59,3
11.0399999,1
22.23,1
43.56,2
172.99,1
176.18,1
25.83,1
3.3600001,1
11.34,2
8.791053,1
31.87,3
38.04,1
8.16,3
25.51,1
12.98,1
44.6,2
46.5899999,2
200.0199999,1
7.0704857,1
25.8699999,1
5.7799999,2
6.07,2
12.3099999,3
9.8,3
22.75,2
47.83,2
45.63,1
1853.96,1
187.7699999,1
9.1299999,1
6.3296088,1
41.67,1
87.43,1
168.44,4
28.6000709,1
75.1899999,1
40.8399999,1
25.1681568,1
18.0801,1
60.95,2
25.91,1
44.9,1
22.9,1
201.27,1
32.18,1
100.6,2
86.3899999,1
49.905,1
101.12,1
176.56,1
47.4219947,1
5.05,4
16.54,4
7.46,2
45.94,1
29.46,4
37.9099999,2
20.6829693,1
34.0800709,1
6.77,4
11.7851111,1
5.18,6
18.5400709,1
7.59,5
162.37,1
18.9899999,1
23.1,1
1.46,3
0.45,15
151.1124394,1
48.3400301,1
48.53,1
2098.7599999,1
35.81,1
94.75,1
50.095402,1
0.61,10
44.0409172,1
5.3205,1
612.48,1
5.1199999,1
49.57,1
1.6701,1
1.39,4
48.7399999,1
0.1634747,1
153.54,1
125.98,1
21.3229693,1
15.03,1
6.0699999,1
11.85,2
40.08,1
8.67,2
13.49,1
850.3799874,1
26.53,1
46.64,1
0.1701,1
33.92,2
0.6421734,1
15.29,3
2.28,1
33.0899999,1
45.18,2
12.11,1
10.31,1
23.77,3
191.26,1
8.93,2
2.24,3
22.9399999,1
27.05,2
16.5799999,3
20.69,1
37.3700641,1
49.87,7
2.41,1
37.4402854,1
2.69,2
34.1522912,1
13.75,3
3.1,1
104.27,1
171.47,1
38.19,3
151.51,1
23.08,1
150.74,1
0.65,6
9.4699999,1
22.7399999,1
27.61,1
9.7399999,1
110.48,1
2.63,3
0.1032541,1
44.75,3
11.2899999,2
100.3000703,1
24.7599999,2
27.2,2
165.22,1
162.64,1
47.98,1
40.78,1
30.48,2
35.26,1
50.4799999,1
47.34,1
3.6299999,1
387.71,1
20.0099999,1
24.12,1
86.53,1
21.36,3
40.9899999,2
100.0801651,1
9.3101,1
20.53,2
35.1229693,1
38.89,2
82.1499999,2
79.67,1
27.986,1
5890.25,1
111.79,1
23.4899999,3
50.0109105,1
176.57,2
31.15,1
35.96,2
0.12,33
9.4359935,1
1.28,6
21.46,2
24.79,2
43.16,1
12.62,1
10.82,5
18.43,2
9.44,2
15.64,3
28.07,1
49.72,1
42.52,2
157.4,1
138.0799999,1
19.7599999,1
14.26,2
11.7899999,1
74.79,1
43.4499999,1
37.3899999,1
12.72,1
16.8952436,1
10.22,2
6.0599999,1
40.23,1
99.08,2
59.51,1
42.7299999,1
9.75,4
157.11,1
42.5602,1
31.1405433,1
46.79,2
620.73,1
34.07,1
53.35,2
23.2442576,1
48.73,2
50.4700065,1
37.3,3
143.33,2
4.65,4
6.18,5
4.1,1
28.74,2
25.14,2
174.19,1
18.78,1
125.0799999,1
28.42,3
241.67,1
13.41,1
5.0013513,1
49.5899999,1
4.92,1
0.0273753,1
16.02,5
7.33,7
25.66,1
37.7,2
0.5051111,1
19.3,3
0.56,8
28.94,3
34.37,1
26.54,2
12.9100057,1
40.93,1
317.74,1
0.0258641,1
146.5,1
45.3799999,1
86.1799999,1
35.41,1
188.71,1
100.0004,1
0.1001,1
46.5000709,1
26.1200001,1
39.42,1
103.63,3
7.61,2
227.6,1
10.59,1
7.3999999,1
25.81,1
17212.34,1
0.0822848,1
4.9900641,1
29.09,2
34.9799999,1
8.1196089,1
2.15,3
19.6899999,1
18.6199999,2
133.85,2
43.8401,1
11.59,1
2.56,1
16.37,1
39.04,1
3.5000351,1
29.61,1
26.01,1
46.815259,1
45.6,4
45.703565,1
4.1e-06,1
3.52,2
82.74,1
20.0202854,1
121.3,1
9.1199999,1
14.95,3
12.5599999,1
10.05,6
50.1185742,1
12.23,1
0.0314458,1
28.6697,1
36.11,3
9.3799999,2
55.39,1
42.67,1
2.9902,1
7.5099999,1
65.01,2
34.1602,1
100.1848757,1
17.2652436,1
5.86,2
45.9,3
0.241,1
41.62,1
17.04,1
18.6300057,1
26.68,1
46.94,4
172.7,1
109.56,1
100.0209999,1
29.96,4
38.7570669,1
2.2199999,1
3.5644336,1
45.5600001,1
12.7999999,2
2.8099999,2
155.29,1
23.6,2
5.2097,1
0.9,19
47.5312991,1
253.7,1
49.53,3
1331.6299999,1
1.76,7
44.01,1
36.81,1
0.0214473,1
1.85,9
1.72,7
135.1699999,1
0.3141636,1
4.71,3
0.7377003,1
37.85,1
57.13,1
3.03,3
8.8601049,1
116.33,1
135.04,1
39.8152068,1
12.1,2
41.08,3
8.92,2
20.99,1
17.39,2
13.74,4
30.63,2
27.03,1
47.64,1
34.92,1
6.9199999,1
46.8099999,1
6.5801,1
15.54,1
12.36,3
10.56,1
24.27,1
9.18,5
15.38,4
17.91,3
210.19,1
27.55,1
46.97,1
17.0799999,2
50.87,1
38.15,1
100.11,3
44.71,2
1.575259,1
42.4752436,1
14.94,3
43.8799999,1
17.38,1
39.19,3
11.819,1
28.58,3
58.47,1
162.63,1
64.26,1
101.0699999,1
93.4599999,1
165.96,1
500.01,1
27.7,2
345.19,1
10.526,1
48.34,1
152.1399999,1
171.73,1
5.56,4
171.82,1
28.22,1
7.97,1
7.07,3
21.86,1
18.26,5
42.82,1
673.65,1
170.03,1
122.4,1
49.38,1
46.05,2
6.38,2
200.56,1
4.79,2
103.0199999,1
7.2,2
128.98,1
33.33,1
52.61,1
455.87,1
39.89,1
66.94,1
97.0699999,1
86.66,5
0.0200001,1
11.7199999,1
164.26,1
46.45,1
6.4499999,1
43.12,1
31.65,2
220.32,1
11.01,2
36.96,1
2.1199999,1
77.6199999,1
0.24,39
170.8999999,2
46.2799999,1
162.49,1
25.29,1
11.07,2
18.93,1
9.69,3
28.57,2
18.0999999,2
12.71,2
50.004244,1
23.5299999,1
27.5699999,1
2.88,5
157.7844336,4
14.51,1
3.29,5
23.781053,1
12.0399999,3
31.85,1
8.15,2
0.054299,1
2.2901049,1
34.03,3
100.0645825,1
3.7,1
10.4599999,3
21.4,1
78.04,1
22.2399999,1
185.66,2
47.79,2
70.93,2
41.63,2
34.2399999,2
322.07,1
172.24,1
41.21,2
15.05,1
8.4025818,1
5.0204857,1
131.1699999,1
1.7191269,1
29.24,3
2.302092,1
44.86,5
22.88,2
32.14,1
28.92,3
26.07,2
7.74,2
16.52,4
21.7,3
25.3299999,1
29.44,2
44.58,2
1.92,2
38.54,4
41.93,2
82.06,1
71.02,1
136.89,1
2.1999999,2
1.5699999,4
37.1699999,1
2.0118681,1
144.39,1
48.49,1
31.1599999,1
35.77,1
45.2399999,1
6.6999999,2
9.96,2
73.0100233,1
7.4399999,1
0.005,2
48.7877,1
26.31,1
102.59,1
19.95,2
23.4105433,1
23.23,3
45.56,3
701.65,1
15.02,3
111.27,1
11.84,2
20.47,2
40.04,2
6.5001999,1
30.11,2
26.51,1
136.06,1
13.48,1
46.6,2
97.5499999,1
33.88,3
200.2699999,1
9.3699999,1
39.0312827,1
10.3,1
23.75,3
1796.9,1
22.9199999,1
121.51,1
49.83,1
37.11,1
0.0214108,1
8.32,1
27.02,1
17.0841636,1
172.69,1
100.0999999,1
171.7399999,1
9.8502,1
74.5,1
27.56,2
46.9,2
23.9,2
137.52,1
34.18,1
119.52,1
6.89,4
5.3,4
17.54,2
7.71,1
27.18,1
47.94,6
23.71,1
35.22,2
0.1945811,1
39.9099999,1
71.14,1
5.43,5
4.53,3
0.153565,1
400.4,1
7.84,2
4.2171558,1
198.62,2
19.9899999,1
1.3,5
3.9514458,1
57.73,1
17.41,3
2.7599999,6
45.01,3
29.3171558,1
37.81,1
6.25,2
47.76,5
134.12,2
3.19,5
32.29,1
0.6273032,1
38.85,3
100.1028917,1
5.06,1
0.1074032,1
185.79,2
159.33,1
1.0770455,1
34.0701049,1
15.53,2
12.35,2
42.08,1
9.17,2
131.81,1
17.89,3
13.99,3
27.53,1
48.64,2
21.17,1
35.92,1
24.9169118,1
24.8925818,1
12.61,1
3.61,5
10.81,1
3.16,3
35.4099999,2
9.43,1
45.111,1
15.63,1
18.41,4
23.9399999,1
28.05,1
21.69,1
5.2342215,1
39.601,1
39.2299999,1
91.5599999,1
16.9000057,1
2.02,10
1952.2458815,1
2.43,2
50.0470669,1
32.45,1
0.0200057,1
163.72,1
40.19,3
10.8099999,2
32.99,2
78.58,1
162.33,1
50.0301,2
47.6299999,1
20.010297,1
395.67,1
45.9199999,1
24.32,2
46.75,1
156.55,1
0.02,134
100.24,4
179.8299999,1
28.2,1
21.84,2
49.98,5
31.48,1
15.01,4
0.265259,1
19.08,1
115.05,1
28.72,1
23.95,2
100.156,1
91.8899999,1
4.7299999,3
50.38,1
200.27,1
278.46,1
47.05,4
8.25,1
600.3410352,1
34.33,1
3.1767196,1
40.89,1
10.9297,1
20.8,1
6.9400641,1
0.0265164,1
49.725,1
47.45,1
46.3399999,1
44.12,1
0.1244182,1
127.62,1
172.82,1
50.68,1
21.3300709,1
150.59,1
2.83,2
0.48,16
47.7900709,1
25.79,3
45.16,1
13.12,2
8.88,1
19.43,1
32.44,1
9.94,5
8.14,1
19.4100351,1
51.72,1
18.5999999,1
157.65,1
50.13395,1
14.76,1
15.411,1
25.4799999,1
8.4,4
29.3319947,1
42.23,1
35.03,2
54.31,1
1e-06,1
41.59,2
0.8871558,1
2000.57,1
42.63,2
48.9599999,2
40.1400351,1
76.8,1
39.3,2
175.58,1
10.9900641,1
50.0100057,1
21.6,1
4.35,2
29.74,2
45.86,3
29.283565,1
33.14,4
29.42,3
22.4100709,1
15.0100687,1
29.1094166,1
68.17,1
161.92,1
0.055,1
42.64,2
6.76,4
8.8800001,1
5.17,5
17.02,2
26.66,2
5.99,5
39.7,1
20.3,1
17.6599999,1
29.94,3
306.59,1
79.41,1
42.93,4
17.0199398,1
154.75,1
138.9899999,1
24.5499999,2
148.26,1
43.65,1
49.49,3
43.97,1
36.77,1
2.2599999,6
28.3601049,1
3.8,4
50.048274,1
159.85,1
0.01,224
23.1199999,1
4.5099999,1
20.45,2
10.45,3
30.09,2
49.6999999,1
14.8301,1
33.84,1
1653.3,1
16.9419947,1
15.27,2
27.33,3
3.0400999,1
12.09,2
20.97,2
17.37,1
41.04,3
8.91,2
30.61,1
13.73,4
47.6,1
125.3,2
27.44,2
9.6199999,1
3.89,1
24.276,1
24.25,1
43.965,1
124.72,3
23.4199999,1
1.1467113,1
9.8799999,1
2.75,2
44.67,3
172.25,1
242.91,1
6.0399398,1
40.55,1
76.5,1
166.61,1
11.9548188,1
60.37,1
24.4,2
48.7499398,1
43.2799999,1
3.2319947,1
34.3499999,1
110.99,1
101.9202911,1
18.04,1
37.1280839,1
5.0699999,2
48.94,6
156.95,1
41.74,1
36.22,2
3.3480531,1
10.4801,1
17.0701,1
1.79,8
113.07,1
21.9305433,1
45.571053,1
20.4899999,1
0.1600057,1
36.5199999,1
2.35,5
153.78,1
1.22,4
17.1915607,1
38.81,2
4.88,4
4.9499999,1
1112.6,2
33.29,1
73.27,1
46.24,2
35.48,1
9.12,1
48.1014458,1
55.8,1
0.6999999,1
1502.15,1
15.78,2
12.6,1
9.42,2
21.99,1
124.2299999,1
18.39,2
28.03,2
49.64,1
155.71,1
36.92,1
82.26,1
751.65,1
3.578999,1
8.04,1
36.0899999,1
75.91,1
12.86,3
11.06,1
114.47,1
9.68,2
15.88,2
18.91,1
24.4399999,1
28.55,3
22.19,1
49.1999999,1
40.15,1
53.7,1
8.2883069,1
117.06,1
46.71,4
106.02,1
154.84,1
14.5,2
111.2096435,1
70.05,1
53.91,1
41.19,2
33.99,2
18.7600145,1
150.88,1
98.65,1
50.2299999,1
15.08,1
50.07,11
0.5021588,1
46.9199999,2
47.75,3
19.06,2
28.7,1
43.92,1
100.16,4
22.34,3
43.78,3
31.98,2
38.26,2
75.82,1
50.34,1
172.3899999,1
100.3000114,1
171.98,2
5.81,1
4.91,2
29.22,1
4.22,4
25.62,1
7.32,1
5.73,1
44.9600955,1
32.1,1
7.2199999,1
20.94,3
48.05,3
6.63,2
132.81,1
5.04,1
28.3899999,1
274.2794038,1
0.765259,1
16.0552436,1
35.33,2
140.07,1
11000.09,1
41.89,2
193.15,1
26.4579999,1
41.0599999,1
14.1000709,1
172.26,1
48.45,1
0.25,30
45.12,1
32.4,2
16.65,2
5.201053,1
14.0699999,1
90.52,1
40.57,1
49.2402854,1
0.71,4
155.1499999,1
162.74,1
159.3899999,1
46.16,2
0.6701,1
33.44,3
10.19,1
29.57,2
45.52,1
23.21,1
7.4052436,1
170.9899999,1
2.21,6
48.79,1
12.5399999,3
2.62,3
16.85,1
8.65,2
25.9100955,1
36.03,2
1351.49,1
142.87,2
45.7299999,1
6.978539,1
42.59,2
45.4181407,1
18.49,1
45.25,1
213.91,1
49.79,3
0.0600825,1
78.8,1
40.3,3
50.0202239,1
0.0302,1
100.2001464,1
34.7,3
44.476,1
11.6800057,1
0.1380839,1
30.24,2
26.64,2
46.86,2
23.88,2
20.28,4
34.14,3
29.92,4
22.4399999,4
1.95,8
100.28,1
84.31,1
17.52,1
23.0499999,1
73.75,1
13.1399999,1
40.7,1
96.59,1
174.47,1
163.84,1
37.37,1
14.1655141,1
1.38,1
128.57,1
100.8199999,1
78.2224287,1
59.99,2
42.0409172,1
63.21,1
215.855259,1
12.7100999,1
167.5,1
28.835,1
32.065,1
103.05,1
30.45,2
260.5,1
37.77,1
100.3,1
2.6309172,1
49.6599999,1
25.1019947,1
816.5799999,1
32.25,3
11.715,1
2.01,1
20.95,2
10.7,2
168.7,1
24.23,1
13.803565,1
101.4499999,1
47.56,1
34.84,2
120.84,2
31.0203,1
48.9300351,1
27.83,2
12.34,2
21.47,1
42.04,1
9.16,2
166.91,1
13.98,1
48.6,1
15754.16,1
35.88,1
34.9900641,1
9.8699999,2
13.3099999,2
0.59,9
24.75,2
170.3,2
23.9199999,3
34.3812991,1
20.4195322,1
65.38,1
10.1299999,2
5.0726315,1
125.68,3
44.8399999,1
12.2899398,1
187.38,1
22.3199999,1
48.9,2
20.1599999,1
24.9,2
157.77,1
82.85,1
38.03,3
20.571053,1
4.98,2
35.3499999,2
7.14,1
5.55,4
3.1999999,1
73.8899999,1
18.54,1
7.96,3
49.94,3
37.22,11
31.46,3
27.97,3
41.9099999,1
49.6644469,1
123.8099999,1
0.1881407,1
5.68,5
4.78,2
22.6802,1
4.09,3
7.19,3
20.9899999,1
15.7399999,1
6.7,2
137.7,1
52.53,1
39.81,2
6.5,6
39.9899999,1
10.76,2
0.1242576,1
39.4880839,1
34.29,1
5.6199999,1
16.921,1
40.85,1
162.15,1
6.4399999,1
41.4799999,1
22.74,2
1.66,11
100.0553999,1
355.1799999,1
40.0199999,3
169.12,1
174.04,1
68.23,3
8.03,3
44.08,1
9.67,2
22.49,1
14.49,1
16.13,2
37.92,1
16.61,3
8.29,1
2.53,2
1.5787475,1
13.11,1
11.31,2
25.77,1
24.9399999,1
29.05,2
40.8199999,1
18.5799999,2
2.9141784,1
2.94,5
5.4499999,2
47.71,1
14.75,2
3.35,1
0.221053,1
39.1177,1
46.8799999,1
17.4899999,1
6.1499999,1
36.4901,1
195.97,3
42.19,2
8.0204682,1
54.27,1
34.1599999,1
248.2142121,1
174.48,1
1121.68,1
128.8599999,1
127.6,2
47.9199999,1
48.75,4
170.9,1
188.8,1
29.2,1
22.84,1
44.78,2
16.48,2
39.26,1
32.06,2
65.8199999,1
48.1414458,1
22.0099999,1
26.12,1
100.78,2
167.14,1
19.76,1
45.82,2
0.8099999,2
166.2099999,1
49.05,5
1.52,6
28.8899999,1
22.5299999,1
0.27,19
0.0899142,2
37.58,2
36.33,1
3.0099999,6
24.7702,1
42.89,2
0.6400709,1
4.1506843,1
31.535,1
