0.0,286
787.5,1
2.0,12
3.0,5
4100.0,1
5.0,9
729.5,1
1.0,42
8.0,4
9.0,1
10.0,7
11.0,1
694.5,1
13.0,1
14.0,1
15.0,3
16.0,1
17.0,1
18.0,1
19.0,1
20.0,8
21.0,1
22.0,1
23.0,1
24.0,1
4.0,2
26.0,1
769.5,1
28.0,1
29.0,1
30.0,5
0.5,33
32.0,1
33.0,1
34.0,1
35.0,2
36.0,2
37.0,1
675.5,1
19.97,1
40.0,1
41.0,2
42.0,1
43.0,2
44.0,1
45.0,3
46.0,1
47.0,1
48.0,1
49.0,1
50.0,328
51.0,3
52.0,1
53.0,1
54.0,1
55.0,3
56.0,1
57.0,2
58.0,1
59.0,2
60.0,3
61.0,1
62.0,1
63.0,1
64.0,1
65.0,2
1527.93,1
67.0,1
68.0,2
69.0,1
693.5,1
0.83,2
72.0,1
73.0,1
74.0,1
75.0,1
76.0,1
77.0,1
78.0,1
79.0,1
80.0,1
0.79,2
82.0,1
83.0,2
84.0,1
85.0,1
86.0,1
87.0,1
26.94,1
89.0,1
90.0,5
91.0,3
92.0,1
93.0,2
94.0,1
3.5,2
96.0,1
97.0,1
98.0,1
8.4,1
100.0,63
22.5,1
103.0,1
69.5,1
2153.0,1
777.5,1
2163.0,1
708.5,1
2168.0,1
146.8599999,1
2173.0,1
2050.0,1
582.9,1
790.5,1
758.5,1
150.0,11
25.0,5
669.5,1
37.5,1
156.0,1
10.5,1
160.0,1
27.0,1
710.0,1
23.5,1
100.05,1
73.5,1
33.5,1
56.98,1
809.5,1
3100.02,1
72.27,1
6.0,3
31.0,2
720.5,1
195.0,1
0.14,3
759.5,1
200.0,22
0.15,4
20.6,1
3.62,1
5.68,1
7.0,2
701.5,1
39.5,1
49.5,1
8.6,1
38.0,1
771.5,1
77.5,1
65.5,1
39.0,1
147.56,1
0.13,1
689.5,1
250.0,2
752.5,1
59.5,1
0.81,1
696.5,1
1.48,1
0.22,2
822.5,1
0.75,3
270.0,2
0.09,1
26.97,1
733.5,1
41.5,1
57.65,1
731.0,1
803.5,1
81.5,1
299.0,1
300.0,1
70.0,2
733.0,1
714.5,1
0.26,1
784.5,1
345.66,1
2373.0,1
697.5,1
811.5,1
695.5,1
693.0,1
43.5,1
0.67,1
350.0,1
192.6,1
0.01,27
6500.0,1
26.5,2
676.5,1
0.63,1
12.0,1
746.5,1
685.0,1
816.5,1
684.5,1
335.7,1
567.27,1
730.5,1
66.0,1
727.5,1
400.0,5
0.7,2
100.5,1
797.5,1
45.5,1
752.0,1
63.6,1
27.5,1
89.5,1
726.5,1
71.0,1
350.11,1
545.54,1
778.5,1
0.28,1
740.5,1
0.8199999,1
756.0,1
9.95,1
0.62,1
1.44,1
754.5,1
731.5,1
768.23,1
829.5,1
670.5,1
2.5,4
0.91,1
28.5,1
37115.6899999,1
93.5,1
796.5,1
35.5,1
495.0,1
500.0,2
810.5,1
50.55,1
507.0,1
721.5,1
72.5,1
828.5,1
791.5,1
88.0,1
530.0,1
0.19,3
349.26,1
702.5,1
6.97,1
29.5,1
772.5,1
707.5,1
57.07,1
477.04,1
683.5,1
66.5,1
95.0,1
753.5,1
0.98,1
765.5,1
0.4,3
85.2,1
823.5,1
664.5,1
2836.36,1
99.0,1
596.0,1
600.0,3
51.5,1
734.5,1
763.5,1
784.0,1
47.5,2
0.1,5
804.5,1
0.65,1
70.5,1
766.5,1
650.0,1
303.57,1
2700.0,1
450.0,4
4750.0,1
819.5,1
2500.0,2
666.0,1
667.0,1
668.0,1
669.0,1
670.0,1
671.0,1
672.0,1
673.0,1
674.0,1
795.0,1
676.0,1
677.0,1
31.5,1
679.0,1
680.0,1
681.0,1
682.0,1
2273.0,1
684.0,1
749.12,3
686.0,1
687.0,1
688.0,1
689.0,1
690.0,1
691.0,1
692.0,1
0.89,1
694.0,1
695.0,1
696.0,1
697.0,1
698.0,1
699.0,1
700.0,4
701.0,1
702.0,1
703.0,1
704.0,1
705.0,1
706.0,1
707.0,1
708.0,1
709.0,1
831.5,1
711.0,1
712.0,1
713.0,1
714.0,1
715.0,1
0.3,5
717.0,1
718.0,1
719.0,1
13.6,1
721.0,1
722.0,1
723.0,1
724.0,1
725.0,1
726.0,1
727.0,1
728.0,1
729.0,1
730.0,1
55.5,1
732.0,1
0.78,2
734.0,1
735.0,1
736.0,1
737.0,1
738.0,1
739.0,1
740.0,1
741.0,1
742.0,1
743.0,1
744.0,1
745.0,1
746.0,1
747.0,1
748.0,1
749.0,1
750.0,1
751.0,1
2800.0,1
753.0,1
754.0,1
755.0,1
6900.0,1
757.0,1
758.0,1
759.0,1
760.0,1
761.0,1
762.0,1
763.0,1
764.0,1
765.0,1
766.0,1
767.0,1
768.0,1
769.0,1
770.0,1
771.0,1
772.0,1
773.0,1
774.0,1
775.0,1
776.0,1
777.0,1
778.0,1
779.0,1
780.0,1
781.0,1
782.0,1
783.0,1
760.5,1
785.0,1
786.0,1
787.0,1
788.0,1
789.0,1
790.0,1
791.0,1
792.0,1
793.0,1
794.0,1
57.5,1
830.5,1
797.0,1
19.98,1
799.0,1
800.0,4
801.0,1
802.0,1
803.0,1
804.0,1
805.0,1
806.0,1
807.0,1
808.0,1
809.0,1
810.0,1
811.0,1
812.0,1
813.0,1
814.0,1
815.0,1
816.0,1
817.0,1
818.0,1
819.0,1
820.0,1
821.0,1
822.0,1
823.0,1
82.5,1
825.0,1
826.0,1
827.0,1
828.0,1
829.0,1
830.0,1
831.0,1
832.0,1
833.0,1
834.0,1
801.5,1
764.5,1
96.5,1
792.5,1
824.0,1
56.99,1
7000.0,1
0.82,1
703.5,1
725.5,1
1.8,1
4006.55,1
773.5,1
57.02,1
1.99,1
86.5,1
0.7899999,1
0.74,1
900.0,1
0.94,1
706.5,1
5000.0,4
0.04,6
7050.0,1
824.5,1
665.5,1
3.07,1
0.61,1
61.5,1
735.5,1
683.0,1
805.5,1
147.46,1
0.0999999,2
22.04,1
50.05,1
716.5,1
18.6,1
24.5,1
786.5,1
739.5,1
0.16,3
19405.0,1
0.48,2
87.5,1
350.01,1
63.5,1
767.5,1
8.5,1
1000.0,8
678.5,1
3055.0,1
94.5,1
32.5,1
0.25,3
85.5,1
97.5,1
818.5,1
71.5,1
748.5,1
0.64,1
5130.0,1
1044.0,1
716.0,1
799.5,1
70.7,1
853.54,1
1.54,1
798.0,1
0.24,1
19.6,1
1.5,8
741.5,1
67.5,1
35.26,1
761.5,1
2101.82,1
672.5,1
9.5,1
9.9599999,1
0.96,1
812.5,1
0.76,2
0.07,1
1215.0,1
720.0,1
4.5,2
3200.0,1
742.5,1
33.23,1
793.5,1
0.84,2
704.5,1
0.17,4
774.5,1
1200.0,1
685.5,1
38.5,1
21.5,2
4.8,1
743.5,1
75.5,1
0.8,3
825.5,1
666.5,1
0.23,1
350.16,1
83.5,1
736.5,1
147.66,1
84.5,1
0.99,1
1257.0,1
806.5,1
2600.0,1
1295.5099999,1
40.5,1
98.5,1
732.5,1
712.5,1
79.5,1
0.11,1
0.97,1
698.5,1
0.92,1
91.5,1
0.69,1
768.5,1
679.5,1
19.96,1
0.9,6
749.5,1
42.5,1
53.5,1
46.97,1
304.5,1
2679.64,1
0.93,1
350.06,1
745.5,1
15.01,1
3400.0,1
25.9399999,1
0.77,2
710.5,1
800.5,1
11.5,1
0.02,12
796.0,1
1073.72,1
711.5,1
298.86,1
781.5,1
44.5,1
677.5,1
25.6,1
0.21,1
0.6,3
682.5,1
692.5,1
691.5,1
1.01,1
0.7999999,2
762.5,1
0.95,1
832.5,1
632.9,1
673.5,1
3500.0,1
24954.58,1
813.5,1
46.5,1
747.5,1
0.0699999,1
715.5,1
724.5,1
794.5,1
18.64,1
0.88,1
90.5,1
12.5,1
705.5,1
30.5,1
5.92,2
775.5,1
25.5,1
48.5,1
686.5,1
817.5,1
74.5,1
780.5,1
756.5,1
826.5,1
143.26,1
56.97,1
64.5,1
20000.0,1
737.5,1
700.5,1
0.2,3
807.5,1
976.15,1
50.5,2
31.66,1
728.5,1
717.5,1
788.5,1
3000.0,4
699.5,1
95.5,1
13.5,1
34.5,1
0.05,9
4.2,1
680.5,1
52.5,1
750.5,1
798.5,1
5.5,1
718.5,1
820.5,1
57.04,1
36.5,1
324.06,1
667.5,1
320.46,1
3750.0,1
2.45,1
19.99,1
0.85,1
36.7599999,1
54.5,1
782.5,1
709.5,1
100.48,1
815.5,1
1298.97,1
723.5,1
0.18,2
1750.0,1
76.5,1
5850.0,2
349.86,1
14.5,1
833.5,1
674.5,1
16.5,1
1587.3599999,1
744.5,1
779.5,1
0.87,1
56.5,1
814.5,1
46.86,1
78.5,1
688.5,1
1898.9899999,1
0.49,3
10000.0,1
0.27,1
795.5,1
80.5,1
17.5,1
36.97,1
776.5,1
91.6999999,1
0.45,3
675.0,1
58.5,1
687.5,1
690.5,1
785.5,1
0.66,1
757.5,1
399.67,1
827.5,1
668.5,1
2020.0,1
15.5,1
738.5,1
277.26,1
18.5,1
5.5199999,1
100.49,1
177.0799999,1
808.5,1
876.63,1
60.5,1
719.5,1
8559.32,1
722.5,1
789.5,1
349.96,1
665.0,1
88.5,1
99.5,1
81.0,1
4000.0,3
1953.0,1
770.5,1
19.5,1
6.5,1
0.08,1
0.12,2
19733.45,1
681.5,1
0.68,1
62.5,1
751.5,1
671.5,1
9.9,1
755.5,1
821.5,1
9000.0,1
2000.0,6
0.03,10
2.32,1
92.5,1
68.5,1
802.5,1
678.0,1
20.5,1
1339.97,1
713.5,1
7.5,2
783.5,1
