33.5,1
0.0,2595
2.0,27
3.0,14
4.0,13
5.0,19
0.75,12
1.0,72
8.0,6
9.0,5
10.0,29
11.0,7
12.0,4
46.12,1
14.0,4
15.0,13
16.0,7
17.0,2
18.0,4
19.0,4
20.0,32
21.0,1
22.0,3
23.0,2
24.0,2
25.0,15
26.0,2
39.96,1
29.0,3
30.0,8
31.0,1
32.0,8
33.0,2
34.0,1
35.0,5
36.0,1
37.0,2
38.0,2
322.27,1
40.0,12
41.0,2
42.0,1
7.0,6
3.53,1
45.0,5
46.0,3
47.0,4
48.0,1
49.0,4
50.0,108
51.0,4
39.16,1
53.0,1
1.4,1
28.43,2
4.2299999,2
10.44,1
43.24,2
60.0,6
30.07,1
173.6699999,3
63.0,1
38.52,1
65.0,1
31.71,1
67.0,2
10.6399999,1
70.0,3
0.83,1
72.0,1
73.0,2
75.0,2
100.0127,3
79.0,1
80.0,4
0.48,2
83.0,1
85.0,2
80.1,1
7.61,1
48.1699999,1
90.0,6
31.79,1
93.0,1
10.7899999,1
17.35,2
14.9,1
100.0,73
101.0,1
105.0,2
29.53,1
110.0,1
112.0,1
113.0,1
44.9799999,1
32.02,2
43.4499999,1
120.0,1
100.33,1
15.08,1
39.51,2
125.0,2
40.31,1
15.99,1
134.0,2
39.38,1
144.0,1
148.0,17
149.0,3
150.0,9
154.0,1
16.63,2
0.5,16
84.77,1
159.0,1
160.0,2
163.0,1
33.35,1
55.15,1
167.0,15
18.73,3
3.54,1
45.2399999,1
177.0,1
120.52,1
185.0,1
6.0,9
12.28,1
10.4,2
151.1399999,1
191.0,8
22.89,2
25.15,1
198.0,1
149.24,1
200.0,15
202.0,1
100.15,2
3.37,4
5.6,1
334.41,1
19.14,1
39.86,1
15.52,1
24.38,1
51.14,1
35.4799999,1
10.6,1
30.42,1
54.42,3
230.0,5
3.3099999,4
39.0,2
198.56,1
5.01,3
5.0199999,1
0.46,2
5.42,1
12.25,1
29.02,1
250.0,3
4.83,2
39.53,1
9.8699999,1
6.24,1
41.7,1
43.0,1
262.0,1
1.98,3
30.59,1
7.28,1
54.37,1
36.18,1
1.69,6
1424.73,1
7.39,1
285.0,1
1050.7199999,1
4.8099999,4
29.73,1
293.0,10
7.98,2
4.54,1
52.0999999,1
42.25,1
0.22,3
31.84,1
6.98,1
310.0,10
7.211,1
283.0,1
52.0,3
0.95,2
18.47,2
316.0,1
37.97,1
4.37,1
5.69,1
322.0,1
44.6999999,1
327.0,3
11.23,1
55.0,2
332.0,2
3.63,3
49.03,1
70.88,1
9.8099999,1
345.0,1
90.0699999,1
350.0,2
29.89,1
252.1,1
11.99,2
34.78,1
9.8,2
19.81,3
5.3099999,2
21.45,1
62.0,1
23.09,1
204.7,12
45.28,1
24.73,1
380.0,2
22.8299999,1
385.0,1
40.86,1
16.45,3
389.0,1
5.36,1
562.07,1
29.63,1
13.0,1
3.9,3
145.93,4
400.0,5
13.77,1
24.33,1
41.3,2
29.97,1
9.8899999,1
18.37,4
51.04,1
15.41,1
23.61,1
16.01,1
62.32,1
10.23,2
420.0,1
41.6,2
59.9,1
698.45,1
11.94,1
427.0,1
4.14,1
100.18,3
40.7699999,1
2.67,3
445.0,1
150.04,2
13.05,1
450.0,4
55.56,1
461.0,1
44.83,1
78.0,1
222.62,13
40.11,1
55.01,1
59.39,1
0.91,7
54.67,1
485.0,1
47.52,1
490.0,3
495.0,1
200.0199999,1
500.0,9
501.0,1
37.5,1
11.21,1
37.55,1
38.62,1
4.96,1
48.862,1
530.0,1
21.4,1
350.51,1
37.18,2
570.938,2
32.46,1
26.54,1
182.771,6
50.07,5
18.03,1
193.6099999,2
23.04,1
47.66,1
24.4599999,1
3.51,3
42.94,1
43.74,1
26.32,1
575.0,1
55.02,1
1400.43,1
1241.52,1
17.81,1
28.18,1
44.1999999,1
5.95,1
600.0,2
3.0299999,2
25.4899999,1
24.25,1
29.38,1
21.6,2
49.5,1
30.5,1
15.9,1
149.03,2
624.0,1
2386.41,1
19.9899999,1
33.3399999,1
37.53,1
2.84,1
40.01,1
40.81,1
44.09,1
3.17,1
17.77,2
324.81,1
42.4599999,1
43.29,1
23.5899999,1
46.98,1
685.0,1
37.7399999,1
57.8199999,2
9.24,2
49.0199999,1
133.87,1
5.0599999,2
1.88,3
33.13,1
23.41,2
11.56,1
715.0,1
15.1,1
13.92,1
26.99,1
19.39,4
10.74,1
24.63,1
0.78,2
43.64,2
1554.28,1
18.67,4
54.92,1
44.4499999,1
746.0,1
30.76,1
34.8099999,1
25.05,1
6.13,3
13.56,2
14.05,1
8.18,1
55.53,1
14.38,1
1.48,5
30.68,1
50.2,1
25.55,1
31.6,1
23.19,1
54.87,1
2.8899999,4
31.74,1
102.86,1
40.87,1
45.43,1
40.71,1
225.59,1
3.05,3
3.45,3
36.08,1
1499.0,8
46.6299999,1
1.07,1
1500.0,2
49.66,1
64.75,1
46.8499999,1
29.14,1
150.6499999,2
15.93,1
35.19,1
14.41,3
46.47,1
47.27,1
5.6099999,2
181.8479999,2
19.96,1
0.01,100
99.3199999,2
32.37,1
28.0,1
8.31,2
44.28,2
38.2,1
856.0,1
14.76,1
34.57,1
43.99,1
17.02,1
33.75,1
870.0,1
29.65,1
28.11,1
20.06,2
264.16,1
29.7,1
16.09,4
29.28,2
45.78,1
28.98,1
41.06,1
22.1199999,1
91.84,1
168.6399999,2
903.0,1
314.6,1
8.47,1
189.23,2
5.06,1
55.12,1
5.16,2
22.5099999,1
18.22,2
6.47,1
30.62,1
6.57,1
31.86,1
20.26,1
46.82,2
155.0,2
42.1,1
45.38,1
703.0899999,1
987.23,1
557.3399999,1
6.88,1
48.83,1
150.06,2
7.29,2
960.0,1
25.5,1
7.7,1
19.0299999,1
154.24,3
14.07,1
0.41,3
49.9099999,1
45.33,1
9.18,1
26.73,1
3.06,1
989.0,1
47.17,1
1000.0,5
34.9999999,1
4.831,1
140.52,1
10.99,1
46.31,1
64.41,1
7.13,2
14.89,2
1020.0,1
19.6,1
42.45,1
113.5,1
100.09,8
48.64,2
1.5,12
8.75,1
39.12,1
25.65,1
45.68,2
4.4399999,1
36.9799999,1
1593.48,1
48.96,1
97.0099999,1
49.5999999,1
33.78,1
1058.0,1
353.5399999,1
8.13,2
3.09,2
10.32,1
15.71,1
48.1299999,2
27.62,1
201.99,1
49.8399999,1
19.29,1
13.87,1
8.07,3
16.93,3
55.982,1
19.74,1
36.24,1
10.89,3
38.72,1
39.52,1
420.12,1
24.21,2
15.6,1
122.27,1
25.81,1
3.13,5
35.51,1
883.78,1
8.97,2
13.51,1
2.54,3
18.91,2
14.33,1
21.85,1
9.15,3
100.1499999,1
20.09,1
123.33,1
9.4599999,1
5.8999999,1
0.39,13
1034.56,1
27.2,1
31.66,1
35.92,2
48.51,1
2.95,1
1.7,2
44.59,1
45.85,1
1525.8599999,1
29.77,1
3.44,1
47.84,1
218.16,1
49.51,2
36.53,1
100.35,1
55.07,1
45.5999999,1
34.35,1
232.15,1
54.56,1
9.2899999,1
7.14,1
1200.0,1
13.9,1
1.7799999,1
41.5199999,1
23.5,2
31.41,1
120.46,3
201.3,1
47.0199999,1
37.58,2
16.25,1
19.64,1
48.86,1
24.88,1
17.28,1
44.14,1
24.27,2
22.92,1
47.42,2
48.85,3
1.41,4
1.02,3
35.3099999,1
8.11,1
0.68,1
1730.28,1
347.38,1
20.16,2
25.8,1
193.61,3
31.27,2
38.1599999,1
187.09,2
47.37,1
2.13,2
9.67,1
46.42,1
1.57,5
10.37,1
1865.73,1
41.21,1
17.42,1
130.4899999,1
4.17,3
1.37,3
44.38,1
67.2,3
32.3799999,1
30.03,1
16.27,3
48.0899999,1
35.69,1
17.8499999,1
52.49,1
1.25,4
54.97,1
172.74,4
9.63,2
10.49,1
8.89,1
1352.0,1
227.0,1
0.34,2
24.03,1
8.66,1
16.51,2
0.52,2
17.91,1
28.73,2
36.25,1
1385.0,1
28.31,1
30.71,2
220.26,1
7.34,1
31.59,1
2.3099999,2
54.28,1
3.65,1
25.23,1
40.76,1
182.08,4
36.15,1
241.752,1
47.33,1
19.55,1
10.02,3
15.97,3
35.4899999,1
26.47,1
27.65,1
26.87,1
36.04,1
9.66,1
16.11,1
24.51,1
47.32,2
12.48,1
65.25,1
42.6,1
38.11,2
33.7399999,1
153.7699999,2
811.7899999,1
0.56,4
10.3699999,1
41.19,1
190.01,2
17.93,1
11.8099999,1
11.3,2
29.75,2
4.79,1
55.25,1
45.83,2
182.07,1
1.54,4
52.05,1
41.11,2
20.15,2
2.34,1
2.05,6
44.46,1
39.67,1
10.85,1
363.72,1
137.19,1
2.8499999,2
4.76,1
46.8399999,2
11.31,1
34.88,1
1314.53,1
71.97,3
190.3879999,1
37.79,7
3.36,2
58.95,2
194.61,1
20.44,1
33.97,1
29.9,2
150.02,1
2.17,6
6.4399999,1
17.95,2
12.37,2
41.46,1
28.32,1
16.72,1
0.49,14
3.31,1
37.36,1
6.39,2
6.8,1
4.21,4
7.77,2
4.62,2
60.74,1
5.75,1
30.82,1
51.94,1
5.93,3
16.46,1
130.8,1
83.2,2
43.9099999,1
105.89,1
7.93,3
4.03,4
150.07,1
4.34,3
200.12,2
48.3799999,1
22.3499999,1
22.1,1
824.9499999,1
27.05,1
11.32,1
16.15,2
1651.06,1
37.73,1
38.53,1
33.01,2
4.75,4
31.05,1
27.37,2
61.09,1
55.19,1
10.0019999,1
506.8,1
43.54,1
14.47,2
49.8799999,1
6.7,1
2.5099999,1
56.0,1
52.29,1
39.57,2
2.08,2
38.4599999,1
42.85,2
3.2,4
29.98,2
46.13,1
16.22,1
117.71,2
49.18,1
197.8399999,1
29.54,1
11.92,1
50.0199999,4
23.3299999,1
2.8299999,4
1730.0,1
39.6,1
14.53,1
105.0099,1
9.35,1
38.08,2
12.17,1
19.49,1
2.75,2
0.03,64
943.89,2
14.99,2
1.27,5
2.55,2
1.81,7
36.64,1
2.44,1
14.48,1
20.31,2
7.89,4
6.2299999,1
14.79,1
5.76,2
47.0899999,1
15.61,4
2.86,1
13.81,1
30.77,1
8.43,2
154.46,3
3.71,1
22.17,2
35.2,1
18.05,1
9.3699999,1
19.69,3
3.67,4
39.87,1
18.36,1
0.72,4
203.35,1
175.32,1
46.43,1
27.9799999,1
2.27,1
25.21,1
33.12,1
4.35,3
6.17,1
119.94,6
3.68,1
22.87,1
40.8799999,2
52.76,1
48.91,1
16.02,1
28.4,1
2.4699999,5
44.99,1
23.15,1
55.47,1
6.93,2
23.59,1
15.19,3
21.62,2
34.1299999,1
52.16,1
52.35,1
68.69,1
411.26,2
205.05,9
36.99,1
4.7699999,3
1.08,4
87.49,1
30.2,1
48.93,1
711.88,2
23.84,1
33.05,1
54.78,1
25.48,1
49.26,1
48.4799999,1
50.06,9
37.34,2
960.02,1
31.64,1
4.07,3
124.99,5
48.3499999,1
37.0199999,2
26.72,1
31.12,2
28.36,1
24.76,1
39.82,2
31.18,2
43.1,2
19.5,1
6.5,1
1960.0,1
38.38,1
27.33,1
1.23,4
0.93,7
15.66,1
52.39,1
1.33,8
17.1699999,1
768.42,1
1998.0,1
2000.0,4
46.33,1
3.25,4
33.61,1
36.89,1
56.17,1
0.32,6
447.6299999,1
3.5799999,1
39.3399999,1
12.07,1
26.17,1
55.35,1
35.45,1
532.64,1
3.5,1
203.42,1
40.12,1
48.48,1
47.8899999,1
43.4,1
142.32,1
15.67,2
52.43,3
46.68,1
22.21,1
49.96,2
41.12,1
29.46,1
0.15,15
5.9899999,1
1.6399999,1
146.5,1
6.18,1
31.69,2
23.79,2
33.16,1
25.43,1
22.77,1
45.24,1
9.14,2
179.71,4
39.72,1
13.96,1
16.71,1
2003.02,1
184.8299999,1
141.49,7
46.7299999,1
744.28,3
100.1,9
17.94,1
15.76,1
87.982,3
28.51,1
12.58,1
2.5,6
22.35,1
13.4,1
367.848,1
9.12,1
44.25,1
10.43,1
38.23,1
0.73,9
41.32,1
33.51,1
48.7299999,1
48.9099999,2
37.59,2
36.37,1
100.0604941,1
28.29,1
63.63,1
1.67,1
100.02,51
10.0699999,1
1.71,2
200.1,1
2.9099999,2
17.11,4
265.9,1
0.6899999,1
43.3,1
150.08,4
9.62,1
204.02,4
375.0,1
313.1,1
44.29,1
3.95,2
5.85,2
54.58,1
27.74,1
3.75,2
7.7099999,1
21.38,1
329.26,1
45.14,1
55.16,1
95.04,1
27.42,1
32.42,1
144.4599999,2
48.56,2
104.05,1
120.42,1
254.42,1
3.79,5
50.0102,2
4.26,1
39.5899999,1
20.0799999,1
4.67,1
9.27,3
31.02,1
5.08,1
2300.0,2
20.66,1
5.49,3
3.49,4
30.3,1
55.93,1
31.94,1
49.57,2
48.37,1
9.98,4
7.51,3
8.7899999,1
32.91,1
29.95,1
167.59,5
4.9,3
48.15,1
44.33,1
30.87,1
29.64,1
1.59,2
37.49,2
47.97,2
56.3,1
48.77,1
18.01,2
45.4099999,1
90.4799999,3
5.92,3
787.86,1
33.9,1
9.4699999,1
47.61,1
21.51,1
49.4199999,1
2501.35,1
42.21,1
24.81,2
0.63,6
4.5599999,1
1254.8899999,2
26.45,1
13.45,2
31.35,1
24.09,1
37.6999999,1
2182.56,1
39.28,3
3.55,4
21.73,1
41.76,1
40.9799999,1
42.56,1
45.84,1
64.3,1
44.37,1
2.82,3
14.64,1
253.18,5
10.27,1
2.23,5
13.09,1
18.97,2
23.37,1
15.91,3
25.01,4
40.32,1
12.73,2
231.381,1
36.78,1
3.69,2
46.88,2
25.9,2
47.4899999,1
233.622,1
40.9,1
1.87,6
34.7699999,1
3.14,2
26.82,3
58.68,1
2496.0,1
18.25,3
488.89,1
4.1499999,4
2500.0,1
49.84,2
71.47,2
150.1,1
3.58,2
50.11,1
29.86,1
45.39,1
32.67,2
187.7399999,1
53.73,1
4.39,4
39.8399999,1
99.41,1
587.03,1
140.37,2
16.39,2
55.57,1
20.41,1
59.95,1
43.34,1
299.38,8
40.5899999,1
40.62,1
10.2,1
43.9,1
30.4,1
5.09,3
57.12,2
4.8,3
3.39,4
18.79,2
70.99,1
44.74,1
5.03,1
128.8599999,1
17.0999999,1
469.04,2
47.54,1
8.79,3
12.55,3
31.32,2
49.02,2
5.8099999,1
0.4,9
57.33,1
1.39,5
1.99,5
12.91,1
55.61,1
35.52,1
9.03,2
35.5,1
34.1,1
176.28,10
19.03,2
74.568,1
14.43,2
47.47,1
47.53,2
50.01,55
34.81,1
1.8,1
38.09,2
17.9899999,1
65.33,1
100.0001,1
561.4299999,1
30.2299999,1
42.79,1
47.75,2
40.57,1
0.57,7
34.97,1
39.44,2
43.8,2
20.45,2
15.18,1
14.08,1
46.07,1
9.6,1
19.99,1
24.39,2
15.24,1
21.63,1
55.59,1
45.64,2
130.21,1
48.92,2
13.74,1
346.73,1
2.48,2
126.59,1
49.9499999,1
23.49,1
40.0899999,1
13.27,2
19.27,3
23.01,1
7.02,2
12.88,1
6.92,1
31.52,1
2.77,4
18.55,3
16.19,1
0.1999999,1
32.87,1
0.97,8
27.44,1
179.32,1
39.43,1
23.73,1
14.39,1
25.13,1
14.95,2
80.02,1
178.202,4
39.48,1
1.2799999,1
3.81,1
0.79,7
57.91,1
45.19,1
21.75,1
45.99,1
0.55,8
32.47,1
25.3699999,1
25.57,2
634.0899999,1
78.4,2
13.93,2
37.1599999,2
42.8499999,1
6.21,4
34.74,1
8.62,1
2.9699999,2
35.75,1
1114.13,1
0.59,6
26.4599999,2
25.06,1
18.98,1
49.93,2
26.7,1
0.31,10
24.34,1
54.98,1
55.39,1
42.26,1
123.57,1
35.06,2
6.62,1
49.6599999,2
11.3999999,1
2.5299999,6
0.04,62
52.67,1
1202.67,1
14.28,1
4.31,1
163.23,1
4.41,2
31.22,1
6.72,1
23.62,1
45.54,1
159.0619999,1
28.86,1
7.23,2
4.95,3
99.0,1
203.18,1
47.38,1
20.04,2
14.92,1
36.05,1
5.13,3
5.54,1
38.12,1
18.5,1
7.95,2
0.3399999,4
3.91,5
4.36,1
158.7099999,1
80.76,1
321.42,1
39.85,1
1.381,1
39.33,2
252.07,1
2.19,4
37.89,4
16.95,1
33.17,1
39.65,1
2.98,1
41.4,3
62.14,1
99.9999999,1
52.45,1
1070.75,2
1.14,1
49.12,1
16.64,1
47.1299999,2
52.4,1
41.25,2
22.65,2
47.68,1
42.69,1
1619.48,2
2.4099999,4
100.12,1
113.95,1
150.5,1
14.36,1
4.8599999,1
46.52,1
0.24,4
16.29,1
8.37,2
21.93,1
37.4199999,1
13.39,1
19.57,4
48.72,1
25.39,1
14.21,2
21.21,1
35.04,1
4.6499999,2
1829.11,1
47.96,2
505.23,1
8.17,1
2.96,3
29.26,1
55.38,1
8.01,2
14.83,2
3.87,2
18.85,2
52.6,1
12.47,1
9.33,2
27.03,1
24.5299999,1
46.4499999,1
42.89,2
550.19,1
24.36,1
6.2699999,3
51.31,1
7.62,1
52.771,2
28.53,1
8.74,1
3.07,5
12.5599999,1
8.52,1
69.81,1
200.04,2
49.07,1
22.02,1
70.9,1
36.35,1
47.63,1
102.1,1
1.06,2
55.44,1
21.2599999,1
1.53,3
100.0199999,1
109.36,1
0.58,3
4.55,1
95.03,4
190.7099999,1
2.2,2
192.9199999,1
39.58,1
0.23,8
20.64,1
42.54,1
3.94,1
17.88,1
90.48,1
38.14,1
31.92,1
49.42,1
0.99,10
33.19,1
7.83,2
31.49,2
47.1799999,1
32.5899999,1
1.03,11
27.52,1
17.16,2
26.6899999,1
6.6199999,1
22.8,1
1.3599999,1
24.3299999,1
145.34,1
60.05,1
0.11,15
11.77,2
36.65,1
49.25,1
39.93,1
36.47,1
1.21,7
0.35,7
17.97,1
34.2699999,1
7.8,1
696.09,1
55.48,1
41.37,1
16.57,2
48.94,2
5.2,2
42.41,1
7.17,3
9.81,2
37.69,3
184.71,4
32.97,1
48.52,1
23.2099999,1
23.52,1
19.61,2
24.7,1
343.9,1
24.0999999,1
19.2599999,2
100.17,2
4.42,1
5.98,2
90.0275712,1
100.0399999,7
22.95,1
13.7,1
700.63,1
24.59,1
10.2899999,1
40.28,2
18.23,2
43.56,1
45.94,1
4.6,1
190.1,2
840.77,1
33.71,2
23.7,2
419.04,1
0.7999999,1
39.47,1
12.52,1
17.83,2
15.34,1
10.52,1
19.87,3
38.04,1
8.16,2
3.08,2
29.51,1
128.06,1
10.98,1
44.6,2
46.0899999,1
204.0199999,2
27.02,1
365.36,1
20.6199999,1
3.99,2
1.58,3
4.5299999,1
0.54,4
251.9699999,1
5.1899999,2
31.46,1
39.9,2
13.8,2
26.75,1
0.33,8
0.0699999,4
450.848,1
17.29,2
41.63,1
27.66,1
44.13,1
7.41,2
46.04,1
0.88,2
12.5,1
41.67,1
0.05,192
26.98,1
23.43,1
12.16,1
52.61,1
47.02,1
26.04,1
44.95,1
33.6,1
271.63,1
99.26,1
9.5,1
26.41,1
19.85,1
17.53,2
11.0499999,1
30.9,2
30.47,2
12.43,1
32.18,1
100.6,1
1.1099999,1
38.4,2
10.1499999,1
100.0599999,1
27.68,1
5.05,5
200.0799999,1
6.46,1
50.0970996,1
16.33,2
5.87,1
46.74,1
23.82,1
39.79,1
42.02,1
25.46,1
41.78,1
4.66,1
30.72,2
38.43,1
6.28,1
18.95,1
447.9,1
4.59,2
209.37,1
31.1,1
205.0499999,3
100.2,2
13.33,1
24.23,2
11.25,2
159.71,1
1475.16,1
129.64,1
48.53,1
10.3799999,1
900.35,1
55.09,2
41.71,1
27.7,1
13.69,1
0.61,13
46.29,2
0.94,4
32.13,1
41.57,1
30.02,1
36.12,1
33.9899999,1
52.85,1
38.25,1
146.15,3
5.9399999,2
40.13,1
11.82,2
1.64,2
46.54,1
40.7399999,1
6.59,1
36.8,1
22.23,1
48.9,1
4.1099999,2
208.54,1
2005.05,1
112.98,1
160.0799999,1
200.7099999,3
33.5899999,1
14.97,2
15.85,2
48.08,1
12.67,2
24.49,1
16.89,1
35.36,1
121.88,1
22.13,1
4.24,2
54.64,1
14.5,2
49.92,2
16.5,1
8.55,2
51.18,1
25.1899999,1
39.76,1
47.18,2
12.11,1
12.31,1
19.77,1
13.13,1
9.09,4
381.42,1
84.26,1
89.49,1
16.69,3
13.46,1
33.87,1
23.85,2
45.15,1
16.43,1
187.2409999,6
3.19,5
6.33,2
19.15,2
3.6,1
26.8,1
16.06,3
2.79,3
38.36,2
4.2,1
47.79,1
34.27,1
0.65,3
181.848,4
20.9899999,1
193.322,17
1525.86,1
120.48,1
2.38,2
14.17,1
149.9199999,1
830.17,1
26.21,1
52.75,1
11.7899999,1
11.03,1
20.39,1
49.45,1
25.5099999,1
23.87,1
21.56,1
36.85,1
515.0699999,1
25.27,3
0.87,7
18.75,1
520.88,1
16.84,1
47.98,1
150.05,2
0.43,7
47.72,2
160.08,1
47.34,1
370.0299999,1
49.71,1
31.7,2
935.6601,1
27.04,1
52.51,1
300.0299999,1
22.08,2
1.66,2
1039.8,1
19.72,1
20.12,1
100.03,25
168.64,1
77.87,2
57.82,5
45.1,3
6.6899999,2
13.82,1
1.19,1
17.15,1
7.59,2
3.3299999,2
45.05,1
36.2699999,1
78.86,1
26.23,1
244.97,1
200.01,1
458.03,1
20.5299999,1
6.82,1
129.6399999,4
0.3799999,1
864.47,1
26.78,1
122.38,1
339.62,2
1.35,4
46.89,1
50.17,1
383.72,1
10.1,1
47.87,1
190.388,2
19.1899999,1
30.19,1
9.25,1
50.12,1
27.85,1
139.57,1
27.15,1
32.68,1
49.16,1
24.1399999,1
35.74,1
30.37,1
22.47,2
1.28,2
73.99,1
7.01,3
43.16,2
250.02,1
15.81,2
10.82,1
13.44,1
39.24,2
420.3599999,1
10.46,1
17.71,2
2.4899999,2
6.66,1
182.0799999,4
48.8619999,1
421.48,2
120.1,2
100.01,25
8.26,2
100.23,2
11.08,1
0.85,8
48.9499999,1
146.75,2
39.1399999,1
8.72,1
26.1,1
6.0599999,1
48.23,1
100.08,11
144.03,1
24.15,1
8.8699999,1
9.75,2
39.4099999,1
10.11,2
28.59,1
23.78,1
60.51,1
22.88,1
600.41,1
28.22,1
41.61,1
1.93,5
15.25,2
42.07,2
1300.2,1
22.83,1
37.35,1
351.97,1
32.63,1
8.71,1
61.23,1
4.2699999,4
20.241,1
44.5199999,1
311.82,1
36.4499999,1
31.63,1
38.26,1
4.22,2
38.37,1
15.35,1
9.7899999,1
7.65,2
21.81,1
29.6,1
5.43,3
5.1,1
48.58,1
17.14,1
43.86,2
22.38,1
60.95,1
23.1,1
24.42,1
42.42,2
24.5,1
15.6699999,1
173.67,9
8.91,3
4.51,5
7.92,1
20.56,1
20.02,2
4.33,4
31.72,1
2.3499999,5
6.74,1
61.7,1
90.59,1
0.81,5
20.94,1
34.37,1
0.09,16
37.65,2
58.59,1
56.93,1
47.6599999,1
45.4599999,1
331.63,1
214.5899999,2
145.5,2
45.6299999,1
10.24,1
22.2,1
5.2799999,1
113.05,1
59.41,1
54.69,1
55.49,1
49.97,1
269.75,1
152.74,4
100.04,20
120.7,2
3.0199999,1
48.17,1
100.13,3
2.7699999,1
1.34,1
18.13,2
200.09,5
10.59,1
32.11,1
29.81,1
27.45,1
1551.9568965,1
11.95,1
7.11,4
33.96,1
32.48,1
22.73,1
10.8699999,1
47.4099999,1
1.2,3
18.43,2
33.55,1
3.15,2
398.02,1
14.77,1
16.2599999,1
19.97,2
24.37,1
63.04,1
10.41,1
25.61,1
126.87,2
13.23,1
200.03,2
13.83,1
45.6,1
956.45,2
3.27,3
2.01,1
4.48,1
1.92,1
0.8199999,1
101.13,1
12.45,3
3.97,5
200.1399999,1
4.87,4
10.05,2
23.25,3
46.37,1
38.67,1
26.18,1
29.44,1
40.83,1
11.07,3
36.11,1
103.08,1
1.43,2
192.28,3
42.67,2
28.5,1
48.31,2
58.97,1
22.11,1
76.7599999,1
11.42,1
111.01,1
24.56,1
904.99,1
100.53,1
46.86,1
18.31,2
37.9,1
19.02,1
18.07,2
42.06,1
18.61,2
33.18,1
36.46,1
36.72,1
12.24,1
38.71,1
650.4799999,1
43.6299999,1
38.87,1
43.66,1
39.41,1
46.94,1
170.7,4
47.74,1
117.74,4
100.06,18
34.22,1
35.02,3
29.96,1
32.04,2
21.59,1
38.9099999,1
65.8699999,1
13.0499999,1
1.83,3
3.8099999,2
23.4899999,1
23.6,1
14.81,1
33.48,1
9.17,1
12.59,1
0.9,3
8.032,1
28.76,1
177.53,3
11.89,1
36.01,2
52.81,1
13.75,2
40.09,1
14.11,1
1.1,5
417.82,2
181.9199999,3
30.88,1
935.11,1
36.76,1
7.46,1
36.87,1
47.29,1
50.02,28
24.69,1
37.85,1
38.6,1
49.13,1
12.71,1
2.53,1
20.03,1
196.63,1
21.4199999,1
0.51,7
30.91,1
800.0,10
14.23,1
13.28,1
49.4,1
2.07,3
12.1,2
24.26,1
49.58,1
41.08,2
12.92,1
21.39,1
15.74,1
13.48,1
47.64,1
144.46,2
42.92,1
1150.405,1
34.61,1
41.44,1
0.36,2
10.36,2
28.56,1
20.27,1
1.18,1
11.18,1
22.43,1
52.86,1
23.55,2
43.97,4
17.19,1
11.5599999,1
15.79,2
68.98,1
23.77,1
100.0132,2
64.11,1
33.43,1
34.5999999,1
44.04,1
42.3,2
214.0199999,1
146.1499999,2
49.62,1
35.22,1
474.14,1
47.19,1
39.99,2
170.33,1
29.08,1
42.47,1
29.16,1
400.01,1
46.8899999,1
242.63,5
40.04,1
565.11,1
80.2099999,1
0.66,4
45.9099999,1
32.05,1
200.1001999,1
328.01,2
14.59,1
48.11,1
22.06,1
3.41,1
3.1,1
378.69,1
46.6699999,1
21.34,1
32.1999999,1
57.78,1
30.98,1
184.541,9
22.39,1
16.07,1
8.59,1
200.05,1
35.16,1
16.0099999,1
39.97,1
202.73,2
1580.67,1
22.29,1
5.56,1
2.57,1
5.66,3
24.22,1
5.97,4
37.17,1
7.07,1
17.86,1
6.48,1
28.69,1
43.45,2
46.6,1
0.3,6
115.74,1
16.92,2
62.05,1
39.55,1
7.38,1
5.79,2
6.87,4
31.5,1
1.24,1
9.39,3
0.16,5
689.92,1
49.33,1
452.9,1
169.0,1
38.55,1
39.89,3
29.8,2
49.44,2
100.16,2
42.3399999,1
18.34,1
16.59,1
47.93,2
46.64,1
22.5,1
35.33,1
35.12,1
46.4,2
1068.54,1
23.65,1
0.1699999,1
12.01,2
32.53,1
14.2,1
9.36,1
44.69,1
5.2699999,1
57.62,1
130.49,1
25.29,1
15.07,2
18.93,1
47.44,1
9.69,2
48.24,2
13.89,2
24.57,2
1.75,5
187.74,4
14.71,1
18.21,1
21.5299999,1
7.56,1
50.03,26
17.65,2
25.44,1
198.7,1
0.67,8
12.51,1
2.29,4
11.33,2
7.05,2
31.85,1
10.15,3
401.0999999,1
12.97,2
41.89,1
20.68,1
0.71,2
48.39,1
890.62,1
48.4499999,1
34.03,2
1.01,7
15.89,2
44.51,1
2.7,1
32.59,1
49.9799999,3
18.4899999,1
31.04,1
8.67,2
7.81,1
52.87,1
3.61,4
29.43,1
43.07,1
15.13,3
0.07,21
33.63,1
56.59,1
50.2399999,1
46.3,2
25.36,1
955.84,1
35.3,1
313.48,1
43.46,2
10.19,1
110.21,2
11.55,2
150.1699999,1
41.58,2
17.24,1
17.64,1
36.86,2
18.88,1
48.14,3
29.67,3
23.02,1
20.92,1
35.42,1
34.34,1
27.43,1
101.08,1
30.69,1
22.82,1
6.99,2
1.49,1
42.5899999,1
29.45,1
16.52,1
1.68,1
48.12,1
773.91,1
19.45,4
46.7,2
15.42,1
31.8,1
193.59,1
23.26,2
50.08,7
17.55,1
46.65,1
1.17,3
0.92,3
41.93,1
37.21,2
490.9299999,1
0.69,7
2.8,2
2.4499999,1
2.4299999,2
3.21,3
24.28,1
108.49,3
52.9199999,1
39.98,1
28.72,1
10.66,1
55.69,1
1.84,2
42.97,1
228.08,1
49.9899999,1
159.7099999,3
9.96,2
0.44,4
30.93,1
4.9399999,1
48.05,1
1.65,5
313.68,1
35.94,1
30.31,1
24.68,1
117.09,1
31.95,1
8.2,2
17.59,2
49.48,1
42.28,1
44.76,3
33.79,1
0.21,12
290.2,2
48.84,1
2.65,4
44.66,1
920.0,1
13.02,1
18.83,1
10.67,1
6.26,1
16.87,3
48.04,1
14.66,1
26.11,1
22.51,1
35.32,1
9.48,1
0.0275712,2
23.67,1
33.88,1
41.5,2
0.77,3
11.71,2
34.8,1
29.36,1
14.3,1
19.75,3
18.7,1
15.4299999,1
12.19,1
66.77,1
18.99,1
41.5599999,1
31.39,1
45.11,1
14.57,2
32.39,1
19.91,1
152.69,1
6.75,2
26.2599999,1
26.34,2
8.02,1
41.9,1
50.42,1
1.32,4
350.13,1
59.62,1
5.1599999,1
1.6199999,1
23.9,1
234.52,8
48.97,4
350.23,1
38.95,1
333.72,1
0.2,9
6.89,3
21.33,1
21.54,1
7.71,2
0.62,2
31.07,1
0.47,5
5.12,1
48.74,1
8.73,2
43.22,3
60.02,1
5.7299999,2
0.86,2
11.96,2
100.14,7
25.64,1
4.02,1
22.25,2
7.53,2
404.4,1
6.84,1
326.13,1
198.62,15
44.2699999,1
2100.0,1
16.1,1
37.15,1
1.05,5
0.29,10
5.26,1
0.38,3
17.41,4
77.9299999,1
136.87,1
299.99,1
41.79,1
4.25,2
40.26,1
12.8699999,1
4.91,1
2.94,1
300.06,1
33.8,1
0.6799999,1
40.29,1
2.62,1
59.57,1
5.67,2
54.85,1
4.81,1
5.9,1
38.0199999,1
6.25,2
1317.96,1
171.79,2
1.0499999,1
1941.15,1
28.7,2
14.19,1
9.53,1
31.96,1
46.62,1
14.35,1
6.08,1
42.08,1
13.17,2
29.49,1
17.89,2
561.89,2
13.99,2
23.13,1
16.21,3
32.64,2
23.91,1
17.17,4
43.92,1
50.34,1
26.62,1
23.68,1
35.0899999,1
1400.26,1
61.21,1
12.61,1
2.61,2
8.81,1
2.66,1
46.6599999,1
15.43,2
400.388,1
49.9,5
41.86,1
39.2,2
20.05,1
8.61,2
17.2999999,1
43.87,1
39.15,2
58.43,3
45.71,1
104.02,1
65.6,2
38.1999999,2
193.5,1
100.19,2
3.93,2
63.95,2
78.4499999,1
100.05,23
13.03,1
132.72,2
41.87,1
40.19,1
12.3099999,1
48.99,4
16.82,1
52.27,1
50.0301,1
17.1,1
48.1599999,1
109.37,1
22.53,1
419.17,1
500.19,1
26.25,1
25.32,1
1671.6599999,1
70.55,1
22.31,1
67.74,1
150.0799999,8
24.2,1
3.73,5
20.23,2
605.88,1
21.84,1
49.98,2
32.77,1
42.78,1
31.48,2
15.01,2
63.09,1
49.79,1
2.6,1
41.34,1
101.84,1
296.73,1
1.9,2
19.08,1
5.64,1
48.43,1
24.7799999,1
31.06,1
32.54,2
159.062,3
37.12,1
22.76,1
35.82,1
602.15,1
6.67,2
66.7299999,1
24.87,1
506.46,3
0.12,13
36.75,1
40.84,1
6.32,1
1.47,4
348.53,1
1.31,1
8.25,2
15.49,2
25.53,2
25.59,2
54.51,1
19.88,1
14.76395,1
93.99,1
42.33,1
8.9699999,1
45.61,1
3.0099999,8
79.98,1
934.56,1
48.89,4
27.91,1
44.17,1
0.82,1
1869.94,1
19.36,1
928.85,1
47.45,1
34.6999999,1
46.75,1
49.0899999,2
26.29,1
77.12,1
47.4,1
152.82,1
1424.7299999,1
281.63,1
214.59,5
182.7709999,5
2.83,3
22.32,1
18.94,1
97.38,3
29.33,2
29.79,1
49.76,1
15.12,2
12.13,1
9.32,1
31.43,1
56.44,1
13.94,1
17.07,2
26.5999999,1
150.65,2
26.71,1
0.6,1
170.3299999,1
6.03,2
49.61,1
193.602,3
1.09,8
10.76,1
3.3,2
12.2899999,1
434.05,1
14.4,1
6.3099999,1
24.54,1
15.22,1
4.12,2
41.73,1
29.57,1
973.46,1
7.26,2
18.6699999,1
8.27,1
771.87,2
45.51,1
44.7299999,2
21.52,1
49.59,1
19.18,1
42.86,1
49.5199999,1
27.95,2
6.97,2
40.18,1
44.07,1
2.15,1
13.16,1
48.2099999,1
23.16,1
189.58,1
352.32,1
1825.76,1
1454.46,1
47.55,2
16.4,2
12.49,1
9.45,2
0.37,12
32.19,1
16.03,2
24.1,1
30.99,1
8.28,2
17.74,2
26.14,1
45.86,1
31.38,1
19.78,1
50.25,1
17.69,1
804.02,1
273.72,1
9.21,3
181.92,2
0.19,15
28.14,1
48.25,1
43.5899999,1
16.75,2
3.2699999,2
25.02,4
4.58,1
93.11,1
5.99,1
20.3,1
4.47,2
40.37,1
30.29,1
79.41,1
16.47,3
39.9799999,1
0.42,3
176.1399999,7
46.21,1
73.02,1
4.4,1
21.78,1
10.01,2
50.211,1
400.18,1
19.11,1
17.0499999,1
40.69,2
49.49,1
95.58,2
23.97,1
51.97,1
300.41,1
2.74,1
10.38,1
1407.27,1
761.0,1
37.16,1
1197.58,1
2.0099999,4
16.77,1
239.96,1
40.7,1
33.3099999,1
3.8,1
167.85,1
628.86,5
5.45,1
52.7699999,1
150.18,1
24.45,1
10.45,2
30.09,1
19.73,1
37.76,1
1.04,5
38.56,1
2.02,1
41.84,1
4.05,3
7.91,1
3.57,2
0.4099999,3
145.68,4
15.27,1
19.33,5
209.82,1
17.2599999,3
24.97,1
24.84,1
21.37,1
10.91,1
30.61,1
27.01,1
2.11,5
15.73,2
47.6,1
42.88,1
16.79,1
43.4899999,1
918.54,1
28.42,2
46.7699999,1
3.89,1
192.92,1
17.67,2
45.53,2
570.957,1
145.24,1
28.25,1
23.2799999,1
11.45,1
102.22,1
35.55,1
12.5399999,1
10.28,1
46.03,1
11.91,1
46.11,2
37.39,1
2.25,3
21.69,1
2.43,1
44.67,1
403.72,1
1.85,1
8.08,1
50.05,10
45.46,1
188.61,4
2.3699999,3
16.81,3
47.9,3
158.35,1
50.1,3
43.18,2
12.26,1
38.79,1
7.47,3
3.83,2
40.3199999,1
34.3499999,1
180.872,3
62.96,1
35.44,1
30.04,3
17.45,1
6.5699999,2
3494.99,1
18.45,1
138.95,1
28.82,1
0.020912,1
26.96,1
0.98,5
40.9099999,1
2.14,1
54.66,1
1.29,2
38.6699999,1
332.65,1
35.8,2
24.4899999,1
16.6,1
47.5,2
28.35,1
2.1,3
229.67,1
186.78,4
4.89,2
4.93,4
0.08,21
1.22,1
165.7,6
26.31,1
43.53,1
38.01,1
45.2299999,1
38.81,1
155.7409999,4
22.41,1
2.52,2
50.09,1
4.63,4
40.33,1
12.9599999,1
1.3799999,1
31.78,2
81.77,1
44.57,1
58.24,1
47.85,1
35.13,1
13.37,1
898.12,4
37.64,1
1544.35,1
51.54,1
5.88,1
43.95,2
14.25,1
14.61,2
25.97,1
6.4,2
11.78,2
1151.24,1
43.08,2
19.09,2
21.99,1
26.39,1
54.36,1
127.88,1
19.63,3
38.42,1
25.69,1
158.71,5
1148.0,1
1.3399999,1
9.06,1
21.27,2
2.04,1
9.68,1
67.72,1
32.2,1
151.61,12
18.19,2
2.32,1
35.1999999,1
12.78,1
43.9499999,1
3.2599999,1
214.02,3
155.741,1
35.43,1
0.76,2
351.63,1
60.09,1
45.96,3
6.3599999,2
0.7,1
0.45,9
86.15,1
43.44,1
1.44,2
37.91,2
49.06,2
33.33,1
49.19,3
49.99,8
25.71,2
44.47,1
37.27,1
54.86,1
71.03,1
117.65,1
47.9799999,1
100.26,3
2.64,1
1.3,1
31.42,1
2.39,1
37.84,1
46.9199999,1
100.0099999,47
1350.6099999,1
46.72,1
39.75,1
13.1299999,1
14.74,1
2.73,2
23.06,1
5.89,2
20.7,1
4.71,2
30.34,2
58.98,1
46.26,1
99.32,2
55.06,1
3.02,1
42.34,1
490.1,1
13.57,1
237.98,1
37.25,2
6.81,3
11.53,2
5.91,3
292.4,1
5.22,1
29.62,1
41.54,1
18.86,1
27.26,1
15.09,1
35.38,1
46.24,1
17.23,2
0.0999999,5
8.64,3
56.05,1
550.2553361,1
15.55,3
244.81,1
20.5,2
4.45,5
38.06,1
5.86,1
41.97,1
658.92,1
43.33,2
1.11,3
41.72,1
38.61,1
336.37,1
19.32,1
49.89,2
23.6199999,1
345.26,1
3.43,4
45.17,2
343.72,1
15.21,1
33.0599999,1
25.03,3
33.11,1
46.81,1
17.6199999,1
0.25,20
0.64,4
45.12,1
13.3199999,1
46.96,1
46.9099999,1
26.67,1
67.7,1
47.2,1
56.78,1
0.96,5
2.6199999,2
5.5199999,1
37.22,1
4.09,6
18.29,1
15.37,2
9.57,3
19.93,3
33.44,1
8.19,2
42.01,1
21.57,1
52.72,1
45.52,1
13.21,2
34.42,1
41.4099999,1
154.2399999,3
20.1,1
2.71,4
697.58,2
33.04,1
11.83,1
3.62,2
28.85,1
14.65,1
11.93,1
9.47,1
19.79,2
122.03,1
39.19,1
17.5099999,1
9.16,1
60.03,2
4.29,2
38.51,1
37.7299999,1
47.31,1
5.25,2
42.59,1
16.99,3
2.03,2
35.0599999,1
46.69,1
181.91,5
13.19,1
750.23,1
45.07,1
672.0699999,1
40.35,1
52.2399999,1
2.59,4
31.91,1
35.9,1
49.95,2
0.2799999,1
161.65,2
43.58,1
40.65,2
26.55,1
22.64,1
786.64,1
9.87,2
23.88,1
20.28,1
50.14,1
50.0299999,2
17.92,2
37.42,3
0.28,1
24.4399999,1
10.33,1
1.45,6
100.28,1
41.3099999,1
29.03,1
44.5899999,1
33.06,2
29.52,1
31.16,2
4.1,2
56.7,2
9.99,3
197.84,7
28.3,1
24.96,1
202.32,6
32.65,1
84.8199999,1
43.93,1
300.7799999,1
1.86,1
0.13,19
16.91,3
22.71,2
453.649,1
33.69,1
200.71,3
44.97,2
272.5,5
563.82,1
56.64,1
19.67,1
9.26,2
5.0699999,2
18.1899999,1
40.54,1
20.25,1
7.03,1
640.8299999,1
42.53,2
0.02,86
152.7399999,1
8.09,2
27.31,1
334.4099999,3
28.95,1
12.7,2
22.59,2
42.6999999,1
52.28,1
16.23,1
46.76,1
39.56,1
41.02,1
8.85,2
43.82,1
28.08,1
571.87,1
1.51,7
423.9,1
26.44,1
10.34,1
17.47,2
7.35,2
50.04,13
11.16,2
27.11,2
31.51,1
35.58,1
19.21,4
25.68,4
322.36,1
52.4899999,1
180.8719999,9
0.14,8
170.46,5
29.83,1
0.84,5
24.75,3
4.16,1
20.4,2
41.6599999,1
2.42,1
20.0099999,1
32.44,1
43.83,1
739.75,1
0.26,5
47.11,1
11.87,1
34.39,1
3.861,1
45.67,2
106.68,1
31.58,1
188.302,10
22.15,1
30.36,1
0.06,18
49.94,1
48.95,1
37.71,1
256.63,1
25.7,1
1.89,3
49.1,1
24.5699999,1
26.22,1
32.9,1
5.33,1
186.38,2
44.18,2
67.35,1
19.51,4
13.15,1
48.28,1
20.91,1
119.65,3
386.22,1
43.3499999,1
5.14,3
300.24,1
33.03,1
5.55,2
2.9499999,5
6.09,3
22.54,1
5.96,2
1.63,5
5.37,2
17.82,1
45.22,3
38.02,3
6.53,1
4.5699999,4
39.11,1
28.26,1
23.07,1
515.03,1
4.68,1
12.8,1
7.09,2
151.87,6
24.9899999,1
30.18,1
5.9799999,1
13.5,1
40.5,1
43.75,1
0.1,36
0.8,4
6.45,2
30.38,1
3.23,1
35.87,1
10562.69,1
52.53,1
42.39,1
47.01,1
55.81,1
4.5,4
31.3,2
39.9899999,1
9.51,3
39.59,1
41.99,2
1752.51,1
1000.951,1
48.47,1
42.29,2
37.57,1
16.2,1
32.85,1
5.4399999,1
52.13,1
17.49,1
1.16,3
79.8,1
32.8,1
40.0199999,1
43.79,2
28.28,1
102.73,2
36.43,1
10.03,4
12.85,1
0.18,7
44.08,1
1.95,4
18.49,2
26.89,1
28.06,1
8.49,2
74.34,1
34.64,2
11.6499999,1
18.17,1
65.03,1
31.11,1
13.63,1
21.87,1
49.8099999,1
23.27,1
14.29,2
2.58,1
5.57,1
15.31,3
32.0899999,1
9.93,2
14.13,1
0.74,1
17.05,2
65.88,1
45.8199999,1
602.11,1
700.05,1
48.62,1
44.43,1
5.4499999,1
1.1299999,1
12.79,1
50.35,1
10.75,1
3.85,5
20709.8299999,1
41.03,2
24.2399999,1
6.1499999,2
34.25,1
54.91,1
251.97,1
1.15,6
50.19,1
34.99,1
2.4,1
37.47,1
106.59,1
40.24,1
34.1599999,1
1409.86,1
2.63,2
50.0836892,1
38.64,1
19.44,1
4.53,2
151.6099999,6
197.658,1
703.1799999,1
1.12,1
570.75,1
15.5,1
56.75,1
14.7,1
48.55,1
31.36,1
23.56,1
40.96,1
100.11,4
21.2,1
12.42,1
0.17,3
35.98,1
15.16,1
44.78,2
28.48,1
55.26,1
24.93,1
48.06,1
100.0699999,11
600.35,2
34.29,1
30.64,1
32.34,1
20.08,1
25.31,1
43.9899999,1
30.12,1
103.28,4
41.22,1
176.14,3
37.82,1
150.03,1
0.5599999,1
179.7099999,4
26.4899999,1
23.31,2
36.38,1
6.51,2
41.05,2
40.2699999,1
1.77,3
27.93,1
151.24,1
12.9,1
44.2,1
0.27,8
20.0999999,1
29.61,1
18.0999999,1
32.58,1
36.33,2
32.0199999,2
9.1199999,1
63.61,1
15.87,1
34.89,1
22.05,1
9.22,1
45.3399999,1
6.63,2
208.26,1
7.5,2
4.6899999,4
