0.0,534
1.0,18
2.0,5
3.0,3
4.0,5
5.0,21
0.5,4
10.0,7
72.3699999,1
13.0,1
14.0,1
15.0,1
3.2,1
17.0,1
18.0,1
19.0,1
20.0,7
23.0,1
25.0,3
13.5,1
29.0,1
30.0,2
0.75,2
33.0,1
39.0,1
40.0,5
500.04,1
43.0,1
44.0,1
45.0,2
49.0,5
50.0,547
2100.0,1
55.0,1
65.67,1
61.72,1
67.6199999,1
62.52,1
1815.02,1
75.0,3
0.6,2
80.0,1
0.54,1
3.5,2
0.46,1
90.0,1
68.97,1
3.3,1
2.5,1
67.3199999,1
0.85,2
14.4,1
100.0,189
102.0,1
105.0,2
69.0699999,1
63.82,1
61.52,1
64.8199999,1
62.57,1
125.0,1
15.25,1
66.8699999,1
137.0,1
100.7099999,1
0.53,1
150.0,27
4.2,2
153.0,1
68.52,1
88.77,1
15.75,1
62.07,1
3.65,2
100.05,1
61.67,1
61.07,1
2.25,1
73.02,1
65.92,1
190.0,1
66.17,1
66.27,1
200.0,30
4.8,2
18.85,1
68.22,1
209.0,1
4.85,2
4.45,2
47.5,1
67.5699999,1
15.35,1
69.92,1
235.0,1
64.0699999,1
554.99,1
53.03,1
16.45,1
70.8699999,1
246.0,1
41.0,1
72.8199999,1
65.47,1
2.8499999,1
255.0,1
19.3,1
1.23,1
61.57,1
73.42,1
62.37,1
72.22,1
3.7,2
250.01,1
65.02,1
18.2,1
66.1199999,1
5.0299999,1
2350.0,1
16.35,1
18.05,1
1.75,2
310.0,1
0.95,2
16.15,1
70.17,1
61.97,1
68.67,1
60.77,1
1737.89,1
67.47,1
3.4,1
4.1,2
63.92,1
100.01,2
350.0,5
67.8199999,1
141.1,1
0.01,45
355.0,3
70.1199999,1
17.35,1
19.45,1
14.45,1
18.75,1
69.52,1
3.8,2
17.15,1
72.67,1
0.3,3
18.18,1
3.15,1
400.0,7
60.92,1
72.8699999,1
2.8,1
65.3699999,1
73.27,1
4.3,2
0.42,2
64.77,1
18.35,1
20.05,1
4.98,1
66.72,1
73.52,1
14.2,1
18.15,1
151.0,1
70.42,1
31.59,1
14.05,1
18.25,1
450.0,3
4.3999999,2
69.97,1
67.02,1
10700.0,1
62.32,1
50.03,2
69.3699999,1
2.75,1
72.0699999,1
16.0,1
1.85,2
68.77,1
19.35,1
3.1999999,1
500.0,6
63.87,1
70.72,1
17.45,1
53.3,1
19.15,1
14.1,1
71.6199999,1
62.62,1
71.92,1
814.99,1
4.84,1
73.3699999,1
65.52,1
5.97,1
64.02,1
555.0,1
63.57,1
1.9,2
18.45,1
95.0,1
66.67,1
63.02,1
13.25,1
0.4,1
68.6199999,1
69.6199999,1
70.5699999,1
5.05,1
64.3199999,1
68.02,1
1445.1499999,1
0.1,14
15.85,1
62.97,1
13.4,1
2673.0,1
0.08,1
50.0899999,1
66.22,1
13.9,1
1.8,2
13.75,1
71.8699999,1
1.35,2
650.0,1
0.09,1
4.35,2
16.8,1
72.97,1
66.42,1
65.77,1
65.22,1
69.02,1
65.42,1
0.3999999,2
13.55,1
700.0,2
70.92,1
800.0,3
13.45,1
71.8199999,1
17.7,1
14.6,1
73.5699999,1
62.42,1
69.22,1
68.5699999,1
62.92,1
750.0,1
0.7,2
70.47,1
65.0699999,1
1365.02,1
14.75,1
19.55,1
60.72,1
13.95,1
16.85,1
60.87,1
64.47,1
71.27,1
72.77,1
70.02,1
71.17,1
73.22,1
3.55,2
0.45,3
69.27,1
9000.0,1
17.8,1
62.77,1
14.55,1
15.4,1
67.17,1
62.47,1
16.6,1
63.27,1
18.3,1
13.6,1
838.0,1
66.52,1
16.4,1
72.3199999,1
61.62,1
69.67,1
100.0099999,3
24.99,1
68.8199999,1
1.05,2
400.01,1
2.1999999,1
61.02,1
19.7,1
16.09,1
71.1199999,1
15.05,1
15.9,1
17.6,1
73.72,1
900.0,2
0.47,1
14.95,1
300.1,1
0.04,10
17.4,1
189.98,1
73.67,1
72.47,1
61.37,1
70.27,1
60.82,1
4.7,3
56.1,1
49.99,1
68.3199999,1
15.55,1
220.01,1
67.42,1
18.6,1
18.5,1
4.95,2
68.92,1
15.45,1
16.7,1
18.4,1
2.65,1
1.2,2
15.15,1
63.97,1
73.0699999,1
16.05,1
63.42,1
63.17,1
62.82,1
1000.0,6
70.3699999,1
95.16,1
64.17,1
70.97,1
69.77,1
0.25,3
72.92,1
72.6199999,1
19.25,1
71.72,1
19.4,1
61.12,1
65.97,1
16.65,1
1050.0,1
70.52,1
65.6199999,1
62.02,1
67.8699999,1
0.96,1
6.66,1
205.05,1
2.55,1
3125.0,1
68.17,1
61.47,1
66.97,1
71.67,1
62.72,1
1.25,2
66.47,1
15.6,1
18.7,1
4.8999999,2
1.55,2
71.52,1
3.0999999,1
150.02,1
65.3199999,1
310.3,2
850.02,1
15.65,1
71.5699999,1
4.1499999,2
3.75,3
72.17,1
0.51,1
1.01,20
1148.0,1
3.95,2
4.25,2
1.45,2
64.8699999,1
15.95,1
33.9799999,1
1626.86,1
66.8199999,1
50.01,10
70.77,1
63.07,1
63.52,1
64.27,1
2.15,1
67.92,1
19.75,1
4.55,2
0.55,2
205.0,1
16.55,1
68.8699999,1
16.25,1
69.5699999,1
0.43,1
1250.0,1
61.42,1
1.6,2
0.28,1
65.8199999,1
1.95,2
70.22,1
15278.14,1
66.0699999,1
71.47,1
69.3199999,1
18.95,1
73.1199999,1
64.1199999,1
61.27,1
19.05,1
71.0699999,1
63.37,1
2.9499999,1
9.02,1
17.55,1
65.5699999,1
17.25,1
0.35,3
71.02,1
2.6999999,1
16.5,1
15.5,1
72.27,1
17.3,1
4.75,2
1.5,4
60.97,1
61.77,1
99.05,1
33.9899999,1
68.1199999,1
64.67,1
1355.0,1
0.44,1
18.55,1
2.9,1
1.4,2
150.0199999,1
0.52,1
70.67,1
69.8199999,1
71.42,1
69.47,1
62.67,1
200.01,1
13.2,1
1400.0,2
67.72,1
5500.0,1
350.01,1
3.9,2
72.1199999,1
17.85,1
64.72,1
19.65,1
4.6,2
17.65,1
67.27,1
63.32,1
73.47,1
61.32,1
67.3699999,1
68.42,1
15.8,1
16.75,1
66.77,1
1.7,2
62.87,1
68.72,1
16.95,1
17.9,1
18.65,1
2.05,1
250.0,6
0.65,2
70.0699999,1
64.6199999,1
63.67,1
15.2,1
0.05,54
900.01,1
2.0999999,1
16.3,1
64.5699999,1
67.97,1
71.3699999,1
14.25,1
73.3199999,1
73.6199999,1
66.3199999,1
19.85,1
19.9,1
0.48,1
63.72,1
17.95,1
68.0699999,1
67.52,1
0.0999999,1
0.49,1
0.2,5
100.02,1
4.05,2
2.4499999,1
17.75,1
4.99,1
63.22,1
50.02,5
66.02,1
69.17,1
95.05,1
2.3,1
70.3199999,1
17.1,1
19.6,1
0.8,2
19.8,1
70.6199999,1
72.5699999,1
64.22,1
64.42,1
4.5,3
12.3699999,1
69.8699999,1
73.17,1
71.97,1
15.1,1
19.95,1
13.3,1
14.15,1
71.77,1
16.2,1
955.02,1
63.12,1
1700.0,1
3.45,1
65.27,1
64.92,1
62.12,1
67.22,1
359.01,1
61.17,1
13.35,1
3.3499999,1
13.8,1
14.65,1
66.5699999,1
14.5,1
65.8699999,1
61.92,1
13.7,1
14.3,1
5.96,1
67.1199999,1
68.47,1
72.42,1
505.01,1
71.22,1
17.05,1
13.3699999,1
300.0,13
0.15,4
62.22,1
61.87,1
10000.0,1
65.1199999,1
66.6199999,1
72.02,1
16.1,1
1.65,2
3.6,2
17.5,1
305.0,1
64.52,1
67.67,1
61.22,1
4.6499999,2
1.3,2
14.9,1
2.4,1
65.17,1
63.47,1
62.27,1
0.9,2
43.99,1
2.3499999,1
69.1199999,1
63.77,1
14.8,1
1437.4099999,1
841.75,1
70.8199999,1
18.8,1
13.85,1
14.7,1
150.05,1
0.02,6
6.0199999,1
16.9,1
200.02,1
19.2,1
3.98,1
200.05,1
72.72,1
3.85,2
71.3199999,1
66.3699999,1
550.02,1
67.77,1
64.3699999,1
1.15,2
15.3,1
68.27,1
18.1,1
61.82,1
66.92,1
14.35,1
19.5,1
65.72,1
72.52,1
150.01,2
2.5999999,1
69.42,1
13.65,1
68.3699999,1
2000.0,2
0.03,3
63.62,1
3.25,1
3.05,1
1.1,2
19.1,1
67.0699999,1
62.17,1
14.85,1
15.7,1
69.72,1
17.2,1
18.9,1
0.11,1
64.97,1
