0.0,433
1.25,2
2.0,6
3.0,4
4.0,1
5.0,24
0.5,1
1.0,13
8.0,1
9.0,1
10.0,6
12.0,1
2050.0,1
14.0,1
15.0,4
19.0,1
20.0,11
25.0,5
26.0,1
27.0,1
28.0,1
29.0,1
30.0,6
0.75,3
32.0,1
33.0,1
35.0,3
64.63,1
40.0,4
201.52,1
44.0,1
45.0,6
48.0,1
49.0,5
50.0,514
2100.0,1
53.0,1
55.0,2
60.0,3
200.9,1
70.0,1
0.85,1
13.0,1
64.37,1
0.46,1
90.0,2
91.0,1
95.0,1
0.6,2
13.4,1
100.0,125
4200.0,1
105.0,1
5.0599999,1
59.91,1
200.03,1
125.0,1
68.4599999,1
0.53,1
1.67,1
149.0,2
150.0,11
2200.0,1
153.0,1
100.02,9
158.0,1
14.75,1
160.0,1
2.15,1
100.05,2
39.98,1
175.0,1
4.97,1
195.0,1
200.0,17
0.15,4
2250.0,1
1.6,1
3099.98,1
55.5,2
225.0,1
46.42,1
230.0,2
2.8099999,1
0.76,1
3.58,1
247.0,1
250.0,2
255.0,1
260.0,1
0.56,1
1.73,1
0.11,2
11.23,1
0.09,5
750.0599999,1
286.0,1
39.9,1
300.0,4
0.95,2
1.61,1
6.92,1
39.92,1
69.88,1
339.0,2
250.02,2
189.85,1
0.04,9
1117.63,1
1.4,1
0.63,2
13.95,1
11.05,1
1.79,1
0.3,2
13.21,1
65.0,1
2.07,1
0.4099999,2
400.0,6
13.27,1
11.95,1
11.41,1
12.73,2
2.27,1
1.37,1
12.95,1
12.67,2
13.05,1
12.25,1
215.07,1
39.84,1
457.0,1
460.0,1
150.1,1
0.77,1
2.25,1
1850.05,1
1.43,1
0.66,1
364.73,1
11.59,1
2499.98,1
495.0,1
41.05,1
12.9,1
2.8699999,1
0.1,5
19.57,2
0.31,1
1.96,1
550.0,1
39.82,1
0.69,2
810.9699999,1
13.25,1
1.49,1
600.0,2
2.0299999,1
420.65,1
12.55,2
13.9,1
620.0,1
150.03,1
42.8399999,1
1.51,1
1.3,1
1.1,1
1.97,2
450.0,1
12.37,2
691.0,1
33.21,1
0.3999999,1
116.0,1
0.51,3
700.0,3
14.25,1
12.43,2
13.45,1
14.1,1
2.57,1
720.0,1
724.0,1
0.07,2
750.0,1
0.7,1
0.36,1
14.05,1
2.04,1
2000.02,1
13.1,1
20.35,1
11.53,1
2.3899999,1
2.5099999,1
0.89,1
800.0,2
0.45,4
1.19,1
61.91,1
14.55,1
12.91,1
0.55,1
13.6,1
14.45,1
0.01,10
12.31,2
100.0099999,2
5.81,1
1.05,2
12.13,1
7.26,1
886.0,1
49.86,1
60.91,1
14.95,1
0.83,2
920.0,1
0.61,1
155.0,2
10.81,1
0.0999999,2
11.89,1
50.05,1
0.3399999,2
14.6,1
3650.09,1
0.16,1
400.01,1
2.19,1
1000.0,6
10.99,1
0.06,4
67.91,1
1900.03,1
0.25,4
1.5,1
45.96,1
36.6299999,1
200.35,1
0.1699999,1
3.1599999,1
39.94,1
37.53,1
520.0,1
1.75,1
11.71,1
1050.02,1
21.2799999,1
2.63,1
12.19,1
44.63,1
50.04,3
26.85,1
14.65,1
11.47,1
0.71,2
0.19,3
0.81,3
1.45,2
12.49,2
10.87,1
1170.01,1
100.04,3
800.0799999,1
50.01,26
33.77,1
1200.0,1
2.09,1
5.05,2
39.96,1
13.55,1
205.0,1
0.23,1
12.01,2
1250.0,1
0.99,1
1.2,1
100.03,1
11.11,1
26.2,1
2777.62,1
0.35,3
0.47,1
2.9299999,1
26.21,1
51.19,1
14.9,1
50.02,12
166.7099999,1
28.52,2
0.44,1
1.15,1
200.0199999,2
11.65,1
0.02,9
13.09,1
150.02,3
100.0399999,1
0.39,3
150.01,3
13.2,1
0.21,2
11.35,1
1420.0,1
1.01,2
1.7,1
12.97,1
100.35,1
39.86,1
800.04,1
0.14,2
0.59,1
14.8,1
0.0699999,2
39.88,1
0.26,1
1500.0,1
12.07,1
0.65,2
500.13,1
800.01,2
14.4,1
1.57,1
1540.0,1
12.61,2
10.93,1
89.85,1
50.03,1
0.2,2
2.4499999,1
0.87,2
1.13,1
11.83,1
13.65,1
13.5,1
48.5,1
0.05,35
0.8,1
1.55,2
2.0099999,1
51.01,2
39.26,1
11.3699999,1
12.26,1
14.15,1
59.37,1
2.7,1
11.17,1
200.04,1
13.03,1
14.85,1
2.75,1
13.8,1
1.31,1
14.5,1
12.85,2
13.7,1
13.3,1
12.79,2
1800.01,1
2.21,1
16132.0,1
1800.0,1
650.02,1
2.69,1
14.3,1
11.29,1
13.75,1
13.35,1
14.2,1
50.95,2
400.05,1
0.9,1
1.07,1
39.8,1
0.33,1
2.13,2
51411.87,1
62.91,1
13.85,1
14.7,1
157.05,1
1900.0,1
24.2,1
3.73,1
33.26,1
98.5699999,1
600.02,1
50953.7299999,1
289.85,1
1929.0,1
1930.0,1
1.65,1
11.77,1
1.91,2
14.35,1
0.08,2
0.24,2
49.05,1
0.93,2
13.15,2
0.27,2
2000.0,2
0.03,6
0.29,3
3.34,1
1.85,1
1.35,1
0.57,2
2.3299999,1
5.13,1
