0.0,10107
8.8125,1
2.0,24
3.0,14
4.0,7
5.0,17
6.0,3
1.0,34
8.0,1
29.7164766,1
12.0,1
15.0,3
17.0,2
20.0,5
21.0,1
29.8840002,1
24.0,2
25.0,5
30.0,3
0.5,9
34.0,1
35.0,1
1.3575,1
40.0,1
80.3486355,1
3.2164956,1
49.0,1
50.0,7
34.44,1
60.0,2
10.0,7
4.596,1
19.2541516,1
83.0,1
85.0,1
91.0,1
95.0,1
24.9951644,1
100.0,6
10.233,1
72.8822696,1
91.819648,1
2.89168,1
113.3150142,1
44.8485,1
42.187,1
13.0789045,1
11.4583525,1
35.8924011,1
82.15,1
0.66999,1
1.0338968,1
0.1605052,1
0.5094577,1
113.3779442,1
8.3957157,1
15.8823185,1
73.3241122,1
1.98,1
19.8657157,1
16.9129985,1
4.65,1
37.9951644,1
295.0,1
45.4540499,1
0.0994999,4
13.0105234,1
9.2605082,1
70.3824999,1
0.179956,1
350.0,1
100.0035,1
61.8925748,1
150.1988948,1
61.0,2
3.3295,1
48.3429986,1
87.7404415,1
0.1232849,1
71.671167,1
0.0375597,1
0.9223835,1
1.777244,1
30.292,1
0.219,1
2.8145245,1
1.8023457,1
75.7313891,1
4.7660875,1
45.5536493,1
18.4057157,1
3.2026386,1
17.8945311,1
14.0445245,1
111.2598622,1
7.6457157,1
1.3315,2
39.7123185,1
13.5592538,1
72.601167,1
3.4515,1
39.82,1
17.0514,1
25.8080682,1
22.4478311,1
75.4900245,1
23.9951644,1
0.0690482,1
11.1194999,1
23.2679916,1
11.5875,1
1.1873499,1
11.3961,1
61.2868995,1
46.227192,1
3.795,1
19.382,1
11.583,1
50.0529676,1
18.091,1
1.057192,1
34.9503716,1
10.5422185,1
32.204,1
0.0205052,1
103.4594999,1
1.1878888,1
50.066,1
24.8925748,1
113.7255,1
91.1181161,1
97.6246782,1
50.0181955,1
24.606487,1
28.5654333,1
18.1469,1
22.8957157,1
3.9951644,1
94.3964999,1
33.095,1
0.0374,1
5606.9736788,1
3.3274999,1
143.2053556,1
66.9720627,1
12.8187697,1
10.967192,1
16.6187941,1
144.8999999,1
50.0115,3
65.6892276,1
5.8313,1
0.0305,1
50.069956,1
29.237836,1
96.7068068,1
23.6206333,1
35.37,1
0.0708127,1
4.1404279,1
36.8003489,1
18.4906078,1
1.8145245,1
1.05,3
12.029578,1
25.6977898,1
51.3379916,1
4.01,2
70.2675393,1
51.5690572,1
3.5395,1
26.5224515,1
90.9290703,1
93.3005003,1
7.7140213,1
70.3093814,1
0.2606555,1
26.0557925,1
3.7294577,1
3.8019999,1
1.7776727,1
9.1589999,1
7.7,1
131.488152,1
106.7998622,1
0.349,1
0.79,2
0.2987697,1
0.3071401,1
46.0505052,1
61.6168657,1
3.0803,1
0.0476,1
5.39859,1
1.25,4
48.5327,1
45.5840002,1
78.1646435,1
11.9054333,1
51.704,1
3.34,2
49.3550275,1
73.5425748,1
1.1586519,1
16.2884,1
85.566503,1
9.8617981,1
31.0415,1
2.0282261,1
2.0195,2
10.2512712,1
0.04899,1
18.1745685,1
0.6074999,1
147.2461721,1
16.6779916,1
1009.6360658,1
65.7048662,1
11.9025169,1
95.8115,1
11.9821905,1
4.20592,1
11.5029986,1
29.8765264,1
3.6489179,1
4.8995,1
51.6935,1
17.3325,1
1.1825169,1
10.11,1
5535.1572149,1
50.0974999,1
1.2289188,1
3.062738,1
1.87,1
63.3568995,1
0.0425,1
67.2224011,1
4.2091363,1
9.299956,1
23.52844,1
0.08,1
6078.5052975,1
49.7420002,1
0.1665,1
0.2125,1
1.0681733,1
37.3098417,1
10.5325,1
18.8005,1
33.359952,1
15.9995,1
15.7551644,1
5554.8317149,1
23.1229999,1
143.6635651,1
50.7068995,1
1.5495,1
3.6999358,1
0.527,1
7.54,1
0.8694577,1
24.9,1
5613.851446,1
0.6294999,1
1.599,4
16.1495663,1
29.3550453,1
12.01,1
9.0305,1
3.8505,1
1.2718258,1
0.0494577,1
103.7344618,1
7.2495,1
5.659,1
41.1021134,1
1.4369927,1
0.079,1
20.6977898,1
36.396487,1
25.592195,1
9.2345245,1
18.8,1
5.8572964,1
37.6485324,1
34.3453197,1
1.9040538,1
3.6161425,1
151.6123211,1
44.889,1
49.8525,1
94.1946782,1
4.0938612,1
18.89,1
2.1375,1
118.658,1
3.979956,1
65.3925748,1
14.92,1
3.4832996,1
12.7215,1
41.9525511,1
45.9323185,1
50.0323623,1
69.5662985,1
75.181167,1
101.40745,1
25.189244,1
24.7019999,1
50.0579916,1
42.8303,1
32.0845,1
36.3105,1
0.0296194,1
2.6908251,1
0.2674342,1
50.6869,1
47.16,1
43.267192,1
5.7700056,1
138.7327089,1
43.9623185,1
138.9633014,1
0.3395,1
7.57,1
41.567,1
0.529,1
66.8291267,1
23.0346296,1
3.726487,1
1.08,1
33.539244,1
21.376487,1
63.9264817,1
4.9629801,1
18.2904887,1
15.0654333,1
50.001,1
10.4818495,1
34.6612086,1
2.3299999,1
47.85,1
2.5,4
32.6464999,1
45.8612979,1
3.199,1
27.284676,1
1.0149999,2
1.0401111,1
15.0777133,1
4.055,1
349.0,1
92.7655366,1
82.6024813,1
46.1539476,1
24.02,1
2.2833358,1
13.477,1
0.2476734,1
163.9711999,1
23.5715,1
29.2777798,1
42.6866175,1
91.8632558,1
15.76,1
52.0425748,1
1.8335,1
0.2615278,1
147.8207523,1
43.682,1
36.1455,1
14.8877,1
94.2666089,1
92.8357619,1
91.8479692,1
9.9000788,1
16.319956,1
7.944,1
50.0286,1
2.4593757,1
3.4886392,1
134.7649747,1
2.1100391,1
84.9542348,1
4.5794456,1
0.212738,1
0.0520161,1
39.8754333,1
130.5001481,1
2.1133675,1
78.0439476,1
48.8267128,1
20.5461537,1
29.5765264,1
26.0799999,1
24.5025748,1
46.2015,1
0.7468704,1
11.73,1
59.4563072,1
18.1645245,1
48.4,1
6.2662155,1
83.6342349,1
37.2078288,1
63.9393099,1
34.7691056,1
3.5898825,1
1.1287697,1
4.8844979,1
196.7746972,1
15.3057925,1
100.1115012,1
45.7767284,1
32.1165264,1
96.210714,1
0.16,1
0.3257167,1
1.7580999,1
1.7781862,1
62.0045892,1
0.3,1
10.0100737,1
0.4919785,1
5.014505,1
94.8391968,1
249.4014168,1
47.327192,1
6.5294873,1
100.0375622,1
98.9639235,1
9.2378287,1
4.96,1
1.94,1
48.09,1
98.54634,1
0.0351644,1
3.6495,1
0.3805052,1
135.064146,1
85.9504415,1
2.002738,1
42.2569733,1
0.7160852,1
15.5354806,1
92.8016672,1
0.1153197,1
0.9789188,1
19.2851644,1
10.318,1
20.7277898,1
4.335,1
10.559956,1
19.2995843,1
141.4312205,1
144.1742061,1
129.1581521,1
37.7875,1
33.001,1
18.1865264,1
0.289956,1
0.1387697,1
20.4678288,1
1.1525,1
9.7472964,1
88.705,1
5.549956,1
7.0229986,1
169.42,1
1.1748759,1
2.0059999,1
14000.4662393,1
2.8117975,1
15.6523185,1
8.8174949,1
48.1717132,1
23.99,1
15.24,1
39.1023778,1
7.9175,1
14.1556146,1
93.869552,1
1.8857925,1
0.0095622,1
4.8389045,1
0.5731944,1
8.372,1
35.186487,1
22.5028352,1
0.577,1
0.099,1
26.2115145,1
2.372,1
15.8005052,1
148.7411666,1
5.9872964,1
0.437,1
6.098,1
18.9223,1
148.3668999,1
49.7940413,1
0.04,6
4.9994999,2
0.1933782,1
0.3345,1
0.2329986,1
3000.0,1
1.521,1
2.66,1
1.3503251,1
36.1975999,1
5611.6443788,1
29.0568995,1
144.3280636,1
66.4000245,1
4.75,1
13.052353,1
131.6681521,1
12.9565964,1
2.2189999,1
2.9288197,1
14.6795,1
10.36,1
21.414,1
19.552,1
0.0255581,1
222.0982745,1
35.8305,1
2.4600431,1
90.9813891,1
3.5695,1
3.4589045,1
63.9313891,1
30.698,1
15.4275,1
21.7279993,1
52.3220266,1
108.1428937,1
39.7494559,1
23.019244,1
2.0604385,1
136.271,1
2.1486,1
63.4313891,1
65.1391363,1
2.0440667,1
4.2379999,1
7.1844263,1
201.4584049,1
5.6140986,1
75.3746435,1
400.013009,1
11.8751644,1
0.659,1
46.19,1
38.8711641,1
0.0530848,1
0.17,1
5.4533322,1
1.6948045,1
24.4025168,1
0.3495,2
10.9903057,1
18.589956,1
40.862926,1
3.3527591,1
11.9311018,1
144.8350072,1
24.264189,1
1.1895,1
32.4154333,1
26.9457157,1
33.6787697,1
0.7775,1
18.357787,1
3.0257157,1
3.9565171,1
18.3764563,1
25.7793494,1
3.358,1
4.4643648,1
9.1129986,1
3.4797,1
17.8465264,1
48.7438494,1
44.1640002,1
0.02899,1
0.4405,1
100.608,1
4.049,1
8.6866148,1
3.807192,1
5596.9178788,1
3.363615,1
157.1623541,1
178.297364,1
14.833,1
46.3131412,1
203.9292889,1
7.1462155,1
31.9042972,1
5.2696,1
6.877,1
28.8105,1
23.5735,1
100.97745,1
142.4671073,1
6.05,2
3.1079999,1
15.8157925,1
49.4238756,1
16.1262369,1
27.8483286,1
11.9987989,1
38.7819999,1
107.7268113,1
0.697192,1
6.18,1
41.2305,1
92.8726258,1
100.2,1
1.9486,1
45.0805,1
6.4340615,1
4.5652547,1
36.5744669,1
90.0607381,1
200.035,1
150.5645311,1
0.2600067,1
19.685,1
11.9215978,1
181.9943445,1
45.9040002,1
0.3762155,1
0.3410977,1
14.8346343,1
10.4349494,1
5.012738,1
0.2661417,1
36.7774999,1
1.1689188,1
83.8386355,1
16.0324191,1
0.4741488,1
42.3675,1
6.2526711,1
12.2642686,1
70.3139476,1
14.4103144,1
50.0251688,1
0.8551644,1
47.43,1
16.3889045,1
0.0471,1
2.74,1
20.7591363,1
0.8481232,1
100.0597395,1
2.369,1
100.042955,1
157.2542457,1
21.7377898,1
117.8126708,1
36.5055,1
1.6824091,1
3.8189045,1
34.3850041,1
13.678,1
100.2105003,1
13.7862155,1
6.7695,1
17.8405052,1
107.4513459,1
0.023009,1
48.8890679,1
50.0505,1
0.43,1
71.978935,1
0.8995,1
12.5373185,1
0.5994999,2
39.988,1
0.6611621,1
5941.2907305,1
3.9795,1
5.07,1
44.0640002,1
30.655,1
7.5689188,1
11.5857925,1
7.792,1
4.292,1
96.9991759,1
0.199956,1
30.0765,1
11.75,1
17.332,1
95.5379344,1
5.223,1
44.8804788,1
0.0267208,1
29.4075,1
43.3905,1
140.8496754,1
88.2304415,1
49.9477898,1
39.4248524,1
7.1061194,1
39.0705,1
67.3485,1
30.7305,1
45.8477349,1
76.6279916,1
40.558,1
20.026487,1
1.503603,1
77.58,1
150.0715,1
2.7385,1
50.0057263,1
0.8983,1
0.412738,1
32.910756,1
0.0200581,1
37.4705,1
71.091167,1
29.1193189,1
12.5399999,1
19.2419999,1
43.8879916,1
43.678,1
72.4800245,1
26.4829367,1
140.0707702,1
0.7757925,1
64.0613891,1
0.385,1
49.97,1
0.34,3
1.42323,1
59.67,2
14.3225,1
0.699,1
0.0195,3
4.0299334,1
0.2009909,1
1.0195,2
1.325,1
18.93,1
12.5453101,1
2.754,1
4.9205052,1
4.3022,1
22.0654333,1
13.7625,1
5.341,1
5.3755,1
4.3679999,1
66.9868995,1
1.43,1
9.848,1
8.292,1
4749.0468004,1
28.4607238,1
39.4471129,1
10.1544495,1
0.517,1
31.3665,1
1.1073294,1
32.772,1
48.945,1
20.9225168,1
23.609956,1
0.1601776,1
2.6399999,1
17.1522538,1
6.1479916,1
284.07,1
29.9657157,1
68.2220627,1
0.0495306,1
3.4657157,1
47.0505052,1
86.6795752,1
6.04,1
24.1374995,1
52.5464817,1
0.0895393,1
10.8187697,1
50.094,1
137.594146,1
2.82,1
24.99,1
26.0078311,1
71.2867571,1
97.9765,1
16.5970647,1
102.8201437,1
31.0702247,1
0.0695,1
50.0232315,1
1.0776999,1
42.7196427,1
47.22,1
0.175,1
62.3600245,1
46.0094999,1
159.8999999,1
70.1586355,1
0.3130873,1
3.2253392,1
0.1604648,1
0.6895,1
27.7541484,1
1.1433934,1
47.36,1
3.0285,1
3.51,1
37.869244,1
0.7762155,1
7.7789188,1
24.1254333,1
4.3486,1
5554.9879124,1
2.6395,1
0.1101402,1
0.23899,1
0.046093,1
26.0940313,1
144.1863327,1
10.14,1
138.767206,1
16.4089045,1
10.051975,1
1.3319864,1
25.3740002,1
30.0126492,1
97.1876825,1
144.9634999,1
34.8003489,1
50.0575,1
42.3917999,1
250.1896976,1
17.25,1
99.9473884,1
22.7577898,1
49.902,1
2.898,1
22.5165804,1
50.002,3
50.0025,3
100.031,1
150.0231988,1
0.1978311,1
15.7962155,1
1.5,3
26.7578288,1
137.322,1
6.81,1
88.6413582,1
5.0811847,1
100.1136833,1
48.1990843,1
15.5014999,1
15.6834,1
26.6977898,1
40.8265,1
37.4799999,1
16.2249243,1
84.1061183,1
59.681935,1
20.01,1
31.1165264,1
78.4046435,1
71.8666189,1
30.6903716,1
39.538148,1
15.4025,1
1.2024643,1
50.0368412,1
16.4545245,1
1.0863888,1
1.049,1
0.0240045,1
21.2970694,1
0.0645,1
140.1029961,1
84.5442349,1
88.4894559,1
0.0748045,1
0.0239763,1
2.0395,2
1.17,1
0.67,1
6027.7354431,1
88.3104415,1
13.2278311,1
3.9397369,1
50.753,1
3.46,1
6.0100433,1
149.2699942,1
0.0321529,1
1.3833683,1
8.273539,1
43.6270694,1
100.14,1
16.832738,1
2.159578,1
129.9873452,1
99.8015954,1
100.0180872,1
23.325933,1
1.53,1
0.9887697,1
6.0039,1
107.9798622,1
3.4,2
6399.9799999,1
42.775,1
13.84,1
75.3115001,1
1.9100031,1
47.5631231,1
82.6690207,1
0.0932171,1
99.5390884,1
3.9996861,1
69.3093814,1
12.3,1
39.0151644,1
67.1068995,1
12.682,1
105.4126249,1
75.1913891,1
7.7839297,1
38.8105,1
29.9760967,1
21.334,1
6096.7303975,1
13.8100165,1
39.707,1
38.1705,1
0.0238968,1
0.43899,1
3.4170504,1
1.6465831,1
44.4125908,1
40.4795,1
65.919,1
40.6848617,1
12.2752804,1
71.711167,1
1.6555,1
21.8757157,1
145.244,1
10.2270922,1
119.64,1
0.0221091,1
100.0361999,1
95.4446782,1
22.9175203,1
25.186487,1
24.309244,1
50.01,2
10.3699999,1
15.3454333,1
82.7690207,1
100.0402,1
106.2998622,1
0.017,1
5.715,1
18.0445353,1
20.8954333,1
0.099578,1
0.9825169,1
14.35,1
0.1205,1
4.32944,1
0.2233251,1
1.6945245,1
50.0505052,1
144.4736001,1
0.139,1
124.3687592,1
53.3767128,1
3.9381385,1
74.1239092,1
50.01455,1
146.0358612,1
0.4455,1
0.35,3
18.6357925,1
128.0230459,1
0.3439749,1
2.9995,6
2.9894577,1
5.617305,1
17.8478287,1
0.024166,1
0.7885,1
0.2687697,1
32.4605052,1
1.629,1
0.373,1
33.6880144,1
191.1042324,1
2.35,1
2.7995,1
2.4105,1
2.6920598,1
34.0594143,1
71.9468928,1
11.02,1
11999.97,1
46.555,1
111.155,1
46.6496858,1
52.3765,1
2.649,1
40.0505,1
21.28,1
40.8986,1
17.9805,1
0.0791999,1
10.2476576,1
86.7713004,1
88.2768647,1
34.233795,1
43.9375,1
9.3089753,1
4.9795,1
48.6119999,1
65.3779916,1
5.473,1
4.8101617,1
157.8424114,1
31.2986,1
14.4425,1
3.017233,1
39.3236409,1
0.3213494,1
34.889244,1
0.7978311,1
42.558,1
6.37,1
40.1559175,1
12.4828805,1
20.9199999,1
27.1454333,1
89.705,1
13.801,1
36.3949999,1
5.1772352,1
0.0205,2
56.2313891,1
20.012408,1
62.6700245,1
1.6905052,1
0.0385,1
6079.7018975,1
49.9643918,1
60.221935,1
0.8625343,1
30.8940002,1
0.0223683,1
21.610492,1
227.2330579,1
99.9697395,1
0.1115,1
0.072,1
42.8759225,1
32.1179999,1
192.0943914,1
12.198,1
1.4237435,1
1.416487,1
15.4245245,1
94.2566089,1
31.9784894,1
0.0055484,1
16.6845685,1
40.8985,1
5.7842342,1
17.3857925,1
18.8478287,1
26.9379916,1
174.4542,1
6.8350594,1
1.86,1
2.99,2
3.787192,1
0.7712957,1
30.3868,1
0.7131962,1
39.6808575,1
0.1686881,1
3.06,1
5.0105,1
22.3076913,1
35.2454333,1
24.45,1
0.6993,1
60.721935,1
208.8996427,1
7.2267166,1
106.8030626,1
4.8,1
0.5109641,1
89.4445732,1
10.67443,1
4.5448032,1
14.3829986,1
25.1365264,1
87.786,1
99.04634,1
37.446487,1
15.2035,1
0.0257157,1
4.152414,1
124.6149546,1
1.1424555,1
194.1586798,1
64.1191363,1
29.999,1
18.3015,1
1.894,1
1.5615315,1
24.5586,1
113.182127,1
50.0898716,1
42.7305,1
0.0989556,1
10.0805052,1
12.33,1
139.866148,1
124.918869,1
17.1394577,1
94.9765,1
89.716,1
17.2200319,1
5.2612,1
92.1500866,1
88.1646782,1
49.6670694,1
14.1966,1
50.0075,1
144.0054999,1
50.0105458,1
6.4995,1
28.013322,1
66.3691363,1
119.5174915,1
60.28493,1
47.8423185,1
109.15,1
1.3911706,1
14.0589188,1
10.0722932,1
78.501167,1
50.0903514,1
80.2486355,1
4.1845537,1
36.8781936,1
37.9679916,1
188.4499096,1
0.0715,1
1.0214999,1
47.1470694,1
0.063,1
40.6278288,1
5.15,1
2.69214,1
58.4642395,1
12.839956,1
0.195,2
32.0192789,1
114.9569675,1
0.1545245,1
92.2213891,1
19.1985,1
27.2846642,1
1.3275168,1
59.9191363,1
21.6729702,1
58.0278557,1
119.9428272,1
0.7,1
33.6875,1
5.002,1
10.5272964,1
1.2756093,1
17.5713,1
40.048,1
60.0664817,1
292.3342221,1
5950.7923734,1
5.9405569,1
4.9305052,1
27.0479028,1
32.3190112,1
46.26,1
3.1772964,1
6.599,1
47.555,1
142.1045311,1
12.39,1
130.2849646,1
32.8405,1
11.107,1
34.8305,1
28.573,1
27.0235,1
38.31,1
28.836,1
6.515211,1
37.961,1
22.8638,1
1.2007861,1
14.2636451,1
19.1394577,1
5.1100483,1
95.1835124,1
123.5,1
1.3986,1
40.732926,1
136.2915,1
2.5019999,1
43.770829,1
143.51,1
104.4498622,1
2.3,1
46.05858,1
34.5005052,1
149.9568494,1
198.5027547,1
26.4776664,1
0.0414999,1
15.0094577,1
37.466487,1
29.3037264,1
50.04,1
83.8360967,1
34.8303716,1
0.0275,1
24.0825748,1
7.428,1
0.0525,1
27.0478311,1
81.8129675,1
47.4170694,1
105.4432178,1
8050.0802,1
36.019461,1
0.6901471,1
5456.0790149,1
41.7379374,1
10.909578,1
50.0101546,1
9.99,2
18.0273401,1
26.5686,1
52.447,1
4.126487,1
1.051,1
2.47,1
2.44,1
12.1368776,1
0.111665,1
39.949244,1
57.0864817,1
17.3091363,1
4.12,1
5.5295,2
108.234,1
199.8309806,1
0.1939622,1
0.0890317,1
43.0805,1
74.5539476,1
12.781,1
8.975,1
16.9844495,1
1.2364024,1
105.567132,1
14.34,1
50.0390595,1
11.2103722,1
17.532,1
15.1177133,1
49.7905,1
45.129,1
73.6410489,1
21.8145,1
50.0439476,1
35.3039879,1
3.2353911,1
50.005,1
86.389707,1
148.5015964,1
52.9525748,1
78.5235,1
1.8385,1
48.7475458,1
0.1648,1
15.1845245,1
93.2005003,1
113.35,1
1.3760957,1
0.0369446,1
148.2802824,1
50.5599999,1
33.0354333,1
199.0847267,1
46.0487697,1
62.261935,1
87.8106135,1
32.5,1
83.5315001,1
7.65,2
2.1345274,1
6079.7562975,1
25.6565264,1
12.0994577,1
0.0595,2
5.1986891,1
1.8496162,1
44.614049,1
38.2179916,1
24.4241664,1
21.3370694,1
96.4542349,1
97.8115,1
10.03,2
31.1203716,1
0.4195,1
27.1594577,1
82.251167,1
146.3668494,1
48.555,1
0.9935,1
0.99,2
47.2070694,1
11.198,1
18.0677133,1
1.7195,1
1.65,1
10.1705573,1
100.0713582,1
41.2485289,1
150.0666869,1
6.6226437,1
13.6727395,1
3.3555,1
2.9665,1
0.9725,1
9.6862155,1
119.8716021,1
6.0389188,1
78.581167,1
1.029,1
0.0300837,1
42.6538497,1
130.044146,1
69.0786355,1
3.016093,1
17.5319999,1
18.0550594,1
10.698,1
13.892,1
2.5663097,1
74.2200245,1
0.2291023,1
50.0341,1
36.9679916,1
29.4522918,1
4.21693,1
22.491,1
29.3651644,1
68.7224011,1
65.6480968,1
0.0779916,1
35.9679999,1
8.099956,1
61.5527171,1
100.040425,1
6057.8688975,1
3.9111451,1
36.172,1
47.217192,1
4.7883345,1
0.2765597,1
48.3205,1
19.4732279,1
1.5430555,1
99.8716715,1
4.7525748,1
4.559,1
60.2191363,1
1.0515456,1
7.1454162,1
0.259956,1
140.3645,1
25.4421233,1
10.549956,1
18.3871232,1
1.158,1
7.4690514,1
13.6021577,1
42.509244,1
4.1481,1
147.5168493,1
1.4014211,1
20.9345,1
48.22989,1
1.0342317,1
1.2868977,1
7.569956,1
144.0093457,1
1.5606502,1
37.3446065,1
38.9528524,1
2.6106111,1
10.1154333,1
1.1399999,2
0.8245862,1
34.3845245,1
120.0101685,1
13.7262155,1
9.24693,1
0.2630178,1
0.5631445,1
93.689552,1
78.7456474,1
0.06899,1
159.0143,1
66.9491363,1
203.9393495,1
34.3014879,1
35.7105,1
8.2636808,1
0.5101231,1
1.8879916,1
51.3067128,1
6.384053,1
224.6500481,1
15.562738,1
10.2378288,1
10.5905052,1
93.6913582,1
86.7204415,1
42.1279974,1
35.4549629,1
1.0101888,1
50.1200633,1
16.419956,1
6.8995,1
9.5736827,1
0.2897647,1
140.0516042,1
21.072,1
65.9600245,1
0.727,1
1.3185,1
103.2798622,1
12.339956,1
0.0377898,1
16.0537,1
18.2757157,1
3.852,1
4.94,1
4.3495,1
48.795,1
18.7376303,1
22.6025748,1
14.9275,1
50.244,1
1.1395,1
16.7495,1
16.45,1
13.1159316,1
2.9,1
0.2819427,1
41.262738,1
85.0994559,1
47.7414067,1
22.8879916,1
0.2377898,1
79.456,1
93.0224882,1
0.0277898,1
1.5524201,1
6.5534,1
15.4125169,1
25.7166882,1
50.0242157,1
24.4578311,1
200.1391041,1
45.8764817,1
17.3394403,1
18.5725748,1
2.0299999,1
70.6339476,1
4.3948044,1
23.2510774,1
198.2652114,1
78.932716,1
0.119,1
1.8095,1
1133.6929999,1
26.4340002,1
90.0115749,1
0.1985,1
41.8977898,1
197.7232262,1
42.8866175,1
0.2495,6
194.246668,1
16.4125169,1
93.4279607,1
0.839,1
26.4455,1
21.1512867,1
48.4543374,1
16.9257925,1
1.7995,2
4.6614027,1
35.345,1
14.5272964,1
8.4314,1
0.9899,1
0.4304964,1
3.05,1
13.5995238,1
69.5798217,1
82.0961183,1
0.0216656,1
100.1596562,1
4.7974999,1
83.8615001,1
92.2512799,1
0.1044495,1
56.62,1
46.1105,1
0.2679648,1
1.8386,1
27.4265264,1
12.1094577,1
19.0045245,1
295.01,1
49.0091508,1
30.146,1
24.659,1
38.206,1
6.5987697,1
0.5872602,1
36.1695,1
51.3892187,1
204.0421053,1
6.2549627,1
111.594,1
0.05899,1
3.5499076,1
48.9450275,1
9.6745,1
37.31,1
73.9725748,1
32.178,1
0.7245245,1
35.7903139,1
0.3295,1
3.2842427,1
0.52,3
93.969552,1
13.3799999,1
0.2805052,1
69.1586355,1
0.0575,1
9.51,1
2.04,3
31.9565,1
0.11,3
0.0210889,1
7.6805052,1
23.9320546,1
20.1351644,1
3.44,7
27.1178288,1
0.21,2
9.109956,1
4.5984999,1
33.5424548,1
6063.1172975,1
99.9373884,1
138.7228,1
31.25,1
0.0322896,1
38.585,1
0.2689188,1
1.1482193,1
22.6570694,1
24.5436204,1
20.3873552,1
39.9398716,1
1.961,1
22.10358,1
41.0505,1
0.3480187,1
32.096,1
30.4205052,1
21.387264,1
1.2174065,1
23.61491,1
3.0059924,1
96.1381987,1
2.0745,1
7.8450594,1
65.0631567,1
89.1946782,1
94.4346782,1
33.4496067,1
13.0885107,1
24.3756604,1
4.982,1
8.7079032,1
4.3551644,1
40.3775,1
0.039578,1
12.38,1
7.4008,1
124.6013072,1
34.6745245,1
24.9111988,1
24.48,1
27.6805,1
0.0594577,1
5.0157179,1
1.9857925,1
5560.9037498,1
10.2925748,1
133.6888877,1
78.0291363,1
24.6913891,1
39.499,1
49.9,1
0.507,1
34.1255,1
11.4444495,1
50.2962155,1
31.1243575,1
33.1743693,1
3.9277914,1
0.4651644,1
38.6649141,1
14.562,1
71.1905,1
1000.63399,1
9.8505052,1
24.8170384,1
4.3125169,1
117.4075,1
34.4458297,1
14.2791363,1
26.939956,1
50.0675,1
41.312926,1
2.8945245,1
27.525,1
43.960204,1
7.9704703,1
4.2979678,1
5.4659995,1
28.892738,1
104.3598622,1
50.0409999,1
5.0100002,1
48.0805052,1
3.61,1
46.0914922,1
53.8387,1
2.1872964,1
81.7496968,1
29.5598838,1
0.4044999,1
49.227388,1
4.9909651,1
3.2457925,1
71.661167,1
22.4719095,1
65.258,1
41.0313287,1
28.5129333,1
41.418,1
34.0013,1
116.329168,1
3.9734518,1
16.0878311,1
0.8075984,1
75.3000245,1
17.5663392,1
4.34693,1
43.9609,1
22.7774373,1
60.1949048,1
63.1613966,1
5.3106962,1
0.4595,1
16.7447,1
68.3679916,1
34.0796715,1
8.7325,1
52.2057702,1
89.8813891,1
16.8299999,1
91.1426258,1
71.4424864,1
63.4991363,1
8.7942749,1
24.1532776,1
28.6086,1
1.31,1
1.8655,1
5.64,1
0.07899,1
3.599,1
3.21,2
0.1423091,1
1.0469544,1
37.97,1
50.1497884,1
61.1664817,1
29.4554333,1
6.35,1
0.0673873,1
116.3565,1
11.672,1
0.0352105,1
1.2947,1
89.1007293,1
0.4770548,1
40.292,1
50.0055,2
4.6653648,1
27.5877898,1
72.4015,1
60.0325748,1
7.739,1
21.9325169,1
1.326487,1
3.1083249,1
12.9644495,1
8.8539999,1
6.0101451,1
74.6956474,1
26.6688461,1
35.1,1
95.4465029,1
14.176487,1
13.174244,1
28.2446825,1
14.0115,1
3.479956,1
84.9706135,1
15.72,1
0.1181995,1
39.2804121,1
2.0078288,1
22.3754333,1
0.298,1
77.9746435,1
12.1194577,1
28.71,1
44.8850275,1
0.2101701,1
5.4955314,1
13.2968566,1
3.5,1
4.3269943,1
13.37,1
21.6214999,1
0.22,1
50.0349999,1
40.4505,1
2.2495,2
0.287244,1
1.159578,1
4.7086169,1
0.5649999,1
0.0695437,1
63.3574123,1
47.5370694,1
51.4634,1
50.0165,2
1.1104619,1
3.4995,1
2.6095,1
5.232738,1
99.9313582,1
23.02,1
4.899,1
38.0544358,1
21.91,1
0.085272,1
14.0889188,1
98.8729115,1
15.714,1
38.4302913,1
1.84,2
139.024146,1
12.4705,1
30.01,1
30.7105,1
0.0331141,1
7.8781121,1
1.5629986,1
32.5005052,1
111.2750142,1
47.8979916,1
17.49896,1
0.559956,1
32.46,2
0.906093,1
31.9051644,1
0.1091265,1
7.7140002,1
100.0400312,1
14.619956,1
126.3,1
3.82,1
1.6745862,1
143.3681521,1
2.6851061,1
18.974135,1
28.7635,1
46.88,1
145.7455,1
27.6275,1
2.64,1
15.932,1
0.2702062,1
61.2124011,1
0.011,1
0.4929986,1
13.7257157,1
47.18,1
3.64,1
26.942353,1
0.0895,1
0.0105538,1
31.0203716,1
20.482,1
1.80693,1
21.9365859,1
5.6189045,1
2.5455,1
53.0247838,1
0.384,1
53.0983924,1
100.1341024,1
38.4204999,1
0.978,1
0.0447605,1
2.0175708,1
4.4837996,1
20.2108485,1
15.7399,1
83.9365,1
2.4469999,1
157.2931746,1
9.43,1
2.1835989,1
42.9709994,1
2.059956,1
3.9123873,1
48.1205052,1
2.62,2
0.2982307,1
16.4621346,1
17.6563256,1
13.0959452,1
0.6787697,1
21.5445212,1
6.1472845,1
4.0105,1
6.92,1
82.1032258,1
35.7123185,1
16.7085229,1
27.814541,1
59.3567128,1
73.0839092,1
7.2057925,1
15.0220663,1
59.133416,1
33.2003716,1
12.381,1
16.1425748,1
3.1395,1
31.522,1
5.5785343,1
0.0820822,1
50.00411,1
91.5108828,1
38.8379916,1
30.49265,1
25.2395601,1
19.482,1
2.8699242,1
68.1300245,1
7.2231019,1
4.47693,1
38.4405,1
10.2619999,1
25.9279916,1
0.0300941,1
1.3250178,1
1.8759216,1
68.2715,1
86.136,1
75.3488697,1
44.0600245,1
0.0465347,1
0.6226067,1
73.6979916,1
5.2,3
0.224568,1
61.6350837,1
43.2031948,1
38.2298716,1
634.46,1
50.011,2
11.3505,1
5.0711707,1
1.6671891,1
42.1323999,1
18.8281553,1
89.0146782,1
36.0991363,1
0.0185,1
28.4754333,1
26.93293,1
200.1801774,1
97.1168223,1
14.242,1
16.7562795,1
116.2001976,1
118.0416286,1
0.0544495,1
74.1966583,1
11.4467358,1
11.39,1
32.6187697,1
1.0495,1
16.9740002,1
42.0110955,1
5.9594577,1
231.8656716,1
0.23,1
10.01,5
0.1296422,1
138.8471798,1
9.9544495,1
50.4368995,1
16.2435,1
8.26579,1
22.6710759,1
10.99,1
32.7645,1
30.6775,1
50.1536765,1
31.1296944,1
98.3266089,1
4.3995,1
23.8679916,1
6.1772964,1
2.716487,1
35.006,1
1.0152199,1
14.186487,1
37.3993716,1
15.923,1
28.3918343,1
0.162267,1
4.8395,1
76.7715001,1
2.0527425,1
0.5134641,1
3.3005052,1
3.6855493,1
25.7165264,1
16.6026806,1
45.4040002,1
25.678,1
37.44,1
65.9325748,1
34.395,1
50.046,1
7.6087697,1
28.2384296,1
20.8970694,1
0.3474079,1
103.67,1
7.98,1
39.1465264,1
20.7450926,1
142.97,1
0.1359648,1
2.4544495,1
91.3526258,1
191.1202912,1
0.4192494,1
41.9185,1
4.569578,1
1.48,1
21.4614474,1
0.5773294,1
11.3912774,1
24.16,1
0.1025441,1
8.0499999,1
48.18,1
0.637316,1
5.1107999,1
0.0578288,1
2.9008189,1
5.6052,1
0.1175,1
0.133,1
3.6986,1
79.2641347,1
0.3085,1
2.0402996,1
0.3122355,1
48.4076366,1
129.2781521,1
43.1975,1
48.1936228,1
98.974221,1
0.3789188,1
12.8173648,1
96.4818511,1
181.0752746,1
1.6435,1
0.3500394,1
44.8741354,1
15.8172964,1
48.2423,1
68.5346495,1
23.376487,1
33.5245245,1
62.9264817,1
3.6484999,1
6.99,2
4.087,1
81.0989821,1
10.05,1
12.3473185,1
16.556179,1
9.7085,1
10.09,1
20.5807,1
199.3553172,1
45.7487697,1
48.6170694,1
18.4,1
2.1,1
0.3895,1
28.435,1
5.0111992,1
13.0625748,1
36.2993716,1
21.78584,1
50.0005,4
46.339,1
2.548,1
7.0578288,1
0.4510326,1
79.256,1
37.966487,1
0.2105187,1
26.4363381,1
11.5647038,1
4.8225169,1
4.3492999,1
30.3224011,1
33.6704675,1
99.0180603,1
16.6902387,1
34.238,1
139.3536277,1
50.0584999,1
3.0799999,1
18.4159535,1
146.9667895,1
4.9094999,1
66.0351531,1
1.0518684,1
4.889578,1
0.1085,1
0.0844,1
75.2100245,1
0.0415456,1
43.7637962,1
10.26,1
15.08,1
48.558,1
9.3611,1
76.5279916,1
40.752,1
50.0947613,1
23.3649008,1
30.6486,1
1.7495,2
109.4325349,1
89.5754488,1
3.228,1
3.6985,1
5610.9088788,1
1066.0563261,1
3.15,1
50.0194153,1
10.099733,1
1.3899999,1
190.7284189,1
56.7464817,1
0.3017041,1
24.159244,1
0.3100745,1
5.108,1
9.688,1
28.8358264,1
40.359244,1
32.1905739,1
12.3954333,1
23.157192,1
190.577278,1
0.056093,1
67.4420627,1
58.4313891,1
8.9087697,1
26.5325748,1
0.6595,1
45.0289999,1
50.0060356,1
99.8066272,1
33.6685,1
0.0275581,1
4.7602264,1
0.1657925,1
19.2344495,1
52.3490084,1
6.3115456,1
41.257,1
86.29,1
1.9199608,1
0.0428217,1
47.4295,1
13.9644495,1
21.0170643,1
40.6551766,1
15.619578,1
0.0269495,1
0.0317538,1
43.7566175,1
4.2702135,1
2.4995,4
10.9995,1
22.9412973,1
1.9848045,1
93.6813582,1
145.8358612,1
8.2245245,1
37.6491967,1
98.1566089,1
27.862738,1
1.4050594,1
1.393,1
26.9857925,1
43.392926,1
0.0400134,1
72.6260627,1
0.2001776,1
146.1868494,1
191.9705106,1
2.42,1
43.2705,1
0.0325,2
31.272,1
84.3361183,1
14.0277898,1
16.3223185,1
1.1258373,1
25.5120159,1
159.49,1
73.3515001,1
0.1144495,1
70.01,1
2.9905052,1
48.9875,1
37.9440002,1
1.0149026,1
58.4087985,1
1.2995,2
12.7740002,1
1.7647734,1
48.1725169,1
0.1408127,1
130.1628476,1
0.5074456,1
28.1670694,1
79.7932168,1
9.8400922,1
106.0315,1
4.9200233,1
0.9295,1
0.4351907,1
21.9894577,1
1.3261405,1
3.0900261,1
150.0068494,1
199.8428483,1
1.26,1
1.529,1
43.1170694,1
80.6186355,1
37.7519881,1
3.9885,1
6.5589188,1
29.832,1
0.2451457,1
4.282,1
9.9259124,1
67.4306151,1
10.7875,1
33.1834778,1
10.3589188,1
90.1771366,1
32.1257157,1
6.0589188,1
91.9124887,1
14.23,1
18.7255893,1
34.7022165,1
140.094146,1
29.6045,1
25.18,1
0.0346222,1
12.7259999,1
18.0505052,1
38.3278288,1
32.05,1
32.9439784,1
6.3144199,1
46.4450163,1
85.126,1
67.4905,1
54.8724,1
1.9694999,1
1.026,1
1.236791,1
8.6789045,1
2.058,1
82.791167,1
33.1965753,1
2.0472324,1
18.3745219,1
5454.8823741,1
10.3272964,1
70.9820802,1
15.3362,1
1.2769541,1
14.7457157,1
13.3573185,1
7.7952822,1
0.0395,4
3.5444495,1
5634.167846,1
1.588,1
33.7786,1
13.312,1
0.8008554,1
132.6064659,1
0.7182653,1
0.1589188,1
0.1545,1
0.1647082,1
36.3393716,1
38.4578288,1
0.997,1
43.5105,1
1.9828382,1
30.21,1
106.2,1
51.20064,1
0.0948045,1
3.88,1
34.7879999,1
0.92,2
4.4525169,1
88.2904415,1
49.558,1
28.3424011,1
21.0295,1
1.01,15
12.5109835,1
12.0032013,1
30.202738,1
34.5103716,1
95.2815001,1
0.1725169,1
2.499,1
3.11,2
17.1157157,1
169.1473,1
27.3125,1
94.3447077,1
50.0423185,1
48.71,1
9.1168648,1
50.0198885,1
19.96975,1
23.0179916,1
5.263,1
6.3025,1
17.3819999,1
45.4179916,1
46.6295,1
26.45,1
3.0821,1
1.42,1
4.48693,1
31.8745,1
0.8289999,1
1.67693,1
92.7015,1
0.0201776,1
12.0586,1
46.377192,1
29.7821125,1
1.4,2
92.6213891,1
16.2945685,1
36.6191363,1
49.7954476,1
4.7658648,1
35.1882893,1
100.0472552,1
0.0286438,1
2.5135,1
25.795,1
84.1746782,1
5950.7673734,1
1.011198,1
48.0599999,1
31.5875,1
13.695,1
6.152,1
32.5354333,1
0.199,1
4.1753197,1
1.602,1
0.0174651,1
46.697192,1
34.9974999,1
48.7639476,1
33.2348646,1
89.0606135,1
0.47,1
10.3784413,1
225.6308668,1
3.002,1
20.6521542,1
78.5315001,1
1.0535,1
10.2345245,1
8.3662155,1
84.2366089,1
19.4578288,1
21.8105052,1
45.2895085,1
2.0095,1
3.058,1
399.99,1
5.8671689,1
50.26,1
109.5998622,1
50.0136,1
0.0495427,1
77.4242348,1
14.454244,1
32.2354333,1
15.0377898,1
14.633,1
44.2832854,1
16.1974441,1
1.5100195,1
15.4429986,1
46.2429722,1
29.0065264,1
20.585,1
27.4105,1
16.4325748,1
0.0530648,1
20.4995,1
8.035448,1
0.037716,1
50.0215,1
35.86,1
21.8445245,1
1.2415917,1
17.3978311,1
63.6973958,1
4.0545245,1
3.815,1
0.1945245,1
29.1870694,1
65.1,1
84.8542349,1
38.6298716,1
13.8289932,1
103.6999999,1
1.9408,1
143.752,1
200.106,1
37.6868995,1
12.4064278,1
13.4515711,1
146.4168494,1
42.0394999,1
68.6079916,1
28.57,1
0.0300581,1
0.1279916,1
15.9269513,1
26.0201929,1
17.8809184,1
24.386487,1
3.6576525,1
1.9395398,1
0.899,2
2.0009716,1
141.0945311,1
37.2123185,1
48.3005,1
114.5161694,1
1.7325,1
14.1189188,1
36.899244,1
1.47,1
0.1578288,1
4.5086,1
12.1177593,1
11.6053197,1
259.1704046,1
21.0844495,1
143.747538,1
0.2105,2
0.7303586,1
141.3623664,1
15.4435349,1
2.9160929,1
7.9694577,1
69.0224011,1
35.9505,1
0.309,1
15.149956,1
26.8855825,1
39.8615277,1
48.4675458,1
50.0121322,1
26.3977898,1
0.383868,1
0.0711,1
37.7966175,1
73.0652504,1
70.0675393,1
11.1766592,1
6.0105852,1
71.4656474,1
1.09,2
1.0205,1
95.4542349,1
0.5294577,1
5951.2289734,1
2.02,3
94.3146782,1
86.7659999,1
6.72,1
12.162,1
2.15,1
12.9298413,1
0.2829986,1
0.11323,1
15.7557157,1
26.4823788,1
146.1301489,1
17.169,1
31.182,1
49.002,1
6.0703134,1
95.0691674,1
44.0905,1
78.3491363,1
7.99,1
29.924,1
38.3705,2
130.2632175,1
73.0963917,1
0.0292749,1
13.2878288,1
38.0265264,1
5.9072964,1
0.9095,1
14.1973141,1
17.472738,1
14.45,1
1.1025,1
35.2042352,1
23.052954,1
52.4987,1
118.5386599,1
38.379244,1
80.0932258,1
6067.0132975,1
0.049,1
0.07,5
0.4994999,1
5.3457925,1
0.0400005,2
77.981167,1
21.0840064,1
28.6141273,1
65.3391363,1
0.13,1
0.2782365,1
0.3226,1
46.4305907,1
70.4168995,1
106.0819999,1
199.0518194,1
114.4632881,1
0.0366451,1
0.657192,1
0.4275,1
95.8613,1
29.234,1
0.94,1
1.439,1
78.2013891,1
11.419578,1
127.4334451,1
60.1591363,1
1.29,1
35.0354333,1
3.6555,1
50.0998716,1
39.5,1
23.5476776,1
6.657,1
12.5125,1
19.2362155,1
50.023,1
5.019,1
10.872595,1
7.01,1
2.6119664,1
49.4912001,1
12.5029986,1
1.3799999,1
8.2105,1
21.449244,1
65.941935,1
15.9154333,1
0.1666648,1
104.8498622,1
21.4405,1
37.6492827,1
11.78,1
18.5249588,1
45.8589999,1
10.24,1
23.4914202,1
40.17,1
1.0899999,1
75.7539092,1
2.54,1
11.88,1
116.97,1
37.7403489,1
9.78,1
15.9844495,1
135.7105,1
4.122,1
116.1912097,1
1.0113018,1
0.0813074,1
35.0009711,1
16.952738,1
33.9987129,1
15.6640002,1
147.6481746,1
0.1301776,1
101.6798622,1
116.7311928,1
4.1879916,1
50.015,4
140.064146,1
18.3757157,1
25.1123185,1
36.4366732,1
0.02323,1
1.82,2
5.1566,1
0.4359927,1
73.0739092,1
36.0703716,1
17.9091363,1
8.0633312,1
0.0374265,1
2.479,1
35.030028,1
0.0920822,1
0.1551644,1
217.9333459,1
5.0389188,1
29.3855,1
37.3504999,1
0.7801776,1
15.6505,1
0.1877898,1
100.94745,1
14.611,1
9.7619593,1
15.672539,1
88.2,1
9.1557925,1
56.254823,1
36.4300245,1
1.013907,1
2.8,1
6.6772964,1
92.2001989,1
31.21,1
49.6970694,1
13.5654341,1
29.4475,1
3.43,1
3.666,1
0.1587,1
14.842,1
0.5245245,1
44.6485,1
4.5544495,1
5.04,2
49.2692145,1
7.5,1
4.4651475,1
4.156487,1
90.6854872,1
22.99,1
0.1810741,1
31.8877898,1
89.2768647,1
8.19,1
54.5764817,1
104.901,1
144.1054285,1
64.3286355,1
22.212,1
2.906093,1
1.0106451,1
77.0339476,1
19.7851644,1
50.0157839,1
50.0481326,1
0.5951644,1
0.9740089,1
34.739,1
49.131,1
50.0134345,1
25.7113891,1
4.999,1
0.7885214,1
19.9851644,1
8.1397723,1
19.0340002,1
115.556,1
4.1,1
34.848,1
4.5900145,1
115.8586285,1
20.1677898,1
0.0427951,1
25.1591,1
0.1399999,1
40.8366175,1
62.1925748,1
0.5853888,1
100.024,1
84.0434447,1
5636.628146,1
11.809956,1
3.9687697,1
3652.2164643,1
9.8472964,1
37.8724011,1
9.34,1
15.5325,1
74.074,1
1.0446447,1
44.9559284,1
88.2979961,1
40.3305,1
50.03851,1
13.5157157,1
50.0254333,1
107.9898622,1
92.3095039,1
0.3595,1
122.5481521,1
0.14,1
144.1855992,1
5.5948045,1
0.0332375,1
84.1966089,1
7.1277845,1
10.0087848,1
2.6795,2
27.5948173,1
200.004205,1
1.0857925,1
0.26,2
148.1318931,1
1.1472964,1
50.2954399,1
6.6389045,1
32.638,1
76.201716,1
130.6581521,1
38.4179916,1
7.397192,1
22.4570694,1
21.8764,1
85.446503,1
36.086487,1
4.8051644,1
91.1349193,1
6.6236512,1
0.98,3
1.1995,1
115.85,1
5.102028,1
88.2004415,1
12.5578311,1
38.8454333,1
3.1765,1
0.4712,1
3.9650594,1
31.242738,1
40.972,1
13.4572837,1
47.0177335,1
106.5498717,1
34.2603716,1
13.44497,1
0.5124641,1
0.0515456,1
100.8985,1
0.0677898,1
12.538,1
15.232,1
9.3634653,1
72.078935,1
94.0047077,1
0.1181174,1
81.6155,1
32.2068565,1
7.4757925,1
79.0561183,1
31.0955,1
49.7482652,1
72.061167,1
2.6115,1
0.7457157,1
50.006,2
25.7278288,1
0.0185864,1
2.429,1
75.2000245,1
87.2869999,1
20.3299999,1
111.7045,1
66.026686,1
31.36,1
162.9505,1
0.7989999,1
0.2293258,1
36.1275,1
150.94,1
0.1066775,1
96.5138707,1
46.707192,1
90.1525652,1
31.9757157,1
20.5845685,1
16.0635,1
62.6991363,1
74.7315,1
2.0720774,1
0.0305052,1
1.1153197,1
19.422,1
4.0995,2
0.0585,1
0.0855036,1
62.9591363,1
0.1470813,1
17.3674008,1
19.469244,1
3.6892345,1
21.5925748,1
3.7751644,1
66.1864817,1
0.112,1
0.0725,1
16.139,1
13.0381348,1
13.9387697,1
115.6965,1
0.168,1
15.587192,1
9.65,1
1.0295,1
3.42,1
0.03006,1
34.4787697,1
40.5705,1
46.127192,1
0.1015456,1
46.4433431,1
55.0939476,1
11.4944495,1
9.899578,1
0.7205,1
6.549956,1
41.4675145,1
2.3195,1
65.6213891,1
8.898,2
65.5193814,1
34.9951644,1
50.056,1
3.9995,2
22.07,1
0.2211544,1
5.6215804,1
294.2508727,1
0.5084999,1
1.2290531,1
0.0477898,1
0.0929986,1
18.2545245,1
8.7675,1
124.9076309,1
9.9157157,1
4.0947404,1
50.0379833,1
23.242,1
34.79,1
51.8355,1
48.1223,1
24.2225748,1
9.1135152,1
1.2095,1
39.2365,1
143.4938592,1
119.092877,1
21.4378311,1
19.0047867,1
0.1608127,1
0.3357157,1
11.0710198,1
114.4155,1
113.295,1
0.1172964,1
5.01,1
24.0079916,1
22.197,1
124.4905241,1
0.7579211,1
62.2668995,1
46.8694999,1
79.9543321,1
0.2595,1
36.5921887,1
118.3573511,1
0.0498805,1
3.5327413,1
17.8299999,1
0.3344495,1
23.8054333,1
7.0186,1
14.96,1
143.8607034,1
19.8345245,1
0.2634382,1
13.1253197,1
75.6139476,1
198.3248197,1
1.7005052,1
6.0229986,1
97.2215551,1
4.7294577,1
0.77,1
19.6694577,1
300.0600539,1
0.4676429,1
0.0384707,1
23.9168471,1
4.1559,1
1.4995,2
10.8674507,1
41.1266175,1
6.0095482,1
63.3062746,1
50.237534,1
1.316,1
1.8164344,1
1.71,2
45.5811928,1
1.426487,1
10.6296504,1
47.32,1
9.8751644,1
3.01,1
13.4688992,1
3.6194545,1
86.1746782,1
5.0101111,1
75.028935,1
28.2390682,1
3.057192,1
27.984567,1
74.0956474,1
33.3602933,1
3.6665575,1
38.0899999,1
24.316759,1
1.385,1
45.5787697,1
0.049578,1
12.0266581,1
18.9732,1
71.3415001,1
47.0050275,1
124.1281521,1
0.041155,1
26.2965264,1
77.3746435,1
94.999552,1
30.6203716,1
89.3408921,1
0.4135323,1
66.0025748,1
32.863,1
38.4905,1
30.99,1
50.0155705,1
24.7270694,1
84.276503,1
2.3965,1
9.58,1
9.6605052,1
9.0678311,1
9.9986325,1
1.137244,1
0.0095,4
4.372,1
16.534,1
173.3884,1
11.5975,1
4.2067845,1
53.7485296,1
25.9951644,1
41.559244,1
23.1397682,1
28.06,1
47.0082659,1
0.2775,1
0.3499051,1
29.0268995,1
0.5725748,1
64.3886355,1
9.5505052,1
1.9301776,1
48.2879916,1
34.1763584,1
1.0313,1
4.18943,1
2.5589999,1
16.0889045,1
1.57693,1
42.2881307,1
28.2375,1
47.17,1
11.669956,1
1.3694577,1
176.7301,1
0.1705,1
1.3715,1
92.6414999,1
5941.011746,1
38.9505,1
39.6798716,1
38.8971509,1
6078.8536975,1
146.6565,1
11.9969334,1
7.152,1
6.8115,1
42.01,1
12.22,1
9.289,1
24.239244,1
9.7099999,1
2.7151644,1
8.9354333,1
9.8049,1
89.1362987,1
19.41,1
0.1724173,1
55.9401594,1
50.0014999,1
41.6975,1
87.796,1
33.118,1
7.3967978,1
108.2493997,1
145.9972772,1
29.9409359,1
15.5905052,1
32.1183834,1
1.4245245,1
23.633899,1
11.409578,1
5.889578,1
44.552,1
5.0789045,1
50.1167983,1
3.2117448,1
235.7501542,1
128.8568454,1
1.8905052,1
2.5219999,1
101.5898622,1
3.3166262,1
0.1374648,1
18.4437,1
11.0726437,1
64.3686355,1
25.9157157,1
0.53,2
47.8067128,1
0.0214641,1
25.6363306,1
105.7829208,1
1.43899,1
45.5208552,1
3.9215,1
60.8925748,1
0.173,1
96.4446782,1
1.217566,1
1.0656561,1
14.4125169,1
25.919956,1
143.8119418,1
21.19,1
3.9545245,1
5535.0146149,1
10.5028492,1
17.6094887,1
100.939,1
1.04,3
57.8393698,1
71.191167,1
1.5703183,1
0.1752,1
1.908,1
5994.4433709,1
2.17,1
0.552624,1
0.3643421,1
0.49,2
4.02,1
26.5566186,1
11.4845245,1
104.7798622,1
44.8575005,1
91.9368647,1
25.8254333,1
2.5118,1
1.0349127,1
33.027,1
44.428,1
65.9386355,1
33.385,1
0.0262936,1
67.5120627,1
0.0500062,1
9.4801532,1
21.5350593,1
83.3195,1
20.2157999,1
171.9095,1
19.5282695,1
49.8280674,1
0.0509999,1
0.2259024,1
16.4549999,1
40.4381312,1
9.4956566,1
0.0354444,1
37.1454686,1
0.38323,1
72.8215,1
13.6005,1
0.0848044,1
369.6527704,1
28.41,1
8.0145245,1
1.011441,1
0.019,2
61.0313964,1
21.2867399,1
74.358935,1
3.247192,1
93.5959619,1
6071.0714975,1
200.0639433,1
213.9196574,1
42.0674999,1
33.6187697,1
3.3732831,1
101.5998622,1
4.2699999,1
129.9354018,1
1015.2645886,1
19.991,1
70.7916189,1
13.8278648,1
0.3525,1
39.5978288,1
0.6095,1
6.9100511,1
9.0242,1
0.1174463,1
99.5942349,1
6.5651644,1
41.7104999,1
47.8527059,1
5.9725169,1
10.6748045,1
21.3357925,1
49.3491666,1
3.118,1
0.0316367,1
39.0270694,1
152.3761,1
82.5026258,1
6.2565,1
9.9259227,1
7.5644495,1
33.475908,1
0.8387697,1
12.3105,1
9.5105052,1
9.440373,1
0.135,1
105.8998622,1
20.94,1
17.453,1
11.7155,1
0.2294469,1
21.5923185,1
15.6785,1
5.6358113,1
42.57,1
49.8324642,1
128.234146,1
3.286093,1
2.782738,1
64.4068995,1
1.67,1
24.332,1
99.9575,1
70.6377659,1
22.4841563,1
0.2342576,1
150.1608494,1
50.0379999,1
145.946,1
98.8962515,1
15.3484893,1
4.810458,1
94.2998785,1
29.4105052,1
14.716871,1
75.6913891,1
16.8745685,1
36.3054879,1
0.5129162,1
144.1601241,1
52.2791363,1
0.2789188,1
241.4765268,1
43.4085007,1
10.469,1
22.8105052,1
48.1906974,1
0.7626325,1
35.0303716,1
17.886487,1
9.6095338,1
22.759244,1
24.4724093,1
65.931935,1
0.12323,1
11.2878288,1
49.4837595,1
83.0690207,1
1.2032598,1
11.275607,1
10.4587697,1
37.8713491,1
8.122817,1
0.0277362,1
201.489365,1
139.9524999,1
12.3089045,1
7.647,1
0.1145,1
41.3504999,1
50.012738,1
12.3625748,1
66.3391363,1
102.7686414,1
3.498,1
10.2644495,1
1.62,1
3.14,1
0.0887697,1
48.59,1
8.1449886,1
97.54634,1
2.58,1
77.7313891,1
144.6358612,1
48.0272211,1
31.868,1
95.2942349,1
16.89,1
2.8894577,1
2.8994999,1
0.1501776,1
5.34,1
0.0263405,1
10.0811999,1
16.3152625,1
18.3978311,1
15.79,1
28.162,1
0.0595167,1
34.7585779,1
1.49,1
46.3995,1
39.5505,1
1.087,1
0.1020822,1
3.1991363,1
5.1939474,1
9.5719999,1
21.6870694,1
15.2425,1
9.4357925,1
6.162813,1
83.9646782,1
5.0197496,1
46.5564039,1
8.0685062,1
7.02,1
40.5597,1
84.5301056,1
27.0968056,1
49.6575,1
0.0500348,1
0.038,1
0.4445,1
3.575707,1
20.7445,1
5579.4718398,1
40.559244,1
57.2176914,1
21.085,1
2.5143,1
0.211,1
95.8914999,1
18.3429985,1
0.22899,1
0.2019947,1
71.0239476,1
0.31,2
1.6405052,1
3.2799999,1
0.705,1
20.999,1
39.857,1
16.4733798,1
50.0918402,1
4735.9020504,1
1.6495,1
0.5886614,1
62.6400245,1
71.4015,1
39.192,1
3.139,1
3.19,1
33.0153197,1
8.0245245,1
15.9062155,1
98.5566089,1
0.047132,1
4.736,1
42.4905,1
46.3064016,1
65.3579916,1
0.0372964,1
15.1315,1
12.013,1
117.4164138,1
39.7986,1
35.698,1
98.3757228,1
28.5455,1
73.0464817,1
0.3245963,1
79.9861183,1
5634.142846,1
0.0005,3
43.0675,1
37.2185,1
1.7353197,1
2.1134903,1
2.2161648,1
100.015,1
79.5045,1
38.7305,1
0.0183251,1
38.3478287,1
175.04,1
2.3344495,1
78.4242349,1
14.4694,1
7.3,1
22.0894577,1
0.0125,1
11.1959435,1
117.3141303,1
50.0927955,1
42.0670694,1
47.6809,1
113.3226767,1
0.1106873,1
87.2206135,1
42.9827143,1
85.1894559,1
88.5949328,1
26.3005052,1
8.65,1
66.3928719,1
0.9873294,1
1.0589188,1
6.7602266,1
26.1603217,1
82.0486355,1
0.274,1
0.7669,1
5.0148,1
4.012611,1
0.027244,1
66.8737727,1
26.0585616,1
0.3448045,1
34.1404999,1
81.1614626,1
3.08,1
0.2425748,1
1.5700597,1
36.8905,1
4.5369298,1
1.7485,1
2.49,3
50.391325,1
18.75,1
20.6445685,1
7.9292734,1
149.2121524,1
33.38,1
7.16,1
0.118,1
19.0805052,1
8.4235,1
62.9924011,1
96.8530884,1
6.0681,1
65.010224,1
150.0237441,1
3.634244,1
36.6275,1
10.43,2
3.0299999,1
30.192,1
17.656487,1
0.1421091,1
21.279244,1
17.3127066,1
4.05,1
15.1189188,1
70.8990207,1
38.6105,1
27.1530389,1
1.5375343,1
146.498544,1
0.8145862,1
94.4865,1
83.976,1
9.6427238,1
39.4731628,1
38.7875,1
7.4067978,1
32.4518923,1
6.0753197,1
5.9851644,1
12.1952638,1
54.6945837,1
159.858,1
33.4475,1
6.0086,1
77.9191363,1
13.3592959,1
0.5187586,1
65.5908289,1
1.3645245,1
0.8595,1
10.2744495,1
49.3428084,1
15.429578,1
106.5825,1
0.9978288,1
40.706487,1
99.2141523,1
4.6951644,1
48.4429986,1
21.8825,1
5.9272964,1
50.1152556,1
36.6007293,1
1.4461033,1
8.9157157,1
88.2146782,1
2.3294577,1
147.8767357,1
1.0179641,1
14.8625,1
47.93,1
11.4178311,1
0.1029986,1
188.1260706,1
0.0777898,1
0.0254444,1
0.5460843,1
29.9557157,1
22.4423185,1
30.5706602,1
82.1632258,1
20.06,1
10.4,1
59.8867128,1
93.2319833,1
6.2804711,1
1.87899,1
71.551167,1
25.9340002,1
0.33,4
13.5185,1
8.0629985,1
96.9190884,1
100.0306,1
13.1668995,1
24.9978311,1
74.4539476,1
65.4868995,1
0.62,1
9.8089045,1
30.9999981,1
50.0277981,1
2.0135229,1
1.9795,1
1.5975,1
0.0963,1
93.4370668,1
7.8957157,1
18.8235307,1
8.1957925,1
0.4094734,1
47.6591471,1
43.0519999,1
78.9443321,1
5.0571325,1
2.0101451,1
0.1116451,1
70.6112651,1
23.2686,1
10.528,1
15.0345,1
142.1445311,1
28.4068604,1
131.168152,1
18.1891939,1
32.099244,1
55.7364817,1
2.0168,1
2.8862172,1
46.1795,1
5947.2756205,1
128.644146,1
17.71,1
2.4899999,1
30.6017755,1
67.6720627,1
72.3539476,1
23.9344495,1
22.9651644,1
92.01,1
5943.1003205,1
50.6411162,1
0.067244,1
73.5224011,1
27.4557157,1
13.7945245,1
0.51035,1
9.0100795,1
21.7477898,1
14.75,1
0.499,1
0.738,1
3.2756561,1
0.1721529,1
10.2845245,1
7.1,1
25.6057925,1
50.0441656,1
49.6343853,1
74.768935,1
107.1182393,1
0.5129986,1
0.0241783,1
37.978,1
4.74,1
0.52203,1
77.3242348,1
20.8657157,1
0.09,3
65.8285688,1
5579.1768498,1
0.0528555,1
85.0661183,1
59.661935,1
4.060117,1
10.4929986,1
30.1065264,1
0.2764456,1
32.9340002,1
12.4494577,1
35.17,1
13.8478648,1
100.1355796,1
17.7494999,1
16.4445245,1
0.607,1
3.7844951,1
41.0466175,1
5.3346,1
1.3928007,1
4.46,1
82.677087,1
145.0193352,1
9.59,1
12.3475,1
27.1284548,1
3.0595,1
5.98,1
38.5205,1
3.5344495,1
12.695,1
91.4126258,1
91.9547412,1
47.8176421,1
69.5254049,1
89.1161199,1
10.0026437,1
0.51,2
19.61,1
88.2394559,1
10.9189188,1
26.3444999,1
31.9323185,1
0.5335,1
56.66,1
78.273,1
27.2305,1
46.327192,1
64.3786355,1
45.972,1
1.9265823,1
2.2832634,1
14.845,1
38.5589784,1
10.1274994,1
38.3178288,1
25.6052618,1
48.9662055,1
33.9151644,1
36.8936348,1
65.0213891,1
4.0184999,1
0.1044148,1
195.560408,1
43.4041354,1
5.9995,3
50.003,1
35.1704999,1
4.358,1
41.1275,1
1.31323,1
0.1685,1
0.0709999,1
32.0507142,1
81.0961183,1
26.4996462,1
1.0095,2
89.7513638,1
22.1213891,1
4.9089045,1
35.0505,1
1.99,1
37.1105,1
11.439578,1
18.4023265,1
0.4104999,1
163.2888029,1
0.9273054,1
0.3351644,1
216.6766827,1
117.9024894,1
3.959,1
3.07,1
27.0575928,1
1.6175603,1
27.3734041,1
6.8001,1
10.0978311,1
1.559956,1
7.9895,1
32.9051644,1
0.0902155,1
7.79,1
2.5919999,1
10.089,2
9.0495,1
108.5798622,1
43.0728445,1
19.9133221,1
2.0384111,1
0.2701776,1
2.7518215,1
20.194,1
20.0000305,1
29.9757157,1
1.0639639,1
35.802,1
42.3525398,1
1.4285,1
75.7239092,1
31.1251654,1
34.2397167,1
77.881167,1
44.3110975,1
35.2385268,1
0.288,1
115.807,1
76.6715,1
16.7519999,1
84.0256089,1
75.7700245,1
6.0124782,1
0.4005815,1
36.8514279,1
19.9438643,1
6.4662155,1
61.1600245,1
1.4566742,1
15.5919999,1
27.132654,1
50.0448949,1
0.707192,1
28.1069583,1
45.1189463,1
96.14634,1
48.1768995,1
138.7464173,1
145.6544999,1
15.8562635,1
43.0957999,1
50.1571708,1
61.2988945,1
3.97693,1
75.850872,1
44.8897,1
0.05,5
2.5985,3
24.029244,1
0.201,1
384.2695823,1
20.5217699,1
140.8045311,1
50.0445169,1
10.5348414,1
57.918327,1
0.4516322,1
82.9046782,1
19.575,1
2.7068,1
10.9899999,1
4.0078288,1
0.4292,1
19.9995,1
34.0354333,1
0.5195,1
2.4299999,1
0.498,1
34.5345245,1
158.4447999,1
9.03,1
7.5987697,1
6056.7609576,1
21.9611329,1
15.127192,1
148.2099999,1
21.4875843,1
12.6053197,1
0.7095,1
0.2884322,1
28.6340002,1
46.959956,1
73.9856473,1
3.966,1
1.1585,1
0.1110925,1
20.5177898,1
25.4340002,1
46.0366175,1
24.2431776,1
52.1425748,1
2.5945,1
50.022,1
4.7717205,1
28.7687821,1
22.3625169,1
31.42,1
10.7945245,1
9.6762155,1
42.9380775,1
4.397,1
7.619,1
0.1241008,1
0.1619147,1
49.887572,1
16.39,1
18.0643,1
1.2689999,1
75.4156474,1
5.4223212,1
67.3831163,1
1.9878311,1
26.403,1
50.0065,1
35.4887697,1
106.6917122,1
5.0974999,1
73.4115001,1
46.47,1
10.5029986,1
3.0772,1
4.3,1
13.212,1
129.0499999,1
139.7724729,1
21.3070694,1
0.0237875,1
93.8726258,1
78.3709784,1
50.0035435,1
30.0575,1
95.6016317,1
0.0608127,1
61.508885,1
50.0210923,1
6.1525,1
0.2309648,1
44.6470694,1
4.0582588,1
90.01,1
45.7670694,1
0.8245245,1
0.109,2
35.8876414,1
1.0100901,1
10.42,1
10.6789188,1
94.9815215,1
0.208,1
0.3995,2
24.412,1
62.9691363,1
6.6751644,1
0.0251644,1
0.509,2
50.068,1
12.125216,1
115.2450142,1
26.9370694,1
0.943,1
1.07,1
1.313,1
38.3578288,1
5.0229986,1
11.709956,1
1.7617353,1
147.3981153,1
3.244,1
3.48,2
34.78,1
10.3089045,1
42.6105,1
129.5581521,1
124.8452999,1
6.89,1
21.12,1
48.6228154,1
36.5505,1
20.4592233,1
27.0178288,1
20.1205052,1
95.5130884,1
0.1249648,1
175.4992,1
73.3539476,1
2.57,2
16.112,1
3.0099999,2
0.7478288,1
32.987,1
41.9505,1
89.2554018,1
0.1697796,1
170.1756,1
1.5468488,1
10.8289989,1
119.721164,1
15.3925748,1
12.272,1
49.5555905,1
15.812738,1
25.8586974,1
23.6813891,1
6.7319474,1
4.1772964,1
33.59,1
1.7080952,1
11.1078311,1
1.767244,1
0.1,8
0.123,1
40.75,1
64.3386355,1
0.0790271,1
80.0732258,1
0.1275,1
20.39,1
100.1211387,1
4.17,1
65.5629727,1
4.99,2
78.461167,1
0.36,1
28.47,1
0.7957157,1
100.0099962,1
50.025,2
24.7719999,1
0.9995,20
39.5237976,1
68.1000245,1
28.779973,1
105.5774726,1
3.3022591,1
1.419,1
40.9240981,1
8.9657925,1
140.1121659,1
0.11055,1
0.3826451,1
17.1845685,1
6.661,1
0.0272964,1
2.66693,1
0.0400141,1
16.97,1
0.4770597,1
25.5586,1
103.858332,1
35.7695591,1
0.1689999,1
12.738,1
29.17,1
4.9995,4
3.39,1
3.5908764,1
93.7313582,1
35.3229351,1
15.2634883,1
142.2145311,1
3.4191388,1
9.677528,1
29.6954491,1
150.0287421,1
19.1205,1
35.9675,1
28.6811884,1
52.0664817,1
27.569244,1
31.9054333,1
15.455,1
100.013,1
72.5590207,1
41.7901,1
0.964432,1
9.2778702,1
39.7905,1
129.114146,1
70.5820627,1
77.0139476,1
0.44092,1
74.44,1
0.0247605,1
146.0186806,1
19.7591363,1
0.0289457,1
36.9609847,1
18.3091363,1
22.6540002,1
35.7192707,1
48.7939476,1
8.6292883,1
6.9162696,1
49.7475458,1
11.2944495,1
11.949578,1
160.7186999,1
6.0289749,1
38.616,1
44.0766175,1
0.0401869,1
2.222,1
32.437,1
1.4948045,1
1.526487,1
14.0545245,1
0.1143514,1
54.0289045,1
65.9193814,1
42.962926,1
22.8901926,1
2.591,1
41.0905966,1
46.6470694,1
12.8914999,1
131.708152,1
72.4956474,1
4.4328983,1
55.1093657,1
28.9557157,1
200.0843152,1
33.7787697,1
36.8675301,1
0.0298586,1
5.0215268,1
149.9198277,1
100.0775592,1
72.1824485,1
0.2654044,1
180.5386648,1
1.2479999,1
48.2167128,1
0.3459,1
50.0140002,1
31.5725748,1
5.1163569,1
0.674,1
0.6705,1
32.1752401,1
140.3281578,1
147.4955164,1
70.1205,1
9.4023382,1
42.8977898,1
0.45,1
14.1868995,1
18.010205,1
194.7871454,1
1.0805,1
1.6425169,1
21.6351644,1
13.7878288,1
83.176503,1
39.0575,1
35.7333017,1
6.5432504,1
3.2079999,1
36.2565264,1
27.1494577,1
6.46,1
46.8468283,1
0.3679342,1
0.279,1
8.53,1
49.982,1
72.551167,1
0.8343577,1
14.265,1
16.379,1
21.142,1
59.3296182,1
4.739578,1
46.5901999,1
61.0102524,1
0.2053796,1
2.3351802,1
38.0105,1
14.055,1
39.7232353,1
0.3262155,1
2.4289188,1
34.7475,1
28.1177061,1
26.162,1
78.974,1
100.026,1
17.2725169,1
1.5129986,1
176.479,1
143.8225,1
440.999,1
0.0523555,1
1.0107537,1
11.719956,1
35.5617089,1
3.71,1
7.6772964,1
2.12,2
0.907192,1
61.4900241,1
107.4666206,1
4.8565831,1
2.0158999,1
46.5664817,1
91.8726258,1
9.9072964,1
95.8430884,1
66.4868995,1
3.59,1
0.2,2
2.7591633,1
0.4508408,1
195.8056919,1
0.4095,1
12.0991,1
118.1767112,1
95.4342805,1
0.5985,1
0.97,2
2.6865,1
36.7811363,1
1.335,1
33.7253197,1
1.11,1
67.9091363,1
4.726,1
1.1795,1
51.815,1
0.0505052,1
8.4695,1
18.8290286,1
41.2362155,1
29.6097307,1
30.1125064,1
50.0955297,1
37.576487,1
3.0115,1
31.3954333,1
4.8172964,1
8.1525,1
13.3678311,1
9.1579999,1
1.2245,1
0.4405888,1
7.012,1
6028.8139431,1
1.51,2
13.628,1
27.612738,1
6.85,1
5.0794999,1
16.0385,1
44.59,1
0.59,2
35.79,1
48.0063308,1
5456.5994149,1
78.9032258,1
33.3623185,1
50.0788103,1
50.0535,1
0.3457157,1
11.2999999,1
71.541167,1
0.5212295,1
0.0113442,1
19.1212388,1
31.304268,1
68.1800245,1
173.38,1
15.292,1
33.78,1
24.9807448,1
1.8376451,1
6.96,1
0.1179916,1
43.33565,1
45.947192,1
13.3394744,1
48.5,1
65.0113891,1
0.55,1
2.48,1
65.3985,1
39.6298716,1
3.7489045,1
15.439,1
67.0095,1
1.0134007,1
2.704244,1
4.1752269,1
84.0646782,1
95.4183773,1
0.149,1
24.2362155,1
82.6390207,1
16.7029986,1
3.1886,1
0.4985,1
50.055,1
5.5587697,1
50.0139999,1
25.8426095,1
15.938,1
3.3948045,1
0.7695,1
5.6304999,1
1.9211724,1
0.2257925,1
0.077244,1
1.7057698,1
1.1299999,1
25.1740002,1
10.7477133,1
5.7594577,1
29.2721754,1
1.1264424,1
2.0985,1
38.1305,1
0.2682683,1
1.1214984,1
26.8077898,1
6.03,1
5.1895,1
47.7727763,1
11.588,1
5942.0267205,1
1.4648045,1
17.0900017,1
99.1513582,1
161.8607,1
14.226,1
14.045,1
3.542,1
53.0034904,1
0.1501057,1
18.6657925,1
2.6501776,1
36.0977139,1
1.4625,1
28.922,1
16.81,1
17.1355804,1
108.4898622,1
0.0577898,1
36.0705,1
14.9625,1
0.0556408,1
78.0561183,1
60.781935,1
36.1713891,1
27.9675,1
76.3215001,1
0.5185,1
123.7085,1
48.0067128,1
151.3815268,1
1.6153197,1
8.0229986,1
1.7286,1
18.6665264,1
45.8040002,1
14.4794577,1
19.5925748,1
144.323,1
0.0995,14
44.9377898,1
50.0750275,1
5.0577376,1
49.0325169,1
18.0045245,1
35.832154,1
1.6154299,1
1.329,1
62.5173958,1
5.0945245,1
5542.0177149,1
0.1343208,1
15.4154333,1
20.8470694,1
33.5568403,1
3.7453197,1
2.2609788,1
116.6625706,1
98.7774999,1
53.0506,1
11.9022794,1
0.399,1
35.5465264,1
19.1694577,1
41.4600245,1
0.6499999,1
3.4772312,1
25.0321288,1
1.9995,11
3.3614027,1
16.9673554,1
0.5909081,1
28.989412,1
27.1689475,1
4.869578,1
93.823844,1
92.3350622,1
0.0989045,1
6.3126437,1
30.7705,1
39.51,1
11.5425748,1
31.7201261,1
0.9262155,1
44.4848386,1
0.4,2
3.12,1
0.0230848,1
28.7481798,1
11.1,1
195.3411525,1
171.2495999,1
69.1186355,1
0.4357925,1
2.4974999,1
1.120836,1
83.9165183,1
0.0662155,1
1.0002935,1
8.0949996,1
18.9478288,1
1.0103281,1
0.0495,3
100.1473884,1
0.2514648,1
6.773,1
49.2962155,1
0.0694577,1
3.1779916,1
8.587,1
28.4105052,1
13.1762,1
117.5635918,1
2.05,2
1.2149999,1
34.2645,1
12.9473185,1
7.41,1
143.1690601,1
42.009244,1
135.12,1
3.6567363,1
74.3539476,1
3.635519,1
90.76,1
23.1600188,1
0.0402731,1
4.6348648,1
28.7105,1
45.6959235,1
305.01,1
0.7995,5
42.5083931,1
5584.8653388,1
87.1894559,1
40.366487,1
1.3886147,1
4.4651644,1
241.4664387,1
85.7604415,1
1.707244,1
100.1334085,1
11.2081459,1
0.0622623,1
2.1298697,1
50.0353134,1
10.0328,1
0.5095826,1
1.7435,1
2.06,1
92.8115,1
49.0323623,1
0.1173038,1
50.0114807,1
26.5352815,1
64.3173958,1
35.0849981,1
19.9994999,1
0.5595,1
8.9399815,1
1.9529986,1
1.914,1
59.1924011,1
1.3995,1
6.4481975,1
0.1118828,1
29.2972152,1
29.5835,1
14.66,1
52.6367282,1
0.5357925,1
8.06,1
100.011,1
3.5873534,1
12.0346478,1
0.0510648,1
2.9389045,1
86.4723733,1
0.759,1
22.4698545,1
103.3598622,1
48.2815,1
48.37,1
4.16,1
2.5095,1
25.0795,1
38.82,1
20.2477898,1
24.486487,1
5.0005052,1
49.9928418,1
19.6657157,1
65.9393814,1
18.5097573,1
32.6545245,1
27.6451644,1
9.407192,1
6.5953197,1
0.3534044,1
41.0286,1
16.7416765,1
23.4313891,1
9.5644495,1
25.9225,1
6.1735,1
0.023,1
0.0276156,1
129.99,1
30.715844,1
47.982,1
0.1669342,1
18.9534999,1
98.7313582,1
145.9358612,1
5597.1682788,1
0.047244,1
3.04,2
137.0790527,1
30.032602,1
35.9949652,1
110.8198622,1
0.7955,1
19.3929237,1
3.029157,1
106.1516524,1
50.2967128,1
0.8,1
23.6125748,1
137.2072401,1
3.874,1
0.4099999,1
67.8125748,1
73.478935,1
1.02,4
20.7278288,1
84.0156089,1
19.5245245,1
17.8211325,1
36.8553999,1
31.0455583,1
112.6670078,1
7.3562155,1
6.187192,1
0.2825169,1
2.88,4
105.5517444,1
83.9960967,1
63.8775,1
121.7935364,1
0.03899,1
1.8453353,1
1.0123089,1
0.1201776,1
3.3014027,1
44.7670694,1
30.946,1
1.1439999,1
9.28493,1
0.0355581,1
35.2597,1
10.0738362,1
1.2195,1
140.2845311,1
0.6978311,1
8.173236,1
46.9495,1
9.47,1
1.025,1
39.759244,1
133.6539203,1
50.0487493,1
18.6257157,1
145.735,1
50.004,1
16.607192,1
21.75,1
117.8771942,1
50.0021958,1
18.2157157,1
0.149468,1
87.9572427,1
1.1255,1
3.0100007,1
1.7405052,1
2.3995,1
62.1291196,1
26.6451644,1
14.662738,1
14.4228897,1
5612.345722,1
3.6562195,1
6.3615456,1
0.5029986,1
27.4586719,1
0.1189999,1
49.2979916,1
143.1558874,1
23.5777898,1
50.5125748,1
135.054146,1
0.678,1
57.2507495,1
2.2903956,1
1.716487,1
12.3245245,1
11.7062155,1
28.8621991,1
26.9357925,1
16.2698148,1
32.2840449,1
103.145086,1
32.4424011,1
48.6325,1
26.1857925,1
58.1924011,1
26.2728135,1
72.088935,1
0.1045245,1
17.1257157,1
66.0373305,1
74.6556474,1
18.5405751,1
43.1503336,1
0.1525,1
9.4528629,1
14.8457157,1
36.8454333,1
1.3157951,1
0.5995,2
74.1515001,1
23.5799999,1
123.9381521,1
56.0354519,1
3.8905052,1
132.4895,1
28.4365264,1
0.2310889,1
4.6515396,1
14.53,1
4.2481411,1
41.539,1
0.0394577,1
58.661935,1
11.6725748,1
37.4893716,1
2.717,1
36.7705,1
2.91,1
2.0155,1
4.0951644,1
9.4805052,1
9.9559462,1
85.5904415,1
6070.0909975,1
0.1170349,1
15.3878311,1
23.181897,1
1.427244,1
17.62,1
2.9962155,1
15.2172964,1
27.2765481,1
79.99,1
39.332088,1
49.805,1
116.6742642,1
1.5686,1
43.6811795,1
9.2034904,1
79.615,1
7.4108921,1
56.6877413,1
2.0118006,1
5.0827481,1
82.451167,1
46.1362283,1
49.1249981,1
0.7671766,1
35.8454333,1
1.9779825,1
0.0501104,1
12.7981111,1
45.277192,1
30.6553197,1
0.15,2
0.03,2
9265.2893889,1
37.7691363,1
89.6313891,1
44.446444,1
3.8975,1
50.1235,1
0.869,1
100.1170099,1
15.028,1
22.6070724,1
0.1345,1
26.2900104,1
71.5171584,1
97.4746782,1
46.7473794,1
27.879244,1
1.0030538,1
1.3635216,1
5.0278288,1
9.8199999,1
25.4365264,1
1.414879,1
0.583,1
3.9525169,1
0.1103325,1
1.1,3
1.55323,1
1.5699999,1
89.92,1
0.0149555,1
37.1003489,1
12.8244495,1
40.0398716,1
5.49,1
63.6800245,1
27.6086,1
5.26,1
53.6892481,1
50.15,1
0.3258105,1
0.3286,1
8.9295,1
12.561,1
190.5957396,1
68.4093814,1
2.0216509,1
34.999,1
11.7540002,1
41.082926,1
12.3298822,1
0.1253779,1
104.8998622,1
21.0960441,1
1.3456367,1
31.2466638,1
50.1345,1
36.098,1
49.8549,1
97.7115,1
87.7939092,1
4.3110444,1
140.1045311,1
2.09,1
29.9495,1
180.5277633,1
100.04634,1
14.2168995,1
219.3319644,1
16.229,1
0.1308127,1
0.0103251,1
43.2547749,1
10.0687697,1
6.9862155,1
16.1679916,1
91.96634,1
0.3969456,1
60.8368995,1
156.4144928,1
38.8769999,1
65.4079916,1
10.010258,1
94.8019127,1
113.336398,1
3.288,1
1.0169044,1
4.7123207,1
14.6351668,1
7.465,1
40.937854,1
6.4023842,1
0.0210538,1
0.19,2
40.266,1
61.6864817,1
22.4899999,1
0.3675,1
141.44173,1
9.9805052,1
4.622,1
1.699,1
190.5561121,1
20.1050594,1
66.8220627,1
19.0344495,1
28.4557157,1
112.3150142,1
100.01,6
4.9491642,1
30.0290406,1
9.4251,1
21.3091463,1
36.1905,1
11.0177133,1
68.3224011,1
0.034166,1
86.8881671,1
2.988,1
0.6917442,1
0.2078287,1
107.4235,1
2.5111451,1
0.13323,1
1.5396111,1
16.91,1
99.0148781,1
6.406,1
96.9277811,1
37.9214254,1
1.1864927,1
143.5104089,1
1.076,1
0.2152755,1
14.3878311,1
0.0905052,1
5.8679999,1
13.3345245,1
12.4551644,1
1.4648183,1
1.6399999,1
0.1808,1
59.99,2
52.266,1
29.6775,1
38.7886,1
0.5694577,1
31.0909478,1
0.2845889,1
13852.3857435,1
47.6599999,1
48.2430537,1
33.6487697,1
86.7606135,1
168.73,1
95.4815001,1
1.9130229,1
10.1724846,1
124.0181521,1
0.0219651,1
11.9994577,1
45.6964394,1
15.294208,1
39.379244,1
115.98193,1
65.8925748,1
0.1153779,1
5.499,2
9.9995,1
50.0481711,1
38.3378287,1
19.3613891,1
11.3521536,1
148.5348493,1
46.4291989,1
2.9878311,1
8.812,1
4.098,1
16.7094577,1
47.5895,1
0.0357157,1
29.5029454,1
0.06,7
0.069,1
1.125042,1
3.1862155,1
100.1597935,1
0.1161086,1
8.3049551,1
1467.3353,1
29.8319715,1
5.3851589,1
0.174,1
0.2985,1
43.1079999,1
70.7293814,1
32.1592442,1
0.0475,1
8.71,1
10.4689188,1
24.8454533,1
74.4413891,1
172.4918999,1
2.9841607,1
7.3348852,1
39.4305,1
9.1229985,1
92.6078285,1
22.352,1
61.3579916,1
48.905727,1
0.0309779,1
16.529956,1
47.6905,1
73.4802055,1
95.4857598,1
2.2,1
27.6375079,1
0.9275,1
6.83,1
30.1374319,1
35.5292282,1
29.4253197,1
50.0526353,1
23.914,1
2.3300834,1
10.645,1
114.0950142,1
62.5591363,1
134.7520486,1
20.3414732,1
37.9998716,1
10.0100082,1
16.122,1
47.94,1
3.5689045,1
4.582,1
41.4705,1
178.6421915,1
3.024244,1
43.4311795,1
27.8377898,1
18.526487,1
9.7,1
18.4225168,1
10.0399999,1
8.7654333,1
5.0105052,1
140.054146,1
12.0499999,1
2.6425169,1
10.0287697,1
36.0105052,1
1.1649999,1
0.0221529,1
59.4539476,1
24.109956,1
49.9602125,1
1.6845245,1
0.029,1
9.603,1
29.91,1
25.5325168,1
6.2603608,1
0.068591,1
70.4893814,1
3.326603,1
12.7640002,1
24.219956,1
43.372926,1
5.05,1
20.8069618,1
44.3979916,1
21.8994577,1
20.4325169,1
17.1357157,1
0.6508408,1
7.59,1
23.1,1
1.0225,1
18.6123185,1
0.325,2
11.2895287,1
35.8295,1
0.963615,1
3.2930758,1
85.8739092,1
22.9177898,1
5.1921659,1
1.44899,1
44.277192,1
9.8698055,1
50.0015,4
1.272,1
1.89,1
37.9399771,1
0.8495,1
2.487244,1
5.4845245,1
7.3662155,1
15.03,1
2.0715,1
7.639634,1
26.53,1
21.6879916,1
0.0314515,1
30.2426639,1
40.0554999,1
73.1139092,1
8.3305758,1
4.2885,1
96.54634,1
27.1120184,1
40.18,1
57.2161939,1
47.8768995,1
8.93,1
179.4739074,1
0.7588709,1
13.926508,1
8.9995,1
17.206,1
0.1995,3
1.4589999,1
29.6386,1
6.01,1
20.1496934,1
0.65,1
0.5101873,1
141.1045311,1
109.48,1
110.3445,1
22.6870694,1
92.1059781,1
12.0399999,1
17.0724999,1
24.7778527,1
23.9854333,1
165.72,1
19.092,1
2.5295551,1
18.3857157,1
30.5544495,1
159.9858176,1
74.4409428,1
32.9904,1
0.087244,1
1.749,2
26.2340002,1
24.53,1
288.2469388,1
8.8651644,1
20.6177898,1
45.7366175,1
63.5925748,1
2.0295,2
0.097,1
1.406487,1
15.0945245,1
12.7262155,1
37.2305,1
0.6920798,1
0.12,2
0.184,1
64.9568995,1
71.748935,1
0.4957157,1
62.2726922,1
15.066487,1
66.1064817,1
45.5749999,1
0.788,1
74.198935,1
16.079294,1
83.5615001,1
1.8651644,1
5.3948045,1
12.5529986,1
50.075825,1
25.4765264,1
59.0333752,1
226.8711719,1
2.2191575,1
1.2295,1
34.1287697,1
0.9015456,1
49.4450275,1
67.7225748,1
44.2462155,1
3.0195,1
18.6730678,1
32.1418815,1
0.09868,1
0.159956,1
115.826,1
3.42003,1
22.5803557,1
5.65,1
4.997,1
5.18,2
71.277753,1
25.5836366,1
74.5666632,1
7.1051644,1
15.2225,1
87.7504415,1
44.1665264,1
228.3186333,1
147.6768494,1
0.81,1
11.8105,1
2.0347028,1
73.6920022,1
30.527,1
21.9775,1
0.2604757,1
11.4310743,1
1.1702502,1
61.671212,1
32.652,1
90.1426258,1
0.4090826,1
18.9304243,1
43.2324309,1
50.0305,1
35.5565,1
30.4850662,1
143.8212041,1
1050.5413165,1
41.97,1
26.9230075,1
224.134438,1
180.4983908,1
18.1442997,1
42.42,1
107.243,1
32.0357157,1
9.3362147,1
6.86,1
45.1784165,1
6.6273474,1
72.611167,1
0.4765999,1
63.1688193,1
1.3489188,1
49.5254333,1
46.8979916,1
31.9914,1
89.4332212,1
75.7500245,1
34.1623659,1
43.1455814,1
10.010032,1
0.0334651,1
32.0790689,1
15.95,1
37.3078288,1
0.7739999,1
39.6704999,1
73.0127532,1
44.8093095,1
1.462738,1
5.6154555,1
99.6373884,1
0.0574079,1
93.01,1
0.0794577,1
36.5991363,1
41.7392273,1
36.978,1
21.2867051,1
5.0100079,1
39.7898716,1
2.9299145,1
15.7242471,1
3.082,1
15.842,1
1.1155,1
4.1395,1
15.9472964,1
3.716487,1
43.2054455,1
0.1495,1
50.0123,1
0.0773294,1
97.4646782,1
26.026185,1
35.5925169,1
97.8846782,1
67.4517643,1
0.4995,6
1.9905052,1
24.919244,1
20.4192288,1
13.0499999,1
15.3657157,1
15.5254333,1
70.9590207,1
17.7829986,1
1.3493,1
58.1853821,1
24.376487,1
0.9,1
0.834,1
0.1953779,1
104.214271,1
67.711,1
33.7745245,1
63.4291363,1
1.6,2
1.0395,1
1.095,1
175.6699999,1
6.21,1
0.01756,1
31.4278512,1
21.7413891,1
11.499578,1
50.1568995,1
5.768,1
47.4412143,1
1.2873294,1
32.6286231,1
1.3448045,1
14.827,1
99.4713582,1
13.2740002,1
38.97,1
4.6883345,1
25.8005052,1
18.999,1
71.7979916,1
47.761,1
10.012,1
0.2394577,1
5456.5695149,1
81.6186355,1
34.0599,1
46.2864321,1
33.1213827,1
132.7740245,1
26.085,1
133.21,1
35.0103716,1
53.5664817,1
2.16,2
25.9225748,1
2.694,1
13.5025169,1
16.8878311,1
50.0755,1
20.642,1
37.5088777,1
32.38,1
30.8899981,1
5.2462155,1
4.0229985,1
72.6525221,1
17.940154,1
47.1760539,1
22.7079916,1
100.0265,1
193.9661797,1
34.0129685,1
50.4370713,1
50.0375047,1
96.9343236,1
1.2426233,1
6038.2518431,1
1.5995,1
13.6753158,1
3.36693,1
4.0166111,1
0.0625,1
45.0136112,1
147.6868494,1
14.01,1
0.24,1
41.709244,1
50.0105,2
0.407748,1
25.086487,1
0.887,1
18.5299999,1
2.6369745,1
1.2635,1
50.0284458,1
38.177982,1
16.2372999,1
68.2320627,1
30.5744495,1
2.9048121,1
60.2258645,1
0.8051644,1
2.492,1
21.3332999,1
7.6048,1
19.6591363,1
36.949956,1
4.942,1
41.1105,1
34.3247432,1
30.8877898,1
11.55,1
12.9315,1
4.225,1
52.8825748,1
50.012,2
0.0809734,1
4.0561723,1
27.57,1
6.24,1
99.9466089,1
100.0244299,1
103.7162401,1
35.7675,1
74.078935,1
0.1145245,1
5.27,1
1.4998,1
0.0304011,1
0.7791964,1
0.1656417,1
81.436,1
103.8005,1
35.996487,1
44.4654333,1
34.2287697,1
5.2524999,1
74.1415001,1
1.5979999,1
0.005,1
48.8223623,1
3.659,1
15.662738,1
23.0399837,1
3.1991661,1
23.6254333,1
12.8374664,1
20.8345245,1
1.3133873,1
0.2443208,1
5.827192,1
28.6770694,1
1.0170626,1
20.9994577,1
1.2898697,1
9.32,1
0.116,1
0.0765,1
115.8465271,1
93.9726258,1
0.143,1
221.4912754,1
0.1004999,1
48.3298197,1
117.3928549,1
6.889578,1
0.299,4
97.7610195,1
69.442,1
66.3393814,1
7.71,1
10.8226437,1
19.71,1
32.6864144,1
0.4094999,2
0.999,2
0.1111019,1
71.941167,1
11.7366378,1
10.2690017,1
4.0189804,1
1.0689188,1
1.3,2
130.174146,1
8.664193,1
0.3377898,1
65.116004,1
100.0154186,1
3.242738,1
0.9417606,1
120.5364763,1
0.9594,1
38.2505,1
3.94,7
20.0009711,1
31.8750938,1
40.5978288,1
11.5425,1
61.8382617,1
38.9604999,1
4.588,1
7.56,1
14.342,1
0.3745,2
35.889244,1
33.2527369,1
1.0794999,1
0.5138,1
3.9245,1
100.0194222,1
35.8891363,1
4.8241662,1
140.0897494,1
1.0654156,1
11.3089045,1
49.472,1
11.4995,1
13.7465,1
27.1378288,1
61.5624011,1
0.0387697,1
39.3105,1
39.0523,1
98.5115,1
2.1991363,1
1.0136278,1
82.9646782,1
20.316487,1
24.189244,1
12.1069,1
0.138755,1
19.4124192,1
98.2657963,1
11.6849999,1
3.6209923,1
19.8955,1
96.7331737,1
0.0422918,1
33.2247569,1
9.0487697,1
0.0138349,1
19.8954333,1
8.1110678,1
89.5949328,1
50.0045,2
5.916,1
12.009578,1
39.7347232,1
19.8558796,1
0.0211891,1
6.449,1
4.9851644,1
15.7605052,1
0.2874068,1
18.5334999,1
86.3304415,1
12.4178311,1
28.1024011,1
0.1536628,1
50.008,1
50.0311726,1
48.0072011,1
0.0207026,1
1.0189999,1
0.1943593,1
10.8598822,1
2.9345245,1
30.3838117,1
99.6902765,1
2.45014,1
129.168152,1
99.0119426,1
48.6524999,1
1.4895,1
30.9757157,1
119.8380452,1
46.6924297,1
6.7298,1
0.355,1
0.0039091,1
18.6157157,1
20.0223975,1
10.13,1
19.43,1
32.44,1
1.4247089,1
29.07,1
49.9567128,1
17.2781374,1
1.899,1
1.13899,1
17.4425748,1
23.382,1
17.572,1
35.5780823,1
1.1652113,1
9.0125169,1
20.4078311,1
0.1508127,1
3.24,1
5.6016603,1
70.7703643,1
10.3494999,1
42.0196427,1
4.54695,1
13.1405,1
7.0402362,1
97.0220753,1
60.7068995,1
30.878,1
65.3979916,1
144.878503,1
20.1,1
31.8005,1
8.438,1
25.901836,1
19.4341999,1
0.0246222,1
115.5302569,1
49.015,1
110.91,1
1.8955,1
4.4,1
30.5377622,1
4.1986,1
13.128,1
0.009,1
97.6114999,1
0.6068534,1
2.0099999,10
99.2105002,1
13.5745685,1
0.01,22
14.7962155,1
42.1329,1
209.9319917,1
47.558,1
4.2569589,1
47.4383822,1
1.3194999,1
50.0186438,1
68.8575393,1
28.44,1
12.8455958,1
0.170125,1
13.0175,1
74.408935,1
71.4756474,1
4.0887697,1
100.0859995,1
21.0453971,1
32.0054333,1
0.598,1
45.5187697,1
50.0587697,1
6.128,1
3.1,1
2.211,1
73.8825748,1
300.9436321,1
6.5587697,1
4.13,1
5.457192,1
24.6970694,1
11.8909237,1
198.5168649,1
1652.2164643,1
75.3015001,1
9.9885,1
10.37,1
0.3624175,1
36.108,1
101.546241,1
21.0194577,1
47.9450275,1
8.4379701,1
22.822,1
47.9617371,1
12.6,1
14.24,1
3.5544495,1
41.558,1
100.0065,1
3.0905052,1
0.5395,1
8.688,1
147.9971012,1
4.7963648,1
9.655,1
82.746,1
13.0826437,1
1.4094651,1
46.71,1
47.96,1
1.9641488,1
12.2894577,1
43.949,1
0.9773294,1
136.584146,1
3.186093,1
6044.1380576,1
21.2251644,1
1.249,1
5561.3942498,1
3.094244,1
41.5905,1
0.1185,2
118.9105626,1
0.499956,1
16.06,1
129.559,1
15.7172964,1
1.3625388,1
0.0200864,1
3053.6103336,1
78.35849,1
0.25,2
0.5894692,1
5.1298123,1
30.9946674,1
51.7145,1
14.3824999,1
15.8857157,1
11.7954333,1
67.7518332,1
16.8229986,1
1.847,1
28.1899039,1
9.0119251,1
2.2258142,1
45.4489,1
18.273,1
52.1435566,1
4.4387697,1
12.4191175,1
6.9735091,1
2.6105,1
42.7586008,1
7.5767978,1
2.21,1
23.6975,1
36.79,1
14.9660804,1
10.717,1
1.7257925,1
0.1689188,1
0.235604,1
31.4820801,1
3.8465,1
66.8891363,1
14.9380082,1
100.1031568,1
1.0945245,1
34.118,1
29.99,1
85.0894559,1
1.5617167,1
86.4932346,1
20.0222955,1
19.9355,1
16.9145,1
4.8472964,1
29.8305,1
30.1224011,1
60.0019892,1
54.5589045,1
300.0112756,1
35.6564849,1
42.992926,1
50.0125,1
43.7885,1
23.2291443,1
0.149578,1
3.0062155,1
530.2852645,1
9.63,1
0.1825169,1
30.052,1
67.28,1
35.0105052,1
0.679,2
114.718247,1
0.3203581,1
22.8857157,1
78.3199999,1
1.299845,1
48.8523185,1
39.5911491,1
0.3341989,1
59.2467128,1
87.8639092,1
0.6089045,1
36.9932951,1
1.85899,1
73.9339177,1
1.098,1
4.398,1
49.9915104,1
5584.3723398,1
10.7044626,1
0.0271317,1
65.4568995,1
2.557244,1
0.481,1
0.02,7
5.6245245,1
33.472,1
7.2562155,1
10.1754333,1
1.0164641,1
82.6590207,1
41.8305,1
17.5829986,1
0.587192,1
49.0445169,1
0.0375,2
84.5644155,1
0.0778903,1
13.0357925,1
22.2894577,1
0.8796,1
37.9968995,1
67.3224011,1
0.7331142,1
63.1876044,1
150.0449736,1
2.802739,1
7.0925748,1
20.9830159,1
0.0672964,1
48.5111522,1
0.84,1
0.1379916,1
0.163,1
0.209,1
1799.99,1
2.6389045,1
78.5442349,1
2.611,1
40.266487,1
0.0296496,1
38.7234795,1
151.5845311,1
33.889244,1
73.9077141,1
2.594244,1
0.513,1
46.3464817,1
50.03,1
8.2178288,1
144.1161545,1
11.8033641,1
13.2453197,1
5.55,1
2.746,1
1.065394,1
0.3556334,1
26.5440002,1
5.7,2
1.4660536,1
100.0185,1
20.1777898,1
15.26,1
91.3826258,1
32.7125748,1
14.6859486,1
15.7105,1
1.3339875,1
12.9778311,1
100.0119426,1
19.99,1
36.4305,1
117.8014087,1
98.8566089,1
21.1183883,1
38.7065,1
71.988935,1
36.5000218,1
39.1905,1
27.11,1
8.2684,1
18.8465264,1
2.08,1
83.7942348,1
14.469244,1
48.0587697,1
74.3015001,1
70.4339476,1
0.022889,1
20.5671,1
12.8329986,1
20.2475,1
15.0394577,1
24.2206391,1
73.7315,1
45.2295,1
42.0975,1
5.4387697,1
50.045,1
0.5131325,1
9.549956,1
0.2045245,1
5.9631493,1
21.4670694,1
83.486503,1
0.4171395,1
100.0074999,1
23.7894577,1
8.899578,1
49.7170694,1
47.7783795,1
82.6326258,1
0.27,1
60.0705,1
3.0446605,1
0.2995,4
3.159578,1
44.6328429,1
2712.5068306,1
116.5614013,1
