20100225,2.025
20120709,4.72398747421
20120326,2.60421569118
20121217,5.7130906746
20100419,1.90506329114
20120331,2.76913645122
20110604,1.99187855081
20120213,2.78314280839
20120721,4.72675112582
20111122,2.11872467853
20091027,1.64912280702
20100116,2.79079497908
20111125,2.5809929078
20121104,4.94294963222
20101015,1.95851851852
20130106,5.22432074221
20110621,1.66926229508
20111006,1.99214393543
20130207,6.75213588386
20120225,3.00631252538
20100315,1.78536585366
20110117,1.74516544908
20101030,1.86246672582
20111217,2.74837329141
20130217,7.12773240855
20090411,1.18858560794
20110508,2.02905603664
20120605,6.10885347916
20120624,4.87611241934
20090611,1.26315789474
20120116,2.4745201157
20100917,1.77156549521
20090807,1.36544850498
20110520,2.04862277727
20121012,5.43118857929
20120122,2.84129680497
20130122,6.24152713109
20110912,1.83719672063
20091203,2.24864864865
20120903,5.45651527108
20120522,5.97023972042
20090828,1.39189189189
20121123,5.44364825284
20090707,1.27361563518
20100820,1.5938215103
20110422,2.00954323596
20090201,1.26526717557
20101211,1.38296656187
20120925,3.31871866163
20100702,1.77401129944
20121008,4.64704328066
20120419,2.85728975867
20111014,1.99162387677
20120806,4.07160397939
20110825,1.65365677915
20120103,2.18321666938
20120428,3.45998362823
20090222,1.10865191147
20091121,1.79922779923
20110706,1.35466666667
20090515,1.16149068323
20120821,3.98196295946
20110710,1.62852763288
20110814,1.90490748557
20100603,1.73409461664
20121109,4.8131183639
20121223,6.46328514493
20111103,2.02536924958
