20110720,1.0
20121024,1.0
20091010,1.0
20120326,1.0
20121217,1.0
20111112,1.0
20100617,1.0
20120203,1.0
20121223,1.0
20110605,1.0
20090126,1.0
20100624,1.0
20100114,1.0
20121107,1.0
20100502,1.0
20111128,1.0
20101019,1.0
20130205,1.0
20120606,1.0
20120224,1.0
20120312,1.0
20120611,1.0
20111012,1.0
20090917,1.0
20130215,1.0
20121129,1.0
20110407,1.0
20110124,1.0
20120114,1.0
20121006,1.0
20110511,1.0
20100402,1.0
20120627,1.0
20120503,1.0
20110906,1.0
20100923,1.0
20120126,1.0
20090816,1.0
20120513,1.0
20120715,1.0
20100807,1.0
20091208,1.0
20130121,1.0
20090704,1.0
20100216,1.0
20110803,1.0
20110420,1.0
20110805,1.0
20120406,1.0
20120912,1.0
20090331,1.0
20091101,1.0
20120414,1.0
20120101,1.0
20121115,1.0
20120720,1.0
20090210,1.0
20090427,1.0
20110820,1.0
20120807,1.0
20090605,1.0
20130113,1.0
20110705,1.0
20111221,1.0
20120823,1.0
20101112,1.0
20120916,1.0
20111023,1.0
