1024,1
1,8815
2,12577
3,11307
4,7185
5,3632
6,1407
7,478
8,161
521,1
1034,1
523,1
540,1
29,1
31,1
36,1
4646,1
39,3
40,3
41,5
42,5
43,6
44,3
45,8
46,3
47,4
48,5
2097,1
50,6
51,4
52,4
53,6
54,3
55,9
56,7
57,2
58,11
59,8
60,7
61,5
62,5
63,5
64,9
65,5
66,7
67,2
68,1
69,4
70,8
71,3
72,6
73,4
74,6
75,4
76,4
77,2
78,1
79,7
80,4
81,3
82,2
83,6
84,4
1109,1
86,3
87,5
88,1
89,4
90,2
91,3
92,2
93,3
94,5
95,1
96,1
97,5
98,1
99,2
100,3
101,3
102,1
103,2
104,5
105,1
106,2
107,2
109,1
110,2
111,3
112,1
114,1
116,1
117,2
118,2
119,2
120,2
122,1
125,1
128,2
129,1
131,2
132,3
133,1
134,3
135,1
138,4
139,3
9868,1
143,2
657,1
146,1
147,2
148,1
150,1
151,1
152,1
153,2
154,3
156,1
157,1
672,1
161,1
162,2
163,1
164,3
165,1
166,1
8359,1
168,1
169,1
170,1
171,1
172,1
173,1
177,1
178,1
179,1
180,1
182,1
183,1
186,3
188,4
189,1
193,1
195,1
196,1
199,2
202,1
203,1
204,1
206,1
208,1
722,1
212,3
213,2
1750,1
220,1
223,1
224,2
227,1
38,2
230,1
210,2
238,3
752,1
245,1
759,1
248,1
253,1
257,1
1285,1
263,1
145,1
268,3
0,2740
1066,1
276,1
793,1
282,1
286,1
288,1
560,2
294,1
49,10
296,1
297,1
298,1
300,1
303,1
10,10
309,1
624,1
317,1
320,1
322,1
17462,1
327,1
334,1
11,1
342,1
355,1
9,33
359,1
361,1
374,1
609,2
376,1
379,1
383,1
385,1
780,1
1927,1
578,1
400,2
644,1
750,1
407,1
412,1
167,1
414,1
419,1
432,1
2720,1
714,1
969,1
458,1
247,1
460,1
975,1
970,1
979,1
468,1
472,1
4062,1
483,1
491,1
85,3
