0,21633
1,3137
2,43409
3,1718
4,1036
5,352
6,217
7,160
8,128
9,172
10,168
11,145
12,144
13,108
14,120
15,120
16,106
17,90
18,75
19,64
20,57
21,36
22,28
23,34
24,17
25,32
26,21
27,20
28,22
29,19
30,11
31,23
32,8
33,9
34,16
35,14
36,12
37,15
38,16
39,22
40,16
41,1
42,1
43,4
46,1
47,2
49,1
53,1
60,4
62,1
74,1
76,1
78,1
86,1
88,1
91,2
95,1
99,1
126,1
137,2
141,2
142,1
143,1
155,1
2716,1
691,1
180,1
182,1
184,1
189,1
191,1
193,3
194,1
195,1
196,1
208,1
228,1
1259,1
243,1
245,1
268,1
275,1
790,1
1314,1
1339,1
324,1
342,1
344,1
353,1
369,1
383,1
387,1
3535,1
466,1
1023,1
