0,14592
1,9444
2,5580
3,3370
4,1994
5,1297
6,832
7,526
8,374
9,282
10,211
11,162
12,133
13,108
14,104
15,90
16,73
17,58
18,62
19,41
20,49
21,48
22,46
23,39
24,33
25,39
26,27
27,22
28,29
29,23
30,19
31,24
32,21
33,21
34,19
35,22
36,14
37,19
38,11
39,12
40,13
41,10
42,16
43,14
44,17
45,10
46,8
47,9
48,15
49,14
50,7
51,17
52,5
53,11
54,10
55,8
56,9
57,9
58,11
59,7
60,10
61,11
62,13
63,9
64,5
65,6
66,7
67,4
68,4
69,6
70,5
71,4
2120,1
73,1
74,5
75,4
76,3
77,2
78,4
79,4
80,8
81,4
82,5
83,3
2132,1
85,4
86,6
87,2
89,4
90,1
2139,1
92,5
93,6
94,5
95,2
96,5
97,3
98,2
99,3
100,2
101,2
102,5
103,2
104,4
105,1
106,3
107,2
108,1
109,3
110,1
111,3
112,3
113,1
2162,1
115,2
116,2
117,4
118,1
119,1
120,3
2068,1
122,2
123,3
124,1
125,2
126,1
127,2
2176,1
129,1
130,4
131,2
133,5
135,2
136,1
137,3
138,1
139,1
140,1
141,2
142,1
143,2
2072,1
146,3
147,1
148,2
150,2
152,1
153,1
154,1
155,1
158,1
159,1
160,3
161,2
278,1
163,3
164,1
165,2
166,3
167,2
2216,1
169,2
170,1
171,1
172,1
2418,1
174,1
1053,1
176,6
2188,2
2419,1
180,3
181,1
182,1
183,3
185,2
187,1
188,3
189,1
190,1
191,2
3075,1
193,1
195,1
196,2
197,1
198,2
199,1
202,1
3447,1
204,1
2253,1
2255,1
208,2
209,3
210,2
211,1
212,1
213,2
2262,1
215,4
2084,1
218,2
219,1
220,4
221,1
222,1
1061,1
2273,1
227,1
2086,2
230,1
231,1
233,3
3111,1
2284,1
237,2
381,1
240,1
241,3
243,1
244,1
248,2
2297,1
2298,2
251,1
252,1
3114,2
254,3
255,1
2304,1
257,1
258,1
261,1
2310,1
2312,1
265,2
266,1
2315,1
268,1
2318,1
2319,1
272,1
2464,1
276,2
277,3
2326,1
2328,1
281,2
282,1
283,1
2333,1
286,2
287,3
2336,1
289,1
290,1
291,2
292,2
293,1
1073,1
296,1
297,1
298,2
299,1
2348,2
2349,1
302,1
304,2
2354,1
2355,2
308,1
734,1
2360,1
317,1
322,1
323,2
325,1
326,1
327,1
2377,1
331,1
333,1
2382,2
335,1
3148,2
337,1
338,1
339,1
2057,1
342,1
2392,1
345,1
346,1
2396,1
352,2
354,1
2107,1
357,1
359,2
3132,1
2412,1
2414,1
367,1
368,1
369,1
370,2
371,2
2420,1
373,2
2422,1
376,1
2427,1
2428,1
2429,1
382,2
384,1
2171,1
389,1
391,1
2440,1
393,1
2442,1
396,1
397,1
398,1
399,1
2400,1
2450,1
403,1
407,1
409,1
412,1
414,1
416,1
421,1
422,1
426,1
2476,1
432,2
72,5
2483,1
2485,1
442,1
2492,1
446,1
447,1
448,1
449,1
450,1
2501,1
2505,1
145,1
2514,1
467,1
2516,1
474,1
2523,1
476,1
478,1
481,1
482,1
2534,1
489,1
492,1
2130,1
494,1
2813,1
2544,1
497,1
2549,1
502,1
2049,1
84,3
506,1
2559,1
1064,1
515,2
2564,1
2568,1
2745,1
2135,2
525,1
2574,1
2575,1
531,1
534,1
1113,1
542,1
2591,1
544,1
547,2
2064,1
2600,2
554,1
556,2
2607,1
2608,1
561,2
2613,1
2104,1
568,1
569,1
428,1
3168,2
2626,1
580,1
3083,1
372,1
2639,1
592,2
2147,1
2645,1
598,1
601,1
2651,1
604,2
2653,1
2655,1
610,1
3174,4
615,1
616,2
2151,1
620,1
623,1
2672,1
626,2
627,1
628,1
631,1
632,1
2682,1
2684,1
637,1
2686,1
3094,2
640,1
2689,1
2690,2
2693,1
2497,1
648,1
649,1
650,1
653,1
2702,1
655,1
656,2
658,1
2711,1
664,1
2716,1
669,2
2720,1
2722,1
2725,1
680,1
684,1
685,1
686,1
2735,1
2738,1
3165,1
692,1
693,1
2743,1
697,1
699,1
2748,1
2749,1
703,1
707,1
708,1
2758,1
2759,1
2761,1
2765,2
718,1
719,1
723,1
2772,1
2169,1
728,1
2779,2
733,2
2782,1
2783,1
2786,1
2787,1
2788,1
2790,1
743,1
2795,2
2796,3
752,1
2801,1
757,1
762,2
764,1
765,1
2814,1
2816,1
770,3
2822,1
2177,1
2824,1
3231,1
2830,1
2861,1
2832,1
2834,2
2835,1
2836,1
2840,1
2842,2
2843,2
2844,1
798,1
799,1
2051,1
2852,2
2853,1
807,1
2733,1
2859,1
2866,1
814,1
2864,3
3208,3
818,1
2867,1
3307,2
3139,1
825,1
2874,1
2876,1
2880,1
2882,1
2886,1
2529,1
2888,2
841,1
2890,2
2892,2
2893,1
2894,1
2897,1
851,1
2901,1
2902,1
855,1
2114,1
861,1
866,1
2915,2
486,2
870,1
2919,2
2920,1
874,1
2925,1
878,2
2927,2
880,1
2929,1
2932,1
887,1
888,1
916,1
2939,1
892,1
2941,1
2942,2
895,2
2945,1
898,1
2947,1
2948,1
2065,1
902,1
2951,1
905,1
906,1
2955,1
908,1
911,1
179,1
2962,1
2964,2
2965,2
918,1
2967,1
2969,1
2970,1
923,1
2973,2
2974,1
2975,1
928,1
2978,3
3227,1
2980,3
2982,1
2545,1
937,1
2887,1
2988,1
941,1
942,1
2991,1
944,1
2993,1
2994,1
2995,1
950,1
2889,1
2052,1
3002,1
3003,2
3004,1
3005,1
2734,1
3007,1
962,1
3012,1
3013,1
966,1
3233,1
3018,1
503,1
162,1
3022,2
3023,1
976,1
978,1
979,1
3028,1
3029,4
3030,2
3031,1
984,1
3236,1
986,2
987,1
3036,2
2554,1
3038,2
3040,1
3041,1
3042,1
995,1
3045,1
3046,1
3047,1
1000,2
1001,1
3051,2
1005,1
3054,2
3055,1
3056,1
168,3
2899,1
2257,1
2966,2
1015,1
1016,1
3065,3
1018,1
511,1
1020,1
1021,2
1022,1
3071,1
3072,2
3073,1
1027,1
2352,1
854,1
2903,1
1037,1
1040,1
3089,1
3090,2
3092,1
1045,1
853,1
1047,1
3096,1
3097,1
1050,1
1051,1
3100,1
3101,1
3103,1
1056,1
1057,1
3106,1
2081,1
3104,2
3112,2
1066,2
3116,1
3120,1
520,1
1074,1
3123,1
3124,1
3127,3
3128,4
1081,1
1084,1
3133,3
3134,1
3173,1
3137,2
1091,1
3140,1
1093,1
3142,2
3143,3
3146,2
1100,1
3149,1
3151,1
3153,3
3154,2
1107,1
3157,1
3158,1
3159,2
3161,2
3417,2
3163,2
1116,1
1117,1
3166,2
1120,1
3169,1
3170,1
3259,1
1124,1
2918,1
1126,1
3176,1
3178,3
3180,3
3182,1
3183,1
3187,1
3188,3
3189,1
3191,1
1144,2
3193,1
3194,1
3196,2
3197,1
3199,1
3200,1
1153,2
3202,2
1157,1
3206,2
2241,1
1160,2
3209,1
3210,2
3212,1
3213,1
3214,1
3216,1
1169,1
1170,2
3219,1
1172,1
2926,2
3222,1
1175,1
1177,1
3226,4
1179,1
3228,2
2170,1
2245,1
3232,2
1185,1
1186,1
1187,1
1188,1
3237,2
3240,1
3241,2
2247,1
3245,2
3249,1
3250,1
1203,1
1204,1
3253,2
3254,1
3255,1
3257,2
3258,2
1211,1
3260,1
3263,4
3265,1
3266,1
3267,3
1220,1
3343,1
3271,1
3272,1
3273,3
2935,1
3276,2
3278,2
3280,1
2936,1
3282,1
1235,2
3284,2
3285,1
1238,1
1239,1
3288,2
3290,1
1243,1
3292,1
3293,3
3294,3
3295,3
1249,1
3298,1
3299,1
3301,1
3281,2
3304,1
2940,2
3306,1
1259,1
1260,1
1261,1
3310,1
3311,3
3312,1
552,2
3314,2
3283,1
3316,1
1269,1
3318,2
3320,2
3321,1
1274,2
3324,1
1277,1
3326,2
3327,1
214,1
1911,1
1287,1
3336,1
3337,1
1291,1
2946,1
1295,1
3344,1
1297,1
3347,1
1301,1
3350,1
3353,2
2266,1
3358,1
1312,2
560,2
3363,2
1316,1
2950,1
1319,1
1321,1
3371,1
3373,1
3374,1
3375,1
3376,2
1329,2
2090,1
3381,1
3382,1
2953,1
3384,1
3388,1
3389,1
565,1
3393,2
3394,2
3395,1
3297,1
1352,1
3405,1
3407,1
3408,1
2275,1
1364,1
1367,1
3416,1
1369,2
1372,1
3425,1
3426,1
3427,1
2569,1
114,1
3431,1
1384,1
1385,1
1386,1
3303,1
1256,1
3443,1
3446,1
1257,1
1400,1
1401,1
91,2
917,1
1409,1
235,1
1413,1
1414,1
1415,2
1417,1
3269,1
3309,1
1432,1
1433,1
1440,2
3489,1
1443,1
3251,1
2675,1
1453,1
1454,1
1467,1
1468,1
2163,1
1483,1
1489,1
1493,1
1494,1
1273,1
1504,1
1505,1
2299,1
1509,1
1511,1
1515,3
1518,1
3325,1
1520,1
3207,1
1523,1
1525,1
2985,1
2303,1
597,1
1536,1
1552,1
1563,1
1570,1
3053,1
1589,2
121,1
1595,1
1603,1
1611,1
3243,1
1614,1
3341,1
1618,1
270,1
3001,1
1625,1
1627,1
1629,2
1636,1
3345,1
1642,1
1643,1
1649,1
3006,1
1656,1
1659,1
3349,1
1667,1
1669,2
1670,1
1671,1
1672,1
1685,2
1691,2
2330,1
1698,2
1709,1
1713,1
1715,1
2335,1
2198,1
1729,1
971,1
1733,1
1737,2
1740,1
1743,1
1745,1
1749,1
1751,1
1752,1
2340,1
1756,1
1757,1
1758,1
2341,1
1762,1
1763,1
1766,2
3367,1
1773,2
2685,1
3135,1
1778,3
638,1
3369,1
1785,1
2346,1
981,1
1794,1
1796,2
1797,2
1800,1
1804,1
1325,1
401,1
3032,2
1819,2
1824,1
1825,1
3377,1
1834,1
2999,1
306,1
1838,1
3037,1
1841,2
990,1
1852,1
2698,1
1854,1
2357,1
1858,1
3383,1
312,2
1874,1
654,1
1879,1
267,1
2703,1
1887,1
3268,3
1893,1
1897,1
1903,1
3048,2
1907,1
1908,1
1910,1
3049,2
2263,1
1917,2
1918,1
1922,1
1924,1
1926,1
1935,1
1941,1
3287,2
3434,1
2375,1
1965,1
1969,3
1976,1
1839,1
1986,1
748,1
1993,1
3063,2
1998,1
3064,2
2003,1
334,1
2006,1
2008,1
2012,1
2015,1
336,1
3067,1
2027,1
3069,3
2042,1
2043,1
