0,13438
1,1320
2,14191
3,436
4,183
5,57
6,44
7,19
8,16
9,8
10,10
11,25
12,15
13,14
14,29
15,13
16,8
17,8
18,6
19,7
20,10
21,3
22,4
23,3
24,1
25,1
26,2
27,1
28,3
29,1
30,2
31,1
32,1
33,2
35,5
36,1
37,3
38,3
39,6
40,4
41,1
43,2
44,1
45,1
46,2
48,1
49,1
52,1
53,2
54,3
57,1
59,4
61,1
62,1
63,2
64,1
65,1
66,1
68,2
69,1
70,1
71,1
72,4
73,1
74,4
75,3
77,3
78,1
79,3
84,1
101,3
512,1
112,1
114,2
115,1
118,1
123,3
126,1
159,1
169,1
688,1
2738,1
1240,1
243,1
2303,1
261,1
407,1
