0,21785
1,3371
2,44168
3,1488
4,1001
5,467
6,331
7,253
8,259
9,219
10,195
11,209
12,189
13,169
14,150
15,129
16,107
17,87
18,81
19,60
20,46
21,30
22,29
23,22
24,15
25,12
26,9
27,9
28,5
29,7
30,3
31,2
32,4
33,8
34,7
35,9
36,10
37,10
38,14
39,23
40,9
41,4
42,3
43,2
46,3
47,1
48,2
50,3
52,1
56,2
58,1
59,2
572,1
61,2
62,1
64,1
68,2
69,1
72,1
75,2
1100,1
80,2
82,1
83,1
85,2
88,1
100,1
2241,1
155,1
162,1
1187,1
165,2
168,1
175,1
178,1
192,1
193,2
194,3
195,2
197,1
202,1
204,1
223,1
229,1
240,1
243,1
251,1
4861,1
255,1
266,1
267,1
272,1
314,1
1381,1
358,1
60,1
363,1
374,1
376,1
920,1
437,1
1464,1
503,1
