0,18213
1,26876
2,11810
3,3390
4,698
5,135
6,14
7,5
8,1
17,1
18,6
531,1
20,5
21,7
22,9
23,12
24,12
25,15
26,16
27,18
28,19
29,17
30,22
31,17
32,23
33,21
34,27
35,12
36,24
37,17
38,16
39,13
40,14
41,17
42,9
43,8
44,8
45,7
46,9
47,19
48,11
49,8
50,7
51,8
52,5
53,10
54,9
55,4
56,4
57,8
58,5
59,5
60,6
61,1
62,6
63,1
64,5
65,8
66,4
67,5
68,1
69,1
70,4
71,1
72,3
73,2
74,1
75,5
76,1
77,2
78,4
80,2
81,5
82,2
83,4
84,1
85,4
86,5
88,2
89,3
90,2
91,3
92,1
93,2
95,2
97,4
98,3
99,2
100,3
102,1
105,2
618,1
107,1
110,5
111,4
112,2
113,4
114,2
19,3
116,2
117,1
119,1
120,2
121,2
122,1
123,1
124,3
125,2
639,1
128,1
129,2
130,1
131,1
644,1
133,2
135,2
136,1
137,1
138,2
141,1
144,2
145,2
147,2
148,2
622,1
150,1
153,1
155,1
156,1
158,1
159,1
160,1
161,2
162,1
163,2
164,1
169,1
170,1
172,1
174,1
176,2
178,1
179,1
184,1
187,1
189,1
192,2
199,1
200,1
713,1
203,1
210,2
220,1
263,1
225,1
2277,1
231,1
233,1
237,1
242,1
127,1
262,1
775,1
272,2
132,2
559,1
293,1
303,1
619,1
308,1
283,1
839,1
329,1
330,1
333,1
824,1
378,1
115,1
6034,1
411,1
1071,1
429,1
456,1
973,1
