0,35426
1,4768
2,52763
3,6238
4,1294
5,502
6,475
7,134
8,111
9,73
10,51
11,52
12,38
13,45
14,49
15,55
16,50
17,53
18,80
19,77
20,101
21,91
22,113
23,95
24,104
25,87
26,95
27,83
28,73
29,66
30,70
31,58
32,40
33,64
34,58
35,64
36,72
37,61
38,66
39,71
40,58
41,27
42,7
43,8
44,6
45,5
46,5
47,3
48,4
49,4
50,3
51,3
54,2
55,3
57,2
59,2
60,1
62,1
64,1
65,1
66,1
67,1
70,1
72,1
73,1
74,1
75,2
76,2
77,1
78,1
591,1
80,2
81,1
82,1
83,1
84,3
85,3
86,3
87,2
88,5
89,1
90,1
91,1
92,1
442,1
95,1
609,1
98,1
100,1
615,1
104,1
107,1
620,1
512,1
113,1
117,1
630,1
119,1
135,2
103,1
142,1
147,1
154,1
155,1
157,1
670,1
2719,1
161,1
164,1
677,1
167,1
171,1
178,1
181,1
185,1
202,1
1570,1
717,1
209,1
210,1
218,1
2273,1
228,1
230,2
231,1
234,1
722,1
240,1
250,2
260,1
263,1
266,1
278,2
282,1
288,1
1313,1
295,1
647,1
813,1
306,1
1854,1
225,1
1866,1
333,1
343,1
2788,1
523,1
2407,1
361,2
394,1
399,1
401,1
1938,1
921,1
411,1
414,1
1691,1
423,1
1962,1
1978,1
1473,1
165,1
495,1
