0,11385
1,1312
2,14711
3,462
4,344
5,56
6,115
7,26
8,43
9,18
10,42
11,12
12,13
13,15
14,21
15,13
16,28
17,9
18,16
19,13
20,10
21,6
22,7
23,6
24,7
25,5
26,9
28,3
29,1
30,1
31,1
32,1
33,1
34,1
35,3
36,2
37,1
38,3
40,2
41,5
42,2
43,1
44,2
46,3
47,2
48,2
49,4
50,2
51,5
52,1
53,1
55,2
56,1
57,4
58,1
59,2
61,2
65,1
1035,1
70,1
73,1
84,1
88,2
90,1
101,7
102,2
105,1
106,1
110,1
114,1
116,2
117,1
118,1
2168,1
121,2
122,2
123,1
127,1
138,1
516,1
149,1
164,1
167,1
168,1
176,1
183,1
199,1
201,1
204,1
228,1
231,1
241,1
264,1
291,1
17191,1
313,1
5722,1
142,1
347,1
3938,1
367,1
910,1
438,1
460,1
510,1
