0,12795
1,892
2,11584
3,769
4,553
5,40
6,216
7,15
8,92
9,10
10,56
11,8
12,31
13,9
14,28
15,7
16,30
17,7
18,30
19,7
20,27
21,7
22,21
23,5
24,11
25,5
26,10
27,4
28,9
29,3
30,13
31,2
32,9
33,1
34,6
35,3
36,3
37,2
38,9
39,6
40,29
41,82
42,4
43,2
44,3
45,1
46,3
48,4
50,3
51,1
52,4
53,2
54,4
56,3
58,2
60,3
61,1
62,2
64,2
65,1
66,2
68,1
70,2
71,1
585,1
74,1
76,3
1613,1
78,1
80,1
81,1
82,3
84,2
86,3
88,1
1114,1
92,2
94,1
357,1
96,1
272,1
98,1
100,1
102,1
103,1
106,2
110,3
512,1
112,2
116,1
1141,1
118,2
120,1
121,1
124,1
130,2
131,1
132,1
138,1
140,1
144,1
657,1
148,1
149,1
150,1
155,2
156,1
158,1
159,1
675,1
164,2
171,2
172,1
174,2
687,1
692,1
182,1
183,1
187,1
188,1
117,1
192,1
194,1
198,2
200,1
201,1
718,1
207,1
212,3
218,1
46301,1
224,1
226,2
230,1
232,1
233,1
234,1
244,1
248,1
251,1
254,1
775,1
1803,1
268,1
781,1
784,1
276,1
280,2
284,1
1312,1
1313,1
300,1
301,1
302,1
310,2
111,1
313,1
845,1
336,1
347,1
570,1
869,1
873,1
368,1
382,1
384,1
1413,1
396,1
401,1
918,1
418,1
429,1
73,1
444,1
457,1
1486,1
464,1
484,1
1003,1
492,1
494,1
496,1
510,1
