0,23835
1,4678
2,51661
3,5666
4,2423
5,1027
6,685
7,330
8,260
9,173
10,120
11,96
12,95
13,83
14,79
15,82
16,89
17,94
18,67
19,84
20,60
21,52
22,42
23,49
24,34
25,23
26,22
27,19
28,18
29,27
30,28
31,35
32,37
33,24
34,40
35,38
36,34
37,32
38,48
39,33
40,21
41,10
42,4
43,7
44,4
45,7
46,10
47,3
48,2
49,3
50,1
1075,1
52,1
53,3
54,2
55,2
56,2
57,1
58,2
59,3
60,2
61,2
66,1
67,1
69,1
70,1
71,1
72,1
585,1
74,2
75,1
77,2
79,1
81,1
82,1
83,1
597,1
86,2
87,2
88,2
90,1
93,1
100,1
103,1
104,2
105,1
107,2
108,1
515,1
114,1
116,2
118,2
120,1
123,1
124,1
126,1
130,2
139,2
144,2
147,1
148,1
158,1
160,2
163,1
166,1
167,1
9756,1
170,1
171,1
1565,1
179,1
182,1
187,1
191,1
192,1
193,1
197,1
199,2
200,1
201,1
203,1
204,1
547,1
725,1
214,1
225,1
1251,1
239,1
757,1
2601,1
384,1
278,1
801,2
296,1
303,1
312,1
317,1
522,1
842,1
1361,1
341,1
353,1
362,1
876,1
365,1
2428,1
893,1
896,1
398,1
418,1
430,1
480,1
169,1
