0,11494
1,1138
2,13753
3,311
4,378
5,53
6,139
7,20
8,51
9,17
10,46
11,42
12,51
13,39
14,35
15,42
16,50
17,33
18,37
19,31
20,35
21,21
22,20
23,18
24,20
25,12
26,14
27,9
28,9
29,4
30,6
31,1
32,2
33,4
34,3
35,2
36,1
37,1
38,1
39,2
40,3
41,10
42,1
44,2
46,2
47,2
48,1
49,1
50,1
51,1
52,1
53,1
57,2
58,2
60,3
61,1
63,1
64,1
65,1
66,1
69,2
70,1
71,1
74,4
75,2
80,1
81,27
82,1
598,1
89,1
90,2
93,1
94,1
98,1
99,1
103,2
113,1
116,1
120,1
642,1
135,1
136,1
147,1
154,1
176,1
4802,1
195,1
3820,1
765,1
16002,1
289,1
2873,1
374,1
2962,1
469,1
494,1
