0,11882
1,1170
2,13769
3,250
4,367
5,43
6,132
7,28
8,77
9,29
10,50
11,27
12,58
13,33
14,47
15,34
16,49
17,32
18,42
19,31
20,38
21,28
22,30
23,23
24,30
25,14
26,19
27,20
28,26
29,19
30,17
31,17
32,9
33,12
34,12
35,7
36,15
37,8
38,13
39,4
40,24
41,142
42,3
43,4
44,4
45,3
46,3
47,1
520,1
51,3
52,5
53,1
54,3
56,1
57,2
58,3
59,1
60,1
61,3
64,1
65,4
66,2
69,1
70,1
73,3
1610,1
75,1
2124,1
79,4
84,1
86,3
88,1
92,1
1117,1
94,1
98,2
102,2
105,1
108,2
530,1
110,1
111,1
118,3
119,1
32889,1
1146,1
123,1
124,1
130,1
132,2
134,1
135,1
136,1
142,2
144,1
146,1
662,1
155,1
156,1
158,1
168,1
540,1
172,1
541,1
176,1
180,1
2229,1
182,2
188,1
196,3
197,1
199,1
200,2
201,2
208,1
213,2
122,1
720,1
1259,1
240,1
241,1
553,1
253,1
256,1
1797,1
262,1
266,1
281,1
284,1
292,1
49,1
297,1
302,1
311,1
312,1
325,1
848,1
342,1
354,1
355,1
1085,1
6526,1
383,1
385,1
387,1
1430,1
837,1
418,1
1959,1
943,1
552,1
