0,35426
1,4263
2,51644
3,5065
4,2108
5,238
6,1099
7,108
8,377
9,58
10,214
11,54
12,138
13,30
14,115
15,36
16,75
17,35
18,89
19,39
20,103
21,47
22,92
23,68
24,97
25,76
26,90
27,66
28,97
29,56
30,58
31,51
32,51
33,42
34,60
35,55
36,64
37,45
38,58
39,42
40,94
41,312
42,33
43,26
44,35
45,28
46,30
47,19
48,29
49,30
50,25
51,25
52,22
53,25
54,27
55,20
56,27
57,14
58,30
59,10
60,21
61,19
62,16
63,13
64,19
65,15
66,14
67,9
68,14
69,9
70,14
71,7
72,10
73,6
74,11
75,6
76,7
77,7
78,4
79,3
80,7
81,1
82,6
83,3
84,7
86,6
88,8
89,1
90,5
2139,1
92,6
93,2
94,3
95,5
96,3
97,1
98,6
99,1
100,15
101,13
102,4
104,5
105,2
106,5
107,1
108,3
109,1
112,3
113,1
114,4
115,1
116,3
117,3
118,4
2168,1
121,3
122,1
123,2
124,4
125,2
126,1
127,1
128,3
129,2
130,5
132,3
133,2
134,2
135,2
136,2
138,1
140,3
141,1
142,1
143,2
144,2
146,2
148,3
149,1
151,1
152,3
154,1
155,1
157,1
158,2
160,2
162,2
163,1
164,1
166,1
168,2
169,1
171,1
172,3
174,2
175,1
176,3
178,1
179,2
180,1
181,1
182,1
183,2
184,1
187,1
188,2
190,3
192,1
194,2
196,1
198,1
199,1
200,1
201,1
202,2
203,1
204,1
205,1
206,2
208,2
209,1
2258,1
216,2
217,1
221,1
222,1
223,1
224,1
225,2
230,1
233,1
236,1
240,2
2088,1
242,1
246,1
247,1
248,2
256,1
257,1
258,1
259,2
264,2
265,2
266,3
268,1
269,1
272,1
274,2
276,1
278,2
283,1
284,4
2334,1
288,1
293,1
294,1
297,1
299,1
4397,1
305,1
306,2
308,1
316,1
317,1
320,1
322,1
323,1
326,1
327,1
330,1
2103,1
334,1
336,1
339,1
340,2
341,2
342,1
6489,1
346,2
347,1
351,1
355,1
362,2
363,2
367,2
370,1
373,1
376,1
377,1
378,2
379,1
380,1
382,1
386,2
2436,1
389,1
392,1
393,1
403,1
409,2
410,1
413,1
415,2
422,2
2474,1
427,1
430,2
432,1
439,1
444,2
449,1
451,1
454,1
455,2
458,1
467,2
470,1
471,1
474,1
475,1
476,1
478,1
484,1
488,1
489,1
495,1
497,1
506,1
426,1
511,1
515,1
519,1
521,1
4618,1
528,1
529,1
539,1
543,1
2598,1
555,1
560,1
2609,1
566,1
569,1
570,1
572,1
4677,1
585,1
586,1
588,1
594,1
595,1
596,2
597,1
598,2
600,1
603,1
608,1
2666,1
631,1
632,1
649,2
656,1
661,1
662,1
664,1
665,1
668,1
673,1
679,1
681,1
683,1
700,1
716,1
718,1
120,2
722,1
4822,1
728,1
729,1
738,1
741,1
744,2
746,1
2175,1
764,1
767,1
771,1
778,1
788,1
818,1
832,1
835,1
2886,1
846,1
858,1
2907,1
868,1
886,1
890,1
894,1
895,1
914,1
916,1
938,1
958,1
1001,1
1025,1
1032,1
1059,1
1080,1
3159,1
1119,1
1129,1
1148,1
1163,1
1188,1
1220,1
1236,1
1237,1
210,1
1262,1
3316,1
2603,1
1288,1
1312,1
2269,1
1367,1
3488,1
5541,1
1456,1
1470,1
1530,1
1559,1
1565,1
1584,1
1599,1
1618,1
3676,1
1656,1
1672,1
1678,1
286,2
1727,1
3812,1
1805,1
1864,1
1926,1
1945,1
204736,1
