0,7934
1,1129
2,16743
3,323
4,242
5,32
6,97
7,24
8,42
9,22
10,33
11,13
12,15
13,9
14,9
15,4
16,7
17,2
18,3
19,1
21,3
22,4
23,2
24,2
25,1
26,2
27,2
28,2
30,4
31,3
32,2
35,2
36,1
38,2
41,2
42,2
43,1
44,1
45,4
48,1
51,2
53,1
56,1
58,2
59,2
62,1
63,1
66,2
67,1
68,1
69,2
72,1
75,1
80,2
93,1
100,1
101,1
102,1
105,1
113,1
119,1
121,1
123,1
126,1
127,1
135,1
138,1
141,1
143,1
145,1
147,1
153,1
165,1
171,1
172,1
178,1
205,1
1572,1
290,1
314,1
836,1
335,1
341,1
570,1
3429,1
4991,1
410,1
3034,1
494,1
