0,15651
1,2047
2,35777
3,1327
4,1344
5,346
6,654
7,292
8,416
9,223
10,287
11,139
12,205
13,107
14,131
15,63
16,75
17,47
18,44
19,30
20,34
21,15
22,31
23,22
24,31
25,15
26,33
27,16
28,19
29,9
30,15
31,8
32,16
33,10
34,13
35,5
36,11
37,6
38,8
39,6
40,7
41,31
42,11
43,1
44,9
45,2
46,2
47,3
48,4
49,2
50,6
51,1
513,3
53,1
54,7
55,2
56,2
57,2
58,4
59,2
60,1
61,2
62,1
63,1
65,10
578,1
67,1
68,2
69,1
71,1
2632,1
73,1
74,3
75,2
76,6
77,2
1102,2
89,1
80,1
81,1
82,3
83,2
84,2
85,1
88,2
601,1
90,5
1039,1
5724,1
93,3
94,2
95,1
96,5
5729,1
98,3
100,3
102,2
103,1
104,1
106,2
107,1
108,1
110,1
112,1
113,1
114,1
118,1
120,1
121,1
122,1
123,1
125,1
126,1
639,2
129,7
131,3
534,1
647,1
136,2
140,1
142,1
3215,1
145,1
2196,1
149,2
150,3
152,1
154,1
155,1
156,1
669,1
160,1
675,1
164,2
2726,1
167,1
1704,1
170,1
175,1
176,1
91,1
180,2
188,1
17085,1
1214,1
885,1
196,1
709,1
203,1
205,3
208,1
209,1
210,1
212,2
633,1
216,2
218,1
222,2
224,1
225,2
1764,1
231,1
232,1
234,1
1263,1
240,1
243,1
245,1
758,1
761,1
127,1
254,1
767,1
256,1
257,4
770,1
772,1
261,1
266,1
782,1
272,1
275,1
277,1
790,1
1306,1
133,1
801,1
291,1
295,1
296,1
811,1
1324,1
306,1
5939,1
310,2
1336,1
52,6
827,1
3390,1
258,1
836,1
737,1
852,1
625,1
608,1
346,1
352,1
6506,1
744,1
1395,1
372,1
373,1
1399,1
889,1
381,1
388,1
904,1
66,1
1426,1
404,1
405,1
410,1
7070,1
81392,1
422,1
1180,1
1037,1
944,1
72,2
270,1
414,1
954,1
448,1
454,2
976,1
472,1
79,1
479,1
887,1
2018,1
251,1
1008,1
168,2
504,1
340,2
