0,29394
1,2520
2,39812
3,2710
4,921
5,414
6,207
7,136
8,119
9,86
10,78
11,112
12,88
13,131
14,106
15,126
16,106
17,124
18,118
19,104
20,82
21,119
22,80
23,81
24,59
25,60
26,59
27,50
28,50
29,37
30,32
31,34
32,22
33,28
34,17
35,9
36,17
37,25
38,17
39,26
40,8
41,2
42,1
43,1
44,2
45,3
46,1
50,1
51,3
53,1
55,1
56,1
57,3
58,2
60,3
61,4
62,2
64,2
66,1
68,1
69,2
70,2
71,1
72,1
73,3
74,2
77,1
78,1
79,1
3152,1
85,2
86,3
90,1
93,1
100,2
101,10
107,1
116,1
121,1
123,1
125,1
128,1
132,1
135,1
136,3
143,1
148,1
156,1
161,1
2722,1
178,1
186,2
188,1
190,1
192,1
193,1
194,1
195,3
196,1
197,2
198,4
199,3
200,2
201,4
203,1
212,1
222,1
805,1
229,1
1258,1
750,1
261,1
267,1
268,1
273,1
1302,1
286,1
293,2
302,1
313,1
314,1
317,1
1351,1
333,1
357,1
370,1
3306,1
393,1
2462,1
581,1
428,1
434,1
1999,1
