0,23050
1,2820
2,45683
3,2234
4,2597
5,338
6,996
7,353
8,438
9,150
10,299
11,160
12,260
13,175
14,190
15,139
16,145
17,99
18,106
19,63
20,89
21,264
22,60
23,35
24,63
25,25
26,38
27,14
28,158
29,10
30,20
31,11
32,17
33,9
34,16
35,7
36,18
37,10
38,10
39,2
40,22
41,46
42,10
43,1
44,7
45,2
46,5
47,4
48,7
49,1
50,4
563,1
52,2
53,1
54,6
55,2
56,7
57,3
58,6
59,1
60,5
573,1
3646,1
181,1
64,3
577,1
66,6
67,2
68,3
69,3
70,3
71,2
7231,1
74,1
75,1
76,3
77,1
78,2
79,1
80,5
81,1
82,3
83,1
84,3
85,2
86,3
1112,1
601,1
90,1
92,1
93,1
94,4
95,1
96,3
97,1
98,1
553,1
100,1
3685,1
102,4
616,1
105,1
106,1
1643,1
108,1
549,1
110,2
1213,1
112,2
113,1
114,2
116,3
117,1
118,2
119,1
120,3
1145,1
634,2
125,2
128,3
107,1
132,1
133,1
1158,1
135,1
136,1
137,1
2186,1
139,1
140,3
141,1
142,1
146,3
147,1
149,2
663,1
152,1
153,2
154,4
367,2
156,1
158,1
453,1
160,2
624,1
162,1
164,1
165,1
168,3
169,1
170,2
199,1
517,1
370,1
541,1
178,1
179,1
1114,1
2229,1
182,2
183,1
1634,1
185,1
186,1
188,2
189,2
191,1
1728,1
194,1
715,1
196,1
197,1
2247,1
713,1
202,2
203,1
546,1
206,1
717,1
208,1
215,1
1030,1
219,1
732,1
122,1
223,1
224,2
225,1
226,1
739,1
228,1
229,1
230,2
295,1
236,1
750,1
240,4
758,1
244,1
1782,1
759,1
248,1
826,1
252,1
1152,1
260,2
520,1
1290,1
111,1
268,1
269,1
1296,1
273,1
274,2
788,1
1815,1
281,1
1860,1
218,1
287,1
802,1
291,1
134,1
807,15
296,1
298,2
3884,1
302,1
304,1
306,1
607,1
5435,1
316,2
318,1
319,1
1204,1
324,1
566,1
326,1
842,1
332,1
845,1
7224,1
340,1
8564,1
608,1
1119,1
570,1
350,2
355,1
366,1
61,3
3441,1
2930,1
372,1
62,3
290,1
376,1
63,1
1622,1
896,1
1411,1
388,1
903,1
139150,1
2115,1
916,1
1262,1
920,1
409,1
413,1
752,1
99,1
420,1
582,1
65,2
424,1
940,1
430,1
437,1
2657,1
88,1
3658,1
958,1
447,1
449,1
246,1
454,1
974,1
333,1
468,1
473,1
1500,1
2014,1
101,1
482,1
483,1
486,1
488,2
494,1
936,1
498,1
508,1
510,1
2165,1
