0,9238
1,1139
2,14101
3,358
4,350
5,33
6,94
7,21
8,46
9,17
10,31
11,11
12,33
13,16
14,15
15,11
16,11
17,7
18,7
19,2
20,3
21,2
23,1
24,2
25,1
27,1
28,4
32,2
547,1
36,2
38,1
39,2
40,1
41,3
42,1
43,1
44,2
45,1
51,1
52,2
567,1
56,1
57,2
58,1
59,1
62,1
5184,1
65,1
67,1
68,1
72,1
74,1
78,1
86,1
87,1
96,1
103,2
110,1
115,2
117,1
119,1
120,1
126,1
128,1
129,2
131,1
142,1
144,1
148,1
153,1
158,1
159,1
168,1
170,1
181,1
182,1
1764,1
14095,1
312,1
326,2
327,1
366,1
885,1
375,1
424,1
469,1
3047,1
