0,4253
1,12919
2,17595
3,16525
4,11561
5,6519
6,2976
7,1177
1032,1
1033,1
10,48
523,1
12,3
13,1
1045,1
25,1
538,2
27,2
90,6
30,1
31,3
32,2
33,4
34,3
35,7
36,7
37,8
38,8
39,12
40,6
41,8
42,10
43,9
44,6
45,10
46,16
47,14
48,11
49,13
50,12
51,3
52,9
53,9
54,13
55,8
56,5
57,4
58,7
59,13
60,10
61,7
62,7
63,11
64,7
65,9
66,8
67,4
68,6
69,6
70,4
71,8
72,7
73,6
74,5
75,2
76,6
77,2
78,1
79,4
80,7
81,6
82,6
83,4
84,5
85,1
86,3
87,7
88,5
89,2
602,1
91,7
92,4
93,2
29790,1
95,3
96,1
97,4
98,5
99,2
100,4
101,3
102,6
1639,1
106,2
107,2
108,2
110,1
111,2
112,4
113,3
626,1
115,4
116,4
117,3
118,6
119,3
120,1
121,4
122,5
123,4
125,1
126,4
128,2
129,2
130,1
131,2
132,1
133,2
135,3
136,3
1674,1
139,2
140,1
654,1
143,2
144,1
147,1
149,1
151,3
153,1
154,2
155,1
156,2
157,1
159,2
160,1
163,5
2724,1
165,1
678,1
625,1
169,3
170,1
171,3
882,1
174,2
175,3
176,3
177,1
1139,1
692,1
181,1
695,1
185,1
186,3
187,1
188,2
189,2
190,2
191,1
194,3
195,1
197,2
198,2
199,3
200,1
201,1
202,1
204,1
208,2
3794,1
212,1
214,2
217,3
2266,1
219,1
220,3
221,2
604,2
738,1
233,1
237,3
5665,1
240,1
242,1
243,1
244,1
245,2
8,400
248,1
249,1
251,1
766,1
256,1
257,1
258,1
179,2
775,1
776,1
1068,1
94,4
269,2
270,1
271,2
274,1
9,137
277,2
280,2
303,1
286,2
138,1
2857,1
300,2
1757,1
103,3
310,1
311,1
316,2
394,2
224,1
10055,1
454,1
908,1
844,1
334,2
335,1
11,7
339,1
342,1
966,1
345,1
355,1
359,1
362,2
876,1
183,1
3956,1
6522,1
381,1
382,1
3733,1
898,1
904,1
2954,1
1070,1
396,2
399,1
912,1
402,1
1940,1
9624,1
580,1
239,1
412,1
1954,1
1445,1
2036,1
448,1
2502,1
972,1
1127,1
466,1
2894,1
164,1
1498,1
702,1
480,1
166,3
593,1
488,1
167,1
500,1
505,1
1533,1
510,1
