0,14955
1,2447
2,45106
3,7006
4,1077
5,292
6,425
7,56
8,152
9,43
10,115
11,28
12,68
13,17
14,46
15,18
16,36
17,16
18,47
19,28
20,37
21,14
22,27
23,18
24,19
25,15
26,21
27,3
28,8
29,5
30,13
31,11
32,14
33,6
34,11
35,7
36,13
37,6
38,4
39,3
40,5
41,3
42,5
519,1
44,3
45,1
46,5
48,1
49,2
50,4
51,4
52,2
53,2
54,5
55,1
56,2
57,2
58,2
59,1
60,6
61,4
3646,1
63,1
64,1
65,2
66,2
67,2
68,2
69,1
70,3
71,2
72,1
268,1
74,3
75,2
76,1
77,2
78,1
6223,1
80,2
81,1
82,2
84,2
85,3
88,1
92,1
95,1
96,1
609,1
99,2
100,3
104,3
108,1
110,2
112,2
113,1
116,1
118,1
1044,1
3712,1
130,1
131,1
132,1
135,1
567,1
138,1
535,1
140,1
142,1
149,1
150,1
151,1
154,1
155,1
156,3
1221,1
13984,1
1648,1
1186,1
164,1
166,1
1137,1
168,1
1564,1
682,1
171,1
685,1
174,2
176,1
177,1
178,3
179,2
182,1
1210,1
192,1
194,1
709,1
198,1
201,1
518,1
210,1
212,1
1061,1
225,1
226,1
4850,1
1782,1
553,1
761,1
251,1
255,1
260,1
779,1
94221,1
270,2
271,1
4880,1
1298,1
14099,1
278,1
2329,1
2330,1
1317,1
3366,1
301,3
1328,1
1336,1
1162,1
324,1
331,1
844,1
336,1
343,1
346,1
357,1
361,1
364,1
1035,1
62,1
374,1
1108,1
389,1
391,1
2458,1
427,1
431,1
434,1
446,1
5060,1
161,1
3016,1
247,1
162,1
4048,1
471,1
79,1
476,1
483,1
678,1
488,1
502,1
505,1
597,1
