0,7968
1,1285
2,11523
3,330
4,245
5,43
6,71
7,25
8,47
9,22
10,33
11,15
12,16
13,12
14,8
15,6
144,1
17,2
146,1
147,1
20,4
21,2
665,1
24,1
25,1
28,5
285,1
286,1
133,1
32,2
36,1
38,3
296,1
41,1
42,1
44,3
49,2
51,2
30,2
23,1
58,1
59,3
60,2
138,2
62,1
1472,1
66,2
67,3
68,2
70,3
71,1
72,1
140,1
75,2
205,1
78,1
80,1
156,1
2772,1
214,1
128,1
143,1
94,1
95,1
84,1
16,5
100,1
101,1
361,1
4587,1
907,1
18,4
31,1
495,1
19,3
11326,1
118,1
119,2
120,1
148,1
123,1
127,1
