0,9199
1,1236
2,10987
3,379
4,366
5,35
6,120
7,16
8,62
9,14
10,34
11,13
12,25
13,12
14,26
15,13
16,13
152,1
18,13
19,5
20,10
21,7
22,5
23,1
24,6
25,3
26,2
27,5
28,2
29,2
30,3
409,1
32,2
33,1
34,1
35,2
164,1
37,1
38,1
551,1
40,1
145,1
42,1
43,2
50,1
47,1
1458,1
51,4
52,1
54,1
55,1
56,2
570,1
59,1
60,1
573,1
62,1
64,2
66,1
69,1
70,1
289,1
2473,1
4840,1
463,1
163,1
15318,1
36,2
92,1
58,2
137,1
379,1
101,3
17,10
818,1
39,1
146,1
369,1
150,1
118,1
119,1
377,1
123,1
45,1
