0,23152
1,3453
2,51610
3,3206
4,3093
5,469
6,1130
7,301
8,490
9,110
10,289
11,69
12,241
13,90
14,187
15,95
16,158
17,94
18,124
19,81
20,118
21,63
22,63
23,33
24,59
25,30
26,51
27,21
28,51
29,35
30,34
31,18
32,40
33,8
34,33
35,14
36,30
37,29
38,31
39,28
40,70
41,219
42,14
43,2
44,9
45,3
1070,1
93,2
48,5
561,1
50,7
52,13
53,3
54,6
567,1
56,6
57,2
58,10
1042,1
60,5
61,1
62,7
63,5
64,7
66,9
67,1
3652,1
69,4
70,3
1095,1
584,1
73,1
74,4
75,1
76,5
77,4
78,5
79,4
80,3
593,1
82,3
83,1
84,5
85,3
86,2
88,4
89,4
1114,1
91,2
92,2
1117,1
94,5
96,1
272,1
98,1
100,2
101,1
102,1
103,1
600,1
105,1
106,1
107,3
108,1
109,1
110,2
111,2
112,2
113,1
114,3
115,1
116,2
117,4
118,2
631,1
121,1
1658,1
1660,1
125,2
126,4
128,2
129,2
131,2
132,1
133,1
134,1
135,2
2696,1
140,1
175,1
143,2
144,3
1816,1
5736,1
90,5
150,2
537,1
154,2
817,1
156,1
538,1
158,4
601,1
160,1
162,2
164,1
166,1
167,1
168,2
540,1
170,3
517,1
173,2
541,1
180,2
181,1
2742,1
183,2
184,2
185,2
188959,1
188,1
191,1
192,2
544,1
194,2
459,1
199,1
200,2
202,1
718,2
2766,1
214,1
215,1
216,2
804,1
218,1
220,2
221,4
224,1
226,3
230,1
232,1
124,2
236,1
237,1
1661,1
59,1
242,1
243,1
638,1
349,1
247,2
248,1
761,1
251,1
764,1
1278,1
2304,1
260,1
773,1
265,1
266,1
1804,1
270,1
1100,1
273,1
274,1
275,1
277,1
790,2
279,1
280,2
388,2
282,1
47,4
104,3
288,1
801,1
838,1
2852,1
3462,1
295,1
808,1
299,1
562,1
304,1
136,1
818,1
309,1
310,1
603,1
313,1
314,1
1342,1
319,1
321,1
322,1
323,1
325,1
326,1
842,1
331,1
332,2
845,1
336,1
568,1
338,1
2900,1
1030,1
346,2
347,1
1594,1
881,1
1168,1
355,1
256,1
359,1
572,1
362,1
46,4
365,1
366,1
694,1
880,1
369,1
626,1
950,1
575,1
378,1
558,1
892,1
381,1
897,1
2436,1
2198,1
3974,1
904,1
151,1
628,1
1421,1
749,1
400,1
1230,1
404,1
414,2
416,2
419,1
933,1
934,1
241,1
936,1
71,3
2988,1
2477,1
430,1
432,1
72,2
434,1
437,1
438,1
7754,1
958,1
960,1
450,1
587,1
49,4
292,1
455,1
457,1
1379,1
460,1
7636,1
249,1
281,1
676,1
286,1
477,1
1158,1
481,1
486,1
488,1
1380,1
492,1
496,1
498,1
1261,1
500,2
1013,1
1526,1
8361,1
1018,1
1706,1
1023,1
