0,51441
1,6552
2,73260
3,5739
4,2795
5,377
6,1200
7,162
8,494
9,104
10,316
11,131
12,187
13,67
14,146
15,48
16,114
17,35
18,87
19,33
20,93
21,26
22,61
23,25
24,58
25,29
26,61
27,26
28,41
29,26
30,54
31,33
32,65
33,30
34,35
35,18
36,31
37,11
38,30
39,15
40,28
41,145
42,24
43,11
44,19
45,8
46,15
47,6
48,16
49,11
50,9
51,6
52,15
53,8
54,10
55,7
56,15
57,4
58,9
59,3
60,6
61,5
62,11
63,7
64,3
65,5
66,11
67,3
68,10
69,3
70,3
71,2
72,4
73,3
74,4
75,7
76,8
77,2
78,3
79,4
80,5
81,2
82,6
83,1
84,9
85,3
86,7
87,1
88,6
89,4
90,1
91,1
92,2
93,2
94,4
95,6
96,3
97,1
98,4
99,1
100,3
101,2
103,3
104,2
106,4
107,2
109,3
110,6
111,1
112,1
113,5
114,4
115,5
117,6
118,9
119,2
120,3
121,3
122,7
123,1
124,5
125,3
126,4
127,2
128,6
129,2
130,6
131,3
132,6
133,3
134,5
135,4
136,2
137,4
138,2
139,4
141,4
142,3
143,2
144,7
145,1
146,1
147,3
148,2
149,6
150,4
151,2
152,4
153,2
154,5
155,1
156,5
157,4
158,1
159,4
160,8
161,2
162,4
163,4
164,2
165,2
166,2
8359,1
168,4
169,3
171,2
172,2
173,1
174,4
2223,1
176,7
177,2
179,1
180,1
182,7
183,2
184,2
185,1
186,2
187,3
188,2
189,3
190,1
191,1
192,2
193,1
194,6
195,2
196,7
197,1
198,5
199,3
200,7
201,3
203,4
205,1
206,3
207,2
208,1
210,1
212,2
214,1
216,1
217,3
218,2
219,1
220,3
221,2
222,1
223,1
224,2
226,2
228,3
230,1
231,1
232,1
233,1
234,3
235,1
236,2
237,1
238,3
239,2
240,1
242,2
243,2
244,2
245,4
246,1
247,1
250,1
251,1
252,2
254,2
255,1
256,2
258,4
259,4
260,2
262,1
263,1
264,2
265,1
266,4
267,2
268,1
270,4
271,3
273,2
274,3
275,3
276,3
277,2
278,1
279,3
281,1
282,1
283,1
284,1
285,1
286,4
287,1
288,1
2337,1
290,3
291,2
295,3
296,1
297,1
298,1
300,1
301,4
307,1
308,1
309,2
310,2
312,2
314,2
315,1
316,3
317,3
319,1
320,1
321,3
322,1
324,1
325,1
326,1
327,1
330,1
331,3
332,1
334,2
335,1
337,1
338,1
340,2
341,2
344,1
345,1
346,1
349,2
350,2
351,2
353,1
354,1
356,2
359,1
361,2
362,2
363,1
365,1
369,1
373,2
374,3
377,1
380,1
382,2
383,1
384,1
385,1
386,1
388,1
390,2
391,2
392,1
393,2
394,2
395,1
396,1
405,1
406,1
407,1
408,1
411,1
414,1
415,1
417,1
421,1
422,1
423,1
428,2
429,1
432,1
434,1
436,1
442,3
444,1
448,1
453,1
458,1
459,1
462,1
464,1
465,1
466,1
467,1
474,1
475,1
479,1
497,1
2550,1
507,1
511,1
520,1
521,1
523,1
536,1
537,1
539,1
541,1
544,1
2593,1
549,1
554,1
2604,3
560,1
564,1
566,2
568,1
572,1
574,1
575,1
591,1
601,1
604,1
626,1
633,1
640,1
2695,1
653,1
656,1
666,1
669,1
691,1
719,1
722,1
727,1
750,1
770,1
779,1
782,1
806,1
4912,1
822,1
824,1
827,1
829,1
832,2
865,1
866,1
879,1
884,1
895,1
922,1
2972,1
948,1
7113,1
995,1
1001,1
1044,1
175,3
1052,1
9276,1
1088,1
1106,1
1107,1
1111,1
1138,1
1143,1
1167,1
1171,1
1172,1
1183,1
136386,1
1237,1
1258,1
1264,1
1298,1
1310,1
1320,1
3443,1
5492,1
4147,1
1421,1
1426,1
1448,1
1501,2
1532,1
1554,1
1576,1
1598,1
1662,1
5761,1
2674,1
1828,1
1862,1
6016,1
1932,1
2373,1
