0,24730
1,3306
2,59128
3,2822
4,1342
5,569
6,310
7,167
8,145
9,147
10,124
11,120
12,140
13,136
14,149
15,150
16,166
17,131
18,128
19,90
20,78
21,46
22,34
23,36
24,40
25,31
26,22
27,27
28,17
29,30
30,24
31,22
32,32
33,33
34,31
35,29
36,29
37,34
38,33
39,29
40,8
41,7
42,2
43,3
45,3
46,1
48,1
49,2
51,1
52,1
53,1
54,1
57,1
63,1
576,1
65,1
66,1
67,1
71,1
72,1
75,1
77,1
85,2
88,1
91,1
92,2
97,1
98,1
1042,1
110,1
1135,1
113,1
4727,1
122,1
123,1
129,1
132,1
1046,1
134,1
135,1
136,1
146,2
148,1
151,1
162,1
170,1
172,2
174,3
178,2
182,1
184,1
186,1
191,2
193,1
1484,1
119,1
210,1
214,1
1147,1
1256,1
234,1
758,1
271,1
273,1
284,1
285,1
133,1
290,1
320,1
358,1
896,1
906,1
398,1
940,1
450,1
968,1
460,1
1039,1
2025,1
