0,13607
1,1738
2,25744
3,398
4,397
5,47
6,91
7,16
8,55
9,6
10,18
11,5
12,11
13,4
14,5
15,4
16,1
17,2
18,3
19,4
20,5
21,1
22,2
23,2
24,3
26,4
27,1
28,1
29,1
30,4
31,1
32,2
37,1
38,4
39,1
40,3
41,3
46,2
47,1
50,1
51,1
52,2
53,1
56,2
61,2
62,1
65,1
578,1
68,1
6725,1
70,2
71,1
75,3
76,1
77,1
78,1
79,1
83,1
85,1
90,1
91,2
92,1
94,1
95,1
96,1
99,1
100,1
101,3
102,622
103,1
104,1
105,1
111,1
112,3
113,1
119,1
125,1
127,1
136,1
151,1
152,1
169,1
177,1
692,1
182,1
190,1
192,1
711,1
200,1
201,1
204,2
205,1
207,1
214,1
227,1
249,1
2306,1
265,1
292,1
294,1
826,1
335,2
338,1
7038,1
408,2
414,1
434,1
440,1
1002,1
506,1
