0,25917
1,2978
2,40040
3,2089
4,1088
5,439
6,233
7,164
8,131
9,135
10,141
11,159
12,165
13,144
14,129
15,119
16,111
17,84
18,91
19,81
20,79
21,41
22,49
23,43
24,44
25,27
26,25
27,27
28,24
29,19
30,16
31,13
32,19
33,14
34,10
35,10
36,14
37,26
38,39
39,24
40,27
41,28
42,1
44,3
45,2
46,3
47,1
48,2
49,3
50,3
52,2
53,1
54,4
55,1
57,1
58,2
59,1
60,1
61,1
62,2
63,1
66,1
73,1
74,1
76,2
592,1
83,1
88,1
89,1
92,1
93,1
96,2
98,1
615,1
630,1
125,1
1217,1
153,1
162,1
1705,1
170,1
193,1
196,3
197,1
209,1
210,1
211,1
213,1
215,1
1245,1
222,1
223,2
226,1
3830,1
248,1
1292,1
269,1
1296,1
1315,1
294,1
1832,1
3634,1
823,1
320,1
1362,1
1597,1
915,1
438,1
443,1
453,1
489,1
