0,21334
1,2732
2,45167
3,1362
4,1719
5,206
6,900
7,147
8,500
9,162
10,310
11,171
12,288
13,176
14,212
15,133
16,164
17,116
18,136
19,63
20,95
21,60
22,68
23,42
24,38
25,42
26,33
27,20
28,31
29,7
30,21
31,8
32,24
33,3
34,16
35,1
36,8
37,10
38,13
39,6
40,13
41,59
42,7
43,3
556,1
45,2
46,8
560,2
50,5
51,2
52,4
54,6
55,1
56,3
1593,1
58,5
59,2
60,7
61,2
62,7
63,3
64,5
65,1
66,2
67,1
68,1
69,1
70,2
6566,1
72,1
73,1
74,1
587,2
76,4
1122,1
78,1
80,1
81,1
594,1
83,4
84,2
85,1
86,2
87,1
88,1
89,1
90,5
92,1
93,1
94,3
101,2
528,1
98,3
100,4
613,1
102,1
103,2
104,1
106,1
107,1
108,1
110,2
112,1
113,1
114,2
116,4
629,1
118,1
120,2
532,1
123,1
1130,1
126,1
130,1
131,1
7250,1
133,3
134,1
135,1
136,1
138,2
2071,1
140,2
142,2
143,1
144,3
145,1
658,2
659,1
148,1
149,1
150,1
151,2
152,2
154,1
155,1
156,2
157,1
158,1
159,2
161,1
1188,1
198,2
1190,1
540,1
170,1
172,2
685,1
174,1
177,1
690,1
181,1
182,1
184,1
698,1
2079,1
188,1
189,1
1220,1
710,1
199,1
200,1
518,2
203,1
206,1
207,4
208,1
120017,1
210,1
3161,1
215,1
216,1
217,2
598,1
222,2
740,1
229,1
178,1
234,1
235,1
2287,1
240,1
242,1
757,1
246,1
248,1
251,1
252,1
253,1
766,1
1281,1
258,1
1323,1
262,1
44,4
780,1
271,1
278,1
280,1
1305,1
282,2
285,1
288,3
48,7
290,1
292,1
1322,1
299,1
562,1
814,1
818,1
307,1
8501,1
310,1
823,1
314,1
316,2
650,1
309,1
2880,1
838,1
2892,1
684,1
667,1
57,2
344,1
345,1
1882,1
858,1
350,1
485,1
352,1
353,1
356,1
1937,1
365,1
366,1
1085,1
883,1
268,1
384,1
390,1
401,1
3986,1
1427,1
407,1
410,1
751,1
412,1
414,1
417,2
440,1
421,1
1958,1
924,1
1450,1
1048,1
948,1
438,1
952,1
444,1
1470,1
75,2
454,1
1481,1
970,1
1998,1
77,1
978,1
989,1
1701,1
484,1
1446,1
486,1
487,1
3561,1
306,1
82,2
1194,1
2558,1
