0,13457
1,1997
2,25094
3,448
4,767
5,52
6,29
7,12
8,7
9,6
10,5
11,5
12,1
13,2
14,3
15,2
17,1
18,1
19,3
20,3
22,2
23,1
24,1
25,4
26,2
27,1
28,3
29,1
30,2
31,1
2080,1
33,1
35,1
36,1
37,2
38,1
39,1
42,2
43,1
46,1
50,1
54,2
56,1
57,1
58,1
62,1
64,1
66,1
70,1
72,1
73,1
74,1
75,1
79,1
80,1
82,1
83,1
84,1
86,1
87,1
90,2
92,1
93,1
96,1
100,1
101,2
112,4
113,1
115,1
121,1
140,1
158,1
159,1
160,1
162,1
165,1
168,1
170,1
687,1
32,1
706,1
195,2
196,1
197,1
219,1
224,1
238,1
239,1
244,1
257,1
277,1
283,1
852,1
418,1
420,1
1002,1
