1024,1
1,13514
2,18524
3,17030
4,11250
598,2
0,4253
7,881
520,1
9,83
10,22
11,3
12,1
1039,1
174,1
2234,1
536,1
25,1
27,2
30,1
31,3
32,2
33,4
34,4
35,6
36,7
37,8
38,8
39,12
40,6
41,8
42,10
43,9
44,6
45,10
46,16
47,14
48,12
49,12
50,12
51,3
52,10
53,8
54,13
55,8
56,5
57,4
58,8
59,13
60,9
61,7
62,7
63,12
64,7
65,9
66,7
67,5
68,5
69,6
70,4
71,9
72,6
73,6
74,5
75,2
76,6
77,2
590,1
79,4
80,7
81,6
82,6
83,5
84,4
85,1
86,3
87,7
88,5
89,4
90,4
91,7
92,4
93,2
94,4
95,3
96,1
97,4
98,5
99,2
100,4
358,1
102,5
103,3
106,2
107,2
108,2
622,1
111,2
112,4
113,3
115,4
116,4
117,3
118,6
119,3
120,1
121,5
122,6
123,2
874,1
126,4
128,2
129,2
130,2
131,1
132,1
133,2
134,1
135,2
136,3
1132,1
138,1
139,2
140,1
9410,1
143,2
144,1
147,1
149,1
151,3
153,1
154,2
155,2
156,1
157,1
159,2
160,1
162,1
675,1
164,1
165,1
166,4
168,1
169,2
170,3
171,1
173,1
686,1
175,4
176,2
177,1
179,2
180,1
693,1
182,1
3700,1
186,4
187,1
188,1
189,2
190,2
191,1
620,1
194,3
195,1
197,2
198,2
199,3
200,2
202,1
204,1
208,2
1059,1
212,1
214,2
216,1
217,2
1730,1
219,1
220,2
221,2
735,1
224,1
1062,1
232,1
2793,1
235,1
236,1
110,1
238,1
125,1
240,1
241,1
243,2
244,1
894,1
8,236
760,1
249,1
251,1
255,1
257,1
258,1
771,1
537,1
3845,1
774,1
269,2
270,1
271,2
2008,1
274,1
277,2
1652,1
280,2
299,1
601,1
285,1
286,1
237,1
2849,1
2675,1
647,1
300,1
303,1
3635,1
310,2
314,1
315,1
5,5910
836,1
5446,1
334,3
339,1
2901,1
342,1
344,1
355,1
9062,1
362,2
875,1
1907,1
378,1
382,1
576,1
899,1
900,1
1925,1
392,1
393,2
395,1
910,1
398,1
6236,1
401,1
2450,1
218,1
1434,1
412,1
6,2414
185,1
959,1
448,1
1123,1
964,1
453,1
1479,1
697,1
245,1
248,1
466,1
163,4
78,1
24536,1
475,1
101,4
486,1
1617,1
1516,1
499,1
503,1
508,1
1023,1
