0,12351
1,1508
2,19753
3,543
4,307
5,99
6,80
7,47
8,33
9,34
10,27
11,18
12,18
13,22
14,18
15,17
16,16
17,7
18,11
19,12
20,11
21,6
22,6
23,2
24,12
25,8
26,15
27,16
28,8
29,4
30,2
31,4
32,4
33,1
34,3
35,2
37,1
38,1
39,2
40,4
41,3
44,1
45,1
46,2
48,3
49,3
52,3
53,2
55,1
56,1
57,1
59,1
60,2
62,2
63,1
65,1
73,2
74,1
88,1
90,2
91,2
92,2
93,4
94,3
95,2
96,4
97,3
99,1
105,1
111,1
627,1
119,1
122,1
128,1
131,1
133,1
136,1
140,1
143,1
151,1
161,1
166,1
115,1
544,1
198,1
201,1
203,1
205,1
207,1
208,1
210,1
211,1
212,1
214,1
216,1
222,1
223,1
240,1
1065,1
305,1
825,1
319,1
335,1
341,1
2001,1
2536,1
