0,4321
1,11466
2,13531
3,10988
516,1
5,3166
6,1255
7,431
8,135
9,40
10,9
1547,1
527,2
533,1
535,1
1049,1
543,1
546,2
39,1
2092,1
45,1
47,1
48,2
264,1
51,1
52,3
53,2
54,4
55,2
56,3
57,5
58,5
59,3
60,3
61,7
62,6
63,4
64,4
65,5
66,4
67,4
68,5
69,5
70,8
71,6
72,9
73,7
74,8
75,6
76,6
589,1
78,8
79,9
80,4
81,3
82,8
83,3
84,6
85,5
86,3
87,6
88,9
89,3
90,3
91,1
92,5
93,5
94,4
2143,1
96,7
97,8
98,4
99,3
100,6
101,2
102,4
103,2
104,4
105,2
106,3
107,4
108,2
109,3
110,3
111,1
112,1
113,2
114,1
115,3
116,3
117,3
118,4
119,2
120,1
122,2
123,2
124,3
126,1
128,1
129,3
130,2
131,4
132,2
133,1
134,2
135,3
136,3
137,3
138,1
651,1
140,1
141,2
142,1
143,2
144,1
145,1
146,2
12435,1
148,2
149,3
150,3
151,3
667,1
156,2
157,2
158,2
159,1
160,2
161,1
164,2
3270,1
166,1
167,3
171,2
174,1
178,2
179,1
180,2
182,4
183,1
184,2
187,1
188,2
202,1
190,2
191,3
193,1
195,3
197,1
198,1
200,1
201,1
714,1
203,1
206,1
210,1
211,1
724,1
213,1
215,2
216,1
218,2
219,1
220,2
224,1
225,1
230,1
232,1
236,1
237,2
246,1
249,1
250,1
251,1
253,1
254,1
255,1
256,1
257,1
259,1
537,1
263,1
1288,1
642,1
271,1
273,1
274,1
276,1
278,1
280,1
815,1
260,1
287,1
288,2
291,2
292,1
49,2
95,1
813,1
1101,1
303,1
306,1
308,1
821,1
1161,1
312,1
313,2
317,1
309,1
321,1
139,4
324,1
3914,1
333,1
343,1
344,1
348,2
349,1
863,2
352,2
361,1
376,1
383,1
6024,1
906,1
396,2
399,1
579,1
2465,1
419,1
1444,1
4,6590
940,1
1327,1
434,1
437,1
1464,1
444,1
445,1
456,1
1481,1
461,1
462,1
77,6
466,1
469,1
702,1
1125,1
