0,22154
1,2172
2,41922
3,2148
4,1163
5,449
6,296
7,265
8,235
9,235
10,209
11,209
12,170
13,171
14,153
15,122
16,110
17,87
18,70
19,67
20,47
21,38
22,30
23,26
24,18
25,20
26,18
27,16
28,18
29,11
30,11
31,12
32,8
33,5
34,7
35,9
36,2
37,15
38,13
39,16
40,9
41,10
42,2
43,1
44,2
45,1
46,1
51,4
52,1
53,2
55,1
56,1
58,3
61,1
62,1
63,1
64,2
65,1
67,1
70,1
76,1
1101,1
78,1
80,1
84,1
86,1
88,1
92,1
93,1
99,1
613,1
105,1
1131,1
108,1
110,1
117,1
123,1
132,1
134,1
137,1
147,1
149,1
151,1
178,1
179,3
181,1
182,1
184,1
192,1
193,1
195,1
198,1
203,1
209,1
211,1
212,1
219,1
223,1
238,1
251,1
807,1
818,1
312,1
316,1
321,1
354,1
1386,1
1054,1
940,1
434,1
947,1
967,1
488,1
4087,1
