0,22255
1,5419
2,73624
3,1609
4,778
5,270
6,163
7,83
8,64
9,55
10,25
11,29
12,27
13,16
14,19
15,27
16,28
17,29
18,24
19,23
20,22
21,34
22,30
23,43
24,108
25,56
26,31
27,7
28,7
29,6
30,5
31,3
32,3
33,2
34,2
35,3
36,4
37,6
38,13
39,7
40,3
41,2
42,4
43,1
44,1
46,2
47,2
48,2
49,1
52,1
54,1
55,1
56,1
58,2
59,3
60,1
61,1
62,2
63,2
64,1
65,1
66,1
67,2
68,2
70,2
71,2
73,1
74,2
76,1
77,1
78,2
80,1
81,1
83,1
84,1
87,1
89,1
90,1
91,1
96,1
1026,1
105,1
107,1
111,2
116,1
632,1
127,1
1027,1
135,1
142,1
145,1
147,1
153,1
154,1
155,1
161,1
166,1
174,1
176,2
177,3
179,1
186,1
191,1
193,1
194,1
196,1
199,1
202,1
209,2
217,1
1247,1
736,1
225,1
1251,1
236,1
242,1
2293,1
553,1
3320,1
257,1
258,1
261,1
286,1
288,1
814,1
306,1
312,1
365,1
5055,1
972,1
