0,5481
1,10480
2,7396
3,3534
4,1165
5,320
6,74
7,15
8,3
10,1
21,2
24,3
25,2
26,2
27,3
28,3
29,4
30,8
31,10
32,6
33,2
34,5
35,6
36,7
37,6
38,6
39,6
40,5
41,2
42,3
43,3
44,3
45,6
46,4
47,7
48,6
49,4
50,6
51,7
53,3
55,5
56,6
57,7
58,2
60,3
61,3
2622,1
63,7
64,2
65,4
66,4
67,4
68,2
581,1
70,2
71,1
72,3
73,1
75,3
77,1
79,1
80,3
81,2
82,1
83,2
86,2
87,1
88,1
89,1
90,2
91,1
92,1
93,1
94,2
96,2
97,1
98,4
101,1
103,1
104,2
105,2
110,1
113,1
114,2
119,1
121,1
125,1
128,1
134,1
135,1
136,1
137,1
140,1
655,1
145,1
4243,1
149,1
154,1
158,1
160,1
161,1
167,1
168,1
169,1
170,2
175,1
177,1
200,1
201,1
205,1
208,1
209,1
547,1
212,1
213,1
215,1
219,1
231,3
637,1
263,1
1292,1
1293,1
787,1
790,1
286,1
303,1
315,1
317,1
327,1
328,1
370,1
62,1
892,1
2440,1
666,1
69,1
439,1
442,1
672,1
454,1
475,1
995,1
497,1
504,1
