0,35183
1,4082
2,55366
3,4202
4,1931
5,233
6,1012
7,86
8,339
9,64
10,220
11,51
12,140
13,47
14,113
15,50
16,81
17,30
18,72
19,29
20,58
21,33
22,67
23,28
24,57
25,38
26,65
27,46
28,82
29,37
30,59
31,36
32,37
33,26
34,34
35,21
36,35
37,25
38,35
39,27
40,36
41,162
42,39
43,41
44,39
45,36
46,36
47,27
48,40
49,29
50,28
51,37
52,30
53,27
54,32
55,20
56,36
57,16
58,35
59,16
60,29
61,18
62,19
63,20
64,22
65,18
66,20
67,13
68,20
69,7
70,12
71,6
72,14
73,6
74,9
75,9
76,11
77,7
78,5
79,1
80,12
81,3
82,5
83,2
84,10
85,3
86,2
87,3
88,4
89,2
90,7
91,2
92,6
93,3
94,3
95,3
96,3
97,3
98,4
99,3
100,8
101,7
102,10
103,1
104,1
105,2
106,1
107,1
108,1
109,2
110,2
111,1
112,5
113,1
114,1
116,5
117,3
118,6
120,1
121,2
122,1
123,1
124,5
125,1
126,4
127,1
128,2
129,2
130,2
131,1
132,5
133,3
134,2
135,1
136,4
137,1
138,2
139,1
140,3
141,1
142,1
143,1
144,2
145,1
146,2
147,1
148,1
150,2
151,2
152,3
153,4
154,1
155,1
156,3
157,2
158,1
160,1
161,1
162,3
163,1
164,1
165,1
166,2
168,2
169,4
170,2
172,2
174,2
175,2
176,3
177,1
178,4
179,1
180,2
181,1
4278,1
183,1
184,2
185,1
188,1
189,2
190,1
191,3
2240,1
195,2
196,3
198,2
199,2
200,5
201,6
203,3
204,1
206,2
207,1
211,1
212,2
216,1
1060,1
218,1
2269,1
222,1
2085,1
225,1
226,2
227,1
229,3
230,2
232,1
233,1
236,3
238,1
240,2
4337,1
242,1
244,2
246,2
249,1
2298,1
257,1
263,1
269,2
276,1
277,1
284,1
2334,1
288,2
291,1
292,1
293,3
296,2
298,1
301,1
305,1
306,1
307,1
310,1
312,1
313,1
314,1
316,2
317,1
2370,1
323,1
325,1
326,1
329,1
330,1
336,2
4433,1
338,2
344,1
346,1
349,1
352,1
353,2
2402,1
358,1
362,1
363,2
2414,1
367,1
368,3
378,2
386,1
392,2
394,2
400,1
404,1
406,1
409,1
2457,1
410,1
418,1
2118,1
428,2
430,1
436,1
444,1
449,1
452,1
460,1
464,1
467,1
472,1
479,1
483,1
484,1
487,1
492,1
497,2
508,1
516,1
519,1
521,1
524,2
527,1
530,1
532,1
534,1
554,1
2603,1
562,1
596,1
608,1
611,1
2666,1
637,1
647,1
651,1
652,1
680,1
686,1
689,1
692,1
696,1
697,1
705,1
711,2
2768,1
721,2
4839,1
764,2
790,1
807,1
813,1
818,1
832,1
844,1
858,1
859,1
868,1
872,1
890,1
907,1
908,1
913,1
973,1
3025,1
3037,1
994,1
1012,1
1022,1
1039,1
3104,1
150564,1
1094,1
1109,1
1111,1
1116,1
1142,1
192,1
2243,1
1202,1
1213,1
1220,1
1226,1
217,2
1317,1
1358,1
3467,1
1465,1
1474,1
7691,1
1604,1
1632,1
1673,1
286,1
1770,1
1820,1
1872,1
1942,1
1977,1
2010,1
