0,22008
1,2761
2,36703
3,823
4,1242
5,198
6,389
7,95
8,169
9,55
10,140
11,60
12,114
13,70
14,93
15,77
16,99
17,62
18,95
19,88
20,72
21,78
22,68
23,54
24,77
25,64
26,54
27,47
28,67
29,49
30,44
31,53
32,48
33,26
34,29
35,36
36,27
37,24
38,27
39,19
40,67
41,377
42,6
43,3
44,7
45,5
46,3
47,1
48,5
49,3
50,7
51,2
52,3
53,1
54,1
55,2
56,4
57,1
58,2
59,2
572,1
61,1
62,3
63,1
64,3
65,3
66,4
67,1
68,2
69,1
70,1
71,2
72,3
74,1
75,1
76,2
866,1
79,2
80,2
81,2
82,3
84,1
85,1
86,2
87,1
88,3
89,2
90,2
91,1
92,3
94,5
96,5
98,1
100,1
613,1
103,1
1128,1
106,3
107,1
108,4
111,2
112,3
104,2
114,2
115,1
117,1
118,2
120,2
122,1
123,1
124,1
126,1
533,1
130,2
131,1
132,2
134,1
135,1
136,1
535,1
141,1
143,1
144,2
145,1
148,1
149,1
151,2
152,2
155,3
156,1
158,3
3233,1
1698,1
167,1
170,1
683,1
172,1
174,1
687,1
177,1
178,1
179,2
180,2
181,1
183,1
184,2
188,2
194,1
195,1
197,1
198,1
199,1
1737,1
202,1
204,2
205,2
209,1
211,1
212,1
213,1
215,2
216,1
219,1
222,1
805,1
224,2
226,2
4134,1
232,1
892,1
235,1
236,1
749,1
240,1
244,1
247,1
248,1
253,1
254,1
256,1
262,1
810,1
557,1
274,1
1066,1
276,1
279,1
1304,1
644,1
282,1
800,1
1328,1
1829,1
296,1
298,1
300,1
1074,1
304,1
308,1
2360,1
316,1
320,1
322,1
326,1
330,1
1868,1
343,1
860,1
351,1
354,1
60,1
3946,1
1906,1
380,1
387,1
388,1
906,1
398,1
400,1
401,1
406,1
413,1
418,1
1606,1
432,1
947,1
5557,1
440,1
1979,1
961,1
454,1
458,1
17868,1
162,1
77,1
2005,1
984,1
474,1
2012,1
483,1
1002,1
61935,1
5119,1
