0,20696
1,3186
2,54629
3,2496
4,2556
5,389
6,856
7,162
8,407
9,131
10,243
11,111
12,233
13,116
14,177
15,133
16,167
17,133
18,117
19,75
20,90
21,58
22,77
23,55
24,54
25,36
26,53
27,26
28,33
29,20
30,24
31,14
32,26
33,17
34,22
35,14
36,28
37,19
38,31
39,32
40,51
41,149
42,9
43,1
44,11
45,2
46,6
47,2
48,9
49,4
50,3
51,4
52,8
53,3
54,6
55,3
56,3
569,1
58,7
571,1
60,5
61,2
62,6
63,1
64,8
65,2
66,6
67,2
68,6
69,2
70,5
71,1
72,4
73,1
74,2
75,1
76,4
77,1
78,5
80,3
952,1
82,5
83,2
84,1
85,2
86,2
87,2
88,6
89,1
90,3
527,1
92,4
94,5
95,3
96,2
97,2
98,2
99,1
100,4
101,1
102,5
103,1
600,1
3178,1
107,1
108,2
109,2
1647,1
112,5
113,1
626,2
116,3
118,1
120,2
1044,1
122,1
123,1
106,4
126,2
128,2
129,1
1154,1
132,6
2181,1
134,2
135,1
648,1
138,3
139,1
652,1
141,1
142,1
143,1
146,3
148,1
150,2
666,1
155,1
538,1
158,3
159,1
160,1
162,1
165,1
166,1
167,3
168,2
169,2
170,3
172,2
173,1
175,1
176,1
200,1
91,2
181,1
1041,1
1208,1
1587,1
191,1
705,1
194,4
196,2
2081,1
2773,1
713,1
1226,1
204,1
290,1
206,1
210,1
211,1
212,1
1749,1
215,1
216,3
217,1
1242,1
219,1
732,1
2903,1
734,1
1061,1
226,1
2275,1
178,2
232,1
236,1
238,1
239,2
552,1
1266,2
243,1
638,1
246,1
1783,1
248,1
250,1
870,1
255,3
258,1
1283,2
772,1
262,1
2433,1
268,1
2690,1
270,1
272,1
786,1
121,1
2094,1
278,1
7385,1
1028,1
218,1
1312,1
1826,1
291,1
292,1
294,1
296,1
298,1
2860,1
3374,1
304,2
307,1
308,1
222,2
528,1
1255,1
992,1
324,1
1078,1
326,1
130,1
6481,1
2386,1
57,3
1665,1
346,1
148315,1
350,2
1205,1
2619,1
716,1
359,1
363,1
364,1
365,2
366,2
1032,1
374,1
888,1
378,1
319,1
381,1
384,1
1409,1
386,1
662,1
748,1
394,1
913,1
1263,1
154,1
411,1
241,1
938,1
428,1
1454,1
943,1
436,1
13240,1
3515,1
4540,1
446,1
1984,1
449,1
452,1
966,1
456,1
2284,1
731,1
463,1
1492,1
470,1
472,1
4572,1
480,1
592,1
81,1
488,1
1002,1
338,1
498,1
501,2
502,2
508,1
276,1
