0,6671
1,4185
2,2539
3,1636
4,940
5,615
6,401
7,239
8,151
9,138
10,78
11,80
12,70
13,56
14,38
15,40
16,31
17,25
18,35
19,22
20,23
21,23
22,18
23,26
24,21
25,17
26,15
27,10
28,9
29,8
30,13
31,8
32,8
33,8
34,7
35,10
36,5
37,6
38,9
39,9
40,4
41,4
42,6
43,8
44,11
45,5
46,4
47,3
48,7
49,2
50,6
51,7
52,5
53,3
54,5
2057,1
56,5
57,6
58,6
59,2
60,9
62,2
63,4
64,4
65,2
66,1
67,1
68,4
69,4
70,7
72,2
73,5
74,5
75,4
76,1
77,1
78,1
79,4
80,5
82,1
84,2
85,2
86,2
87,1
88,2
89,1
91,5
92,3
93,3
94,1
95,3
98,2
99,2
100,2
101,2
102,4
2065,1
105,1
106,4
109,2
110,1
111,3
112,2
114,2
115,1
116,1
2165,1
361,1
2168,1
121,1
122,1
2171,1
124,2
125,2
126,2
127,1
128,1
130,3
131,1
133,3
135,4
2184,1
138,2
139,1
142,1
143,2
144,2
145,1
146,1
147,1
148,1
150,1
151,1
153,2
154,1
155,1
156,1
157,1
158,2
159,3
160,1
161,1
162,1
164,1
165,1
167,1
168,1
169,1
172,1
173,1
178,3
179,1
180,1
181,2
184,2
2234,1
2235,1
189,1
190,2
2244,1
197,1
2246,1
199,1
201,1
202,1
2252,1
205,2
206,1
208,1
210,1
2265,1
219,1
220,1
221,1
227,1
2086,1
231,1
232,2
2281,2
234,2
235,1
239,1
242,1
243,1
2292,1
247,2
248,2
249,1
250,1
255,1
258,1
259,1
2774,1
264,2
265,2
2314,1
271,1
275,2
280,3
2329,1
2330,1
287,1
288,1
290,1
298,1
301,1
2781,2
306,1
311,1
2100,1
314,1
317,1
2366,1
322,1
2371,1
324,1
329,1
332,1
335,3
341,1
343,1
344,1
2395,2
348,1
2397,1
2107,1
357,1
2108,1
365,1
2422,1
2425,1
384,1
389,1
2441,1
399,1
405,1
408,1
2117,1
2118,1
422,1
2471,1
425,2
2474,2
429,1
430,1
2481,1
3001,1
2491,1
2492,1
447,1
449,1
450,1
468,1
3150,1
472,1
474,1
478,1
3152,1
2531,1
2548,1
510,1
2561,1
2564,1
521,1
522,1
2577,1
2589,1
542,1
548,1
2598,1
551,1
553,1
2607,1
2608,1
2143,1
2623,2
2624,1
578,1
591,1
593,1
2648,1
608,1
2659,1
2663,1
2666,1
103,3
2669,1
2670,1
2673,1
631,1
2154,1
2689,1
2691,1
644,1
2693,1
646,1
647,1
2697,1
2698,1
2699,1
652,2
2708,1
669,1
2718,1
676,1
2733,1
2738,1
2739,1
2744,1
698,1
2751,1
117,2
2752,1
705,2
2754,1
2755,1
714,1
2763,1
2769,1
726,1
727,1
2776,1
2778,1
2779,1
733,1
123,1
2788,1
2790,1
746,1
2797,1
2800,1
2803,1
2806,1
2857,1
2812,1
2813,1
2815,2
2816,1
2818,1
2827,1
2828,1
2178,1
2831,1
2833,1
2413,1
2840,1
2841,1
794,1
2843,1
2845,2
2846,1
2847,2
2853,1
2854,1
2855,1
809,1
2864,2
2865,1
2868,1
2869,1
2871,1
2874,2
827,1
2878,2
2880,1
2884,1
2885,1
2888,1
2890,1
2893,1
2898,2
2900,1
2902,1
2908,2
2909,1
2910,1
2912,1
2913,1
2914,1
2915,3
869,2
2918,1
2919,1
2921,1
2926,1
879,1
880,1
883,1
884,1
2937,1
2940,1
2941,1
2943,2
2946,1
2949,1
2950,1
904,1
2953,1
2956,3
2957,1
2958,1
2959,1
2961,1
2962,1
2966,1
2968,1
2969,1
924,1
2974,1
928,1
2977,2
931,1
2980,1
2983,1
2984,1
2985,1
2986,2
2987,1
2988,1
2990,1
2991,3
2992,1
2993,1
2996,2
949,1
2998,1
2052,1
954,1
956,1
3005,4
3006,2
3007,1
3008,2
961,1
3010,1
963,1
965,3
3015,1
3016,2
3017,1
3021,2
3025,1
3028,1
3034,2
3038,1
3039,2
992,1
3043,1
3044,1
3045,2
3048,1
1002,1
3052,1
3055,1
3058,1
3060,2
3061,1
3063,2
3066,1
1019,1
3068,1
3073,1
1026,1
3076,1
3080,1
3082,2
3086,1
3087,3
3091,1
3093,1
3097,1
3101,1
1058,1
3107,1
1061,1
3114,2
1069,1
3118,1
1072,1
3121,1
1077,1
3126,1
3128,2
3133,1
3135,2
3145,1
3147,1
1102,1
1104,1
1107,1
3157,1
3163,1
186,1
3166,1
3170,1
187,1
3176,1
1134,1
3183,1
1136,1
1138,1
1168,1
2927,1
2928,1
198,1
1196,2
1198,1
1199,1
1201,1
2590,1
2932,2
2463,1
1228,1
1230,1
1239,1
1244,1
1250,1
3227,1
1265,1
1276,1
1294,1
1298,1
2089,1
1305,1
1306,1
1308,1
1328,2
1352,3
1363,1
1375,1
1381,1
2279,1
1397,1
2055,1
1405,1
1410,1
1411,1
1421,1
1425,1
1431,1
1432,1
1447,1
1460,1
2976,1
1489,1
1491,1
1497,1
2639,1
1508,1
1513,1
1515,1
1520,1
1522,1
1525,1
119,2
1536,1
1539,1
1545,1
1546,1
120,1
1580,1
1581,1
2312,1
1593,1
2997,1
2656,1
1603,1
1608,2
1609,1
1611,1
1621,1
1623,1
1628,1
1632,1
2875,2
1658,1
1662,1
2667,1
1680,1
3011,2
3013,1
1718,1
1736,1
1737,1
1740,2
1742,1
1753,1
1783,1
1811,1
1816,1
1821,1
1830,1
1831,1
1848,1
3040,1
1859,1
1867,1
1870,1
2362,1
1901,1
1905,1
3050,1
1927,1
1930,1
1946,1
1960,1
1964,1
1980,1
1984,1
1991,1
1992,1
1994,1
2724,1
2383,1
2012,1
3067,1
2030,1
2031,1
2033,1
2040,1
2041,1
