0,9909
1,879
2,12262
3,201
4,498
5,42
6,167
7,24
8,64
9,8
10,54
11,9
12,37
13,7
14,27
15,5
16,23
17,12
18,19
19,11
20,14
21,18
22,36
23,5
24,7
25,3
26,10
27,106
28,13
29,4
30,11
31,3
32,7
33,1
34,3
36,4
37,4
38,5
40,1
41,3
42,5
1543,1
46,2
48,1
49,2
1586,1
51,2
52,4
54,3
55,1
56,4
58,1
60,2
61,2
62,1
63,2
64,1
65,1
66,2
68,1
69,1
73,1
82,1
83,1
596,1
86,1
88,1
96,1
611,1
101,14
102,1
103,1
106,1
108,1
109,2
111,1
112,1
1651,1
120,1
122,3
124,1
127,1
128,1
137,1
138,1
139,1
140,1
148,1
663,1
196,1
1050,1
158,1
170,1
7880,1
690,1
188,1
707,1
1732,1
200,1
201,1
203,2
205,1
210,3
211,1
213,1
214,1
3799,1
232,1
8939,1
248,1
1794,1
43,5
261,1
215,1
272,1
788,1
278,1
279,1
286,2
296,2
50,2
1328,1
312,1
314,1
324,1
345,1
3419,1
354,1
355,1
368,1
66958,1
1436,1
7582,1
18332,1
414,1
449,1
964,1
475,1
477,1
84,1
