0,22064
1,4186
2,34562
3,1620
4,744
5,345
6,182
7,105
8,62
9,57
10,61
11,57
12,47
13,59
14,52
15,92
16,71
17,72
18,74
19,80
20,86
21,83
22,73
23,88
24,79
25,65
26,71
27,62
28,47
29,70
30,48
31,37
32,43
33,50
34,52
35,53
36,72
37,99
38,86
39,61
40,37
41,9
42,1
43,1
44,1
46,3
47,1
48,3
50,2
51,2
52,1
53,2
54,2
56,1
58,3
60,3
62,1
63,1
64,3
65,2
67,1
69,1
70,3
71,1
73,1
74,2
75,1
76,1
77,2
78,1
81,1
3666,1
84,1
87,2
92,1
93,1
101,1
105,2
619,1
1138,1
116,1
118,1
122,1
138,1
656,1
150,1
151,1
1178,1
158,1
161,1
1705,1
170,1
171,1
174,1
177,1
182,1
196,1
198,3
200,2
201,1
205,1
206,1
208,1
212,1
718,1
214,1
216,1
1765,1
744,1
746,1
552,1
1266,1
262,1
316,1
1873,1
379,1
1415,1
1418,1
403,1
917,1
432,1
439,1
970,1
1018,1
2555,1
