0,10834
1,1159
2,11759
3,315
4,386
5,64
6,155
7,50
8,73
9,24
10,37
11,31
12,42
13,18
14,23
15,26
16,26
17,21
18,28
19,18
20,16
21,27
22,18
23,12
24,20
25,10
26,11
27,10
28,7
29,5
30,8
31,5
32,3
33,5
34,3
35,1
36,1
37,2
38,2
40,2
41,6
42,1
43,3
44,3
46,2
47,1
48,1
50,1
51,1
52,2
53,3
54,2
55,1
57,1
58,2
59,3
60,1
61,3
62,3
64,3
66,3
67,2
68,2
69,2
70,1
71,2
72,1
73,2
76,2
78,3
80,3
81,22
84,1
86,1
92,1
93,1
96,1
98,1
110,1
118,2
126,1
127,1
132,1
133,1
135,1
145,1
158,1
160,1
174,1
690,1
5304,1
209,1
217,1
218,1
220,1
221,1
2817,1
2604,1
15119,1
293,1
810,1
351,1
3479,1
416,1
433,1
672,1
