0,27245
1,4372
2,62395
3,4290
4,3820
5,593
6,1378
7,251
8,552
9,142
10,353
11,93
12,220
13,62
14,160
15,39
16,131
17,55
18,105
19,41
20,80
21,42
22,69
23,27
24,58
25,32
26,58
27,27
28,61
29,21
30,44
31,26
32,34
33,20
34,26
35,15
36,33
37,17
38,38
39,51
40,155
41,420
42,20
43,6
44,16
45,3
46,12
47,5
48,14
49,8
50,10
51,4
52,16
53,8
54,11
55,1
56,5
57,4
58,10
59,2
60,7
61,4
62,10
63,4
64,7
65,4
66,4
67,2
68,1
69,3
70,13
71,4
72,5
73,3
74,7
75,4
76,2
77,1
78,6
79,1
80,4
82,7
83,2
84,6
86,2
87,2
88,5
90,2
91,1
92,7
93,2
94,8
95,2
96,2
98,7
100,1
101,2
102,4
103,1
104,4
105,1
106,4
107,2
108,2
109,3
111,1
112,2
115,1
116,3
118,5
119,2
120,4
122,1
124,4
125,2
127,4
128,4
130,4
131,2
132,3
134,1
135,3
137,2
138,3
140,4
142,5
144,1
145,2
2194,1
148,3
149,3
150,4
151,1
152,3
154,5
155,1
156,1
157,1
159,1
160,2
161,1
162,1
163,1
164,2
165,1
166,3
167,1
168,1
169,1
170,2
172,1
173,2
174,3
175,2
176,4
181,2
182,1
2232,1
185,1
188,1
189,1
190,1
192,1
193,1
195,1
196,1
197,3
198,1
199,2
200,1
202,2
203,2
204,2
207,1
208,2
212,3
213,1
214,1
216,1
217,3
218,2
220,2
221,1
222,2
223,1
224,2
226,3
227,1
228,1
229,2
232,1
234,1
235,1
237,1
240,2
241,1
243,1
244,1
245,1
246,2
248,3
250,2
251,1
253,2
254,1
255,2
259,1
262,2
263,1
264,1
266,2
268,4
269,1
270,1
271,1
273,1
274,3
276,3
277,1
278,1
281,1
284,1
288,1
289,1
290,1
292,1
294,1
298,1
300,2
304,1
310,1
6456,1
313,1
314,1
320,1
322,1
326,3
331,1
332,2
334,3
336,1
337,1
338,1
347,1
348,1
349,1
354,1
2408,1
366,2
370,1
376,1
380,1
381,1
384,1
393,1
400,2
401,1
2454,1
407,1
408,1
411,1
412,1
413,1
415,2
417,1
420,2
422,1
428,2
429,2
432,1
435,1
436,1
437,1
446,1
449,1
451,1
454,1
464,2
468,1
4380,1
478,1
486,1
488,1
491,1
496,1
499,1
501,1
502,1
504,1
514,1
528,1
530,1
534,1
537,1
547,1
557,2
562,1
563,1
564,1
565,1
568,1
570,1
578,1
580,1
588,1
616,2
620,1
630,1
635,1
641,1
2690,1
644,1
646,1
651,1
652,1
656,1
678,1
681,1
704,1
722,1
724,1
727,1
729,1
738,1
762,1
764,1
781,1
794,1
798,1
800,1
806,2
810,1
822,1
2872,1
828,1
831,1
854,1
859,1
862,1
865,1
880,2
903,1
2963,1
918,1
932,1
940,1
959,1
7112,1
2210,1
974,1
981,1
1006,2
1010,1
1042,1
1044,1
3096,1
1064,1
1072,1
1078,1
1101,1
1114,1
1120,1
3174,1
1130,1
1152,1
1164,1
1169,1
1189,1
1204,1
3261,1
1214,2
1246,1
1247,1
1265,1
1269,1
7453,1
1345,1
1446,1
1460,1
1461,1
1466,1
3519,1
1500,1
1515,1
1550,1
3690,1
3716,1
1690,1
1700,1
1705,1
5070,1
2104,1
1839,1
1896,1
1932,1
231326,1
1991,1
2046,1
