2,10524
107,1
4,2091
5,1221
6,743
7,514
8,338
9,249
10,190
11,142
12,115
13,98
14,80
15,63
16,43
17,52
18,30
19,35
20,22
149,1
22,18
23,22
24,16
25,10
26,10
27,10
28,5
29,15
30,4
31,11
160,1
33,7
34,6
35,5
36,5
37,1
38,5
49,4
40,5
41,4
42,2
43,4
172,1
45,2
47,7
48,2
177,1
50,4
51,2
52,1
53,4
54,5
55,2
56,1
59,2
60,1
61,1
63,2
32,8
66,2
67,3
198,1
71,1
73,2
76,1
77,1
79,1
80,1
81,1
83,2
84,2
87,2
88,1
91,1
3,4195
97,2
354,1
234,1
235,1
44,1
111,1
115,1
120,1
39,3
21,17
