0,11049
1,1311
2,13699
3,468
4,427
5,62
6,151
7,14
8,70
9,13
10,34
11,10
12,22
13,12
14,12
15,9
16,24
17,9
18,15
19,13
20,11
21,13
22,8
23,5
24,4
25,6
26,1
27,2
28,2
29,1
30,1
31,2
32,2
33,1
34,1
35,1
37,3
41,4
42,3
44,2
46,1
48,2
49,1
51,2
52,3
53,1
54,1
57,1
60,2
63,1
64,2
65,1
66,1
68,1
69,1
70,1
72,1
79,1
88,1
96,1
101,7
104,1
106,1
109,1
625,1
1659,1
533,1
130,2
131,1
17545,1
139,1
143,1
146,1
150,1
151,1
153,1
154,1
156,1
157,1
158,1
160,1
166,1
169,1
173,1
174,2
183,1
187,1
196,1
201,1
212,1
223,1
2878,1
325,1
842,1
370,1
373,1
415,1
6055,1
669,1
465,1
502,1
