0,19500
1,4263
2,54518
3,4867
4,2090
5,747
6,418
7,218
8,168
9,129
10,85
11,107
12,99
13,97
14,112
15,119
16,134
17,101
18,74
19,63
20,47
21,32
22,28
23,32
24,36
25,32
26,30
27,24
28,16
29,22
30,25
31,29
32,25
33,34
34,38
35,57
36,72
37,59
38,39
39,29
40,21
41,10
42,1
43,3
45,1
46,2
47,3
48,2
49,3
50,4
51,1
52,1
53,1
55,1
56,3
57,1
58,1
59,1
60,1
61,2
62,1
63,1
65,1
68,1
70,2
76,2
78,1
79,1
84,1
1038,1
1622,1
87,1
100,1
90,1
94,1
95,1
96,2
98,2
99,1
612,1
101,1
102,2
115,1
120,1
126,1
134,1
135,1
140,1
144,1
154,1
167,1
174,1
177,1
179,1
180,1
2137,1
188,1
190,2
191,1
192,1
194,2
198,1
202,1
203,1
205,1
208,1
210,1
1030,1
219,2
221,1
225,1
1063,1
248,1
253,1
7937,1
260,1
784,1
274,1
279,1
317,1
320,1
332,1
334,1
348,1
356,2
390,1
441,1
489,1
85,1
