0,7424
1,600
2,6972
3,123
4,191
5,23
6,77
7,16
8,47
9,14
10,24
11,15
12,31
13,15
14,17
15,21
16,36
17,18
18,23
19,15
20,25
21,16
22,15
23,11
24,16
25,12
26,11
27,14
28,17
29,14
30,12
31,13
32,5
33,7
34,4
35,6
36,9
37,6
38,6
39,2
40,10
41,50
42,3
43,2
44,3
45,1
46,6
51,2
52,3
54,1
56,1
571,1
61,1
62,1
65,1
1025,1
69,1
70,1
72,1
73,2
74,1
79,1
80,1
82,1
84,3
86,1
88,1
102,1
104,2
108,1
515,1
117,1
118,3
124,2
132,2
134,1
135,2
143,1
148,1
662,1
153,1
154,1
158,1
160,1
164,1
172,1
182,2
184,1
196,1
199,1
201,1
206,1
208,1
764,1
268,1
272,1
292,1
306,1
2908,1
385,1
387,1
411,1
933,1
424,1
944,1
998,1
13804,1
496,1
