0,5987
1,16216
2,20907
3,17931
4,11300
5,5851
6,2493
7,922
8,280
9,75
10,33
11,13
12,5
13,2
14,4
15,15
16,12
17,18
18,15
19,24
20,24
21,25
22,23
23,22
24,19
25,23
26,21
27,15
28,23
29,17
30,19
31,17
32,10
33,13
34,21
35,16
36,12
37,11
38,17
39,5
40,9
41,10
42,8
43,13
44,8
45,12
46,9
47,7
48,7
49,4
50,5
51,6
52,7
53,6
54,10
55,3
56,5
57,4
58,2
59,6
60,8
61,4
62,3
63,5
64,2
1089,1
66,3
67,3
68,8
69,5
71,3
72,3
73,3
74,3
75,6
76,3
77,2
78,5
80,3
82,2
83,3
85,2
86,1
87,1
88,2
89,3
90,2
91,1
92,4
93,3
94,1
95,3
96,3
98,4
100,2
101,3
102,1
104,2
105,1
106,1
108,1
109,1
110,1
8303,1
112,1
113,2
114,2
115,3
116,3
118,1
120,1
122,2
123,1
124,1
637,1
126,1
128,1
129,1
135,1
136,2
649,1
139,2
140,1
141,2
143,1
146,1
149,1
150,2
151,1
153,1
154,1
111,1
158,1
160,1
161,1
166,1
167,1
168,1
170,1
171,1
173,1
9902,1
175,1
178,3
2228,1
181,1
182,1
183,1
187,1
188,1
1214,1
1216,1
194,1
197,1
199,1
204,1
210,1
2264,1
6180,1
219,1
222,1
1251,1
230,1
234,1
552,1
242,1
250,1
3836,1
253,1
1580,1
269,1
783,1
6317,1
277,1
289,1
296,1
305,1
307,1
1854,1
11365,1
62272,1
330,1
344,1
608,1
346,1
357,1
365,1
372,1
378,1
381,1
1919,1
1924,1
65,3
392,1
2711,1
918,1
155,1
2470,1
426,1
1370,1
432,1
1612,1
2512,1
467,1
475,1
478,1
14825,1
1003,1
6126,1
2552,1
507,1
