0,16637
1,23963
2,10048
3,2704
4,586
5,101
6,11
7,4
9,1
10,3
11,3
12,4
13,15
14,12
15,20
16,32
17,23
18,33
19,24
20,19
21,36
22,26
23,27
24,21
25,21
26,20
27,24
28,16
29,19
30,13
31,13
32,8
33,13
34,10
35,11
36,10
37,14
38,7
39,7
40,5
41,10
42,7
43,5
44,8
45,2
46,3
47,5
48,5
49,1
50,4
51,7
52,5
53,1
54,6
55,1
56,1
57,4
58,3
60,2
61,1
62,1
63,2
64,4
65,1
66,1
68,2
70,3
585,1
74,2
76,4
80,1
81,1
82,1
83,1
84,1
86,1
87,2
88,2
89,3
90,1
91,1
92,1
93,2
95,1
97,1
99,1
102,1
103,1
104,1
105,1
107,2
108,1
109,1
110,1
111,1
112,1
115,1
617,1
122,1
123,1
125,1
128,1
129,1
132,2
137,1
139,1
150,1
155,1
164,1
170,1
194,1
25807,1
209,1
229,1
244,1
246,1
248,1
266,1
806,1
338,1
377,1
416,1
420,1
452,1
508,1
1194,1
