0,11692
1,18439
2,9005
1027,1
4,737
5,149
6,23
7,1
12,1
13,3
15,1
16,5
17,3
18,5
19,3
20,10
21,9
22,14
23,16
24,12
25,13
26,14
27,12
28,13
29,13
30,6
31,18
32,15
33,9
34,12
35,12
36,15
37,7
38,13
39,7
40,7
41,9
42,7
43,8
44,4
45,6
46,2
47,7
48,5
49,2
50,5
51,2
52,4
53,2
54,6
55,5
57,2
58,5
59,2
60,1
61,2
62,4
63,4
64,2
65,7
66,1
67,1
68,5
69,2
70,5
72,2
73,1
75,1
76,2
77,1
78,1
79,3
80,3
81,1
82,1
84,2
85,2
86,2
87,2
88,2
90,1
91,2
92,3
94,1
1120,1
97,2
98,1
99,1
100,2
102,1
103,1
104,1
105,2
106,1
109,1
110,2
114,1
115,1
116,1
117,1
617,1
120,1
123,1
126,1
130,1
131,2
132,1
134,3
135,1
137,1
139,1
141,1
144,2
145,1
146,1
147,1
151,1
153,1
155,1
163,2
676,1
165,1
167,1
168,1
169,1
171,1
181,1
183,1
184,1
190,1
191,1
279,1
195,1
535,1
1233,1
228,1
2792,1
233,1
248,1
250,1
267,1
1292,1
270,1
1807,1
272,1
2839,1
293,1
296,1
297,1
1163,1
324,1
96,1
354,1
365,1
400,1
410,1
436,1
459,1
3,2977
493,2
3066,1
