0,19296
1,2120
2,24247
3,426
4,160
5,47
6,26
7,18
8,11
9,7
10,3
11,4
12,1
13,3
143,1
16,1
17,1
18,4
19,2
20,3
21,2
23,1
24,1
25,3
26,4
27,2
154,1
30,1
159,1
160,1
33,1
35,1
36,2
40,1
42,1
176,1
44,1
29,1
48,1
177,1
50,3
185,1
61,2
446,1
63,1
64,1
65,1
67,1
650,1
71,2
72,2
1353,1
75,1
76,1
77,1
78,1
190,1
80,2
209,1
82,3
139,1
85,2
86,1
343,1
91,1
93,1
96,1
225,1
81,1
205,1
108,1
4562,1
114,1
126,2
4599,1
1913,1
123,1
264,1
