0,15075
1,9430
2,5786
3,3445
4,2075
5,1317
6,805
7,536
8,364
9,269
10,225
11,170
12,143
13,109
14,101
15,97
16,77
17,80
18,55
19,44
20,54
21,34
22,37
23,33
24,29
25,34
26,29
27,26
28,27
29,18
30,22
31,24
32,28
33,27
34,18
35,23
36,23
37,16
38,13
39,7
40,19
41,17
42,20
43,11
44,14
45,11
46,11
47,7
48,11
49,7
50,13
51,11
52,4
53,11
54,7
55,12
56,12
57,12
58,9
59,5
60,7
61,10
62,7
63,5
64,7
65,9
66,6
67,7
68,7
69,11
70,9
71,8
72,6
73,3
74,4
75,5
76,2
77,4
78,4
79,9
80,4
81,3
82,3
83,9
84,5
85,5
86,8
87,1
88,4
89,6
90,7
91,1
92,6
93,3
94,6
95,4
96,3
97,3
98,5
99,4
100,5
101,2
102,2
103,7
104,4
105,2
106,3
107,4
108,3
3090,2
110,1
111,1
2162,1
115,1
116,1
118,3
119,1
120,3
121,4
122,3
123,1
124,5
125,5
126,2
127,3
128,1
129,2
2178,1
131,2
132,2
2070,1
134,3
2183,1
136,2
137,2
138,4
139,5
140,3
142,2
143,2
145,1
146,1
147,5
148,1
149,1
150,1
151,2
152,3
153,1
154,2
155,1
156,2
157,3
158,3
159,1
160,3
161,4
163,1
164,2
167,4
168,2
169,2
1233,1
171,2
172,2
173,1
174,4
176,3
178,1
179,1
2228,1
2229,1
182,2
2231,1
184,1
187,1
188,1
189,2
2238,1
191,2
1024,1
3787,1
196,1
197,1
198,1
3105,3
2248,1
2252,1
206,1
3789,1
208,1
209,1
211,2
212,1
3449,2
216,3
217,1
2267,1
2085,1
224,1
230,1
233,1
234,1
235,1
2285,1
239,2
241,2
242,1
244,1
245,2
247,2
1372,1
250,2
251,2
2300,1
254,2
2304,2
259,2
260,2
261,1
2433,1
264,1
265,2
266,3
2316,1
270,3
3555,1
2321,1
274,1
3279,1
276,1
3118,1
280,1
284,1
2333,1
286,1
288,1
2339,1
292,1
293,1
294,1
1073,1
296,3
2346,1
299,1
301,1
304,1
307,1
309,1
2359,1
315,1
3582,1
317,1
318,1
319,1
2371,1
2373,2
2444,1
332,1
2381,1
334,1
341,1
2390,1
344,1
346,1
349,1
350,1
3472,1
3285,2
355,1
356,1
359,2
361,1
1444,1
2416,1
3422,1
3453,2
2429,1
384,1
2112,2
2435,1
2436,1
390,1
392,1
396,1
1090,1
2059,1
3140,1
751,1
415,2
2466,1
2467,1
2470,1
423,2
2119,1
2479,1
2480,1
438,1
1203,1
2122,1
2494,1
447,1
450,1
451,1
454,1
753,1
458,1
460,2
1442,1
463,1
3440,2
479,2
480,1
484,1
488,1
2541,1
3522,1
2132,1
506,1
514,1
515,1
516,1
4006,1
769,1
2063,1
2570,1
2578,1
535,1
2584,1
538,1
546,1
547,1
549,1
553,4
559,1
2610,1
563,1
3166,3
1178,1
568,2
570,1
576,1
2827,1
3169,2
588,1
1247,1
781,1
2641,1
2642,1
596,1
3513,2
601,1
605,1
606,1
2655,1
2832,1
3515,2
612,1
615,1
616,1
617,1
2667,1
624,1
2675,2
446,1
2678,1
632,1
1177,1
635,1
636,1
2685,1
641,2
3179,5
644,1
649,1
650,1
2699,1
2498,1
2703,1
2705,1
3523,1
662,1
2712,1
2714,1
667,1
2718,1
2720,1
2727,1
2731,1
684,1
114,2
688,1
692,2
3346,1
697,1
2746,2
700,1
701,1
702,1
2751,1
2753,1
2754,1
3596,4
711,1
2760,1
3297,1
219,1
718,1
720,1
723,1
2772,1
3193,1
2780,1
734,1
736,1
739,1
741,1
742,1
2792,1
2793,1
748,1
2797,1
2799,1
2800,1
2801,1
1400,1
757,1
2806,1
760,1
761,1
2810,2
3435,2
765,2
2814,1
3200,2
2818,1
2819,1
2821,1
774,1
777,1
779,2
780,1
2829,1
2830,1
784,1
2834,1
2835,1
789,2
2072,1
2839,1
792,1
793,3
794,1
796,1
799,1
2849,1
2850,2
2851,1
3641,2
2855,1
2856,1
2857,2
135,2
2861,2
814,1
2863,1
816,1
2866,2
820,1
821,1
822,1
2185,1
2877,2
2878,1
2883,1
2885,1
2887,1
2188,1
2890,1
843,1
2892,1
845,1
2895,2
849,1
850,1
2899,1
2903,3
2909,1
2910,1
863,1
864,1
2913,1
2915,1
2916,1
2893,1
2919,1
2920,1
2922,1
2924,1
877,1
829,1
2075,1
2929,1
2930,1
2933,1
2934,1
2935,1
2937,2
2938,2
891,1
2940,1
893,1
3221,1
2945,1
2948,1
903,1
2952,1
2956,1
910,1
2960,1
3224,1
2963,1
2964,2
2966,2
919,1
921,1
2973,1
2974,2
837,1
2978,1
2979,1
2980,1
2981,2
2982,1
936,1
1180,1
2987,1
3570,1
943,1
2992,2
945,1
2997,1
2998,3
2889,3
3000,2
2052,1
954,1
955,2
3005,1
3006,2
3010,1
2891,2
3416,2
3013,1
3014,2
3015,1
3016,2
970,1
963,1
3022,1
3023,1
978,1
3027,1
2475,1
982,1
3031,1
3033,1
986,1
3038,2
3039,2
3042,1
3043,1
3044,2
2897,1
3050,1
3051,1
1004,1
3581,1
3056,3
2216,1
1010,1
851,1
3061,1
1014,1
3064,2
3066,1
1019,1
3071,1
3072,2
3073,1
3512,2
3076,1
3077,1
3078,3
3079,2
3080,1
3083,1
3084,1
1037,1
3086,1
3088,1
1042,1
3093,1
1048,1
2564,1
1316,1
3362,3
3589,3
3561,3
2224,1
3108,2
3109,3
1063,1
3112,1
3115,1
3116,1
3117,1
1070,1
3119,3
3120,4
3121,1
3122,1
3123,3
3125,1
3126,1
3127,1
3128,1
1081,1
3130,1
3485,1
3133,1
3137,1
3138,1
1092,2
3144,3
1097,1
3146,1
1099,1
3148,1
3149,2
1103,1
3152,3
3153,2
3155,1
3156,1
1109,1
3158,1
868,2
3162,1
3163,2
1117,1
1118,1
3167,1
3168,1
1121,1
1122,1
3171,1
3173,2
1126,1
3175,1
1128,1
2236,1
3178,3
871,1
3181,1
3182,2
3183,1
3184,2
3185,2
3187,1
3188,2
3189,1
3190,2
3192,2
1145,1
3194,4
3198,3
1151,1
1152,1
1153,1
3202,2
1155,1
3204,3
3208,1
3209,3
1162,2
3211,1
3212,2
3266,1
3214,1
3216,2
1169,1
3218,1
3219,2
3220,1
1173,1
3222,1
3609,4
1176,1
3225,1
3226,2
3227,1
3228,1
3230,2
3231,2
3233,2
3235,3
3236,1
3237,2
3238,1
3240,2
3241,2
3243,3
3244,1
3245,1
3246,1
3247,2
3250,2
3251,3
3253,1
3518,1
3256,2
3257,1
1210,2
3259,1
3260,2
3261,1
3262,1
3264,1
3265,1
2050,1
3267,2
3269,2
3270,2
1140,1
3272,1
204,1
3274,2
3275,1
1228,1
109,2
3280,1
3281,2
3282,1
3283,1
1236,1
1237,1
3287,1
3288,1
3289,1
1242,1
3291,1
3292,1
3293,1
3295,1
3296,1
2256,1
3298,1
3299,1
3300,1
3301,1
1255,1
3304,1
3310,2
3312,1
3314,1
3316,4
3317,1
3319,3
3284,2
3322,1
3323,1
3324,1
3325,4
3326,1
3327,2
3328,2
3329,1
1282,1
3331,4
1284,2
3334,1
3335,1
3336,2
3337,2
3339,4
3341,1
1294,1
1296,1
1298,2
3347,2
1300,1
3349,1
3351,2
3353,1
3354,1
3355,2
3356,2
3357,1
3359,1
3360,1
3361,1
1314,1
1315,1
862,1
3365,2
3367,1
3368,1
3369,3
3370,5
2951,3
3372,4
3374,1
3376,1
3377,1
3378,3
3635,3
3380,1
3381,2
1334,1
3383,1
3385,1
3386,1
3387,1
3388,3
3389,3
3390,1
3392,1
3393,1
3394,3
3396,2
3397,1
3398,1
3399,1
3401,1
3402,1
3403,1
3404,1
3405,1
3406,2
3407,1
1361,1
3410,3
1366,1
3415,5
1368,1
3417,1
3418,2
3419,3
3420,1
3421,2
1374,1
3423,1
3425,2
3428,3
3429,2
3432,1
3303,3
3439,3
1392,1
1393,1
3442,1
3443,1
3444,2
3445,2
3446,1
3447,5
3448,1
1401,1
3451,3
1405,1
3454,2
1407,1
3456,1
3457,3
3458,2
3462,3
3463,1
3464,1
3465,3
3467,1
3468,2
3469,1
3470,2
237,1
1424,1
1425,1
3474,1
3475,1
3477,1
3478,1
3480,1
3481,1
3483,1
1437,1
3486,2
3653,2
3488,3
3489,1
3490,1
3491,1
3492,2
3493,4
3494,2
3496,2
3497,1
3498,1
1451,1
3500,1
3502,1
3503,1
3504,2
3505,2
3506,3
3507,1
3731,2
3509,3
3657,1
1464,1
1465,1
3514,2
1467,1
3517,3
1470,1
3519,1
3520,2
3521,1
1474,1
3659,1
3524,1
3525,1
3527,2
3529,1
3530,1
3531,1
3532,2
3535,1
3536,2
3538,4
3539,3
3540,2
3541,3
3321,2
3545,2
3546,2
3547,2
3548,4
3549,1
3550,1
3551,4
3552,2
3553,1
3554,2
1507,1
3556,3
1509,1
1510,1
3559,5
3560,2
1513,1
3562,1
3563,2
3564,1
3566,1
872,1
3569,2
842,1
3571,3
3572,2
3573,2
3574,2
3575,2
3576,5
3577,1
3578,3
3579,2
3580,3
801,1
1534,2
3583,1
3584,1
256,1
3586,1
3587,1
1541,1
3590,2
3591,1
1544,1
3593,2
3594,4
3595,1
1548,1
3598,1
3599,2
3600,1
3601,2
3602,2
3603,2
3604,2
1558,1
3673,2
3608,1
3332,1
3610,2
3611,2
1564,1
3613,2
3614,2
3615,1
3616,1
3618,1
3619,5
3620,3
3624,2
3625,3
3626,2
3627,1
3630,1
3631,2
3632,1
3634,1
1587,1
1553,2
3678,2
3638,2
3639,2
3640,1
1593,1
3643,1
3644,1
3645,2
3646,2
3647,3
3648,1
3649,1
3650,1
3652,3
1605,1
3654,1
3655,2
3656,1
268,1
3499,1
2999,1
3665,1
3667,1
3668,2
3342,2
3001,3
3672,2
2660,1
3674,1
3675,1
3676,2
3002,1
2871,1
3679,1
3344,1
3682,2
3003,2
3686,2
273,1
3688,1
3689,1
1642,1
3687,2
3692,2
1645,1
3669,1
3695,2
3696,1
3698,1
3699,1
3700,1
958,1
3702,2
1655,1
1656,1
3348,1
3706,2
3707,2
3708,2
3710,1
3711,2
3712,1
3713,2
3714,3
3715,1
3716,1
3717,1
3718,3
3719,1
1672,1
3721,1
3722,1
3723,1
3724,4
962,1
3693,1
1680,1
3729,1
3730,2
3011,1
3732,2
3694,1
3734,2
3735,1
3736,4
1689,1
3739,2
1692,2
1693,1
1694,1
3744,1
1699,1
3750,1
3753,3
3754,1
3755,1
3757,1
3760,1
3763,1
3765,1
3768,3
3770,2
3771,1
1724,1
1725,1
3774,2
3701,1
1728,1
2336,1
3778,3
3780,2
3781,2
1734,1
1736,1
3785,2
2078,1
3703,2
3788,1
1741,2
3791,1
3792,2
1745,1
3794,1
1747,1
3798,1
3801,1
3803,1
3804,1
3772,1
1232,1
1218,1
1771,1
3821,1
1777,1
3826,1
3833,1
1787,1
3837,1
3840,1
3842,2
3845,1
3846,1
1804,1
1809,1
1810,1
215,1
3862,2
2692,1
3866,1
3870,1
3872,1
1827,1
1597,1
1329,1
3607,3
991,1
1856,1
3382,2
130,1
3913,1
1335,1
1880,1
3930,1
655,1
3677,1
1339,1
1892,1
3585,1
1897,1
1904,1
1907,1
1915,1
1002,1
473,1
1923,1
2710,1
3777,1
1937,1
1942,1
1945,1
1946,1
1949,1
1955,1
1350,1
3543,1
3741,1
1970,1
1978,1
3612,3
1983,1
1987,1
1988,1
1996,1
333,1
1077,1
3681,1
3067,1
3409,1
2025,1
2030,1
2033,1
2036,1
818,1
2044,1
3786,1
