4,15583
5,8894
6,5504
7,3785
8,2539
9,1927
10,1405
11,1030
12,832
13,675
14,546
15,517
16,402
17,289
18,270
19,225
20,212
21,152
22,161
23,129
24,142
25,117
26,104
27,77
28,73
29,71
30,56
31,63
32,44
33,49
34,40
547,1
36,46
37,47
38,39
39,22
40,26
41,28
42,22
43,19
44,20
45,12
46,25
47,16
48,20
49,17
50,17
51,13
52,11
53,15
54,8
55,15
56,9
57,10
58,8
59,12
60,12
61,7
62,4
63,12
64,7
65,5
66,4
67,5
68,4
69,2
70,8
71,3
72,3
73,3
74,8
75,4
76,1
77,5
78,5
79,1
80,4
81,4
82,1
83,7
84,1
85,3
86,6
87,2
88,1
89,2
90,4
91,3
92,2
93,2
94,1
95,2
96,4
98,2
99,1
100,2
102,2
103,1
104,2
106,1
108,1
109,1
111,1
112,2
113,1
114,2
115,1
116,1
117,1
119,1
120,1
123,1
124,2
125,1
127,1
130,1
131,3
132,1
133,1
135,3
138,2
140,1
145,1
147,1
148,1
149,1
150,2
151,1
154,1
157,1
159,1
160,1
162,1
163,1
165,1
35,45
168,1
171,1
178,1
180,1
187,1
190,1
204,1
209,1
210,1
211,1
212,1
214,1
223,1
250,1
255,1
269,2
272,1
279,1
284,1
286,1
290,1
291,1
296,1
323,1
847,1
342,1
346,1
359,1
369,1
380,1
386,1
418,1
425,1
460,1
467,1
