0,21334
1,3436
2,46107
3,1682
4,1052
5,501
6,340
7,253
8,242
9,216
10,193
11,196
12,196
13,182
14,143
15,134
16,117
17,103
18,82
19,55
20,59
21,37
22,37
23,27
24,16
25,11
26,15
27,13
28,6
29,8
30,5
31,3
32,4
33,10
34,4
35,7
36,11
37,13
38,15
39,18
40,8
41,4
42,4
43,1
45,1
47,1
50,1
54,1
5689,1
58,4
59,1
60,2
61,2
62,1
577,1
67,1
68,1
69,1
72,1
74,1
75,1
76,1
77,1
78,1
80,1
83,1
85,2
88,1
90,2
94,1
100,1
103,1
104,1
107,1
512,1
133,1
2183,1
1160,1
162,1
165,1
167,1
172,1
175,1
178,2
183,1
187,1
193,2
194,1
197,1
199,1
205,1
208,1
214,1
221,1
227,1
240,1
243,1
257,1
267,1
272,1
273,1
288,1
314,1
342,1
371,1
372,1
1086,1
65,1
927,1
1465,1
455,1
1484,1
