0,13607
1,2007
2,25807
3,465
4,794
5,46
6,29
7,12
8,8
9,6
10,1
11,6
12,1
13,4
14,3
15,3
16,1
2065,1
18,3
19,3
20,2
21,1
22,2
23,2
24,2
25,2
26,2
27,1
28,2
29,3
32,1
33,1
35,2
36,1
38,2
39,2
42,1
44,1
45,1
46,2
47,1
50,1
53,1
57,1
58,1
62,1
65,1
70,1
71,1
72,3
73,1
74,1
75,1
79,1
82,1
83,1
84,1
86,1
87,1
88,1
90,2
92,1
95,1
96,1
98,1
100,1
17,2
112,4
113,1
121,1
126,1
134,1
135,1
140,1
158,1
162,1
168,1
170,1
172,2
687,1
706,1
195,2
196,1
200,1
210,1
235,1
241,1
243,1
257,1
272,1
390,1
908,1
410,1
415,1
1002,1
