0,12624
1,1343
2,13987
3,480
4,184
5,65
6,34
7,12
8,15
9,10
10,13
11,20
12,22
13,12
14,15
15,18
16,12
17,10
18,4
19,13
20,6
21,5
22,3
23,1
25,2
27,1
28,3
29,1
150,1
133,1
33,1
34,1
35,1
548,1
37,4
38,1
39,4
31,1
41,3
45,2
46,1
51,3
52,2
53,3
2332,1
40,1
56,1
185,1
59,2
188,1
369,1
62,1
63,2
192,1
128,1
267,1
68,2
54,1
70,2
71,1
72,4
73,1
74,3
75,5
76,4
77,5
78,1
79,3
81,1
212,2
213,1
88,1
2313,1
101,1
1340,1
108,1
749,1
239,1
241,1
147,1
119,1
