0,4604
1,6191
2,2054
3,492
132,1
133,1
134,1
162,1
5,8
6,1
152,1
18,1
23,1
24,2
1697,1
27,2
28,4
29,2
30,7
31,2
32,8
33,3
34,4
35,5
36,3
37,7
38,7
39,4
40,4
41,4
42,8
43,2
44,7
45,6
46,4
47,4
48,6
49,5
50,6
51,4
52,1
53,2
54,4
55,2
56,1
57,1
58,1
59,2
60,3
61,1
62,2
63,1
65,1
66,2
68,2
69,2
71,1
72,2
73,1
202,1
76,1
77,2
79,1
82,1
84,2
87,1
89,1
218,1
98,1
99,1
104,1
161,2
110,1
113,1
244,1
118,1
4,84
124,1
298,1
126,1
