2,9162
3,3636
4,1873
133,1
6,609
7,438
8,315
9,222
10,171
11,118
12,101
13,84
14,75
15,51
16,46
17,22
18,44
275,1
20,18
21,19
22,23
23,11
24,15
25,13
26,10
27,7
28,10
29,10
30,5
31,6
32,12
48,3
162,1
35,3
36,4
37,4
38,2
39,3
40,5
41,2
42,4
43,2
44,1
45,1
47,5
176,1
49,3
52,3
54,1
55,3
56,3
62,1
191,1
64,3
65,2
5,1033
68,1
69,2
19,22
71,1
74,3
34,6
78,2
81,1
210,1
84,1
213,1
89,1
95,1
96,1
99,1
33,6
109,1
238,1
115,2
121,1
63,1
125,1
85,1
