6,5006
7,3336
8,2294
9,1691
10,1330
11,976
12,767
13,592
14,528
15,394
16,361
17,255
18,273
19,205
20,188
21,150
22,139
23,115
24,96
25,85
26,85
27,100
28,71
29,63
30,51
31,57
32,44
33,44
34,38
35,30
36,39
37,37
38,32
39,18
40,23
41,21
42,23
43,23
44,18
45,13
46,16
47,18
48,15
49,13
50,13
51,11
52,6
53,6
54,3
55,13
56,11
57,14
58,8
59,8
60,11
61,6
62,6
63,9
64,6
65,6
66,3
67,6
68,4
69,3
70,5
71,3
72,7
73,2
74,8
75,4
76,3
77,2
78,3
79,1
80,3
81,3
82,2
83,1
84,4
85,2
86,4
87,5
88,4
89,1
90,3
91,1
92,1
93,2
94,1
96,3
97,1
98,1
99,2
100,2
101,1
102,1
104,4
105,2
106,1
107,2
108,2
111,3
112,2
113,2
114,3
115,1
117,1
119,1
120,1
121,1
123,1
124,1
127,1
128,1
129,1
130,1
131,1
132,1
133,1
135,1
648,1
137,2
139,3
141,2
147,1
148,2
154,1
155,3
157,1
161,2
162,1
163,2
165,1
171,1
172,1
174,1
178,1
183,1
189,1
193,1
195,1
206,1
217,1
221,1
223,1
224,1
230,1
247,1
264,1
281,1
136,3
311,1
312,1
314,1
343,1
350,1
363,1
368,1
407,1
410,1
419,1
423,1
444,1
453,1
