0,12346
1,1255
2,18497
3,374
4,371
5,46
6,115
7,15
8,66
9,19
10,35
11,12
12,21
13,8
14,24
15,17
16,11
17,14
18,16
19,10
20,9
21,10
22,7
23,4
24,5
25,5
26,5
27,3
28,2
30,3
32,5
33,1
34,2
36,4
38,4
39,4
40,3
41,7
42,1
44,2
45,1
46,2
48,1
49,1
50,1
51,2
54,3
56,1
58,1
59,1
61,2
62,2
64,1
65,1
1604,1
71,2
76,1
78,1
81,22
86,1
91,1
92,1
94,1
100,1
101,3
104,1
105,1
4208,1
121,1
126,1
1670,1
150,2
1185,1
168,1
177,1
181,1
182,1
192,1
4293,1
3292,1
734,1
1768,1
257,1
280,1
1306,1
2846,1
296,1
308,1
317,1
326,1
847,1
365,1
1405,1
411,1
15804,1
5058,1
590,1
510,1
