0,11124
1,1228
2,12482
3,304
4,369
5,58
6,145
7,34
8,63
9,15
10,44
11,29
12,36
13,25
14,35
15,42
16,40
17,25
18,28
19,29
20,29
21,26
22,23
23,21
24,25
25,11
26,17
27,13
28,7
29,6
30,9
31,4
32,4
33,6
34,1
35,3
37,1
38,4
40,2
41,6
42,2
43,2
44,2
46,3
48,1
52,1
54,1
56,3
57,1
58,3
59,1
60,4
61,3
62,2
63,1
4672,1
65,1
66,1
67,2
69,3
70,1
71,1
72,1
74,1
76,2
78,1
80,2
81,23
83,1
84,1
85,1
86,2
89,2
92,1
93,1
96,1
98,2
105,1
106,1
110,2
126,1
127,1
132,1
646,1
140,1
536,1
685,1
694,1
184,1
186,1
209,1
215,1
217,1
218,1
134,2
314,1
324,1
3909,1
2392,1
366,1
64,3
3044,1
15845,1
