0,7802
1,21651
2,23652
3,15104
4,6750
5,2233
6,548
7,120
8,18
521,1
10,1
11,2
12,3
13,2
14,3
15,6
16,11
17,7
18,12
19,13
20,17
21,13
22,19
23,31
24,24
25,20
26,27
27,16
28,18
29,14
30,17
31,24
32,14
33,20
34,12
35,14
36,15
37,5
38,12
39,12
40,8
41,10
42,8
43,7
44,10
45,13
46,9
47,8
48,10
49,6
50,10
51,6
52,8
53,5
54,8
55,3
56,5
57,5
58,2
59,3
60,4
61,4
62,4
63,3
64,6
65,7
66,3
67,1
68,3
69,1
70,2
583,1
72,2
73,2
74,4
588,1
77,1
78,3
79,3
80,1
81,3
82,2
84,6
85,5
86,4
87,3
88,2
89,3
90,5
91,1
92,3
93,1
94,3
95,1
96,3
97,1
98,2
99,2
100,1
102,1
1126,1
103,1
104,1
105,2
106,1
107,2
108,3
109,2
110,1
111,1
112,1
2237,1
114,4
117,1
120,1
532,1
122,1
123,1
124,1
125,1
126,1
129,1
130,2
131,1
133,1
136,1
137,1
139,1
141,1
143,2
280,1
147,1
149,1
153,1
155,1
159,1
636,1
163,1
164,2
165,1
168,2
170,1
172,1
174,1
176,1
2742,1
187,1
189,1
2750,1
1653,1
194,1
709,1
199,1
203,2
207,1
209,1
211,1
212,1
2264,1
217,1
219,1
220,1
222,1
232,2
233,2
234,1
239,1
240,1
243,1
246,1
248,3
249,1
250,1
256,1
771,1
262,1
265,2
267,1
274,1
9,2
278,1
1816,1
295,2
296,1
299,1
563,1
37175,1
312,1
314,1
323,1
325,1
701,1
327,1
823,1
2389,1
350,1
866,1
355,1
356,1
364,1
375,1
380,1
898,1
901,1
21383,1
407,1
417,1
420,1
1121,1
423,1
1449,1
11179,1
3002,1
955,1
71,1
76,1
464,1
1006,1
1011,1
3573,1
