0,18880
1,2315
2,23785
3,668
4,321
5,186
6,153
7,115
8,68
9,48
10,28
11,22
12,17
13,12
14,5
15,7
16,6
17,4
18,2
19,2
20,4
21,1
22,1
24,1
26,1
27,1
29,1
31,1
33,1
36,1
37,1
39,1
40,1
42,1
43,1
44,2
45,1
48,1
49,2
53,1
54,1
55,1
57,1
60,2
63,1
64,1
66,2
67,2
69,2
609,1
72,1
73,1
79,1
80,1
81,1
82,1
84,2
86,3
87,1
88,1
90,1
92,1
95,1
96,1
97,1
104,1
107,1
109,1
120,1
122,1
124,1
125,1
128,1
134,1
654,1
704,1
201,1
209,1
245,1
3361,1
366,1
380,1
389,1
406,1
407,1
423,1
427,1
560,1
452,1
455,1
