0,17888
1,2084
2,52886
3,1152
4,501
5,196
6,128
7,77
8,42
9,33
10,26
11,19
12,29
13,19
14,8
15,22
16,14
17,17
18,21
19,19
20,24
21,23
22,19
23,18
24,14
25,15
26,15
27,9
28,9
29,13
30,5
31,3
32,3
33,3
34,3
35,3
36,5
37,1
38,9
39,11
40,5
41,3
42,1
44,1
45,2
46,2
47,3
48,2
1078,1
56,1
57,1
59,1
60,1
575,1
64,1
66,1
68,1
69,2
70,2
72,1
73,1
74,1
75,2
77,2
79,1
80,1
81,1
83,2
86,1
89,1
91,1
96,1
99,1
105,1
3180,1
110,1
629,1
126,1
128,2
130,1
131,2
133,1
157,1
171,1
177,1
542,1
188,1
719,1
213,1
215,1
217,1
218,1
731,1
221,1
223,2
224,1
759,1
255,1
2313,1
266,1
272,1
287,1
291,1
299,1
306,1
322,1
861,1
2403,1
359,1
880,1
373,1
378,1
408,2
219,1
994,1
