0,7934
1,1274
2,16782
3,361
4,130
5,46
6,47
7,32
8,25
9,23
10,17
11,13
12,5
13,5
14,4
15,6
16,2
145,1
146,1
131,1
20,1
22,3
24,1
25,2
27,1
156,1
30,2
1299,1
289,1
35,3
36,2
37,1
39,1
168,1
41,1
42,1
43,1
44,1
45,1
47,1
48,2
49,1
51,1
52,1
53,1
40,1
58,1
59,1
60,2
61,1
63,1
19,1
65,4
66,1
139,1
69,1
292,1
1480,1
73,1
77,1
164,1
291,1
85,1
214,1
472,1
89,1
135,1
1158,1
96,1
98,1
99,1
232,1
108,1
18,2
110,1
111,1
113,1
115,1
170,1
126,1
