0,12168
1,1398
2,18855
3,285
4,493
5,64
6,199
7,23
8,98
9,22
10,55
11,13
12,33
13,6
14,20
15,7
16,34
17,20
18,32
19,16
20,22
21,12
22,28
23,11
24,7
25,8
26,11
27,9
28,14
3613,1
30,2
31,1
32,5
33,5
546,1
35,2
36,5
38,4
39,4
40,3
41,6
42,13
519,1
44,4
46,4
48,4
50,3
51,3
52,5
54,3
55,1
56,2
58,5
59,2
2108,1
61,1
62,3
63,1
576,1
65,1
66,3
67,2
68,3
70,2
1095,1
72,2
73,3
74,1
75,1
76,1
77,2
81,2
82,1
83,1
84,2
85,1
88,1
89,1
90,1
91,1
92,1
94,1
96,1
98,2
101,16
103,2
104,1
109,2
115,1
117,1
118,1
121,3
122,2
636,1
127,2
129,1
130,1
131,1
644,1
133,1
135,1
136,3
140,2
142,1
144,1
145,1
149,1
150,1
768,1
152,1
154,2
160,1
162,1
167,1
171,1
2589,1
798,1
182,1
183,1
184,1
198,1
199,1
202,1
204,1
34,1
212,1
220,1
222,2
224,1
225,2
230,1
231,1
232,1
124,1
234,1
235,1
236,1
237,1
238,1
239,1
240,1
1266,1
243,1
250,1
251,1
766,1
5376,1
257,1
258,1
774,1
782,1
272,1
274,1
276,2
278,1
285,1
286,1
292,1
297,1
302,1
816,1
310,1
312,1
314,1
1341,1
833,1
323,1
6660,1
342,1
347,1
742,1
29,1
317,1
1905,1
233,1
64,1
13549,1
917,1
409,1
514,1
937,1
8618,1
958,1
476,1
46045,1
498,1
508,1
