0,7981
1,1125
2,14543
3,317
4,246
5,34
6,85
7,26
8,45
9,22
10,32
11,16
12,18
13,8
14,9
15,5
16,5
17,2
18,5
19,4
20,3
21,3
22,4
24,3
25,1
26,3
539,1
28,1
29,1
30,2
31,2
32,1
35,1
3109,1
38,4
41,3
42,2
44,1
45,2
48,1
50,1
51,1
53,2
54,1
56,1
58,1
59,1
60,1
63,1
64,1
66,1
67,3
68,3
70,2
71,1
72,1
75,1
80,2
91,1
93,1
94,1
101,1
104,1
105,1
119,1
123,1
127,1
132,1
135,1
138,1
139,2
145,2
146,2
147,1
152,1
27,1
178,1
4788,1
205,1
232,1
776,1
276,1
5909,1
292,1
317,1
376,1
1468,1
445,1
