0,3781
1,6997
2,4555
3,1974
4,665
5,187
6,40
7,9
527,1
16,1
20,1
536,1
25,1
26,1
28,2
30,2
31,4
32,1
33,3
34,4
35,4
36,3
37,3
38,3
39,5
40,7
41,5
42,4
43,1
44,5
45,2
47,4
48,2
49,3
50,5
53,4
54,3
55,1
56,4
57,3
59,3
60,2
61,1
64,3
65,4
67,1
68,2
70,1
71,1
72,4
73,4
74,2
76,1
77,1
78,3
81,1
84,1
85,1
87,3
88,1
89,1
90,2
91,2
93,2
610,1
101,1
105,1
106,1
110,2
113,2
115,2
118,1
120,1
121,1
123,1
3199,1
129,1
130,1
132,1
134,1
135,1
137,1
143,1
144,2
146,1
147,1
153,1
155,1
159,1
163,1
169,1
174,1
183,1
210,1
222,1
233,1
241,1
247,1
127,1
259,1
261,1
270,1
319,1
329,1
842,1
344,1
360,1
376,1
392,1
404,1
426,1
463,1
471,1
1501,1
490,1
504,1
511,1
