0,12504
1,7688
2,4720
3,2894
4,1743
5,1051
6,647
7,439
8,322
9,226
10,171
11,122
12,123
13,89
14,76
15,73
16,67
17,62
18,58
19,41
20,26
21,33
22,34
23,37
24,30
25,30
26,18
27,23
28,23
29,21
30,27
31,17
32,15
33,17
34,14
35,13
36,10
37,13
38,15
39,15
40,15
41,10
42,10
43,11
44,12
45,12
46,9
47,12
48,15
49,10
50,5
51,13
52,8
53,11
54,7
55,8
56,8
57,9
58,7
59,2
2108,1
61,6
62,4
63,9
64,6
65,8
66,3
67,4
68,6
69,5
70,5
71,4
72,7
73,6
74,5
75,4
76,6
77,3
78,2
79,2
80,6
81,4
82,1
83,5
84,5
85,2
86,5
87,3
88,3
89,4
90,1
91,6
2140,2
93,3
94,3
95,3
96,2
97,4
98,4
99,4
100,3
101,4
102,3
103,3
104,2
105,3
107,3
108,2
109,1
110,4
111,1
112,1
113,1
3277,1
115,3
117,2
118,1
119,2
121,1
122,5
123,3
124,2
125,1
126,3
127,1
128,1
130,1
131,2
2180,1
133,3
134,5
135,2
136,2
137,1
138,1
139,1
140,2
141,1
142,2
143,4
144,3
145,3
147,3
148,3
149,3
2198,2
2200,1
154,1
3439,1
156,2
157,1
159,1
160,1
161,1
162,2
163,1
164,2
165,3
166,1
2215,1
171,2
172,1
173,1
174,1
2226,1
2227,1
180,1
181,3
184,2
2233,1
186,1
188,1
189,1
190,3
191,1
2080,1
197,1
3105,1
2250,1
3447,2
204,1
2253,1
206,1
207,1
208,1
210,2
3790,1
215,1
216,1
2084,1
2267,1
220,1
223,1
3519,3
229,1
3793,1
233,1
234,1
236,1
238,1
239,1
240,1
2088,1
243,2
247,2
251,1
2300,1
2432,1
258,1
259,1
260,2
261,1
264,2
265,1
267,1
2316,1
270,1
2324,1
278,1
279,1
2055,1
281,1
2330,1
288,3
3657,1
2341,2
300,1
301,1
302,1
305,1
306,1
312,3
314,1
315,1
320,1
321,1
322,2
3289,1
329,1
344,1
347,1
2396,2
3813,1
2405,1
60,5
363,1
2413,1
374,1
377,1
383,1
384,1
386,1
387,1
2437,1
390,1
2440,1
396,1
2447,1
2452,1
2453,1
406,1
407,1
2458,1
415,2
2465,2
2467,2
2473,1
2476,1
2477,1
442,1
446,1
2496,1
456,1
457,1
2506,1
2061,1
2517,1
2117,1
474,1
2127,1
2525,2
480,1
2532,1
3153,2
2536,1
3522,1
501,1
2551,1
2556,1
2133,1
515,1
2564,1
2565,1
2573,1
2136,1
531,1
3293,1
546,1
2596,1
549,2
92,3
555,1
556,1
2607,1
563,1
2614,1
2616,1
2143,1
2630,1
587,1
2642,1
602,1
2149,1
2657,1
3430,5
2669,1
622,1
624,1
627,1
632,1
633,1
2682,1
2683,1
641,1
3180,1
2839,1
652,1
653,1
3636,1
2710,1
2712,1
665,1
2716,1
673,1
2723,1
687,1
690,1
2742,2
3529,2
2748,1
2749,1
2752,1
2754,1
2756,1
2757,1
2759,1
713,1
2773,1
2776,1
2779,1
3536,2
2788,1
742,1
743,1
2795,1
2796,1
2797,1
2798,2
2807,1
763,1
2815,1
2821,1
2822,1
2823,1
2825,1
2827,1
2828,1
783,1
2834,2
2837,1
2838,4
791,1
2841,1
794,1
2845,1
2848,1
2849,1
3547,1
2855,1
2856,2
809,1
810,1
3207,1
2860,1
2862,2
3549,2
2864,1
2865,1
818,1
2868,1
821,1
827,2
2876,1
2877,1
2869,1
2884,1
2887,1
2888,3
2890,1
2892,1
2893,1
2894,1
2896,1
2901,1
2903,1
2905,1
2906,1
2907,3
861,1
3579,3
2912,2
2915,2
2916,2
871,1
2923,1
2924,1
2925,1
2926,1
2928,1
2929,2
2932,1
2934,2
3220,1
892,1
2941,1
2944,2
2945,1
2949,2
2950,1
2951,1
2958,1
2961,1
2962,1
2963,1
2965,1
2970,1
2974,1
2975,1
929,1
2978,2
2979,1
2980,1
2982,1
2985,2
2987,1
2989,1
2990,1
2991,2
2992,1
2994,2
2995,1
2996,1
2997,1
2998,1
951,1
3000,1
3001,2
3002,1
3003,1
3004,1
3007,1
3008,2
3009,1
3011,1
3012,2
3013,1
3016,1
3017,1
3018,1
3020,1
3021,1
3022,2
3023,1
3024,1
3025,2
3026,1
3027,1
3798,3
3029,1
3031,1
3033,1
3037,1
3038,1
3238,2
3041,1
3043,2
3045,1
3046,2
3049,1
3050,1
3051,2
1004,1
3055,1
3059,1
3060,2
1013,1
1015,1
3064,1
3065,1
1019,1
3068,1
3280,1
3073,2
3075,1
1028,1
3077,2
3078,3
3079,1
3082,1
3083,1
3084,1
3086,1
3087,2
3089,1
3090,1
3093,2
3649,1
3095,1
1050,1
3099,1
3101,3
3102,2
3104,1
1057,1
3106,1
3107,1
1061,1
3111,1
1064,1
3114,1
3115,2
3116,1
3118,1
2909,2
3122,1
179,1
3124,1
3125,1
3126,2
3127,1
3129,2
3132,2
3133,1
3134,2
3136,1
3139,1
3140,1
3141,1
3142,2
3144,1
1097,1
3147,1
3148,2
3150,1
3151,1
2232,1
1108,1
1109,1
3158,1
185,2
3160,2
3163,1
3164,2
3166,2
3167,3
3168,2
3169,2
1123,1
3173,2
3174,2
3175,1
3177,2
3178,1
2919,1
1132,1
3182,1
3183,1
1136,1
3185,1
3186,1
3187,2
3189,2
1142,1
3191,2
3192,1
3193,2
3194,1
3198,1
3199,2
3204,1
3206,2
1159,1
3208,1
3209,1
3211,1
3212,1
3213,1
3214,2
3215,1
3216,1
1169,1
3218,2
1172,1
3221,3
3222,2
3223,1
1176,1
3226,1
3228,2
3229,3
1182,1
1183,1
3232,2
3233,1
3235,1
1190,1
3239,2
3242,1
3274,1
3244,2
3245,2
3247,1
3248,1
3249,2
3250,2
3251,1
3252,1
3253,3
3254,2
3255,1
1208,1
3257,4
3258,1
1211,1
3260,1
1213,1
3262,1
3264,1
3265,1
3267,2
3269,2
3445,4
3272,1
1225,1
859,1
3275,1
3276,1
2594,1
3278,2
205,1
1232,1
3281,1
3282,1
3284,1
3285,1
1238,1
3287,3
548,1
3279,1
1244,1
1245,1
3294,1
3295,2
3296,1
3297,3
3298,2
3299,1
3300,1
3301,2
3302,2
3594,2
3306,3
3307,2
3308,1
3309,1
3310,1
3311,3
3312,1
1265,1
3314,2
3316,1
1269,1
3318,1
3319,2
3321,1
3322,1
3323,1
3324,1
3327,1
3328,2
3329,2
3330,2
3331,1
1285,1
3334,1
3335,1
3336,1
3337,3
3340,3
1294,1
3344,3
3345,2
3346,1
3347,1
3349,2
3350,1
3453,2
3352,3
1305,1
3354,1
3355,1
1308,1
3359,2
3360,1
3361,1
3362,2
3317,1
3364,1
3365,1
1318,1
3368,2
3369,3
1322,1
3371,2
3372,2
3375,2
3376,1
3378,1
3383,3
3385,1
1338,2
3388,1
3389,2
3390,2
3391,2
3394,2
3396,3
3397,2
1350,1
3399,1
3400,2
3401,1
3402,1
3404,2
1358,1
3408,1
3410,1
3413,3
1366,1
3415,3
3417,2
3418,1
3419,3
3420,2
3421,1
3422,1
3423,1
3424,2
3425,2
3429,2
1382,1
3432,2
3644,3
3434,1
3435,4
3437,2
3438,1
1391,1
1394,1
3443,3
1397,1
3446,4
2281,1
3448,3
3449,2
3450,2
3452,1
1405,1
3454,1
3455,1
3456,1
3457,1
3459,1
3460,2
3462,4
3463,1
3464,1
3465,1
3466,2
3467,2
3468,1
3469,2
3470,1
1423,1
3472,3
3474,1
3475,1
3476,1
3479,1
3480,3
3482,2
3484,1
3487,5
3488,1
3489,1
3490,2
3491,2
3493,3
3494,1
3313,2
3496,1
3497,1
1451,1
3500,2
3501,1
3502,3
3504,2
3505,1
3506,3
3507,2
3509,1
3510,1
3511,1
3512,2
1468,1
3518,1
1471,1
3521,2
1474,2
3523,2
3526,1
3528,1
1481,1
3530,1
3532,1
3533,2
3534,2
3535,2
1488,1
3537,2
3538,4
3540,1
1493,1
3542,1
3543,1
3544,1
3545,2
3546,1
1499,2
3548,1
1501,1
3550,2
3553,1
3554,3
3555,1
3557,1
1510,1
3559,3
3560,1
3561,2
3563,2
3564,2
3565,2
3566,1
3568,2
3571,1
3573,1
3574,1
1527,1
3576,1
3577,5
3578,2
3256,2
3580,1
3581,3
3582,1
1535,1
3586,1
3588,4
3589,2
3592,1
1546,1
3595,1
3596,2
3598,1
1551,1
3600,2
3601,3
3602,1
3603,1
529,1
3605,4
3606,5
3608,1
3609,2
3610,4
3611,1
3612,1
3613,1
3615,2
3616,1
3617,1
3618,1
3619,1
3621,1
3623,1
3624,1
3625,2
3626,1
3627,4
3629,2
3630,2
3631,2
3632,3
3633,1
1586,1
1588,1
3637,2
3638,2
3639,1
3599,3
3642,2
3643,2
2508,1
3645,2
3646,3
3647,2
3648,1
3680,4
3650,2
3651,1
3652,1
950,1
3654,1
3656,3
268,1
3658,1
3659,1
1612,1
3662,1
1615,1
3666,3
3667,1
3668,1
3342,2
3671,1
1625,1
1626,1
3675,2
3676,3
3677,1
3678,1
3679,2
1632,1
3683,1
3684,1
1639,1
1640,1
3691,1
3692,3
3693,2
3695,2
2875,3
3697,1
3698,1
3699,2
3701,2
3702,1
3704,2
3705,1
3707,2
3709,1
1662,1
3713,1
3714,1
3715,1
3716,1
3718,1
3722,1
3723,2
3724,1
3725,1
3726,2
3728,1
3261,1
1682,1
3732,1
3733,1
3735,1
3737,1
1690,1
1694,2
3743,1
3696,1
1700,1
3752,1
3356,3
3755,1
3756,1
1713,1
1714,1
1721,1
1729,1
3779,1
3780,1
3783,1
3784,1
3785,2
3653,1
3789,1
3604,1
1831,1
3363,2
1748,1
1750,1
3800,1
3803,1
3805,1
1764,1
3583,2
1779,1
1781,1
3831,1
1784,2
3833,1
3674,1
1802,1
983,1
2349,1
1815,1
3872,1
2353,1
3948,1
1837,1
3231,1
1859,1
3911,1
1878,1
1882,1
3386,1
1887,1
1888,1
1900,1
3730,1
1902,1
1910,1
1916,1
132,1
3286,2
1925,1
1927,1
4002,1
1957,1
3109,2
1982,1
1986,1
1990,1
3063,2
3406,1
2011,1
2027,1
3273,1
2044,1
2047,1
