0,12224
1,1303
2,14100
3,356
4,170
5,55
6,35
7,20
8,14
9,12
10,12
11,21
12,17
13,15
14,9
15,16
16,18
17,13
18,15
19,11
20,3
21,7
22,5
23,3
24,6
25,2
26,2
27,1
28,1
29,3
30,1
31,2
32,1
35,1
37,5
38,3
39,2
41,1
43,1
44,1
46,1
47,1
48,1
49,1
53,2
54,2
55,1
56,1
57,1
2106,1
59,2
63,1
65,2
66,2
67,3
68,2
70,1
71,2
72,1
73,3
74,2
75,3
76,8
77,4
78,1
79,3
84,1
86,1
87,1
612,1
93,1
95,1
96,1
100,1
101,1
115,1
117,1
118,1
119,1
120,1
121,1
125,1
640,1
2185,1
140,1
152,1
1189,1
175,1
188,1
192,1
199,1
201,1
202,1
203,1
205,2
206,1
211,1
216,1
244,1
274,1
300,1
