0,15651
1,2397
2,36347
3,1846
4,794
5,458
6,366
7,313
8,249
9,238
10,199
11,147
12,133
13,120
14,79
15,49
16,41
17,54
18,39
19,22
20,19
21,25
22,11
23,14
24,25
25,11
26,11
27,12
28,10
29,5
30,4
31,8
32,13
33,7
34,3
35,2
36,3
37,10
38,9
39,8
40,12
41,7
42,1
43,3
44,1
45,1
46,6
47,3
48,5
49,1
51,2
57,2
58,2
59,2
60,1
61,3
62,1
63,1
64,2
65,1
66,1
67,1
68,1
71,3
73,3
74,2
76,2
77,1
78,1
79,2
80,1
81,1
82,1
83,1
86,1
91,1
93,1
100,1
111,2
112,1
115,2
116,1
117,1
119,1
122,1
123,1
124,1
650,1
144,1
146,1
160,1
162,1
2219,1
173,1
176,1
186,1
187,1
196,1
198,1
203,1
204,2
205,1
214,1
216,1
223,1
224,1
225,1
229,1
230,1
745,1
1776,1
262,1
270,1
281,1
3363,1
294,1
306,1
320,1
327,1
348,1
571,1
872,1
2933,1
525,1
417,1
938,1
432,1
438,1
446,1
476,1
1513,1
494,1
495,1
