0,22864
1,1768
2,54676
3,1182
4,1874
5,506
6,713
7,235
8,360
9,185
10,263
11,143
12,175
13,123
14,147
15,105
16,98
17,71
18,116
19,74
20,94
21,42
22,53
23,51
24,52
25,33
26,48
27,25
28,31
29,26
30,38
31,21
32,19
33,19
34,17
35,14
36,20
37,8
38,17
39,6
40,11
41,71
42,7
43,3
44,3
45,1
46,4
47,1
48,4
49,1
51,1
52,3
53,1
54,5
56,4
692,1
58,1
59,1
60,2
573,1
62,2
63,4
64,1
608,1
66,5
67,2
68,1
70,3
71,2
72,3
73,1
74,2
75,1
76,2
77,2
78,1
79,1
80,2
81,1
82,2
85,2
86,1
599,1
88,1
90,2
92,2
1210,1
94,4
95,2
96,2
3681,1
98,2
99,1
100,1
101,1
102,1
104,1
618,1
107,1
108,1
109,1
622,1
624,1
114,1
116,1
118,3
632,1
532,1
123,1
124,1
120,1
277,1
128,1
130,3
131,1
133,1
134,3
135,2
1672,1
137,1
1674,1
142,1
143,1
144,3
145,1
146,1
148,1
878,1
150,3
152,1
154,2
668,1
669,1
159,1
161,1
162,2
165,1
166,1
169,1
534,1
172,1
175,1
176,1
178,1
180,2
186,1
188,1
190,1
544,1
707,1
198,1
199,1
204,3
205,1
207,1
209,2
211,1
212,1
213,1
215,1
216,1
218,4
220,2
223,1
224,1
228,1
519,1
110,2
750,1
241,1
245,1
127,1
554,1
260,1
263,1
776,1
266,1
783,1
3118,1
281,1
282,1
1308,1
285,1
295,1
296,1
1543,1
299,1
300,1
302,1
6453,1
1334,1
312,1
315,1
138,1
318,2
1348,1
325,1
326,1
329,2
843,1
1358,1
338,1
340,1
345,1
1082,1
354,1
97,1
362,1
3438,1
61,1
372,1
609,1
2432,1
1409,1
65,1
392,1
402,1
951,1
406,2
576,1
324,1
410,1
666,1
837,1
4535,1
5061,1
621,1
59981,1
472,2
17931,1
477,1
480,1
546,1
498,1
2036,1
501,1
170,1
