0,3052
1,5189
2,3052
3,1242
4,336
5,93
6,24
7,2
8,1
9,1
1550,1
35,2
36,2
37,2
39,2
41,2
42,5
43,5
44,3
45,1
46,3
47,4
49,5
50,4
51,3
52,1
53,2
55,1
56,3
57,4
58,2
59,2
61,4
63,3
64,1
65,1
66,1
68,2
69,1
70,1
71,1
72,2
1097,1
74,2
75,2
76,3
77,1
79,1
81,2
82,2
84,2
270,1
86,1
87,1
89,1
91,1
92,1
93,2
94,1
96,1
98,1
100,1
103,2
104,2
107,1
110,3
112,1
114,1
120,1
125,2
133,1
134,1
136,1
143,1
148,1
153,1
159,1
164,1
166,1
171,1
178,1
181,1
200,1
222,1
226,1
254,1
263,1
266,1
782,1
272,1
1077,1
432,1
73,3
486,1
85,1
