0,4500
1,8067
2,5395
3,2373
4,781
5,214
6,46
519,1
8,3
523,1
17,1
21,1
22,1
23,1
24,3
25,4
26,4
27,3
28,7
29,3
30,4
31,6
32,4
33,6
34,6
35,10
36,6
37,5
38,4
39,3
40,2
41,2
42,4
43,4
44,5
45,1
46,6
48,5
49,2
51,2
53,4
54,1
55,2
56,3
58,1
59,1
60,2
61,3
62,2
63,1
64,1
65,1
66,2
67,1
68,1
69,4
70,1
71,1
72,1
73,2
74,1
75,1
76,1
79,1
81,2
82,2
84,3
85,1
86,2
87,2
88,1
89,1
90,1
95,1
96,1
98,1
99,2
613,1
103,1
104,1
108,1
111,3
112,2
113,2
114,2
117,1
126,1
128,1
3713,1
131,1
135,1
137,1
140,1
146,1
150,1
151,1
153,1
156,1
673,1
167,1
172,1
174,1
177,1
186,1
699,1
190,1
202,1
207,1
2768,1
209,1
212,1
7,3
221,1
224,1
233,1
239,1
242,1
244,1
278,1
304,1
323,1
1378,1
374,1
378,1
397,1
406,1
412,1
958,1
1111,1
