6,10782
7,6945
8,4996
9,3745
10,2746
11,2101
12,1662
13,1311
14,1080
15,903
16,746
17,585
18,516
19,460
20,420
21,347
22,296
23,281
24,267
25,230
26,171
27,145
540,1
29,115
30,120
31,107
32,107
33,97
34,87
35,72
36,64
37,70
38,45
39,54
40,59
41,51
42,42
43,45
44,32
45,48
46,35
47,28
48,25
49,35
50,22
51,25
52,32
53,19
54,24
55,15
56,28
569,1
58,16
607,2
60,15
61,14
62,13
63,17
64,17
65,10
66,8
67,17
68,12
69,12
70,11
71,13
72,8
73,9
74,10
75,9
76,9
77,4
78,10
79,8
80,6
81,4
82,8
83,2
84,6
85,7
86,8
87,3
88,3
89,9
90,3
91,3
92,5
93,4
94,4
95,2
96,6
97,3
98,2
99,3
100,3
101,8
102,2
103,5
104,2
105,2
106,7
107,3
108,3
109,3
110,1
111,3
112,3
113,1
114,4
115,2
116,2
702,1
118,2
119,3
120,4
121,3
122,1
123,2
124,2
125,1
639,1
128,1
129,4
130,2
131,1
132,1
134,6
136,1
137,1
138,2
139,2
140,1
142,4
143,4
144,1
145,1
146,1
147,1
149,1
150,1
152,3
155,1
156,1
158,2
159,1
160,3
165,2
166,1
168,1
169,1
170,1
172,1
176,1
186,1
190,1
117,3
192,2
195,3
201,1
203,1
205,1
206,1
213,1
216,1
219,1
222,1
227,1
228,1
230,1
231,1
234,2
127,1
236,1
237,1
243,1
247,2
249,1
251,1
254,1
256,1
259,1
268,1
269,2
785,1
281,1
303,1
309,1
313,1
314,1
321,2
333,1
28,132
739,1
57,18
351,1
353,1
354,1
59,14
374,1
385,1
389,1
400,1
979,1
