0,5033
1,13617
2,15698
3,12297
4,6885
5,2949
6,1035
7,322
8,78
9,18
10,3
11,1
525,1
22,1
23,7
24,7
25,1
26,5
27,5
28,7
29,6
30,6
31,4
32,8
33,8
34,6
35,13
36,11
37,8
38,15
39,14
40,8
41,18
42,9
43,6
44,9
45,8
46,9
47,7
48,10
49,13
50,9
51,8
52,7
53,4
54,9
55,5
56,8
57,6
58,4
95,1
60,3
61,2
62,2
63,5
64,3
65,5
66,1
67,3
68,6
69,2
70,6
71,2
72,3
73,1
75,5
76,4
77,6
79,4
80,4
81,4
83,3
596,1
85,2
86,4
87,3
88,1
89,2
90,2
91,3
92,2
93,2
94,3
613,1
96,3
97,2
98,3
99,2
100,2
101,1
102,3
103,2
105,1
106,1
107,1
108,1
109,2
111,3
112,3
114,1
116,1
117,1
118,1
119,2
120,2
121,1
122,2
123,2
125,1
128,1
129,2
130,2
132,1
133,2
134,1
1473,1
136,1
137,1
139,2
140,2
141,2
1166,1
143,2
144,2
145,3
146,2
195,1
148,2
149,3
152,2
154,1
155,1
156,2
158,1
160,2
164,1
165,1
166,1
167,1
174,1
175,1
177,1
181,3
182,1
183,1
188,1
189,1
192,3
194,3
971,1
196,2
3781,1
198,1
201,2
1900,1
9762,1
207,1
210,1
214,1
1751,1
706,1
2780,1
222,2
223,1
224,1
225,1
233,2
240,1
59,1
245,1
1065,1
249,1
1076,1
774,1
264,1
267,1
784,1
9489,1
276,1
278,1
800,1
801,1
804,1
805,1
135,1
302,1
1075,1
564,1
317,1
322,1
323,1
326,1
330,1
567,1
332,1
335,1
341,1
313,1
1167,1
352,1
355,1
362,1
364,1
365,1
366,2
376,1
660,1
895,1
386,1
387,1
4998,1
2953,1
908,1
401,1
914,1
410,1
411,1
414,1
1441,1
932,1
1448,1
428,1
439,1
443,1
3008,1
672,1
962,1
247,1
463,1
1488,1
472,1
3545,1
477,1
482,1
483,1
11261,1
