0,12224
1,1201
2,13916
3,246
4,366
5,40
6,117
7,22
8,55
9,15
10,24
11,10
12,19
13,11
14,18
15,12
16,20
17,13
18,19
19,14
20,24
21,10
22,11
23,4
24,8
25,6
26,6
27,1
28,4
29,1
30,2
31,1
32,4
35,1
36,2
37,1
38,1
41,8
42,2
44,1
46,2
48,2
49,3
51,1
1588,1
53,1
54,1
56,3
58,5
59,1
60,1
61,1
62,1
63,1
64,2
65,2
68,1
69,2
70,1
71,1
72,3
73,2
75,1
77,1
81,24
514,1
84,1
85,1
89,1
91,1
92,1
605,1
94,1
107,1
109,1
624,1
114,1
116,1
117,1
119,1
127,1
128,1
140,1
144,1
153,1
1045,1
160,1
112,1
170,1
172,1
189,1
194,1
198,1
211,1
212,1
218,1
223,1
224,2
225,1
230,1
242,1
246,1
271,1
1303,1
14425,1
52,1
4439,1
570,1
361,1
2968,1
412,1
533,1
986,1
480,1
4591,1
