0,5033
1,13146
2,15174
3,12162
4,7170
5,3370
6,1289
7,435
8,110
9,37
10,7
11,2
12,1
614,1
532,1
22,1
89,2
24,7
25,1
26,5
27,5
28,7
29,6
30,6
31,4
32,7
33,9
34,6
35,13
36,11
37,8
38,14
39,15
40,8
41,18
42,9
43,6
44,9
45,8
46,9
47,7
48,10
49,13
50,9
51,8
52,6
53,5
54,9
55,5
56,8
57,6
58,4
59,1
60,3
1085,1
62,2
63,5
64,3
65,5
66,1
67,3
68,6
69,2
70,6
71,2
3656,1
73,1
75,4
76,5
77,5
78,1
79,4
80,3
81,4
82,1
83,3
85,2
86,4
87,3
88,1
601,1
90,2
91,3
92,2
93,2
94,3
95,1
96,2
5220,1
98,3
99,2
100,2
101,1
102,3
103,2
105,1
106,1
107,1
108,1
109,2
111,3
112,3
114,1
116,1
117,1
119,3
120,2
122,1
123,3
124,1
125,1
128,1
129,2
130,2
132,1
133,2
134,1
135,1
136,1
137,1
23,7
140,2
141,2
143,2
144,1
145,3
146,3
148,2
149,2
150,1
152,2
708,1
666,1
155,1
156,3
158,1
160,2
675,1
164,1
165,1
166,1
167,1
10412,1
174,1
175,1
178,1
181,2
182,2
183,1
188,1
189,1
192,2
3104,1
194,4
195,1
196,1
197,1
198,1
201,1
202,1
208,1
211,1
214,1
223,3
224,1
226,1
233,1
235,1
240,1
1779,1
246,1
248,1
250,1
12548,1
264,1
268,1
776,1
401,1
387,1
276,1
789,1
278,1
2842,1
815,1
805,1
807,1
808,1
61,2
303,1
1075,1
313,1
320,1
139,2
324,2
566,1
327,1
330,1
334,1
335,1
3921,1
342,1
352,1
357,1
97,3
572,1
362,1
364,1
366,2
367,1
376,1
899,1
389,1
1928,1
1176,1
1080,1
919,1
411,1
413,1
926,1
415,1
1180,1
429,1
943,1
72,3
1459,1
1460,1
440,1
444,1
967,1
10705,1
466,1
979,1
1494,1
473,1
480,1
1506,1
483,1
485,1
3047,1
