0,10943
1,1244
2,17377
3,409
4,360
5,39
6,124
7,25
8,66
9,22
10,24
11,10
12,16
13,10
14,21
15,8
16,12
17,12
18,15
19,8
20,8
21,12
22,8
23,2
24,4
25,3
26,8
27,1
28,5
29,1
30,4
3616,1
33,1
34,1
36,2
38,5
39,2
40,1
41,5
42,3
43,2
44,1
45,1
46,3
48,2
49,1
50,3
51,3
52,1
54,1
55,2
57,1
58,1
59,1
62,2
63,1
64,1
67,1
68,1
71,2
584,1
81,12
86,1
94,2
95,1
96,1
1121,1
98,1
100,1
101,11
105,1
110,2
116,1
126,1
129,1
535,1
3734,1
672,1
161,1
3765,1
695,1
185,1
32,2
199,1
238,1
251,1
305,1
307,1
4747,1
2897,1
1400,1
379,1
398,1
400,1
15788,1
1992,1
482,1
492,1
503,1
