0,4321
513,1
2,13888
3,11116
4,6368
5,2959
6,1097
1,11701
8,100
9,23
10,4
524,1
525,1
1040,1
1112,1
530,1
188,2
533,1
853,1
535,1
537,1
5662,1
543,1
544,1
39,1
7,355
45,1
47,1
48,2
49,2
51,1
52,3
53,2
54,4
55,2
56,3
57,5
58,5
59,3
60,3
61,9
62,4
63,4
64,4
65,5
66,4
67,4
68,5
69,5
70,9
71,5
584,1
73,6
74,8
75,6
76,6
77,7
78,8
79,9
80,4
81,3
82,7
83,3
84,7
85,6
86,4
87,3
88,10
89,2
90,3
91,2
92,5
93,5
94,3
95,1
96,8
97,7
98,4
99,5
100,4
101,2
102,5
103,3
104,3
105,2
106,2
107,5
3180,1
109,4
110,2
111,1
112,1
113,2
114,1
115,3
116,3
117,5
118,2
119,2
120,1
122,2
123,3
124,2
126,1
639,1
128,1
129,4
130,2
131,3
132,2
133,1
134,2
135,3
136,3
137,4
138,1
139,3
140,2
141,2
142,2
143,1
145,2
146,1
148,3
149,2
150,4
151,2
155,1
156,2
157,1
158,2
159,2
160,1
161,1
164,2
165,1
166,1
167,2
171,2
174,1
1309,1
177,1
178,1
179,2
180,1
181,2
182,4
695,1
184,1
187,1
3772,1
189,1
190,3
191,1
193,1
194,2
195,1
197,1
198,1
199,1
712,1
202,2
205,1
719,1
433,1
210,2
212,1
214,2
216,2
217,1
218,1
220,2
222,1
225,1
1147,1
229,1
232,1
380,1
236,1
237,2
246,1
248,1
250,1
251,1
252,1
253,1
254,2
256,2
259,1
262,1
263,1
269,1
272,1
274,2
276,1
279,1
285,1
287,1
288,1
291,3
808,1
647,1
812,1
814,1
303,1
304,1
305,1
308,1
311,1
312,1
313,1
314,1
320,1
323,1
332,1
11090,1
1422,1
342,2
855,1
346,1
347,1
348,1
351,1
352,1
2108,1
2413,1
108,1
376,1
200,1
896,1
662,1
577,1
395,1
396,1
398,1
1432,1
1092,1
414,1
932,1
1454,1
72,10
436,1
441,1
445,1
1270,1
456,1
458,1
460,1
465,1
467,1
361,1
1529,1
2047,1
