0,12624
1,1234
2,13835
3,332
4,392
5,42
6,107
7,21
8,69
9,10
10,36
11,14
12,12
13,14
14,12
15,18
16,15
17,14
18,19
19,13
20,12
21,13
22,11
23,4
24,6
25,3
26,4
27,1
28,3
30,1
31,2
32,3
34,1
36,1
38,4
39,2
41,9
42,2
44,1
45,2
46,2
47,1
48,1
50,1
51,2
52,1
53,1
55,2
56,2
57,2
58,1
59,2
60,1
63,2
64,2
65,1
69,1
70,1
71,1
74,1
75,1
77,1
81,24
83,2
85,1
86,1
91,1
93,1
608,1
104,1
106,1
1131,1
112,1
132,1
137,1
138,1
672,1
210,1
217,1
222,1
228,1
15595,1
5375,1
4891,1
3120,1
296,1
304,1
326,1
331,1
2913,1
396,1
438,1
439,1
527,1
497,1
