0,4539
1,8284
2,5744
3,2694
4,927
5,253
6,63
7,12
8,1
9,1
21,1
24,1
26,1
27,1
28,1
29,1
30,2
31,4
32,3
33,4
34,5
35,2
36,6
37,4
38,3
39,4
40,7
41,5
42,3
43,3
44,6
45,4
46,3
47,5
48,2
49,1
50,2
51,4
52,3
53,3
54,1
55,1
56,5
57,5
58,1
59,3
60,2
61,2
62,1
63,2
64,2
65,1
66,1
67,1
68,2
69,2
70,4
71,2
72,2
73,2
74,3
78,1
79,2
80,1
81,1
82,2
83,3
84,2
85,1
86,1
87,1
88,2
89,2
90,5
92,1
93,1
94,1
95,2
96,1
98,2
99,1
100,1
101,1
102,1
103,1
620,1
110,1
113,2
114,1
115,1
116,2
117,1
119,1
124,1
125,1
126,1
128,1
131,1
4741,1
134,1
135,1
136,1
140,1
142,1
144,1
149,1
152,1
153,2
669,1
159,1
169,1
171,1
177,1
178,2
180,1
182,1
185,1
189,1
191,1
195,1
197,1
201,1
202,1
205,1
722,1
728,1
220,1
230,1
239,1
242,1
270,1
278,1
300,1
318,1
320,1
322,1
351,1
1084,1
369,1
882,1
394,1
921,1
425,1
157,1
1467,1
1018,1
