0,12323
1,1400
2,17338
3,372
4,470
5,43
6,143
7,30
8,72
9,18
10,36
11,7
12,16
13,12
14,25
15,21
16,21
17,14
18,18
19,13
20,12
21,5
22,13
23,7
24,8
25,3
26,8
27,4
28,3
29,1
30,3
31,2
32,6
33,3
34,1
36,1
38,4
39,1
40,5
41,5
42,1
44,1
45,1
46,2
47,1
48,2
49,1
50,1
51,4
52,2
53,2
54,2
56,1
57,1
58,2
59,2
60,2
61,2
62,1
64,1
65,1
66,4
67,2
69,1
70,2
72,5
73,3
586,1
78,1
81,25
82,2
84,1
87,1
89,1
613,1
103,1
616,1
113,1
114,1
115,1
119,1
120,4
122,1
125,1
127,1
131,1
132,1
645,1
135,1
140,1
148,1
152,1
1051,1
186,1
190,1
191,1
3264,1
197,1
213,1
216,1
217,1
218,3
1246,1
243,1
2296,1
252,1
513,1
4373,1
104,1
647,1
14135,1
4928,1
348,1
399,2
419,1
74,1
453,1
470,1
478,1
