0,20135
1,1993
2,74959
3,451
4,1105
5,99
6,374
7,53
8,220
9,33
10,101
11,17
12,64
13,13
14,54
15,8
16,43
17,11
18,48
19,10
20,29
21,14
22,29
23,19
24,32
25,17
26,27
27,12
28,21
29,10
30,18
31,8
32,15
33,9
34,12
35,5
36,6
37,1
38,5
39,3
40,4
41,22
42,6
43,2
44,7
45,1
46,9
47,1
48,6
50,2
51,2
564,1
53,2
54,1
55,4
56,1
57,2
58,1
59,1
60,2
62,2
1205,1
64,5
65,4
66,5
68,3
69,3
582,1
71,1
72,3
73,3
74,2
75,1
76,2
1102,1
80,3
81,2
1106,1
84,2
86,4
88,1
89,2
90,5
91,3
92,1
93,1
606,1
101,2
96,4
97,1
98,2
99,1
100,1
613,1
103,1
616,1
106,3
107,1
108,1
110,1
113,2
114,2
118,1
120,2
633,1
124,1
125,2
126,1
129,3
132,1
134,1
1161,1
651,1
194,2
142,1
655,1
144,1
147,1
148,1
150,1
154,1
671,1
161,1
1051,1
164,1
679,1
173,1
176,2
1058,1
178,1
180,2
693,1
694,2
696,1
186,1
190,1
193,1
706,1
1220,1
1221,1
200,2
201,1
716,1
546,1
206,1
205,1
208,1
209,2
1234,1
723,1
215,1
225,1
3812,1
742,1
233,1
235,1
210,1
238,1
239,1
241,1
243,1
245,1
758,1
247,1
767,1
256,1
257,1
259,1
265,1
266,1
94,2
1536,1
121,1
277,1
798,1
287,1
2608,1
521,1
1158,1
297,1
298,1
303,1
305,1
309,1
310,2
823,1
52,3
314,1
318,1
833,1
326,1
328,1
841,1
330,1
1355,1
339,1
345,1
860,1
7994,1
352,1
353,1
354,1
230,1
358,2
5995,1
879,1
372,1
375,1
490,1
394,1
286,1
1939,1
407,1
408,1
722,1
415,1
419,1
420,1
70,1
1105,1
1777,1
426,1
84907,1
437,1
3512,1
454,1
459,1
1490,1
163,1
78,2
470,1
137,1
477,1
1502,1
480,1
993,1
14819,1
487,1
5098,1
3564,1
82,1
272,1
496,1
1521,1
1011,1
204,1
255,1
