0,23454
1,3765
2,41304
3,1066
4,628
5,326
6,263
7,186
8,147
9,97
10,52
11,39
12,20
13,18
14,11
15,5
16,6
17,5
18,1
19,4
20,3
21,1
22,1
23,2
24,2
516,1
26,1
27,1
28,1
29,1
30,3
31,2
33,2
34,1
35,2
36,2
38,1
39,1
40,2
42,2
43,1
44,1
45,3
46,2
48,1
49,1
50,1
51,1
52,1
54,1
55,1
58,1
59,2
60,1
63,1
64,1
65,1
66,1
67,2
69,2
71,1
75,1
79,1
80,1
81,1
514,1
86,1
87,1
89,1
90,2
91,2
92,1
97,2
99,1
100,1
101,5
4199,1
105,1
106,1
107,1
117,1
122,1
126,1
127,2
130,2
131,1
134,2
535,1
158,1
207,1
727,1
225,1
226,1
264,1
290,1
841,1
364,1
367,1
371,1
374,1
393,1
407,1
410,1
415,1
417,1
424,1
429,2
435,1
448,1
461,1
476,1
82,1
