0,21107
1,2477
2,40947
3,930
4,1559
5,164
6,498
7,128
8,285
9,147
10,242
11,151
12,198
13,115
14,174
15,106
16,120
17,79
18,95
19,66
20,65
21,45
22,53
23,31
24,38
25,24
26,40
27,20
28,51
29,17
30,25
31,14
32,26
33,10
34,19
35,13
36,14
37,7
38,16
39,14
40,15
41,69
42,6
44,5
45,1
46,3
47,2
48,5
49,3
50,6
51,2
52,3
53,2
5686,1
55,2
56,4
57,3
58,6
59,2
60,9
61,3
62,5
63,1
64,3
65,2
66,8
523,1
68,5
69,3
70,2
72,2
73,2
586,2
588,1
78,4
4280,1
2479,1
83,1
596,1
85,1
86,1
87,1
88,3
90,3
92,4
93,1
94,2
95,1
96,2
97,1
100,1
102,1
104,1
105,1
106,1
109,1
111,2
115,2
116,1
118,3
119,2
120,1
634,1
123,1
125,1
638,1
127,2
128,1
129,1
130,1
131,1
534,1
136,2
138,4
140,1
142,1
143,1
144,2
431,1
150,3
152,1
154,2
156,2
157,2
197,2
1184,1
164,1
166,1
167,1
168,2
1052,1
1194,1
455,1
172,1
173,1
174,1
2589,1
177,1
1208,1
1209,1
186,2
187,3
192,1
194,1
195,1
709,1
198,1
126151,1
200,1
201,1
203,2
204,2
205,1
206,1
207,1
209,1
213,1
218,1
732,1
122,1
222,1
224,2
229,1
600,1
235,1
5869,1
242,1
244,1
126,1
246,1
760,1
2811,1
256,1
3334,1
263,1
264,1
268,1
7439,1
275,1
790,1
283,1
520,1
804,1
390,1
294,1
295,1
296,1
299,1
5781,1
310,1
315,1
316,1
317,1
319,1
736,1
54,7
334,1
335,1
5176,1
338,1
1507,1
358,1
873,1
364,2
879,1
374,1
378,1
379,1
382,1
1941,1
4160,1
1414,1
904,1
395,2
405,1
917,1
922,1
514,1
4421,1
930,1
420,1
422,1
429,1
430,1
1455,1
434,1
439,1
440,1
441,1
442,1
74,1
1471,1
448,1
454,1
1479,1
76,3
466,1
1268,1
482,1
763,1
604,2
81,1
82,2
498,1
886,1
1018,1
682,1
11262,1
