0,17888
1,1829
2,52465
3,526
4,1048
5,96
6,374
7,52
8,183
9,30
10,91
11,15
12,65
13,14
14,50
15,8
16,35
17,8
18,38
19,24
20,33
21,32
22,21
23,22
24,23
25,17
26,20
27,19
28,28
29,25
30,23
31,7
32,12
33,9
34,8
35,4
36,9
37,5
38,12
39,3
40,4
41,26
42,4
43,1
44,3
45,4
46,8
47,1
48,10
49,1
50,3
51,1
52,2
54,5
6153,1
56,3
58,2
60,2
62,5
63,1
64,4
1601,1
66,3
68,1
69,4
70,1
584,1
1097,1
74,3
75,2
76,4
78,3
79,2
80,2
3168,1
82,5
595,1
84,1
85,1
86,2
87,1
88,6
89,1
90,2
91,1
92,1
93,2
94,1
1119,1
96,2
97,1
98,1
99,1
100,3
101,4
1127,1
104,3
105,1
106,2
111,1
112,1
113,2
120,1
121,1
122,1
128,1
192,1
643,1
132,2
534,1
134,1
135,1
138,2
142,1
146,2
195,1
661,1
73,1
151,1
1176,1
153,1
154,1
156,1
162,1
166,1
167,1
2076,1
172,1
1711,1
689,1
180,1
1717,1
186,1
190,1
4800,1
1219,1
196,1
201,1
202,1
720,1
632,1
210,2
211,1
218,1
219,1
223,2
224,2
226,1
228,2
232,1
234,1
235,1
755,1
2805,1
247,2
249,1
271,1
283,1
286,1
803,1
294,1
1073,1
561,1
562,1
303,1
305,1
307,1
308,1
310,1
311,1
312,1
825,1
314,1
320,1
833,1
322,1
3638,1
838,1
330,1
336,1
1336,1
1363,1
301,1
342,1
1367,1
344,1
355,1
356,1
357,1
358,1
877,1
6516,1
377,1
380,1
149,1
386,1
389,1
392,1
4503,1
401,1
403,1
916,1
918,1
407,1
1944,1
412,2
416,1
929,1
425,1
1967,1
72,1
434,1
439,1
440,1
448,1
1485,1
464,1
980,1
1102,1
473,1
476,2
479,1
81,1
16872,1
5100,1
496,1
83,3
1210,1
506,1
509,1
86613,1
