1570604,1
1575233,0
2194737,1
1570607,1
1570600,1
1570601,1
1570602,1
1492778,1
1570608,0
1570606,1
55290,2
1568513,0
1570603,1
1568515,1
1568514,0
1568517,1
5166216,1
260520,1
5175205,1
5018386,1
6214819,1
6214818,1
1570609,0
571432,1
5167927,1
74017,2
631450,1
6792,1
3998114,1
602350,1
1567857,1
5188125,0
5165299,1
5165565,1
16257,1
16254,1
16259,1
5174757,0
3925061,1
5183785,0
5183784,0
5183789,1
586377,1
1569000,1
1569001,1
1569003,0
1569004,0
1569005,0
5057215,1
1569007,0
1569008,0
1569009,0
4098336,1
628846,1
523440,1
24880,1
617643,1
5055141,1
5159234,1
581709,3
633327,2
4476238,1
5184928,1
64453,1
633323,2
633322,1
633321,1
633320,0
5184922,1
5184923,1
5184921,1
204642,1
203612,1
588756,1
362659,1
3790645,1
415997,3
5145929,1
618251,1
2621963,1
570563,3
170932,1
2224238,1
14622,1
5085842,1
5085849,1
4411520,1
936939,3
600583,1
619391,1
1568357,1
1568356,1
1568350,1
30410,2
5086799,1
118806,2
347572,1
633245,1
1516821,1
462878,1
361986,1
5092505,1
1439590,1
1565050,1
5185575,1
40742,1
504974,1
2022374,1
621233,3
27615,1
1564187,1
514,1
69705,3
29101,1
4402348,1
842874,1
360656,5
8017,2
87571,1
1569584,1
1569587,1
1569586,1
1569581,0
1569583,1
1569582,0
629143,1
1569588,1
4483505,1
590201,1
373204,1
5173728,1
55331,1
117060,1
591910,1
580217,0
120609,2
4275569,2
1570376,1
187251,1
212569,1
348749,1
594233,1
348745,1
4986323,1
5122161,1
2784602,1
603742,1
4441530,1
86228,3
1568997,0
5058100,1
5111235,0
1568983,1
1568986,1
1568987,1
1568984,1
5094628,1
1568988,1
1568989,1
553733,1
1572453,0
1572452,1
98451,3
1572450,0
1572457,0
1572456,0
1572455,0
1572454,0
424152,0
5602447,1
13537,1
605742,1
1014264,0
623403,1
613082,1
11754,1
539869,2
20886,1
5173898,1
1568049,1
5033100,1
143991,1
5171941,1
146310,1
185907,1
613554,1
49171,1
348129,2
5172419,0
4041892,1
1570257,1
633178,1
633179,2
1412779,1
10397,1
633172,0
633173,0
633170,4
633171,2
633176,0
633177,1
633174,2
633175,4
5094848,1
44653,1
5104484,1
1570703,1
1484329,1
566554,2
269485,1
6811,3
3853262,1
15703,1
6814,1
123558,2
1566244,1
1566243,1
63279,1
5075894,1
1565517,1
4638283,0
63276,1
5710449,1
179449,1
1467679,1
5176672,0
960904,1
1120753,1
233290,1
4292129,1
7666,4
5169294,1
5169297,1
553132,1
466299,2
5169298,1
4996495,1
1537315,1
5075298,1
4054094,1
627135,1
5309720,1
1568164,1
628528,1
1568160,1
1568161,1
1568162,1
1568163,1
628520,1
1568168,1
1568169,1
268463,1
8715,2
1570913,1
1570916,1
1570917,1
1570918,1
3386781,1
4826890,1
625755,1
1560365,1
5070181,0
5042936,1
1571475,1
612702,7
1571539,1
1571538,1
1571535,1
1571534,1
1571537,1
1571536,1
1571533,1
529188,1
492275,1
1570628,1
1570629,1
1570626,0
1570627,0
1570624,1
1231403,1
1570622,0
1570623,0
1565853,1
1568570,1
1568575,1
1568574,1
1566764,1
425852,2
1565858,1
7118,1
1566766,1
4530103,1
1066549,1
5626166,0
4554836,1
5182545,1
5051790,0
18797,1
1571399,1
74032,1
560821,1
97130,1
1567323,1
1567322,1
1567321,1
1567327,1
24881,2
1572843,0
536581,1
807167,1
603973,3
1726273,1
602082,1
617085,1
622960,1
622969,1
149260,1
182431,1
1315982,1
624740,1
1566749,1
1566038,1
1566036,1
5057231,1
1566032,1
4696236,2
6218664,1
49095,1
905427,1
633341,2
633340,2
633343,4
633342,3
5080837,1
1399677,2
633347,1
633346,1
633349,2
633348,0
5249030,1
162341,1
4592260,0
5164633,1
1568431,1
622299,1
1377824,1
481147,1
633326,1
633325,2
4340448,1
633324,2
587337,1
70642,1
4411548,1
627512,0
627518,1
1568378,1
5011247,1
1568371,1
1568373,1
1568374,1
1331038,1
1568376,1
1561915,5
1050967,1
604332,1
633329,1
36174,1
36175,1
604339,1
18091,1
230085,1
4973089,1
5181576,1
41545,1
1000450,1
5181579,0
5092525,1
5187822,1
4600671,1
4532852,1
1151,1
97913,1
107115,2
632606,1
4955697,1
31743,1
76204,1
1567518,1
5038250,1
6075488,1
5101339,1
1570316,1
630289,1
1569569,1
1569568,1
4988556,1
1569566,1
257674,2
1075444,1
4017220,1
633554,0
4517990,1
5187642,1
267693,1
4900969,1
5187649,1
5025444,1
5070641,1
1572258,0
4297,1
5195289,0
28653,1
842851,1
5185864,1
632754,1
632757,1
632750,1
632753,1
73051,2
31963,0
4746,1
1571250,1
1571251,1
1571700,1
1571701,1
1571706,1
1571707,1
1571257,1
1571258,1
1571259,1
1571708,1
1571709,1
1568960,1
1413563,1
1568963,0
1572479,0
1572475,0
632570,1
1572471,0
632574,1
632576,1
558584,3
2184,13
457693,1
13511,1
13510,1
607559,2
5184736,1
5184734,1
5184732,1
5184738,1
86865,1
64000,1
4426689,0
5181017,0
488939,1
633488,1
633489,1
25566,1
633482,1
633483,2
633480,1
633481,1
633486,1
633487,1
633484,1
633485,1
1571874,1
1571875,1
1571877,1
1571870,1
1571873,1
357224,1
1571878,1
4935751,1
5172430,1
5172432,1
632283,0
5172437,0
5185482,1
5185480,1
200572,1
5185485,1
633154,3
633156,1
633157,3
3327228,1
633153,2
633158,10
633159,2
7946,2
1566481,1
218327,1
4254651,1
4201052,1
6296311,0
619541,1
12207,1
12203,1
70363,1
1561218,1
414953,1
1568358,1
5113067,0
29358,1
396555,1
1565588,1
4064081,1
1570449,1
408761,1
5176651,1
625866,1
119237,1
26839,1
4368441,1
14189,2
1705,2
5169273,1
5169271,1
808777,3
209958,3
604678,1
553233,2
5070435,1
168540,2
631828,1
4275933,1
11138,4
17982,1
1568149,1
17988,1
1568143,1
1568140,1
1568141,1
4320673,1
34321,1
13869,1
1197710,2
361758,0
1570391,1
1513732,1
1150184,1
606414,1
1570648,1
33851,1
1570646,1
4588797,1
101726,1
8199,0
441484,2
325490,2
39381,10
6112590,1
1348868,3
266001,1
425169,2
5186669,1
1567657,1
3958281,1
4371008,1
1412517,1
5188168,1
4465412,1
231123,3
1568641,1
1569798,1
1569799,1
1571115,1
1571112,1
5094479,1
1568645,1
1571119,1
1571790,1
6024292,1
238,1
1568646,1
1569148,1
56781,1
49521,1
121569,2
5185076,1
21657,1
1475497,3
1566660,1
500135,1
1572398,1
1572399,1
5187367,1
124394,1
1572390,1
1572391,1
1572392,1
1572393,0
1572394,0
1555334,1
1572396,0
1572397,1
633369,6
633368,1
633363,3
633362,0
633361,1
633360,2
633367,0
633366,4
633365,2
633364,1
513270,1
1574425,0
556668,1
149005,1
1572134,1
1572135,1
1572136,1
1572137,1
1572130,1
1572131,0
1572132,1
1572138,1
1053140,1
162148,1
628888,1
522865,1
36773,2
101989,3
573956,1
5053585,1
268672,1
534659,2
598945,1
5032191,1
552964,1
27827,1
2771772,1
4101561,1
618859,1
5079253,0
4998149,2
5072531,0
68861,1
1569407,1
1569401,1
1569402,1
1569403,1
7144,1
1569408,0
2577850,0
8501,1
12874,3
1567826,1
1567827,1
4022933,1
5141753,1
1571740,1
365406,1
629101,1
1569549,1
1569548,1
2881,1
1569541,1
1569540,1
1570097,1
1570096,1
1569545,1
1569544,1
1569547,1
1569546,1
5065913,1
70493,1
1570895,1
1570897,1
1570896,1
5187627,1
5187629,1
1570899,1
1570898,1
1568172,1
5070666,1
5069969,1
554105,1
1572374,1
624970,2
624971,1
4760,3
5173328,1
4368264,1
26294,1
1568946,1
1568947,1
1568945,1
579926,1
1568940,1
6317627,1
93179,2
1568948,1
1568949,1
1571279,1
1571273,1
1571270,1
1571271,1
1571276,1
16025,1
1571274,1
1571275,1
107588,1
56862,1
17374,1
1572378,1
240687,1
23908,2
997900,1
632777,5
632778,1
1519048,1
611734,1
50895,1
1356065,1
25501,1
16688,1
1571854,1
1571855,1
1571852,1
357247,3
1571851,1
632805,1
632804,1
632806,2
5172983,0
5172457,1
632808,1
633604,0
5070872,1
2702,1
579215,1
1013712,1
617291,1
3693762,1
6259,1
1562012,1
6250,2
4952938,1
629690,2
9710,1
9715,1
9714,1
836,1
3472,1
19990,1
182363,1
6260299,2
871607,1
5180526,0
903187,1
432506,1
609163,0
5169253,1
630264,1
616162,1
136814,1
1381543,1
1570588,0
385655,2
5087545,1
14302,4
1568235,0
1589,1
5184152,0
5184150,1
1043194,1
3325535,1
5659,6
5656,2
598157,1
5655,3
4716379,1
252199,1
819257,2
631381,1
617770,1
35202,1
27023,1
23221,1
5973348,1
6213829,1
30952,1
606698,1
5083247,1
19486,1
631164,2
19489,1
1567670,1
373180,0
8312,2
602333,1
5188187,1
107938,1
1570661,1
1570666,1
1570667,1
1570665,1
92701,1
35259,2
1570668,1
1570669,0
92707,1
5990,1
181274,1
1571133,1
1571139,1
1571138,1
5623579,1
12075,2
622927,1
5257534,3
4149709,1
142416,1
561886,1
5177226,0
1566423,1
1568508,1
633473,1
253804,3
24824,1
24826,1
4121416,1
5141060,1
4526912,1
632127,1
116491,1
605644,1
5165589,1
4492453,1
94131,1
94132,1
51276,1
1572118,1
4430506,1
1572116,0
1572117,1
1572114,0
1572115,0
1572112,0
17141,2
1572111,1
25197,1
36759,1
1566071,1
919,1
9547,1
3418519,1
105426,1
1565254,1
1568337,1
14821,1
1568331,0
1568333,0
1568332,1
462335,1
2418775,1
5184897,1
5184894,1
5181600,0
5184890,1
5184891,1
218284,2
1346097,1
1293954,1
5186035,1
84509,1
5184098,1
484976,1
4543007,1
1294692,1
415757,2
71556,1
4101545,1
34283,2
34286,1
626201,1
5079279,0
5072518,0
630711,1
1561404,1
4488136,1
4488134,1
1851396,1
31703,1
1569428,1
1569429,1
1569426,1
1569427,1
1569424,1
1569425,1
1569422,0
1569423,1
1569420,1
1569421,0
584426,1
479496,3
76243,1
76241,1
1569522,0
1569520,1
5179643,1
1569525,1
5837371,1
4545051,1
50307,2
6319355,1
2893982,0
6142899,1
47273,1
22343,1
5183042,1
114393,1
100683,1
1570876,1
26502,1
2098206,1
5189116,1
5026696,0
1197908,1
577051,1
4289236,1
1568920,1
1568922,1
1568923,1
4281745,1
5186632,1
1283688,1
5040532,0
5186639,1
5697684,0
4224172,1
580856,1
60211,2
592997,1
575902,0
1568985,1
64773,3
151817,3
151818,3
494511,1
579617,1
632711,1
29212,5
632714,1
4924484,1
493424,1
633448,2
633449,2
633446,1
633447,2
633444,0
633445,0
633442,1
633443,1
633440,0
192,1
1705944,1
2119585,1
1571839,1
627036,1
401436,1
1558094,1
5172478,1
571590,1
4460329,0
97707,1
193676,1
632822,1
624049,2
633198,1
633199,3
633190,2
633191,1
633192,1
633193,1
633194,0
633195,0
633196,2
633197,5
1566448,1
4330300,1
121248,1
1566193,1
7904,0
1570246,1
5104427,1
1570241,1
5173878,1
9735,1
1266944,1
5180726,1
1566222,1
4425477,0
5185556,1
5185551,1
5185558,1
4624706,1
856,1
626783,1
626787,1
4954612,1
274649,3
1555166,1
5169231,1
1684926,2
609103,1
568500,1
2511827,1
1242637,1
4394509,1
4397550,0
14366,1
5184173,1
4301894,0
1564591,1
1564592,1
5032969,1
4178474,1
361934,131
5514428,1
1570672,0
85935,1
462044,1
5760478,0
218726,1
5064702,1
129626,1
5177708,1
266776,1
1569465,0
38835,1
27041,1
627811,1
1561617,1
12400,1
30931,1
30934,1
1569035,1
31514,1
50795,2
7755,1
1570469,1
574081,1
5065873,1
1569036,1
1571485,1
1571484,1
1571487,1
1571486,1
1571489,1
1571488,1
32540,1
446148,1
373168,1
6716,4
1567612,1
1567616,1
6710,5
1567614,1
1514872,1
2147928,1
19202,1
531141,0
110404,1
551788,1
588428,1
263927,1
465060,1
603622,3
632459,4
1572358,0
5098041,1
1572355,0
1572356,0
1572357,0
1572351,0
1572352,0
90423,1
5155457,1
90424,1
4930296,1
93454,2
93453,7
57743,3
17437,1
5027138,1
1286792,1
578310,1
345529,1
4433,2
1572174,0
36731,2
2080364,1
218123,1
1566058,1
6277602,1
5181623,1
1565503,1
167294,1
62371,2
1565506,1
633275,1
633274,2
633277,0
633276,0
633271,1
633270,2
633273,0
633272,0
633279,1
633278,2
1573089,0
444236,1
69828,1
428668,2
12985,1
5021789,1
552929,1
10476,1
4544696,1
373160,1
5182822,0
57969,1
626225,1
30235,1
34263,5
7102,1
107170,1
7106,3
1569449,1
1569440,1
1569442,1
1569443,1
1569444,1
1569445,1
5175553,1
607992,2
497404,1
1686,3
5053764,1
1564363,1
5754196,1
1505276,1
1569509,1
1569508,1
4953708,1
29985,1
800783,1
1574026,0
28051,5
28052,1
4416023,1
5167682,1
789918,3
502149,1
5185884,1
31188,1
114376,1
1570853,1
1570852,1
5189130,1
1568711,1
28637,1
28638,4
5189139,1
1567860,1
1567861,1
1567862,1
1567863,1
1567864,1
1567865,1
106948,2
1567867,1
1567868,1
1570146,1
1570145,1
1570144,0
1570143,1
1570142,1
1570141,1
317,8
92803,3
1570149,1
1570148,1
628233,1
114119,1
5525115,4
5106832,1
974217,1
5081318,0
1568903,1
1568900,1
1568901,1
631767,1
5182624,1
4291796,1
215440,2
616030,1
590646,1
4371380,0
1567280,1
140138,1
1567282,1
511138,2
5184758,1
3086318,1
632731,1
633468,1
633469,1
2681262,1
633460,1
633461,1
633462,2
633463,3
633464,0
633465,3
633466,1
2294,2
4335792,1
80679,1
632596,1
632594,1
632592,2
4493404,1
1567135,1
632849,1
632848,1
56356,1
632840,1
632842,1
632844,2
9133,2
621006,3
297223,1
1571622,1
10315,1
10317,1
19648,1
618785,1
4812794,1
1564950,1
473563,1
69054,1
26120,3
4426628,1
588670,2
406681,1
69058,3
1563633,1
597693,1
1569299,1
1569298,1
597697,22
1569296,1
1569291,1
1569290,1
1569293,1
1569292,1
491177,11
21317,1
5185572,1
5185570,1
17593,1
1572549,0
1304874,1
5019436,4
4594,1
274842,1
44521,1
36075,1
4527144,1
2977644,5
33934,2
37290,1
37291,5
522035,1
18648,3
33938,1
6305808,1
1480732,1
91168,1
6289649,1
5155983,1
143617,3
611337,1
5181477,1
504897,1
4142434,1
604528,1
1236020,1
1560810,1
600068,1
612781,1
6182825,1
4461229,1
630693,1
630690,1
613875,1
613874,1
5099557,1
5185613,1
5093155,1
1570448,1
531855,1
1570442,0
1570443,1
6319707,1
7730,1
1570446,1
1570447,1
1570445,1
1567634,1
1567631,1
59485,1
4280645,1
40089,1
107973,2
5173913,1
541663,1
4470256,1
632697,1
632691,1
1462493,1
26334,1
5784,2
1572376,0
1572377,1
424899,1
1572372,0
1572370,0
1572371,1
5068556,1
424895,3
1572379,0
4972694,1
447955,1
442477,1
5070334,1
5080700,1
1571175,1
1571174,1
1571177,1
1571176,1
1571171,1
1571170,1
1571173,1
1571172,1
1571179,1
1571178,1
1572152,1
1572150,1
1572151,1
17454,1
1572155,0
1572158,1
1572159,1
13347,1
1157597,1
1557762,1
955,0
86485,1
4427725,1
24869,1
2370508,1
5181649,1
1053386,1
454067,1
633259,2
633258,1
633257,2
633256,1
633255,1
633254,2
633253,2
633252,1
633251,5
633250,2
16851,1
5174155,1
5174156,0
133636,0
1163783,1
9677,1
1570521,0
5812440,1
1562247,1
1562246,1
1570520,1
1565564,1
1979937,3
892721,1
4758774,0
548488,1
1569460,0
1569461,1
1569464,1
7129,2
107197,1
5121979,1
7120,1
7121,1
849082,1
887029,1
1666,1
1660,1
4583151,1
1359080,3
1570525,1
24276,1
66250,1
1570524,0
590807,1
5079945,0
5079230,1
109975,11
1401,1
1404,1
5087317,1
4214,1
620797,1
4016029,1
1655568,1
628373,11
1568730,1
1568733,1
5056107,1
1568735,1
1568734,0
1568739,1
1568738,1
5186982,1
1567848,1
339251,1
38262,1
477582,1
4603902,1
336,1
1568656,1
1568654,1
1568655,1
1568652,1
1568653,1
1568650,1
1568651,1
1568658,2
1571789,1
598325,1
51431,2
5182608,1
301107,0
215462,1
240666,5
5069985,1
624910,2
497347,1
2092123,1
510402,1
449358,1
16199,1
32355,1
5029443,1
632862,2
5170874,1
632866,2
5170870,1
1374548,1
1569925,0
1569924,0
1569920,0
1482126,1
1569929,1
10933,1
5170877,1
1483296,1
9110,1
1463107,1
1563920,1
5185375,1
5185377,0
12288,1
4427801,1
5185372,1
632864,1
633402,2
633403,0
633400,1
633401,1
633406,1
4585385,1
5187208,1
633405,1
5187207,1
633408,0
633409,2
5187202,1
5187203,1
5173834,0
271308,1
4229197,1
632315,1
5185519,1
632311,3
5185510,1
5185511,1
5185512,1
5185514,1
5185516,1
5185517,1
2353543,1
484033,1
1561316,1
1571163,1
4520369,1
5173741,1
90216,2
622402,2
1653248,1
52707,1
1562388,1
526864,1
60610,1
116863,1
5091846,1
628586,1
27435,1
4490305,1
836520,1
4927826,1
5954016,1
30685,4
5190518,1
601245,1
617865,1
2091967,1
600041,1
416089,2
540593,1
12999,1
629763,1
630327,1
4296330,1
355946,1
178227,1
511389,1
455,1
59287,1
55845,1
86774,1
1570315,1
1388681,3
5185370,1
549616,1
5042998,1
5093176,1
50283,2
1570625,1
1567387,1
35211,1
4494487,0
5029329,1
561756,1
2034312,1
2475013,1
631323,1
28771,1
4804260,1
590497,1
469411,1
3074354,1
611907,3
632674,2
5183748,0
26351,1
1568579,1
428027,2
615595,3
13717,1
1571373,1
1571372,1
1571377,1
1571376,1
1571374,1
1571379,1
1571378,1
633407,1
1572310,0
632418,1
1572313,0
1572314,0
1572315,1
1572316,0
5164938,1
3627,26
632415,1
167710,1
442450,20
460394,1
104422,1
4747499,1
5070315,0
1571199,1
1571198,1
1571197,1
1571196,1
1571192,1
1571191,1
1571190,1
94195,1
98241,1
4263687,1
13364,4
1571995,1
1571994,1
1571993,1
598494,1
74149,1
5051040,1
456579,1
874754,1
1301394,1
5184833,1
5168928,1
633238,2
633231,0
633230,2
633233,2
633232,1
633235,2
633234,1
616812,2
633236,0
117307,1
5186094,1
5186091,1
5076258,1
4415002,0
5081584,1
5875189,1
629516,1
5006798,1
583676,1
285264,2
5053507,1
5021477,0
71247,1
1475500,1
4232671,1
8963,1
1562261,1
5075889,1
603681,1
520783,1
5180028,1
487568,1
5179624,1
5187876,1
1571557,1
5179620,1
40619,3
6163269,1
851569,1
187163,1
2804,1
5189719,1
4348933,1
626264,1
626267,2
1570819,1
1570817,1
5075003,1
631862,1
5065086,0
631864,2
258764,1
612668,1
1568753,1
1504897,1
1568751,1
1568750,0
1568755,0
6206245,1
1570109,1
5177883,1
113096,1
5484284,1
1570100,1
1570106,1
1570105,1
5882,9
5889,1
5186659,1
4520133,1
1571715,1
4517795,1
19773,3
73743,1
1571711,1
5244204,1
5877,1
1571712,1
217668,2
1698095,1
5094140,1
5172108,0
1568974,0
109042,1
1571719,1
27290,1
92666,1
9885,1
279204,5
449371,1
631687,1
4486914,1
3862994,1
94311,2
142821,1
632886,1
632881,1
632880,1
632883,1
632291,1
1569909,0
247050,1
510740,1
5185350,1
632087,2
24989,1
632081,1
568754,1
5026727,1
1571265,1
208187,3
2193,1
633428,0
633429,1
633424,2
633425,4
633426,4
633427,1
633420,0
633421,0
633422,0
633423,1
5185533,1
5185530,1
21353,1
5185537,1
5185198,1
5185538,1
4033197,1
1572056,1
1572055,1
1572051,0
1572050,1
1572059,1
1572058,1
5122560,1
57515,1
623556,1
1570058,0
538005,1
1078807,1
4354669,1
2270828,0
1570500,0
1565484,1
1565485,1
1566287,1
1566285,1
582260,1
6327260,1
1565738,1
575339,1
1391908,1
211894,1
520898,1
1570468,1
5016944,3
5016946,3
5179458,0
4411229,1
864289,1
1542326,1
402912,2
1566821,1
4213858,1
1569349,1
571297,1
192983,1
560334,2
15380,1
5188453,1
4957808,1
5187468,0
1570541,1
26760,3
574067,1
47577,2
5908245,1
1569020,1
5101184,1
1570540,1
111339,1
1569734,0
1566744,1
5047387,1
591873,1
322089,1
119692,2
4390,1
1514942,0
471,4
3191,1
1369,1
632651,1
279698,1
1570594,0
1570596,1
1570597,0
1570590,0
1570591,1
1570592,0
1570598,1
1570599,1
11381,2
1464672,1
19155,2
625259,3
19156,1
1571351,1
1571350,1
19152,1
3523770,1
1572330,0
1572336,1
1572337,0
5095019,1
1572335,1
4322820,0
5070370,1
5070379,1
248598,1
628022,1
235415,1
6235876,2
581210,1
2135869,1
3994978,1
616600,1
25119,3
260457,2
1299672,1
5186306,1
128277,1
632432,1
633345,3
633344,2
633213,2
633212,3
633211,2
633210,0
633217,0
633216,2
633215,4
633214,2
4295590,1
633219,2
633218,1
40358,1
1563883,1
1563886,1
1563884,2
1563885,1
39921,2
3898508,1
345085,1
5029704,1
1569981,1
1569980,1
614315,1
5116469,1
1573241,0
57982,2
1570987,1
1569984,1
1569138,1
1570985,1
4464121,0
1569130,1
1569131,1
5053526,1
5068668,0
5050335,1
62869,1
41238,1
5479367,1
3013760,1
601690,1
943992,1
4881140,1
84589,1
2714232,1
5178199,0
608440,4
516977,1
5083169,1
29963,3
5187896,1
5187894,1
5187893,1
480418,1
5187891,1
5065312,1
5189261,1
1071321,1
5065318,1
28568,2
146588,1
33698,1
632008,1
5458,1
513213,1
94838,0
5700647,1
633164,3
30528,2
4448469,1
1570299,0
5103571,1
1570292,1
1570291,0
5083303,1
4117095,1
1568777,1
1568776,1
148890,1
1568778,1
631843,1
530828,1
949480,1
3868125,1
5171545,0
5171546,0
5171541,1
347620,1
591469,3
5171549,0
126265,1
126262,1
1568610,1
1568615,1
886080,1
29610,1
550848,2
5011142,1
25945,3
3813348,1
1549644,1
601986,1
1567995,1
1149921,1
115806,5
1569691,1
1569690,1
1570126,1
1569695,1
1569694,1
1569697,1
1570122,0
1569699,1
1569698,1
1570129,1
1570128,1
376,2
1571654,1
1571655,1
1571656,1
1571657,1
1571650,1
1571651,1
1571652,1
1571653,1
1571658,1
1571659,1
546227,1
19652,1
537884,1
1571633,1
1412781,3
393277,3
1569963,1
1569962,1
5187793,1
4524920,1
1569965,1
1569964,1
5185331,1
5185336,1
1570317,1
5185338,1
5183953,1
65469,1
1572293,1
5056398,0
593350,1
1568584,1
22709,1
204890,1
1569859,1
404987,1
2929991,1
519838,1
1572071,1
1572073,1
249462,1
1572075,1
1572074,1
1572077,1
1572079,1
1572078,1
431536,1
162021,1
626708,1
4920183,1
13441,1
1537427,1
13442,1
1566112,1
1566117,1
1566116,1
1566115,1
1220579,1
1566119,1
1566118,1
5080025,1
606541,5
1024186,1
300115,3
597184,0
618542,1
1571249,0
1568182,1
6296797,1
633007,1
633004,1
633005,1
633003,1
633000,4
633008,1
633009,2
557032,1
7320,3
613724,2
10083,2
5021534,0
5929354,1
5057987,1
5170554,1
5170557,1
1564266,2
1132994,1
1569361,1
1569360,1
1569363,1
1569362,1
1569365,1
233721,4
33804,1
7064,3
7063,1
5075270,1
6288611,1
78018,1
583551,1
1233026,1
15903,5
8159,2
630584,1
1570350,0
1570351,0
18763,1
1209894,1
4929293,1
5016748,1
1569750,1
1569751,1
1569752,0
1569753,1
1569754,1
1569756,1
40429,1
9982,1
633538,2
5173901,3
4808756,0
41547,1
1386,1
1387,1
1380,4
1382,21
1100648,3
318191,1
603115,1
4322613,1
631180,17
631185,1
322105,0
1571408,1
593636,1
1571401,1
1571400,1
593639,1
6318017,1
55031,1
4491702,1
5034153,1
5070356,1
5070350,1
1568409,0
23861,3
632633,1
632631,1
632635,3
5184454,1
5184450,1
186933,1
633582,0
633581,4
633580,0
633587,0
633586,3
493523,1
25133,1
633589,0
633588,0
4970145,1
616628,2
576390,2
5164961,1
967772,1
608800,1
581796,0
6186438,2
413878,1
6688,1
5172312,0
6685,1
49873,1
404242,1
2421,1
19826,1
959235,1
297348,1
392009,1
7846,1
4796116,1
5030486,1
5021702,1
1569117,1
1569112,1
1569113,1
1569111,1
10167,3
623983,0
629554,1
5185477,1
5185475,1
5185473,1
5185471,1
5185470,1
63465,1
33059,1
610709,2
1811,1
1566963,1
6278688,1
3908594,1
587796,1
1572716,0
1602,2
13271,1
5070510,1
5070519,1
5475,2
3326,1
5156473,1
339054,1
34885,1
18167,1
238217,1
5186929,1
5186924,1
5186921,1
629439,2
3540,1
1559,1
613977,1
538,1
1545102,1
542496,1
607268,1
5184204,1
4341397,1
1406591,1
606794,2
5188000,1
5188003,1
1570723,1
1570722,1
1570721,0
1570720,1
1570727,0
1570726,0
1570729,0
1570728,0
1571092,1
1571093,1
1571090,1
1571091,1
1571096,1
1571097,1
1571094,1
1571095,1
585136,1
34625,1
5047755,1
624607,1
6319003,1
3291168,1
1571898,2
1571899,1
571574,1
1571678,1
1568890,1
1571893,1
1571890,1
1571891,1
1571896,1
32661,1
1571894,1
1571671,1
4696683,1
6164,1
1569945,1
1569944,1
1569947,1
1569946,1
1569941,1
1569940,1
1569943,1
1569942,1
1569949,1
5141564,1
16616,3
5185916,1
5185910,1
603568,2
617252,1
5014087,1
5185646,1
5185311,1
5185642,1
5185643,1
1572278,1
1572276,1
1572274,1
1572273,1
1572272,1
1572271,0
2212,2
2210,2
3779492,1
4803554,1
2783077,1
791028,1
165927,1
98545,1
632375,1
33352,1
1568214,1
1572019,1
1572018,1
1572013,1
1572012,1
1572011,1
4430465,1
1572017,1
1572016,1
1572015,1
1572014,1
4090008,1
584749,1
320197,1
2422829,1
5490240,1
1563456,1
1565449,1
4440728,1
633396,1
633397,2
633394,4
633395,2
633392,1
633393,1
633390,1
633391,1
4083657,1
5859220,2
633398,2
633399,1
828648,5
828649,1
1570034,0
4930261,1
1062894,1
3043694,1
1507208,1
3261135,1
633021,1
633022,1
633023,1
3743331,1
633029,2
6113154,0
63097,1
1566799,1
5021511,1
33425,1
5086765,1
5043004,1
76346,1
1564794,1
5057178,1
6326245,2
5187900,1
37962,1
5101232,1
126012,1
126010,1
126011,1
126014,5
2982,2
126018,3
136636,1
606309,1
1569778,1
1569772,1
1569773,1
1569770,1
1569771,1
1569776,1
1569777,0
1569774,1
1569775,1
302997,1
5096766,1
5187643,1
383829,1
73119,4
551271,2
174968,1
234630,1
572145,1
89139,1
1571467,1
1571466,1
1150291,1
229472,1
394799,1
5096587,1
633414,0
1514458,1
616398,1
1083917,3
1568429,1
1568428,1
6318692,1
5021353,1
351411,1
544966,1
4890861,1
1568427,1
1568426,1
5184438,1
632618,1
614739,1
5184431,1
632964,2
308123,5
5172084,1
120621,3
5172086,0
632961,1
633569,0
633568,4
633565,2
633564,1
633567,0
633566,0
633561,1
633560,0
633563,1
633562,0
1571287,1
1571286,1
1571285,1
1571284,1
1571283,1
1571282,1
1571281,1
16580,2
1571288,1
5164941,1
21892,1
5074091,1
9264,2
16360,1
16367,1
87230,1
5021728,1
633239,0
5101790,1
5614163,2
5183850,1
563113,1
5030462,1
5183858,1
26267,2
153024,2
6036971,1
5173935,0
545587,1
9591,2
4959556,1
595932,1
63408,1
5185457,1
595934,3
1572484,1
1572485,0
1572486,0
1572487,0
1572480,0
1572482,0
1572483,0
1562795,1
4752193,1
5168926,1
488105,3
48322,2
5178227,1
86529,1
3214632,1
4638091,0
254744,1
455737,6
508836,1
3240,2
1540261,1
70758,3
71408,1
5070537,0
554637,1
92148,1
1568224,1
3302,3
1571384,1
1353227,1
331201,1
142426,2
3700477,1
87655,1
5171509,1
620472,1
5171501,1
5171502,1
5171505,1
4413145,0
1227,1
620,1
47674,1
5189484,1
15554,2
611047,1
2819756,1
5184220,1
5042676,1
1571253,0
1570709,1
1570258,1
1570705,1
1570704,1
1570707,1
1570706,1
1570251,1
1570702,1
117997,1
82380,1
6265098,1
629218,1
5057974,1
629212,14
629215,2
7569,1
1568962,0
5034786,1
1571618,1
1571619,1
286800,1
1571617,1
5183627,0
5183622,0
13894,7
1359156,1
16733,1
1572474,0
75403,2
5062845,1
617273,1
617276,1
1572470,0
1572259,0
77666,1
5127531,1
1572252,0
548980,1
1572254,0
1507914,1
1572256,0
386069,1
5058031,1
4645745,1
1572034,1
1572037,1
632399,1
1572033,1
1572032,0
97656,1
1572039,1
1572038,0
400783,1
3597696,1
11666,1
420693,1
35706,1
5185662,1
5185660,1
1570516,0
5181101,1
2843465,1
6035438,1
1570042,0
4526344,1
1570511,0
5982997,1
1570513,0
1538058,1
5033253,1
5185591,1
5185593,1
5185595,1
135887,1
5185598,1
5185599,1
618582,1
1761029,1
204327,1
621684,2
1573344,0
633048,2
633049,1
623821,1
623820,1
633043,1
629455,1
633046,1
537688,1
1569099,1
1569098,1
1569091,0
1569090,0
1569095,1
5016453,1
12316,1
627302,1
1562302,1
568115,1
33150,1
5053463,2
30179,2
569534,1
1569325,0
1569324,0
6102288,0
1569322,1
5187999,1
34915,1
531563,1
1128428,1
5184126,1
5192089,0
615174,1
604458,1
5169567,1
617911,1
611719,1
591892,0
562612,1
1354531,1
1568054,1
1568055,1
1568050,1
1568058,1
11066,1
34451,1
5096038,1
1712596,1
5096030,1
4080,1
1570066,1
525613,1
4063678,1
322143,1
66842,1
1571449,1
3487354,1
19139,1
19136,2
517485,1
540373,1
5179448,0
4189968,1
1568443,1
1568442,1
1568441,1
1568440,1
1568444,1
1568448,0
627940,1
5759653,1
1554252,1
581207,4
819671,1
632940,5
1569992,1
5188216,1
632946,1
632947,2
618499,1
5182470,1
3953721,1
5182477,1
5182474,1
1571879,1
28821,1
80737,5
1571914,1
1571913,1
1571911,1
1571910,1
23377,1
98711,1
632499,2
631294,1
5185489,1
4342585,1
92012,2
1568462,1
633379,3
7805,3
908299,1
277998,1
633376,2
5192039,0
15213,1
627967,1
633547,2
633546,1
633545,1
633544,2
633543,0
5187356,1
633541,0
633540,1
1519612,1
5173910,1
633549,0
633548,1
618117,1
57343,1
57345,1
116383,1
633621,0
6105351,1
28131,1
633723,0
1561399,1
4457920,1
4146187,1
6147684,1
1932,1
475837,1
5005590,1
58167,1
170829,1
5005599,1
1572127,0
1386477,1
4347404,1
1572121,1
5167317,1
470552,1
143865,1
20037,1
547641,1
1569006,0
5186963,1
6267357,1
41617,3
5092455,1
5171523,1
5171521,1
5171526,1
5171528,1
547397,1
601589,2
1219737,1
1347842,1
6123071,1
5079471,1
611060,2
630400,1
5042650,1
1570271,0
1570270,0
1570272,0
1571588,1
1571589,1
4371349,0
117603,3
1571584,1
1571586,1
1571587,1
1570181,0
1570180,0
1570186,1
1570184,0
1570188,0
4486991,1
26474,4
5187774,1
383988,2
5187779,1
201357,1
1569988,0
1570989,1
1570988,1
5025313,1
1570983,1
1570982,1
1570981,1
1569985,1
1570986,1
1569987,0
1570984,1
1571056,1
1571057,1
1571050,1
342961,1
1561217,1
1571059,1
1572231,1
1572230,1
1572236,1
1572235,0
1572234,0
497894,1
1572238,0
497892,1
5173270,1
567257,1
51204,14
73303,1
5849827,1
5155538,1
1571632,1
32621,1
1571630,1
1571631,1
1571636,1
1571637,1
1571634,1
1568589,1
1416395,1
1568587,1
16178,1
1571639,1
1568583,1
1574601,0
1568853,1
479144,1
1477173,1
17220,1
518182,1
13423,2
101426,3
5185600,1
5185601,1
5185602,1
5185605,1
5185608,1
5185609,1
581072,1
124326,1
5181125,1
1563806,1
5184955,1
5184953,1
20621,1
542130,4
601008,1
5010547,1
633064,1
633066,2
633067,1
633060,2
633062,2
633063,4
20955,2
20954,1
1563586,1
7344,1
467258,1
3902592,1
623803,1
1563588,1
5081719,0
501173,2
4542879,1
1564800,1
568427,1
5042466,1
5139793,1
432855,1
5140492,1
1562188,1
5047394,1
5170892,1
1281937,1
2946,1
2944,1
132749,1
2940,1
2488142,1
5065886,1
445544,1
633524,0
5190595,1
1490982,1
2374,1
631962,1
633528,1
8643,1
577460,2
572102,1
1570518,0
1570046,0
1570515,0
1570044,1
1570517,1
1570510,1
1570043,0
1570512,1
1570041,1
5017905,1
1311646,1
1439039,1
5184383,1
103655,1
5184388,1
25823,1
4230095,2
631319,0
60826,1
4530448,1
1277514,3
1568468,0
581264,8
612516,1
1568465,0
1568466,0
509375,1
631296,3
632922,2
632923,1
632920,1
632926,1
632927,1
4579370,1
4260624,1
1567582,1
632928,1
1567587,1
1567584,1
39274,2
527452,2
5259947,1
631038,1
1571939,1
1571938,1
1015103,1
42505,1
1571935,1
1571937,1
1571936,1
5023812,2
6668,1
5101635,1
6664,1
4926164,1
393265,1
4676336,1
1416562,1
32166,3
618687,1
833948,1
539896,1
1563805,1
622876,1
277976,1
6320033,1
633521,1
633520,1
633523,1
633522,1
633525,0
43904,1
633527,0
633526,0
614823,1
5011081,1
4291070,0
81222,1
5185415,1
3995483,1
342114,1
5185412,1
5185418,1
1563116,1
632210,9
632216,1
632218,1
350919,1
605068,1
633299,2
633298,1
623471,1
633293,0
633292,0
633291,0
633290,0
633297,0
633296,1
633295,2
633294,0
4592199,1
58106,3
5085358,1
3345415,1
1912,3
3283,1
2112,1
5104,11
4585645,1
143903,1
1937029,1
143909,1
10497,1
36397,3
36391,1
112283,2
14978,1
265440,1
4906049,1
14797,2
34864,1
1568586,1
629462,1
5006597,1
5168367,1
469900,1
604229,2
597824,1
4527933,1
3085321,1
5186942,1
345936,1
6868,1
6863,2
5171090,1
1568585,1
137913,1
664,1
15511,1
1570213,1
5083381,1
1570211,1
1570215,1
1570214,1
1570218,1
1572324,0
528669,2
5042635,1
34641,3
540238,1
548005,1
107305,1
548006,1
6112788,1
4345038,1
4340514,1
4531812,1
629252,16
5162620,1
4936108,1
5149305,1
1526548,2
5169576,1
607284,1
59979,5
434788,1
4651798,1
5169579,1
500218,1
411828,1
1140218,2
1487085,1
4424394,1
603050,2
1571034,1
1571035,1
1571036,1
5058806,1
4402238,1
801927,1
4818512,1
5047665,1
5058077,0
633305,1
1568877,1
1568872,1
1568873,1
1568871,1
623316,1
1568878,1
6160046,1
5046959,1
5153221,1
1496793,1
4519990,1
5186446,1
357444,1
5186443,1
5186442,1
632026,1
27326,1
27325,2
1571188,1
602900,1
1498999,2
4777094,1
4186243,1
2046421,1
386684,1
50464,1
618894,2
627168,1
627161,1
1522928,1
633086,1
203400,1
16462,1
1566081,1
1566080,1
1569059,0
357050,1
113347,1
10269,4
5065927,1
123421,1
5039600,1
1354909,1
468739,1
1566882,1
1566554,1
5019506,1
68450,1
5039247,0
4015416,2
275550,1
2962,1
5180908,0
536999,0
5378,1
556343,1
1071,2
626436,2
893536,1
620771,0
1560074,1
1560072,1
1560073,1
471272,1
50919,4
1560079,1
3137,1
1571987,1
631906,1
1570647,1
5096075,1
398237,1
68195,2
1568015,1
4136450,1
5153447,1
1570028,0
1570029,0
114568,1
66807,1
572123,1
4051198,1
1570024,0
1570025,0
1570027,1
533000,2
1144452,1
612732,3
5046183,1
372858,1
603343,1
1094581,1
3694195,1
410832,1
4595358,1
612534,2
5168542,1
500972,1
632909,1
462488,1
632901,1
1570536,1
4307532,1
1570534,1
1570535,1
4381651,1
5098336,1
1570538,1
1570539,0
1571953,1
1571951,1
1571950,1
1571957,1
1571772,1
1571955,1
1571954,1
292777,1
579660,2
1571779,1
579662,0
5172393,1
624103,1
428387,6
4420080,0
1569869,1
6288173,1
1569865,1
1569862,1
1569860,1
576174,1
32185,8
633208,2
181129,1
579406,1
5183836,1
5183833,1
12186,2
26207,1
1572057,1
633509,2
633508,2
633503,2
633502,1
633501,2
633500,1
633507,1
43430,1
633505,1
633504,1
5172939,1
17690,1
17695,1
17697,5
17699,1
1890,1
39931,1
4176301,1
71442,1
4396310,1
11721,1
623458,1
386765,2
2511265,1
97409,2
5085336,1
5181082,1
5181080,1
17070,1
36406,2
534347,1
6128473,1
9699,1
99141,1
9692,1
5187188,1
33322,1
1568244,0
1568247,0
33321,1
1568243,1
1568242,0
1414185,0
616942,1
4336535,1
415253,1
199189,2
5086825,1
1390384,1
138959,1
5175115,1
156212,2
99660,1
605955,1
1566940,1
29457,1
314478,2
1569269,0
18251,1
479615,1
5031740,1
621366,1
72166,1
5006314,1
475775,1
4064331,1
574140,1
399336,1
31670,3
493856,1
1570230,1
1612218,1
149419,1
318581,1
1570212,1
5038042,0
1569673,1
1568951,1
1569671,1
1569670,1
1569677,1
1569676,1
1569675,1
1569674,1
1569678,1
5070482,1
72811,1
1571261,1
5083387,1
640,13
5189426,0
28497,1
615683,0
5183649,1
1569128,1
1383830,1
1570491,1
1570490,1
1570493,1
1572469,0
1570495,1
4475613,1
1570497,1
1570496,1
5083507,1
1570944,1
73696,1
330397,1
276145,1
6063690,1
6272061,1
72345,1
6160281,1
1569121,0
1567930,1
1571012,1
1571013,1
1571010,1
1571011,1
1571016,1
1571017,1
1571014,1
1571015,1
633441,2
6193006,1
5070033,1
31896,1
5070039,0
623668,1
1568810,1
625994,1
51728,1
594541,1
5035837,1
1905202,1
468062,1
5080088,1
25018,1
616165,1
25015,1
5033092,1
75970,1
577327,1
413955,4
1093440,1
1570522,0
633318,0
633319,0
633316,2
633317,2
633314,2
481392,1
633312,2
633313,5
633310,1
633311,2
5174760,1
585628,1
5174764,1
5174768,1
1548133,1
1572093,0
1572092,0
1572091,0
1572097,1
1572096,1
1572095,1
5175603,1
1572099,1
1572098,1
323065,1
539426,1
1573327,0
564712,2
1569077,1
1569076,1
473129,1
459342,1
5184918,1
1569383,0
1569382,0
1569381,1
1566571,1
65230,2
49822,1
633207,2
49825,2
5185208,1
17483,1
1340418,1
271057,1
4307946,1
2908,2
21653,1
112981,2
124710,1
5169307,1
5169304,1
1572432,1
530712,1
5161323,1
1568381,0
1568382,0
554735,1
1568385,1
1564710,1
33869,1
5175585,1
5175580,0
5175582,0
1568039,1
5175588,1
4985502,1
2583915,1
4520056,1
589386,1
5103744,0
5184346,1
4341072,0
876009,1
5184341,1
5102298,1
1689756,1
59046,1
186579,1
186578,1
614403,1
5075655,1
630785,1
25863,2
630034,1
631258,1
631255,4
2502139,1
1567891,1
109634,1
5172003,1
1567895,1
1567894,1
1567549,1
1567896,1
446217,1
5099195,1
1040165,1
1567540,2
422993,1
12577,1
1570550,1
1570551,0
1570552,1
1570553,1
1570554,1
630252,1
1570008,1
1570009,1
1571753,1
1571979,0
1571978,0
1571757,1
1571756,1
1571207,1
1571206,1
1571205,1
1571204,1
1571202,1
1571973,0
1571972,0
88777,1
111518,1
1567097,1
5105747,0
633404,2
629991,1
632814,1
1569808,1
1569809,1
1085572,1
304216,1
1569800,1
240707,3
377930,0
498005,1
1569807,1
19558,1
489587,1
21013,1
632783,1
615464,1
1557754,1
633816,0
603719,4
632938,1
5162513,1
632527,1
2713,1
1572408,0
1572409,0
1572404,1
633147,8
1572406,1
1572407,0
1572400,1
1572401,0
1572402,1
1572403,1
11708,3
1164122,1
11701,1
11702,1
122633,1
4505911,1
1488075,1
5141,1
4551431,1
3085108,1
6035645,1
1562601,1
5056456,0
633125,2
4286532,1
633127,2
633126,1
633120,1
633123,3
6053211,1
633128,1
20504,1
20505,1
7243,1
1346327,2
622523,0
414905,1
6824,3
626063,1
4015620,1
637955,0
1276999,1
436345,1
5032282,0
1566965,1
1566962,1
1569243,1
1569241,1
14933,1
14934,1
5082169,1
1564035,1
1564038,1
5180001,1
475798,1
1564520,1
1564521,1
44088,3
4917550,1
1572255,0
5175134,1
5175130,1
5175139,1
47411,1
585198,1
4985243,1
6265019,1
1555845,1
89322,166
883859,1
585196,1
507448,4
5142178,1
9867,1
1572257,0
472369,1
628883,1
5102190,1
600290,1
1570968,1
1998803,1
1448490,1
13816,2
1570963,1
615690,1
1570964,1
1570967,1
1570966,1
5189662,1
5189661,1
28164,1
1571560,1
542692,1
1571568,1
1571569,1
34684,1
6122280,0
1570613,0
1570612,1
1570611,0
1570610,0
4458094,0
217460,1
11556,1
623609,1
577101,1
533638,1
1571691,1
1571692,1
1568839,1
1568528,1
1568529,0
1571697,1
1571698,1
1571699,1
625469,2
1568836,1
1568837,1
1568522,1
1568523,1
1568740,1
5166201,1
1568741,1
5182577,1
5182576,2
2234658,1
5186402,1
631444,1
5186406,1
5186405,1
5186408,1
5172741,0
4517882,1
198926,1
1567378,1
1534994,1
5201610,0
633338,4
633339,1
1573128,0
633331,1
633332,1
633333,1
633334,2
633335,3
633336,5
633337,1
16263,1
5174745,0
198829,1
55828,1
5140081,1
512866,1
5892,1
1569013,0
1569012,1
9261,1
1569010,0
1569017,1
1569016,1
1569015,1
1569014,1
982,3
1569019,1
587360,1
587363,1
1083117,1
63032,4
63036,1
5030619,1
600902,1
5101507,1
1510267,1
5030612,0
488577,2
5184930,1
5184932,1
1552865,1
5187919,1
428914,5
618363,1
5187912,1
5187910,1
5187916,1
5187917,1
5187914,1
1547549,1
226134,1
21597,1
5185225,1
5185222,1
6235664,1
5161526,1
75047,1
4463982,1
5186444,1
5660595,1
2925,2
604106,1
600596,1
1568604,0
5169325,1
1556185,1
554713,1
633542,0
347584,1
1564735,1
13040,1
4340615,0
1564732,1
4866104,1
5070789,0
33513,1
30887,1
18048,1
35197,1
421996,6
20241,6
20242,2
633511,1
468703,2
1162,1
21222,2
3656244,1
629014,2
630018,4
620731,1
1568855,1
5160077,1
630015,1
3277886,1
8553,1
1567561,1
5184497,1
629179,3
630278,1
1570578,1
1570579,1
50422,1
1567741,1
1567743,1
576426,1
1571732,1
1571735,1
1571734,1
1569822,1
1569826,0
1569827,0
1569829,1
872815,1
4220003,1
5192709,0
5058110,0
4730,2
4655260,1
4738,1
558862,1
154096,1
1568995,1
1568994,1
5856,1
1568996,1
1568991,1
1568990,1
1568993,1
1568999,0
1568998,0
354677,2
4492740,1
1572426,0
1572424,0
1572425,1
1572422,1
408029,1
1572420,1
1572421,1
632509,1
5172973,1
1572428,0
166802,1
2224505,1
605778,1
632323,2
4865134,1
5051843,1
581171,4
7880,1
364950,1
246400,1
4344377,1
578711,1
104,1
1408279,1
36447,1
21291,1
46315,1
4572896,1
6320949,1
6336584,1
5181225,0
633108,3
633107,1
633106,1
5113296,0
633100,2
5094837,1
12234,2
12232,1
552382,1
384158,1
5086863,1
6803,4
4943541,1
2205375,3
571198,18
1569225,1
584733,1
4372420,3
4165953,3
629045,1
6308484,1
4425350,1
1203347,2
607731,10
888825,1
32309,1
397259,1
1568174,1
1568173,1
28367,1
1568170,1
4071502,1
4097933,3
1570902,1
1570901,1
1570900,0
1570906,1
1570905,1
1570904,1
1570908,1
1571500,1
1571501,1
1571502,1
5027729,0
1571506,1
1571507,1
1571508,1
1571509,1
3256842,2
529196,1
1570631,1
1570630,1
1570633,1
110546,1
1570635,1
1570634,0
1570636,0
1492764,1
35208,1
1568506,1
1568504,1
1568503,1
5027890,1
5992,1
5999,1
616297,1
616294,1
598213,2
51273,1
1401853,1
529998,1
355115,1
22278,2
5182551,1
5186424,1
5186427,1
1214420,1
5167930,1
198949,1
4465911,1
1536578,1
4371036,0
39009,4
448827,2
444829,2
603964,1
240618,2
16240,1
1515042,1
618320,3
26482,1
5183791,0
5050251,0
5147346,1
4115824,1
1569543,0
5057202,1
31499,1
1569039,1
1569038,1
1563057,1
4519355,1
5057208,1
1569034,1
1569037,1
582192,1
1569031,1
1569032,0
617653,1
5076592,0
619961,1
4009877,1
633352,2
633353,1
633350,18
633351,2
633356,0
633357,0
633354,0
633355,1
633358,0
633359,0
1556741,1
1001934,3
5170625,1
5017767,1
16493,2
622283,1
568879,1
622754,1
628700,1
54989,3
622759,1
936928,1
1568348,1
1565229,1
1979980,1
1568343,1
614076,1
469862,1
113892,1
582334,1
4835041,1
582339,2
1565045,1
20269,6
421202,1
270948,1
5064098,0
1347103,1
4195205,1
495717,2
340289,1
4281841,1
1353757,1
611166,1
109456,1
629032,0
630076,1
72711,2
1567500,1
1567505,1
629157,7
177805,3
629154,1
8537,1
6221213,1
630294,1
95201,1
4170158,1
4251163,1
4530220,1
570831,1
4242361,1
5162730,1
77293,1
69402,1
4289,1
5052660,1
5185879,1
5185878,1
28641,1
212579,2
469896,2
1566957,1
5183323,1
632744,1
632745,2
632742,1
1569275,1
388,1
119447,1
1571243,1
1571714,1
1571717,1
1571716,1
16015,1
1571710,1
1571713,1
1571244,0
1568977,1
1568976,1
1568975,1
1571248,0
11296,1
1571718,1
5487711,4
1568970,1
1572440,0
1572442,0
1572443,0
1572445,1
1572446,1
1572447,1
1572448,0
632563,3
7860,3
13522,2
13523,2
4631,4
13521,1
13529,1
11743,2
11748,5
1106179,1
7868,2
93347,1
627627,1
454790,1
13292,2
1556683,1
572402,1
1571867,1
1571864,1
1571863,1
1571862,1
1571860,1
80179,1
1571869,1
1571868,1
5172957,0
5185495,1
5185497,1
4120106,0
612156,1
20095,2
633169,2
633168,1
633161,2
633160,1
633163,2
633162,2
633165,2
613401,4
633167,2
633166,1
1563999,1
1475787,1
5173326,1
3925550,1
622562,1
6229,2
535109,1
90113,2
237188,6
1566920,1
367354,1
1566927,1
1566252,1
1414345,2
4619086,1
426091,2
8853,2
5170146,1
4428811,1
5176667,1
71995,1
1120744,1
5174809,1
5174803,0
5169280,1
452636,1
5075284,1
4413545,0
4545498,1
5110276,0
91767,1
1568150,1
1568153,1
1568155,1
615233,1
1568157,1
1568156,1
1568159,1
1571277,1
4165975,2
394611,1
16201,1
1570389,1
1570921,1
1570920,1
1570922,1
584316,1
1018974,1
455965,1
1571529,1
5906525,0
5045816,0
1571520,1
625133,3
6327721,1
115261,1
1497046,1
5177202,0
1514993,1
1568566,1
1568567,1
1568568,1
503380,1
4461163,1
613392,1
613393,2
544885,1
1571388,1
1571386,1
1571387,1
5167952,1
1571385,1
1571382,1
1571383,1
1571380,1
1571381,1
5188175,0
5188177,1
1522547,1
1567330,1
25360,1
629838,0
5749640,1
1569783,1
5047374,0
9979,1
2549073,1
956373,1
5094466,1
1529370,1
1563665,1
1524254,1
458582,1
366188,1
561856,1
4542629,1
293453,1
358081,3
5165779,1
506434,1
1566001,1
1566004,1
5057224,1
5030652,0
535593,1
1572382,0
1572381,0
1572380,0
1572386,0
1572384,0
633378,2
5165557,1
201880,1
633374,1
633375,1
5187352,1
633377,2
633370,1
633371,0
633372,2
633373,0
415806,1
58045,1
1558766,1
1558761,1
342388,3
52565,2
1572126,1
1572125,1
1572124,1
1572123,0
1572122,1
5049,3
1572120,0
1572129,1
1572128,0
575019,1
9514,1
4497469,1
1568366,1
58225,1
1568360,1
1568361,1
197798,1
628720,1
895188,1
1568368,1
1568369,1
586816,11
4340387,1
254130,1
5186001,1
125389,1
1553156,1
33551,1
584410,1
5178165,1
451530,1
467857,1
59570,1
889786,1
1569417,1
1569415,1
5075633,1
537202,2
630050,1
1569419,0
1569418,1
1500128,1
6312856,1
5096618,1
76239,3
1567520,1
1567831,1
1564330,1
1564332,1
1564336,1
360117,3
1374913,1
1569578,1
35906,1
1569577,1
1569571,1
1569572,1
23066,1
1634260,1
16686,3
136128,1
543842,1
5187636,1
5187634,1
624187,1
591947,2
4466528,1
5070650,1
5162718,1
2546476,1
5116831,0
317872,2
23393,1
612535,1
611851,1
632764,2
5187892,1
468494,1
31953,1
86257,1
468491,2
5187181,1
5034779,1
5049816,1
5390624,1
5172456,1
55652,1
1571269,1
1571268,1
4341363,1
19025,2
1568950,1
1571267,1
1571266,1
32273,1
1571263,1
1571262,1
1572468,0
56650,1
1572463,0
1574045,0
4109991,1
1572467,0
1572464,0
1572465,0
352967,1
5100168,1
13504,1
13505,1
1563202,1
2671372,1
1384532,1
1570537,1
628622,1
4396390,1
5184723,1
81396,3
86875,1
153115,1
20700,3
5011687,1
1571850,1
633499,1
633498,1
1571004,1
633491,1
633490,1
633493,1
633492,1
633495,1
633494,1
633497,1
633496,1
1571841,1
1571840,1
1571842,1
32412,4
632817,2
448185,1
4440620,1
632812,20
632813,1
632811,1
5189654,1
632549,2
633142,1
633141,1
2716,1
633146,1
633144,4
5168388,1
633149,2
633148,1
800752,1
29562,3
7955,4
1571774,1
1013707,1
1571773,1
10344,1
223614,1
1571771,1
1571770,1
121294,3
6242751,0
4286755,1
9700,1
1571778,0
1566270,1
543219,1
5104219,1
824,23
5042690,1
615286,1
5186397,1
5175196,1
36298,3
5169264,1
5169266,1
788289,2
508906,1
5076837,1
5076830,0
14339,1
1568139,1
1568138,1
1568137,1
1568135,1
4636909,0
175990,1
5176648,1
1570419,0
1292332,1
35062,1
5078473,1
625116,2
900424,2
337473,1
631846,4
188147,1
5938069,1
5053591,0
93911,3
339364,1
606423,1
616706,2
240726,1
1569866,1
511646,1
5099580,1
2346617,1
5099589,1
1568545,0
11,703
1527085,1
627842,1
4991973,1
11290,1
406470,2
1567310,1
629858,1
2137798,3
1570675,1
1570674,1
1570677,1
1570676,1
1570670,1
1570673,0
35240,1
1571104,1
1571105,1
1571106,1
1571100,1
1571101,1
1571102,1
1571103,1
19259,1
5171548,0
354205,0
215377,1
411918,1
5011761,1
1476598,1
200003,4
5164666,1
799352,1
1572100,1
1572102,1
1572105,0
1572104,1
1572107,1
1572106,1
1572108,0
4100172,1
13318,2
13311,1
13310,3
13313,1
1566063,1
1566062,1
1566060,1
1566064,2
582156,1
587307,1
926,1
1772520,2
58791,3
106699,1
5181617,1
5218575,1
36125,1
582488,1
459708,1
354148,1
9392,2
9390,1
633506,0
18572,0
565519,33
15124,1
384257,1
34291,1
39541,1
629072,1
4473347,1
1569433,1
493975,1
1569435,1
1569434,1
1569437,1
1569439,1
7156,2
5053730,1
5064120,1
5101360,1
585218,6
76254,1
1569556,1
532948,1
1569552,1
1569553,1
1569550,1
1569551,1
1564356,1
1564355,1
1569559,1
5039261,1
1570082,1
154957,1
1452,7
2241883,1
5189815,0
5065901,1
383538,1
1569883,1
1570887,0
385072,1
4583211,1
1570888,0
653947,0
562763,1
4855685,1
628302,1
291437,1
291436,1
5189104,0
630967,1
624960,1
1568931,1
1568930,1
5186622,1
1568935,1
5186620,1
89204,1
5040836,0
89206,1
1568938,0
449879,1
5186629,1
19008,2
5156843,1
2995631,1
5100185,1
618935,1
5186562,1
536494,1
632700,2
4294469,1
594287,3
492835,1
631618,2
627044,1
3694827,1
632834,40
632836,4
632837,1
17368,1
10321,1
10320,1
10322,1
633619,0
10326,2
10329,1
4464834,1
1378793,1
1570125,0
5140258,1
1021610,1
1569692,1
4526225,1
1564905,1
5180885,0
5180887,0
4764609,1
9720,1
1569696,1
5185544,1
1566211,1
5961936,1
5185548,1
845,4
1948187,1
33383,3
8892,1
5113275,0
1569438,1
41326,1
4463828,1
604511,1
5032660,0
5169248,1
353169,4
554490,2
1242604,1
1523512,1
5070469,1
1568111,1
1568112,1
58581,1
3834573,1
5184147,0
5046201,1
371131,1
5176625,1
4985577,1
5155265,1
1560867,1
3918242,1
5086957,1
1388451,1
23740,2
631376,1
291313,1
125155,1
5099567,1
1569557,1
1575113,0
1570472,1
1570471,1
1570470,0
95383,1
19491,1
5373728,1
95247,1
1566894,1
8301,1
10299,1
458630,1
458631,1
1567660,1
4332598,1
1570605,1
56404,1
629305,1
1568245,1
4252372,1
1569558,1
5003835,1
617057,1
1568246,1
19278,0
1571129,1
1571122,1
16776,2
1571121,1
2915049,1
1569960,1
69259,1
1519282,1
616187,1
17518,1
615564,15
1551507,1
1572349,0
1572348,1
1572347,0
1572346,1
1572345,1
1572344,1
2469442,1
633841,0
2546,1
5187396,1
57207,3
472099,3
444888,1
58008,1
196826,1
4759679,0
1572698,0
222713,9
1572163,0
1572167,1
1572166,1
1572164,1
906,1
1572294,1
1969403,1
152419,1
27907,2
1566042,1
1568328,1
1562218,1
1565534,1
1568323,1
1572292,1
1568327,1
1568324,1
1568325,1
633266,2
633267,5
633264,3
633265,4
633262,2
633263,1
4692589,1
633261,0
633268,5
633269,2
113380,3
133669,0
6201527,1
1568046,1
517430,1
1569183,1
574366,1
475384,1
627563,1
5079269,0
3688971,1
630763,1
1542296,1
295354,1
123311,1
107149,1
1569459,0
1569453,0
1569452,0
1569450,1
1569456,0
537247,1
1569454,0
1694,1
261594,1
33590,9
360150,1
1564373,1
30027,1
1569535,1
1569536,1
1569539,1
24241,1
2087968,1
6117506,1
1562761,1
630180,1
31192,1
615778,1
4224,1
1570866,1
1570867,0
5189124,1
5189126,1
20,7
5189123,0
5185893,1
1786939,1
1567873,1
1567872,1
1567871,1
1567870,1
630986,1
5098225,1
630981,0
1569260,0
43343,4
5177389,1
13685,1
1568919,0
4369571,1
7850,1
1572072,1
5192524,0
5169744,1
4341326,1
244550,1
999534,1
95548,1
592983,3
64760,2
1549364,5
5157775,1
181650,1
632725,1
633459,0
633458,0
633455,1
592670,1
633457,2
633456,2
633451,4
633450,9
633453,1
633452,1
1571804,1
1571807,1
1571801,1
1571800,1
80667,1
1571802,1
1571808,1
328487,1
5164876,1
4908863,1
632588,1
632852,1
632853,3
632584,1
632854,1
1566457,1
10309,6
510986,1
1573772,0
5185385,1
5185384,1
1562511,1
627798,1
283818,1
26134,7
180,10
26131,1
20839,1
614919,1
1566230,1
1566114,1
5186625,1
4302521,1
5185560,1
5185564,1
5185566,1
5870085,3
4884623,1
4930290,1
5175597,0
865,1
633187,2
633186,3
5173733,1
633184,1
633183,2
12134,1
633181,0
5173736,1
5173739,1
1568939,1
633189,4
633188,6
108645,1
5029611,1
6119895,1
4126043,1
5169229,1
412102,1
114097,1
477051,1
18304,1
4916190,1
5070444,1
37289,5
14379,1
92700,1
533976,1
33900,2
5189351,0
14377,1
1569109,1
4426839,1
20302,10
91757,3
5176609,1
2288942,1
1146478,1
591374,1
5155992,1
5176607,1
549155,3
625154,1
5002102,1
5168172,1
1566624,1
560363,0
466973,1
34484,1
15420,1
15359,1
1567463,1
2964209,1
1561603,1
5075199,1
574091,1
92483,1
1583200,1
1570450,1
1570321,1
1571329,1
1571498,1
234112,2
32884,1
1571325,1
1571494,1
1571495,1
1571492,1
1571493,1
1571490,1
1571491,1
4465449,1
6701,3
6703,1
373171,1
8322,3
4468452,1
39080,1
1571140,1
1571141,1
1571142,1
1571145,1
1030816,1
4542684,1
5058277,0
26302,1
461298,1
631137,4
631138,1
1451297,1
632110,1
448202,1
4533716,1
21877,1
1571625,1
1572361,1
1572360,0
1572363,1
1572362,1
1572365,1
1572364,0
1572367,1
1572366,0
2562,1
633862,0
1568494,0
520983,1
1568496,0
292568,1
1568491,1
1568492,1
1568499,1
230967,1
1572145,1
5028,1
1572147,1
1572146,0
1572141,1
1572140,1
1572143,1
4344214,1
1572149,1
1572148,1
5026,2
240067,1
13358,1
1984206,1
4847989,1
36255,0
6321310,1
345259,1
5070488,1
376838,1
618070,1
4200691,1
4046447,1
594637,1
5061440,1
633240,1
633241,2
633242,2
633243,2
633244,1
352526,1
633246,1
633247,0
633248,2
633249,0
4394938,1
4573778,0
6188553,1
5174144,1
5174148,1
453860,1
46734,1
343090,1
2684850,1
512174,1
39647,1
39644,1
561140,2
1063548,3
1063546,3
574305,1
1063542,1
5184925,1
473742,1
1562234,1
58934,2
1290233,1
627589,2
33756,1
6301976,1
600620,1
7110,1
432495,1
7114,3
7119,1
29199,1
1354619,1
49935,1
4554731,1
1674,3
4486251,1
1672,1
30041,1
252003,2
1569519,0
5087186,1
5187827,1
1569511,1
209821,1
5963154,1
1546321,1
463514,3
463518,1
76071,2
1247113,1
1570846,1
1570845,1
1570840,1
1570849,1
4955737,1
1570946,1
5058463,0
2586146,1
13917,1
4322500,1
3903751,1
631839,2
1568708,0
1567859,1
103477,1
1567856,1
106951,1
4541161,1
1567853,1
1567852,1
309,29
1570150,1
1570151,1
4609344,1
5685349,1
1568649,1
1568648,1
598338,2
1571799,1
19047,1
1424118,1
1571791,1
1568644,1
1568647,1
1571792,1
632912,2
61044,0
613012,1
2779,0
4795951,1
6229295,1
12564,407
23955,1
5195452,0
5184743,1
1255346,1
401196,1
5098328,1
1571019,1
486970,1
1566800,1
791053,1
1045045,1
16182,1
972764,1
2042430,1
5186296,1
632876,2
255842,1
97758,1
12740,10
7282,1
6136567,1
1563915,1
1572119,0
1571766,1
52554,1
1571767,1
5185369,1
5185360,0
5104413,1
4566262,1
1466221,3
1572113,1
20818,2
633476,1
633475,1
633474,1
5144687,1
633472,1
633471,1
633470,1
1559115,1
633479,1
633478,1
4411492,1
1569288,0
1569289,1
6267,1
1569282,1
4515195,1
4520434,1
1569286,1
1569285,1
5185508,1
5185503,1
1558604,1
5185500,1
166979,1
3429,0
3423,1
3425,1
5070800,0
605422,1
597978,1
1548251,1
554453,1
4126203,1
36061,1
5023785,1
4664177,1
3890320,1
71004,1
900958,1
1566079,1
17917,1
421544,1
41498,1
272663,0
34932,1
601255,6
587994,1
542988,1
543637,1
4238224,1
4409547,1
5415711,2
355608,50
561354,1
5093786,1
178569,1
6203075,1
532539,3
26751,1
630538,1
1570309,1
1560827,1
5093167,1
1570301,1
1570300,1
1570303,0
4604914,3
373150,1
20109,1
106935,1
189787,1
307178,1
1569708,1
2141219,1
1569704,1
19527,1
632687,1
632689,1
3465,1
461635,1
630828,1
1456261,1
4420258,0
4070,2
5149291,1
3967,1
616163,1
1572303,1
4014768,1
1572307,1
1572306,0
632469,1
1572304,0
35404,1
605639,4
6313228,1
6317024,2
12194,1
5070327,1
1571162,1
19231,1
1571161,1
1571166,1
1571164,1
1571165,1
1571168,1
1571169,1
3220660,1
184918,1
4424823,1
4257567,1
4295092,0
560987,1
2320554,1
24872,1
24870,1
608872,4
4483958,1
633228,4
633229,0
2046064,3
633222,3
633223,1
633220,0
633221,1
633226,4
633227,1
633224,1
633225,1
5232701,1
5186089,1
5094973,1
5186085,1
4411068,0
5010474,1
5085038,1
799330,1
5076247,0
517474,3
4289740,0
36984,1
5185190,1
5185191,1
5021469,1
4091620,1
566759,1
4542946,1
1562708,1
33000,3
8974,1
5054401,1
851791,1
1569496,1
7132,2
149555,1
5053757,1
1352289,2
5197749,0
607943,2
633315,2
4564793,0
265926,1
5179616,1
1436,1
600447,2
5189708,1
28007,1
5167653,1
38781,1
68540,1
1570820,1
1570824,1
3700,2
4428029,1
38253,1
6019910,1
1568724,1
1568725,1
1568722,1
540443,1
8597,1
4616148,1
1570176,1
1570177,0
1570174,1
4637803,1
1570173,1
1571088,1
1568623,1
1568622,1
1568621,1
5897,1
132758,2
5186648,1
1536355,1
5183039,1
22335,2
2381580,1
5182610,1
1356568,1
5182615,1
1060611,1
296538,2
2282737,1
624717,1
406604,1
386540,1
1567168,1
5045433,1
561933,1
632897,3
632894,2
632895,1
632893,1
1569936,1
1569937,1
1569931,1
1569933,1
1569938,0
1569939,1
224319,2
5173,2
1475761,1
579510,0
5185348,0
627288,2
632099,1
2841550,0
633411,0
633410,0
633413,5
633412,81
633415,1
498356,1
633417,1
633416,2
633419,1
633418,1
26173,1
2241,1
5185527,1
5185520,1
5185523,1
507986,1
596311,1
75630,1
149764,1
60597,1
172023,1
1573913,0
33491,1
176794,1
181384,1
1571663,1
1568888,1
1571665,1
5161147,1
1571888,1
626088,1
20692,1
4697164,1
20696,1
20694,1
1571885,1
1621824,1
1553677,1
112155,1
18617,1
5176628,1
5181446,1
1568885,0
1571882,1
5795082,1
2607670,1
146259,4
5174201,1
50902,1
360297,1
15649,1
630331,1
495232,1
156476,0
1486930,1
1358,1
5038360,1
6959,20
5101246,1
15464,1
15466,1
5456078,1
39337,55
5031564,1
617989,1
5042706,0
590313,0
373132,1
9063,1
792328,1
461387,1
1569387,0
502589,2
110582,1
5070771,0
632985,1
1571018,1
1569725,1
468860,1
457315,1
3186,1
5189060,1
5189061,0
1921322,2
1564347,1
53495,1
632665,1
632664,1
5184459,1
632660,1
5166511,1
1570585,0
567966,1
5083410,1
1570582,1
1570581,0
1570580,0
69948,1
3103118,1
5095281,1
4018,1
603126,1
361651,1
1571365,1
19435,1
5028196,1
1569977,1
633583,0
1572329,0
1572328,1
448713,1
1572320,1
1572322,1
5033732,1
577610,1
404830,4
397735,1
633585,0
633584,0
5184466,1
617564,1
494469,1
65622,1
1571184,1
1571185,1
1571186,1
1571180,1
1571181,1
1571182,1
1571183,1
6235863,3
4223282,1
4490481,1
1572187,1
542357,2
36215,1
5182158,1
1571984,1
1571985,1
1571986,1
6228460,1
1571980,0
571814,2
5186317,1
7253,11
1571988,1
5186311,1
544970,1
24856,1
24857,1
633204,1
633205,3
633206,3
2474,2
633200,2
633201,1
633202,3
633203,1
4414947,1
1556161,1
633209,1
1563896,1
510355,1
254190,1
1563899,1
1563898,1
218213,1
117316,1
5445629,1
1002736,1
5025812,1
1573588,0
374724,1
444109,0
1569129,1
9318,0
1569127,1
1569125,0
1569123,1
1569122,1
9311,2
610755,9
5021489,1
62850,1
619344,2
1562273,1
5001226,1
4394340,1
1564600,1
1564605,1
5921631,1
3210,1
1223576,1
1546308,1
4461598,0
5179637,1
4591808,1
528496,1
5025743,0
1494006,1
4109001,1
487755,0
1186,1
3371,1
1222551,1
34219,1
5079974,1
31685,1
1570776,0
1570777,0
628389,1
1568748,1
1568749,0
46,11
1557612,1
1568742,1
1568744,1
256608,1
1568746,1
5176050,1
5171553,0
591473,1
5171550,0
4286279,1
1570118,0
1570119,0
31351,1
1570111,0
5065891,1
1568603,0
6546,1
27757,3
6548,1
5185871,1
206903,1
4991859,1
5188586,0
1568383,1
613057,2
1558865,1
5172110,1
297346,1
286163,5
2971631,0
343,6
1571647,1
1571646,1
1571645,1
1571644,1
1571643,1
1571642,1
1571641,1
1571640,1
1571649,1
1571648,1
5076219,0
98488,1
1569918,1
240616,1
1569917,0
5187780,1
5187785,1
5185322,1
5185321,1
5185320,1
579577,1
5183940,1
424901,1
5183948,1
1496352,1
26153,2
59913,1
633439,2
633438,1
633433,0
633432,4
633431,0
633430,1
633437,2
633436,0
633435,17
633434,1
348607,1
622380,1
513127,1
618575,1
5861551,0
5022748,1
1572047,1
1494586,2
1572041,1
56406,1
1572048,0
17875,2
4818,3
5157689,0
535236,1
1574268,0
58677,1
569810,1
1571336,1
1566631,1
237147,1
1566296,1
1566297,1
345408,1
340438,1
1568196,1
5113588,0
4301800,1
1524714,1
5180031,1
4412763,0
5171492,1
1564297,1
1569354,1
1569355,0
1569356,1
1569357,0
1569350,1
1569351,1
1569352,0
1569353,1
1569358,1
1569359,1
630643,1
5057148,1
5007353,1
4491641,1
1571120,1
5141628,1
1564472,1
1564470,1
5093129,1
4836627,1
4542371,1
6233234,1
8385,1
1569742,0
1569741,1
4195142,1
1569744,1
1569749,1
5070759,0
1514955,1
5038342,1
1374,1238
5065133,1
1503806,1
5183779,1
5183773,1
1575088,0
630863,2
344052,1
5748003,1
4651392,1
631198,1
5184344,1
1571348,1
1571349,1
1571343,1
521235,1
19145,1
1571344,1
1571345,1
629929,1
5070363,1
565957,2
145103,1
1598432,1
1565913,1
1869867,1
632646,2
632643,1
632642,1
5184446,1
5184448,1
4082474,4
611959,1
632649,1
633594,1
633595,0
633596,0
633597,2
633590,0
633591,1
633592,6
633593,1
633598,0
909246,1
631730,1
515873,1
351586,1
633014,1
7,15
632420,1
5168409,1
5172304,1
1573074,0
2458,8
633777,0
927018,1
194008,1
4459630,0
7854,2
1618028,1
588565,1
4556192,1
1317913,1
537711,2
10408,1
70721,1
1573259,0
1045553,1
3262380,1
1569100,1
1294330,1
1569104,0
75267,1
491663,0
37013,1
5053535,1
5184860,1
349231,1
4914749,1
5178219,1
62875,2
624516,1
137075,1
5958256,1
3233,1
3230,1
6109699,1
3235,2
546492,1
3239,4
1960,1
621716,1
6128199,1
1571838,1
2877,1
5187889,1
5187885,1
5083155,1
5065304,0
479686,1
5165593,1
529565,1
1567892,1
1467706,4
5150621,1
626295,1
109631,1
626296,6
5079915,1
5172005,1
385509,1
330054,1
571944,1
381086,1
1568769,1
4541109,1
954275,1
1570483,1
1570953,1
916126,1
5186684,1
5078536,0
550859,1
1571085,1
1571087,1
1571086,1
1571081,1
1571083,1
1571082,1
1571089,1
815108,1
78872,1
78877,2
594794,1
279231,3
5058792,1
115877,2
145350,1
1570136,1
1570137,0
1569688,1
1569686,1
1569687,1
1569684,1
1569685,1
31379,1
1571661,1
1571660,1
1568889,0
1571662,1
1571889,1
1571664,1
5219126,0
1571669,1
1571668,1
1571887,1
1571886,1
1571883,1
4267894,1
6178,2
1571573,1
12720,1
35749,1
486480,1
5185900,1
5566671,1
5185657,1
5185653,1
4201084,1
5185650,1
1572283,0
1572280,0
1572281,1
1572286,0
1572284,0
1572285,0
1572289,0
1571754,1
81352,2
626901,1
4223385,1
204715,1
5011136,1
5026711,1
571468,1
489436,1
556732,1
2828594,1
1571201,1
1572068,0
1572066,0
1572064,1
1571200,1
1572062,0
1572063,1
1572060,1
1572061,1
555182,2
1340597,1
1563464,1
579558,1
623505,1
622109,1
363079,1
1571231,1
222161,1
1446058,1
626599,1
15936,1
146073,1
30989,1
1460804,1
5101678,1
2252942,1
1091724,1
618809,9
1563683,1
15938,2
4973391,1
1562157,1
633015,2
5163933,2
633016,1
633011,2
459422,1
633019,1
633018,0
5178027,0
248322,1
523484,1
418120,1
1568827,1
1043655,1
311553,1
1255383,1
174208,1
5057167,1
407340,5
1566813,1
1376346,1
30763,1
15931,1
6999,1
532594,2
5035457,1
6997,1
8147,1
630599,1
331510,1
1784552,1
2990,2
50277,1
5041060,1
47834,1
633260,1
40438,1
1569768,1
580165,1
40437,2
613971,1
5070736,0
106894,1
575497,1
5038322,1
394502,1
1394,1
147833,1
50983,1
51055,1
1571414,1
19160,2
51052,1
1571411,1
132478,1
6318578,1
1567687,1
576527,2
2806964,1
5070344,1
3011530,1
1568410,1
1384650,1
632992,2
632990,1
632996,1
5184423,1
632999,2
5184420,1
241958,0
626786,1
633578,0
633579,2
633576,0
633577,0
633574,2
633575,5
633572,0
633573,0
633570,0
633571,0
1170802,1
866418,1
608812,1
366343,1
5164956,1
1569769,1
632190,1
580167,1
550620,1
623199,1
2436,1
16823,4
5094990,1
19839,2
6341,1
1566647,1
1566649,1
1566648,1
10176,1
135794,1
4371555,0
4059906,1
1804,1
1564092,1
4105259,1
449950,1
1809,2
4990,1
5178231,1
622445,1
113458,1
510704,1
1758299,3
412043,2
157137,2
632253,0
90724,1
5202951,0
4327950,1
5113486,0
630118,1
5070503,1
917501,1
1565662,2
1562818,1
5169470,0
5025309,1
20040,1
4370975,1
1516903,1
285610,6
78740,1
1571264,1
3880980,1
803485,1
4194166,1
521086,7
1568780,1
5056191,1
1568783,0
540425,1
5171518,1
5083136,1
5171513,1
5171511,1
5171516,1
1542497,0
792123,1
382770,1
136019,1
359210,1
8286,1
8288,1
497601,1
6500,36
1570730,0
31170,1
620646,3
3561566,1
1570734,1
1570735,1
1570736,1
1570737,1
3694577,1
5043085,1
1571064,1
1571060,1
1567230,1
476358,1
5568649,0
7559,1
35878,1
4541520,1
581951,1
341447,1
1571412,1
464329,1
1569953,1
1569950,1
1569951,1
1569956,1
1569957,1
1569954,1
1569955,1
1569958,1
1569959,1
4211523,1
1566704,1
1462987,1
5011114,1
1572268,0
5137385,1
1572264,0
1572265,0
1572260,0
353824,3
1572262,0
5011119,1
240962,4
5165490,1
1,1
386072,1
5169582,1
603315,1
17507,1
389953,1
632387,1
1572008,1
1572009,1
1572002,1
1572004,1
1572006,1
1572007,1
5184177,1
5182581,1
1566120,1
1566121,1
27950,1
1565475,1
1565476,1
633385,1
633384,0
633387,1
572771,1
633381,2
1569455,0
633383,3
633382,0
5034948,1
633389,1
120983,1
601036,2
5185583,1
1571892,1
545451,2
4525132,1
5185587,1
5185586,1
5185589,1
5184181,1
1571672,1
1571897,1
4892685,1
1571670,1
633038,1
633037,1
633036,2
1571895,1
633032,1
72219,1
633030,1
7319,1
982732,1
194214,1
627447,1
71373,3
198504,4
5021501,1
1563900,1
5187981,1
5075939,1
71081,1
12888,1
1569310,0
620872,1
1569317,1
5175200,1
3685482,1
5175204,1
631794,1
2859525,2
1571884,1
4025239,1
30701,1
5101224,1
95343,1
426458,1
126007,1
126008,1
421041,2
1569391,1
1562609,1
1569948,1
4926062,1
1569395,1
1568047,1
5167151,1
625147,1
1568043,1
220774,1
1568040,1
4592496,0
556273,1
1568048,1
5184428,1
1566568,1
4893413,1
1570076,1
1570075,1
1570079,1
1570078,1
127456,1
7375,2
1571474,1
4490883,1
1571476,1
5181209,0
4987995,1
5184426,1
3876599,1
5184348,1
1568432,1
1568430,1
503292,1
542297,1
623755,1
1568439,1
5109611,1
448519,1
632975,1
611991,3
632977,1
632600,3
632970,1
632605,2
632972,2
633558,0
633559,0
1451323,4
452976,1
613286,2
1017139,1
633550,0
633551,1
633552,1
633553,0
3784830,1
633555,4
633556,0
633557,0
6255247,1
1571290,1
1571292,1
544990,1
1542654,1
5185315,1
504023,2
21885,10
1258289,1
1522103,1
579107,0
1563835,1
210297,2
2571580,2
464077,1
4192570,1
4460584,1
622803,1
4291514,0
153050,2
3908941,1
5173929,1
1569149,1
618101,0
1569145,1
1569144,1
1569147,1
1569146,1
113615,1
5185449,1
4225933,1
341116,2
4979,1
4972,1
5011639,1
481207,1
190218,1
158631,1
5086567,1
5748353,1
18992,1
18990,1
18999,1
844410,1
27,72
5486,1
1568236,0
1568231,1
2171706,3
611467,1
604271,3
1619818,1
3743285,1
5191249,0
5186971,1
5186975,1
528653,2
6322202,2
4344717,1
5171535,1
5171536,1
5171530,1
5171532,1
343740,1
1481994,1
5171538,1
629679,2
5087161,1
5179693,1
604056,1
631,1
5035793,1
6523,1
4555549,1
1293528,1
63221,1
2221976,1
1570718,1
1570719,1
1570248,1
1570712,1
1570713,1
1570710,1
1570711,1
1570240,0
1570717,1
1570714,1
1570715,1
1571049,1
1571048,1
117618,1
1571041,1
1571040,1
1571591,1
1571045,1
1571047,1
1571594,1
6200858,1
629201,1
8402,1
1572010,1
4293765,1
560842,1
4514569,1
5065879,1
189517,1
1571332,1
26468,1
5165925,1
4457988,0
5087831,1
96284,1
96286,0
24640,1
1572246,0
1572247,0
1572244,0
1572245,0
22773,1
1572243,0
1572240,0
1572241,0
59452,1
438750,1
524417,1
154493,1
5173266,1
4464051,0
623322,1
555232,1
603338,1
1568591,1
1568590,1
1571627,1
1568592,1
1226413,1
1571620,1
1571623,1
1568848,1
1568846,1
1568845,1
1571629,1
1571628,1
1568841,1
1568840,1
1572022,1
1572023,1
1572020,1
1572021,1
1572026,1
1572027,1
1572024,1
1572028,1
1263240,2
4568,3
467655,1
589046,1
4423310,0
5185611,1
5185610,1
5185618,1
5181111,1
530092,1
5181114,1
3179916,1
17781,1
3781300,1
25200,1
153262,1
17772,1
618593,1
80046,2
4748815,1
5085404,1
1570498,1
608579,2
454629,2
633051,1
633053,3
3731046,1
633057,2
633056,1
1569088,0
1569089,0
5978457,0
1569085,0
1569086,0
1569087,1
1565411,1
1565410,1
535253,1
398773,3
1564236,1
59160,1
30141,1
6132423,1
1569331,1
29095,2
5187964,1
5290364,1
49872,1
2734234,1
2884967,1
6559,2
4016192,1
119378,1
971763,1
24342,1
4638698,0
2953,1
5345,1
617905,1
6120223,1
126025,2
4806720,1
2083636,1
1571956,1
562600,1
5763469,1
1568065,1
4092,1
4090,1
577475,1
1570506,0
6007054,1
1570502,0
1570501,0
1575020,0
165078,1
590280,1
2335534,1
1571458,1
1571452,1
1571453,1
1571450,1
1571451,1
1571456,1
1571457,1
1571454,1
1571455,1
606355,2
4605353,0
5034186,1
3360536,2
4293248,1
1568450,1
1568453,1
612507,2
5056244,1
1568458,1
1568459,0
632954,2
256514,1
5172506,1
5334795,1
855298,1
1095951,1
5062424,1
630889,1
631752,2
497218,1
1571909,1
1571904,1
1571905,1
1571906,1
1571901,1
286710,1
6174262,1
632485,1
6655,1
559780,1
6651,2
1569857,1
1569856,1
1569855,1
1569854,1
154792,1
624426,1
4950979,3
63638,1
633027,1
297663,2
563160,1
622867,1
2877077,1
4149602,1
633532,1
633533,3
633530,0
633531,1
633536,2
633537,2
633534,3
633535,0
6161261,1
633539,1
5173907,1
5173904,1
49601,3
358466,1
632221,1
21202,1
633288,1
633289,1
633284,2
633285,0
633286,2
633287,1
633280,1
633281,0
633282,2
633283,0
1571803,1
426803,1
5085369,1
3801050,1
5170284,0
5139,3
3295,1
1903,1
4490510,1
589674,2
90093,1
1568217,1
58352,1
1568212,1
1568213,1
1568211,1
14784,1
1568218,1
1568219,1
5056408,0
1565627,1
352434,1
5171886,1
1571624,1
572929,1
487286,2
85809,1
5175149,1
5186953,1
459615,6
5086813,1
446222,1
5031721,1
5031729,1
278186,2
6300469,1
1571566,1
47600,1
1564577,1
5186897,1
633130,1
97837,2
5079466,1
1570266,0
1570264,0
1570265,0
5180071,1
630167,1
630160,1
4345120,1
475720,2
1567279,1
8420,1
633678,0
1567275,1
1567274,1
1567902,1
4854596,1
545020,1
365324,1
54323,2
50007,1
100471,2
393481,1
107317,1
5084446,1
126810,2
4042773,1
1591403,0
158015,1
435422,1
374881,1
3854526,1
507250,1
1569991,1
1570998,1
1570999,1
1570990,1
1570991,1
1570992,1
381641,1
1570994,1
1570995,1
1570996,1
1570997,1
1571023,1
1571022,1
1571021,1
1571020,1
1571024,1
5103308,1
1572226,0
1572227,1
1572228,1
1572229,1
626967,1
1732379,1
5011151,1
438776,1
35220,1
4161411,1
116613,1
19729,2
5070047,1
1571962,1
1571747,1
581667,4
1568863,1
573332,1
573334,1
1568867,1
1004118,1
3135906,1
56983,2
56980,1
4548,9
1571212,1
19093,10
4544,1
4547,3
633529,0
532725,1
124334,1
5181130,1
5184941,1
456737,1
948026,1
1571690,1
2621,1
633076,1
2624,1
633078,2
629469,1
396216,1
1569831,1
5090422,1
610675,3
33161,1
441306,3
5388390,1
5021548,1
1568524,1
4347317,1
1562350,1
10272,1
1568520,1
1568521,1
521085,1
5187943,1
1668035,1
528087,1
20491,2
5061725,1
22896,3
180518,1
565092,1
617924,1
483120,1
71847,1
2977,1
5162767,1
1565296,1
160107,1
5169353,1
5079855,0
3942163,1
917737,2
1486770,1
5169687,1
631911,1
11058,1
91771,0
72813,0
122325,1
122326,1
521105,1
5168968,0
1568000,1
5870083,2
4514935,1
5103717,1
114578,2
1570033,0
1570032,0
1570031,0
1570030,0
1570037,1
1570036,0
1570035,0
1570526,1
5175604,1
5757,1
5175602,1
5175601,1
5759,7
5175608,1
5184378,1
417890,1
591203,3
113398,1
6116332,2
357665,1
466803,1
1570514,1
276560,1
616855,1
2029746,1
51697,1
51694,1
4989326,1
1568470,1
1565996,1
632933,3
632937,1
627976,1
633185,0
5172077,1
74,319
7430,1
7432,1
5173735,1
633182,2
1282645,1
409326,1
633180,5
4441562,1
515747,1
1536660,1
1567738,1
1572961,0
98744,2
3038629,1
1569871,1
1569870,1
484000,1
100866,1
181131,1
187839,2
566468,1
40440,1
4924117,1
622842,1
610442,3
4986382,1
586055,1
586051,1
5183807,0
124839,3
633518,1
633519,1
633514,1
633515,1
633516,1
633517,1
633510,5
240081,1
633512,2
633513,2
5185400,0
1558054,1
602491,1
784226,1
2109,1
623461,1
562817,1
5114,2
535910,1
540830,1
2977264,1
1570731,1
1570732,1
633330,2
1570733,0
5010924,1
5157833,1
36411,3
5157839,1
5056462,1
1568275,1
1553739,1
4347435,1
48535,5
48536,1
510955,1
999959,1
6092021,1
470586,1
469916,1
5179523,1
2447196,1
3795299,1
1553086,2
632612,2
1218438,1
3816165,1
1569277,0
3864646,1
5174746,1
1569270,1
633454,1
1569279,0
1967340,1
5870077,1
5110192,1
4507668,1
5741188,1
72154,1
123757,2
1570204,0
1570205,1
1570206,1
4545242,1
5093024,1
1479380,0
79459,1
585146,1
1567925,1
1567924,1
1567927,1
1567926,1
320103,1
580510,1
178884,1
28483,2
1529,1
1544629,1
1572429,1
22223,1
257018,5
5025322,1
107176,2
1571009,1
1571008,1
1571559,1
1571558,1
1571005,1
1571556,1
1571007,1
1571006,1
1571001,1
1571000,1
1571003,1
1571002,1
1566773,1
1566772,1
1572201,1
1566770,1
1574672,0
31888,1
5058085,1
4464015,1
1568802,1
1568805,1
1568808,2
6126,9
51738,1
1146109,1
5435511,1
260567,1
1603628,0
128831,1
617796,1
602644,1
27333,1
633899,0
633898,0
550219,1
1558194,1
2649,1
633099,1
633098,1
633094,1
633097,2
633091,1
633090,2
633092,1
618086,1
1569044,1
1569040,1
1569041,1
1569042,1
1569043,1
5140506,1
5184967,1
5184964,1
5184965,1
5184962,1
5184961,1
5187922,1
5187921,1
1566895,1
5187927,1
10298,1
588196,1
10292,1
5185216,1
571267,1
5185218,1
600890,1
4995314,1
1418179,1
1569952,1
5087266,1
40705,1
24300,1
1568393,1
1568397,0
1568396,0
1568395,1
1568394,1
4394423,1
471246,1
31275,1
521127,1
5175590,1
1490953,1
5175599,1
1569506,1
4910537,1
1943857,1
91755,1
570135,1
632968,2
31414,1
5027678,1
598038,1
5172082,0
23097,1
144872,0
5102285,1
2245640,1
5184435,1
4009068,1
23891,1
1530761,1
415819,1
259583,1
632913,1
960536,1
632910,1
528738,1
1570015,1
1570542,1
1570017,0
1570016,0
5057885,1
1570549,1
1570018,1
1571941,1
1571942,1
1571943,1
1571944,1
1571945,1
1571948,1
1571949,1
631793,1
1571768,1
5084180,1
1567717,1
1567715,1
4968529,2
1806856,1
1884827,1
561613,1
5101647,1
5052618,1
240719,1
1569813,1
1569812,1
1569811,1
1569810,1
5052612,1
1569814,1
576164,1
1571280,1
5051837,1
12198,1
12199,1
3804149,1
12197,3
5117291,1
1572261,0
615458,1
22757,1
493591,1
25495,1
4930373,1
6165668,1
1572419,0
1572418,0
1572417,1
1572416,1
1572415,0
1572414,1
1572413,1
1572412,1
1572411,0
5155314,0
5070921,1
372198,1
11713,1
4492535,1
4256376,1
93311,2
57628,1
6074418,1
1574819,0
1562090,1
1562095,1
5085325,1
81895,1
620107,1
130,1
4861488,1
5181077,1
5181075,1
5181074,1
5181070,1
6073829,1
379508,1
9688,1
63493,1
5157812,1
5056448,0
5056444,1
633137,3
633134,1
34839,1
633131,1
1559656,1
246674,1
613478,1
5094800,1
5189135,1
613471,1
3399928,1
480739,1
269199,1
3824067,1
198111,1
6855,1
6854,1
6856,1
5086856,1
1571902,1
161409,1
517011,1
800473,1
5187995,1
381862,1
1566970,1
63231,1
1566974,1
1569257,1
1569259,0
1569258,0
1571903,1
4391687,1
14293,1
14923,1
31057,1
169479,1
4165902,2
109817,1
6036670,1
5055930,0
548231,3
1570228,1
1570229,1
955122,1
5042357,1
1570222,1
1570223,1
1570220,1
1570221,1
1570226,1
1570227,0
1570224,1
1570225,1
1717191,1
1569237,1
88917,1
5621602,1
4591950,1
1569667,1
9875,2
555609,13
11157,1
5070494,1
1571499,1
1571496,1
1571497,1
5189412,0
5189415,0
1571326,1
443584,1
5042974,1
1461576,0
1571322,1
1570488,0
1570489,0
1570486,1
4566085,0
1570484,1
1570482,0
3103076,0
1570481,1
3885,1
403705,1
5028526,1
1571579,1
1571578,1
1564733,1
1571571,1
1571570,1
1567949,1
1571572,1
1571575,1
1571574,1
1571577,1
1571576,1
1946457,1
5070002,1
1571683,1
1571682,1
1571681,1
1571689,1
1571688,1
1568530,1
1493955,1
4033099,1
4541219,1
61408,1
5016738,1
547582,1
6170796,1
4529555,1
1568678,1
1549038,1
1567365,1
4833351,1
614869,1
632076,1
1542780,1
5186615,1
633309,3
633308,3
422600,1
633304,0
633307,0
633306,2
633301,1
633300,2
633303,0
633302,2
2988585,3
4254488,1
6007,1
4924093,1
546328,1
1572080,1
1572082,1
1572084,1
1572085,1
1568377,1
5050260,1
997,24
996,1
10728,1
1566701,1
628829,1
10727,15
4462595,0
54841,1
583707,2
309785,0
633386,0
5042373,1
586574,2
633380,0
1566563,1
1569392,1
615917,3
1566566,1
5187908,1
5187907,1
5174199,1
5187903,1
5187902,1
3849479,1
84320,1
633388,3
4422289,0
2661,2
528845,5
168716,1
2939,1
2937,2
5028232,1
86787,1
1500929,1
628775,1
5085864,1
172924,1
2802949,1
1159400,1
4322330,1
1854691,1
5092563,1
106748,3
5185582,1
575430,1
20237,3
27511,1
222330,1
29831,1
156675,1
4281872,0
330266,1
549063,1
5184336,1
421186,1
132102,1
4341042,1
633477,1
3956871,1
29163,1
5160065,1
388303,1
630795,1
5083968,1
4132726,1
3444472,1
1568862,1
275152,3
5059521,0
1567889,1
1567555,1
1567884,1
1567550,1
119065,3
5141739,1
1264034,1
3344673,7
1571218,0
1571748,1
1571749,1
1571746,1
1571963,1
1571216,0
6318334,1
1571210,1
1571211,1
1571964,1
1571741,1
144324,9
69435,1
1569833,0
1569832,0
1569839,1
24725,1
616366,1
302862,1
580231,1
4924151,1
3844172,1
576185,2
494590,1
632798,1
632793,2
632792,2
4705,1
633034,2
4700,8
5173347,0
5173616,0
4101196,1
172490,0
631042,1
1874276,1
400035,0
1572431,0
1572430,1
633467,2
1572369,1
13551,1
612296,1
612294,1
5051859,1
1568349,1
121588,1
20752,1
1568883,1
185695,2
59819,1
4417219,0
633328,2
490608,3
612121,0
612123,2
1568882,0
5236020,1
4986831,1
633110,1
633111,1
633112,1
633115,1
633116,1
633118,1
1556505,1
509918,2
622556,1
139039,1
387118,1
4018803,1
5172494,0
512049,2
5178691,1
113785,1
478661,1
587580,1
1565804,1
1569233,1
1566912,1
537423,1
1566917,1
1569236,1
1569235,1
1569234,1
4869434,1
543249,1
4486052,1
543240,3
5613057,1
470326,1
5079376,1
630495,1
438052,2
1565650,2
465763,3
4889567,1
487999,1
5029,1
1572144,1
331678,2
1254536,1
133998,3
1568223,1
1572142,1
7469,1
1568222,1
818892,1
1570976,1
1570977,1
1570974,1
1570972,1
1570973,1
1570970,1
1570971,1
1570978,1
1570979,1
1571513,1
1571512,1
1571511,1
1571517,1
1571516,1
1571515,1
1571514,1
1571518,1
633237,2
5099288,1
91275,4
