3663269,1
3663268,1
3663173,1
4663171,1
3663174,1
4654582,1
3663261,1
3663071,1
3663072,1
3663073,1
4661714,1
3663264,1
3663267,1
3663077,1
4604372,1
3663255,1
4656539,1
4056980,1
4664236,1
650771,1
4056987,1
583180,1
4660713,1
3663276,1
4196342,1
3663123,1
3663176,1
4651486,1
664116,1
3663179,1
3663275,1
3663281,1
643474,1
4194521,1
631156,1
3663040,1
4195540,1
3663248,1
3663270,1
3663143,1
3663169,1
3663166,1
3663167,1
3663164,1
4195254,1
3663162,1
3663163,1
3663160,1
3663161,1
3663147,1
4195658,1
3663076,1
4192678,1
6015296,1
4056614,1
638926,1
4194392,1
5541004,1
5490820,1
1679432,1
3663302,1
4191018,1
3663066,1
3663301,1
4057184,1
4057185,1
782429,1
3663108,1
3663118,1
640624,1
4194173,1
648599,1
3663113,1
3663112,1
3663111,1
3663110,1
3663117,1
3663116,1
3663115,1
3663114,1
4195792,1
4056541,1
52497,1
3663288,1
3663151,1
3663228,1
4194066,1
4664081,1
3663280,1
3663287,1
3663284,1
3663079,1
3663251,1
3663252,1
5510458,1
3663045,1
3663254,1
3663047,1
3663046,1
3663041,1
3663273,1
3663043,1
3663101,1
3663229,1
3663074,1
4103461,0
3663278,1
3663279,1
3663027,1
3663026,1
3663025,1
3663257,1
3663021,1
4194273,1
3663102,1
3663103,1
3663105,1
3663106,1
3663028,1
3663298,1
3663299,1
3663148,1
5129819,1
4057158,1
4057405,1
3663293,1
3663294,1
3663295,1
3663297,1
3663193,1
3663192,1
3663191,1
3663190,1
4193302,1
4056970,1
3663221,1
4056972,1
3663203,1
3663053,1
3663207,1
3663304,1
3663205,1
3663055,1
3663242,1
3663058,1
3663059,1
716221,1
3663034,1
3663036,1
733081,1
3663031,1
3663033,1
634731,1
778555,1
3663038,1
3663155,1
4056098,1
3663238,1
3663291,1
4056093,1
716223,1
632354,1
4195105,1
3663180,1
3663182,1
3663183,1
3663185,1
3663189,1
3663150,1
3663128,1
3663210,1
3663211,1
3663212,1
3663213,1
3663215,1
3663217,1
3663218,1
4056147,1
782420,1
4665884,1
4056143,1
3663289,1
3663007,1
4056979,1
3663009,1
3663008,1
4666915,1
3663129,1
4056120,1
4057484,1
782401,1
4664531,1
4057132,1
4194216,1
3663158,1
4057135,1
3663095,1
4192138,1
4257938,1
3663134,1
3663136,1
3663131,1
3663130,1
3663132,1
4056126,1
3663122,1
3663226,1
4056156,1
3663220,1
3663223,1
637126,1
3663157,1
3663054,1
4194348,1
3663153,1
3663152,1
3663018,1
3663274,1
3663247,1
3663015,1
3663243,1
4056131,1
3663010,1
3663011,1
782430,2
782431,2
4056519,1
4679337,1
4191597,1
3663292,1
4057122,1
3663125,1
3663052,1
4579098,1
4057440,1
4056057,1
4193620,1
3663089,1
3663088,1
3663120,1
3663078,1
3663126,1
3663127,1
3663124,1
4643421,1
3663081,1
3663080,1
3663083,1
3663082,1
3663085,1
4056046,1
3663087,1
4056154,1
3663144,1
3663145,1
3663069,1
3663068,1
3663140,1
3663141,1
3663142,1
5047783,1
3663063,1
3663062,1
3663061,1
3663060,1
3663067,1
3663149,1
3663065,1
3663064,1
3663253,1
4194675,1
4377463,1
3663222,1
782428,1
782427,1
4195525,1
3663146,1
4641319,1
3663096,1
3663097,1
3663094,1
3663208,1
3663092,1
3663093,1
3663090,1
3663091,1
4193999,1
668976,1
3663239,1
3663098,1
3663099,1
4056045,1
4191034,1
3663488,1
3663259,1
5349102,1
637493,1
635384,1
