3847466,0
3847461,1
3847709,1
3847707,1
779823,1
4702601,1
4338002,0
3849512,1
3849519,1
3847799,1
3847798,1
5571748,1
3613619,1
4306542,1
3847791,1
3847793,1
3613614,1
3847065,1
779461,4
781039,7
3846758,1
4322561,1
74018,2
781075,1
781074,3
781077,1
781076,2
781071,4
781070,2
781073,5
781072,3
3846367,1
781079,2
781078,2
3847665,1
781031,2
6156182,1
4156134,1
3847660,1
3847663,1
4341248,1
4358476,1
780852,1
3847226,1
779689,4
4322465,1
780170,1
2907455,1
780676,7
779681,3
5337348,1
780673,3
781037,1
3848077,1
779044,1
3854620,0
780987,3
780985,3
5080455,1
744910,4
1080538,0
3846684,1
3846686,1
3846687,1
2893701,1
4311247,1
4920,12
778234,8
3846863,1
2907677,1
778481,1
3849319,1
779635,2
2005299,1
3847803,1
3849310,1
3848574,1
3848576,1
689732,3
4321499,1
3612911,1
4344931,1
5900032,1
578371,5
3846915,1
774666,1
3847580,1
3846911,1
3850650,0
6105930,1
780325,6
3849553,1
781104,0
751352,3
781101,0
781100,0
781103,0
774700,1
5033185,1
3613652,1
780694,2
3613650,1
3613656,1
3613655,0
3613654,1
3613659,1
3848951,1
3849652,1
3847069,1
3847891,1
3847519,1
3847514,1
778850,2
3848310,1
3027541,2
779709,1
3848316,1
3848319,1
6238121,2
4248327,1
654331,1
781081,1
493297,2
3613921,0
3846838,1
3848257,1
780994,2
629827,1
781038,24
5373295,1
3754195,3
780528,2
781030,2
781033,2
781032,5
781035,5
781034,10
4999299,0
781036,2
3847036,1
3847030,1
5133382,1
2891030,1
3848928,1
5193667,1
5541570,0
777819,3
2902857,1
3846489,1
3849033,1
780038,3
3849138,1
780137,3
5409612,1
6080581,1
271154,1
4332439,1
4348959,1
4310370,1
780179,1
4318514,1
4273295,1
780624,4
741152,1
3610499,1
3938458,1
780148,2
5254781,1
778886,1
3850832,0
3848768,1
368407,0
3848530,1
2917538,1
3846566,1
3613675,1
780817,6
4464075,1
5476028,1
3846811,1
3846810,1
3846814,1
1580815,1
5195716,1
4350879,1
780713,1
780499,2
2914263,1
778204,1
780718,1
3847552,1
3850051,0
3847559,1
3847491,1
3848744,1
3879612,0
3850116,0
4293032,1
3848759,1
53494,2
3847770,1
3847777,1
3848467,1
4350164,1
3847819,1
3848962,1
780764,4
3847483,1
3849500,1
3847789,1
3847171,1
3846355,1
3847175,1
3847176,1
3476588,1
3848845,1
3613607,1
3614011,0
3846602,1
779751,1
531141,2
777219,15
2904630,1
4321764,1
781040,2
781041,7
781042,2
4315919,1
781044,2
781045,2
781046,5
781047,2
781048,2
781049,1
3846370,1
4282092,1
3847673,1
3847670,1
3847677,1
604244,1
645184,1
4880637,1
3848145,1
5190850,1
3848141,1
3849004,1
4281132,1
3849009,1
780665,3
780840,2
779520,3
3849165,1
4220721,1
2916840,2
780062,1
780990,2
780993,1
4348638,1
780997,11
780996,2
780999,16
780998,3
773131,4
781083,2
732317,3
4324594,1
5370004,1
5649924,1
781026,1
781014,5
774076,1
3847954,1
780612,1
3849710,1
3846780,1
3846782,1
3848544,1
3847219,1
4309374,1
780195,2
2907342,1
4311342,1
4296387,1
780859,1
3847937,1
3847750,1
4281813,1
4356418,0
4290487,1
780335,2
64334,1
780672,1
966903,1
5104,14
780684,1
3613645,1
3613647,1
3847690,1
3848488,1
4340924,1
780725,10
5844767,1
4302956,1
767578,1
2908981,1
3847725,1
3847649,1
3847727,1
3848986,1
3848325,1
3847642,1
779710,2
3847729,1
781005,1
781006,4
10476,1
781000,1
781001,1
781002,4
781003,1
781008,3
781009,1
5560912,0
2900859,1
4321165,1
3849434,1
4355238,0
6288090,0
3847001,1
3847008,1
5385332,1
3848930,1
779406,1
780024,1
5111354,1
5343177,1
773171,6
780776,11
5490819,1
5493425,1
6311368,1
3846381,1
405661,4
3846680,1
4325189,1
5774768,1
3618574,1
780988,1
224319,1
284764,3
780799,4
780979,2
780871,1
2893269,1
3847850,1
780974,11
780797,1
29598,7
780879,2
780095,1
780159,3
780286,9
420913,1
106788,5
4115851,1
780164,3
5928398,1
4292544,1
3613886,0
780488,1
4351464,0
3847823,1
3846551,1
3847541,1
780881,1
6110973,1
3848751,1
2913228,2
4292948,1
3848755,1
4266020,1
4752960,1
712530,8
4315587,1
3847768,1
2916175,1
3847767,1
780573,1
778134,2
653900,2
5264508,1
780777,5
3848973,1
3847040,1
3848979,1
4170021,1
3847723,1
3847167,1
3613635,1
3847160,1
3613636,1
3848372,1
3846638,1
4345685,1
5455779,1
3846630,1
779444,1
780977,2
781296,0
4234419,0
744645,1
781059,25
3847192,1
781057,3
3613902,0
781055,2
4350637,1
781053,1
781052,2
781051,5
781050,1
2895966,1
779202,1
3613701,1
62691,1
3847686,1
3846501,1
4313637,1
5535330,0
5087013,1
4322974,1
579240,1
4352107,0
741291,2
4349017,1
5335672,1
3847495,1
3849157,1
4313864,1
6104724,1
4296300,1
2899794,1
4289941,1
2910171,1
5688469,1
3612578,1
4682046,1
3846733,1
3847860,1
3847864,1
4295362,1
4293195,1
3847646,1
779151,1
5328764,1
3849286,1
779657,2
5820727,1
3847229,1
780500,7
781058,1
4353816,0
776258,1
781007,2
781056,2
5480308,1
5500956,1
781054,3
781088,4
781089,1
781084,0
781085,0
781086,1
781087,5
781080,3
738229,2
781082,4
781128,0
5184524,1
4350918,1
648599,1
3846560,1
3848722,1
3613678,1
4271868,1
3847081,1
527937,1
2891596,1
3846840,1
710671,1
773445,2
5225031,1
777535,1
3847715,1
3847652,1
3847222,1
781013,7
781012,26
781011,3
781010,2
781017,3
781016,3
781015,3
5077960,1
3612588,3
781019,1
781018,1
3991948,1
3849182,1
3849448,1
727888,2
5071933,1
780429,1
4320342,1
733029,9
3847154,1
3847681,1
701464,7
4252369,1
4293229,1
3852360,0
3847158,1
601548,1
778170,4
3850674,0
3846747,1
780140,2
3968608,1
4593505,1
949140,0
781066,5
4292752,1
781064,2
781065,3
781062,0
781063,3
781060,9
781061,1
780883,2
780882,2
4280054,1
689312,14
781068,2
781069,4
6298584,0
4352648,0
780641,1
3849961,1
4328463,1
780902,3
780903,1
780906,4
3848699,1
3848510,1
2909112,1
5320243,1
780165,1
4319345,1
3848194,1
4318401,1
169881,2
3847283,1
5740510,1
2907195,1
781098,0
5511821,1
4276232,1
780268,4
4320252,1
3847837,1
3846528,1
3847833,1
3847276,1
3847274,1
779591,1
3847270,1
3846449,1
652266,1
5035211,1
3847278,1
4423034,1
777991,2
5299574,1
4295284,1
4274441,1
3847265,1
4449630,1
3850764,0
3847455,1
3847599,1
487334,1
738279,1
781116,0
781117,0
781114,0
901683,0
4323734,1
3613626,1
776970,3
3849642,1
3849658,1
780747,1
5104238,1
780691,1
4351250,0
3846784,1
778849,1
3846682,1
777372,1
5249149,1
3848307,1
3847627,1
3846622,1
3847605,1
3846624,1
4268123,1
781067,19
4269599,1
781028,2
781029,1
781022,1
781023,2
781020,1
781021,1
5028480,1
781027,1
781024,4
781025,2
3847755,1
3847026,1
3847022,1
580301,2
3847759,1
4308268,1
780043,11
3849028,1
3846496,1
3849020,1
3846659,1
392188,3
6173138,1
5046204,1
3848091,1
3848096,1
4351028,1
4350697,1
6202816,1
4861786,1
3847874,1
4277712,1
780229,1
4311966,1
3847297,1
780387,2
1656300,1
3846407,1
3846404,1
3848139,1
3850820,0
3847238,1
3848528,1
2920291,0
3847230,1
780941,1
3612922,1
3848526,1
3847235,1
2893980,1
5173243,1
742445,1
781099,0
2906674,1
4312549,1
781093,1
781092,1
781091,1
781090,2
781097,1
781096,1
781095,1
781094,1
781043,4
2906063,1
3847272,1
3849212,1
780310,1
3847831,1
2891662,1
3848736,1
3846577,1
5014691,1
3613666,1
3846479,1
1060597,1
2525854,1
4270091,1
212703,1
3847240,1
3847242,1
5031584,1
