776990,1
776991,2
776992,1
776993,2
776994,1
776995,3
776996,2
776997,2
776998,1
776999,2
782458,1
4936309,2
2008917,0
3525720,2
776846,3
776847,1
5094760,2
3542817,0
776849,2
3516554,2
5062784,2
776534,1
776535,0
957477,2
1495633,2
2024921,0
3545127,1
776660,0
5090066,0
5831546,2
3520175,2
3543025,2
4324086,2
4639238,2
27371,0
3543985,2
4612427,2
3543983,1
3543982,2
3543981,0
3524523,2
4696769,1
3516159,2
4384568,2
3523800,2
776069,1
776264,1
3524257,2
3542742,2
931859,2
3544260,2
4872485,2
5142765,1
870430,0
3544524,0
3544525,2
1662990,2
3544295,0
3544522,1
2633176,0
4488862,2
613520,0
5164346,1
3517512,2
781536,1
4281463,2
3543169,2
3543168,2
768747,0
3543166,2
3543160,2
3543162,2
3543369,2
3544819,0
932307,2
775768,1
3543363,1
3543361,2
3543360,0
1269943,0
1483886,2
943191,2
134507,0
3514435,2
3543769,1
776928,3
583038,0
719977,0
776925,1
3543509,1
3543508,1
5513636,0
3543507,2
3543504,2
3542966,1
6102272,0
3542963,1
3542961,0
775362,1
1581286,2
3556530,2
4351907,0
3543216,1
3543215,2
3543214,2
3543212,2
3543211,2
3543210,2
775746,0
3543218,2
1494014,2
3543186,2
3543185,2
756098,0
5616494,0
3543182,2
3543181,2
3543180,2
3910172,0
3543188,2
4195216,2
4030052,2
607440,2
2629549,2
917083,2
935178,1
3900108,2
770595,2
769161,0
777922,1
875822,0
4779264,0
3526031,1
3526035,2
3500941,0
777038,2
777039,2
882146,2
777030,1
777031,2
777032,2
777033,2
777034,1
777035,1
777036,3
777037,2
5376190,2
774587,0
1488474,2
5633071,0
230648,0
748643,1
1479197,2
5656764,0
3521146,0
3521144,2
4854697,1
4386104,0
4888426,2
777102,1
776988,1
776987,1
776986,1
776985,2
776984,2
776451,1
776982,1
776981,4
776980,2
5436326,1
4782414,0
4155420,1
967927,2
22675,0
776851,1
3543746,2
776855,1
776859,0
776858,1
1603543,1
776524,0
3524882,2
776528,1
3524888,0
6270769,0
921571,2
4672847,2
3545132,1
946117,2
5455292,1
3540678,0
2590878,2
5378661,2
3543992,0
5725829,1
3796936,0
4793766,0
742658,1
4768542,2
3544359,1
3544358,2
1624338,2
3544355,1
3544354,2
3544351,2
1496157,2
4197141,2
5916484,2
4770607,2
967746,1
942818,2
6331297,0
776181,0
6024886,1
3517284,2
3543446,2
3544515,2
4797938,1
3543445,2
4523734,1
3543443,2
947427,1
3544195,2
3544194,2
5857462,2
3543441,2
3544191,2
3539157,0
3544192,0
3543178,2
4661197,1
3514888,0
3543172,2
3543173,2
3543170,2
3543176,2
33446,4
3543174,2
3543175,2
963684,2
3544227,2
1411418,2
3543374,2
3543376,2
3543377,2
3543370,1
3543371,1
3543372,2
2383270,2
3524505,1
773355,0
4680734,1
931206,2
3542828,2
3542827,2
3542826,0
3542825,2
3542823,0
4308331,2
5045278,0
3517871,2
947950,0
3543510,2
157398,0
3543514,0
3543517,0
724700,0
757629,0
1636779,1
4180865,2
1117400,2
944359,1
3520455,0
4458862,2
966356,1
3542906,0
4962256,2
3543205,2
3543206,2
3543200,2
3543202,2
3543203,2
3543208,2
3543209,2
3543194,2
3543196,2
3543197,2
3543190,2
67111,0
3543192,2
4448474,2
5288379,1
1506661,2
1764,0
863854,0
5111880,2
6261057,2
4854513,2
776801,2
3519035,0
918184,0
1442370,2
3542428,0
4357185,1
5154526,0
960585,1
6181270,0
5646172,2
3543232,2
4194177,0
776957,1
3521882,1
3544442,2
4257134,2
3305995,0
966423,2
776953,3
3542348,0
3544446,2
4153923,2
776865,1
3544112,1
776862,0
776863,0
777027,1
777026,2
777025,2
777024,2
777023,3
777022,2
777021,2
777020,2
929376,2
777078,2
4406614,2
3543646,1
777029,2
777028,3
776886,1
776887,1
776884,1
776885,1
776882,0
776880,2
776881,1
4609459,2
776889,1
73044,0
6034664,2
1593605,2
4659212,2
966513,2
4586352,2
4290365,2
1509706,2
4470413,1
3712843,1
771986,1
932836,2
1515875,2
1504296,2
1156791,0
3544297,2
3544294,2
3517662,2
5780425,2
3543837,1
688071,0
3543831,2
4925908,2
942771,0
3544506,0
3544504,2
766127,0
667793,1
3544503,0
3544500,2
3544508,2
3544509,2
3531587,0
1556686,0
339842,0
1566101,2
3544188,1
777092,1
4346062,2
3544187,0
920425,2
948602,2
3544764,1
5236273,2
3543348,1
3543343,2
3543345,1
3543696,2
3543347,2
3543346,2
973503,0
4717985,2
5100313,2
4432680,1
736504,1
3514415,1
5010512,2
3543525,0
3543524,2
3543526,2
3543523,2
996661,2
3543529,1
3542831,2
2317560,0
10502,4
918751,2
1604,0
609194,1
701464,0
775692,0
1491046,2
5159075,2
5159073,1
3538626,0
949022,2
3526299,1
3541907,0
5242170,2
3543231,2
3543233,2
6271945,2
3543234,2
4634181,0
3543236,2
3543239,2
3543238,2
3541998,0
3526391,1
938427,2
928950,2
4390692,2
4233341,0
3544879,2
24639,2
4775631,2
5343286,1
8630,0
3519558,0
4409471,2
3857573,1
5412443,1
3517330,2
776600,2
737173,0
4138341,1
774011,0
615238,4
5135242,2
3543366,2
946596,2
611029,1
207489,0
963861,2
960753,2
958796,3
3544882,1
3544881,0
3544880,2
3544886,1
5618673,2
3524661,1
4968589,2
750193,0
925071,2
3542337,0
3542336,0
3543401,2
896333,1
92336,0
776878,0
6032617,0
776873,0
776872,1
776870,0
776877,1
776876,1
776875,1
639186,2
777052,1
777053,2
3511599,0
777051,2
777056,3
777057,2
777054,2
777055,3
777058,3
777059,3
1732914,2
776895,0
1949829,1
776896,0
956190,2
776890,0
776893,3
776899,1
776898,1
4383882,1
4601800,2
2588893,0
699813,0
4935563,2
4193644,2
959759,2
1451472,0
3515633,2
776479,1
5550732,2
3544370,2
776097,1
3544375,1
3544374,1
3544376,2
6295682,0
1635833,0
3542799,0
3542798,2
1603188,2
3542791,1
3542793,0
3542792,2
3542795,0
3542794,2
3543820,1
3543821,3
5014648,2
3544572,2
3544571,0
3544570,2
3544576,1
3544575,2
3544574,2
4559024,0
4449452,2
4958011,2
3542663,0
773756,1
969197,0
3496425,0
3542460,0
4449298,1
3543357,2
3517306,2
3543355,0
3543352,2
3543353,0
3543350,2
3543351,2
1504646,2
3543358,2
3543359,2
3544151,2
4272117,2
3544153,1
3544152,0
3544406,2
3544405,2
1594803,2
3543685,2
3543686,1
931219,2
4547156,2
917966,2
3544082,0
609211,2
951755,2
774963,0
4414908,1
3542809,2
3542808,0
3543530,2
3543531,1
3543534,2
3542801,2
3542800,2
3542802,0
3542805,0
611026,1
1573639,2
775355,0
90724,4
1631392,0
3542939,1
3542935,0
3542937,0
3542936,1
3542931,2
3542933,2
3542932,2
3779115,2
3543229,2
3543226,2
3543227,2
4008827,1
1280843,0
3543222,2
3543223,2
3543220,2
3533697,0
5410756,0
4222774,2
5706956,2
3526355,2
1717224,2
3526173,2
4811903,2
5700122,2
4823627,2
3526993,2
4933614,1
3542967,1
1489493,2
774330,0
690147,3
1661385,2
3521518,2
750986,0
941659,2
561506,1
706022,2
959815,1
3526779,2
5354897,2
4809689,2
970771,1
6134325,2
2035952,0
3258422,2
949822,0
746589,0
777041,1
777040,2
3524708,0
777042,1
777045,2
921162,2
777047,3
777046,2
777049,1
777048,1
4669496,2
1203487,2
1594642,1
4274826,2
31953,1
6265717,0
3525473,1
4413849,1
776791,0
776796,0
776797,0
776794,0
1403888,2
3628161,0
938791,1
3544254,2
3523027,2
4116715,0
776979,2
4111118,0
3516845,2
740849,1
905206,0
4291527,2
3542786,1
3542787,2
3542784,2
3542782,1
3542780,2
3542781,2
4602971,0
1511002,2
6231535,0
3542789,1
1067882,2
3517646,2
777050,1
3545163,1
1719589,0
4111062,2
4477851,2
1704025,1
623341,1
3543187,2
4688558,1
972926,2
937798,1
1266337,0
3543184,2
2662723,0
3542671,0
3542677,2
3542675,1
3544364,2
4180564,2
4120907,2
3544361,3
1482338,2
4959553,1
3544369,2
200742,0
3543321,2
3543327,2
3543326,2
3543325,2
776894,2
3544784,1
3544785,1
3543328,2
3544780,0
1573738,2
6271069,0
3544415,2
3544416,0
3544410,1
3544411,1
4371563,2
4115755,0
973524,1
4721452,2
4411384,2
776712,0
3544092,1
3517426,2
963275,2
943083,0
773300,0
4408128,2
3673782,2
931253,1
3543781,2
3543037,2
947966,2
3543035,2
3543034,2
3326250,0
1796324,2
3542928,0
1466402,0
3012140,1
2731602,2
3542920,2
3542921,2
3542926,0
3542927,2
4572921,2
5938241,2
4776170,2
4273961,2
5718230,1
724595,0
5111772,2
3851657,0
3846173,2
3543251,2
3543250,2
3543256,2
3543255,1
3543254,2
4934144,2
3542615,0
3380515,1
3526184,2
3542816,2
195114,2
3542813,0
3542810,0
4806459,2
6286071,0
3542818,2
4800432,0
4945345,1
970340,0
964544,2
3519572,2
931741,2
6299896,1
3543158,2
775251,0
4771177,2
3543143,2
88520,0
1574241,2
4710799,2
4809784,2
3543417,2
3316821,0
786629,0
5696434,1
3542949,1
3543145,2
4217619,2
960734,0
1479318,2
2593476,1
4212206,0
918065,2
6171709,0
3542946,0
5361864,1
932586,2
3515496,0
3525260,1
4390161,2
3542319,0
1824911,1
3542315,0
3542316,0
3542313,0
11,0
3138150,2
2464160,1
777079,2
777075,1
777076,1
896194,0
777071,1
777073,2
3518623,2
922130,2
6067284,2
3544729,2
779845,1
4851513,0
1351329,1
969515,1
1276170,2
946153,2
4797050,2
776785,2
776784,1
5115220,2
4607513,0
1664126,0
4974360,2
3516470,2
3478211,0
4879005,2
4721981,2
372118,8
921403,2
4276782,2
5014227,2
956087,2
4803775,1
4494505,2
3543808,2
6094588,2
4280610,2
4047351,2
3273941,0
3544226,1
3999294,2
3544220,1
3524334,2
3658,0
776122,1
6209594,0
3542687,1
6200503,1
4395547,2
3542682,0
3542681,2
3542680,0
3525604,0
3544311,2
3544317,2
3544315,2
3541790,0
3516094,2
6192354,0
1881612,0
3543332,2
3525607,2
3543334,2
3543339,2
5703743,0
3517322,2
3544429,2
6084376,1
3544421,2
3544420,2
3544422,2
3544425,2
3544426,2
3527025,2
6036117,2
4463580,1
3541081,0
5550865,0
3543028,2
3544040,0
3543024,2
3371871,1
3543020,2
3543022,2
4628928,2
4780445,1
3532297,0
737981,1
6315445,2
5174459,2
4787713,0
772134,0
772135,0
4597237,2
6198501,0
940013,2
3543248,2
3543249,2
80859,0
3543240,1
3543241,2
3543243,2
3543244,2
3543247,2
3846345,2
3705407,0
3542860,2
768828,1
775794,1
1707305,0
950464,2
940658,0
774265,0
1552572,0
5808956,1
4917492,2
4377613,2
4330482,2
4200452,2
938581,1
5737435,1
129918,0
1456479,2
4745498,2
3541881,0
3525984,2
4660991,2
3122087,2
953462,1
2993335,0
751879,1
3543099,2
4258459,0
5234370,2
2698603,0
6088225,2
5015416,2
894927,0
662642,1
4803161,2
3881817,2
2038095,2
3544677,1
776989,2
5806897,1
710671,0
777063,1
933878,2
777060,1
988778,2
776338,1
1576127,2
773750,1
776983,1
3515343,0
966803,2
2862800,2
3541530,0
3311197,2
776938,2
776939,1
776936,1
776937,1
776934,2
776935,2
776932,2
776933,4
776930,1
776931,2
4227182,0
4882434,1
776208,0
3516867,0
1499871,2
3524031,2
918899,0
1717685,2
3520794,2
4803740,2
5805017,1
3543879,2
3543873,2
3543872,1
5114736,2
3544238,2
6121473,1
3544723,1
922674,1
5212459,2
3873766,2
423625,2
4140561,2
4992180,2
3542696,2
3284770,1
4902314,0
3543907,2
3543905,2
1694378,2
3544304,1
3544305,2
3543901,2
5249273,2
3544308,1
3544309,2
3543909,2
3544436,0
3544437,1
3544435,2
3543309,2
3544433,1
3543659,2
3544431,2
3543305,2
3543304,2
3543307,2
3543306,2
3543301,2
4633411,2
3544438,2
3544439,0
1726522,1
3544461,1
93837,0
3544799,2
5131246,2
4235885,0
6120270,1
4218215,1
1466268,2
6133685,0
932050,2
4598114,2
1466518,1
54463,0
3543018,2
1524776,2
3544050,0
3544791,1
4402585,2
4398525,2
3543720,2
4810994,1
775306,0
775307,0
3518800,0
3543499,1
3543498,2
944124,2
1629727,2
3543491,1
3543275,2
3543277,2
3543276,2
3543272,2
963726,2
1021282,1
4600430,2
3544404,2
4548113,2
2989734,0
3533885,0
3542873,1
3542877,2
4153208,2
3526417,1
1684480,2
4390636,2
5152430,2
4804587,2
5775045,0
1382914,0
3542947,2
3527009,0
1597841,1
941025,1
941606,2
1560866,0
4571545,2
961668,2
1460675,2
960710,2
3525997,2
4413187,2
3544083,2
2098448,0
3544848,2
3544846,2
3544845,2
3544844,2
3544843,0
3544841,2
3544080,2
2893236,0
4854584,2
1267774,1
403488,0
5366098,0
1440506,0
4925428,0
771577,0
4172963,2
3543532,1
170520,0
3543533,2
3515217,0
2072361,2
1051634,0
1517289,2
1509200,2
2609760,2
3539815,0
4819048,2
776929,3
3188675,0
4541376,1
925039,2
776924,2
776927,1
776926,2
776921,2
776920,3
776923,2
776922,3
723494,0
4654365,0
4316335,0
4335333,2
3541647,0
5825736,0
4858675,1
776697,0
776693,0
3543868,1
3499461,0
3516521,2
776328,1
942897,2
4182338,2
3544201,2
3544200,2
3544203,2
740968,0
3544207,1
3544206,2
3543433,2
1786059,1
1749866,2
6162004,0
3543432,2
943479,1
4211222,0
3543122,2
311307,0
5218176,2
3544357,2
3542429,0
3543917,2
3543910,2
3544337,2
3544336,0
3543918,2
951312,2
1001778,1
3544447,2
3543649,0
3544445,1
3544444,2
3543312,2
3543313,2
3544449,2
3543316,2
3543317,2
4641191,2
4088959,2
3884818,0
6108895,0
5675179,1
3542737,1
5113998,2
3542732,1
1476716,2
3543006,2
4140005,0
3543004,2
3543005,2
5816154,0
3718730,2
4158459,0
4496585,2
775646,0
4266545,2
931425,2
1484542,2
931605,2
1467492,2
3543466,1
3543461,1
4412470,2
3542992,2
5106778,2
3890441,0
3542849,1
589538,0
3542845,2
3540176,0
3542842,1
960654,2
4299871,0
565087,0
1503548,2
5027250,2
776837,2
278186,18
209682,3
916634,1
774515,1
3544322,2
775862,4
3544320,2
1200628,0
924203,2
3544858,2
4234388,0
3544850,2
3544851,2
3544852,2
3544853,1
3521336,1
776942,1
3521338,2
939385,1
3698254,0
3960680,2
4135639,2
776946,2
775917,1
3544453,2
774422,0
3543225,2
22,0
4775344,1
4653162,2
691079,1
4579201,1
6047695,0
4657647,2
776596,1
776597,1
946188,2
2140801,2
4188567,0
701956,0
777061,2
3516400,2
4524441,1
960509,2
776918,1
776919,2
3812065,0
2579778,0
776911,1
776912,1
776913,2
776914,1
776915,1
776916,1
776917,1
776774,1
457027,1
921271,2
5809165,2
4405092,2
5070041,2
4766625,2
4188433,2
2780819,2
776357,2
3899985,0
776355,0
10871,3
354762,1
3478621,0
1483399,2
63626,1
5201804,0
3517112,2
214237,1
772329,0
4211230,2
957639,2
942401,2
921877,2
3831890,1
3543923,2
3543885,2
3543927,1
3543929,2
3544323,0
3542432,0
3544321,2
3544326,2
3538271,0
3544325,2
3544451,2
3544452,2
3517574,2
3544454,2
3544455,2
3544456,1
3543671,1
3543670,1
2612661,0
6312033,2
3543155,2
3544695,2
3523086,0
3541291,0
3544216,2
3542725,0
3542727,2
3542721,2
3544211,2
943042,2
3542729,1
3544219,0
3543073,2
3543072,2
1862079,2
776836,0
5813395,2
4572563,1
3527095,2
3544078,2
3544079,0
3544076,2
3544077,1
3544075,2
5104,14
952805,2
3544582,2
3544583,2
3544580,2
944459,2
773983,0
1565432,1
3542644,0
219581,3
3543451,2
1596991,1
3543453,1
10476,2
1449243,1
3543454,1
3543109,2
3543108,2
3543106,2
3537366,0
3543104,2
3543103,2
3543102,2
3543101,2
3543100,2
3270648,2
3522116,2
3542859,0
534740,0
3101091,0
1435960,0
4575707,2
960649,0
1480060,2
696390,6
1734019,3
4633756,2
3541356,0
405661,2
20302,3
4142939,1
3526549,2
3515662,2
4537622,2
775856,0
775858,2
3533280,0
4250440,2
3544868,2
3544861,1
3544860,2
3544863,1
3544862,2
106788,1
3544864,2
3544867,2
3440355,2
961933,2
3542987,2
953183,2
1465936,1
4603811,1
4684118,2
941572,2
738090,0
919954,2
4195090,1
946577,0
630999,0
1723672,0
776585,0
4629700,2
4794456,2
4382523,2
774726,0
51697,0
1645673,0
776907,1
3543770,1
776905,7
776904,1
776903,0
776900,1
3507132,0
776909,2
1641563,2
928905,2
1511054,2
5370141,2
4019861,2
776760,1
750113,0
846174,0
373714,1
3543847,2
3426925,0
776343,0
4341269,2
4234523,2
755546,0
3516760,2
973484,2
3516766,2
6291616,2
4487106,1
210014,0
5835363,2
3545194,1
25032,1
732734,0
5026653,2
776689,0
3520454,2
6334013,0
3517587,2
4028029,2
3569901,2
3543938,0
3543939,1
579074,0
3543937,2
6218967,1
3543932,0
740219,0
17440,0
3544469,0
3544468,2
759889,0
3544463,2
776013,0
3544663,2
3544661,2
5045750,2
3857474,2
1636266,2
3544263,2
774858,1
4137256,2
4395101,2
3543146,2
3543063,2
3553809,2
3543066,2
3543067,2
943901,1
1503332,2
1482925,2
3543105,2
681308,1
3542983,2
640,3
3542984,2
3527155,2
3543667,1
3542986,2
744550,4
3265690,0
4288743,2
3543668,2
4660248,1
969933,2
3543288,2
4789339,2
3543280,2
3544717,2
1573235,1
3543118,2
3543119,2
3543448,2
3543114,2
3543116,2
3543117,2
3543442,2
3543111,2
3544719,2
3544718,2
918255,1
6059549,2
3539354,0
4820173,2
3190762,2
5033945,2
4786807,0
1760733,1
1621909,2
3543149,2
778948,2
776569,1
1656525,1
932978,2
6191901,0
4320692,2
689312,16
3519276,2
961611,2
4684614,1
3533293,0
3544876,1
3544877,2
3544874,1
3544872,2
3544873,2
3544871,2
1222351,0
4818219,2
3544878,0
4207432,1
4653479,1
4442958,0
4780199,1
5775413,2
774154,0
88428,3
5573403,2
4784472,2
4234075,0
3544302,2
3521007,2
3544303,1
954966,2
3516089,2
3782111,2
969486,1
1459349,0
4297932,2
774719,2
782300,1
781616,1
782305,2
776972,1
776973,1
776970,1
776971,2
776976,2
776977,1
776974,2
776975,2
776978,2
903375,0
4307534,2
3525969,2
5028540,1
887568,0
6215329,2
4406212,2
1998279,2
3515553,2
776713,9
776710,0
776717,0
776488,1
4302017,2
782413,1
776482,0
1448936,0
926681,2
777043,2
931810,2
3525650,2
3655408,2
776375,0
776803,0
776373,0
6020138,0
3524875,1
3544811,1
1576302,2
3521912,1
3516602,2
1078581,2
3496654,0
3543947,1
3280692,1
5423087,1
371428,0
3544477,1
5031844,2
776024,0
3544675,1
4714001,2
766031,0
4920,2
943026,2
925998,2
3544274,1
3544275,1
3544277,2
3544278,2
3544279,1
3543058,2
3543729,2
3543054,2
3543050,2
3543053,2
3543052,2
6005099,1
741647,0
4390985,2
6197574,2
772475,2
3543613,2
3543611,2
3543610,2
3543617,2
4292516,2
3543614,2
3543618,1
773278,0
932561,2
3506930,0
949222,2
1670382,1
3543129,2
3543439,2
3543438,1
3543121,2
3543120,2
3543430,0
3543124,2
3543435,1
3543434,3
3544494,2
3544495,0
3526328,0
4964180,1
964259,1
3544498,2
3544499,1
1454878,2
772010,2
4194853,1
4434042,1
931721,2
3767096,0
776790,0
3543547,2
3542892,2
4300642,2
3543621,2
967095,2
746107,0
743646,1
4689416,2
5250885,0
3543150,2
930031,2
947531,1
5745550,2
3544803,2
3544800,1
3544807,2
3544806,2
3544805,2
3544804,2
3543406,2
3544808,2
5254890,2
4554466,2
4229674,2
4125503,0
955118,2
938445,2
3543408,2
774413,0
3542972,1
1186476,0
4249196,1
3519265,2
1470709,2
3542977,2
726945,0
1559638,0
775716,0
3529126,1
4628019,0
4507676,2
4385707,1
3544758,2
938665,2
3520214,0
4535647,2
3544865,0
4793585,2
1619402,2
1632772,2
961559,2
776961,4
776960,1
776963,2
776962,2
776965,1
776964,2
776967,3
776966,1
776969,1
776968,1
4109477,2
776178,0
1175681,2
3526433,1
918820,0
921220,2
4441540,2
3524517,2
776706,1
777144,1
2763169,0
776818,0
776815,1
1498559,2
3524170,1
777819,1
3335040,0
4667856,1
3541776,0
3541774,0
4874413,1
3517762,2
4243870,0
1607643,2
6133983,0
3543715,2
1489386,2
3543953,2
1519312,2
4870099,0
3512513,0
926180,2
5018245,1
3544399,2
3523568,2
4386161,2
1437634,2
3544397,2
3544644,2
3544395,2
3544394,2
1635500,0
702503,2
939827,2
3520729,2
1467192,2
3542778,2
93311,4
3544244,2
3542771,2
3542777,1
4552540,0
3543354,1
3543048,2
1679128,2
3543043,2
3543730,1
739396,2
3543044,2
775600,0
4678509,0
926507,2
775605,1
4920259,2
6041365,1
3543600,1
3543601,1
5055113,2
3543136,2
3543135,2
3543132,2
3543133,2
3348146,0
3079552,0
3542952,1
3543138,2
3542950,0
3543950,1
4496890,1
3544737,0
3544736,2
920476,1
3543421,2
4140919,2
3543424,1
4473628,2
3543426,2
3543427,2
958170,1
6146143,0
1646409,0
775734,1
777044,1
1481662,2
965807,2
3543555,2
3543556,0
3543552,2
743258,1
5146870,2
920615,2
4627709,2
775131,1
1453019,1
3526008,2
4233885,2
3526000,2
2758080,0
3544812,2
3544813,2
3544814,1
3544815,2
3544817,2
3544818,2
753929,0
3522038,2
1485291,2
4925020,2
4091007,0
5017543,2
4823136,2
4350531,2
3526466,1
4646215,2
4963072,2
1453952,2
4549071,1
4185366,2
775957,1
776584,1
3544396,2
549617,0
5466655,2
3520229,2
776557,1
4275502,2
4452918,1
776958,4
776959,2
776954,1
776955,1
776956,3
4271899,2
776950,1
776951,2
776952,2
1255166,0
1724922,2
4872801,0
5095763,1
3523996,2
4116407,0
967798,1
3516171,2
3545077,1
4881761,0
43709,1
3543891,1
3512855,0
931833,2
4879654,1
776828,1
956106,1
3524342,1
776605,0
776906,1
4312692,2
6008836,2
3523759,2
3542772,1
3543964,2
929814,2
3543969,2
929153,2
776732,1
1704130,2
3516371,2
224319,20
776867,1
3522379,2
926422,2
3543322,2
923377,2
4590145,1
3544382,1
776908,1
3544385,2
4633270,1
4886338,0
4094350,2
1751814,2
3542768,2
964811,0
3544258,2
3544259,0
877221,0
3545384,2
3542761,1
3542763,2
5242833,2
3517153,2
3543709,1
3543708,2
3544030,2
4098466,0
3544039,2
3543731,2
5580772,2
5181060,2
6316895,0
3543415,1
3543414,0
3543141,2
3543140,2
3543147,2
3543410,2
3543413,2
3543144,2
3542945,2
920917,2
3543148,2
3539564,0
3543418,1
3542943,1
1449711,0
3543387,1
3515244,1
3543381,1
3543382,2
3544726,1
3544727,1
963145,1
3543388,2
3544720,0
3544721,1
1543668,1
734873,0
944520,1
4153530,2
1554954,2
1223568,0
3508565,0
3543563,2
3543566,2
3543090,2
3543093,2
3543092,2
3543095,2
3543094,2
3543097,2
3543096,2
3702692,0
3543098,2
2926541,0
775387,0
4806581,2
4412257,2
3526010,0
775897,0
6215151,2
747364,0
4494019,0
3544828,0
3544825,1
3544824,2
3544827,2
3544826,2
2800950,2
6204900,1
4228388,2
3791426,0
775568,1
938463,2
5485984,2
775965,1
774166,0
3541498,0
6197911,2
132102,1
3543126,2
777018,2
777019,1
777016,2
777017,1
777014,1
777015,2
777012,2
777013,3
777010,1
777011,2
1718359,2
1806273,2
776949,2
776948,1
3543130,2
3321060,2
776943,2
4469942,1
776941,2
776940,2
776947,2
973801,0
776945,1
776944,1
1479407,2
1445992,2
3543886,1
3543884,2
4381842,2
3543883,2
3543139,2
755292,1
5172109,0
4341992,2
970497,0
3543429,2
949857,2
4420271,0
733029,0
776546,0
776544,0
4444847,1
4705179,2
1573218,1
1185894,1
4313757,0
4424939,1
776610,0
3543420,1
4865056,2
576748,0
3880075,2
3523762,0
3523766,2
3543973,2
3543970,1
3543423,2
969026,2
567369,0
4617156,2
4433281,1
5466866,0
1624209,2
3526026,2
3650554,1
27640,1
926859,2
956008,2
947448,1
3544621,1
972088,1
3517521,2
3517523,2
3523819,1
605762,0
5077796,1
1624682,1
776056,1
4487095,1
4487094,2
4581192,2
3542759,2
939844,0
942787,2
942834,0
925003,2
4814062,2
3539082,0
937504,2
3544281,1
3544283,2
775628,0
3544285,2
944623,2
4471551,2
3542627,0
3543622,2
773716,1
3543626,1
3525615,2
2951635,0
3543625,1
3543402,2
3542978,2
3543152,2
3543153,2
3543154,2
4332763,2
3543156,2
3543157,2
3542971,0
3542970,2
3542973,1
3543409,0
3542975,2
5630121,0
3539799,0
3542976,2
3543392,1
3543393,1
3543390,2
3543391,0
3543396,0
3544751,2
4285216,2
943168,1
3543716,0
5849352,0
4896390,2
1459694,2
3543719,0
920637,1
776825,1
3546696,2
3526390,2
3526396,1
4961495,0
4249860,2
3543577,2
5203591,2
3543088,2
3543089,2
3543084,2
3543085,2
1541906,0
4630104,1
5034820,1
3541955,2
33513,0
3519458,2
3516344,2
3544838,2
707772,0
3544836,2
3544837,2
4113096,0
3553772,2
770879,1
4629240,0
776648,0
1472983,0
941143,2
3543553,2
3544505,2
4684787,2
3544798,2
1546392,4
3543344,2
4807377,1
916785,0
2907496,0
2931657,0
1587573,0
776910,1
774050,0
3543112,2
3526029,1
916433,2
4385936,2
777009,1
777008,2
970022,2
777005,2
777004,1
777007,2
777006,2
777001,2
777000,2
777003,2
777002,1
3544251,2
1652224,0
774592,1
960561,2
3543113,2
4888891,0
5058332,2
4409722,2
3544373,2
3521136,2
725630,0
3521131,2
3515172,2
5057855,0
750365,1
