0,1
1,2
2,2
3,0
4,3
5,3
6,1
7,0
8,5
9,4
10,4
11,4
12,1
13,2
14,1
15,1
16,2
17,2
18,0
19,4
20,5
21,3
22,2
23,0
24,2
25,4
26,3
27,5
28,2
29,0
30,1
31,1
32,1
33,1
34,1
35,2
36,3
37,1
38,2
39,1
40,4
41,1
42,1
43,4
44,1
45,1
46,3
47,0
48,1
49,4
50,2
51,2
52,1
53,2
54,1
55,4
56,1
57,1
58,1
59,2
60,2
61,1
62,2
63,0
64,2
65,2
66,2
67,0
68,3
69,5
70,0
71,3
72,1
73,2
74,4
75,6
76,2
77,1
78,2
79,0
80,1
81,5
82,3
83,3
84,3
85,0
86,2
87,1
88,1
89,2
90,2
91,1
92,0
93,2
94,3
95,1
96,2
97,3
98,1
99,2
100,1
101,5
102,2
103,0
104,1
105,2
106,3
107,1
108,3
109,2
110,3
111,3
112,3
113,4
114,2
115,3
116,1
117,1
118,4
119,1
120,2
121,1
122,4
123,0
124,3
125,4
126,2
127,1
128,5
129,2
130,1
131,3
132,0
133,3
134,3
135,2
136,4
137,2
138,1
139,3
140,2
141,0
142,2
143,1
144,3
145,1
146,1
147,0
148,0
149,4
150,1
151,2
152,2
153,4
154,2
155,2
156,0
157,3
158,2
159,2
160,1
161,4
162,2
163,1
164,3
165,1
166,3
167,2
168,0
169,4
170,3
171,1
172,1
173,2
174,1
175,1
176,1
177,2
178,1
179,5
180,2
181,2
182,2
183,1
184,1
185,0
186,1
187,4
188,1
189,1
190,3
191,2
192,1
193,0
194,1
195,0
196,3
197,1
198,0
199,3
200,3
201,2
202,1
203,3
204,1
205,3
206,1
207,1
208,3
209,3
210,1
211,1
212,1
213,2
214,6
215,1
216,4
217,2
218,2
219,2
220,2
221,2
222,0
223,1
224,1
225,2
226,1
227,4
228,2
229,2
230,3
231,2
232,0
233,2
234,4
235,1
236,2
237,2
238,0
239,1
240,1
241,3
242,1
243,1
244,2
245,5
246,1
247,3
248,1
249,2
250,3
251,2
252,1
253,3
254,1
255,1
256,0
257,2
258,5
259,1
260,0
261,3
262,4
263,2
264,1
265,1
266,2
267,2
268,1
269,0
270,2
271,4
272,3
273,2
274,1
275,3
276,2
277,0
278,1
279,2
280,4
281,2
282,0
283,1
284,2
285,0
286,2
287,2
288,1
289,1
290,4
291,1
292,6
293,2
294,2
295,2
296,3
297,3
298,4
299,4
300,3
301,3
302,1
303,4
304,1
305,0
306,2
307,3
308,1
309,3
310,4
311,2
312,1
313,2
314,1
315,2
316,2
317,1
318,3
319,1
320,0
321,1
322,2
323,1
324,3
325,0
326,2
327,2
328,1
329,2
330,2
331,2
332,1
333,3
334,1
335,2
336,2
337,1
338,2
339,4
340,2
341,1
342,3
343,0
344,0
345,3
346,3
347,2
348,1
349,5
350,2
351,4
352,3
353,1
354,6
355,1
356,2
357,2
358,4
359,2
360,0
361,0
362,2
363,3
364,2
365,1
366,3
367,1
368,1
369,3
370,1
371,2
372,2
373,3
374,2
375,1
376,1
377,2
378,0
379,2
380,4
381,2
382,0
383,4
384,2
385,0
386,1
387,3
388,0
389,1
390,1
391,3
392,4
393,1
394,1
395,5
396,3
397,3
398,3
399,3
400,2
401,2
402,2
403,2
404,1
405,1
406,1
407,1
408,3
409,1
410,2
411,3
412,3
413,4
414,4
415,0
416,6
417,2
418,3
419,0
420,0
421,1
422,3
423,3
424,0
425,1
426,0
427,5
428,0
429,0
430,0
431,3
432,2
433,2
434,2
435,0
436,3
437,0
438,4
439,3
440,1
441,2
442,2
443,2
444,3
445,4
446,2
447,3
448,4
449,2
450,3
451,2
452,0
453,0
454,3
455,1
456,0
457,2
458,1
459,0
460,1
461,5
462,2
463,3
464,2
465,3
466,0
467,2
468,0
469,1
470,3
471,1
472,0
473,3
474,1
475,0
476,3
477,0
478,2
479,2
480,1
481,5
482,2
483,1
484,1
485,0
486,0
487,2
488,2
489,1
490,6
491,2
492,0
493,4
494,2
495,3
496,4
497,1
498,2
499,1
500,0
501,1
502,3
503,0
504,1
505,0
506,2
507,0
508,1
509,2
510,1
511,1
512,3
513,1
514,3
515,1
516,0
517,1
518,1
519,1
520,9
521,2
522,1
523,1
524,2
525,1
526,1
527,0
528,2
529,2
530,0
531,5
532,0
533,3
534,2
535,2
536,4
537,1
538,4
539,1
540,1
541,2
542,3
543,0
544,1
545,4
546,1
547,2
548,1
549,0
550,1
551,3
552,2
553,2
554,0
555,1
556,1
557,0
558,5
559,2
560,2
561,0
562,1
563,2
564,3
565,2
566,2
567,3
568,3
569,0
570,1
571,3
572,1
573,2
574,1
575,0
576,2
577,3
578,1
579,3
580,2
581,5
582,3
583,0
584,0
585,3
586,0
587,2
588,2
589,5
590,3
591,2
592,1
593,2
594,4
595,4
596,1
597,2
598,2
599,1
600,2
601,2
602,2
603,1
604,1
605,1
606,2
607,2
608,1
609,3
610,1
611,2
612,1
613,3
614,0
615,1
616,2
617,1
618,2
619,2
620,2
621,0
622,1
623,2
624,0
625,2
626,3
627,4
628,6
629,4
630,1
631,2
632,3
633,3
634,4
635,1
636,1
637,1
638,1
639,2
640,1
641,1
642,2
643,2
644,2
645,1
646,0
647,1
648,1
649,1
650,3
651,1
652,5
653,2
654,4
655,1
656,1
657,0
658,3
659,4
660,2
661,3
662,1
663,2
664,2
665,3
666,4
667,1
668,2
669,0
670,1
671,1
672,3
673,2
674,0
675,0
676,2
677,2
678,3
679,2
680,0
681,1
682,3
683,1
684,0
685,2
686,1
687,2
688,1
689,4
690,4
691,1
692,4
693,1
694,2
695,3
696,1
697,5
698,4
699,1
700,2
701,3
702,2
703,4
704,3
705,2
706,2
707,4
708,1
709,5
710,1
711,3
712,1
713,2
714,4
715,4
716,6
717,7
718,1
719,4
720,0
721,0
722,1
723,0
724,4
725,4
726,4
727,1
728,3
729,2
730,2
731,1
732,5
733,1
734,2
735,1
736,2
737,3
738,1
739,2
740,4
741,2
742,2
743,5
744,1
745,0
746,0
747,1
748,1
749,5
750,1
751,3
752,1
753,1
754,4
755,3
756,5
757,3
758,2
759,2
760,2
761,1
762,0
763,6
764,2
765,3
766,1
767,1
768,1
769,1
770,2
771,0
772,2
773,1
774,3
775,2
776,1
777,1
778,2
779,2
780,3
781,1
782,2
783,1
784,3
785,3
786,1
787,0
788,2
789,5
790,3
791,4
792,1
793,0
794,1
795,2
796,0
797,4
798,3
799,0
800,4
801,3
802,0
803,2
804,2
805,1
806,1
807,2
808,4
809,0
810,3
811,3
812,1
813,7
814,4
815,1
816,2
817,2
818,6
819,1
820,4
821,0
822,4
823,0
824,0
825,2
826,1
827,0
828,3
829,1
830,3
831,2
832,4
833,1
834,2
835,1
836,1
837,2
838,2
839,1
840,3
841,0
842,1
843,0
844,2
845,1
846,5
847,2
848,3
849,2
850,2
851,1
852,3
853,0
854,3
855,3
856,3
857,2
858,3
859,2
860,1
861,4
862,3
863,2
864,4
865,3
866,1
867,1
868,3
869,1
870,3
871,1
872,1
873,2
874,1
875,1
876,0
877,4
878,1
879,4
880,3
881,5
882,1
883,1
884,1
885,2
886,0
887,1
888,3
889,2
890,0
891,4
892,1
893,3
894,1
895,3
896,2
897,2
898,0
899,3
900,1
901,1
902,5
903,0
904,0
905,1
906,6
907,0
908,2
909,1
910,4
911,5
912,1
913,1
914,4
915,2
916,1
917,3
918,2
919,3
920,1
921,0
922,0
923,2
924,1
925,3
926,2
927,2
928,0
929,1
930,4
931,1
932,2
933,2
934,3
935,2
936,3
937,1
938,2
939,4
940,1
941,1
942,0
943,3
944,3
945,0
946,2
947,1
948,2
949,2
950,1
951,0
952,1
953,3
954,0
955,2
956,2
957,3
958,1
959,6
960,1
961,1
962,0
963,4
964,0
965,2
966,2
967,1
968,1
969,1
970,3
971,2
972,0
973,3
974,2
975,2
976,1
977,1
978,4
979,6
980,3
981,1
982,1
983,3
984,3
985,4
986,2
987,2
988,0
989,1
990,1
991,3
992,3
993,0
994,2
995,1
996,0
997,3
998,0
999,3
1000,3
1001,0
1002,2
1003,0
1004,4
1005,4
1006,2
1007,3
1008,1
1009,2
1010,2
1011,2
1012,3
1013,1
1014,5
1015,1
1016,3
1017,5
1018,1
1019,2
1020,3
1021,7
1022,1
1023,1
1024,3
1025,2
1026,2
1027,6
1028,6
1029,0
1030,3
1031,1
1032,0
1033,0
1034,1
1035,0
1036,0
1037,1
1038,5
1039,2
1040,1
1041,1
1042,3
1043,2
1044,1
1045,0
1046,2
1047,5
1048,2
1049,0
1050,4
1051,1
1052,3
1053,1
1054,4
1055,2
1056,2
1057,0
1058,2
1059,1
1060,1
1061,3
1062,3
1063,1
1064,2
1065,2
1066,1
1067,1
1068,1
1069,0
1070,1
1071,1
1072,0
1073,2
1074,2
1075,3
1076,1
1077,3
1078,0
1079,1
1080,3
1081,3
1082,1
1083,1
1084,2
1085,3
1086,3
1087,4
1088,1
1089,1
1090,4
1091,3
1092,4
1093,3
1094,3
1095,0
1096,1
1097,0
1098,3
1099,0
1100,3
1101,6
1102,4
1103,2
1104,0
1105,1
1106,1
1107,3
1108,1
1109,2
1110,1
1111,2
1112,0
1113,1
1114,3
1115,4
1116,0
1117,0
1118,4
1119,3
1120,2
1121,0
1122,1
1123,1
1124,3
1125,4
1126,1
1127,0
1128,0
1129,2
1130,3
1131,0
1132,3
1133,2
1134,6
1135,3
1136,1
1137,1
1138,0
1139,2
1140,2
1141,0
1142,1
1143,1
1144,2
1145,0
1146,2
1147,2
1148,2
1149,3
1150,3
1151,2
1152,2
1153,1
1154,2
1155,4
1156,1
1157,1
1158,3
1159,1
1160,4
1161,2
1162,1
1163,1
1164,1
1165,2
1166,1
1167,2
1168,2
1169,0
1170,1
1171,1
1172,1
1173,2
1174,3
1175,3
1176,3
1177,3
1178,3
1179,3
1180,1
1181,0
1182,3
1183,1
1184,2
1185,3
1186,2
1187,3
1188,2
1189,3
1190,4
1191,7
1192,1
1193,4
1194,0
1195,1
1196,2
1197,2
1198,2
1199,4
1200,3
1201,2
1202,0
1203,2
1204,4
1205,1
1206,0
1207,1
1208,3
1209,4
1210,0
1211,0
1212,4
1213,3
1214,2
1215,2
1216,1
1217,2
1218,1
1219,3
1220,1
1221,0
1222,5
1223,2
1224,0
1225,3
1226,0
1227,2
1228,0
1229,0
1230,4
1231,3
1232,2
1233,2
1234,1
1235,0
1236,1
1237,2
1238,2
1239,1
1240,2
1241,4
1242,1
1243,2
1244,1
1245,0
1246,2
1247,1
1248,2
1249,3
1250,2
1251,2
1252,2
1253,4
1254,3
1255,3
1256,2
1257,3
1258,1
1259,3
1260,2
1261,2
1262,3
1263,0
1264,2
1265,3
1266,4
1267,2
1268,1
1269,6
1270,1
1271,2
1272,1
1273,4
1274,1
1275,0
1276,4
1277,1
1278,1
1279,5
1280,2
1281,3
1282,6
1283,3
1284,1
1285,1
1286,2
1287,1
1288,1
1289,2
1290,3
1291,2
1292,2
1293,1
1294,4
1295,2
1296,1
1297,4
1298,2
1299,0
1300,2
1301,3
1302,2
1303,2
1304,1
1305,1
1306,1
1307,3
1308,3
1309,0
1310,0
1311,0
1312,0
1313,4
1314,2
1315,3
1316,2
1317,1
1318,1
1319,0
1320,1
1321,5
1322,0
1323,3
1324,1
1325,3
1326,1
1327,2
1328,1
1329,1
1330,0
1331,1
1332,1
1333,3
1334,3
1335,2
1336,3
1337,1
1338,2
1339,3
1340,2
1341,1
1342,2
1343,0
1344,5
1345,1
1346,1
1347,2
1348,2
1349,2
1350,2
1351,1
1352,2
1353,0
1354,3
1355,3
1356,1
1357,0
1358,1
1359,1
1360,3
1361,2
1362,4
1363,1
1364,2
1365,0
1366,3
1367,1
1368,1
1369,0
1370,1
1371,2
1372,0
1373,1
1374,1
1375,4
1376,2
1377,3
1378,2
1379,1
1380,1
1381,2
1382,2
1383,2
1384,3
1385,1
1386,1
1387,0
1388,4
1389,0
1390,2
1391,4
1392,1
1393,5
1394,2
1395,0
1396,0
1397,1
1398,3
1399,1
1400,2
1401,1
1402,5
1403,0
1404,3
1405,4
1406,2
1407,2
1408,0
1409,3
1410,3
1411,0
1412,1
1413,2
1414,3
1415,2
1416,3
1417,3
1418,2
1419,3
1420,2
1421,3
1422,2
1423,1
1424,5
1425,0
1426,1
1427,1
1428,2
1429,4
1430,4
1431,4
1432,1
1433,2
1434,1
1435,1
1436,2
1437,5
1438,1
1439,0
1440,0
1441,0
1442,2
1443,3
1444,4
1445,2
1446,3
1447,6
1448,2
1449,4
1450,1
1451,2
1452,4
1453,2
1454,1
1455,2
1456,2
1457,3
1458,4
1459,2
1460,2
1461,3
1462,3
1463,0
1464,5
1465,0
1466,2
1467,1
1468,1
1469,2
1470,3
1471,2
1472,2
1473,3
1474,1
1475,3
1476,2
1477,0
1478,1
1479,0
1480,1
1481,1
1482,0
1483,2
1484,4
1485,4
1486,0
1487,1
1488,3
1489,0
1490,0
1491,2
1492,0
1493,0
1494,1
1495,6
1496,2
1497,3
1498,0
1499,1
1500,2
1501,0
1502,2
1503,2
1504,1
1505,1
1506,2
1507,1
1508,1
1509,2
1510,4
1511,3
1512,1
1513,0
1514,0
1515,2
1516,5
1517,2
1518,2
1519,4
1520,1
1521,3
1522,1
1523,0
1524,2
1525,1
1526,4
1527,1
1528,2
1529,1
1530,4
1531,1
1532,2
1533,4
1534,1
1535,2
1536,0
1537,4
1538,3
1539,5
1540,3
1541,3
1542,2
1543,3
1544,2
1545,3
1546,4
1547,1
1548,1
1549,4
1550,2
1551,0
1552,1
1553,0
1554,0
1555,3
1556,4
1557,0
1558,6
1559,4
1560,4
1561,2
1562,1
1563,2
1564,1
1565,7
1566,2
1567,4
1568,1
1569,0
1570,2
1571,3
1572,3
1573,3
1574,2
1575,0
1576,0
1577,0
1578,0
1579,1
1580,3
1581,0
1582,0
1583,2
1584,3
1585,3
1586,2
1587,2
1588,2
1589,0
1590,0
1591,0
1592,1
1593,3
1594,3
1595,0
1596,2
1597,3
1598,1
1599,3
1600,2
1601,2
1602,3
1603,3
1604,2
1605,1
1606,1
1607,1
1608,3
1609,2
1610,3
1611,3
1612,3
1613,4
1614,2
1615,2
1616,1
1617,0
1618,2
1619,2
1620,3
1621,5
1622,2
1623,1
1624,3
1625,1
1626,1
1627,1
1628,1
1629,0
1630,2
1631,1
1632,1
1633,1
1634,3
1635,0
1636,3
1637,1
1638,3
1639,1
1640,1
1641,1
1642,2
1643,3
1644,3
1645,2
1646,1
1647,1
1648,5
1649,4
1650,1
1651,2
1652,2
1653,3
1654,1
1655,3
1656,2
1657,4
1658,0
1659,1
1660,1
1661,1
1662,2
1663,3
1664,3
1665,5
1666,2
1667,2
1668,1
1669,4
1670,3
1671,3
1672,6
1673,2
1674,4
1675,1
1676,3
1677,2
1678,5
1679,1
1680,1
1681,1
1682,1
1683,4
1684,0
1685,2
1686,2
1687,2
1688,1
1689,1
1690,2
1691,4
1692,0
1693,2
1694,3
1695,0
1696,3
1697,1
1698,2
1699,1
1700,2
1701,4
1702,7
1703,1
1704,1
1705,0
1706,1
1707,3
1708,2
1709,2
1710,0
1711,0
1712,0
1713,2
1714,3
1715,2
1716,2
1717,3
1718,3
1719,4
1720,0
1721,2
1722,1
1723,3
1724,0
1725,0
1726,1
1727,3
1728,1
1729,0
1730,1
1731,1
1732,5
1733,1
1734,4
1735,3
1736,0
1737,2
1738,5
1739,2
1740,7
1741,2
1742,3
1743,1
1744,1
1745,3
1746,3
1747,4
1748,1
1749,4
1750,0
1751,2
1752,1
1753,1
1754,1
1755,1
1756,1
1757,0
1758,2
1759,1
1760,3
1761,1
1762,5
1763,2
1764,2
1765,4
1766,1
1767,3
1768,3
1769,1
1770,1
1771,3
1772,2
1773,4
1774,1
1775,3
1776,0
1777,2
1778,0
1779,3
1780,2
1781,2
1782,2
1783,5
1784,0
1785,1
1786,5
1787,2
1788,0
1789,0
1790,2
1791,4
1792,1
1793,3
1794,2
1795,3
1796,5
1797,0
1798,1
1799,0
1800,1
1801,4
1802,2
1803,1
1804,5
1805,2
1806,3
1807,3
1808,3
1809,5
1810,1
1811,1
1812,3
1813,3
1814,0
1815,5
1816,3
1817,2
1818,4
1819,2
1820,3
1821,0
1822,2
1823,1
1824,4
1825,3
1826,3
1827,3
1828,1
1829,0
1830,2
1831,1
1832,1
1833,1
1834,2
1835,3
1836,3
1837,1
1838,4
1839,0
1840,1
1841,2
1842,2
1843,2
1844,2
1845,2
1846,2
1847,1
1848,5
1849,1
1850,2
1851,1
1852,3
1853,4
1854,2
1855,2
1856,3
1857,3
1858,4
1859,3
1860,0
1861,1
1862,2
1863,1
1864,1
1865,4
1866,0
1867,2
1868,3
1869,0
1870,6
1871,4
1872,3
1873,3
1874,0
1875,0
1876,2
1877,4
1878,0
1879,6
1880,3
1881,5
1882,0
1883,3
1884,4
1885,1
1886,3
1887,0
1888,4
1889,6
1890,2
1891,3
1892,2
1893,1
1894,2
1895,2
1896,3
1897,1
1898,1
1899,2
1900,0
1901,2
1902,5
1903,3
1904,3
1905,2
1906,2
1907,1
1908,0
1909,3
1910,1
1911,3
1912,2
1913,4
1914,2
1915,2
1916,1
1917,0
1918,1
1919,2
1920,0
1921,1
1922,2
1923,0
1924,3
1925,2
1926,3
1927,3
1928,2
1929,1
1930,2
1931,1
1932,2
1933,4
1934,2
1935,1
1936,4
1937,2
1938,1
1939,2
1940,1
1941,3
1942,1
1943,2
1944,1
1945,2
1946,2
1947,0
1948,1
1949,2
1950,2
1951,2
1952,0
1953,5
1954,0
1955,4
1956,3
1957,3
1958,1
1959,1
1960,2
1961,4
1962,4
1963,4
1964,4
1965,0
1966,1
1967,0
1968,3
1969,4
1970,2
1971,2
1972,1
1973,2
1974,1
1975,3
1976,1
1977,2
1978,2
1979,1
1980,2
1981,0
1982,2
1983,2
1984,3
1985,0
1986,5
1987,0
1988,1
1989,1
1990,1
1991,4
1992,6
1993,2
1994,2
1995,3
1996,0
1997,1
1998,4
1999,2
2000,3
2001,2
2002,1
2003,0
2004,1
2005,1
2006,2
2007,0
2008,2
2009,1
2010,0
2011,5
2012,3
2013,2
2014,0
2015,2
2016,3
2017,0
2018,1
2019,3
2020,2
2021,5
2022,3
2023,1
2024,5
2025,0
2026,2
2027,1
2028,3
2029,4
2030,1
2031,1
2032,1
2033,1
2034,2
2035,2
2036,1
2037,1
2038,1
2039,4
2040,2
2041,3
2042,2
2043,3
2044,0
2045,1
2046,7
2047,2
2048,2
2049,4
2050,2
2051,5
2052,0
2053,2
2054,3
2055,2
2056,1
2057,1
2058,0
2059,3
2060,1
2061,3
2062,4
2063,2
2064,2
2065,1
2066,6
2067,4
2068,1
2069,3
2070,0
2071,3
2072,1
2073,1
2074,0
2075,3
2076,4
2077,2
2078,1
2079,3
2080,2
2081,6
2082,0
2083,0
2084,5
2085,3
2086,3
2087,2
2088,2
2089,3
2090,3
2091,0
2092,0
2093,1
2094,4
2095,4
2096,1
2097,1
2098,2
2099,0
2100,3
2101,1
2102,2
2103,0
2104,2
2105,3
2106,3
2107,1
2108,3
2109,2
2110,1
2111,1
2112,3
2113,0
2114,0
2115,2
2116,5
2117,0
2118,1
2119,4
2120,1
2121,1
2122,1
2123,1
2124,5
2125,0
2126,1
2127,3
2128,2
2129,1
2130,2
2131,10
2132,2
2133,1
2134,3
2135,5
2136,1
2137,2
2138,1
2139,2
2140,1
2141,1
2142,2
2143,2
2144,4
2145,2
2146,4
2147,3
2148,2
2149,0
2150,1
2151,3
2152,1
2153,7
2154,1
2155,2
2156,3
2157,0
2158,1
2159,2
2160,1
2161,2
2162,1
2163,0
2164,3
2165,5
2166,1
2167,2
2168,1
2169,0
2170,6
2171,3
2172,4
2173,1
2174,4
2175,3
2176,3
2177,1
2178,2
2179,2
2180,0
2181,0
2182,4
2183,2
2184,0
2185,0
2186,3
2187,2
2188,1
2189,1
2190,2
2191,3
2192,1
2193,6
2194,2
2195,5
2196,1
2197,4
2198,4
2199,2
2200,2
2201,0
2202,4
2203,1
2204,6
2205,2
2206,1
2207,2
2208,3
2209,3
2210,2
2211,2
2212,3
2213,1
2214,3
2215,0
2216,5
2217,1
2218,3
2219,2
2220,2
2221,3
2222,2
2223,2
2224,2
2225,0
2226,3
2227,1
2228,1
2229,1
2230,3
2231,1
2232,2
2233,1
2234,4
2235,1
2236,2
2237,0
2238,1
2239,2
2240,1
2241,0
2242,1
2243,4
2244,3
2245,2
2246,3
2247,2
2248,0
2249,4
2250,5
2251,1
2252,2
2253,2
2254,1
2255,2
2256,0
2257,2
2258,4
2259,0
2260,4
2261,1
2262,1
2263,4
2264,0
2265,1
2266,2
2267,0
2268,0
2269,3
2270,1
2271,2
2272,2
2273,1
2274,3
2275,1
2276,2
2277,2
2278,2
2279,0
2280,2
2281,1
2282,1
2283,1
2284,1
2285,3
2286,2
2287,2
2288,4
2289,2
2290,4
2291,3
2292,3
2293,4
2294,1
2295,2
2296,6
2297,2
2298,0
2299,1
2300,3
2301,2
2302,3
2303,3
2304,4
2305,5
2306,1
2307,4
2308,4
2309,1
2310,3
2311,3
2312,1
2313,1
2314,3
2315,3
2316,0
2317,4
2318,3
2319,1
2320,1
2321,1
2322,1
2323,3
2324,1
2325,1
2326,1
2327,1
2328,3
2329,3
2330,0
2331,2
2332,3
2333,1
2334,0
2335,1
2336,1
2337,0
2338,0
2339,1
2340,1
2341,1
2342,1
2343,1
2344,0
2345,4
2346,1
2347,1
2348,2
2349,0
2350,1
2351,1
2352,0
2353,2
2354,4
2355,2
2356,3
2357,2
2358,1
2359,2
2360,0
2361,2
2362,0
2363,3
2364,3
2365,0
2366,3
2367,4
2368,2
2369,1
2370,0
2371,0
2372,5
2373,0
2374,4
2375,0
2376,0
2377,3
2378,1
2379,1
2380,4
2381,3
2382,3
2383,2
2384,0
2385,3
2386,2
2387,2
2388,1
2389,3
2390,1
2391,2
2392,3
2393,1
2394,1
2395,3
2396,3
2397,2
2398,2
2399,2
2400,2
2401,2
2402,3
2403,1
2404,2
2405,5
2406,2
2407,3
2408,4
2409,2
2410,3
2411,2
2412,2
2413,1
2414,3
2415,1
2416,1
2417,1
2418,0
2419,4
2420,2
2421,1
2422,0
2423,1
2424,1
2425,3
2426,1
2427,4
2428,4
2429,1
2430,2
2431,3
2432,3
2433,3
2434,1
2435,1
2436,4
2437,3
2438,2
2439,2
2440,2
2441,3
2442,3
2443,1
2444,6
2445,6
2446,2
2447,2
2448,2
2449,0
2450,3
2451,3
2452,3
2453,4
2454,2
2455,5
2456,2
2457,2
2458,2
2459,2
2460,1
2461,1
2462,2
2463,4
2464,3
2465,2
2466,2
2467,3
2468,1
2469,2
2470,1
2471,0
2472,3
2473,3
2474,1
2475,1
2476,2
2477,2
2478,2
2479,3
2480,1
2481,3
2482,2
2483,3
2484,0
2485,2
2486,1
2487,1
2488,0
2489,4
2490,1
2491,3
2492,2
2493,2
2494,0
2495,0
2496,5
2497,1
2498,0
2499,3
2500,2
2501,1
2502,1
2503,1
2504,3
2505,1
2506,3
2507,2
2508,1
2509,2
2510,2
2511,3
2512,1
2513,1
2514,0
2515,2
2516,3
2517,2
2518,2
2519,4
2520,1
2521,5
2522,2
2523,3
2524,0
2525,3
2526,2
2527,2
2528,2
2529,3
2530,0
2531,3
2532,2
2533,3
2534,5
2535,1
2536,1
2537,1
2538,4
2539,0
2540,1
2541,2
2542,2
2543,0
2544,1
2545,2
2546,3
2547,2
2548,2
2549,0
2550,0
2551,2
2552,2
2553,2
2554,1
2555,1
2556,3
2557,1
2558,4
2559,3
2560,2
2561,4
2562,2
2563,4
2564,2
2565,2
2566,0
2567,1
2568,1
2569,3
2570,4
2571,1
2572,4
2573,0
2574,1
2575,4
2576,2
2577,2
2578,1
2579,1
2580,3
2581,3
2582,2
2583,1
2584,1
2585,1
2586,4
2587,4
2588,2
2589,1
2590,3
2591,2
2592,3
2593,2
2594,2
2595,4
2596,2
2597,0
2598,2
2599,3
2600,2
2601,2
2602,1
2603,0
2604,2
2605,2
2606,0
2607,4
2608,5
2609,1
2610,3
2611,1
2612,3
2613,0
2614,2
2615,2
2616,2
2617,1
2618,1
2619,0
2620,3
2621,1
2622,1
2623,1
2624,2
2625,2
2626,2
2627,2
2628,2
2629,1
2630,0
2631,4
2632,2
2633,4
2634,2
2635,2
2636,0
2637,0
2638,4
2639,2
2640,1
2641,1
2642,7
2643,2
2644,3
2645,2
2646,2
2647,3
2648,2
2649,1
2650,3
2651,0
2652,1
2653,2
2654,3
2655,1
2656,3
2657,0
2658,1
2659,2
2660,3
2661,1
2662,3
2663,3
2664,0
2665,0
2666,1
2667,0
2668,2
2669,2
2670,2
2671,1
2672,2
2673,3
2674,0
2675,1
2676,1
2677,2
2678,2
2679,0
2680,1
2681,4
2682,3
2683,1
2684,1
2685,1
2686,3
2687,4
2688,3
2689,1
2690,3
2691,4
2692,3
2693,0
2694,1
2695,1
2696,1
2697,0
2698,3
2699,0
2700,2
2701,0
2702,0
2703,3
2704,4
2705,2
2706,0
2707,5
2708,6
2709,4
2710,1
2711,6
2712,0
2713,4
2714,2
2715,3
2716,2
2717,0
2718,1
2719,2
2720,1
2721,3
2722,3
2723,2
2724,3
2725,0
2726,3
2727,2
2728,2
2729,3
2730,1
2731,1
2732,2
2733,2
2734,1
2735,2
2736,3
2737,1
2738,1
2739,2
2740,0
2741,1
2742,0
2743,4
2744,2
2745,2
2746,1
2747,1
2748,2
2749,3
2750,1
2751,0
2752,0
2753,1
2754,4
2755,3
2756,2
2757,2
2758,2
2759,2
2760,2
2761,3
2762,1
2763,4
2764,2
2765,1
2766,2
2767,1
2768,1
2769,1
2770,1
2771,0
2772,6
2773,1
2774,1
2775,3
2776,0
2777,1
2778,2
2779,2
2780,0
2781,1
2782,3
2783,3
2784,2
2785,0
2786,2
2787,2
2788,2
2789,1
2790,2
2791,4
2792,3
2793,1
2794,0
2795,1
2796,1
2797,3
2798,5
2799,0
2800,2
2801,1
2802,3
2803,1
2804,6
2805,1
2806,3
2807,2
2808,1
2809,4
2810,1
2811,1
2812,0
2813,3
2814,3
2815,4
2816,5
2817,2
2818,0
2819,4
2820,2
2821,2
2822,1
2823,3
2824,3
2825,0
2826,4
2827,2
2828,4
2829,4
2830,2
2831,2
2832,2
2833,5
2834,0
2835,0
2836,3
2837,4
2838,3
2839,0
2840,3
2841,0
2842,2
2843,2
2844,3
2845,1
2846,0
2847,1
2848,0
2849,3
2850,3
2851,2
2852,4
2853,3
2854,3
2855,1
2856,1
2857,1
2858,3
2859,0
2860,1
2861,1
2862,1
2863,3
2864,1
2865,2
2866,4
2867,2
2868,2
2869,1
2870,3
2871,3
2872,1
2873,2
2874,0
2875,5
2876,1
2877,4
2878,2
2879,2
2880,4
2881,2
2882,0
2883,3
2884,1
2885,3
2886,4
2887,0
2888,4
2889,3
2890,2
2891,1
2892,3
2893,1
2894,1
2895,2
2896,2
2897,0
2898,3
2899,1
2900,2
2901,3
2902,0
2903,0
2904,0
2905,2
2906,1
2907,0
2908,2
2909,5
2910,2
2911,2
2912,0
2913,1
2914,2
2915,0
2916,2
2917,0
2918,4
2919,2
2920,3
2921,1
2922,2
2923,2
2924,1
2925,3
2926,2
2927,3
2928,0
2929,2
2930,1
2931,2
2932,0
2933,4
2934,1
2935,2
2936,3
2937,1
2938,0
2939,1
2940,0
2941,3
2942,1
2943,3
2944,1
2945,1
2946,0
2947,2
2948,0
2949,4
2950,2
2951,3
2952,3
2953,1
2954,1
2955,2
2956,0
2957,1
2958,2
2959,3
2960,2
2961,0
2962,4
2963,1
2964,1
2965,1
2966,2
2967,0
2968,2
2969,0
2970,4
2971,1
2972,2
2973,1
2974,1
2975,6
2976,1
2977,1
2978,0
2979,0
2980,0
2981,3
2982,3
2983,0
2984,3
2985,3
2986,2
2987,2
2988,0
2989,1
2990,2
2991,0
2992,2
2993,3
2994,0
2995,3
2996,0
2997,1
2998,0
2999,5
3000,1
3001,1
3002,3
3003,1
3004,2
3005,1
3006,0
3007,1
3008,3
3009,5
3010,1
3011,1
3012,1
3013,1
3014,2
3015,0
3016,2
3017,5
3018,2
3019,4
3020,1
3021,2
3022,3
3023,0
3024,2
3025,4
3026,1
3027,2
3028,0
3029,3
3030,2
3031,3
3032,1
3033,3
3034,4
3035,3
3036,1
3037,3
3038,0
3039,0
3040,1
3041,1
3042,0
3043,2
3044,1
3045,2
3046,4
3047,1
3048,1
3049,2
3050,1
3051,2
3052,1
3053,2
3054,3
3055,3
3056,2
3057,1
3058,0
3059,0
3060,2
3061,1
3062,0
3063,2
3064,0
3065,0
3066,2
3067,1
3068,3
3069,2
3070,2
3071,0
3072,2
3073,5
3074,4
3075,1
3076,0
3077,3
3078,3
3079,2
3080,2
3081,3
3082,3
3083,3
3084,0
3085,1
3086,3
3087,1
3088,2
3089,1
3090,0
3091,0
3092,0
3093,1
3094,4
3095,2
3096,0
3097,3
3098,3
3099,1
3100,3
3101,1
3102,3
3103,1
3104,2
3105,4
3106,0
3107,1
3108,1
3109,3
3110,2
3111,3
3112,1
3113,2
3114,1
3115,2
3116,3
3117,5
3118,0
3119,3
3120,4
3121,1
3122,0
3123,2
3124,2
3125,3
3126,2
3127,2
3128,3
3129,1
3130,0
3131,3
3132,2
3133,1
3134,2
3135,4
3136,1
3137,3
3138,2
3139,3
3140,2
3141,2
3142,0
3143,1
3144,1
3145,0
3146,1
3147,3
3148,1
3149,2
3150,0
3151,4
3152,2
3153,1
3154,1
3155,1
3156,2
3157,4
3158,2
3159,3
3160,3
3161,1
3162,1
3163,2
3164,1
3165,3
3166,2
3167,1
3168,1
3169,3
3170,2
3171,2
3172,0
3173,2
3174,2
3175,4
3176,2
3177,3
3178,5
3179,2
3180,3
3181,0
3182,1
3183,2
3184,1
3185,1
3186,1
3187,2
3188,3
3189,2
3190,1
3191,4
3192,1
3193,1
3194,3
3195,0
3196,0
3197,1
3198,2
3199,5
3200,0
3201,5
3202,5
3203,0
3204,5
3205,2
3206,1
3207,1
3208,2
3209,2
3210,1
3211,2
3212,2
3213,2
3214,2
3215,1
3216,1
3217,1
3218,6
3219,2
3220,2
3221,0
3222,3
3223,1
3224,1
3225,0
3226,3
3227,2
3228,2
3229,1
3230,2
3231,1
3232,0
3233,2
3234,2
3235,2
3236,3
3237,4
3238,2
3239,2
3240,2
3241,5
3242,2
3243,2
3244,2
3245,4
3246,2
3247,5
3248,4
3249,0
3250,3
3251,2
3252,2
3253,0
3254,5
3255,2
3256,1
3257,3
3258,0
3259,3
3260,0
3261,2
3262,2
3263,1
3264,0
3265,2
3266,3
3267,3
3268,1
3269,1
3270,3
3271,2
3272,0
3273,5
3274,4
3275,0
3276,1
3277,1
3278,4
3279,2
3280,2
3281,1
3282,0
3283,1
3284,2
3285,0
3286,2
3287,2
3288,2
3289,8
3290,2
3291,2
3292,2
3293,4
3294,2
3295,4
3296,4
3297,1
3298,1
3299,2
3300,2
3301,4
3302,1
3303,2
3304,0
3305,1
3306,1
3307,2
3308,0
3309,1
3310,6
3311,3
3312,1
3313,0
3314,3
3315,3
3316,0
3317,3
3318,0
3319,1
3320,4
3321,2
3322,0
3323,1
3324,1
3325,0
3326,3
3327,0
3328,1
3329,2
3330,2
3331,3
3332,3
3333,2
3334,0
3335,1
3336,1
3337,4
3338,2
3339,2
3340,1
3341,3
3342,1
3343,1
3344,3
3345,2
3346,5
3347,1
3348,3
3349,4
3350,1
3351,0
3352,2
3353,1
3354,0
3355,1
3356,3
3357,4
3358,0
3359,5
3360,0
3361,1
3362,1
3363,1
3364,1
3365,2
3366,1
3367,3
3368,0
3369,1
3370,2
3371,1
3372,4
3373,2
3374,3
3375,4
3376,2
3377,1
3378,2
3379,1
3380,4
3381,2
3382,2
3383,0
3384,1
3385,2
3386,3
3387,0
3388,2
3389,3
3390,0
3391,2
3392,1
3393,1
3394,5
3395,5
3396,2
3397,2
3398,3
3399,0
3400,1
3401,1
3402,0
3403,4
3404,2
3405,3
3406,2
3407,2
3408,3
3409,2
3410,2
3411,2
3412,4
3413,2
3414,1
3415,4
3416,1
3417,1
3418,2
3419,1
3420,1
3421,3
3422,1
3423,3
3424,3
3425,4
3426,2
3427,1
3428,2
3429,3
3430,2
3431,0
3432,0
3433,3
3434,2
3435,4
3436,3
3437,5
3438,1
3439,2
3440,1
3441,1
3442,7
3443,5
3444,3
3445,4
3446,3
3447,2
3448,1
3449,1
3450,4
3451,1
3452,2
3453,0
3454,1
3455,1
3456,1
3457,1
3458,1
3459,0
3460,1
3461,1
3462,1
3463,3
3464,5
3465,2
3466,2
3467,0
3468,2
3469,1
3470,1
3471,0
3472,2
3473,2
3474,2
3475,3
3476,3
3477,1
3478,1
3479,1
3480,1
3481,4
3482,2
3483,2
3484,0
3485,1
3486,0
3487,3
3488,4
3489,1
3490,5
3491,2
3492,1
3493,3
3494,4
3495,2
3496,1
3497,3
3498,2
3499,1
3500,2
3501,2
3502,2
3503,2
3504,1
3505,3
3506,0
3507,4
3508,4
3509,3
3510,2
3511,0
3512,1
3513,3
3514,1
3515,3
3516,1
3517,6
3518,3
3519,3
3520,3
3521,6
3522,4
3523,1
3524,2
3525,2
3526,1
3527,2
3528,2
3529,0
3530,3
3531,2
3532,2
3533,3
3534,1
3535,1
3536,1
3537,2
3538,2
3539,2
3540,2
3541,1
3542,1
3543,0
3544,3
3545,1
3546,1
3547,1
3548,3
3549,1
3550,2
3551,0
3552,1
3553,1
3554,0
3555,0
3556,3
3557,2
3558,1
3559,3
3560,0
3561,1
3562,1
3563,0
3564,0
3565,3
3566,1
3567,0
3568,1
3569,2
3570,2
3571,1
3572,2
3573,4
3574,2
3575,1
3576,1
3577,2
3578,1
3579,2
3580,0
3581,1
3582,2
3583,2
3584,2
3585,1
3586,1
3587,0
3588,5
3589,2
3590,2
3591,0
3592,1
3593,2
3594,0
3595,1
3596,1
3597,0
3598,2
3599,3
3600,1
3601,3
3602,1
3603,3
3604,2
3605,2
3606,1
3607,4
3608,2
3609,0
3610,0
3611,2
3612,2
3613,2
3614,4
3615,0
3616,1
3617,3
3618,0
3619,1
3620,0
3621,0
3622,1
3623,2
3624,1
3625,0
3626,2
3627,0
3628,2
3629,4
3630,1
3631,2
3632,2
3633,0
3634,2
3635,2
3636,2
3637,1
3638,4
3639,5
3640,2
3641,1
3642,1
3643,4
3644,1
3645,5
3646,0
3647,1
3648,3
3649,3
3650,3
3651,1
3652,2
3653,1
3654,0
3655,3
3656,2
3657,3
3658,3
3659,2
3660,0
3661,1
3662,1
3663,1
3664,4
3665,5
3666,2
3667,3
3668,4
3669,1
3670,3
3671,2
3672,0
3673,2
3674,1
3675,2
3676,1
3677,2
3678,1
3679,3
3680,0
3681,0
3682,6
3683,1
3684,2
3685,1
3686,1
3687,3
3688,1
3689,3
3690,1
3691,2
3692,1
3693,5
3694,2
3695,2
3696,1
3697,2
3698,1
3699,5
3700,1
3701,2
3702,4
3703,3
3704,2
3705,1
3706,3
3707,1
3708,2
3709,1
3710,4
3711,0
3712,3
3713,1
3714,1
3715,3
3716,3
3717,3
3718,3
3719,1
3720,2
3721,2
3722,0
3723,2
3724,3
3725,4
3726,1
3727,4
3728,3
3729,5
3730,2
3731,2
3732,0
3733,4
3734,4
3735,0
3736,2
3737,1
3738,3
3739,4
3740,1
3741,1
3742,4
3743,2
3744,0
3745,2
3746,2
3747,3
3748,1
3749,1
3750,2
3751,2
3752,3
3753,2
3754,2
3755,4
3756,5
3757,2
3758,2
3759,3
3760,2
3761,1
3762,1
3763,0
3764,2
3765,3
3766,4
3767,3
3768,2
3769,2
3770,0
3771,2
3772,3
3773,1
3774,3
3775,3
3776,1
3777,3
3778,2
3779,0
3780,1
3781,2
3782,0
3783,3
3784,6
3785,1
3786,1
3787,5
3788,3
3789,2
3790,2
3791,3
3792,3
3793,3
3794,0
3795,2
3796,0
3797,1
3798,0
3799,1
3800,4
3801,4
3802,0
3803,1
3804,3
3805,4
3806,1
3807,0
3808,1
3809,2
3810,3
3811,1
3812,2
3813,5
3814,3
3815,1
3816,2
3817,0
3818,0
3819,3
3820,2
3821,4
3822,4
3823,6
3824,3
3825,1
3826,2
3827,0
3828,3
3829,2
3830,1
3831,0
3832,3
3833,2
3834,1
3835,1
3836,2
3837,0
3838,2
3839,1
3840,1
3841,1
3842,2
3843,1
3844,3
3845,2
3846,2
3847,0
3848,1
3849,1
3850,2
3851,1
3852,2
3853,2
3854,1
3855,1
3856,2
3857,1
3858,2
3859,5
3860,1
3861,1
3862,2
3863,0
3864,3
3865,2
3866,1
3867,4
3868,1
3869,2
3870,0
3871,1
3872,2
3873,2
3874,3
3875,0
3876,0
3877,1
3878,0
3879,3
3880,1
3881,0
3882,0
3883,3
3884,0
3885,1
3886,1
3887,2
3888,1
3889,3
3890,3
3891,1
3892,2
3893,2
3894,2
3895,2
3896,1
3897,4
3898,0
3899,0
3900,2
3901,0
3902,2
3903,5
3904,1
3905,2
3906,1
3907,4
3908,6
3909,1
3910,3
3911,1
3912,1
3913,1
3914,1
3915,1
3916,7
3917,1
3918,3
3919,2
3920,4
3921,6
3922,0
3923,2
3924,0
3925,0
3926,2
3927,3
3928,6
3929,1
3930,3
3931,2
3932,1
3933,3
3934,1
3935,1
3936,0
3937,2
3938,1
3939,0
3940,0
3941,1
3942,0
3943,1
3944,6
3945,2
3946,2
3947,0
3948,1
3949,1
3950,0
3951,1
3952,1
3953,4
3954,4
3955,0
3956,2
3957,1
3958,3
3959,3
3960,1
3961,3
3962,3
3963,1
3964,1
3965,3
3966,4
3967,4
3968,0
3969,3
3970,3
3971,2
3972,4
3973,0
3974,6
3975,1
3976,1
3977,3
3978,5
3979,1
3980,1
3981,1
3982,3
3983,2
3984,4
3985,0
3986,3
3987,3
3988,2
3989,1
3990,0
3991,4
3992,4
3993,2
3994,1
3995,4
3996,3
3997,3
3998,3
3999,3
4000,4
4001,2
4002,2
4003,2
4004,1
4005,1
4006,1
4007,3
4008,3
4009,3
4010,0
4011,1
4012,3
4013,2
4014,0
4015,0
4016,2
4017,0
4018,2
4019,2
4020,1
4021,4
4022,1
4023,1
4024,0
4025,0
4026,1
4027,2
4028,3
4029,0
4030,1
4031,3
4032,1
4033,2
4034,3
4035,1
4036,2
4037,4
4038,1
4039,1
4040,3
4041,3
4042,5
4043,0
4044,4
4045,0
4046,2
4047,3
4048,5
4049,2
4050,2
4051,1
4052,0
4053,1
4054,1
4055,2
4056,3
4057,3
4058,5
4059,2
4060,2
4061,3
4062,2
4063,0
4064,2
4065,5
4066,7
4067,2
4068,4
4069,3
4070,2
4071,2
4072,1
4073,1
4074,1
4075,5
4076,1
4077,5
4078,1
4079,3
4080,3
4081,1
4082,1
4083,1
4084,4
4085,1
4086,2
4087,2
4088,2
4089,1
4090,3
4091,2
4092,1
4093,0
4094,2
4095,1
4096,1
4097,5
4098,1
4099,2
4100,3
4101,1
4102,3
4103,3
4104,2
4105,2
4106,1
4107,2
4108,4
4109,1
4110,2
4111,0
4112,4
4113,2
4114,1
4115,4
4116,2
4117,1
4118,2
4119,3
4120,0
4121,1
4122,2
4123,0
4124,3
4125,3
4126,3
4127,3
4128,1
4129,2
4130,2
4131,3
4132,1
4133,0
4134,1
4135,1
4136,1
4137,3
4138,2
4139,0
4140,3
4141,2
4142,2
4143,4
4144,1
4145,6
4146,3
4147,3
4148,4
4149,0
4150,4
4151,2
4152,6
4153,3
4154,3
4155,1
4156,3
4157,1
4158,0
4159,1
4160,0
4161,3
4162,2
4163,2
4164,3
4165,1
4166,3
4167,2
4168,3
4169,4
4170,0
4171,2
4172,4
4173,0
4174,1
4175,1
4176,2
4177,0
4178,4
4179,4
4180,1
4181,0
4182,1
4183,6
4184,2
4185,1
4186,0
4187,4
4188,2
4189,3
4190,4
4191,4
4192,2
4193,0
4194,1
4195,4
4196,3
4197,0
4198,1
4199,2
4200,1
4201,2
4202,2
4203,2
4204,1
4205,1
4206,1
4207,2
4208,2
4209,4
4210,1
4211,3
4212,4
4213,1
4214,2
4215,1
4216,3
4217,1
4218,1
4219,3
4220,3
4221,2
4222,2
4223,2
4224,1
4225,3
4226,1
4227,1
4228,2
4229,1
4230,5
4231,0
4232,3
4233,1
4234,1
4235,4
4236,1
4237,0
4238,3
4239,2
4240,1
4241,0
4242,0
4243,1
4244,3
4245,1
4246,1
4247,0
4248,1
4249,1
4250,0
4251,4
4252,1
4253,1
4254,3
4255,1
4256,5
4257,1
4258,2
4259,0
4260,2
4261,3
4262,2
4263,0
4264,3
4265,1
4266,1
4267,3
4268,2
4269,1
4270,4
4271,0
4272,3
4273,4
4274,1
4275,1
4276,1
4277,4
4278,1
4279,2
4280,3
4281,3
4282,1
4283,0
4284,0
4285,3
4286,1
4287,1
4288,3
4289,1
4290,1
4291,0
4292,2
4293,2
4294,2
4295,4
4296,2
4297,0
4298,3
4299,2
4300,2
4301,0
4302,2
4303,3
4304,5
4305,0
4306,0
4307,1
4308,1
4309,2
4310,5
4311,2
4312,3
4313,2
4314,5
4315,2
4316,0
4317,3
4318,4
4319,1
4320,3
4321,1
4322,2
4323,2
4324,2
4325,0
4326,2
4327,5
4328,2
4329,0
4330,1
4331,2
4332,2
4333,0
4334,5
4335,0
4336,4
4337,3
4338,2
4339,1
4340,1
4341,5
4342,2
4343,6
4344,3
4345,2
4346,0
4347,2
4348,2
4349,2
4350,1
4351,1
4352,1
4353,2
4354,2
4355,3
4356,3
4357,2
4358,2
4359,1
4360,3
4361,0
4362,2
4363,2
4364,3
4365,0
4366,2
4367,2
4368,1
4369,1
4370,2
4371,2
4372,0
4373,2
4374,1
4375,5
4376,0
4377,2
4378,0
4379,3
4380,3
4381,2
4382,2
4383,2
4384,0
4385,1
4386,2
4387,2
4388,3
4389,3
4390,3
4391,3
4392,0
4393,2
4394,1
4395,0
4396,2
4397,3
4398,3
4399,0
4400,2
4401,1
4402,4
4403,6
4404,1
4405,1
4406,4
4407,3
4408,2
4409,2
4410,3
4411,3
4412,3
4413,2
4414,2
4415,3
4416,1
4417,1
4418,2
4419,1
4420,1
4421,1
4422,1
4423,2
4424,0
4425,1
4426,1
4427,1
4428,1
4429,3
4430,0
4431,0
4432,1
4433,5
4434,0
4435,4
4436,1
4437,1
4438,3
4439,1
4440,2
4441,3
4442,2
4443,3
4444,2
4445,1
4446,1
4447,1
4448,2
4449,5
4450,0
4451,2
4452,5
4453,3
4454,2
4455,2
4456,4
4457,4
4458,2
4459,1
4460,3
4461,0
4462,2
4463,1
4464,4
4465,3
4466,4
4467,1
4468,2
4469,2
4470,2
4471,1
4472,2
4473,3
4474,3
4475,4
4476,0
4477,0
4478,3
4479,3
4480,7
4481,4
4482,3
4483,1
4484,1
4485,2
4486,0
4487,1
4488,2
4489,4
4490,1
4491,0
4492,1
4493,1
4494,2
4495,2
4496,1
4497,1
4498,2
4499,1
4500,2
4501,2
4502,5
4503,1
4504,2
4505,2
4506,3
4507,4
4508,1
4509,2
4510,4
4511,3
4512,1
4513,1
4514,6
4515,2
4516,3
4517,0
4518,1
4519,2
4520,1
4521,2
4522,0
4523,1
4524,4
4525,1
4526,3
4527,6
4528,4
4529,0
4530,0
4531,4
4532,2
4533,0
4534,2
4535,2
4536,1
4537,1
4538,3
4539,3
4540,4
4541,2
4542,2
4543,0
4544,4
4545,5
4546,3
4547,3
4548,2
4549,2
4550,2
4551,1
4552,2
4553,4
4554,0
4555,3
4556,3
4557,2
4558,2
4559,0
4560,1
4561,2
4562,4
4563,3
4564,0
4565,2
4566,5
4567,1
4568,4
4569,0
4570,3
4571,2
4572,2
4573,3
4574,1
4575,1
4576,1
4577,2
4578,2
4579,0
4580,1
4581,5
4582,1
4583,3
4584,4
4585,1
4586,2
4587,1
4588,1
4589,2
4590,1
4591,3
4592,4
4593,1
4594,1
4595,4
4596,2
4597,4
4598,3
4599,3
4600,3
4601,0
4602,0
4603,3
4604,3
4605,2
4606,3
4607,3
4608,3
4609,4
4610,3
4611,0
4612,2
4613,1
4614,2
4615,1
4616,2
4617,1
4618,3
4619,1
4620,2
4621,3
4622,1
4623,1
4624,2
4625,4
4626,1
4627,1
4628,3
4629,2
4630,1
4631,3
4632,3
4633,5
4634,3
4635,0
4636,1
4637,1
4638,2
4639,5
4640,2
4641,1
4642,4
4643,1
4644,1
4645,4
4646,0
4647,3
4648,2
4649,3
4650,1
4651,3
4652,1
4653,2
4654,3
4655,2
4656,1
4657,5
4658,1
4659,1
4660,2
4661,1
4662,3
4663,2
4664,3
4665,2
4666,2
4667,2
4668,2
4669,1
4670,2
4671,2
4672,4
4673,3
4674,4
4675,1
4676,2
4677,1
4678,4
4679,3
4680,2
4681,1
4682,4
4683,1
4684,0
4685,4
4686,0
4687,1
4688,3
4689,3
4690,3
4691,3
4692,0
4693,3
4694,2
4695,3
4696,0
4697,1
4698,0
4699,1
4700,0
4701,2
4702,4
4703,2
4704,1
4705,2
4706,2
4707,1
4708,1
4709,1
4710,2
4711,2
4712,2
4713,1
4714,5
4715,0
4716,1
4717,2
4718,4
4719,2
4720,2
4721,0
4722,2
4723,4
4724,3
4725,3
4726,0
4727,5
4728,0
4729,3
4730,2
4731,2
4732,2
4733,0
4734,2
4735,1
4736,3
4737,2
4738,1
4739,3
4740,5
4741,7
4742,0
4743,1
4744,2
4745,4
4746,4
4747,2
4748,0
4749,1
4750,2
4751,4
4752,6
4753,3
4754,6
4755,2
4756,5
4757,3
4758,3
4759,0
4760,4
4761,0
4762,1
4763,0
4764,0
4765,5
4766,0
4767,0
4768,2
4769,1
4770,3
4771,4
4772,2
4773,2
4774,2
4775,2
4776,3
4777,0
4778,3
4779,3
4780,1
4781,0
4782,0
4783,4
4784,2
4785,1
4786,3
4787,1
4788,3
4789,2
4790,1
4791,1
4792,1
4793,2
4794,2
4795,4
4796,3
4797,5
4798,0
4799,0
4800,1
4801,1
4802,2
4803,3
4804,4
4805,1
4806,1
4807,4
4808,2
4809,1
4810,1
4811,0
4812,1
4813,2
4814,2
4815,0
4816,1
4817,2
4818,0
4819,3
4820,3
4821,2
4822,5
4823,1
4824,2
4825,1
4826,3
4827,1
4828,1
4829,4
4830,0
4831,1
4832,1
4833,2
4834,1
4835,1
4836,0
4837,3
4838,5
4839,2
4840,5
4841,2
4842,3
4843,4
4844,1
4845,2
4846,1
4847,4
4848,2
4849,1
4850,4
4851,3
4852,2
4853,1
4854,4
4855,2
4856,0
4857,2
4858,3
4859,2
4860,0
4861,1
4862,1
4863,2
4864,3
4865,2
4866,2
4867,1
4868,2
4869,0
4870,3
4871,1
4872,2
4873,1
4874,3
4875,0
4876,2
4877,1
4878,1
4879,1
4880,5
4881,0
4882,3
4883,2
4884,0
4885,1
4886,4
4887,1
4888,3
4889,2
4890,1
4891,0
4892,2
4893,1
4894,2
4895,0
4896,3
4897,1
4898,2
4899,3
4900,2
4901,1
4902,0
4903,2
4904,3
4905,3
4906,5
4907,2
4908,1
4909,0
4910,3
4911,0
4912,1
4913,2
4914,1
4915,2
4916,5
4917,1
4918,6
4919,4
4920,2
4921,2
4922,0
4923,1
4924,2
4925,4
4926,1
4927,1
4928,3
4929,2
4930,2
4931,1
4932,3
4933,3
4934,3
4935,3
4936,3
4937,2
4938,3
4939,3
4940,2
4941,0
4942,2
4943,2
4944,2
4945,4
4946,1
4947,1
4948,1
4949,4
4950,1
4951,4
4952,4
4953,1
4954,3
4955,2
4956,2
4957,3
4958,0
4959,3
4960,2
4961,2
4962,1
4963,1
4964,2
4965,3
4966,1
4967,2
4968,2
4969,1
4970,0
4971,1
4972,0
4973,5
4974,2
4975,4
4976,2
4977,0
4978,3
4979,1
4980,1
4981,0
4982,2
4983,3
4984,1
4985,4
4986,0
4987,0
4988,2
4989,4
4990,0
4991,4
4992,1
4993,1
4994,0
4995,0
4996,5
4997,1
4998,2
4999,3
5000,1
5001,3
5002,3
5003,4
5004,0
5005,3
5006,2
5007,4
5008,2
5009,0
5010,3
5011,4
5012,4
5013,4
5014,2
5015,4
5016,4
5017,1
5018,1
5019,4
5020,0
5021,1
5022,1
5023,0
5024,3
5025,3
5026,2
5027,0
5028,2
5029,2
5030,1
5031,5
5032,2
5033,3
5034,4
5035,0
5036,2
5037,4
5038,2
5039,4
5040,2
5041,2
5042,5
5043,3
5044,3
5045,4
5046,0
5047,0
5048,4
5049,3
5050,2
5051,2
5052,2
5053,5
5054,3
5055,4
5056,3
5057,1
5058,5
5059,0
5060,4
5061,4
5062,3
5063,1
5064,3
5065,1
5066,0
5067,3
5068,1
5069,2
5070,4
5071,2
5072,0
5073,1
5074,2
5075,3
5076,2
5077,2
5078,2
5079,2
5080,1
5081,3
5082,0
5083,5
5084,3
5085,1
5086,2
5087,2
5088,2
5089,3
5090,1
5091,3
5092,4
5093,4
5094,2
5095,0
5096,2
5097,2
5098,0
5099,3
5100,2
5101,1
5102,1
5103,0
5104,0
5105,3
5106,2
5107,4
5108,5
5109,0
5110,3
5111,1
5112,3
5113,1
5114,2
5115,0
5116,2
5117,1
5118,1
5119,0
5120,4
5121,3
5122,2
5123,2
5124,5
5125,1
5126,3
5127,1
5128,2
5129,0
5130,3
5131,1
5132,1
5133,2
5134,2
5135,2
5136,2
5137,2
5138,2
5139,2
5140,3
5141,7
5142,2
5143,2
5144,1
5145,4
5146,3
5147,2
5148,3
5149,3
5150,3
5151,2
5152,6
5153,1
5154,4
5155,2
5156,4
5157,1
5158,0
5159,2
5160,0
5161,1
5162,0
5163,1
5164,1
5165,1
5166,2
5167,3
5168,1
5169,5
5170,1
5171,0
5172,1
5173,1
5174,1
5175,2
5176,2
5177,3
5178,0
5179,1
5180,1
5181,1
5182,3
5183,2
5184,3
5185,2
5186,4
5187,2
5188,2
5189,3
5190,3
5191,3
5192,2
5193,3
5194,1
5195,1
5196,2
5197,1
5198,2
5199,4
5200,0
5201,3
5202,1
5203,1
5204,3
5205,2
5206,3
5207,1
5208,1
5209,3
5210,2
5211,1
5212,2
5213,2
5214,1
5215,0
5216,2
5217,1
5218,5
5219,2
5220,1
5221,0
5222,2
5223,1
5224,1
5225,3
5226,1
5227,1
5228,4
5229,0
5230,3
5231,1
5232,2
5233,3
5234,1
5235,2
5236,3
5237,0
5238,2
5239,1
5240,2
5241,3
5242,1
5243,4
5244,3
5245,2
5246,1
5247,2
5248,1
5249,2
5250,0
5251,1
5252,1
5253,3
5254,0
5255,2
5256,0
5257,1
5258,2
5259,2
5260,0
5261,1
5262,0
5263,1
5264,1
5265,0
5266,0
5267,0
5268,2
5269,3
5270,2
5271,3
5272,3
5273,3
5274,0
5275,3
5276,2
5277,1
5278,1
5279,2
5280,8
5281,2
5282,4
5283,0
5284,1
5285,2
5286,2
5287,3
5288,1
5289,3
5290,7
5291,3
5292,1
5293,0
5294,4
5295,3
5296,1
5297,3
5298,1
5299,2
5300,0
5301,4
5302,1
5303,0
5304,3
5305,3
5306,1
5307,2
5308,1
5309,1
5310,2
5311,0
5312,3
5313,3
5314,4
5315,2
5316,2
5317,2
5318,0
5319,0
5320,2
5321,3
5322,1
5323,2
5324,1
5325,3
5326,1
5327,3
5328,3
5329,1
5330,4
5331,2
5332,2
5333,2
5334,3
5335,0
5336,2
5337,6
5338,0
5339,1
5340,3
5341,0
5342,2
5343,4
5344,4
5345,3
5346,1
5347,4
5348,3
5349,0
5350,1
5351,0
5352,2
5353,2
5354,3
5355,1
5356,1
5357,2
5358,3
5359,2
5360,1
5361,2
5362,3
5363,3
5364,2
5365,1
5366,2
5367,1
5368,1
5369,2
5370,0
5371,1
5372,1
5373,3
5374,3
5375,0
5376,2
5377,1
5378,5
5379,4
5380,4
5381,1
5382,1
5383,2
5384,3
5385,2
5386,2
5387,1
5388,3
5389,5
5390,1
5391,4
5392,3
5393,0
5394,1
5395,0
5396,2
5397,0
5398,2
5399,1
5400,1
5401,0
5402,2
5403,2
5404,3
5405,3
5406,5
5407,2
5408,0
5409,4
5410,1
5411,3
5412,1
5413,3
5414,0
5415,1
5416,2
5417,1
5418,2
5419,1
5420,0
5421,0
5422,0
5423,1
5424,1
5425,2
5426,2
5427,3
5428,4
5429,4
5430,0
5431,1
5432,5
5433,1
5434,1
5435,2
5436,4
5437,0
5438,1
5439,1
5440,1
5441,2
5442,3
5443,1
5444,5
5445,4
5446,4
5447,1
5448,3
5449,3
5450,3
5451,0
5452,2
5453,1
5454,0
5455,1
5456,1
5457,1
5458,1
5459,2
5460,2
5461,1
5462,2
5463,3
5464,2
5465,3
5466,0
5467,5
5468,1
5469,3
5470,1
5471,3
5472,2
5473,3
5474,2
5475,0
5476,1
5477,2
5478,5
5479,4
5480,5
5481,2
5482,2
5483,2
5484,3
5485,1
5486,2
5487,0
5488,4
5489,2
5490,4
5491,4
5492,3
5493,1
5494,2
5495,1
5496,1
5497,6
5498,3
5499,1
5500,3
5501,5
5502,4
5503,2
5504,4
5505,2
5506,1
5507,3
5508,3
5509,1
5510,1
5511,0
5512,3
5513,3
5514,2
5515,2
5516,1
5517,2
5518,0
5519,5
5520,3
5521,2
5522,2
5523,0
5524,3
5525,2
5526,5
5527,2
5528,0
5529,1
5530,4
5531,2
5532,2
5533,1
5534,0
5535,0
5536,2
5537,3
5538,5
5539,0
5540,2
5541,3
5542,3
5543,3
5544,4
5545,0
5546,0
5547,0
5548,0
5549,4
5550,1
5551,3
5552,2
5553,1
5554,1
5555,1
5556,2
5557,1
5558,2
5559,0
5560,1
5561,4
5562,4
5563,2
5564,6
5565,0
5566,4
5567,4
5568,4
5569,0
5570,0
5571,5
5572,1
5573,1
5574,1
5575,1
5576,0
5577,1
5578,0
5579,2
5580,5
5581,2
5582,2
5583,2
5584,3
5585,4
5586,2
5587,2
5588,5
5589,4
5590,1
5591,2
5592,3
5593,4
5594,3
5595,1
5596,4
5597,2
5598,3
5599,2
5600,2
5601,0
5602,1
5603,3
5604,2
5605,1
5606,1
5607,3
5608,1
5609,2
5610,1
5611,3
5612,2
5613,0
5614,2
5615,2
5616,6
5617,4
5618,2
5619,1
5620,2
5621,2
5622,0
5623,4
5624,1
5625,4
5626,0
5627,0
5628,0
5629,4
5630,3
5631,1
5632,0
5633,3
5634,0
5635,0
5636,1
5637,2
5638,2
5639,3
5640,2
5641,1
5642,2
5643,4
5644,2
5645,2
5646,3
5647,0
5648,1
5649,1
5650,3
5651,2
5652,2
5653,2
5654,4
5655,0
5656,0
5657,1
5658,2
5659,2
5660,3
5661,0
5662,0
5663,2
5664,5
5665,0
5666,3
5667,2
5668,5
5669,4
5670,2
5671,1
5672,4
5673,0
5674,2
5675,3
5676,1
5677,4
5678,1
5679,2
5680,1
5681,1
5682,3
5683,2
5684,4
5685,2
5686,3
5687,2
5688,1
5689,3
5690,4
5691,1
5692,2
5693,2
5694,2
5695,3
5696,1
5697,3
5698,1
5699,1
5700,1
5701,1
5702,1
5703,3
5704,0
5705,1
5706,3
5707,0
5708,1
5709,2
5710,2
5711,2
5712,2
5713,3
5714,0
5715,2
5716,3
5717,1
5718,4
5719,1
5720,3
5721,0
5722,1
5723,1
5724,0
5725,4
5726,4
5727,2
5728,3
5729,0
5730,1
5731,2
5732,0
5733,6
5734,0
5735,1
5736,2
5737,1
5738,5
5739,1
5740,5
5741,3
5742,0
5743,2
5744,0
5745,1
5746,1
5747,1
5748,1
5749,2
5750,4
5751,2
5752,0
5753,1
5754,0
5755,5
5756,2
5757,3
5758,0
5759,2
5760,1
5761,1
5762,4
5763,0
5764,2
5765,2
5766,0
5767,0
5768,2
5769,2
5770,1
5771,3
5772,3
5773,0
5774,2
5775,0
5776,1
5777,1
5778,2
5779,1
5780,1
5781,1
5782,3
5783,2
5784,3
5785,1
5786,3
5787,3
5788,0
5789,1
5790,1
5791,5
5792,0
5793,1
5794,1
5795,0
5796,1
5797,2
5798,1
5799,4
5800,1
5801,1
5802,2
5803,0
5804,3
5805,2
5806,2
5807,4
5808,2
5809,3
5810,1
5811,0
5812,1
5813,2
5814,1
5815,3
5816,0
5817,2
5818,5
5819,2
5820,3
5821,5
5822,0
5823,3
5824,4
5825,1
5826,5
5827,8
5828,1
5829,2
5830,1
5831,2
5832,2
5833,3
5834,2
5835,4
5836,1
5837,1
5838,2
5839,1
5840,3
5841,1
5842,0
5843,0
5844,1
5845,0
5846,5
5847,0
5848,2
5849,1
5850,1
5851,2
5852,4
5853,1
5854,4
5855,0
5856,1
5857,3
5858,2
5859,2
5860,2
5861,3
5862,2
5863,3
5864,3
5865,3
5866,1
5867,4
5868,1
5869,0
5870,2
5871,1
5872,3
5873,2
5874,2
5875,1
5876,1
5877,3
5878,1
5879,0
5880,1
5881,3
5882,0
5883,3
5884,4
5885,2
5886,3
5887,2
5888,2
5889,1
5890,4
5891,0
5892,2
5893,1
5894,2
5895,1
5896,3
5897,2
5898,0
5899,1
5900,3
5901,3
5902,3
5903,3
5904,2
5905,2
5906,0
5907,0
5908,1
5909,2
5910,0
5911,4
5912,3
5913,1
5914,2
5915,3
5916,5
5917,1
5918,0
5919,2
5920,1
5921,4
5922,1
5923,3
5924,3
5925,2
5926,1
5927,3
5928,0
5929,0
5930,3
5931,1
5932,1
5933,1
5934,4
5935,0
5936,3
5937,2
5938,2
5939,2
5940,0
5941,1
5942,2
5943,1
5944,2
5945,2
5946,2
5947,2
5948,2
5949,2
5950,2
5951,2
5952,3
5953,2
5954,2
5955,1
5956,0
5957,3
5958,3
5959,0
5960,2
5961,2
5962,5
5963,0
5964,3
5965,2
5966,1
5967,1
5968,1
5969,2
5970,2
5971,1
5972,3
5973,2
5974,2
5975,3
5976,1
5977,3
5978,1
5979,2
5980,2
5981,1
5982,2
5983,2
5984,0
5985,2
5986,0
5987,1
5988,3
5989,4
5990,2
5991,0
5992,3
5993,2
5994,3
5995,0
5996,1
5997,1
5998,3
5999,2
6000,3
6001,2
6002,2
6003,0
6004,1
6005,1
6006,2
6007,3
6008,0
6009,1
6010,1
6011,3
6012,0
6013,1
6014,1
6015,4
6016,2
6017,2
6018,1
6019,1
6020,0
6021,3
6022,4
6023,4
6024,1
6025,3
6026,2
6027,1
6028,2
6029,1
6030,1
6031,1
6032,4
6033,4
6034,1
6035,2
6036,0
6037,2
6038,0
6039,5
6040,0
6041,2
6042,5
6043,0
6044,1
6045,2
6046,1
6047,0
6048,1
6049,2
6050,0
6051,3
6052,1
6053,1
6054,1
6055,2
6056,1
6057,2
6058,2
6059,2
6060,1
6061,3
6062,1
6063,2
6064,2
6065,6
6066,3
6067,1
6068,0
6069,1
6070,2
6071,1
6072,3
6073,4
6074,1
6075,1
6076,2
6077,3
6078,0
6079,2
6080,2
6081,6
6082,5
6083,3
6084,2
6085,4
6086,4
6087,2
6088,4
6089,1
6090,1
6091,1
6092,3
6093,0
6094,3
6095,2
6096,1
6097,3
6098,3
6099,0
6100,1
6101,1
6102,3
6103,1
6104,2
6105,1
6106,1
6107,4
6108,1
6109,0
6110,6
6111,1
6112,2
6113,3
6114,2
6115,3
6116,2
6117,3
6118,5
6119,2
6120,6
6121,0
6122,2
6123,2
6124,1
6125,1
6126,4
6127,1
6128,5
6129,2
6130,1
6131,0
6132,2
6133,0
6134,0
6135,3
6136,1
6137,2
6138,1
6139,3
6140,2
6141,0
6142,4
6143,4
6144,3
6145,0
6146,2
6147,0
6148,3
6149,1
6150,2
6151,1
6152,2
6153,0
6154,3
6155,2
6156,2
6157,2
6158,1
6159,3
6160,2
6161,2
6162,0
6163,0
6164,4
6165,1
6166,1
6167,3
6168,4
6169,0
6170,2
6171,2
6172,4
6173,2
6174,1
6175,1
6176,1
6177,4
6178,3
6179,1
6180,1
6181,2
6182,1
6183,1
6184,0
6185,4
6186,1
6187,2
6188,2
6189,7
6190,2
6191,1
6192,3
6193,0
6194,1
6195,0
6196,1
6197,2
6198,2
6199,3
6200,0
6201,0
6202,2
6203,1
6204,2
6205,3
6206,2
6207,1
6208,0
6209,3
6210,1
6211,5
6212,4
6213,0
6214,2
6215,4
6216,3
6217,4
6218,4
6219,1
6220,0
6221,3
6222,1
6223,1
6224,3
6225,0
6226,2
6227,0
6228,1
6229,4
6230,2
6231,2
6232,0
6233,5
6234,2
6235,4
6236,3
6237,1
6238,3
6239,2
6240,2
6241,0
6242,5
6243,1
6244,0
6245,2
6246,3
6247,3
6248,2
6249,1
6250,0
6251,0
6252,0
6253,0
6254,1
6255,0
6256,0
6257,3
6258,3
6259,2
6260,4
6261,3
6262,1
6263,3
6264,1
6265,5
6266,2
6267,1
6268,1
6269,2
6270,0
6271,3
6272,3
6273,0
6274,2
6275,2
6276,1
6277,0
6278,0
6279,4
6280,2
6281,1
6282,5
6283,1
6284,2
6285,2
6286,1
6287,4
6288,3
6289,1
6290,0
6291,0
6292,4
6293,0
6294,2
6295,2
6296,3
6297,6
6298,1
6299,5
6300,2
6301,3
6302,2
6303,4
6304,2
6305,2
6306,3
6307,1
6308,1
6309,3
6310,1
6311,2
6312,1
6313,3
6314,5
6315,4
6316,0
6317,3
6318,3
6319,2
6320,2
6321,1
6322,1
6323,2
6324,0
6325,1
6326,2
6327,1
6328,2
6329,3
6330,2
6331,0
6332,2
6333,2
6334,2
6335,3
6336,1
6337,3
6338,0
6339,2
6340,4
6341,1
6342,2
6343,2
6344,3
6345,0
6346,4
6347,7
6348,2
6349,2
6350,1
6351,1
6352,2
6353,5
6354,1
6355,0
6356,6
6357,1
6358,1
6359,2
6360,0
6361,0
6362,2
6363,2
6364,0
6365,1
6366,4
6367,2
6368,1
6369,3
6370,0
6371,1
6372,1
6373,3
6374,3
6375,6
6376,4
6377,1
6378,2
6379,3
6380,3
6381,1
6382,1
6383,3
6384,1
6385,4
6386,2
6387,2
6388,2
6389,1
6390,1
6391,1
6392,2
6393,1
6394,4
6395,2
6396,2
6397,0
6398,3
6399,2
6400,2
6401,2
6402,1
6403,4
6404,1
6405,2
6406,3
6407,0
6408,2
6409,1
6410,1
6411,3
6412,1
6413,1
6414,1
6415,2
6416,1
6417,3
6418,4
6419,2
6420,3
6421,4
6422,2
6423,3
6424,2
6425,1
6426,0
6427,3
6428,4
6429,3
6430,1
6431,3
6432,0
6433,0
6434,4
6435,2
6436,2
6437,3
6438,4
6439,1
6440,3
6441,4
6442,2
6443,3
6444,2
6445,2
6446,4
6447,1
6448,1
6449,2
6450,4
6451,0
6452,1
6453,1
6454,2
6455,5
6456,1
6457,1
6458,2
6459,0
6460,2
6461,2
6462,1
6463,4
6464,2
6465,1
6466,0
6467,2
6468,2
6469,1
6470,2
6471,0
6472,2
6473,1
6474,0
6475,1
6476,4
6477,0
6478,1
6479,2
6480,3
6481,3
6482,1
6483,3
6484,2
6485,1
6486,0
6487,1
6488,2
6489,1
6490,1
6491,3
6492,0
6493,2
6494,4
6495,3
6496,2
6497,1
6498,1
6499,1
6500,2
6501,2
6502,1
6503,2
6504,2
6505,2
6506,3
6507,0
6508,6
6509,1
6510,0
6511,3
6512,1
6513,0
6514,3
6515,3
6516,1
6517,2
6518,0
6519,0
6520,2
6521,4
6522,1
6523,2
6524,3
6525,2
6526,2
6527,0
6528,2
6529,2
6530,2
6531,3
6532,3
6533,1
6534,4
6535,1
6536,1
6537,4
6538,0
6539,2
6540,2
6541,3
6542,1
6543,3
6544,0
6545,2
6546,5
6547,1
6548,1
6549,1
6550,0
6551,1
6552,2
6553,1
6554,3
6555,1
6556,2
6557,2
6558,3
6559,1
6560,2
6561,1
6562,1
6563,2
6564,2
6565,2
6566,4
6567,0
6568,2
6569,2
6570,2
6571,2
6572,1
6573,2
6574,1
6575,2
6576,3
6577,2
6578,4
6579,2
6580,1
6581,5
6582,2
6583,2
6584,4
6585,3
6586,3
6587,1
6588,1
6589,2
6590,2
6591,0
6592,1
6593,0
6594,3
6595,3
6596,3
6597,3
6598,2
6599,5
6600,1
6601,3
6602,4
6603,2
6604,2
6605,1
6606,1
6607,0
6608,2
6609,0
6610,2
6611,1
6612,5
6613,5
6614,3
6615,2
6616,1
6617,2
6618,1
6619,4
6620,4
6621,1
6622,3
6623,2
6624,1
6625,0
6626,3
6627,1
6628,2
6629,2
6630,2
6631,4
6632,2
6633,1
6634,3
6635,0
6636,3
6637,1
6638,2
6639,7
6640,1
6641,2
6642,3
6643,1
6644,2
6645,0
6646,1
6647,1
6648,6
6649,2
6650,4
6651,1
6652,3
6653,1
6654,1
6655,1
6656,3
6657,1
6658,5
6659,3
6660,3
6661,1
6662,2
6663,2
6664,3
6665,1
6666,2
6667,0
6668,2
6669,4
6670,4
6671,4
6672,2
6673,1
6674,1
6675,2
6676,1
6677,1
6678,3
6679,3
6680,7
6681,3
6682,4
6683,2
6684,1
6685,2
6686,1
6687,1
6688,1
6689,2
6690,3
6691,4
6692,4
6693,0
6694,1
6695,5
6696,3
6697,1
6698,3
6699,2
6700,0
6701,1
6702,2
6703,0
6704,3
6705,3
6706,1
6707,2
6708,2
6709,2
6710,0
6711,0
6712,1
6713,0
6714,3
6715,0
6716,2
6717,5
6718,4
6719,1
6720,3
6721,2
6722,1
6723,2
6724,3
6725,2
6726,1
6727,1
6728,5
6729,4
6730,2
6731,1
6732,1
6733,3
6734,3
6735,1
6736,1
6737,2
6738,3
6739,1
6740,1
6741,0
6742,0
6743,0
6744,4
6745,2
6746,2
6747,4
6748,2
6749,4
6750,3
6751,0
6752,6
6753,2
6754,1
6755,0
6756,1
6757,2
6758,2
6759,0
6760,0
6761,4
6762,2
6763,2
6764,3
6765,3
6766,1
6767,0
6768,1
6769,0
6770,1
6771,1
6772,1
6773,1
6774,1
6775,0
6776,3
6777,2
6778,1
6779,5
6780,2
6781,1
6782,0
6783,3
6784,0
6785,2
6786,4
6787,3
6788,1
6789,2
6790,0
6791,4
6792,2
6793,2
6794,1
6795,1
6796,3
6797,3
6798,0
6799,3
6800,2
6801,3
6802,1
6803,3
6804,4
6805,3
6806,1
6807,3
6808,2
6809,1
6810,2
6811,3
6812,2
6813,3
6814,3
6815,1
6816,3
6817,3
6818,2
6819,4
6820,2
6821,3
6822,1
6823,3
6824,2
6825,0
6826,3
6827,6
6828,0
6829,0
6830,2
6831,3
6832,4
6833,0
6834,1
6835,0
6836,1
6837,0
6838,6
6839,2
6840,0
6841,1
6842,1
6843,5
6844,3
6845,3
6846,1
6847,1
6848,4
6849,3
6850,1
6851,3
6852,3
6853,3
6854,1
6855,0
6856,4
6857,1
6858,0
6859,2
6860,3
6861,1
6862,1
6863,1
6864,3
6865,0
6866,4
6867,2
6868,3
6869,3
6870,1
6871,1
6872,4
6873,1
6874,1
6875,1
6876,3
6877,1
6878,1
6879,2
6880,3
6881,1
6882,2
6883,1
6884,3
6885,4
6886,3
6887,7
6888,2
6889,2
6890,1
6891,2
6892,0
6893,2
6894,1
6895,0
6896,2
6897,1
6898,3
6899,2
6900,1
6901,1
6902,1
6903,2
6904,0
6905,2
6906,1
6907,6
6908,1
6909,1
6910,1
6911,1
6912,4
6913,3
6914,4
6915,3
6916,2
6917,1
6918,0
6919,2
6920,1
6921,1
6922,1
6923,1
6924,0
6925,1
6926,1
6927,3
6928,2
6929,4
6930,1
6931,2
6932,2
6933,3
6934,1
6935,2
6936,4
6937,6
6938,4
6939,1
6940,2
6941,1
6942,0
6943,4
6944,1
6945,3
6946,2
6947,0
6948,2
6949,2
6950,0
6951,5
6952,2
6953,2
6954,2
6955,1
6956,3
6957,2
6958,0
6959,6
6960,0
6961,3
6962,4
6963,1
6964,3
6965,2
6966,2
6967,1
6968,2
6969,3
6970,2
6971,6
6972,2
6973,1
6974,2
6975,3
6976,2
6977,3
6978,0
6979,3
6980,2
6981,3
6982,2
6983,1
6984,0
6985,2
6986,3
6987,4
6988,2
6989,6
6990,3
6991,1
6992,2
6993,1
6994,2
6995,2
6996,5
6997,0
6998,3
6999,1
7000,3
7001,2
7002,3
7003,3
7004,1
7005,3
7006,1
7007,2
7008,5
7009,5
7010,4
7011,3
7012,0
7013,5
7014,2
7015,2
7016,2
7017,1
7018,4
7019,2
7020,2
7021,2
7022,3
7023,4
7024,2
7025,3
7026,0
7027,3
7028,1
7029,1
7030,4
7031,0
7032,1
7033,2
7034,2
7035,3
7036,2
7037,2
7038,1
7039,4
7040,3
7041,1
7042,2
7043,1
7044,1
7045,5
7046,2
7047,3
7048,1
7049,2
7050,2
7051,1
7052,0
7053,4
7054,2
7055,2
7056,3
7057,4
7058,2
7059,0
7060,2
7061,2
7062,1
7063,3
7064,2
7065,1
7066,4
7067,1
7068,3
7069,2
7070,4
7071,3
7072,1
7073,1
7074,2
7075,1
7076,2
7077,2
7078,2
7079,2
7080,5
7081,5
7082,2
7083,3
7084,2
7085,1
7086,1
7087,2
7088,2
7089,0
7090,5
7091,1
7092,0
7093,3
7094,3
7095,1
7096,4
7097,1
7098,0
7099,2
7100,1
7101,0
7102,0
7103,2
7104,4
7105,1
7106,1
7107,2
7108,0
7109,1
7110,0
7111,7
7112,2
7113,0
7114,2
7115,5
7116,2
7117,3
7118,1
7119,2
7120,3
7121,2
7122,3
7123,0
7124,0
7125,2
7126,2
7127,2
7128,0
7129,2
7130,4
7131,3
7132,3
7133,2
7134,2
7135,3
7136,5
7137,1
7138,3
7139,2
7140,3
7141,3
7142,2
7143,4
7144,2
7145,4
7146,4
7147,2
7148,2
7149,3
7150,1
7151,0
7152,1
7153,1
7154,2
7155,3
7156,1
7157,0
7158,2
7159,4
7160,0
7161,2
7162,1
7163,2
7164,1
7165,3
7166,3
7167,2
7168,4
7169,1
7170,4
7171,2
7172,3
7173,2
7174,0
7175,3
7176,2
7177,2
7178,3
7179,2
7180,2
7181,2
7182,0
7183,1
7184,2
7185,1
7186,4
7187,1
7188,2
7189,1
7190,3
7191,3
7192,5
7193,0
7194,2
7195,2
7196,3
7197,2
7198,2
7199,2
7200,1
7201,3
7202,4
7203,2
7204,4
7205,0
7206,2
7207,2
7208,6
7209,1
7210,1
7211,0
7212,2
7213,2
7214,2
7215,0
7216,2
7217,0
7218,0
7219,1
7220,2
7221,0
7222,1
7223,0
7224,1
7225,0
7226,0
7227,0
7228,1
7229,3
7230,2
7231,1
7232,1
7233,2
7234,4
7235,4
7236,0
7237,2
7238,2
7239,2
7240,1
7241,2
7242,0
7243,0
7244,3
7245,3
7246,0
7247,2
7248,2
7249,2
7250,3
7251,1
7252,0
7253,3
7254,4
7255,3
7256,1
7257,0
7258,1
7259,3
7260,2
7261,1
7262,1
7263,4
7264,1
7265,1
7266,2
7267,3
7268,1
7269,2
7270,1
7271,2
7272,0
7273,4
7274,3
7275,2
7276,0
7277,4
7278,1
7279,1
7280,2
7281,0
7282,1
7283,1
7284,1
7285,4
7286,6
7287,2
7288,2
7289,2
7290,3
7291,0
7292,1
7293,0
7294,2
7295,3
7296,2
7297,1
7298,1
7299,1
7300,3
7301,1
7302,4
7303,0
7304,0
7305,3
7306,3
7307,5
7308,3
7309,1
7310,0
7311,2
7312,4
7313,1
7314,1
7315,4
7316,1
7317,4
7318,0
7319,1
7320,2
7321,1
7322,4
7323,2
7324,1
7325,0
7326,4
7327,1
7328,3
7329,2
7330,2
7331,3
7332,1
7333,0
7334,4
7335,1
7336,3
7337,0
7338,4
7339,0
7340,1
7341,2
7342,3
7343,2
7344,2
7345,0
7346,1
7347,1
7348,0
7349,2
7350,2
7351,2
7352,0
7353,2
7354,2
7355,2
7356,2
7357,4
7358,1
7359,2
7360,2
7361,4
7362,1
7363,1
7364,1
7365,2
7366,4
7367,0
7368,2
7369,3
7370,4
7371,3
7372,4
7373,2
7374,4
7375,1
7376,2
7377,0
7378,0
7379,1
7380,1
7381,3
7382,2
7383,3
7384,3
7385,5
7386,4
7387,2
7388,3
7389,0
7390,5
7391,0
7392,4
7393,3
7394,1
7395,0
7396,2
7397,2
7398,5
7399,3
7400,1
7401,3
7402,4
7403,2
7404,5
7405,1
7406,3
7407,3
7408,2
7409,4
7410,0
7411,0
7412,0
7413,4
7414,2
7415,2
7416,4
7417,1
7418,1
7419,4
7420,1
7421,3
7422,3
7423,0
7424,3
7425,1
7426,2
7427,1
7428,2
7429,1
7430,5
7431,0
7432,0
7433,0
7434,4
7435,1
7436,0
7437,0
7438,5
7439,1
7440,3
7441,1
7442,4
7443,4
7444,2
7445,2
7446,2
7447,3
7448,1
7449,1
7450,4
7451,2
7452,4
7453,2
7454,5
7455,2
7456,1
7457,1
7458,4
7459,2
7460,1
7461,2
7462,3
7463,1
7464,1
7465,1
7466,1
7467,2
7468,1
7469,6
7470,2
7471,3
7472,3
7473,0
7474,4
7475,2
7476,2
7477,2
7478,1
7479,2
7480,4
7481,3
7482,4
7483,0
7484,1
7485,1
7486,2
7487,1
7488,1
7489,2
7490,0
7491,4
7492,5
7493,1
7494,2
7495,2
7496,0
7497,1
7498,3
7499,0
7500,1
7501,0
7502,5
7503,1
7504,1
7505,1
7506,1
7507,1
7508,0
7509,0
7510,1
7511,1
7512,3
7513,5
7514,0
7515,1
7516,3
7517,4
7518,2
7519,2
7520,3
7521,3
7522,0
7523,7
7524,2
7525,3
7526,2
7527,2
7528,0
7529,0
7530,3
7531,0
7532,2
7533,4
7534,3
7535,1
7536,5
7537,5
7538,2
7539,1
7540,2
7541,1
7542,2
7543,0
7544,2
7545,0
7546,3
7547,2
7548,5
7549,3
7550,3
7551,5
7552,2
7553,4
7554,2
7555,1
7556,3
7557,4
7558,1
7559,1
7560,3
7561,2
7562,0
7563,2
7564,0
7565,1
7566,1
7567,2
7568,5
7569,2
7570,3
7571,1
7572,0
7573,1
7574,0
7575,3
7576,3
7577,6
7578,1
7579,4
7580,5
7581,1
7582,3
7583,5
7584,2
7585,2
7586,1
7587,1
7588,4
7589,4
7590,3
7591,1
7592,2
7593,0
7594,2
7595,1
7596,0
7597,2
7598,2
7599,2
7600,2
7601,3
7602,1
7603,5
7604,1
7605,1
7606,0
7607,2
7608,1
7609,0
7610,0
7611,4
7612,1
7613,2
7614,2
7615,2
7616,4
7617,3
7618,0
7619,1
7620,0
7621,2
7622,3
7623,1
7624,4
7625,4
7626,1
7627,0
7628,3
7629,1
7630,2
7631,3
7632,3
7633,3
7634,3
7635,2
7636,1
7637,1
7638,3
7639,1
7640,0
7641,0
7642,1
7643,2
7644,2
7645,1
7646,1
7647,5
7648,1
7649,0
7650,1
7651,2
7652,2
7653,2
7654,2
7655,4
7656,1
7657,2
7658,2
7659,0
7660,3
7661,1
7662,1
7663,0
7664,0
7665,2
7666,2
7667,3
7668,0
7669,0
7670,4
7671,0
7672,0
7673,2
7674,1
7675,1
7676,4
7677,1
7678,0
7679,4
7680,2
7681,0
7682,0
7683,1
7684,2
7685,1
7686,1
7687,1
7688,4
7689,3
7690,3
7691,2
7692,2
7693,2
7694,4
7695,0
7696,1
7697,0
7698,2
7699,3
7700,3
7701,2
7702,1
7703,3
7704,0
7705,2
7706,3
7707,2
7708,1
7709,3
7710,1
7711,0
7712,3
7713,2
7714,2
7715,1
7716,3
7717,4
7718,4
7719,1
7720,4
7721,2
7722,2
7723,2
7724,7
7725,2
7726,0
7727,1
7728,1
7729,1
7730,1
7731,2
7732,2
7733,2
7734,3
7735,2
7736,4
7737,2
7738,2
7739,2
7740,4
7741,5
7742,0
7743,3
7744,1
7745,0
7746,3
7747,2
7748,3
7749,0
7750,0
7751,1
7752,2
7753,1
7754,1
7755,3
7756,2
7757,1
7758,2
7759,3
7760,4
7761,2
7762,4
7763,2
7764,6
7765,2
7766,3
7767,2
7768,1
7769,0
7770,1
7771,1
7772,1
7773,4
7774,2
7775,1
7776,1
7777,2
7778,3
7779,3
7780,3
7781,4
7782,6
7783,4
7784,2
7785,4
7786,2
7787,1
7788,3
7789,7
7790,1
7791,2
7792,2
7793,1
7794,1
7795,3
7796,3
7797,3
7798,0
7799,1
7800,2
7801,2
7802,2
7803,4
7804,1
7805,4
7806,2
7807,0
7808,3
7809,2
7810,8
7811,2
7812,0
7813,2
7814,0
7815,1
7816,3
7817,0
7818,3
7819,0
7820,2
7821,4
7822,7
7823,2
7824,0
7825,2
7826,1
