3939250,1
6269670,1
6084691,0
3743681,0
3798881,2
3605363,0
3822321,1
3609126,2
3829655,2
3610306,1
3822326,2
3610308,1
3608410,2
3608413,2
3859197,2
3039737,0
726546,0
3608438,2
3829495,2
154728,1
2657406,0
1366427,0
780600,3
3833547,1
3607447,0
3772274,0
5096892,0
4715063,2
3609570,2
3608094,0
3608097,0
3608096,2
3608093,2
3608092,1
3832412,2
3832410,0
2690828,0
3832417,0
3832415,2
3609273,2
3609270,2
3608679,2
3609277,2
3609274,2
3609275,0
3608076,2
3608074,0
2670357,1
4874426,0
3828836,1
3819426,2
3819393,1
4626241,0
3608078,0
4733,1
3610238,2
6154122,0
5208241,1
3610236,1
3610541,1
3859057,2
2610138,2
3610545,1
3609470,0
3895807,2
3609472,2
3609474,2
3609476,2
1569919,2
3829786,2
3609479,2
3815574,1
3696752,0
3831611,2
3650543,2
3609221,0
903489,0
3605742,2
3605743,2
3830568,0
780172,1
3815974,2
780170,2
5788072,2
3676198,2
3792023,0
3275495,2
780179,5
3818262,2
3609618,0
3609619,2
3821406,0
3605580,1
780446,1
4875066,0
3609610,2
3609611,0
1328582,2
3609613,0
3605588,2
3609615,0
3609616,0
3818060,2
3824957,0
3649733,1
3834588,1
5638777,1
2317928,2
6198959,2
689312,0
3610128,1
3946970,2
3893364,2
6294144,1
3606728,1
4954285,0
4413688,2
3606724,2
3826314,1
3606720,1
3829876,0
3606722,1
3815402,2
3606106,0
2039567,2
780354,3
3607986,0
3607455,1
780359,3
3606054,2
3607450,2
3607983,2
3607452,2
3607453,2
3609104,1
3609105,2
3609106,1
3609107,1
3609100,0
779681,0
3609102,2
3609103,0
3609108,2
3609109,2
1551179,1
3609294,1
3607851,0
3609296,2
3609297,0
3607856,1
3609450,2
817631,2
3820339,0
4604494,0
3610054,1
3610050,1
3831810,2
3823588,2
3827131,2
3817735,1
578371,2
3827135,2
3827134,0
3607678,2
1504615,2
3829129,2
5950402,0
3778623,1
780064,1
3872639,2
3816443,2
3816441,2
3970992,1
5004915,1
3606212,1
780599,11
780598,2
927719,0
780595,2
780594,1
780597,3
780596,2
780591,1
780590,4
780593,6
780592,2
3920747,0
3687897,2
6313579,0
3933482,2
780757,1
709989,2
3824038,0
1493875,2
3636067,2
3647150,0
3815922,2
3775523,0
3816535,1
3816538,1
1235307,2
3607297,1
3608098,2
4650622,2
1554934,0
5179026,0
633455,1
718976,2
3822307,2
3635571,1
3979858,2
752230,2
3605993,0
6272742,0
3668734,3
3830038,2
3830036,2
3834106,1
3830034,1
780160,3
3492518,2
1446180,0
779932,0
712807,1
3815820,2
3824788,2
3828858,2
3493029,2
24159,0
4893734,2
780043,2
4638294,0
6268980,2
3820249,2
3544008,1
2769430,0
3605995,1
6296142,0
3820240,1
3824145,2
3599833,0
3824143,2
1541919,1
3675989,1
3607189,2
727606,0
727607,0
727605,0
1638058,0
3983044,1
2019491,0
3059398,1
3608904,2
4872318,2
727608,0
727609,0
2795657,1
3606273,2
3829306,2
3829335,0
2417144,0
1473731,2
779930,1
6219460,0
780063,1
2728995,2
3819013,2
732864,3
3822621,2
735384,0
3799218,3
3831685,2
3696982,2
67109,0
3609311,1
3835068,1
3900321,2
3834643,1
780062,2
779674,4
1364818,0
779671,7
758761,0
3825362,2
3827637,0
3822404,2
3822407,2
3822799,0
778848,3
3967499,1
3821446,2
76084,2
3822793,2
754078,0
5415370,1
3822797,1
719125,1
3648581,0
3094780,1
747234,1
3817591,0
780562,8
2939835,0
1530991,2
3731937,2
3609828,1
3825568,2
749681,0
4823278,1
3825562,0
263176,2
3822064,1
3828001,0
3829739,2
5995874,0
3822247,1
3705143,0
3608713,2
780246,5
2753134,2
1473027,0
3608715,2
3698429,2
3605912,2
3822086,2
3605910,1
3822081,2
3822082,2
3605914,1
3840044,1
3454219,1
3611150,1
3758018,1
3343957,0
922454,2
3607476,2
4871776,2
3588260,2
3703208,1
6192891,2
6133631,0
3598181,0
3828831,2
3444033,0
3825318,2
3823425,2
2768446,2
3879598,2
2781255,0
3818852,1
3823420,2
3823423,0
3608406,1
3608407,2
3823755,2
3825253,2
3823200,2
3608400,2
3608401,1
6144501,2
3590535,0
777109,1
3608408,2
3608409,0
3672529,1
2794357,2
3822337,2
3696597,2
3605433,2
3821711,2
5378522,2
3605828,2
1204116,2
2786191,0
3605825,2
3605824,2
2764662,0
3605822,2
3605821,0
3605820,2
838272,0
3524732,2
3608088,2
3590337,0
2867397,0
3609655,2
710427,1
3608082,2
3608080,1
689732,4
3608086,0
3609730,2
3608084,0
3608085,2
3867764,2
3610237,1
2797276,1
3607626,0
3891002,0
780455,4
2690814,2
3608064,2
5309376,2
754259,0
3609598,2
3608060,2
3608061,2
3969897,1
3825275,2
3833950,0
3828825,1
1812490,2
3609045,2
3609044,2
3609595,0
3610208,2
3606932,3
779880,1
5700933,2
2104743,2
6227852,0
3610202,1
2756754,2
3825807,2
4081800,2
3826098,2
3773804,1
402023,0
3819097,1
3819096,2
3609441,2
3609440,0
3609442,0
3609625,0
2673497,2
3609626,0
780106,1
3609620,0
3609623,0
3609622,2
3818272,2
3713507,0
3609629,2
3609628,0
732224,2
3818096,2
3609478,0
4237157,2
3819071,1
3118011,0
3818075,1
3818077,1
700642,0
3829488,0
3607503,1
3829843,0
3610112,1
4865143,2
3827235,0
3610119,1
3818097,2
3822269,1
776184,0
4946390,2
776180,0
3606733,2
3606731,1
3606736,1
2685874,0
3831779,2
3606112,2
3606111,2
3907745,2
3938250,1
3824523,2
20880,2
4403884,0
3606119,1
3814038,2
6157014,0
3823877,2
3609131,2
3609133,2
3794973,0
3609135,2
3609134,2
780618,4
780619,3
780616,3
780617,4
780614,3
780615,2
780612,2
780613,1
3938099,2
780611,5
3606596,1
3606595,1
3605744,1
778918,6
3822052,0
3609216,2
3607864,0
487334,1
2756831,0
772600,3
3607862,2
780293,2
3606024,1
780291,6
3610065,2
3817200,1
3610067,1
780675,1
3830821,2
3607514,0
780298,1
3817726,1
3607511,1
3608795,2
3830827,2
3607512,2
3817455,2
3605749,2
742504,1
3785831,0
3817102,1
2669915,0
3609099,2
3817109,2
3607366,1
3825416,2
6049315,1
3818100,1
5606744,0
779929,10
3084265,0
2751166,2
3606202,2
3818109,1
3718764,0
3818295,2
463102,1
3421204,0
3823100,2
2700654,2
3824026,0
3608878,2
3608877,2
3824029,2
3608875,2
3608874,2
2667615,2
5630587,0
3608871,2
3608870,2
3827057,1
3827051,1
6307444,1
3817581,2
518185,2
3817583,2
5323881,2
743435,0
3205815,0
3533782,0
3609211,2
3752676,2
3609209,2
3829065,2
702870,0
3828565,3
780079,0
3831759,1
779714,1
3607241,2
3607240,2
3464236,0
3607245,2
1796301,0
4666982,2
3937954,1
3607249,2
3608727,2
3925940,2
3834257,2
4154382,1
3609657,0
3818064,1
780433,1
780430,3
780431,0
3926062,0
3820278,1
780438,1
780439,1
3607645,2
4145768,1
3607646,0
743322,0
1473153,2
3608983,2
3609617,2
3824150,0
3687518,2
3609213,2
1048634,0
779406,2
5328792,1
54188,0
3579831,0
3816078,2
757404,0
3825686,2
6162984,2
3785887,0
3830104,0
747339,0
3823230,0
3493138,2
3820872,2
3820870,1
3824162,0
4456324,2
3829422,2
122157,1
755936,1
3727101,2
3824953,2
3607309,2
3820469,2
2786549,2
3826628,0
3825778,2
3643697,2
5150628,2
3834385,2
3897433,2
284764,0
779661,1
3821698,2
3829425,2
4413248,0
3926700,0
3603988,0
3608434,2
31116,0
29598,6
393085,0
3606974,1
789695,0
4905085,2
6043485,0
443384,0
3706834,0
780362,1
3829429,2
3821450,2
745783,0
2670309,4
1052315,0
3829285,1
3829879,2
3833703,2
3825518,2
4178103,1
3825513,1
780200,0
2692419,1
3825516,1
6082416,1
3608279,1
3792310,0
6250939,2
3815880,0
2764538,0
3609684,0
5267118,2
3608277,2
3608276,2
4826891,0
4416613,2
2749471,2
2742356,2
2767212,2
3605909,1
4128615,2
3871092,0
3610827,1
3762498,0
3887314,2
5335624,2
3816169,0
3606721,1
4568049,0
3823046,2
3610532,1
3905180,2
3788663,0
3825350,1
747682,0
3808627,2
3823433,2
3823927,2
3833389,2
3825358,2
3823434,2
3823923,1
3823210,0
3608470,2
3608430,1
3830327,2
1160621,1
780352,1
3823218,2
23888,0
3823749,0
3605941,2
774649,0
3605942,2
3607591,2
3829478,0
3605839,2
3822287,2
3605834,2
2689838,2
3829476,2
3605837,2
3605830,0
3605832,1
6277266,1
6101829,2
5114582,0
3823472,2
3815377,1
3785626,0
3607456,1
3823329,0
5782441,0
3609057,2
3609052,0
3609053,2
3609050,2
3609051,0
3118644,0
3606109,2
3609058,0
3606108,2
3608051,2
3824800,2
4264853,0
3606459,1
3608507,2
3609581,2
3608505,2
3609583,2
3609584,2
3609586,2
3609587,2
3751345,2
4862535,0
1239652,2
3606909,0
3606908,2
3606905,2
3606904,0
3606907,2
3606906,0
3606901,0
3606900,2
3606903,2
3606902,0
3832540,1
5056062,0
3609458,2
3785712,0
1250390,1
3311718,0
6084840,1
3832549,1
3837718,1
3609451,2
11296,0
5105308,2
3609454,0
3819085,1
3609633,2
1307523,2
3609631,0
3609636,0
1415309,2
3609634,2
3609635,0
3609638,0
5886476,2
5789092,2
6330225,2
3977437,1
3818048,2
3899106,2
356837,0
6120013,0
3608533,1
3610102,2
3610103,1
3610100,1
4806068,3
3610107,1
3610104,2
5593361,2
2550845,1
3610109,2
4667576,0
779373,3
2667279,2
3605835,2
3873213,0
3605123,0
4272362,2
3605630,2
3605124,0
4609298,2
779983,1
779980,2
3831708,2
3609208,1
240947,0
3606471,1
3607502,1
3609554,2
3606474,2
3606477,0
3606476,2
3821613,1
3661190,2
3845052,2
3827844,2
3609552,2
3781270,0
3778383,0
3865702,2
3609003,0
3609128,2
3609129,2
780605,3
780604,11
3609124,1
780606,5
3609122,2
3609123,0
3825991,1
780602,1
3606875,2
6225143,2
3606876,1
3827446,2
3606744,2
3607872,2
2837033,0
3606879,0
3606878,2
3830839,0
780280,1
3606051,2
3817739,2
780285,2
5560045,1
780286,2
780289,2
780288,6
3829186,1
2768613,1
3607507,1
3607504,1
3607505,2
3607894,2
3607895,2
1287601,0
3607897,0
772987,0
3608439,2
3817442,1
729146,0
3817118,1
3830615,1
3607898,2
729145,0
6268090,3
3903921,2
735954,0
2765230,2
3606278,1
3893795,0
3821845,2
3606272,2
3607559,2
3606277,1
5627419,2
3407160,0
4946507,2
3846563,0
3825484,0
3608868,2
3608869,2
3641222,2
3608864,2
3608865,2
3608866,2
3608861,2
1542760,1
3608863,0
2031157,0
3827062,2
3827064,2
3827069,2
3607524,2
3608027,1
2108769,2
779279,0
1360734,0
3829075,2
2749115,0
6272968,1
604244,1
5644308,2
729677,2
3977854,2
5897172,1
6208456,0
3606304,1
4605554,0
3605918,2
3902723,2
3607256,2
1231595,2
3547066,0
3607255,2
3607253,2
3607250,2
780425,1
780424,7
780426,1
683711,0
3828487,1
780422,2
1396548,1
346558,0
780428,1
3609071,2
871077,2
3824168,1
3815382,1
3609407,2
3820461,1
701464,34
3608990,2
3824160,2
3608992,2
3608993,2
3608994,2
3824164,1
743003,0
3678001,0
1155913,1
5852620,0
3825690,2
3606718,1
3816085,2
3821514,2
3816080,0
779058,1
3084103,0
3825300,2
4178845,2
1397545,1
3607775,0
3794520,0
3820865,1
6271949,2
3825169,2
3926958,0
3834624,2
1053543,0
779502,0
4456334,2
3834628,1
3609747,0
3904801,2
3825165,0
3815914,2
3744994,2
2780843,0
3821205,2
780296,0
3636623,1
3825765,0
3825766,2
3897421,0
3825760,0
3825762,2
3757794,1
1538376,2
3825181,1
453076,1
2695744,2
779695,0
779692,3
3926782,2
3610098,2
2784417,0
779051,1
3821428,2
3929929,2
365281,4
3821423,1
779507,0
2730487,1
3821424,2
2720320,2
3817139,1
3821952,2
735141,2
3825508,1
2717702,0
2780095,0
3834282,1
3832430,2
780551,3
3834289,1
3828061,2
4506786,1
3825506,2
3821866,1
3609702,0
3819133,1
3818110,2
3608506,2
5700356,0
2778862,2
3598529,0
3821736,0
3821735,2
3606218,2
1448450,0
3900019,0
3815742,0
3663637,1
779823,2
3752427,2
4083656,2
793682,2
3833158,2
652266,1
3828632,2
3833409,2
3832975,1
611026,0
3253090,0
4560176,1
3833393,2
3825436,2
3825341,2
3825432,2
644191,0
3825348,0
1224912,2
3825438,2
579032,0
2781236,2
756292,0
3608460,0
3829832,0
3823773,2
4230110,2
3608466,0
3608467,2
3608468,1
6269601,2
3819275,2
751225,2
3828060,2
1464640,2
3608881,2
3822350,2
3609721,2
3822355,2
3677693,1
2677336,0
3605809,0
3605808,2
3923670,2
3605801,2
3605800,1
3829442,2
1399311,2
3605804,1
3605807,2
3605806,0
3824046,2
4279458,2
779645,6
3821945,2
575728,0
5183150,2
3825110,2
3607212,2
3815696,1
3833570,1
3609097,2
3833972,2
3819472,1
4037653,1
2331745,0
3609024,0
3608685,2
3609029,2
3609095,0
3608680,0
5937015,0
3657271,2
3023346,0
3608518,0
3608519,2
4589786,2
3609310,1
3608514,2
3823171,2
3608045,2
3608510,2
3608043,2
3608040,2
3608041,2
3608234,2
3606918,1
3606919,2
201155,0
3606281,0
5978250,2
3606910,1
3606916,2
3606914,2
3606915,0
3574478,0
3608197,2
3608198,1
1372537,2
5458247,1
580301,1
3833888,1
3605798,2
3606680,1
3177796,0
3605791,1
3823450,2
780126,1
3607354,2
3605795,2
3200317,0
3685335,0
780123,2
3609481,0
3609480,2
3609483,0
3609482,2
3609485,2
3609484,2
3609487,2
3828453,2
3609488,1
3609333,2
3609332,0
3609331,2
3609330,2
240975,0
2666399,1
6089903,1
3907104,0
5568460,2
3610466,1
3817901,1
3610460,1
3607835,2
764668,1
2690871,1
3816922,2
3826187,2
2664073,2
3605484,1
6257737,0
3605481,1
615528,1
3605482,2
3827034,2
3610484,1
3827858,1
3606468,2
3610480,1
3827587,1
3609069,0
3827857,2
780384,1
5315556,2
3822143,1
780387,1
780638,4
780639,5
739563,2
1293982,1
3605463,2
3865774,0
780630,5
3895708,2
780632,1
3609150,2
780634,5
780635,5
780636,3
780637,3
773751,1
3950595,1
3579076,0
3830846,2
2751203,2
6217915,2
773758,0
5657890,1
3822698,2
3807725,2
3830533,2
3829395,0
3811336,2
3830530,2
3833902,1
3826981,2
3610000,2
3826985,0
1058808,3
3831820,2
631782,0
5242737,1
2720860,2
3609410,2
3607319,0
4426351,2
3607314,2
3822310,2
3579746,0
780256,2
3873155,2
775759,1
5053805,1
4996651,0
3606260,2
3821853,1
3821850,2
3606263,2
3606264,2
3606265,1
1594806,0
750847,1
3608859,1
3607791,1
3608850,2
3608853,2
3607798,1
3608855,2
3306767,0
3608857,2
2700634,2
3904344,2
3607400,1
3834362,1
3607409,0
224319,68
719544,0
3830283,0
3880168,2
3876576,2
3609175,2
2749109,2
780462,2
2714375,2
3921405,0
5222103,0
3882290,2
2358884,2
3775595,2
3609176,0
3631437,2
3609171,2
3939105,0
2786272,2
3607608,1
3830587,0
3825973,0
3824177,1
3971009,2
780415,1
780416,2
2913969,2
1013078,2
3692010,2
3820294,0
772790,0
3820290,2
820237,2
3824221,2
2106796,0
772157,0
3815864,2
2722211,2
3613614,1
3791740,2
3830463,0
779461,2
779463,2
1240159,2
3821508,2
3821509,2
3824758,1
780521,2
5837657,2
3825433,0
3824753,2
3609704,0
3609178,2
3817306,2
3715300,2
3830467,2
3817300,0
3816257,1
2777509,2
2416669,2
886662,2
3824623,1
3576731,0
3815320,1
731010,1
5302276,0
6045277,1
2785313,2
3816653,2
748264,0
3235831,0
780529,4
3634522,2
3825753,0
3825752,2
3526601,0
1443554,2
3825756,1
4854846,0
6171286,1
729038,0
6233156,1
3609679,2
729037,0
729036,0
729035,0
3822740,2
3996655,0
3537404,0
2740605,0
3609677,2
779044,1
3619992,1
3609813,0
595113,3
3749070,2
4386021,3
3825530,2
3609814,0
3609815,2
744910,0
2758182,2
537209,0
3609698,2
3600949,0
3824882,1
6260616,0
3822636,2
3822634,1
3815957,1
3607440,1
3834293,1
4920,1
1684141,1
6261410,1
3824071,1
6007,1
6308272,1
5552343,1
3824148,2
3827571,1
2756184,0
5965115,2
3821724,2
3857890,2
3821721,0
6233710,2
5057567,2
3748107,2
3821728,1
3618452,2
1380013,2
3147590,0
3608749,1
3647247,1
3609388,2
5012481,0
3609260,2
5070725,2
3833162,2
3827472,1
3695335,0
3607188,0
3825406,0
3825409,2
3594241,0
6261931,2
2897140,0
3830867,2
809859,1
3822182,0
3822365,2
1407078,0
5849895,0
3608459,1
3608329,1
3608328,1
3608326,2
3608325,2
3608324,2
6127665,0
3608450,2
3608678,2
3822167,2
3605817,2
3822165,2
3605815,1
740595,0
3606882,1
3305530,0
5873894,2
3496761,0
3607730,1
3605818,1
780525,3
735576,0
3607382,2
5244524,1
720753,1
3698581,1
3608213,2
3829954,2
3867861,2
1713890,0
3829953,0
3608219,1
631894,0
3610099,1
3815685,2
3609030,0
6302501,2
3609033,0
3609034,2
3609035,0
3609036,2
3609038,2
6238121,1
3608529,0
6274644,0
3829985,2
6116873,1
6025589,2
3823162,0
3608522,2
3938187,1
3608527,0
2057987,0
629827,3
3815533,1
2234514,1
2751122,1
3815536,2
3713959,0
3648950,2
779853,1
1784024,1
3888432,1
3878217,2
3142169,1
32909,0
3468742,1
3924715,0
2313520,2
4332113,2
3605435,1
6015079,1
3991148,1
3609087,2
3895624,0
6161783,2
975939,2
699965,1
4111116,2
780137,0
780485,2
3606671,0
3606670,2
3823015,0
3583764,0
3609328,0
3609329,2
3609498,2
3609499,0
3609324,0
3609497,2
3828905,2
3609495,2
3609322,0
3830882,0
2667252,1
1205230,1
780481,3
323521,0
619593,1
3184745,0
749187,0
5213493,2
3786242,0
4420957,0
2912420,3
3826624,2
3831724,2
3831721,2
3817411,2
3780610,0
780626,3
780625,21
780624,3
780623,2
780622,5
780621,2
3817685,0
3827861,0
4243957,2
3606410,2
3830450,2
780629,3
780628,3
3605474,0
3605475,0
3606789,1
3606788,0
1329165,2
2915342,2
4464824,0
3605478,1
3605479,1
762382,1
3607569,2
3797361,1
3826994,1
3694804,2
3617059,1
3827468,0
3606899,2
3827464,2
3828611,1
3606894,1
3606893,1
4347020,2
3606891,1
3827462,2
3605786,2
3727502,2
3601573,0
6259320,0
3815695,2
3942833,0
3827911,2
3827913,0
3608836,2
3606255,2
3609023,2
3606251,2
3606250,2
3606521,1
3606520,1
800756,1
3606259,1
3606528,1
3608846,0
3608847,2
3608845,2
3608842,2
6110863,0
3608841,2
3609438,0
3608947,0
3781458,0
3608848,2
3608849,2
3606253,2
3607781,0
3192990,2
5264434,2
3605773,1
2658018,0
3607786,2
3607788,1
777374,0
4115456,1
3828728,2
3751088,1
3780584,0
2460518,1
3607416,1
780390,0
6240,1
3607419,1
3212797,0
3609340,0
3827005,2
780398,3
4105736,0
4387530,2
4141561,1
4434576,2
3830079,0
3672433,2
3824293,2
3830275,0
3830276,2
117305,1
3606325,1
3606324,1
3606327,2
6173973,0
3817261,1
3607232,2
3607233,2
3607235,2
3607236,2
3607237,2
4467031,1
2839813,0
780409,1
6234368,2
3820285,2
780405,3
3816798,2
1238115,1
780402,5
3820282,1
780400,0
411346,1
5232957,1
3830183,2
3830181,2
18417,0
3820444,2
4572925,0
6023381,0
3609703,2
3609680,0
780570,2
6106404,0
3632851,1
743304,0
1285695,0
779322,8
779320,0
3817314,1
3609952,2
3617949,1
3817317,2
3817310,1
2944555,0
3609955,1
3833872,2
3875084,2
3609959,1
3609958,2
735010,1
3610180,1
778508,1
3695878,2
3609700,0
2818912,1
2538010,0
3825745,2
469943,0
3834359,0
3607547,3
3834357,2
3610186,1
3834354,2
2211188,0
3834351,0
3825749,2
3608942,2
4493786,2
3607545,2
3819033,2
3744616,0
3610185,1
3828595,2
3833359,1
5190102,0
3821405,2
1159626,0
3612064,2
778034,1
3821403,2
3822755,1
3821917,0
3795273,2
3821408,2
3823418,2
2750450,1
2683992,2
779520,1
3833779,1
779523,0
6078234,2
2718617,2
3825520,2
3825521,2
5991263,1
1543395,2
3813761,0
3608940,2
6242998,2
3822993,1
3822990,0
3822625,2
5994124,2
779867,2
2730827,2
6029411,0
4700708,2
1133383,2
3607931,2
3845128,0
3647659,2
3822571,2
3822573,2
3825254,1
3826131,2
1277626,2
3822305,2
3821714,0
3607586,2
3821719,2
3821718,1
3609173,2
3823916,1
6152233,2
3709467,2
3787670,0
1181696,2
6213886,2
2753048,2
3607202,2
3607721,2
3830127,2
186478,1
694770,2
3825418,2
819249,0
2678088,2
3825417,1
3822191,2
3825412,0
3822197,2
6261718,2
3608195,1
3608448,1
3792056,0
3609506,2
1763142,2
3608442,2
3823712,0
3608440,2
3608441,2
5974397,1
4306565,2
3608445,2
3608081,2
3605862,1
3605860,2
3829427,2
3605866,2
3605865,2
3605864,2
3823482,0
3605869,1
3605868,2
3822178,1
3578992,0
3815321,2
6255288,2
3815325,0
3699843,1
3607059,2
6093042,0
1494210,0
6207063,1
3608201,1
3822285,1
3608204,0
3276653,2
3576976,2
3929865,2
3608208,2
1616759,0
3043380,0
3609501,2
780209,0
3828860,2
3608537,2
3608534,0
3608535,1
3608532,2
3828865,0
2095148,1
3609558,1
3609557,0
1250291,2
3609555,2
3833997,1
2379179,0
3609551,0
3609550,0
3609708,2
779845,1
3609542,0
3608020,1
6218572,2
2340998,2
3791550,0
3610240,1
4470199,0
780578,3
3609230,2
6154391,1
3609985,1
6151297,2
3609231,2
4413854,0
3822701,2
3826051,0
3826050,2
603098,0
941863,2
3815784,2
3712383,2
3605790,1
3819218,2
3577108,0
3605793,1
4103955,2
3609509,2
4455213,0
1596354,2
3818037,1
5674911,0
4599927,2
3825772,1
3522506,0
1776490,0
2062649,1
3606663,1
3609319,2
3541185,2
3605797,1
3617606,1
3609504,2
3828914,2
5356438,1
3609313,2
1125069,0
3609315,2
3819036,2
780235,0
3609316,2
3829889,0
5257525,0
780194,0
3180643,1
1051416,0
3781999,2
3606342,0
3829882,0
780377,1
3819053,0
2611832,0
3680690,1
4588500,2
3827868,2
3769146,1
3608649,2
780473,1
3609795,2
3831733,2
3609797,2
3609254,2
3831737,2
3831734,0
3385717,0
780652,2
780653,4
780650,3
780651,3
780656,5
780657,5
780654,5
780655,1
3685269,2
732173,0
780658,17
780659,1
3606404,1
2767846,2
3606406,0
2459196,1
776125,1
780095,2
3815813,2
3658,1
3609772,2
3609771,0
3815816,1
3888286,2
3815818,2
3781203,2
6252343,2
6283224,0
3818322,3
4324016,2
3743763,2
773778,0
3606888,1
1143746,1
3607723,2
3606884,1
3827473,2
3606886,1
3606887,1
3606880,1
3606881,2
3827474,0
3830862,2
2728107,2
3607536,2
3616960,1
3827909,2
618728,1
3575720,1
6250388,2
3605867,2
669624,4
6207534,2
6295224,2
3831846,2
6120599,1
1825555,2
3607338,1
3606536,1
3132235,0
3606247,2
2016063,0
3607331,2
3606248,1
3607332,0
3817417,2
3817416,1
4202430,0
3817414,1
3608833,0
3608831,0
3608830,2
3742367,2
3608834,0
780278,1
3608839,0
3608838,2
6030043,1
3820670,2
3605913,2
3607729,1
2101695,2
3820729,2
3820727,1
3820724,0
3605911,2
3820721,1
3607321,2
3827018,1
3786571,0
2793195,1
5867507,2
3607939,1
3827871,2
3607424,0
3607427,1
3607426,1
3607933,1
3607420,1
3607423,2
3607930,3
3810207,0
3607756,0
3817256,2
3607201,2
891401,1
3607203,2
3607750,0
122843,1
2688255,2
2746631,1
3891421,2
743707,1
2747237,2
3830241,2
3609255,1
3817095,2
779721,0
3610508,1
715331,0
3605853,2
3606337,2
3606332,1
3606333,2
3606330,2
3719620,2
1106428,2
780478,2
780479,2
6018382,0
780472,4
1461886,0
3608945,2
3608944,2
780476,7
780477,0
780474,1
780475,2
1779635,1
3822125,2
3609405,2
3816419,2
3826124,1
3865006,2
3823275,1
3820124,2
3828806,2
3829367,2
3682766,2
1239253,0
3607362,1
3883490,2
3824732,0
1213456,2
779331,1
735009,2
3609948,1
3609949,1
3843924,1
3826635,2
3768297,2
780506,2
3835214,1
780504,2
780505,2
3834348,2
780503,1
780500,4
780501,2
3834612,0
3935271,1
3834611,2
3605705,2
3834617,2
780508,2
3605480,2
6194835,1
604274,0
62691,7
663377,0
3821896,2
3608883,1
757202,0
3821892,2
704327,0
2758133,2
3821413,2
3821410,2
3821411,0
3635673,1
757538,1
3232,1
3822760,1
3834989,1
778550,1
3816124,2
3786651,2
3816121,0
6202835,2
2291669,1
779020,1
4317720,2
6179084,0
6266523,2
3829081,2
1984830,0
3825088,2
3737852,0
3589012,0
3607594,1
3876445,0
3594233,1
3608937,2
2718596,2
3821527,2
5392238,0
4839345,0
3825646,2
3692216,2
2861563,2
869918,0
3157429,2
756315,2
3783756,2
780507,2
3876219,0
3963262,0
6319296,1
2799110,1
3821689,1
2665643,2
760153,0
6157372,2
3821708,0
3821706,2
780502,4
3821702,0
3821700,2
3831729,2
3119395,2
3609654,2
6100871,1
3608887,2
73827,0
3589120,0
2382213,2
784987,0
3040488,0
2753071,0
3857632,2
1214942,1
3834164,0
3825398,1
4259690,0
1032886,2
3818850,1
3486422,0
3825461,0
2716516,2
3714710,1
3825394,0
3833347,2
3825464,2
3823708,2
3782572,0
3609652,0
3608301,0
3608300,1
22605,0
3815830,1
3822383,2
3608404,2
3608307,2
736324,0
3605870,2
3605871,1
3605872,2
3608405,2
3829434,2
3834342,1
3605876,0
780631,2
3783376,0
3605879,2
3266485,0
3903631,0
2786167,1
4988611,2
780633,2
2752415,2
3610493,1
1049531,2
3605915,1
3833529,1
492583,0
3825265,2
3825264,2
710671,14
3825982,2
3823176,0
747805,0
3823363,1
777067,1
777066,0
3608543,2
3608542,2
3608540,2
704696,1
3609549,2
2662734,2
3609544,2
5268465,2
3609546,0
3666540,3
3930431,2
3608018,2
3609014,0
3608785,2
3608784,2
3810819,0
3608781,1
779837,1
3608783,2
3608782,1
3610252,1
3606866,2
3608789,0
3608788,2
3606867,2
726231,0
3651071,2
3607849,2
1979377,2
3826045,2
3845500,0
3826047,1
2406911,2
3870241,2
2480779,0
3690879,2
5763659,1
3815797,2
3815795,1
405661,2
3606338,0
1451407,0
3606659,1
3831694,0
699616,2
5672421,0
772163,0
3697611,2
780663,1
3831698,0
3609309,1
3523059,2
779814,1
3829894,2
4044714,2
3609084,2
3833832,1
3608766,0
3608169,0
3824938,2
3606339,1
3823030,2
3742776,0
3608491,1
755202,0
6247295,0
3608492,2
3608495,2
3598259,2
3609602,2
3609510,0
4465506,1
780662,3
3826820,2
3919228,2
740555,2
3786228,0
5586032,2
3820920,0
3781888,0
3609786,0
3609787,0
3609784,2
3609785,2
780641,1
780640,3
780643,2
780642,5
3609166,0
3609167,2
780647,4
3609165,2
780649,1
780648,9
3609439,2
3773738,1
56748,1
3605693,2
3609765,0
3093338,0
3818266,0
3609761,2
3609762,2
3815809,2
2756555,2
780089,0
3692145,2
3605452,1
763177,0
3610033,1
3761521,0
3610031,2
3609314,0
780660,2
647814,1
615406,0
3827648,2
6120870,1
3605826,2
2725838,2
4008194,2
3827391,2
744592,0
3829949,2
6228941,0
3818177,2
3606502,2
3818171,0
3818170,2
4353935,0
3605823,2
951308,0
3830899,2
3608820,1
3608821,2
5794044,1
3608823,2
3608824,0
3608825,2
3608826,0
3608827,1
3608828,2
3608829,2
93837,4
710872,0
780261,1
780260,2
1100034,2
2923312,0
3827021,2
1420033,0
1835963,0
4447778,1
4648304,0
3820731,1
3820732,1
1228236,1
3830477,0
3607438,1
3606436,2
3606431,2
3824769,1
3641710,2
2345017,0
3606438,2
1605632,1
3607435,2
3921697,2
3607213,2
3607746,0
3607703,2
3607740,2
3607217,2
14174,0
3607215,2
3607218,2
3607219,2
3901013,0
3607749,2
3830093,2
3780012,2
1271023,0
4864339,0
3827013,2
3636757,0
3817081,2
3830257,0
3606341,1
3173868,2
739617,1
619010,2
1557994,1
3607696,2
780468,1
3607694,2
5462900,0
3608958,2
3608959,2
3821959,0
3826646,2
3608954,2
3834386,0
3824127,2
3608957,1
3608950,0
3821858,1
2690156,2
780466,4
3194411,0
3820429,1
5874509,1
3607320,1
3827736,1
3816425,2
3827738,2
3607328,1
3607329,0
3821397,2
3712318,2
3816752,1
3821392,2
5742190,1
3606331,1
779307,1
6060952,0
3607490,1
3818127,2
3609975,1
3817332,3
3609970,2
6253229,2
780515,2
780514,8
3825722,0
780516,3
780511,1
49876,0
3666941,2
780512,2
3825729,2
3819391,1
2771797,2
1399984,1
780518,0
780312,6
3533732,1
3798129,2
4502049,0
2769298,1
4352857,0
3696436,2
3608108,2
779230,2
6167116,2
938488,2
5989957,0
779011,0
779544,1
2718635,1
3615017,1
6332344,2
3608199,2
6102402,2
778014,1
3816111,1
3816110,2
3816112,2
3816114,2
779782,5
3834084,2
6010377,1
3939289,1
4644864,0
3708823,2
3823111,1
3825099,2
3609512,0
780645,1
3825383,2
3825092,0
5974736,0
3825642,2
3821860,2
3608067,0
3606401,2
3821554,1
3825654,2
6213136,1
3824709,2
3825074,2
3608852,2
3825070,0
820830,2
3763756,0
5883002,2
3823553,2
3859903,2
3608854,2
3609041,2
3606402,1
3890290,1
3608340,0
3609040,0
3651682,1
3825063,2
3609413,2
3851293,0
3609591,2
3821660,2
3823958,2
3825381,0
3608068,1
5657458,0
3825388,2
3968864,2
3606403,0
3609996,1
3834153,1
3822772,0
3608891,0
3817287,1
3825471,2
3825474,0
348795,1
3607819,2
732179,1
3609141,2
725132,0
3822399,2
3823633,0
4139894,0
3814131,3
3606205,2
3617732,2
3817192,2
3821604,2
3605849,2
3605848,2
3605845,2
3605847,2
3605444,1
3829400,2
3605843,2
403488,1
3833533,1
739624,0
3726114,2
5207907,2
365551,3
3454364,2
3820370,0
3815655,2
3815654,2
3815653,2
3794097,0
3815651,1
3782367,0
751352,1
750401,4
3822554,2
2081713,2
779151,1
3733113,1
3607831,0
4557348,0
3608224,2
3609579,2
3608003,0
3608000,2
3608007,1
3608004,2
3608005,0
3828843,2
3609573,2
3609572,2
3609575,2
3609574,2
3609577,2
3609576,2
3608792,0
779820,0
3608790,1
779822,3
3944421,1
3608797,0
3887390,2
3870115,2
3608798,0
638531,1
3326523,2
3609566,2
2988992,0
3672857,1
3829992,0
4357177,2
3829161,2
3644322,1
3608316,0
3608317,1
3608314,2
3736054,2
3608312,0
4306540,1
3608310,1
3610354,1
5398082,0
3605991,2
3605990,1
3605997,2
432799,0
3608318,2
3819232,2
3809678,2
3819017,0
3609370,2
6203817,2
1975389,2
3793631,2
413140,1
670440,0
3031625,0
3821653,3
3831625,0
3826380,2
3608178,2
3819094,0
3619462,1
3608177,2
1041132,0
3880389,0
3608170,2
3608171,2
3554982,1
3245106,0
3606315,1
1146106,0
3608482,1
3643588,0
3730901,0
3815477,1
2463258,1
5259840,0
5248204,2
6206001,2
694792,3
3606713,2
3826818,2
780679,1
3608011,0
3609196,2
3609195,0
780677,1
780670,3
780671,3
3873574,2
3609751,0
3609750,0
3609753,2
4599067,2
4424953,0
3609754,2
3609757,2
3609756,0
3609759,0
3609205,2
780073,1
4708368,1
6159450,2
3606156,1
3826497,0
6278718,2
3607254,2
3610596,1
3825469,2
3609683,2
3609682,2
3606644,2
3606645,0
3609686,2
780676,1
3716269,0
3815896,0
3609689,2
3609688,2
3606745,0
3825541,2
3826926,1
3818161,1
3087773,1
3607590,1
3607593,1
3607592,2
3606516,1
3818276,1
3830315,0
3606515,0
3830312,2
3830310,2
3606405,2
3609563,2
3815905,2
780219,0
3608819,2
780665,1
3606154,2
3605730,1
3608815,2
3608814,0
3608817,1
3608816,2
3608813,0
3815909,1
3608812,1
3853990,0
736715,2
2756943,2
3828718,0
802492,2
3827475,2
3820703,2
3607839,1
780421,1
3825466,0
3607919,1
24718,1
3831788,2
3827815,2
4315055,1
3903881,1
3607911,2
3607910,2
3607913,2
780553,1
2746981,0
3818079,2
3608106,2
3607770,2
3607772,2
2013632,0
3607774,0
3902021,0
3608308,2
3607779,2
780555,1
780269,0
727685,3
752816,0
780456,1
781686,1
780453,1
4732002,2
3819415,1
3606353,2
3606354,2
780459,1
3789268,1
3610349,1
5678861,2
3820142,1
4462079,2
3927908,0
4054701,0
3823735,1
3608961,1
3608960,0
3608963,2
3608962,2
3608965,2
3608964,0
3608967,0
3608966,2
3607353,2
3607352,0
3817437,1
3816439,1
3820381,0
3831785,1
3817433,2
3817432,2
3816924,2
3816926,0
3607358,2
3817439,0
3816434,1
762350,0
3608587,2
3821381,2
3829398,2
3821385,1
1564757,2
3609220,2
3726129,1
3829393,2
739735,0
2187872,1
5037422,1
3834361,1
3683094,1
3609963,1
3609960,2
3608306,0
3609966,0
3609967,2
3823303,2
3930362,2
780520,2
3816697,2
780522,2
780523,1
780524,4
4464083,2
780526,3
780527,1
780528,4
4943260,2
411107,0
3818858,1
778774,3
3605873,2
3816323,1
3593668,0
3605874,2
3088539,0
1491107,2
3605875,2
3827106,0
2786927,2
3608444,2
5070475,2
3609685,2
3820962,2
6117877,1
3609288,0
3605877,2
4242727,0
3368720,0
5563021,2
4660795,1
3820851,2
5658595,0
3818970,0
3818105,1
934492,2
3608746,2
780463,0
3788027,2
2086869,0
3817440,1
3926875,2
3825669,2
1813812,2
779313,2
3824243,2
3894298,1
3609694,2
4669277,1
3753638,2
3593438,0
3606216,2
771742,3
3887446,0
705832,1
3825047,0
3605978,1
3607751,1
3695713,2
3607030,0
3822011,2
3610296,2
6179350,0
3823920,1
2671965,2
3816093,2
3821764,1
3606219,1
687126,2
3825444,2
3868045,0
3825440,2
3954889,2
5600207,2
747628,2
2014740,2
3825448,2
2593282,0
3826243,2
6307162,1
3828366,2
2288045,1
3828362,0
3603695,0
3829756,2
1208184,1
3606735,2
3823799,2
3763611,4
3608956,2
726444,1
748369,1
6325836,2
6152602,2
1799456,0
3694023,2
3744952,1
3648209,2
3829795,2
3832816,2
3605858,2
3875429,0
3832812,1
5027644,1
3606116,1
3822121,2
3605851,2
3605856,2
3605857,2
3605854,1
3606117,1
6181541,1
3815318,2
3610130,0
3815311,1
3609169,2
3816253,1
3823546,2
5678279,1
3833782,1
5081294,2
3606290,2
3825286,2
3825284,0
3825281,2
4779036,2
3830307,2
780121,1
3798487,2
5335924,2
3606295,1
3608567,0
3608561,2
3697454,2
6319655,1
3606449,2
637094,2
3826064,2
779818,0
3608769,2
3608768,0
3608767,2
3782420,0
607394,0
3830303,1
3608762,2
3818247,2
3608760,0
2756129,0
7473,0
2757434,2
3896189,1
780583,1
3608808,2
2975212,2
3605988,1
6263017,2
1160647,1
3605727,2
3609263,0
3608364,2
3605980,2
780344,3
3833441,1
3733568,0
4187689,2
3605987,1
3609360,2
3823634,1
3981566,1
3609137,2
3674363,1
3609369,0
3825965,2
780644,3
3826390,2
3609139,2
3823637,1
3826394,2
3899857,0
3605642,1
3608103,2
3609548,2
3823052,1
3608100,2
813132,2
3818205,2
3608010,2
779969,1
3826662,2
1515592,0
3821211,2
3826669,1
3608012,2
3859130,2
3862963,2
3609567,0
3609564,0
3064963,0
780610,2
3609560,2
3609561,2
3832513,1
3608102,2
1451510,1
3609569,0
3606518,1
780669,1
780668,3
3609188,2
3606749,2
3609184,2
3609540,2
3836371,0
1558407,2
3606743,1
780666,3
5924885,1
780664,3
5799298,1
3598900,0
3608613,1
2600760,0
3609748,2
3609749,2
3609746,2
2775254,2
3609744,2
1543850,0
3605434,2
780060,3
3609212,2
3605437,2
3828891,2
3827621,2
3608584,2
3828894,2
3398539,0
586068,0
3819484,1
3607488,2
3822316,2
3609690,0
3609691,2
3609692,2
3608786,1
3611831,1
3609695,0
3609696,2
6150624,1
6170359,2
1858882,0
6036935,2
3610834,1
6317010,0
3606298,1
3606569,2
3607581,2
2388219,2
3607587,2
3820257,1
3818197,2
3607861,2
3607589,1
3818193,2
3834593,0
3606297,0
3818190,2
3605724,0
3605725,2
3605726,2
3815917,1
3815910,2
3605721,2
3605722,2
3605723,2
3608802,1
2286664,2
2690772,1
4084233,0
6209303,1
3608807,0
780207,1
3807823,2
3607906,2
3607907,1
3607904,2
3607905,2
3823628,2
3265392,0
3607900,2
6214276,0
780191,0
3902487,0
780192,1
3828767,0
3826667,1
780197,0
3607909,0
780499,1
2700674,0
5002920,0
3608422,2
912813,2
3827825,2
2869862,0
739856,1
3583217,2
6295673,1
3606183,1
3606023,2
700536,3
3606367,1
3831802,0
3609603,2
3888975,2
3607765,1
3606368,1
1068218,1
3909705,0
780337,10
780440,0
3606163,2
3608973,0
3821680,2
780444,2
2735321,2
5104,11
3608979,0
780685,1
3820403,1
780687,1
5431478,0
780681,1
3607259,2
5960673,1
3820158,2
3821970,1
780689,1
3608173,2
780509,1
3817422,0
2763406,2
3817420,2
3635658,1
3607344,1
3607513,2
3607346,0
3607347,1
3797893,2
3817428,1
3606182,2
3943014,2
2626753,0
2795385,1
3829380,1
3608938,0
6113736,0
3790020,0
3829385,2
2859093,0
3607451,2
676085,3
772990,1
6245165,2
3829141,2
1764194,2
3828559,2
780539,5
780538,2
780537,2
780536,1
480259,2
780534,4
780533,3
780532,3
780531,3
780530,3
3824095,1
3379725,0
3780529,0
3824091,0
3607767,1
780268,1
679359,0
3794655,0
5632199,0
3866892,0
2613203,2
2774909,2
6174478,0
3609676,0
5059727,0
2714073,2
3561121,0
3834117,1
3817513,1
2022196,0
3816172,2
780830,1
779765,0
3818965,1
3889858,0
2155265,2
3605805,2
780442,2
3609738,2
3815792,2
160107,1
3713869,2
2412364,1
6191255,0
3605395,0
3606164,2
1228103,1
780156,4
5242345,0
373954,0
3297013,0
4868376,0
9587,0
3698623,0
3821754,2
2966992,2
3821024,2
3821023,0
5876381,0
3413968,1
3609341,0
3606160,1
169881,4
3822001,2
3482048,0
3609269,0
3606162,1
3879284,0
3609268,2
3605629,1
635931,0
3825451,1
3596518,0
3606519,2
3749158,0
3834472,1
3825459,2
106788,7
3829369,2
5558090,1
3900184,2
3608978,2
3609511,2
3609264,3
4212240,2
5724587,1
436508,0
6189706,2
3589660,0
3610952,1
3823448,1
3642793,0
3588884,0
174994,4
3609019,2
3815894,2
779616,1
3822139,2
3795520,2
728798,0
3733485,2
779611,2
728795,0
728797,0
3684005,2
2133196,2
738090,3
3609325,2
373193,0
3606203,0
3823849,2
3265026,1
703228,0
3822737,0
3823533,0
3824028,2
3825298,0
3818981,1
3608876,0
3833796,2
3832453,2
712530,17
3609733,2
3824937,2
1353582,0
3822299,2
780020,1
1010053,0
3668463,2
6088546,2
3608576,0
3608577,2
3608872,2
3829772,2
3826017,2
3829776,2
3828853,0
3608775,0
3608776,2
3608777,2
3608771,2
6206020,0
3608773,0
1853236,1
6055530,2
3828925,0
778987,1
3640987,1
772690,3
3606760,2
3608375,1
3822290,2
4522392,0
3712342,2
3715168,2
3822293,2
3901728,2
5953522,1
3823064,0
56192,0
2693211,2
3609359,0
3609358,2
777764,2
6007495,1
3817425,0
4570072,1
3670385,2
3823266,0
4568719,0
5233349,2
3723094,0
6239795,0
5426311,0
3610195,1
3744533,2
3822296,2
3610191,2
3608115,2
3954579,1
1401939,1
3648835,1
6267021,0
2763186,1
3826658,1
3826672,2
3826654,1
6163231,2
3815294,0
3608921,2
3697938,1
3811179,2
3605880,2
3605883,2
6133898,0
3605885,2
3605884,2
3605887,2
3609514,1
3815459,1
3605888,0
3609519,2
3609518,2
3820226,1
3815855,2
3607850,2
3606758,1
3606759,0
3883810,2
3606756,1
3793011,2
3606303,2
277140,1
3609229,0
3609739,0
3829060,1
3832445,1
5145164,0
210014,1
3832446,0
3832449,2
3609732,2
4704449,0
3609737,2
3768815,2
3831796,2
3609226,1
3827631,2
3827634,2
3608399,1
3759457,0
3827638,0
880213,0
3818980,1
3609461,1
5634419,2
3829382,2
2102313,0
3829792,0
3780356,2
3606885,2
1565973,2
3610511,1
3609467,2
3695836,1
3609177,2
3829794,2
780234,1
3762140,2
780236,0
780237,4
4041603,1
5816955,1
780233,1
3818184,1
3607575,2
3818187,1
3607573,2
3736374,1
3609647,2
3815920,1
3609645,2
4628013,2
3609643,2
3609641,0
3575783,0
3605718,2
3607693,2
3609649,2
3609648,2
3608397,2
4691537,2
708024,0
780341,1
734246,2
3607979,2
3892699,2
6187757,0
3826562,2
3828724,2
10476,5
3680512,1
3610171,2
3579109,1
6249048,2
3822558,0
3827294,0
3827295,2
3246475,0
3610179,2
1341744,2
3817299,2
3607719,2
3954650,1
3815964,2
2869089,2
3829960,2
3798205,1
3607714,2
3606174,2
3607489,0
3608900,2
3608907,2
780305,0
3821960,1
3606173,2
3607244,2
3599884,0
3929031,0
3608908,2
3607487,2
3607486,1
3821968,1
3727276,2
3866168,2
5716349,0
2786878,0
780646,3
3830305,2
3782841,1
3605694,1
3685082,1
3607379,0
3606283,2
3607247,2
6206226,1
3609262,0
3817187,1
3817183,2
3606289,1
3607627,2
3820186,1
3820184,1
726902,1
3820182,2
3606084,1
3815969,1
3887844,2
3607629,2
6175085,2
3860038,0
3576201,2
3612583,2
3834305,1
3817161,1
4893692,0
3833492,2
2770696,2
3607399,0
4186446,0
780548,2
780549,7
3780192,1
1852634,0
780542,3
3615939,1
780540,4
780541,3
780546,2
780547,2
780544,5
780545,3
5919469,0
3816341,2
3816344,2
4681776,2
5337230,1
3609760,2
3606178,0
780556,2
780535,1
3809262,0
3829283,0
3829282,2
3825163,2
3820989,0
3396272,1
2071214,0
3606165,0
780084,3
3897101,2
1863134,0
3607738,2
6078265,0
3825593,1
3607020,2
3607614,1
43902,0
3607029,2
779774,6
3816162,0
3825598,0
6157983,0
3609601,0
3816166,2
6324108,2
3834239,2
780470,1
3609768,2
2695447,1
3608989,2
6167911,0
3692093,2
3821568,2
3608988,0
3927079,2
1435807,1
15488,0
3821560,2
3605451,2
3823764,1
729147,0
3821743,1
3815315,2
729144,0
3821746,0
67261,2
4741764,0
3824519,1
3606587,1
3808527,2
3816015,2
3816016,0
4235086,1
4050460,1
3816013,2
779111,0
779112,4
3833862,1
3607818,2
3834042,2
3834436,2
3608288,1
6171750,2
528989,0
6267782,0
593918,1
3608987,0
3608924,2
3614481,2
3826584,1
3023654,2
6176042,2
3828340,2
690278,3
774883,6
3828345,2
3558684,2
774887,0
3825117,1
3822733,2
3608984,0
3825113,0
3785866,3
4966933,2
5095284,1
3605994,0
3825333,2
3605810,1
747426,0
3825330,2
3609671,0
4129633,2
3823456,2
3605811,2
780327,1
3714975,0
3823452,2
3825338,2
3897677,0
3684079,2
4142702,2
1701351,0
779602,1
1981240,0
3821634,2
3829757,2
3824771,2
5763509,2
3823851,0
779597,1
3904619,2
3823856,0
3640571,1
5157346,2
728520,1
3607611,1
3608285,2
4732381,2
5241348,0
3603875,0
1729815,2
3607725,2
3822581,2
3829114,2
2753744,0
3822857,1
5234016,0
4049031,2
1082692,0
3783889,0
5946613,0
3604014,0
3607720,2
3663513,2
3803057,2
2664153,1
3608748,2
3608299,2
780627,1
2796636,1
3822216,4
3608293,1
1181061,2
946320,2
3608742,2
3608745,1
3608296,2
3608295,1
3608294,1
4623460,0
6293870,1
3827642,1
2742330,2
3972069,1
747772,0
3932555,1
2697997,2
2233276,1
6222878,0
3830878,2
3823290,2
3608346,1
3605268,0
3458044,2
3606714,1
3608342,1
3608125,0
777372,2
3609348,0
2687772,2
3608120,1
3608122,2
3609434,2
714718,0
777378,4
3609430,2
3609431,2
3609344,1
3609433,2
2319226,2
6132318,1
3608609,2
2757536,2
779905,3
3610183,1
3833871,2
2088473,0
3608382,2
3830457,2
732838,1
3850529,2
3811101,2
1175719,1
780342,1
3113611,0
768604,1
3826137,1
3681575,1
3610617,1
760529,0
3823186,2
755088,1
3823182,1
3605898,2
3605899,2
3608932,2
3605897,2
3605894,2
3605892,2
3605893,2
3605890,0
3826419,0
3815842,2
4609230,2
3609234,2
3609235,0
3609232,2
780041,0
3609219,0
2781955,0
3818354,2
3818357,2
3607442,2
3608631,0
3609729,2
3608633,1
3827199,2
3608634,2
12189,0
3915655,1
3609720,2
3819111,1
3827197,2
3609723,2
3609724,0
3609725,2
3609726,2
3609727,0
2696759,2
3609742,2
6187298,1
3605620,2
3605947,2
780168,2
3609115,2
2735341,0
774700,2
4176494,0
6295504,1
3605523,2
3605521,1
744212,1
3837301,2
3826224,0
682739,2
3605624,1
3827995,2
1072284,2
3609743,0
3827991,0
780226,1
5311918,2
3607564,2
3607565,0
780229,1
3607567,0
3607560,1
3824928,2
3607562,2
3607563,2
2925173,1
5788529,0
3608931,2
3807925,3
3609650,0
6196178,0
3605708,2
3605709,1
3605706,1
3819464,2
6186640,2
3815935,1
1073336,1
3609659,2
6149191,1
3818113,2
3607960,1
6087295,2
3607963,2
3607964,0
780620,4
4617521,1
3375369,0
3092520,0
3865471,2
3606135,1
3764331,0
3607334,0
3949458,1
3606161,1
3903523,2
3610162,1
934395,0
3827513,1
6118105,1
3826358,2
760955,4
3609741,2
3827516,2
3609287,2
3608386,1
3609327,2
4559569,0
3816576,1
3858578,2
3816574,2
3928001,2
3607705,0
3817576,0
3607707,2
3608910,0
3606143,1
3516887,2
3606145,1
3608915,0
3606147,2
3821914,2
3608918,1
3606148,0
3607492,2
3607493,0
6147573,2
62556,0
3830318,2
1917706,2
3816971,2
3820179,1
3609281,0
3671174,2
3610765,2
3816978,0
6172061,0
3820175,1
3815961,0
1715694,2
3607368,0
3606813,1
779085,0
3606811,1
3830321,1
3607814,0
3820375,2
3607817,2
3606723,1
3606548,0
3607365,0
3820194,0
3607635,2
3607636,2
3758733,0
3607631,2
6272655,2
3607633,1
706418,0
3824186,2
4127246,2
3817174,1
3608521,1
3817176,2
3607387,2
3607380,1
3817172,1
780543,3
3825193,1
4575756,1
4009911,0
3817178,2
3608523,0
3834264,1
3821750,3
780559,3
780558,1
3824679,2
6286549,0
3941902,2
5379499,0
3824675,2
780550,2
2640302,2
780552,2
3609172,0
780554,2
780557,9
3824672,0
3725772,0
2764025,2
3817284,2
3678086,1
3775057,2
1235341,1
892724,2
3605672,2
3267680,0
3817288,1
3693935,2
112176,0
563460,1
3609668,2
3382086,0
5193529,2
3605827,1
3825583,0
3609889,1
3828980,2
3825587,1
3825589,2
3754503,0
2351638,0
3815652,1
779297,1
780319,2
3834208,1
3608536,2
3830343,0
3825614,0
3817396,2
6308995,0
3607998,0
6082150,0
487383,4
1993592,2
563866,0
775439,0
3987753,0
2715346,2
3820208,0
3787862,0
779126,2
3815539,1
3907994,2
3927247,0
3607745,2
1709251,1
3610375,1
779128,0
3825035,2
3787633,0
3821456,2
3607211,2
3816024,2
811181,2
6303522,0
780607,1
1987746,2
3193644,0
3609593,2
3609609,2
3608800,2
3607743,1
6222709,1
778500,0
3821137,1
3823646,2
780498,1
778506,1
3828356,2
3825105,2
6155003,2
5280386,0
3828350,2
3904154,0
3825325,2
3825327,2
3825321,0
3825322,2
3643888,0
3608801,0
3831835,0
3822118,1
727840,0
3825329,2
3607666,2
3879391,2
4341061,2
3694703,2
750126,1
3606115,1
3821646,2
1461690,2
2742948,2
2379560,1
1948510,0
3608806,2
3516129,1
3823864,2
3823867,2
3817086,2
3823862,2
3609242,2
24256,1
780318,1
4934603,1
3763242,0
3822021,1
3828529,2
3821404,1
4377025,1
2137284,0
3609715,2
3608754,2
3608752,2
3608753,2
3609714,2
3649493,2
5328159,1
3607991,2
3609717,0
3698177,2
780586,2
3606287,1
5981312,2
3829758,1
3655361,1
3608280,1
3608281,1
3608282,2
3608283,0
778659,0
3882422,0
3608286,2
3608287,1
747762,1
3608804,2
3276093,1
726461,0
2749424,1
3826164,2
747769,0
3605953,2
3826982,0
3605951,2
3619164,2
3832999,2
780580,2
825689,0
6092955,2
92224,2
780038,1
5244178,1
3609408,2
3607777,2
3609248,2
5569625,2
3823088,1
3609401,2
3609403,0
3609402,2
3828976,0
3609404,2
3828974,2
1134788,0
1575208,2
779915,0
779916,3
6156812,2
780392,0
3820734,2
5749898,2
3607776,2
3433537,2
4494566,2
961314,2
2287052,2
1778408,0
748554,0
3609670,0
3607727,2
3782582,1
1537745,1
3825606,2
50633,1
780461,3
3821400,1
6231659,1
3823640,2
3823643,2
3611595,1
2774366,2
3823648,1
3608546,2
3608142,2
32452,1
3076874,0
3609241,2
3719934,0
3609711,2
3826694,2
3609713,0
3609244,0
3818340,1
780039,0
3609719,1
3609718,2
780464,0
3609085,0
2090226,2
3827188,2
3609086,0
6069857,2
3608628,2
3608629,2
3818958,2
3608627,1
3607987,2
3608625,1
3608622,1
3609326,0
3821954,2
3937204,1
3824855,2
780490,2
5296166,1
3829938,2
2711970,2
3608623,2
3815547,1
3815546,1
3815545,2
3829754,2
3815543,1
3609490,2
6143398,1
3831641,2
3607984,0
3660184,2
6119352,2
3825161,1
3811600,2
3826588,2
3823072,0
3704694,1
3818237,0
3827980,2
3818235,2
3830591,2
3607634,2
3818231,1
3607550,2
3607553,2
688306,0
3607555,1
4223065,2
3606523,1
3609661,0
4424826,2
3605779,1
1810523,0
3822663,2
3609664,2
3609667,0
3609666,2
3610883,1
3605772,2
3605771,2
780145,0
3605776,2
780140,4
780141,1
2690679,2
669735,2
3609395,2
3828991,2
3608141,1
3609396,2
3609399,2
3609398,1
2776883,2
645263,2
3607950,1
3607280,1
3825141,0
2763786,1
3830300,2
3610156,1
3875369,2
3607510,1
666904,0
3610400,1
3526349,2
747229,7
3815806,2
1498880,1
3928546,2
3821626,1
739396,0
3929785,1
3480302,1
780369,1
739559,0
3606158,1
3606159,1
3821908,1
780491,1
780492,2
780361,1
780494,2
2691858,2
734873,0
780497,4
1813868,0
3816962,0
728796,0
3608539,1
3827764,2
3605552,0
3706080,2
3605551,1
3607612,1
3606552,1
3606553,1
743509,2
741344,0
3606556,1
3830355,2
3583319,1
3609651,2
4318515,1
3820343,2
3607822,0
3607825,2
3607824,0
3820347,1
3817732,1
3815541,1
3829115,2
3607606,0
3609697,0
4283496,0
3843986,2
3826199,1
3605418,0
59712,1
3816707,1
780564,5
780565,5
780566,4
780567,1
3645161,2
780561,2
6132672,2
780563,4
3830173,2
780568,4
764555,0
739777,0
3606266,2
3686579,2
3824312,2
3876361,0
4963894,0
2744852,2
3497348,1
3933612,2
3960222,0
778867,2
2447774,2
3607736,1
3609653,1
3815549,1
3607733,2
3607739,1
3877379,2
3650872,2
3607261,2
3607558,0
699243,0
3824688,0
6069100,2
4987630,0
3816384,2
3726287,2
401907,0
3816387,2
3834213,1
3606802,1
3829000,0
5223370,0
3610491,2
4080100,1
5075603,0
2740413,0
3825628,2
3747349,2
5783210,0
3789009,0
3825621,1
4199177,1
3825623,2
3798269,0
13021,1
719345,1
5860432,2
3609663,0
3888585,2
944084,1
3824203,2
3605589,2
3825422,1
3609043,2
4449960,3
3859686,2
3824538,0
6117496,2
3830599,2
3526001,1
3825352,2
3073367,0
780517,2
4139514,0
3834581,1
5710444,2
4889519,3
3607557,2
3831634,0
681944,0
3815565,2
3816032,1
3820839,2
780510,1
3832737,1
3823431,2
3280140,0
780513,4
3609660,2
3825359,2
3825485,0
3605476,1
3833677,2
3610450,1
3821122,1
3605477,1
3821127,1
3609116,1
3609665,2
3828321,0
3607744,1
3825134,2
3965439,1
3683589,0
3748765,2
3825310,1
3825312,1
2253226,0
3605695,2
3640340,1
780519,4
2695157,1
658838,0
3607932,2
3821658,2
3223863,2
3823211,0
779628,0
3821650,0
3610089,1
3825679,2
3608476,1
3833073,0
1091804,1
2690603,0
3606787,2
3833079,1
3823215,1
6117604,2
3718302,0
780143,5
549617,2
3825556,2
3825003,2
777606,4
6261493,2
3823505,1
2753141,2
3023349,0
3610184,1
2668669,1
3608726,2
3608725,1
601323,0
3801650,0
3873083,0
3609662,2
3817003,2
3401424,0
3943903,0
3253091,0
780493,1
3816458,2
3599821,0
3609237,2
3608912,2
3923555,0
3827761,2
3605949,1
3819379,2
3815734,2
3605945,1
3449193,2
3606522,2
3815889,2
747790,0
3605943,2
3609112,0
6154747,1
3609699,2
6156587,2
1660726,0
3607957,2
3907364,2
3933292,1
3816295,0
3833853,1
6137164,1
3823090,2
3606892,2
3608381,0
3608380,2
5183587,2
1232648,2
3608385,2
3822302,2
3822301,2
3826153,2
3608436,1
3825559,2
3837599,0
3608433,0
3829779,0
3608431,2
3699603,1
4479184,0
6319989,0
3766705,2
3782463,0
6202226,2
779806,0
3606279,2
2658536,0
3609528,2
321,1
3773924,2
3608772,2
3823655,2
634317,0
3609520,0
3883565,2
3868590,2
3609524,2
2096854,0
776600,1
3828692,1
6270734,2
5041873,1
3609706,2
3609707,2
3609256,2
3609257,2
3609258,0
3831745,0
3609709,0
3831740,2
366041,0
3610095,1
3610096,2
3829808,0
3608916,1
3605838,0
3609098,2
3832433,0
3832435,2
3335944,0
5139214,2
3826756,2
3826205,2
1847722,2
780601,1
3829929,0
942447,1
3824843,2
3819305,0
3609416,2
6318633,2
3609415,0
3815551,2
3610170,1
3609411,2
3605789,0
3605836,0
3609418,2
3820814,1
3826978,2
3064230,0
3825533,0
3904109,2
3830583,2
3816117,2
3606254,0
777219,11
779783,2
3826975,2
3983383,1
4668699,1
2688973,2
3818084,1
3818087,2
3818086,2
3818081,2
3609678,2
3607734,2
3650960,2
3605761,2
3609674,2
3605833,0
3609672,1
3818088,1
3605766,2
780152,1
3823148,2
2989699,1
3830580,2
4144000,1
4590786,2
3818068,1
3827575,0
3827574,2
3609387,0
3607940,2
3607941,2
3782152,0
3544837,0
3606702,2
3822055,2
3753863,0
3606717,1
2688513,0
780487,4
780486,2
928593,0
780484,1
780483,1
780482,5
3608926,2
780480,2
4315516,0
5732690,0
780489,3
780488,2
3606129,2
3608939,2
3821939,1
3607049,2
3581264,2
891368,0
780370,1
3610481,1
3606120,2
3608936,0
3605619,1
3608934,2
3608935,0
3823875,2
6190877,2
3820355,1
4021713,0
3607830,2
780244,3
534363,0
779710,2
3798671,2
3827790,0
3827151,1
755426,1
3607544,2
772092,0
3607542,0
3820350,2
1079743,2
3607549,2
3816084,1
3829102,0
3829105,2
3829108,2
3388159,2
3611035,1
3607615,2
3609243,2
4365036,2
3607624,1
5366123,1
780573,1
3543384,2
780571,1
3828513,1
780577,1
780576,4
3817158,1
780574,1
3830162,0
3817155,0
3609875,1
3817150,2
1234506,0
3824034,2
3606155,2
6211383,0
780366,1
4842129,2
6234454,2
3828786,2
3875486,2
780495,3
3607722,2
3041554,0
778877,2
3824254,1
3607726,2
780496,2
3675896,1
3607728,0
3608922,0
1365544,0
1466605,0
3608809,2
3609214,0
6258034,2
5338604,0
3851863,2
5153522,2
778839,1
3670836,2
5936744,2
3972821,1
3822324,1
3609059,1
3607057,0
3824235,0
3609640,2
6253642,2
3824230,2
3684867,2
3821496,2
3890780,0
731578,2
4299622,0
6186978,1
3825726,1
3824310,1
3609417,0
3606630,3
3619242,1
107316,2
3832420,2
6094786,0
2668786,0
4363756,1
2726907,1
2692445,2
775892,1
779970,3
3609246,0
777207,2
3952208,2
3825077,2
1674601,1
3036347,2
3825490,1
3641582,0
763554,2
3820829,2
2683606,0
3833669,1
3825126,1
3946082,2
3606294,0
3478087,1
3830352,2
3670676,1
3608503,0
6204900,0
563189,3
3606550,1
780589,1
5199556,0
3819189,2
3824303,1
3830350,2
3126158,0
3684262,2
3469150,2
1239090,0
780661,3
3607823,2
3828337,0
4836040,0
780458,10
780391,4
3825308,2
6082991,0
2676779,2
3825304,2
3607417,0
3821669,1
3825303,2
2698071,0
2664084,2
3607418,2
3639911,2
3629183,2
3795562,2
779657,0
1145931,2
3606296,2
3822863,2
3614783,1
5453532,1
5517765,0
1390350,1
3606808,1
6026680,2
3821476,2
4981179,2
3820344,0
6243181,1
3822043,1
3825016,1
3696746,2
1147999,0
1095790,2
3820139,1
3751393,2
3775034,2
916427,0
6237754,2
5443351,2
777391,16
3823317,1
3608739,1
2661863,0
2431286,0
3823443,0
1093601,0
3610190,1
3826959,1
5414173,1
3821742,2
3608059,2
3764020,0
3822266,1
3698400,0
3605979,2
3821955,2
3609525,0
3815492,2
3670068,1
3605971,2
3821478,2
5797012,2
3605972,2
5057510,1
6127124,0
3605977,1
2379682,1
3607609,2
6086610,0
3605882,2
2677291,2
6169606,0
4642694,0
3609516,2
3474572,0
3816073,2
3989227,1
3902567,1
6120626,0
3468431,1
5984639,2
3830168,2
3605886,2
3785723,0
3610192,0
5045532,0
6123877,2
3608428,0
3608429,1
3608398,0
3815458,2
3608424,1
3608425,1
3608426,2
3608427,2
3823226,2
2253346,1
3240319,2
3607238,2
3646845,1
3819081,0
3815411,1
3815410,1
3823869,2
3606320,0
5783576,2
4927446,1
5259791,2
3824291,1
733029,5
4437720,0
3815384,2
3825292,1
1315819,0
775436,5
6144412,1
780560,2
3616852,2
725583,0
3786496,0
6162059,0
3607752,2
6024177,2
780019,0
780609,4
1339712,0
3609267,2
3609266,2
3606697,0
3605115,0
6215802,2
3608648,1
6267093,2
3819383,0
3794659,0
3702907,2
3819439,2
3606328,1
3608640,2
3608641,0
3609065,2
3608643,0
3608644,2
3694891,2
3608646,0
3785434,0
3825478,2
5341901,0
3824298,0
3828010,1
3606038,2
2697095,1
780569,1
5261816,2
3785709,0
3815563,1
3609460,1
3823152,2
3609466,2
3831626,1
3609464,0
3834276,1
3605574,1
3609469,0
3677918,2
3605573,1
3815783,2
3605755,1
3605754,2
2715549,2
3606988,2
6327889,0
3605753,1
3605752,2
669687,1
744550,0
3830575,2
3605759,2
3605758,0
1808615,2
3818092,2
3818093,2
3818090,1
3609608,2
3727686,0
4900797,2
3821934,2
6023702,2
3832719,2
6150965,2
3818098,0
780163,1
780164,2
780165,2
3609605,2
3609604,0
3824947,0
2688666,2
3606482,2
3606483,0
3606484,2
3606485,2
3606486,1
3606487,2
2511641,0
780667,1
780408,2
3818074,2
6162393,2
3721083,1
3606710,1
3925247,2
791064,2
5245843,1
3606715,1
3611955,1
4396672,0
3606719,1
1190159,0
3607199,2
3826305,2
3826197,1
3607990,2
3583776,0
3675629,2
3607995,2
6024687,1
3607449,0
3607448,2
3607999,2
3607446,2
3607444,1
3605487,1
4508272,0
3608903,2
741291,1
6160500,1
3609114,1
3605625,2
780401,3
3609111,0
3609110,2
3606130,1
3606131,2
3606132,2
3821921,1
2286663,2
2698268,1
3606136,2
3606137,2
3607843,2
3609286,0
3609285,2
3819100,2
3609283,2
3609282,2
3607845,1
3607844,3
3609225,0
3820329,1
3607848,1
6069059,0
3831795,2
3776645,0
3609735,2
3607534,0
3607731,3
3607539,1
3607538,2
5074849,1
3827140,0
3610048,1
947530,2
3607198,2
3830150,0
3830153,2
669660,1
3829135,0
3607190,2
3607667,0
6306920,2
3607197,2
3606225,2
6089773,0
3606220,0
3606221,0
780588,3
3606223,2
3589893,1
780587,3
780584,4
780585,3
780582,4
5732079,0
3586450,2
780581,2
3609463,0
3608894,2
3608897,2
3608896,0
3830316,2
3608890,2
3608892,1
780572,3
5033779,2
3608898,0
3824049,2
3652952,1
4183899,2
947996,2
3794228,0
3650649,0
3824325,2
780471,1
6166509,2
3610053,1
3676066,2
779736,0
2582756,0
3822090,2
1796726,1
3787504,2
879717,0
3753091,2
3607262,2
578013,0
3786814,0
3607840,2
3824541,2
3817239,1
1221774,2
4429519,1
5861713,2
1498845,2
3822776,1
6171828,0
779909,1
3605841,1
4807170,0
3826108,0
3608412,2
3821531,0
775391,1
780603,2
5460525,2
4508065,1
3820252,1
3816728,1
3605842,2
3715226,0
3751529,2
3831706,2
3866974,2
2683634,2
3822679,2
5541308,2
780195,0
3824553,0
3822673,2
5949732,2
3325820,0
3817392,1
1382507,1
903126,1
3726905,0
462962,0
3544833,0
778586,0
3826620,1
3605944,2
3816055,2
3822357,2
3825153,2
3606069,1
3553742,1
3825156,0
705552,0
3753387,1
2750929,2
777486,0
3825251,1
3609951,2
3609950,1
3832800,1
6226663,2
3779100,0
3822694,2
3828811,2
780575,2
6211266,1
3695841,2
3825379,2
3566049,0
2846350,2
3606470,1
3694241,2
3825372,1
3821678,1
3825370,1
3825377,2
2063323,0
582885,0
6262082,2
6163005,1
6305594,1
3822788,2
732063,2
765866,0
3822780,0
1434643,2
3609002,2
6180645,2
2697549,1
3815879,0
3822805,2
780403,1
4113328,0
721305,0
2785753,0
3609705,2
745022,1
495558,1
3823413,2
1011463,0
3606478,1
3825579,2
3608626,2
3608901,2
6228223,2
725630,1
3817285,1
3606573,1
3815701,0
3828870,2
4410499,0
3823301,2
4779299,0
3117909,0
2499731,0
3815717,1
4184378,2
3822094,0
3815712,1
3822092,2
1461557,2
3650761,2
3745033,2
3830598,0
953524,1
3214904,0
3698141,0
3608230,2
526436,0
4344874,1
5650223,0
562671,1
734130,0
1354555,1
780025,5
728676,3
3825429,2
3823410,0
3608447,0
3609644,0
3763592,0
780579,2
5730865,1
3691585,2
3610161,1
3745886,2
1265435,0
3818334,1
780608,3
