0,24
1,209
2,49
3,37
4,28
5,63
6,14
7,7
8,10
9,20
10,23
11,67
12,70
13,8
14,26
15,17
16,3
17,1
18,9
19,9
20,21
21,29
22,6
23,3
24,12
25,13
26,12
27,5
28,34
29,76
30,23
31,2
32,13
33,1
34,3
35,2
36,54
37,2
38,13
39,13
40,8
41,12
42,1
43,11
44,9
45,26
46,19
47,3
48,1
49,11
50,7
51,10
52,9
53,22
54,10
55,18
56,2
57,2
58,5
59,6
60,1
61,3
62,3
63,7
64,3
65,14
66,9
67,2
68,12
69,3
70,4
71,2
72,5
73,9
74,2
75,4
76,1
77,5
78,20
79,18
80,3
81,6
82,1
83,19
84,3
85,6
86,12
87,2
88,1
89,1
90,2
91,8
92,8
93,13
94,2
95,4
96,3
97,9
98,10
99,3
100,9
101,12
102,73
103,2
104,1
105,3
106,11
107,8
108,3
109,1
110,11
111,1
112,2
113,1
114,2
115,5
116,12
117,7
118,11
119,14
120,1
121,57
122,7
123,7
124,2
125,7
126,2
127,7
128,5
129,7
130,7
131,3
132,5
133,4
134,2
135,1
136,3
137,10
138,1
139,9
140,1
141,6
142,1
143,1
144,7
145,6
146,9
147,2
148,4
149,30
150,10
151,22
152,4
153,3
154,26
155,7
156,1
157,3
158,4
159,3
160,1
161,3
162,8
163,1
164,32
165,16
166,7
167,14
168,8
169,6
170,12
171,11
172,6
173,8
174,1
175,1
176,5
177,2
178,5
179,10
180,4
181,5
182,6
183,1
184,2
185,11
186,5
187,1
188,9
189,11
190,16
191,6
192,2
193,1
194,18
195,12
196,2
197,2
198,6
199,1
200,1
201,4
202,3
203,10
204,1
205,2
206,11
207,1
208,9
209,6
210,3
211,10
212,2
213,11
214,1
215,3
216,12
217,3
218,1
219,15
220,1
221,13
222,10
223,9
224,7
225,1
226,3
227,13
228,7
229,2
230,3
231,3
232,1
233,6
234,2
235,1
236,2
237,2
238,1
239,2
240,4
241,2
242,4
243,5
244,3
245,2
246,6
247,2
248,7
249,2
250,3
251,9
252,3
253,2
254,7
255,7
256,1
257,4
258,1
259,3
260,11
261,12
262,9
263,6
264,17
265,1
266,1
267,6
268,5
269,4
270,1
271,1
272,1
273,5
274,8
275,2
276,1
277,2
278,14
279,20
280,7
281,3
282,2
283,2
284,7
285,2
286,8
287,2
288,6
289,3
290,5
291,1
292,3
293,1
294,1
295,7
296,1
297,1
298,4
299,5
300,10
301,1
302,6
303,3
304,1
305,1
306,1
307,1
308,1
309,7
310,5
311,8
312,6
313,1
314,3
315,4
316,2
317,3
318,1
319,9
320,7
321,1
322,1
323,1
324,2
325,1
326,1
327,2
328,1
329,1
330,3
331,1
332,3
333,1
334,8
335,5
336,2
337,2
338,3
339,2
340,16
341,2
342,3
343,8
344,3
345,2
346,15
347,6
348,3
349,3
350,14
351,7
352,7
353,1
354,2
355,4
356,8
357,5
358,6
359,5
360,1
361,1
362,1
363,1
364,2
365,3
366,4
367,18
368,3
369,1
370,4
371,1
372,4
373,2
374,1
375,1
376,3
377,3
378,1
379,18
380,3
381,2
382,2
383,1
384,1
385,1
386,1
387,4
388,2
389,4
390,5
391,2
392,4
393,1
394,7
395,2
396,7
397,4
398,2
399,1
400,2
401,3
402,2
403,1
404,10
405,2
406,2
407,3
408,2
409,1
410,1
411,16
412,1
413,4
414,1
415,2
416,2
417,1
418,2
419,1
420,4
421,10
422,5
423,13
424,1
425,3
426,2
427,6
428,1
429,5
430,2
431,7
432,1
433,2
434,7
435,1
436,4
437,1
438,1
439,5
440,1
441,2
442,4
443,1
444,3
445,5
446,1
447,1
448,3
449,6
450,8
451,4
452,2
453,2
454,3
455,8
456,3
457,2
458,1
459,1
460,1
461,2
462,4
463,2
464,1
465,1
466,3
467,7
468,10
469,1
470,1
471,2
472,1
473,7
474,2
475,3
476,4
477,2
478,8
479,1
480,1
481,1
482,17
483,8
484,1
485,3
486,1
487,4
488,8
489,6
490,3
491,4
492,1
493,7
494,1
495,2
496,3
497,4
498,9
499,8
500,4
501,2
502,10
503,1
504,4
505,2
506,4
507,1
508,5
509,1
510,15
511,1
512,14
513,1
514,2
515,1
516,7
517,1
518,7
519,3
520,3
521,13
522,3
523,4
524,1
525,3
526,2
527,1
528,6
529,2
530,2
531,1
532,5
533,2
534,2
535,6
536,1
537,1
538,2
539,6
540,1
541,3
542,3
543,9
544,1
545,1
546,5
547,1
548,1
549,5
550,1
551,2
552,3
553,6
554,1
555,6
556,2
557,2
558,1
559,5
560,2
561,2
562,1
563,3
564,17
565,4
566,5
567,2
568,1
569,4
570,4
571,7
572,1
573,4
574,10
575,5
576,8
577,4
578,2
579,2
580,1
581,1
582,2
583,1
584,1
585,1
586,2
587,1
588,2
589,6
590,1
591,2
592,1
593,6
594,3
595,3
596,3
597,5
598,4
599,1
600,1
601,1
602,6
603,4
604,4
605,2
606,12
607,4
608,7
609,2
610,3
611,4
612,2
613,5
614,1
615,1
616,6
617,3
618,2
619,1
620,1
621,4
622,1
623,2
624,4
625,4
626,1
627,2
628,1
629,4
630,3
631,4
632,4
633,1
634,2
635,3
636,16
637,6
638,4
639,4
640,2
641,1
642,4
643,2
644,1
645,5
646,1
647,2
648,1
649,2
650,1
651,2
652,1
653,4
654,2
655,3
656,3
657,2
658,2
659,1
660,1
661,1
662,1
663,1
664,1
665,5
666,3
667,1
668,2
669,1
670,1
671,1
672,2
673,4
674,3
675,2
676,1
677,18
678,1
679,2
680,4
681,2
682,5
683,4
684,2
685,9
686,1
687,2
688,7
689,1
690,4
691,5
692,1
693,5
694,5
695,6
696,3
697,5
698,1
699,1
700,1
701,6
702,6
703,1
704,3
705,3
706,2
707,7
708,3
709,6
710,8
711,1
712,7
713,4
714,1
715,1
716,2
717,4
718,5
719,1
720,2
721,2
722,2
723,4
724,1
725,7
726,12
727,1
728,5
729,4
730,1
731,9
732,1
733,1
734,5
735,6
736,8
737,1
738,2
739,1
740,2
741,8
742,4
743,4
744,7
745,5
746,1
747,4
748,4
749,5
750,1
751,1
752,3
753,2
754,13
755,3
756,1
757,3
758,3
759,1
760,2
761,4
762,2
763,2
764,4
765,1
766,6
767,4
768,4
769,1
770,3
771,4
772,4
773,1
774,2
775,6
776,2
777,3
778,3
779,5
780,6
781,1
782,15
783,6
784,4
785,5
786,4
787,1
788,2
789,2
790,2
791,10
792,3
793,4
794,5
795,2
796,2
797,2
798,6
799,4
800,1
801,4
802,1
803,1
804,1
805,1
806,4
807,3
808,1
809,8
810,1
811,3
812,3
813,1
814,4
815,1
816,4
817,2
818,2
819,14
820,1
821,4
822,1
823,1
824,5
825,2
826,1
827,1
828,15
829,1
830,3
831,3
832,1
833,2
834,5
835,1
836,3
837,1
838,7
839,2
840,1
841,5
842,1
843,1
844,7
845,2
846,1
847,2
848,2
849,1
850,12
851,2
852,2
853,1
854,4
855,3
856,3
857,2
858,6
859,1
860,1
861,3
862,1
863,1
864,3
865,3
866,1
867,1
868,1
869,6
870,11
871,1
872,5
873,1
874,2
875,3
876,2
877,1
878,3
879,2
880,2
881,7
882,4
883,1
884,1
885,2
886,2
887,1
888,6
889,3
890,5
891,2
892,3
893,4
894,4
895,1
896,1
897,8
898,3
899,3
900,2
901,1
902,2
903,2
904,1
905,1
906,6
907,1
908,2
909,1
910,5
911,5
912,2
913,7
914,3
915,2
916,4
917,2
918,1
919,4
920,1
921,4
922,1
923,2
924,2
925,1
926,5
927,1
928,1
929,2
930,1
931,5
932,1
933,2
934,2
935,1
936,2
937,1
938,4
939,8
940,1
941,5
942,1
943,1
944,1
945,2
946,1
947,2
948,2
949,1
950,2
951,2
952,1
953,2
954,2
955,2
956,1
957,5
958,2
959,6
960,1
961,2
962,1
963,7
964,1
965,1
966,2
967,2
968,1
969,10
970,4
971,1
972,4
973,2
974,2
975,1
976,1
977,3
978,2
979,4
980,7
981,1
982,1
983,1
984,1
985,1
986,1
987,2
988,1
989,1
990,1
991,1
992,4
993,2
994,5
995,3
996,2
997,3
998,8
999,3
1000,2
1001,2
1002,1
1003,3
1004,1
1005,3
1006,4
1007,4
1008,1
1009,4
1010,1
1011,1
1012,1
1013,2
1014,8
1015,1
1016,2
1017,3
1018,1
1019,1
1020,1
1021,1
1022,8
1023,3
1024,3
1025,1
1026,2
1027,1
1028,3
1029,2
1030,1
1031,1
1032,1
1033,2
1034,2
1035,1
1036,1
1037,3
1038,2
1039,3
1040,2
1041,2
1042,3
1043,1
1044,2
1045,2
1046,2
1047,1
1048,2
1049,2
1050,1
1051,1
1052,1
1053,9
1054,11
1055,1
1056,2
1057,3
1058,3
1059,4
1060,3
1061,1
1062,1
1063,5
1064,1
1065,1
1066,1
1067,2
1068,1
1069,1
1070,3
1071,2
1072,2
1073,3
1074,1
1075,4
1076,1
1077,2
1078,6
1079,1
1080,5
1081,1
1082,6
1083,2
1084,2
1085,1
1086,1
1087,1
1088,1
1089,5
1090,7
1091,5
1092,5
1093,1
1094,1
1095,1
1096,4
1097,5
1098,1
1099,1
1100,8
1101,1
1102,12
1103,1
1104,2
1105,2
1106,5
1107,7
1108,1
1109,6
1110,1
1111,1
1112,1
1113,2
1114,1
1115,1
1116,1
1117,1
1118,3
1119,2
1120,3
1121,1
1122,4
1123,2
1124,2
1125,1
1126,6
1127,1
1128,3
1129,5
1130,1
1131,3
1132,2
1133,2
1134,1
1135,6
1136,2
1137,1
1138,1
1139,2
1140,2
1141,1
1142,2
1143,7
1144,1
1145,2
1146,1
1147,3
1148,3
1149,1
1150,1
1151,2
1152,1
1153,3
1154,4
1155,4
1156,1
1157,2
1158,2
1159,1
1160,2
1161,1
1162,1
1163,1
1164,1
1165,1
1166,2
1167,5
1168,1
1169,4
1170,1
1171,5
1172,1
1173,1
1174,2
1175,2
1176,1
1177,5
1178,1
1179,4
1180,1
1181,5
1182,1
1183,7
1184,1
1185,1
1186,3
1187,1
1188,2
1189,2
1190,2
1191,1
1192,6
1193,1
1194,1
1195,1
1196,1
1197,1
1198,1
1199,2
1200,1
1201,5
1202,11
1203,1
1204,1
1205,2
1206,2
1207,1
1208,3
1209,2
1210,1
1211,2
1212,5
1213,1
1214,2
1215,2
1216,1
1217,1
1218,4
1219,2
1220,2
1221,2
1222,2
1223,1
1224,3
1225,4
1226,3
1227,2
1228,1
1229,4
1230,1
1231,1
1232,2
1233,3
1234,2
1235,2
1236,1
1237,1
1238,5
1239,1
1240,2
1241,2
1242,3
1243,3
1244,1
1245,11
1246,1
1247,1
1248,1
1249,1
1250,1
1251,1
1252,1
1253,1
1254,1
1255,1
1256,2
1257,1
1258,2
1259,1
1260,1
1261,3
1262,4
1263,3
1264,1
1265,1
1266,1
1267,13
1268,1
1269,3
1270,2
1271,5
1272,1
1273,1
1274,2
1275,1
1276,7
1277,5
1278,2
1279,2
1280,2
1281,10
1282,1
1283,7
1284,1
1285,1
1286,3
1287,1
1288,1
1289,2
1290,7
1291,4
1292,2
1293,8
1294,2
1295,1
1296,3
1297,1
1298,2
1299,1
1300,1
1301,3
1302,2
1303,2
1304,7
1305,4
1306,3
1307,6
1308,1
1309,1
1310,1
1311,1
1312,4
1313,2
1314,1
1315,1
1316,1
1317,2
1318,7
1319,1
1320,2
1321,4
1322,3
1323,4
1324,3
1325,1
1326,1
1327,1
1328,1
1329,2
1330,1
1331,12
1332,1
1333,3
1334,1
1335,1
1336,5
1337,2
1338,2
1339,9
1340,1
1341,3
1342,1
1343,1
1344,1
1345,1
1346,1
1347,5
1348,2
1349,2
1350,2
1351,1
1352,1
1353,2
1354,1
1355,4
1356,1
1357,9
1358,1
1359,3
1360,2
1361,1
1362,1
1363,1
1364,3
1365,1
1366,3
1367,1
1368,1
1369,3
1370,2
1371,3
1372,2
1373,3
1374,2
1375,1
1376,3
1377,4
1378,5
1379,1
1380,2
1381,1
1382,1
1383,2
1384,5
1385,1
1386,4
1387,7
1388,2
1389,2
1390,3
1391,1
1392,1
1393,1
1394,1
1395,3
1396,7
1397,1
1398,1
1399,1
1400,5
1401,1
1402,1
1403,4
1404,1
1405,1
1406,5
1407,2
1408,1
1409,2
1410,2
1411,4
1412,1
1413,2
1414,1
1415,1
1416,2
1417,1
1418,1
1419,1
1420,3
1421,1
1422,2
1423,2
1424,1
1425,2
1426,4
1427,1
1428,6
1429,1
1430,2
1431,1
1432,7
1433,1
1434,1
1435,2
1436,3
1437,2
1438,2
1439,1
1440,1
1441,2
1442,1
1443,3
1444,1
1445,1
1446,1
1447,1
1448,3
1449,2
1450,3
1451,11
1452,1
1453,1
1454,1
1455,5
1456,6
1457,1
1458,2
1459,3
1460,4
1461,9
1462,1
1463,3
1464,1
1465,3
1466,1
1467,2
1468,1
1469,4
1470,2
1471,1
1472,1
1473,1
1474,1
1475,1
1476,1
1477,1
1478,1
1479,1
1480,1
1481,2
1482,3
1483,8
1484,2
1485,1
1486,7
1487,1
1488,4
1489,1
1490,1
1491,1
1492,1
1493,1
1494,1
1495,1
1496,2
1497,1
1498,2
1499,3
1500,1
1501,1
1502,3
1503,2
1504,3
1505,2
1506,1
1507,2
1508,1
1509,1
1510,3
1511,1
1512,2
1513,3
1514,4
1515,2
1516,2
1517,4
1518,1
1519,1
1520,1
1521,1
1522,1
1523,2
1524,1
1525,1
1526,2
1527,1
1528,2
1529,3
1530,6
1531,2
1532,1
1533,4
1534,1
1535,1
1536,2
1537,1
1538,2
1539,6
1540,2
1541,3
1542,1
1543,2
1544,2
1545,1
1546,2
1547,2
1548,2
1549,1
1550,1
1551,1
1552,5
1553,2
1554,3
1555,2
1556,2
1557,1
1558,2
1559,1
1560,1
1561,1
1562,1
1563,6
1564,1
1565,2
1566,1
1567,1
1568,5
1569,6
1570,1
1571,1
1572,1
1573,1
1574,6
1575,1
1576,1
1577,2
1578,2
1579,1
1580,1
1581,1
1582,1
1583,4
1584,2
1585,1
1586,1
1587,2
1588,2
1589,1
1590,2
1591,4
1592,1
1593,2
1594,2
1595,1
1596,1
1597,3
1598,3
1599,1
1600,1
1601,1
1602,1
1603,3
1604,1
1605,3
1606,1
1607,1
1608,2
1609,1
1610,1
1611,2
1612,1
1613,2
1614,2
1615,1
1616,1
1617,1
1618,2
1619,4
1620,1
1621,1
1622,1
1623,4
1624,1
1625,3
1626,2
1627,1
1628,1
1629,4
1630,1
1631,1
1632,1
1633,3
1634,2
1635,2
1636,1
1637,1
1638,7
1639,1
1640,1
1641,1
1642,1
1643,1
1644,1
1645,1
1646,2
1647,1
1648,1
1649,1
1650,5
1651,3
1652,1
1653,1
1654,5
1655,6
1656,3
1657,1
1658,1
1659,2
1660,1
1661,1
1662,1
1663,3
1664,1
1665,1
1666,4
1667,1
1668,2
1669,2
1670,1
1671,1
1672,4
1673,1
1674,1
1675,2
1676,1
1677,4
1678,2
1679,2
1680,3
1681,1
1682,2
1683,1
1684,2
1685,1
1686,2
1687,2
1688,1
1689,3
1690,1
1691,1
1692,2
1693,2
1694,1
1695,2
1696,2
1697,3
1698,1
1699,6
1700,1
1701,1
1702,1
1703,2
1704,1
1705,4
1706,1
1707,2
1708,2
1709,1
1710,4
1711,1
1712,3
1713,5
1714,1
1715,1
1716,3
1717,2
1718,1
1719,3
1720,2
1721,2
1722,4
1723,1
1724,1
1725,1
1726,1
1727,5
1728,2
1729,2
1730,1
1731,3
1732,1
1733,1
1734,2
1735,1
1736,3
1737,9
1738,3
1739,1
1740,2
1741,1
1742,4
1743,3
1744,1
1745,4
1746,1
1747,2
1748,5
1749,3
1750,2
1751,3
1752,3
1753,5
1754,1
1755,5
1756,2
1757,1
1758,1
1759,1
1760,2
1761,4
1762,1
1763,1
1764,1
1765,1
1766,3
1767,2
1768,3
1769,1
1770,2
1771,1
1772,1
1773,1
1774,1
1775,5
1776,3
1777,2
1778,1
1779,2
1780,3
1781,1
1782,2
1783,6
1784,1
1785,1
1786,1
1787,1
1788,2
1789,4
1790,2
1791,1
1792,3
1793,1
1794,2
1795,1
1796,2
1797,1
1798,1
1799,4
1800,1
1801,3
1802,1
1803,2
1804,2
1805,5
1806,1
1807,1
1808,1
1809,2
1810,1
1811,1
1812,2
1813,1
1814,2
1815,1
1816,2
1817,1
1818,1
1819,1
1820,2
1821,4
1822,1
1823,1
1824,1
1825,2
1826,1
1827,1
1828,7
1829,2
1830,1
1831,2
1832,2
1833,1
1834,5
1835,1
1836,4
1837,2
1838,3
1839,1
1840,1
1841,1
1842,1
1843,3
1844,4
1845,3
1846,1
1847,4
1848,1
1849,2
1850,1
1851,1
1852,1
1853,1
1854,1
1855,1
1856,2
1857,2
1858,1
1859,2
1860,4
1861,2
1862,3
1863,2
1864,1
1865,1
1866,1
1867,5
1868,1
1869,4
1870,3
1871,1
1872,2
1873,2
1874,2
1875,1
1876,4
1877,1
1878,1
1879,1
1880,2
1881,1
1882,4
1883,1
1884,4
1885,1
1886,1
1887,1
1888,3
1889,1
1890,1
1891,2
1892,1
1893,2
1894,4
1895,1
1896,1
1897,2
1898,1
1899,1
1900,1
1901,1
1902,2
1903,1
1904,2
1905,1
1906,1
1907,1
1908,3
1909,1
1910,1
1911,2
1912,1
1913,1
1914,2
1915,1
1916,1
1917,1
1918,1
1919,3
1920,1
1921,1
1922,3
1923,4
1924,2
1925,2
1926,1
1927,2
1928,10
1929,1
1930,1
1931,1
1932,1
1933,1
1934,3
1935,1
1936,1
1937,1
1938,1
1939,1
1940,1
1941,1
1942,2
1943,1
1944,2
1945,2
1946,2
1947,1
1948,1
1949,1
1950,4
1951,6
1952,2
1953,1
1954,1
1955,1
1956,3
1957,2
1958,2
1959,4
1960,1
1961,2
1962,2
1963,1
1964,2
1965,1
1966,1
1967,3
1968,1
1969,1
1970,2
1971,2
1972,1
1973,3
1974,1
1975,1
1976,2
1977,1
1978,1
1979,2
1980,1
1981,2
1982,1
1983,3
1984,7
1985,3
1986,1
1987,2
1988,1
1989,1
1990,1
1991,3
1992,1
1993,1
1994,1
1995,1
1996,1
1997,1
1998,1
1999,1
2000,2
2001,2
2002,2
2003,1
2004,1
2005,1
2006,1
2007,1
2008,1
2009,1
2010,2
2011,1
2012,5
2013,1
2014,1
2015,1
2016,2
2017,1
2018,2
2019,1
2020,1
2021,1
2022,3
2023,1
2024,2
2025,2
2026,1
2027,3
2028,1
2029,6
2030,1
2031,1
2032,1
2033,1
2034,4
2035,1
2036,1
2037,1
2038,3
2039,1
2040,1
2041,1
2042,1
2043,1
2044,2
2045,1
2046,1
2047,1
2048,1
2049,1
2050,5
2051,3
2052,1
2053,3
2054,2
2055,2
2056,1
2057,2
2058,1
2059,1
2060,4
2061,1
2062,1
2063,6
2064,1
2065,3
2066,1
2067,1
2068,3
2069,3
2070,3
2071,1
2072,2
2073,1
2074,2
2075,1
2076,2
2077,1
2078,1
2079,1
2080,1
2081,1
2082,3
2083,1
2084,3
2085,1
2086,1
2087,2
2088,1
2089,1
2090,1
2091,1
2092,1
2093,2
2094,2
2095,1
2096,2
2097,1
2098,2
2099,1
2100,1
2101,1
2102,5
2103,1
2104,1
2105,1
2106,1
2107,1
2108,2
2109,1
2110,5
2111,1
2112,1
2113,1
2114,1
2115,1
2116,2
2117,1
2118,2
2119,2
2120,2
2121,1
2122,2
2123,1
2124,1
2125,2
2126,7
2127,1
2128,1
2129,2
2130,2
2131,3
2132,1
2133,2
2134,1
2135,5
2136,1
2137,1
2138,1
2139,2
2140,2
2141,1
2142,1
2143,2
2144,1
2145,1
2146,3
2147,5
2148,2
2149,1
2150,1
2151,1
2152,1
2153,2
2154,1
2155,1
2156,1
2157,1
2158,1
2159,5
2160,1
2161,1
2162,1
2163,1
2164,1
2165,2
2166,2
2167,3
2168,1
2169,2
2170,2
2171,1
2172,3
2173,1
2174,3
2175,1
2176,2
2177,1
2178,1
2179,4
2180,1
2181,2
2182,1
2183,1
2184,1
2185,2
2186,1
2187,2
2188,1
2189,1
2190,1
2191,2
2192,1
2193,2
2194,2
2195,5
2196,1
2197,2
2198,1
2199,1
2200,1
2201,3
2202,4
2203,4
2204,1
2205,1
2206,1
2207,1
2208,1
2209,1
2210,4
2211,1
2212,1
2213,1
2214,1
2215,2
2216,1
2217,1
2218,2
2219,1
2220,1
2221,1
2222,1
2223,1
2224,2
2225,3
2226,1
2227,1
2228,1
2229,1
2230,4
2231,1
2232,1
2233,1
2234,1
2235,1
2236,1
2237,1
2238,4
2239,1
2240,1
2241,2
2242,1
2243,3
2244,1
2245,2
2246,1
2247,2
2248,1
2249,2
2250,2
2251,3
2252,4
2253,1
2254,2
2255,1
2256,1
2257,1
2258,2
2259,1
2260,2
2261,1
2262,2
2263,3
2264,1
2265,1
2266,1
2267,1
2268,3
2269,1
2270,1
2271,5
2272,2
2273,2
2274,1
2275,1
2276,4
2277,3
2278,1
2279,1
2280,1
2281,3
2282,2
2283,1
2284,1
2285,3
2286,1
2287,1
2288,1
2289,2
2290,1
2291,1
2292,1
2293,1
2294,1
2295,1
2296,2
2297,3
2298,1
2299,1
2300,1
2301,1
2302,1
2303,1
2304,3
2305,1
2306,3
2307,1
2308,3
2309,1
2310,2
2311,1
2312,1
2313,1
2314,2
2315,1
2316,2
2317,1
2318,1
2319,1
2320,1
2321,1
2322,1
2323,1
2324,2
2325,1
2326,1
2327,2
2328,1
2329,2
2330,1
2331,1
2332,1
2333,1
2334,1
2335,2
2336,1
2337,2
2338,2
2339,1
2340,2
2341,1
2342,1
2343,1
2344,3
2345,1
2346,1
2347,1
2348,3
2349,2
2350,1
2351,1
2352,2
2353,1
2354,1
2355,1
2356,1
2357,7
2358,1
2359,1
2360,1
2361,3
2362,1
2363,2
2364,2
2365,1
2366,1
2367,1
2368,1
2369,2
2370,2
2371,2
2372,1
2373,1
2374,1
2375,2
2376,1
2377,1
2378,1
2379,1
2380,1
2381,6
2382,1
2383,3
2384,1
2385,1
2386,1
2387,1
2388,1
2389,1
2390,3
2391,1
2392,3
2393,3
2394,1
2395,3
2396,1
2397,1
2398,3
2399,1
2400,1
2401,2
2402,1
2403,1
2404,1
2405,2
2406,2
2407,1
2408,2
2409,1
2410,3
2411,1
2412,4
2413,2
2414,3
2415,1
2416,1
2417,3
2418,1
2419,1
2420,2
2421,2
2422,2
2423,2
2424,1
2425,1
2426,3
2427,2
2428,4
2429,1
2430,1
2431,2
2432,1
2433,2
2434,1
2435,1
2436,2
2437,1
2438,1
2439,5
2440,1
2441,2
2442,1
2443,1
2444,2
2445,4
2446,1
2447,3
2448,1
2449,1
2450,1
2451,1
2452,1
2453,1
2454,1
2455,1
2456,3
2457,2
2458,2
2459,1
2460,1
2461,2
2462,4
2463,1
2464,1
2465,1
2466,1
2467,4
2468,3
2469,3
2470,1
2471,1
2472,1
2473,1
2474,1
2475,1
2476,1
2477,1
2478,1
2479,1
2480,1
2481,3
2482,1
2483,2
2484,1
2485,1
2486,1
2487,2
2488,1
2489,1
2490,1
2491,1
2492,1
2493,1
2494,1
2495,1
2496,2
2497,1
2498,1
2499,1
2500,2
2501,1
2502,2
2503,1
2504,4
2505,1
2506,3
2507,3
2508,2
2509,1
2510,2
2511,1
2512,1
2513,2
2514,3
2515,2
2516,1
2517,3
2518,2
2519,1
2520,1
2521,1
2522,1
2523,1
2524,5
2525,2
2526,1
2527,1
2528,1
2529,1
2530,1
2531,1
2532,3
2533,2
2534,1
2535,3
2536,2
2537,6
2538,1
2539,3
2540,1
2541,1
2542,1
2543,1
2544,1
2545,1
2546,1
2547,3
2548,1
2549,1
2550,1
2551,1
2552,1
2553,1
2554,1
2555,1
2556,3
2557,1
2558,1
2559,3
2560,2
2561,1
2562,1
2563,1
2564,3
2565,1
2566,1
2567,1
2568,1
2569,1
2570,5
2571,1
2572,3
2573,3
2574,2
2575,1
2576,1
2577,1
2578,1
2579,2
2580,1
2581,3
2582,1
2583,2
2584,1
2585,1
2586,3
2587,3
2588,1
2589,1
2590,1
2591,1
2592,1
2593,1
2594,2
2595,1
2596,2
2597,1
2598,1
2599,1
2600,1
2601,3
2602,1
2603,2
2604,5
2605,2
2606,2
2607,1
2608,1
2609,1
2610,2
2611,1
2612,1
2613,1
2614,3
2615,1
2616,3
2617,1
2618,1
2619,1
2620,1
2621,1
2622,1
2623,1
2624,1
2625,1
2626,4
2627,1
2628,1
2629,2
2630,1
2631,1
2632,1
2633,1
2634,1
2635,1
2636,1
2637,4
2638,1
2639,1
2640,1
2641,1
2642,2
2643,2
2644,1
2645,1
2646,1
2647,1
2648,1
2649,1
2650,1
2651,1
2652,3
2653,1
2654,1
2655,1
2656,1
2657,2
2658,3
2659,4
2660,2
2661,1
2662,3
2663,1
2664,1
2665,2
2666,1
2667,1
2668,2
2669,2
2670,1
2671,4
2672,2
2673,3
2674,1
2675,3
2676,2
2677,2
2678,1
2679,1
2680,1
2681,1
2682,2
2683,1
2684,1
2685,1
2686,1
2687,1
2688,2
2689,2
2690,3
2691,1
2692,1
2693,3
2694,3
2695,2
2696,1
2697,1
2698,1
2699,1
2700,1
2701,1
2702,2
2703,1
2704,2
2705,3
2706,1
2707,1
2708,1
2709,1
2710,1
2711,2
2712,1
2713,3
2714,3
2715,2
2716,1
2717,1
2718,1
2719,4
2720,1
2721,1
2722,1
2723,1
2724,1
2725,1
2726,1
2727,1
2728,1
2729,1
2730,2
2731,2
2732,2
2733,2
2734,1
2735,1
2736,1
2737,5
2738,1
2739,1
2740,1
2741,1
2742,3
2743,2
2744,1
2745,2
2746,1
2747,2
2748,1
2749,2
2750,1
2751,1
2752,2
2753,1
2754,1
2755,1
2756,1
2757,3
2758,2
2759,2
2760,2
2761,1
2762,1
2763,1
2764,1
2765,1
2766,3
2767,2
2768,1
2769,1
2770,1
2771,1
2772,2
2773,1
2774,1
2775,1
2776,1
2777,1
2778,1
2779,1
2780,1
2781,4
2782,1
2783,1
2784,3
2785,2
2786,3
2787,1
2788,1
2789,1
2790,4
2791,2
2792,1
2793,1
2794,1
2795,1
2796,1
2797,1
2798,1
2799,1
2800,3
2801,2
2802,1
2803,2
2804,2
2805,1
2806,1
2807,2
2808,1
2809,2
2810,2
2811,1
2812,2
2813,2
2814,1
2815,1
2816,4
2817,1
2818,1
2819,1
2820,1
2821,1
2822,1
2823,1
2824,3
2825,1
2826,5
2827,1
2828,1
2829,1
2830,1
2831,1
2832,1
2833,3
2834,1
2835,2
2836,1
2837,1
2838,1
2839,1
2840,2
2841,1
2842,2
2843,1
2844,1
2845,1
2846,1
2847,1
2848,1
2849,1
2850,1
2851,1
2852,2
2853,1
2854,1
2855,3
2856,1
2857,2
2858,1
2859,1
2860,1
2861,1
2862,1
2863,1
2864,1
2865,2
2866,1
2867,2
2868,2
2869,2
2870,1
2871,1
2872,2
2873,1
2874,1
2875,1
2876,1
2877,1
2878,2
2879,1
2880,1
2881,2
2882,1
2883,1
2884,3
2885,2
2886,1
2887,3
2888,1
2889,1
2890,1
2891,2
2892,1
2893,1
2894,1
2895,1
2896,1
2897,1
2898,1
2899,1
2900,1
2901,1
2902,1
2903,1
2904,1
2905,2
2906,1
2907,1
2908,5
2909,1
2910,1
2911,2
2912,1
2913,3
2914,3
2915,2
2916,5
2917,2
2918,1
2919,1
2920,1
2921,2
2922,3
2923,1
2924,1
2925,1
2926,1
2927,4
2928,1
2929,2
2930,2
2931,3
2932,3
2933,1
2934,2
2935,1
2936,1
2937,1
2938,1
2939,1
2940,3
2941,5
2942,1
2943,5
2944,1
2945,1
2946,1
2947,1
2948,1
2949,1
2950,1
2951,1
2952,2
2953,1
2954,2
2955,1
2956,1
2957,1
2958,1
2959,1
2960,4
2961,2
2962,1
2963,1
2964,2
2965,1
2966,5
2967,2
2968,1
2969,2
2970,1
2971,2
2972,1
2973,1
2974,1
2975,1
2976,1
2977,1
2978,1
2979,4
2980,1
2981,1
2982,2
2983,2
2984,1
2985,1
2986,1
2987,2
2988,3
2989,2
2990,1
2991,1
2992,1
2993,2
2994,1
2995,1
2996,1
2997,4
2998,1
2999,1
3000,1
3001,1
3002,1
3003,1
3004,2
3005,3
3006,1
3007,1
3008,1
3009,1
3010,1
3011,2
3012,1
3013,1
3014,1
3015,2
3016,3
3017,1
3018,1
3019,1
3020,1
3021,2
3022,1
3023,1
3024,3
3025,1
3026,4
3027,1
3028,1
3029,2
3030,1
3031,1
3032,1
3033,1
3034,1
3035,1
3036,2
3037,1
3038,2
3039,1
3040,1
3041,1
3042,2
3043,1
3044,1
3045,1
3046,2
3047,1
3048,1
3049,1
3050,1
3051,1
3052,1
3053,1
3054,1
3055,1
3056,1
3057,1
3058,1
3059,1
3060,1
3061,1
3062,1
3063,1
3064,1
3065,1
3066,2
3067,1
3068,1
3069,1
3070,1
3071,1
3072,1
3073,1
3074,1
3075,1
3076,1
3077,2
3078,1
3079,2
3080,1
3081,2
3082,1
3083,1
3084,1
3085,1
3086,1
3087,2
3088,1
3089,1
3090,1
3091,3
3092,1
3093,1
3094,1
3095,1
3096,1
3097,1
3098,1
3099,1
3100,2
3101,1
3102,1
3103,2
3104,1
3105,2
3106,1
3107,1
3108,1
3109,1
3110,1
3111,1
3112,1
3113,1
3114,1
3115,1
3116,2
3117,1
3118,1
3119,1
3120,2
3121,1
3122,1
3123,1
3124,2
3125,2
3126,1
3127,1
3128,1
3129,1
3130,2
3131,1
3132,2
3133,1
3134,1
3135,1
3136,1
3137,1
3138,2
3139,1
3140,1
3141,1
3142,1
3143,2
3144,1
3145,2
3146,1
3147,1
3148,1
3149,1
3150,1
3151,1
3152,1
3153,3
3154,1
3155,2
3156,1
3157,1
3158,1
3159,1
3160,1
3161,2
3162,1
3163,1
3164,3
3165,1
3166,1
3167,1
3168,1
3169,1
3170,1
3171,3
3172,1
3173,1
3174,3
3175,1
3176,1
3177,2
3178,1
3179,2
3180,1
3181,1
3182,1
3183,1
3184,3
3185,1
3186,1
3187,1
3188,1
3189,3
3190,1
3191,1
3192,3
3193,1
3194,1
3195,1
3196,1
3197,1
3198,1
3199,1
3200,3
3201,1
3202,1
3203,1
3204,1
3205,2
3206,1
3207,2
3208,2
3209,1
3210,1
3211,1
3212,1
3213,1
3214,1
3215,1
3216,1
3217,1
3218,1
3219,1
3220,1
3221,3
3222,3
3223,1
3224,1
3225,3
3226,1
3227,2
3228,3
3229,1
3230,1
3231,1
3232,1
3233,1
3234,1
3235,3
3236,1
3237,1
3238,1
3239,1
3240,1
3241,1
3242,1
3243,2
3244,2
3245,2
3246,1
3247,1
3248,2
3249,2
3250,1
3251,1
3252,1
3253,1
3254,1
3255,1
3256,1
3257,1
3258,2
3259,1
3260,1
3261,1
3262,1
3263,1
3264,1
3265,1
3266,1
3267,2
3268,1
3269,1
3270,1
3271,3
3272,1
3273,2
3274,2
3275,1
3276,2
3277,2
3278,1
3279,1
3280,2
3281,1
3282,2
3283,1
3284,2
3285,1
3286,1
3287,1
3288,1
3289,1
3290,1
3291,1
3292,1
3293,2
3294,1
3295,1
3296,3
3297,7
3298,1
3299,2
3300,1
3301,1
3302,2
3303,1
3304,5
3305,2
3306,1
3307,1
3308,2
3309,1
3310,1
3311,2
3312,1
3313,2
3314,3
3315,1
3316,1
3317,3
3318,1
3319,1
3320,1
3321,1
3322,1
3323,1
3324,1
3325,1
3326,1
3327,1
3328,1
3329,1
3330,1
3331,1
3332,3
3333,1
3334,1
3335,1
3336,1
3337,2
3338,1
3339,1
3340,1
3341,1
3342,1
3343,1
3344,1
3345,1
3346,1
3347,1
3348,1
3349,1
3350,1
3351,3
3352,1
3353,1
3354,1
3355,3
3356,1
3357,1
3358,1
3359,2
3360,1
3361,1
3362,1
3363,2
3364,1
3365,2
3366,1
3367,3
3368,1
3369,2
3370,1
3371,2
3372,2
3373,1
3374,2
3375,4
3376,1
3377,1
3378,1
3379,1
3380,1
3381,1
3382,1
3383,1
3384,1
3385,2
3386,1
3387,1
3388,3
3389,1
3390,1
3391,1
3392,1
3393,1
3394,1
3395,1
3396,1
3397,1
3398,1
3399,1
3400,1
3401,1
3402,2
3403,1
3404,2
3405,2
3406,1
3407,4
3408,1
3409,1
3410,1
3411,1
3412,1
3413,1
3414,1
3415,1
3416,1
3417,1
3418,1
3419,1
3420,1
3421,1
3422,2
3423,1
3424,2
3425,3
3426,1
3427,1
3428,1
3429,1
3430,1
3431,1
3432,1
3433,1
3434,1
3435,1
3436,1
3437,1
3438,1
3439,1
3440,2
3441,1
3442,5
3443,1
3444,1
3445,1
3446,3
3447,3
3448,1
3449,1
3450,1
3451,1
3452,1
3453,2
3454,1
3455,1
3456,1
3457,3
3458,1
3459,1
3460,3
3461,1
3462,2
3463,1
3464,1
3465,1
3466,2
3467,1
3468,1
3469,2
3470,1
3471,1
3472,1
3473,1
3474,1
3475,1
3476,1
3477,1
3478,2
3479,1
3480,1
3481,1
3482,1
3483,1
3484,1
3485,2
3486,3
3487,1
3488,2
3489,1
3490,3
3491,2
3492,2
3493,1
3494,2
3495,1
3496,1
3497,1
3498,1
3499,1
3500,2
3501,1
3502,1
3503,1
3504,2
3505,2
3506,1
3507,2
3508,1
3509,1
3510,1
3511,3
3512,1
3513,1
3514,1
3515,1
3516,1
3517,1
3518,1
3519,1
3520,1
3521,1
3522,1
3523,1
3524,1
3525,1
3526,2
3527,1
3528,1
3529,2
3530,1
3531,1
3532,2
3533,2
3534,1
3535,1
3536,1
3537,1
3538,1
3539,1
3540,1
3541,1
3542,1
3543,2
3544,2
3545,1
3546,2
3547,1
3548,1
3549,2
3550,1
3551,1
3552,1
3553,1
3554,1
3555,2
3556,2
3557,1
3558,1
3559,1
3560,1
3561,1
3562,1
3563,1
3564,3
3565,2
3566,2
3567,1
3568,1
3569,1
3570,1
3571,1
3572,1
3573,1
3574,1
3575,1
3576,1
3577,1
3578,1
3579,1
3580,1
3581,1
3582,1
3583,1
3584,1
3585,1
3586,2
3587,1
3588,1
3589,1
3590,1
3591,1
3592,1
3593,1
3594,2
3595,1
3596,2
3597,2
3598,1
3599,1
3600,1
3601,2
3602,1
3603,1
3604,2
3605,2
3606,1
3607,1
3608,1
3609,1
3610,4
3611,2
3612,1
3613,1
3614,2
3615,1
3616,1
3617,1
3618,1
3619,1
3620,1
3621,1
3622,2
3623,1
3624,1
3625,1
3626,1
3627,1
3628,3
3629,1
3630,2
3631,1
3632,2
3633,2
3634,1
3635,2
3636,1
3637,1
3638,1
3639,1
3640,2
3641,1
3642,2
3643,1
3644,2
3645,1
3646,1
3647,1
3648,1
3649,1
3650,1
3651,1
3652,1
3653,1
3654,2
3655,3
3656,1
3657,1
3658,2
3659,1
3660,1
3661,1
3662,2
3663,1
3664,1
3665,1
3666,2
3667,1
3668,1
3669,1
3670,1
3671,1
3672,2
3673,1
3674,1
3675,2
3676,1
3677,2
3678,1
3679,1
3680,3
3681,2
3682,1
3683,1
3684,1
3685,2
3686,1
3687,1
3688,1
3689,2
3690,1
3691,1
3692,1
3693,2
3694,1
3695,1
3696,1
3697,1
3698,1
3699,1
3700,2
3701,2
3702,1
3703,1
3704,2
3705,1
3706,1
3707,2
3708,1
3709,2
3710,1
3711,1
3712,1
3713,1
3714,1
3715,1
3716,1
3717,2
3718,1
3719,2
3720,1
3721,2
3722,1
3723,2
3724,1
3725,1
3726,1
3727,1
3728,2
3729,1
3730,1
3731,1
3732,3
3733,1
3734,3
3735,1
3736,1
3737,2
3738,1
3739,1
3740,1
3741,1
3742,1
3743,1
3744,1
3745,1
3746,1
3747,2
3748,1
3749,1
3750,2
3751,1
3752,1
3753,1
3754,2
3755,2
3756,2
3757,1
3758,1
3759,1
3760,1
3761,1
3762,1
3763,1
3764,1
3765,1
3766,2
3767,1
3768,1
3769,1
3770,3
3771,2
3772,1
3773,1
3774,1
3775,1
3776,1
3777,1
3778,2
3779,1
3780,1
3781,3
3782,1
3783,1
3784,3
3785,1
3786,2
3787,1
3788,2
3789,2
3790,1
3791,1
3792,1
3793,1
3794,1
3795,1
3796,1
3797,1
3798,1
3799,3
3800,1
3801,1
3802,1
3803,1
3804,1
3805,2
3806,2
3807,1
3808,1
3809,1
3810,1
3811,1
3812,1
3813,1
3814,1
3815,1
3816,2
3817,1
3818,1
3819,1
3820,1
3821,1
3822,3
3823,1
3824,2
3825,1
3826,1
3827,1
3828,2
3829,1
3830,2
3831,1
3832,1
3833,2
3834,1
3835,2
3836,1
3837,1
3838,1
3839,1
3840,1
3841,1
3842,1
3843,1
3844,1
3845,1
3846,1
3847,1
3848,2
3849,1
3850,1
3851,2
3852,1
3853,1
3854,1
3855,1
3856,1
3857,3
3858,2
3859,1
3860,1
3861,1
3862,1
3863,1
3864,1
3865,1
3866,1
3867,1
3868,1
3869,1
3870,2
3871,1
3872,1
3873,2
3874,1
3875,1
3876,2
3877,1
3878,1
3879,1
3880,1
3881,1
3882,1
3883,1
3884,1
3885,2
3886,1
3887,1
3888,1
3889,1
3890,3
3891,1
3892,1
3893,1
3894,1
3895,1
3896,1
3897,1
3898,1
3899,1
3900,1
3901,1
3902,1
3903,1
3904,1
3905,1
3906,1
3907,1
3908,1
3909,1
3910,1
3911,1
3912,1
3913,2
3914,1
3915,1
3916,1
3917,1
3918,2
3919,1
3920,1
3921,2
3922,1
3923,1
3924,1
3925,1
3926,2
3927,2
3928,1
3929,1
3930,1
3931,1
3932,2
3933,1
3934,2
3935,1
3936,2
3937,3
3938,1
3939,2
3940,1
3941,1
3942,2
3943,1
3944,1
3945,1
3946,2
3947,1
3948,1
3949,1
3950,1
3951,1
3952,1
3953,2
3954,3
3955,1
3956,2
3957,1
3958,1
3959,1
3960,1
3961,1
3962,1
3963,1
3964,2
3965,1
3966,1
3967,1
3968,2
3969,1
3970,3
3971,1
3972,2
3973,1
3974,1
3975,2
3976,1
3977,2
3978,2
3979,1
3980,1
3981,1
3982,2
3983,1
3984,1
3985,2
3986,2
3987,1
3988,1
3989,1
3990,2
3991,1
3992,1
3993,1
3994,1
3995,1
3996,1
3997,2
3998,1
3999,1
4000,2
4001,1
4002,1
4003,1
4004,1
4005,2
4006,1
4007,2
4008,1
4009,1
4010,1
4011,2
4012,1
4013,1
4014,1
4015,1
4016,1
4017,1
4018,1
4019,1
4020,1
4021,1
4022,1
4023,1
4024,1
4025,1
4026,1
4027,1
4028,1
4029,1
4030,1
4031,1
4032,1
4033,1
4034,1
4035,1
4036,1
4037,1
4038,1
4039,1
4040,2
4041,1
4042,1
4043,2
4044,1
4045,1
4046,1
4047,1
4048,1
4049,1
4050,1
4051,1
4052,1
4053,1
4054,2
4055,1
4056,1
4057,1
4058,1
4059,1
4060,1
4061,1
4062,1
4063,1
4064,1
4065,3
4066,1
4067,1
4068,1
4069,3
4070,1
4071,1
4072,1
4073,2
4074,1
4075,1
4076,2
4077,1
4078,1
4079,2
4080,1
4081,1
4082,2
4083,1
4084,1
4085,2
4086,1
4087,1
4088,2
4089,1
4090,2
4091,1
4092,1
4093,1
4094,1
4095,1
4096,1
4097,1
4098,2
4099,1
4100,3
4101,1
4102,1
4103,1
4104,2
4105,1
4106,1
4107,1
4108,3
4109,1
4110,1
4111,1
4112,1
4113,1
4114,1
4115,2
4116,2
4117,1
4118,1
4119,2
4120,1
4121,2
4122,2
4123,2
4124,1
4125,1
4126,1
4127,1
4128,1
4129,1
4130,1
4131,2
4132,1
4133,1
4134,1
4135,3
4136,1
4137,1
4138,1
4139,2
4140,1
4141,1
4142,1
4143,1
4144,1
4145,2
4146,1
4147,1
4148,1
4149,1
4150,1
4151,1
4152,2
4153,1
4154,1
4155,1
4156,1
4157,1
4158,1
4159,2
4160,1
4161,1
4162,1
4163,1
4164,1
4165,1
4166,1
4167,1
4168,1
4169,1
4170,1
4171,1
4172,2
4173,3
4174,1
4175,1
4176,1
4177,1
4178,1
4179,1
4180,1
4181,1
4182,4
4183,1
4184,1
4185,1
4186,1
4187,2
4188,1
4189,1
4190,1
4191,1
4192,1
4193,2
4194,1
4195,1
4196,2
4197,1
4198,2
4199,1
4200,1
4201,1
4202,1
4203,2
4204,1
4205,1
4206,1
4207,1
4208,1
4209,1
4210,1
4211,1
4212,2
4213,1
4214,1
4215,1
4216,1
4217,1
4218,1
4219,2
4220,1
4221,2
4222,1
4223,1
4224,2
4225,1
4226,1
4227,1
4228,2
4229,2
4230,1
4231,1
4232,1
4233,1
4234,1
4235,1
4236,3
4237,1
4238,2
4239,1
4240,2
4241,1
4242,2
4243,1
4244,1
4245,2
4246,1
4247,1
4248,1
4249,1
4250,1
4251,1
4252,1
4253,1
4254,1
4255,1
4256,1
4257,1
4258,1
4259,1
4260,1
4261,1
4262,1
4263,3
4264,1
4265,1
4266,1
4267,1
4268,2
4269,3
4270,1
4271,1
4272,2
4273,1
4274,1
4275,1
4276,1
4277,1
4278,2
4279,1
4280,1
4281,1
4282,1
4283,1
4284,1
4285,2
4286,1
4287,1
4288,1
4289,1
4290,1
4291,1
4292,1
4293,2
4294,1
4295,1
4296,1
4297,1
4298,1
4299,1
4300,2
4301,1
4302,1
4303,1
4304,1
4305,2
4306,1
4307,2
4308,1
4309,1
4310,1
4311,1
4312,3
4313,1
4314,2
4315,1
4316,1
4317,1
4318,2
4319,1
4320,1
4321,1
4322,1
4323,1
4324,1
4325,1
4326,1
4327,2
4328,1
4329,1
4330,1
4331,1
4332,1
4333,1
4334,1
4335,1
4336,1
4337,1
4338,1
4339,1
4340,1
4341,2
4342,1
4343,1
4344,1
4345,1
4346,1
4347,1
4348,1
4349,2
4350,2
4351,1
4352,1
4353,1
4354,1
4355,1
4356,2
4357,1
4358,1
4359,2
4360,1
4361,1
4362,1
4363,1
4364,1
4365,1
4366,2
4367,1
4368,2
4369,1
4370,1
4371,1
4372,1
4373,1
4374,1
4375,1
4376,1
4377,1
4378,1
4379,1
4380,1
4381,1
4382,1
4383,1
4384,1
4385,1
4386,1
4387,1
4388,1
4389,1
4390,1
4391,1
4392,1
4393,1
4394,1
4395,1
4396,1
4397,2
4398,1
4399,1
4400,1
4401,1
4402,1
4403,1
4404,1
4405,2
4406,1
4407,1
4408,1
4409,1
4410,2
4411,1
4412,1
4413,1
4414,1
4415,2
4416,1
4417,1
4418,2
4419,1
4420,1
4421,1
4422,2
4423,1
4424,1
4425,1
4426,1
4427,1
4428,1
4429,1
4430,1
4431,2
4432,1
4433,1
4434,1
4435,1
4436,1
4437,1
4438,1
4439,1
4440,1
4441,1
4442,1
4443,1
4444,1
4445,1
4446,1
4447,1
4448,1
4449,1
4450,1
4451,1
4452,1
4453,1
4454,1
4455,1
4456,1
4457,2
4458,1
4459,1
4460,1
4461,1
4462,1
4463,2
4464,1
4465,1
4466,1
4467,2
4468,1
4469,2
4470,1
4471,1
4472,2
4473,2
4474,1
4475,1
4476,1
4477,1
4478,1
4479,1
4480,1
4481,1
4482,1
4483,1
4484,1
4485,1
4486,1
4487,1
4488,1
4489,1
4490,1
4491,1
4492,1
4493,3
4494,1
4495,1
4496,1
4497,1
4498,1
4499,1
4500,1
4501,1
4502,1
4503,1
4504,1
4505,1
4506,1
4507,1
4508,1
4509,1
4510,1
4511,1
4512,1
4513,1
4514,1
4515,1
4516,2
4517,1
4518,1
4519,2
4520,1
4521,1
4522,1
4523,1
4524,1
4525,1
4526,1
4527,1
4528,2
4529,1
4530,1
4531,1
4532,1
4533,1
4534,1
4535,1
4536,1
4537,1
4538,1
4539,1
4540,1
4541,1
4542,1
4543,1
4544,1
4545,1
4546,1
4547,1
4548,1
4549,1
4550,1
4551,1
4552,1
4553,1
4554,2
4555,1
4556,2
4557,1
4558,1
4559,1
4560,1
4561,1
4562,1
4563,1
4564,1
4565,2
4566,1
4567,1
4568,1
4569,1
4570,1
4571,1
4572,1
4573,1
4574,2
4575,1
4576,1
4577,1
4578,1
4579,1
4580,1
4581,1
4582,2
4583,1
4584,1
4585,2
4586,1
4587,1
4588,1
4589,1
4590,1
4591,2
4592,1
4593,1
4594,1
4595,1
4596,1
4597,1
4598,1
4599,1
4600,1
4601,2
4602,1
4603,1
4604,2
4605,1
4606,1
4607,1
4608,1
4609,1
4610,1
4611,1
4612,1
4613,1
4614,1
4615,2
4616,1
4617,1
4618,1
4619,1
4620,1
4621,1
4622,1
4623,1
4624,1
4625,2
4626,1
4627,1
4628,1
4629,1
4630,1
4631,1
4632,1
4633,2
4634,1
4635,1
4636,1
4637,1
4638,1
4639,2
4640,1
4641,1
4642,2
4643,1
4644,3
4645,1
4646,1
4647,1
4648,1
4649,1
4650,1
4651,1
4652,1
4653,1
4654,1
4655,1
4656,1
4657,2
4658,1
4659,1
4660,1
4661,1
4662,1
4663,1
4664,1
4665,1
4666,1
4667,1
4668,2
4669,1
4670,1
4671,1
4672,1
4673,1
4674,1
4675,1
4676,1
4677,2
4678,1
4679,1
4680,1
4681,1
4682,1
4683,2
4684,2
4685,1
4686,1
4687,1
4688,1
4689,1
4690,1
4691,1
4692,1
4693,1
4694,1
4695,1
4696,1
4697,1
4698,1
4699,1
4700,1
4701,2
4702,1
4703,1
4704,2
4705,1
4706,1
4707,1
4708,1
4709,1
4710,2
4711,1
4712,1
4713,1
4714,1
4715,1
4716,1
4717,1
4718,1
4719,1
4720,1
4721,1
4722,1
4723,1
4724,1
4725,1
4726,1
4727,2
4728,1
4729,1
4730,1
4731,2
4732,1
4733,1
4734,1
4735,1
4736,2
4737,2
4738,1
4739,1
4740,1
4741,1
4742,2
4743,1
4744,1
4745,1
4746,1
4747,1
4748,2
4749,1
4750,1
4751,1
4752,1
4753,1
4754,1
4755,1
4756,1
4757,1
4758,2
4759,1
4760,1
4761,1
4762,1
4763,1
4764,1
4765,1
4766,1
4767,3
4768,1
4769,1
4770,1
4771,1
4772,1
4773,1
4774,1
4775,1
4776,1
4777,1
4778,2
4779,1
4780,1
4781,1
4782,1
4783,1
4784,1
4785,1
4786,1
4787,2
4788,1
4789,1
4790,1
4791,2
4792,2
4793,2
4794,2
4795,1
4796,1
4797,1
4798,2
4799,1
4800,1
4801,1
4802,1
4803,1
4804,1
4805,1
4806,1
4807,1
4808,1
4809,2
4810,1
4811,1
4812,2
4813,1
4814,1
4815,1
4816,1
4817,1
4818,1
4819,1
4820,1
4821,1
4822,2
4823,1
4824,1
4825,2
4826,1
4827,1
4828,1
4829,1
4830,1
4831,1
4832,1
4833,1
4834,1
4835,3
4836,1
4837,1
4838,2
4839,1
4840,1
4841,1
4842,1
4843,1
4844,1
4845,1
4846,1
4847,3
4848,1
4849,1
4850,1
4851,1
4852,1
4853,1
4854,1
4855,1
4856,1
4857,2
4858,1
4859,1
4860,1
4861,1
4862,2
4863,1
4864,1
4865,2
4866,1
4867,2
4868,2
4869,1
4870,1
4871,1
4872,1
4873,1
4874,1
4875,1
4876,1
4877,1
4878,1
4879,1
4880,1
4881,1
4882,1
4883,1
4884,1
4885,1
4886,1
4887,2
4888,1
4889,1
4890,1
4891,1
4892,1
4893,1
4894,1
4895,1
4896,1
4897,2
4898,1
4899,2
4900,1
4901,1
4902,1
4903,1
4904,1
4905,1
4906,1
4907,2
4908,1
4909,1
4910,2
4911,1
4912,1
4913,1
4914,1
4915,1
4916,1
4917,1
4918,1
4919,1
4920,1
4921,1
4922,1
4923,1
4924,1
4925,1
4926,1
4927,1
4928,1
4929,1
4930,2
4931,1
4932,2
4933,1
4934,1
4935,1
4936,1
4937,1
4938,1
4939,1
4940,1
4941,1
4942,1
4943,2
4944,2
4945,1
4946,1
4947,2
4948,1
4949,1
4950,1
4951,1
4952,2
4953,1
4954,1
4955,1
4956,1
4957,1
4958,1
4959,1
4960,1
4961,1
4962,1
4963,1
4964,1
4965,1
4966,1
4967,1
4968,1
4969,1
4970,1
4971,1
4972,1
4973,1
4974,1
4975,1
4976,1
4977,1
4978,1
4979,1
4980,1
4981,1
4982,1
4983,1
4984,1
4985,1
4986,1
4987,1
4988,2
4989,1
4990,1
4991,1
4992,1
4993,1
4994,1
4995,1
4996,1
4997,1
4998,1
4999,1
5000,1
5001,2
5002,1
5003,1
5004,1
5005,1
5006,1
5007,1
5008,2
5009,2
5010,2
5011,1
5012,3
5013,4
5014,1
5015,1
5016,1
5017,1
5018,1
5019,1
5020,2
5021,1
5022,1
5023,1
5024,2
5025,1
5026,1
5027,1
5028,1
5029,1
5030,1
5031,1
5032,1
5033,2
5034,1
5035,1
5036,1
5037,1
5038,2
5039,1
5040,2
5041,1
5042,1
5043,1
5044,1
5045,1
5046,2
5047,1
5048,1
5049,2
5050,1
5051,2
5052,1
5053,2
5054,1
5055,1
5056,1
5057,3
5058,1
5059,1
5060,1
5061,1
5062,1
5063,1
5064,1
5065,1
5066,1
5067,2
5068,2
5069,1
5070,1
5071,2
5072,1
5073,1
5074,1
5075,2
5076,1
5077,1
5078,1
5079,1
5080,1
5081,1
5082,1
5083,2
5084,2
5085,1
5086,1
5087,1
5088,1
5089,1
5090,2
5091,1
5092,1
5093,1
5094,1
5095,1
5096,1
5097,2
5098,2
5099,1
5100,2
5101,1
5102,1
5103,1
5104,1
5105,1
5106,1
5107,1
5108,2
5109,2
5110,1
5111,1
5112,1
5113,1
5114,1
5115,1
5116,1
5117,1
5118,1
5119,1
5120,1
5121,1
5122,1
5123,1
5124,1
5125,1
5126,2
5127,1
5128,1
5129,1
5130,1
5131,1
5132,1
5133,1
5134,1
5135,2
5136,1
5137,1
5138,1
5139,1
5140,1
5141,1
5142,1
5143,1
5144,3
5145,2
5146,1
5147,1
5148,1
5149,1
5150,1
5151,1
5152,1
5153,1
5154,1
5155,1
5156,1
5157,1
5158,1
5159,1
5160,1
5161,1
5162,2
5163,1
5164,1
5165,1
5166,1
5167,1
5168,1
5169,1
5170,2
5171,1
5172,1
5173,1
5174,1
5175,1
5176,1
5177,1
5178,1
5179,1
5180,1
5181,1
5182,1
5183,1
5184,1
5185,1
5186,1
5187,1
5188,1
5189,1
5190,1
5191,1
5192,1
5193,1
5194,1
5195,1
5196,1
5197,1
5198,1
5199,1
5200,1
5201,2
5202,1
5203,1
5204,1
5205,1
5206,1
5207,1
5208,1
5209,1
5210,1
5211,1
5212,1
5213,1
5214,1
5215,1
5216,1
5217,1
5218,2
5219,1
5220,2
5221,2
5222,1
5223,1
5224,1
5225,1
5226,1
5227,1
5228,1
5229,1
5230,1
5231,1
5232,1
5233,1
5234,1
5235,1
5236,1
5237,1
5238,1
5239,1
5240,1
5241,1
5242,1
5243,1
5244,1
5245,1
5246,1
5247,1
5248,1
5249,1
5250,1
5251,1
5252,1
5253,1
5254,1
5255,1
5256,1
5257,1
5258,1
5259,2
5260,1
5261,1
5262,1
5263,1
5264,1
5265,1
5266,1
5267,1
5268,1
5269,1
5270,1
5271,1
5272,2
5273,1
5274,1
5275,1
5276,1
5277,3
5278,1
5279,1
5280,1
5281,1
5282,2
5283,1
5284,1
5285,1
5286,1
5287,1
5288,1
5289,1
5290,1
5291,1
5292,1
5293,1
5294,1
5295,1
5296,1
5297,1
5298,1
5299,1
5300,1
5301,1
5302,1
5303,1
5304,1
5305,1
5306,2
5307,1
5308,1
5309,1
5310,1
5311,1
5312,1
5313,1
5314,1
5315,1
5316,1
5317,1
5318,2
5319,2
5320,1
5321,1
5322,1
5323,1
5324,1
5325,1
5326,1
5327,1
5328,1
5329,1
5330,1
5331,1
5332,1
5333,1
5334,1
5335,1
5336,1
5337,1
5338,2
5339,1
5340,1
5341,1
5342,1
5343,1
5344,1
5345,1
5346,1
5347,1
5348,1
5349,1
5350,1
5351,1
5352,1
5353,1
5354,2
5355,1
5356,1
5357,1
5358,1
5359,1
5360,1
5361,1
5362,2
5363,1
5364,1
5365,1
5366,1
5367,1
5368,1
5369,1
5370,1
5371,1
5372,1
5373,2
5374,1
5375,1
5376,1
5377,1
5378,1
5379,1
5380,1
5381,1
5382,1
5383,1
5384,2
5385,1
5386,1
5387,1
5388,2
5389,1
5390,1
5391,1
5392,1
5393,1
5394,1
5395,1
5396,1
5397,1
5398,1
5399,1
5400,1
5401,1
5402,1
5403,2
5404,1
5405,1
5406,1
5407,1
5408,1
5409,1
5410,1
5411,2
5412,1
5413,1
5414,2
5415,1
5416,1
5417,1
5418,3
5419,1
5420,1
5421,1
5422,1
5423,2
5424,1
5425,1
5426,1
5427,1
5428,1
5429,1
5430,1
5431,1
5432,1
5433,1
5434,1
5435,1
5436,1
5437,2
5438,1
5439,1
5440,1
5441,1
5442,1
5443,1
5444,1
5445,1
5446,3
5447,1
5448,1
5449,1
5450,1
5451,1
5452,1
5453,1
5454,1
5455,1
5456,1
5457,1
5458,1
5459,1
5460,1
5461,1
5462,1
5463,2
5464,1
5465,1
5466,1
5467,1
5468,1
5469,1
5470,1
5471,1
5472,1
5473,1
5474,2
5475,1
5476,1
5477,1
5478,1
5479,1
5480,1
5481,1
5482,1
5483,1
5484,1
5485,1
5486,2
5487,1
5488,1
5489,1
5490,1
5491,1
5492,2
5493,2
5494,1
5495,1
5496,1
5497,1
5498,1
5499,1
5500,1
5501,1
5502,1
5503,1
5504,1
5505,1
5506,1
5507,1
5508,1
5509,1
5510,1
5511,1
5512,1
5513,1
5514,1
5515,1
5516,1
5517,1
5518,1
5519,1
5520,2
5521,1
5522,1
5523,1
5524,3
5525,1
5526,2
5527,2
5528,1
5529,1
5530,1
5531,1
5532,2
5533,1
5534,2
5535,1
5536,1
5537,1
5538,1
5539,1
5540,1
5541,1
5542,1
5543,1
5544,1
5545,1
5546,1
5547,1
5548,1
5549,1
5550,1
5551,1
5552,1
5553,1
5554,1
5555,1
5556,1
5557,1
5558,1
5559,1
5560,1
5561,1
5562,1
5563,1
5564,1
5565,1
5566,1
5567,1
5568,1
5569,1
5570,1
5571,1
5572,1
5573,1
5574,1
5575,1
5576,1
5577,1
5578,1
5579,1
5580,1
5581,1
5582,1
5583,1
5584,1
5585,1
5586,1
5587,1
5588,1
5589,1
5590,1
5591,1
5592,1
5593,1
5594,1
5595,1
5596,1
5597,1
5598,1
5599,1
5600,1
5601,2
5602,1
5603,1
5604,2
5605,1
5606,1
5607,1
5608,1
5609,1
5610,1
5611,1
5612,1
5613,1
5614,1
5615,1
5616,1
5617,1
5618,1
5619,1
5620,1
5621,1
5622,2
5623,1
5624,1
5625,1
5626,1
5627,1
5628,1
5629,1
5630,1
5631,1
5632,1
5633,1
5634,1
5635,1
5636,1
5637,1
5638,1
5639,1
5640,1
5641,1
5642,1
5643,1
5644,1
5645,1
5646,1
5647,1
5648,1
5649,1
5650,1
5651,1
5652,1
5653,1
5654,1
5655,1
5656,1
5657,1
5658,1
5659,1
5660,1
5661,2
5662,2
5663,2
5664,1
5665,1
5666,1
5667,1
5668,1
5669,1
5670,1
5671,1
5672,1
5673,1
5674,2
5675,1
5676,1
5677,1
5678,1
5679,1
5680,1
5681,2
5682,1
5683,1
5684,1
5685,1
5686,1
5687,1
5688,1
5689,1
5690,1
5691,1
5692,1
5693,1
5694,1
5695,1
5696,1
5697,1
5698,1
5699,1
5700,1
5701,1
5702,1
5703,1
5704,1
5705,1
5706,1
5707,1
5708,1
5709,1
5710,1
5711,1
5712,1
5713,1
5714,1
5715,1
5716,1
5717,1
5718,1
5719,1
5720,1
5721,1
5722,1
5723,1
5724,1
5725,1
5726,1
5727,1
5728,1
5729,1
5730,1
5731,1
5732,1
5733,1
5734,1
5735,1
5736,1
5737,1
5738,1
5739,1
5740,1
5741,1
5742,1
5743,1
5744,1
5745,1
5746,1
5747,1
5748,1
5749,1
5750,1
5751,1
5752,1
5753,1
5754,1
5755,1
5756,1
5757,1
5758,1
5759,1
5760,1
5761,1
5762,1
5763,1
5764,1
5765,1
5766,1
5767,1
5768,1
5769,1
5770,1
5771,2
5772,1
5773,1
5774,1
5775,1
5776,1
5777,1
5778,1
5779,1
5780,1
5781,1
5782,1
5783,1
5784,1
5785,1
5786,1
5787,1
5788,1
5789,1
5790,1
5791,1
5792,1
5793,1
5794,1
5795,1
5796,1
5797,1
5798,1
5799,1
5800,1
5801,1
5802,2
5803,1
5804,1
5805,1
5806,1
5807,1
5808,1
5809,1
5810,1
5811,1
5812,1
5813,1
5814,1
5815,1
5816,1
5817,1
5818,1
5819,1
5820,1
5821,1
5822,1
5823,1
5824,1
5825,2
5826,1
5827,1
5828,1
5829,1
5830,1
5831,1
5832,1
5833,1
5834,1
5835,1
5836,1
5837,1
5838,1
5839,1
5840,1
5841,1
5842,1
5843,1
5844,1
5845,1
5846,1
5847,1
5848,1
5849,1
5850,1
5851,1
5852,1
5853,1
5854,1
5855,1
5856,1
5857,1
5858,1
5859,1
5860,1
5861,1
5862,1
5863,1
5864,1
5865,1
5866,1
5867,1
5868,1
5869,1
5870,1
5871,1
5872,1
5873,1
5874,1
5875,1
5876,1
5877,1
5878,1
5879,1
5880,1
5881,1
5882,1
5883,1
5884,1
5885,1
5886,1
5887,1
5888,1
5889,1
5890,1
5891,1
5892,1
5893,1
5894,1
5895,1
5896,1
5897,1
5898,1
5899,2
5900,1
5901,1
5902,1
5903,1
5904,1
5905,1
5906,1
5907,1
5908,1
5909,1
5910,1
5911,1
5912,1
5913,1
5914,1
5915,1
5916,1
5917,1
5918,1
5919,1
5920,1
5921,1
5922,1
5923,1
5924,1
5925,1
5926,1
5927,1
5928,1
5929,1
5930,1
5931,1
5932,1
5933,1
5934,1
5935,1
5936,1
5937,1
5938,1
5939,1
5940,1
5941,1
5942,1
5943,1
5944,1
5945,1
5946,1
5947,1
5948,1
5949,1
5950,1
5951,1
5952,1
5953,1
5954,1
5955,1
5956,1
5957,1
5958,1
5959,1
5960,1
5961,1
5962,1
5963,1
5964,1
5965,1
5966,1
5967,1
5968,1
5969,1
5970,1
5971,1
5972,1
5973,1
5974,1
5975,1
5976,1
5977,1
5978,1
5979,1
5980,1
5981,1
5982,1
5983,1
5984,1
5985,1
5986,1
5987,1
5988,1
5989,1
5990,1
5991,1
5992,1
5993,1
5994,1
5995,1
5996,1
5997,1
5998,1
5999,1
6000,2
6001,1
6002,1
6003,1
6004,1
6005,1
6006,1
6007,1
6008,1
6009,1
6010,1
6011,1
6012,1
6013,1
6014,1
6015,1
6016,1
6017,1
6018,1
6019,1
6020,1
6021,1
6022,1
6023,1
6024,1
6025,1
6026,1
6027,1
6028,1
6029,1
6030,1
6031,1
6032,1
6033,1
6034,1
6035,1
6036,1
6037,1
6038,1
6039,1
6040,2
6041,1
6042,1
6043,1
6044,1
6045,1
6046,1
6047,1
6048,1
6049,1
6050,1
6051,1
6052,1
6053,1
6054,1
6055,1
6056,1
6057,1
6058,1
6059,1
6060,1
6061,1
6062,1
6063,1
6064,1
6065,1
6066,1
6067,1
6068,1
6069,1
6070,1
6071,1
6072,1
6073,1
6074,1
6075,1
6076,1
6077,1
6078,1
6079,1
6080,1
6081,1
6082,1
6083,1
6084,1
6085,1
6086,1
6087,1
6088,1
6089,1
6090,1
6091,1
6092,1
6093,1
6094,1
6095,1
6096,1
6097,1
6098,1
6099,1
6100,1
6101,1
6102,1
6103,1
6104,1
6105,1
6106,1
6107,1
6108,1
6109,1
6110,1
6111,1
6112,1
6113,1
6114,1
6115,1
6116,1
6117,1
6118,1
6119,1
6120,1
6121,1
6122,1
6123,1
6124,1
6125,1
6126,1
6127,1
6128,1
6129,1
6130,1
6131,1
6132,1
6133,1
6134,1
6135,1
6136,1
6137,1
6138,1
6139,1
6140,1
6141,1
6142,1
6143,1
6144,1
6145,1
6146,1
6147,1
6148,1
6149,1
6150,1
6151,1
6152,1
6153,1
6154,1
6155,1
6156,1
6157,1
6158,1
6159,1
6160,1
6161,1
6162,1
6163,1
6164,1
6165,1
6166,1
6167,1
6168,1
6169,1
6170,1
6171,1
6172,1
6173,1
6174,1
6175,1
6176,1
6177,1
6178,1
6179,1
6180,1
6181,1
6182,1
6183,1
6184,1
6185,1
6186,1
6187,1
6188,1
6189,1
6190,1
6191,1
6192,1
6193,1
6194,1
6195,1
6196,1
6197,1
6198,1
6199,1
6200,1
6201,1
6202,1
6203,1
6204,1
6205,1
6206,1
6207,1
6208,1
6209,1
6210,1
6211,1
6212,1
6213,1
6214,1
6215,1
6216,1
6217,1
6218,1
6219,1
6220,1
6221,1
6222,1
6223,1
6224,1
6225,1
6226,1
6227,1
6228,1
6229,1
6230,1
6231,1
6232,1
6233,1
6234,1
6235,1
6236,1
6237,1
6238,1
6239,1
6240,1
6241,1
6242,1
6243,1
6244,1
6245,1
6246,1
6247,1
6248,1
6249,1
6250,1
6251,1
6252,2
6253,1
6254,1
6255,1
6256,1
6257,1
6258,1
6259,1
6260,1
6261,1
6262,1
6263,1
6264,1
6265,1
6266,1
6267,1
6268,1
6269,1
6270,1
6271,1
6272,1
6273,1
6274,1
6275,1
6276,1
6277,1
6278,1
6279,1
6280,1
6281,1
6282,1
6283,1
6284,1
6285,1
6286,1
6287,1
6288,1
6289,1
6290,1
6291,1
6292,1
6293,1
6294,1
6295,1
