5256843,1
4637734,1
2539395,1
3523979,1
1100627,1
3289551,1
6288763,1
3508946,1
3508947,1
5819778,2
3508945,1
3508942,1
3508943,1
3635970,1
3508941,1
3289254,1
775400,0
3509683,0
5849509,1
3508948,1
3508949,1
3504924,1
3505350,1
3300762,1
3601169,1
5849691,1
3300766,1
4669139,1
3290201,1
3295322,1
1150956,1
3573894,0
5442209,1
3292536,1
4188258,0
3330790,1
3271640,1
1285257,1
4220001,0
1207798,1
3667074,1
6145578,1
775039,2
741266,1
3509107,1
3504052,1
4852059,1
3688,1
5378078,1
775037,1
3506254,1
460601,1
3289074,1
775034,1
750031,1
5905428,1
774620,2
6161717,1
3637053,1
3300291,1
5851383,1
5857099,1
4489938,1
36255,14
774623,1
3300618,1
4924765,1
4554293,1
3300614,1
3589531,1
3506336,1
775031,7
3190756,1
740244,2
3316462,1
1192166,1
6306459,1
5830092,1
3508940,1
3506041,1
3508561,1
3512010,1
3304827,1
774396,42
5843174,1
5902656,1
3290595,1
5883930,1
5722439,1
3073716,1
5833965,1
1668287,1
3504554,1
4525715,1
5853887,1
5869368,1
704704,6
3508799,1
3503329,1
773654,3
3508798,1
5546726,0
3504704,1
3815887,1
3506257,1
5879755,1
492242,24
4578719,1
3505203,1
5876200,1
3311482,1
5766736,1
4722054,1
17032,14
3508794,1
3509300,1
5832967,1
5919032,1
6157795,1
3309686,1
5899638,1
5861553,1
166931,9
5848488,1
4418650,1
2633176,1
3506063,1
3219428,1
3506067,1
3506066,1
3506065,1
3274965,1
3241184,1
772638,1
737598,0
5835429,1
3293273,1
4398328,1
3316730,1
3302295,1
755292,6
1375662,1
3391247,1
773723,2
741048,0
3548604,1
5848809,1
5865252,1
3507346,1
3293293,1
5887655,1
356892,3
5753939,1
3790645,0
736572,1
3509099,1
3509098,1
774753,2
5865843,1
5845387,1
3509097,1
3305241,1
5910312,1
3636069,1
3505467,3
3505464,1
5862184,1
3313643,1
3505463,0
3545907,1
5771866,1
3301402,1
5855244,1
18852,2
5825337,1
4333100,1
773835,2
773836,5
773830,1
3506668,1
5852021,1
773833,4
3506665,1
3506664,1
3506667,1
4744629,1
701530,8
3506660,1
3506663,1
3506662,1
3506845,1
5816651,1
5816300,1
3506846,1
3506841,1
3506840,1
3505648,1
3506842,1
3505646,1
3505647,1
3508236,1
548110,3
3505866,1
3508231,1
3505864,1
3508233,1
5901626,1
774966,3
774965,2
3506684,1
5887098,1
774962,2
774961,2
774960,3
1399835,1
1196076,1
3506689,1
6093433,1
5603438,2
3505791,1
5181,20
469872,4
3505795,1
3505796,1
3505797,1
3505798,1
775165,0
775167,0
3506747,1
417358,3
5866681,1
5905093,1
3508303,1
6102277,1
5813530,1
775369,0
6322760,1
6185918,1
5871533,1
3502928,1
5862785,1
3504681,1
3248112,1
5829224,1
5812957,1
5908097,1
775181,0
3507983,1
5850269,1
5862803,1
3509431,0
3509430,0
3509433,0
3509432,0
3509434,0
3509437,0
3509436,0
3509438,0
3508517,1
6155660,1
5915156,0
21317,16
3505074,1
3362069,1
3297807,1
3493355,1
3544006,1
5882750,0
5827862,1
774322,1
757253,1
3504225,1
5794409,1
3089616,1
3509205,1
5850193,1
741389,1
3283280,1
770416,2
5525641,1
848714,1
5919633,1
5917415,1
3654825,1
621237,4
291606,11
5817793,1
5838941,1
3508052,1
3505069,1
3508154,1
3658666,1
774297,1
5873584,1
3299141,1
3505886,1
5921285,1
5910093,1
3416096,1
3493238,1
3299149,1
659633,2
6193436,1
761578,1
3330057,1
5849049,1
6226077,1
5876892,1
3505409,1
3652711,1
5887050,1
3089605,1
1081990,1
2941324,1
3004218,1
774035,1
774742,2
774741,2
1459155,1
774747,0
774746,4
774745,4
774744,2
3507231,1
5905634,1
774749,3
774748,2
5831730,1
3508156,1
774587,27
774586,1
5809903,3
5823566,1
1362413,1
4306781,2
5346767,1
3312974,1
774588,2
774175,1
3310453,1
3298385,1
4165313,1
5364082,1
3310457,1
748643,1
3310454,1
3311103,1
5915452,1
5027727,1
5819408,1
5826527,1
729813,130
3806588,1
630464,2
3310297,1
3310296,1
3507839,1
3507525,1
3507524,1
3507527,1
5920710,1
675962,3
3507523,1
6237352,1
4479933,1
3507304,1
5880219,1
3507306,1
3507653,1
3507303,1
3507650,1
3096230,1
5851841,1
3507309,1
3507308,1
898976,1
5874254,1
3721403,0
3508937,1
3508936,1
3506769,1
3508939,1
3508938,1
5283585,1
4339718,1
3650420,1
3301881,1
774371,8
5813254,1
3290212,1
3290745,1
3539943,1
6118557,1
5076131,1
3507789,1
3507788,1
7527,3
3552172,0
734606,6
3292522,1
5873683,1
3507787,1
3507786,1
2047040,1
3570001,1
5992541,3
3498350,1
774790,2
5888663,1
5827275,1
4185032,1
5905412,1
6014945,1
5831559,1
5868777,1
5849499,1
5858056,1
3508841,1
3508840,1
6185368,1
39007,2
5788090,1
4878333,0
5832041,1
5609692,1
4761545,1
5855013,1
3508606,0
5115298,1
3555214,1
359970,5
5886049,1
3517298,1
4807544,1
3507978,0
222793,3
3505946,1
3312120,1
3508490,0
5902628,1
5218040,1
4453213,1
623403,11
774901,2
589184,4
773642,14
773641,2
774812,1
5847072,1
773130,1
773645,5
6012401,10
3756913,1
3290560,1
3650540,1
3508572,1
618967,11
3311361,1
3507879,1
3498003,1
6050657,1
3504334,1
774889,2
1998778,1
5879510,1
3549055,1
5906507,1
3682523,1
4052715,1
5848479,1
3301689,1
5886466,1
493424,1
5935507,0
772190,3
3313007,1
6104869,1
3506071,1
3446718,1
5329650,1
4501115,1
6200543,1
5926418,0
771862,2
3506079,1
5813237,1
3313723,1
6197708,1
3293264,1
3338760,2
5861491,1
3302268,1
3316709,0
652471,28
5080024,1
3913648,1
4958036,1
3293284,1
5821434,1
3299978,1
870040,1
772993,1
3506211,1
3506212,1
751020,1
33446,22
4592218,6
5899489,1
775770,0
3407177,1
10397,4
760500,1
5838067,1
6136995,1
3638058,1
5821127,1
5905392,0
5978103,1
3505410,1
337821,12
3313653,1
5848583,1
5693705,1
3505418,1
5864664,1
774959,4
5876666,1
3307699,0
6092020,1
5856029,1
773820,1
3504391,1
3504199,1
775068,1
3307163,1
518185,5
3506670,1
3509151,1
3506676,1
3509157,1
3506674,1
3506675,1
3509332,1
3508208,1
3505639,1
402591,24
3509334,1
4636287,1
3304452,1
5913838,1
3509338,1
3509339,1
3505325,1
3505636,1
3508207,1
3505634,1
774912,4
774913,2
774910,2
774911,1
774916,2
774917,4
774914,9
774915,2
3065687,1
774918,3
774919,5
641696,2
5773413,1
5870012,0
5855344,1
5945744,1
751650,7
708378,2
3509349,1
774957,0
5831892,1
5905745,1
5846846,1
3506226,1
6102266,1
5920107,1
4547089,1
5871541,1
3505256,2
3505523,1
4969937,1
3506220,1
3299552,1
774359,2
3505745,1
775196,0
775190,0
3504698,1
3504699,1
3508165,1
3507617,1
5872088,1
774751,2
774356,1
3505072,1
3508685,2
3508684,1
3508687,1
3508686,1
4906033,1
3507037,1
3509427,0
3509425,0
5911344,1
5862710,1
3942060,2
6258244,1
774955,2
774828,1
774829,0
774826,2
774827,4
774824,2
774825,2
774822,3
774823,3
774820,2
774821,1
5824664,1
3290649,1
4916123,1
3504237,1
1501895,1
1384708,1
4300145,1
3234589,1
5075470,1
643799,4
3504292,1
5982306,1
699571,5
5903399,1
3504343,1
3504344,1
5442697,1
5904598,1
3340566,1
5912483,1
3505058,1
3614220,1
5837709,1
5819322,1
3061385,1
5892233,1
5845749,1
3297901,1
5914627,1
3553623,1
3508456,1
774946,3
3508457,0
774777,4
3891192,1
3287168,1
3314168,0
5876317,1
3288656,1
774775,3
4367008,0
4456339,0
5908117,1
11,1
72713,1
3313863,1
5920381,1
2112653,1
5863404,1
3334431,1
747842,1
3298276,1
639042,2
5895376,1
40426,8
3018566,1
3876856,1
5903487,1
5474425,1
3305780,1
5763122,1
3134065,1
1153761,1
3546030,1
740311,30
3497344,1
6332481,0
3506836,1
2965234,1
3507538,1
3507539,1
3579233,1
774132,1
3507532,1
3507533,1
3507530,1
5900053,1
3507534,1
3507535,1
3507312,1
3663119,1
3507311,1
3507316,1
696356,2
4569685,1
3507315,1
3649080,1
3507318,1
3574289,1
6081335,1
736368,1
5863719,1
6118937,1
5894625,1
684729,2
1145501,1
3314947,1
1188132,1
3295629,1
2532619,1
5904704,1
3500446,1
189701,3
4740096,1
3507792,1
3507793,1
3507791,1
2168842,1
3504905,1
3504902,1
5911729,1
3504901,1
5920142,1
3507227,1
3507225,1
91854,62
3304432,1
3507220,1
5833230,1
3507279,1
5878827,1
3508516,1
5863391,1
5771482,1
3507228,1
5356119,1
3286963,1
576716,1
774781,4
3515932,0
1257281,1
5885496,1
5918025,0
3507275,1
5827206,1
3314027,1
3504599,1
3290488,1
343592,1
3507003,1
774838,2
5888050,1
3507904,1
3508858,1
5873940,1
5831096,1
3294102,1
5854960,1
5915097,1
3508857,1
4968468,1
5922890,0
5310792,1
5845259,1
4773491,1
35807,1
774834,3
3312070,1
3507272,1
4694277,1
3002944,0
5855002,1
3342055,3
689312,12
5856611,1
3389329,1
6234072,1
740860,1
3315835,1
3315833,1
5860716,2
1576258,1
2637144,1
3294074,1
5858876,1
6216639,1
5898129,1
3833852,0
4403970,1
3508169,1
3290550,1
5842370,1
3300921,1
688071,7
2943235,1
5826860,1
6156197,1
240947,5
5827848,1
3506449,1
5913991,1
773693,0
3508210,1
3294659,1
5865018,1
3507190,1
5879522,1
3977728,1
3503942,1
3506703,1
1674,18
2980348,1
3313713,1
3285005,1
153130,1
772180,2
1222428,0
3300294,1
5032564,1
3503015,1
5918984,1
773741,1
773746,1
771855,1
4976847,1
5889129,1
3506044,1
3506064,1
690566,3
339842,1
4960066,1
3506042,1
3293499,1
5827429,1
3508824,1
3504751,1
69199,6
3507293,1
4390871,1
3316712,1
5899508,1
3302273,1
3298689,1
6199379,1
5687133,1
6236757,1
3299941,1
773963,1
3299943,1
4325459,0
5034924,1
4792280,1
774970,2
3232265,1
3505729,1
3296431,1
5921817,1
5848599,1
3268231,1
3505404,1
3505406,1
457463,2
3505408,1
3306774,1
6024856,1
4430276,3
1412998,1
3302419,1
5843071,1
5338268,1
3307170,1
6113279,1
5644024,1
5898274,1
6161460,1
3506531,1
3506530,1
3506533,1
3506532,0
3506535,1
3506534,1
5813178,1
3506539,1
3506538,1
3505624,1
3616501,1
3637233,1
3509181,1
774900,0
774903,2
774902,3
774905,4
774904,0
774907,2
774906,6
774909,3
774908,1
10502,3
3303051,1
3508503,1
6142691,1
297837,14
5076366,1
3301515,1
5864727,1
3508176,2
5868383,1
346558,6
5855359,1
763554,0
3506225,1
3506224,1
3505669,1
3302307,1
6148890,5
3506223,1
3307775,1
3635352,1
5813008,1
3506229,1
269233,8
775346,0
5871557,1
5829202,1
3508171,1
3514189,1
3678002,1
3291080,1
3519483,1
5707596,1
5919166,0
6217491,1
3508693,1
3508690,1
3509458,0
4193626,1
5827993,1
5822163,1
3272710,1
3509457,0
5708435,1
3315651,1
774839,2
4377265,1
3305049,1
774835,3
5904563,1
774837,0
774836,2
774831,2
774830,3
774833,0
774832,2
3508216,1
3508217,1
3508214,0
3508215,0
3505332,1
3505333,1
3505330,1
3505331,1
5904712,1
3504181,1
3504201,1
3504200,1
3508218,1
3508219,1
3317970,0
6031064,1
137447,2
3504572,1
3504571,1
5751766,1
1349379,1
770153,2
5874925,1
5862165,1
5882797,1
3315716,1
3552770,1
5819335,1
6128949,1
3651550,1
5883955,1
5829445,1
6222712,1
5873415,1
5971864,1
3507893,1
3490927,1
3507646,1
3313892,1
6225449,1
3314376,1
3314377,1
2014385,0
3188590,1
3314372,1
671775,40
775239,0
3508429,1
6166889,1
774349,2
774348,1
3507495,1
5346747,1
3314396,1
750993,1
3507491,1
750995,1
3314392,1
3507492,1
3508956,1
5904637,1
5919844,0
3507499,1
3507498,1
774011,25
5915472,1
3507511,0
455969,1
584316,1
3314843,1
5910986,1
758632,2
5127051,1
5812996,1
3299234,1
207489,1
3299231,1
5906527,1
5726583,1
748662,24
611026,5
5833548,1
774883,0
2101937,1
5861204,0
774884,2
5831620,1
28721,17
3507814,1
6086306,1
3507816,1
3507671,1
3507670,1
6214129,1
1394842,1
774886,3
3507676,1
3330617,1
3662986,1
771619,6
3292948,1
4523768,0
5885312,0
3311380,1
774658,1
774759,3
5385304,1
3508918,1
5243942,1
747296,3
774651,1
3677694,1
774655,1
774654,1
3721425,0
3973403,1
3289828,1
5859914,1
3479913,1
3504970,1
3677452,1
5898871,1
3507252,1
3507251,1
5906459,1
6237245,1
575728,1
3507125,1
3507258,1
838523,1
5891514,1
3509104,1
3314394,1
3310723,1
2374130,1
3669739,1
3310728,1
6198981,1
5891268,1
737173,1
5864676,1
3032790,2
4565410,1
3507496,1
672040,5
5836914,1
3507073,1
3504982,1
3507070,1
888622,1
5831573,1
3507490,1
3507321,1
5832067,1
1379629,1
774402,2
3509067,1
5902741,1
3883506,1
5873959,1
5819633,1
5564250,1
5849958,1
4725003,1
5740928,1
5993949,0
5910961,1
774016,5
3506669,1
5858705,1
3295668,1
5833957,1
3507557,1
774689,9
3307051,0
3295662,1
3506701,0
6218903,1
3313418,1
154025,13
2939921,1
3505673,1
3507880,1
773111,2
5900840,1
3755067,1
5876044,1
4724718,1
3507109,1
13510,19
3517672,1
3311867,1
3178149,5
5882132,1
5781433,1
750365,9
6064664,1
3289427,1
3288919,1
5858881,1
5912618,1
3064000,2
3304006,1
5406019,1
4409265,1
3507995,1
3083169,1
3672089,1
3040612,1
5370743,1
6332813,1
1861817,1
742747,1
734814,1
5923140,0
4062711,0
6080011,1
3504750,1
704416,1
704417,1
5645619,1
3617060,1
5817069,1
3506058,1
773756,2
3506052,1
3506053,1
6251854,1
3506051,1
3506057,1
3506054,1
3293449,1
3316098,1
3496423,1
773594,5
3320794,1
3508179,1
3505316,1
3299874,1
3305213,1
6001276,1
772979,1
3505310,1
5854180,1
3506848,1
5324369,1
3505640,1
6114531,1
6292296,1
3508178,1
3505641,1
5845082,1
5833820,1
774967,2
610711,1
3505434,1
5851058,1
3309491,1
3506685,1
5905373,1
609211,6
3506452,1
3316160,1
3506450,1
3506451,1
774963,18
3309301,1
3572380,1
3506458,1
3506459,1
3504311,1
3233883,1
4624118,1
3506529,1
3527220,1
5915114,1
3506525,1
3300655,1
3416048,3
3313680,1
774938,1
774939,1
3509198,1
3509199,1
774934,2
3509197,1
774936,0
772881,1
3509192,1
774931,2
3509190,1
774933,2
3289322,1
5871564,1
6252749,1
3923188,1
3099312,1
3300284,1
5919375,1
6186980,1
1125858,1
157646,2
3506963,1
90724,14
3506230,1
3506231,1
774969,0
4751305,1
3505503,1
774968,3
3505504,1
3505507,1
3505506,1
5919397,1
6325399,1
3505763,1
2969493,1
3505989,1
3504701,1
3505769,1
5837654,1
1363169,1
3508462,1
3505291,1
5893436,1
3505793,1
3505297,1
4653169,1
5920943,0
3509442,0
3509178,1
5851488,1
3509447,0
774808,2
6105566,1
5770445,1
774800,4
5812699,1
774802,3
774803,2
6313985,1
3492415,1
774806,2
774807,2
3508263,1
3508262,1
768807,7
5905197,1
3505347,1
3505610,1
3505345,1
3508264,1
3504213,1
3505349,1
3505348,1
3504740,1
5878178,1
3505781,1
5922614,1
778023,0
4646290,0
3504567,1
3504561,1
774248,1
3504563,1
3301532,1
571921,75
757519,9
5920126,0
3493207,1
5852838,2
5912469,1
219581,4
748909,2
4986656,1
3505678,1
774703,43
3504895,1
5819181,1
6078431,1
4653762,1
3334636,1
3508302,1
774332,3
3481639,6
5919151,1
5919622,1
3301303,1
3301650,1
5408385,1
757316,10
4426661,1
775221,0
774798,2
774799,2
4770568,1
3507486,1
3507487,1
6308273,1
774791,2
774792,6
774793,2
774794,2
774795,2
774796,4
774797,32
3507655,1
5871537,1
5902357,1
5849094,1
3305441,1
767883,2
6059566,1
3508487,1
3508486,1
3315148,1
5571778,1
5812980,1
5866098,1
5244859,1
5920725,1
5866095,1
5906514,1
5857202,1
3315637,1
1319545,1
3507808,1
3505968,1
3504363,1
3974915,1
3313284,1
6314280,1
423880,1
5900031,1
3504368,1
5846983,1
3310260,1
4565951,1
3310263,2
5532952,1
3289214,1
3766472,1
5884471,1
5863774,1
3507667,1
3507664,1
4708467,0
6126248,1
4449811,1
3401835,1
792545,1
5775829,1
774464,2
6233374,1
729341,2
3028397,1
5642475,1
4051132,1
3508902,1
3504685,1
5856482,1
760646,1
639024,5
774368,1
3507883,1
769880,2
5849275,1
5627846,1
4583785,1
3506132,0
5825914,1
3507240,1
23393,2
3505698,1
5831767,1
3507249,0
774656,9
5413491,1
398471,6
3296876,1
2940507,1
5885271,1
5045452,1
3290453,1
1247840,1
5885278,1
5883907,1
5863351,0
3508875,1
5924626,1
3507060,1
3507061,1
3507062,1
3507063,1
3507064,1
1654050,1
3507066,1
5638826,1
5832072,0
714588,8
5842551,1
665649,1
673184,3
5904335,1
2951145,1
3295477,1
5824560,1
3290151,1
96429,3
3165295,1
3303867,1
3276025,1
3497543,1
5400557,1
4903772,1
5904483,1
3663139,1
6181538,1
1874557,1
3311510,1
4470615,1
6291046,1
3313464,1
4599919,1
5833771,1
6264449,2
5861606,0
3507114,1
3507116,1
3507117,1
3507110,1
3507111,1
3507112,1
3507113,1
3504974,1
3508535,1
3307208,1
732324,1
1048949,1
5818669,1
6111261,1
5870567,1
749183,2
3984094,1
5858893,1
1,72
5899294,1
5581629,1
396612,4
3508518,1
3508531,1
5891498,1
3300276,1
774789,6
3987966,1
5891492,1
802992,1
69027,1
3316377,1
3292648,1
6225817,1
3486944,1
3017623,1
5887922,1
5996411,1
145349,1
4752681,1
3509173,1
2817989,1
4512646,1
5865425,1
5860024,1
704400,2
3506616,1
772396,4
736055,1
5836994,1
1357884,1
6071782,1
5918969,1
3302251,0
5340703,1
4180567,1
731986,6
4376355,1
4639292,1
3583631,1
3368028,1
3591653,1
735242,2
4348952,1
1073339,1
773786,1
773787,5
5875879,1
85491,1
3506739,1
3507173,1
3506737,1
3506088,1
3509055,1
3506734,1
3555449,1
5820998,1
6113096,1
3379784,1
5863561,1
3312708,1
774743,2
5185456,0
3661248,1
3548901,1
5743519,1
5844387,1
5828083,1
772566,18
3313603,1
3505423,1
6047326,1
754778,1
774998,2
3506423,1
3506422,1
5903968,1
3506427,1
3506426,1
3509200,1
5893117,1
3506429,2
3506428,1
5888609,1
4652886,1
5852786,1
3506558,1
4527783,1
3505194,1
3505195,1
5778720,1
3505199,1
3506557,1
6298053,1
3506554,1
5914294,1
774929,2
944558,1
5919662,1
5816180,1
774922,1
774921,2
3305337,1
455736,1
3299868,1
774925,5
774924,1
3505517,2
774991,2
3306330,1
3505510,1
1262502,1
4416844,1
4780774,0
18964,1
3301536,1
3505518,1
3504147,1
3502969,1
3509299,1
3509298,0
4537826,0
5851469,1
3509297,1
3307797,1
3509291,0
762368,1
4644020,1
3505998,1
3376168,1
5670937,1
3711606,1
5892463,1
3505777,1
3505990,1
3299850,1
3505996,1
3505997,1
3508474,1
3505995,1
774817,4
5833724,1
774815,2
774814,2
774813,5
3506952,1
774811,1
774810,4
3508674,1
6015503,1
3505284,1
3505285,1
3508670,1
3508671,1
3506959,1
774818,4
751931,3
5817489,1
3293761,1
5853352,1
3293494,1
669157,1
3505602,1
3505603,1
3505352,1
3505601,1
3505606,1
3505607,0
3505604,1
6191450,1
775036,2
1187584,1
3505608,1
775035,5
775032,2
775033,1
775030,2
3877108,1
3504553,0
3504552,1
3504555,1
479366,1
6236503,1
3311960,1
5829469,1
5700117,1
3614563,1
5829665,1
202276,1
3537140,1
5892062,1
3508986,1
5332181,1
5857830,0
5070404,1
4689584,1
3504483,1
5002078,1
3506002,1
3504487,1
3292149,1
3504484,1
4592738,1
3504489,1
3504488,1
3292140,1
5523765,1
1143445,0
747898,1
3504172,1
5276582,1
3504170,1
3506736,1
3504174,1
29956,1
6208585,1
3301648,1
3119273,1
6210971,1
5853600,1
5856305,1
4453923,1
3506260,1
3288446,1
3507474,1
3507472,1
3507471,1
3539859,1
5836519,1
5886619,1
3312847,1
4871731,1
3509602,0
154966,28
5873507,1
3507873,1
5900004,1
3507871,1
3288593,1
3507877,1
3304772,1
3505972,1
3507874,1
5672810,1
3507878,1
4619127,1
3508499,1
3315607,0
3299382,1
3507094,1
3552322,1
4363469,1
3504398,1
3504397,1
5920446,1
3652331,1
4586019,1
775089,0
774495,1
2996310,1
5856496,1
3297976,1
774671,5
2402004,1
5863765,1
3674788,1
5657616,1
3289889,1
5907272,1
5723048,1
903147,1
3507615,1
3507614,1
5912703,1
3505887,1
5875271,1
774470,4
3504952,1
5856940,1
6133836,1
3296818,1
3507585,1
5347258,1
3292562,1
6222428,1
3292560,1
4584949,1
3305836,1
3292564,1
5867445,1
774787,2
3085630,1
774785,3
774784,2
774783,2
774782,3
4194696,1
774780,0
1786966,1
3507906,1
3507905,1
3507276,1
3507903,1
5866350,1
3507901,1
774788,2
3507055,1
3507054,1
3507057,1
3507056,1
3310812,1
3507050,1
3507053,1
3649996,1
1059360,0
2975438,1
3506673,1
3507058,1
3507729,1
5832554,1
3508524,1
3198040,1
3479295,1
3507292,1
6026241,1
5389202,1
3288848,1
638700,1
793094,1
5888895,5
3156322,3
3290638,1
4367824,1
5853039,1
4570098,1
3509959,0
774713,4
6145818,1
774513,4
570864,3
1346956,1
5845042,1
24639,16
747703,0
3505814,1
3300460,1
3300860,1
5658521,1
6134332,1
3311505,1
4202095,1
372118,26
3292180,1
3289155,1
5762464,1
5860585,1
1732857,1
5885518,1
773179,1
5259992,1
5244665,1
3636286,1
3507107,1
5245391,1
3363875,1
334466,3
5903599,1
3290039,0
3507195,1
3311345,1
3316795,0
3545175,1
368407,0
3505683,1
3290522,1
686730,1
3739641,1
3290526,1
4733333,1
3310811,1
5861054,1
12189,3
4977029,1
2940113,1
3303057,1
700273,1
4076855,1
5859374,1
5095,9
1403234,1
774740,2
3293954,1
6226548,1
448248,1
3545311,1
6289577,1
5863833,1
3286702,1
3536601,1
5906484,1
2696704,0
3312073,1
6206003,1
3302224,1
3503570,1
3509281,1
6316801,0
5835698,1
5834581,1
6099577,1
3507230,1
3505842,1
5892896,1
3274739,1
3507108,1
3290458,1
3294734,1
5824144,1
5831040,1
5820476,1
3506098,1
3506099,1
5500967,1
3509046,1
3506727,1
773799,2
3503599,1
5873154,1
3538601,1
4415416,1
6210694,1
3508504,1
6141314,1
5865193,1
3306730,1
3288910,1
3508763,1
5861472,1
3496499,1
3041252,1
3545797,1
1615477,1
4752189,1
6096403,1
5874208,1
3313615,1
3297391,1
3506430,1
3506431,1
758362,5
765514,3
3309495,1
5423656,1
5848944,1
3506438,1
618582,1
605014,2
3505840,1
5887864,1
5893253,1
3307632,1
3505169,1
5878756,1
3505166,1
3505165,1
5874427,1
3504799,1
3506546,1
5898538,1
1092463,1
758916,1
3371871,1
3508529,0
3305304,1
3502783,1
3508565,0
1229328,1
6140102,1
6146095,1
3505560,1
775096,0
774772,1
3505569,1
708538,2
4416875,1
5877648,1
5827048,1
3293778,1
1355233,1
3299933,1
5826617,1
4411776,1
3572743,1
3503603,1
3506671,1
773959,4
3293773,1
772134,29
3293777,1
769991,5
3509460,0
3509461,0
3506601,1
5680357,1
5267709,1
3504797,1
4612218,1
5852926,1
3315078,1
5892476,1
3505704,1
3508649,1
774863,2
3532729,1
638620,2
774866,7
3506941,1
774864,2
774865,2
3843926,1
774868,41
3508390,1
735007,2
3311745,1
3304542,1
5674007,1
774862,2
5819402,1
5919733,0
5821493,0
613615,1
756625,1
4693363,1
774860,3
772046,1
774861,2
775029,0
775028,4
18572,5
775025,2
5779604,1
775027,3
775026,1
775021,2
775020,2
133009,2
775022,2
3601284,1
6307922,1
3443501,1
5908339,0
3504549,1
3504546,1
774261,1
5849146,1
3504545,1
5922632,0
5905829,1
665432,4
774267,1
5829674,1
774979,5
3233308,1
4751614,1
5920857,1
771620,1
3315720,1
3308468,1
710697,1
3505389,1
5872725,1
3504490,1
3504492,1
638628,2
3504494,1
638719,2
5871991,1
5563352,1
3292173,1
638714,2
5844174,1
3504161,1
6069561,1
6069560,0
5872205,1
774319,1
5915823,0
5531130,1
3308188,1
667593,1
520783,7
774310,1
3482092,1
4503526,1
5827094,1
633,2
3491792,1
5831606,1
6062601,1
3507464,1
3507466,1
4418161,1
3318373,1
3507462,0
3217672,1
3315616,1
3506683,1
6241055,1
5862299,1
5833369,1
5922430,1
6185734,1
774949,2
3900041,1
5903209,1
4764381,1
3507862,0
953464,1
3507864,1
3505944,1
3507867,1
3507868,1
3507869,1
6138370,1
751879,2
3507832,1
5849226,1
774945,1
3551581,1
637729,2
5854147,1
4795170,1
4922142,1
3315656,1
110545,3
1061180,1
3504646,1
774180,2
3507656,1
5884459,1
774941,1
3289894,1
774685,1
5862430,1
3507307,1
3289234,1
774681,2
3507654,1
3504946,1
3504947,1
683013,1
538629,0
3507301,1
774942,17
3507594,1
5866872,1
774786,0
3305792,1
5885859,1
6274563,1
5885850,1
759042,0
5854425,1
3497411,2
4407147,1
3525309,1
3507268,1
3507918,1
5075160,1
6081485,1
3507914,1
3505369,1
3507260,1
3507261,1
3507267,1
3507264,1
2950451,1
3507734,1
3507735,1
5952484,1
3507737,1
5837359,1
3506055,1
3507044,0
775066,1
3305987,1
3507048,2
3507049,1
3360542,1
5817821,1
3507285,1
3507286,0
3507287,1
3508814,1
3508815,1
775024,8
3508818,1
3508819,1
5935000,0
3507289,1
3509026,1
5818705,1
4131238,1
6032710,1
5872925,1
5842603,1
3506114,1
730946,1
4401634,1
5259453,1
1491650,1
2225080,1
5859896,1
774735,2
775023,2
696390,43
1649238,0
3989508,1
3315475,1
3303068,1
5886833,1
3569375,1
774383,1
5881519,1
3313282,1
1815535,1
5922736,0
5833905,1
5913156,1
6137305,1
670457,2
775047,0
4257936,1
3289633,1
5904809,0
3256352,1
5884850,1
3507138,1
3507136,2
3505013,1
3507134,0
773147,1
1717684,1
5869874,1
5860591,1
22675,4
755207,5
3504548,1
3314436,1
3506122,1
5899476,1
2826737,1
5918809,1
774632,1
6283576,1
665434,6
774400,4
5279459,1
3382013,1
3291025,1
56253,45
5849410,1
775038,1
3310802,1
349599,1
3310807,1
3297094,1
5861061,1
4521273,1
3549641,1
3604905,0
1252868,1
3307086,1
5871171,1
5891908,1
4872399,1
6140546,1
774973,4
633837,11
3507510,1
3470140,1
3312067,1
3509396,1
459958,1
5884926,0
4401972,1
5863383,1
3313595,1
4847128,1
3605052,1
3423587,1
5063525,1
3479317,1
3650301,1
3274726,1
6001661,1
3619383,1
5905434,1
3695714,0
5004972,1
3509078,1
6228766,1
1382511,1
4440170,1
914538,1
3506710,1
3506713,1
3299443,1
3509075,1
3506714,1
3509077,1
3509076,1
3402468,1
3505045,1
3489423,4
4081112,1
3126900,1
3337988,1
5881072,1
309761,4
5919940,1
93837,2
5827895,1
3309662,1
3315690,1
4804364,1
5888829,1
772547,3
773329,29
4235883,1
6030721,1
5887902,1
4175765,1
3506158,1
2941697,1
3506156,1
5879567,1
3506154,1
3506152,1
3506150,1
3509130,1
1547663,1
1183318,1
5861838,1
5862505,1
3683178,1
3307628,1
3505171,1
3505172,1
5862814,1
774283,1
1932,57
3504493,0
3509401,1
3566378,1
5897180,1
6295516,1
3508672,1
3505570,2
3307790,1
6196007,1
3297074,1
774996,2
6303797,1
5627420,1
3505578,1
3504497,1
3306682,1
4640588,1
3502729,1
6268762,1
742557,1
5827600,1
3506326,1
5861831,1
768722,0
3313212,1
3505718,1
3306666,1
3508223,1
3508655,1
5950887,1
5838363,1
5920915,1
769985,8
3505713,1
3505715,1
3505716,1
3505717,1
774871,1
3508389,1
774873,3
774872,3
774875,4
5340288,1
774877,2
774876,2
774879,1
774878,2
552944,5
3943037,1
3504712,1
3504711,1
774992,2
5904324,1
3504716,1
3301247,1
5854132,1
774819,11
4806438,1
775019,3
3506576,1
3509387,1
5836487,1
3506573,1
775010,2
3505373,1
775012,2
3505371,1
775014,2
4892553,1
775016,4
775017,2
5837750,1
3504028,1
3307958,1
3504538,1
5921629,1
1078093,1
5650950,1
3504533,1
3504532,1
3504531,1
5883916,1
5812881,1
3504536,1
531141,3
3505396,1
5829642,1
5563033,1
5872105,1
3316661,1
3505398,1
775243,0
3040365,1
6180139,1
3288602,1
3564851,1
3505967,1
3313771,0
5878983,1
2075786,1
5854049,1
3505435,1
5877569,1
5829241,1
3504158,1
5837110,1
3504628,1
3504155,1
3504626,1
3504625,1
470396,4
3504623,1
3291167,1
3504153,1
3504152,1
3504447,1
3504446,1
3505436,1
5897803,1
3504442,1
3504441,1
3507453,1
3507452,1
5891502,1
3507457,1
5883004,1
3508228,1
3505355,1
3504332,1
3508726,1
3501671,1
3508725,1
3508723,1
3507319,1
3508721,1
457027,7
5816943,1
3234485,1
5905419,1
3507857,0
3508523,1
3101,2
3128330,1
3636405,1
1084096,1
6301169,1
5863738,1
5765946,1
842515,1
195878,1
3288733,1
3508522,1
5920240,0
5863748,1
5856961,1
5884118,1
4674582,1
774695,5
3507460,1
3292262,1
774696,5
774693,1
3507537,1
5872875,1
1617570,1
3288127,1
3404191,1
3504144,1
5849358,1
774455,1
5849709,1
10476,9
3451844,1
403488,2
5874989,1
3308713,1
5857368,1
3651310,1
3665860,1
1356397,1
3784678,1
724290,1
3825273,1
1434494,1
6024933,1
5884065,1
3295538,2
3506040,1
3763596,1
5831757,1
6112638,1
3507226,1
5907323,1
3289557,1
3507709,1
3507708,0
3506831,1
3315611,1
3509217,1
3682601,1
5798522,1
774994,2
3509216,2
732976,3
3290613,1
5819675,1
3304367,1
5562787,1
774899,2
5685316,1
4896653,1
132102,3
4418191,1
5996850,1
3504842,1
3695683,1
2378824,1
3539816,1
6117814,1
5252797,1
3507636,1
3508530,1
3507633,1
3506527,0
3659769,1
5135916,1
3310695,0
3524620,1
5845321,1
3169206,1
723494,1
38952,13
3308136,1
3313453,1
5817628,1
4819914,1
5899395,1
3321421,1
684935,1
3507149,1
3507148,1
5827544,1
5875065,1
639564,2
4376829,1
3334767,1
5911357,1
3507140,1
3507147,1
3507146,1
3507145,1
5900017,1
3554983,1
3290501,1
3290506,1
3062110,1
6294138,1
5903577,1
2856037,1
6111074,1
5845334,1
5996645,1
393273,2
5227861,1
8630,0
5860696,1
1726020,1
3086444,0
3291054,1
3495662,1
3589154,1
5834125,1
1726601,1
3311413,1
1229123,1
5868265,1
5409791,1
4717200,1
6387,6
5890996,1
5856179,1
3509174,1
5873396,1
5857481,1
4327779,1
5711875,1
6226798,1
774995,2
5137754,1
3286997,1
6113970,1
3749,1
2902808,0
3507277,1
3313587,1
774993,2
3132321,1
741545,13
4429152,1
5919241,0
2413373,1
6099557,1
3316214,1
3316213,1
5746577,1
3241595,1
4423322,1
791883,1
3391566,3
4777568,1
3507401,1
1114931,1
5914550,1
5820709,1
5534852,1
775058,2
3508237,1
3307180,1
3275403,2
727321,2
5903950,1
3884818,3
5869710,1
3506382,1
3506383,1
3506380,1
3506381,1
5824013,1
3506387,1
3506384,1
3506385,1
775054,2
3506418,0
4460257,1
3506148,1
3506149,1
3508361,1
3507979,1
5897170,1
5879533,1
3506416,1
775056,3
19969,6
5893271,1
6192465,1
3221464,1
3312767,1
4081,1
3099281,1
5911636,1
5816154,1
3505144,1
5022683,1
5891145,1
3508860,1
5897193,1
5850372,1
5849540,1
3508559,1
667835,3
3505549,1
3505548,1
3683132,0
3505547,0
5849565,1
5817508,1
3296595,1
1213438,1
3509066,1
5856196,1
704062,1
3506702,1
3509063,0
772682,2
3309728,1
693293,1
3309724,1
3505168,1
3292911,1
3506708,1
2858979,1
3508621,1
3507603,1
721362,3
3509484,0
3509485,0
6198070,1
3292268,1
5827942,1
3507605,1
3313022,1
5252539,1
774848,2
6100615,1
3299684,0
5860847,1
774844,2
774845,2
774846,2
774847,2
774840,2
774841,2
6019645,1
774843,2
775007,2
775006,4
775005,2
775004,1
3306582,1
3504705,1
775001,0
775000,2
3504708,1
3504709,1
775130,0
775009,0
775008,0
5843794,1
3506563,1
5933140,0
3506561,1
597371,19
3506564,1
5853023,1
5856229,1
418669,1
5257353,1
3491076,1
3505031,1
3505030,1
3308524,1
3505032,1
3505035,1
3505034,1
3505037,1
3505036,1
3505039,1
3504521,1
6302879,1
5915809,1
3504526,1
273504,1
5841684,1
4749357,1
3508505,1
4510467,1
3505819,1
3505818,1
3508536,1
3493240,1
6328144,1
3508533,0
3505812,1
3505811,1
3505810,1
3318170,1
6156285,1
3670752,0
756156,30
3505820,1
1016477,1
3313337,1
5849207,2
3508501,1
3508560,1
3307974,1
5829252,1
5812703,1
3504148,1
774999,3
3504638,1
6300463,1
278186,0
3504635,1
3504636,1
3504141,1
3504630,1
3504631,1
3504632,1
3301614,1
756378,2
5919255,1
3504453,1
5883011,1
774515,1
3504458,1
5251348,1
762975,9
6190138,1
5867459,1
3544834,1
3508753,1
3508752,1
5822718,1
3508750,0
5824944,1
5904180,0
3310222,1
5906800,0
5891299,1
4742859,1
4740530,1
3505290,1
3292026,1
3507847,1
3507844,1
3110,8
3309694,1
3508346,1
3308095,1
5814717,1
686431,3
4379999,1
4674775,1
774208,1
3504038,1
4397395,1
756206,1
630187,2
3122203,1
4936073,1
5824496,1
3504171,1
3505161,1
5906811,0
3508347,1
3507848,1
5853917,0
672307,1
3509441,0
738734,1
774426,11
289552,1
5240968,1
6185669,1
5915510,1
2939400,1
1501368,0
763932,20
4573771,1
5891872,1
4694744,1
3315076,1
6476,3
5857376,1
5070617,1
4486071,1
3507445,1
2456187,0
3507507,1
5105453,1
1264153,1
3288419,1
3292336,1
3289540,1
5936729,0
5866145,1
3507505,1
3312260,0
774809,2
3296830,1
775003,1
467418,1
3311087,1
5524294,1
5907331,1
774736,2
774737,2
774734,2
5814444,1
774732,2
774733,2
774731,2
3432453,2
679968,1
775138,0
774738,3
774739,2
1629235,1
3598590,1
3789545,1
3507310,1
775002,3
3507807,1
3677535,1
6294728,1
3504208,1
4595372,1
774885,2
5832238,1
3507623,1
3508528,1
3272491,1
3508689,1
3507517,1
3334529,1
691567,1
5065720,1
2044124,1
4868492,1
774804,2
4459635,1
5729138,1
5860208,1
774805,2
774842,2
3240184,1
3507150,1
3507151,0
3289164,1
3507153,1
3495763,1
3507155,1
3507156,1
3507731,1
3505343,1
5347517,1
2638014,1
3505342,1
5848473,1
1252348,1
743646,1
5891742,1
3508229,1
2921794,1
5832121,1
2454926,1
3507554,1
3295346,1
5033102,0
5922722,1
354762,18
3505346,1
4399108,1
5839562,1
63626,11
3290082,1
6209275,1
773717,6
5924881,1
6028992,1
774779,1
4526970,1
5834794,1
772329,1
4649566,1
4248543,1
3550239,1
5840625,1
729332,2
3504210,1
3505561,1
3507320,1
5315293,1
774755,1
1479586,1
5794363,1
3508801,1
5884941,1
6021490,1
69943,8
6090036,0
4599403,1
3300529,1
3507280,1
3316206,1
3508185,1
5647207,1
57743,26
3587516,1
4639053,1
5848576,1
2264897,1
3435666,9
3293261,1
3307962,1
5138251,1
3507283,1
3508226,1
5849432,1
3508761,1
3763920,1
3293695,1
3888818,1
3292801,0
3632073,1
3293699,1
4687724,1
3307966,1
3293503,1
5874239,1
3508764,1
5846583,1
3503847,1
5835551,1
3592506,1
5824002,1
3109663,1
3504728,0
3974155,1
774935,1
3289241,1
3290448,0
1112190,1
3139300,1
739856,14
187,3
5832780,1
3506350,1
5277931,1
1637409,1
5816149,1
3507876,1
3508958,1
5845524,1
3504568,1
3293321,1
3505483,1
3509123,1
3505485,1
3505486,1
3505487,1
3505196,1
4628977,1
3303963,1
1334373,1
3303961,1
6147592,1
6187629,1
5104,317
5870082,1
2264944,1
3505558,1
3506875,1
5864547,1
2550693,1
3296580,1
772458,1
3493623,1
730893,1
3505557,1
3798037,3
774937,6
3505274,1
3506777,1
773157,1
6232695,1
3309734,0
5893292,1
3298312,1
3506176,1
3507273,1
1241779,1
761388,1
5252251,1
743669,8
5368908,1
3348274,1
3304515,1
3645857,1
3504424,1
3301594,1
774930,2
774859,0
774858,1
774853,2
774852,2
4439455,1
774850,3
774857,2
774856,2
774855,1
774990,3
775072,2
775073,1
775070,2
775071,0
3504739,1
3504738,1
775074,2
260012,5
3508168,1
5831078,1
5882281,1
5871594,1
3504733,1
3537013,1
3683151,1
769509,14
4551618,1
3506599,1
3505481,1
3312850,1
3506595,1
4485515,1
5871428,1
5869041,1
3506591,1
743283,1
6125937,1
3504284,1
5822875,1
3509124,1
3504281,1
3504280,1
5819396,1
3505029,1
321,23
3506603,1
774932,2
3504289,1
3504288,1
773912,2
3509347,1
2159709,1
5816367,1
3505808,1
3505809,1
3505790,1
3458497,1
5838786,1
3505805,1
3510220,0
3505807,1
3505800,1
3505801,1
3505802,1
3505803,1
3144199,1
493188,1
428898,1
3934275,1
3313327,1
20302,764
774989,4
774988,2
3505730,1
3795014,0
6213882,1
3505735,1
774981,4
775107,0
3504603,1
774982,2
3504605,1
774984,4
774987,1
3504606,1
3504461,1
3504460,1
3504463,1
3504465,1
3504464,1
3504467,1
3504466,1
3504469,1
6304319,1
5822111,1
5017764,1
5639900,1
774502,19
6293865,1
3504190,1
3504193,1
3504195,2
3504194,1
3504197,1
3504196,1
5821832,1
3508741,1
3508742,1
3508743,1
6137878,1
3299097,1
3505939,1
3509904,0
774186,2
3289144,1
5056677,1
407104,9
3292747,1
4452673,1
3505335,1
3504517,1
5111369,1
774215,5
5717096,1
3504045,1
6182148,1
3504519,1
5860899,1
746628,1
3507891,1
4047558,1
5866844,1
3507892,1
3614606,0
3507894,1
3507897,1
3507548,1
3507899,1
3507898,1
3507545,1
690147,11
3507542,1
3507541,0
3507540,1
5903327,1
3973932,1
1398133,1
5754,10
5814522,1
1337312,1
756503,2
774437,13
5892806,1
3294964,1
5804069,1
5882487,1
5880046,1
772457,1
3507036,1
3307996,1
715169,4
774770,2
3291100,1
3299427,1
5674223,1
3315798,1
3504265,1
4263632,1
3314847,1
882493,1
3317587,4
774890,2
5863125,1
3301700,1
5639877,1
774694,1
5915742,1
3507763,1
3507762,1
774771,2
3507092,1
3507095,1
5883056,1
3507765,1
3100657,1
641708,1
774724,5
5849937,1
774146,1
774721,2
774720,1
3506068,1
5819655,1
5727857,1
5869870,1
3761907,1
5507906,1
772518,1
3289060,1
3308426,1
3298122,1
5845002,1
3773226,1
3504310,1
3298129,1
3507133,1
3296938,1
4449506,1
5247137,1
774063,4
772925,5
3507386,1
4790897,1
5028573,1
6314595,1
5489309,1
3507160,1
118131,4
5846286,1
3507168,1
3003234,1
3288102,1
3507367,1
3507366,1
750112,1
5903553,1
4327901,1
4542073,1
3504318,1
3509019,1
3507368,1
5856436,0
773828,1
2072620,1
3661966,1
5259005,1
3289283,1
5918035,1
2006361,1
3289286,1
6073798,1
3506677,1
5836732,1
750021,3
3680836,1
5842476,1
2246355,1
6294933,1
3310785,1
703636,1
3301328,1
3505329,1
5868058,1
3506505,1
2292,7
5820124,1
3304723,1
6087885,1
3412634,1
3504448,1
5857140,1
4734865,1
3307182,1
3290285,1
3295684,1
3505850,1
5912719,1
6161243,1
5884955,1
684864,1
3505633,1
5916404,1
3287136,1
3680974,1
5812066,1
573018,29
3300552,1
3505323,1
3300554,1
3298621,1
3507806,1
5706932,1
5912599,1
5868336,1
3505637,1
759889,1
3299226,1
6228735,1
6135094,1
3478072,1
5921861,1
3505327,1
5884855,1
5945077,1
5633490,1
5834564,1
5887557,1
3506164,1
3617179,1
3505961,1
3506160,1
1041373,0
5907574,1
2967856,1
230057,1
675501,39
5018265,1
5885774,1
4167423,1
4743320,1
3506918,1
3290300,1
3316300,1
3290303,1
586121,1
3583202,1
773845,1
3273052,0
3732094,1
3506618,1
3505484,1
3506349,1
3506614,1
3506344,1
3506617,1
3506342,1
5879623,1
3371521,1
3666803,1
3504537,1
5350542,1
767486,3
5074183,1
5354605,1
741635,1
3508488,1
774851,2
6146296,1
774420,1
3239540,1
773991,1
667341,1
3506299,1
5652287,1
89904,1
3636163,1
3307071,1
4047141,1
3506763,1
3506765,1
5970036,1
6054870,1
774854,0
3619756,1
773446,1
3505971,1
3505583,1
3505582,1
3508789,1
3309567,1
3233524,1
3505588,1
6152662,1
744887,2
3509739,0
3312536,1
3506909,1
775104,0
3612585,1
5826369,1
5816636,1
3509062,1
3466188,1
3893449,1
3506904,1
3506906,1
3505201,1
775061,4
775060,4
775063,0
775062,2
775065,0
661646,2
775067,2
5814862,1
4350771,1
3291145,1
3504720,0
775075,2
6232334,1
3504727,1
3504724,1
3504725,1
3301459,1
5520763,1
4997785,1
798131,1
3192035,1
3301457,1
5479114,1
3504293,1
3504290,1
5882252,1
3504296,1
3504297,1
3504294,1
3504295,1
3507480,1
3505052,1
1148011,1
3507985,1
4961583,1
285894,64
3505838,1
5826509,1
3509357,1
3509350,1
3509351,1
3509352,1
5816608,1
3505831,1
5837092,1
3508513,1
3505832,1
3307651,1
3505834,1
3505837,1
3505836,1
5919645,1
3504617,1
5848034,1
5833200,1
3311948,1
2684381,1
3290493,1
739152,2
2102387,1
6308988,1
3505794,1
775282,0
3635444,1
5846968,1
4103105,0
3508195,1
3508197,1
5837146,1
3508190,1
4446786,1
5885438,1
3507665,1
2178135,68
6128194,1
5908207,1
774668,1
3504474,2
3504475,1
4449301,1
5849032,1
4827270,1
3505255,1
5920782,1
3508174,1
3508173,1
4560986,1
4937202,1
3504189,1
3504186,1
3678251,1
3504184,1
3504185,1
3504182,1
3504183,1
3504180,1
4694612,1
4898352,0
774466,1
5016182,1
6222714,1
3299080,1
610879,1
5199584,1
3287017,1
3696416,1
3312063,1
6249277,1
3303025,1
3297526,1
774880,1
774881,0
774882,2
3504501,1
4375953,1
3504055,1
3160933,3
774887,0
774888,2
774225,1
5775412,0
5922679,0
5877391,1
5885771,1
3292790,1
774406,2
3507558,1
5823934,1
3507888,1
88428,5
3507886,1
3507555,1
3507556,1
3507885,1
3507550,1
3507551,1
3507552,1
3507881,1
5849329,1
3301287,1
5831785,1
5915782,1
533000,6
6069056,1
4739343,1
3301428,1
3290865,1
5858924,1
4731413,1
738201,2
5915720,1
3653080,1
5841701,1
731431,1
679358,7
4483442,1
3504736,1
3547438,1
3334323,1
5823592,1
3461858,1
774701,5
3510768,1
3314875,1
3504979,1
3502273,1
774700,1
3294980,1
3507509,1
774103,1
737383,6
712253,5
608638,1
6022208,1
3507771,1
770253,1
3295106,1
4577450,1
6127798,1
774710,1
5902114,0
3504870,1
3504871,1
4123403,1
774715,3
3662860,1
26426,5
5905646,1
5234013,1
2413167,1
5763304,1
6206426,1
4332110,1
3506917,1
3168927,1
3506545,1
72485,2
5841069,1
3506824,1
5905110,1
3292793,1
7420,5
3508681,1
789125,1
4541303,1
180417,1
3031015,1
3667763,1
3504299,1
3509061,1
6047323,1
3507171,1
3507177,1
4669898,1
3506916,1
3507178,1
3507179,1
4946904,1
1113948,1
3505804,1
3507371,1
3507372,1
2140304,2
3619239,1
3600122,1
3286874,1
316965,1
3501901,1
3502898,1
3508983,1
3508980,1
5856402,1
6335260,1
3508987,1
3506915,1
734289,3
3508520,1
3587975,1
3506547,1
5915176,1
618816,3
3508521,1
3506711,1
1227923,1
3310799,1
4990674,0
5832109,1
3506726,1
3291178,1
3290243,1
3509348,1
3290797,1
5891760,1
3290246,1
3294098,1
5492946,1
3507865,1
3313795,1
3290869,1
276959,8
3294093,1
5860080,1
4852492,1
5833878,1
816505,1
4924439,1
5254525,1
3506717,1
3289032,1
3315136,1
6256321,1
5871130,1
3578915,1
2131437,1
774624,1
5890963,1
5521116,1
3505067,1
3506575,1
3630009,1
3269755,1
5903637,1
6265552,1
647725,1
669121,4
19227,3
1482662,1
1821063,1
771675,1
2832945,0
774719,2
6136742,1
3031362,1
5990068,1
744523,1
5821359,1
3294783,1
5845838,1
5868341,1
759774,4
3509177,1
716702,2
5451561,1
3507999,1
6186641,1
5823434,1
5892155,1
4920603,1
3506113,1
3506112,1
5887462,1
3507152,1
3211533,1
3128250,1
6227614,1
3506119,1
3506118,1
4613224,1
3289631,1
744455,11
3654269,1
3549354,1
1941401,1
5641332,1
3725574,1
3506016,1
5897259,1
773873,2
5859347,1
3509100,1
3506623,1
5546017,1
3509105,1
3506624,1
3506627,1
3506626,1
5859185,1
3313174,1
5430109,1
3314297,1
774980,3
760447,1
649178,1
3593256,1
774983,2
493297,2
5874543,1
3384044,1
5834191,1
774985,1
2418532,2
3191138,1
772475,5
5855191,1
6119614,1
3293238,1
5857433,1
3291146,1
4978777,1
3509034,1
5817178,1
775101,0
5832540,1
743512,1
3508873,1
6004677,1
3307716,1
772378,4
3506931,1
23435,2
108627,1
3307713,1
3505596,1
3506391,1
3505226,1
3505595,1
6261354,1
3505222,1
5892136,1
5064002,1
3506393,1
4889006,1
6139613,1
3309083,1
3504496,1
753260,1
3104204,1
775059,2
735243,1
5838077,1
5848330,1
775055,1
774849,2
775057,0
775050,2
775051,2
775052,2
3507065,1
4969636,1
3372352,1
2361680,1
3797102,1
3504468,1
772010,0
3928797,1
4423888,1
3507157,1
723697,4
3301200,1
142685,6
3505827,1
3505824,1
3505825,1
3505822,1
3505823,1
3504269,1
6297343,1
3504267,1
3504266,1
4412305,1
3504264,15
3504263,1
3504262,1
3505829,0
6050031,1
5871183,1
743242,1
3305131,1
5254518,1
3306467,1
3509366,1
3509368,1
5836659,1
5567227,1
740288,0
3504287,1
3504662,1
773922,1
3506406,0
483384,47
3696296,1
3508749,0
5419545,1
3311503,1
3301629,1
749627,2
772704,1
5827911,1
3508189,1
3508740,1
3508183,1
3508180,1
3310265,1
3508186,1
3508187,1
3504286,1
3298309,1
3508762,1
6281629,1
3504409,1
775117,0
5850024,1
6023769,2
3502938,1
775053,2
4281126,1
5849005,1
3507229,1
6248837,2
3508164,1
5837310,1
3508166,1
1714543,1
5278699,1
3505178,1
3378486,1
5571812,1
6198356,1
3297538,1
5812910,1
4433863,1
3620130,1
5920936,1
3149038,1
769401,2
4731394,1
5884276,1
774986,3
774898,2
774897,2
774896,5
5327136,1
774894,2
774893,3
774892,2
774891,3
4650883,1
3504317,1
774412,2
5884390,1
3504314,1
3504313,1
4531120,1
3509771,0
5920402,1
5822176,1
3505170,1
5883092,1
3292780,1
5317525,1
5849485,1
5873662,1
3310090,1
5849481,1
14585,3
3504283,1
3508981,1
3097167,1
6116026,1
3292650,1
5920688,1
5854094,1
5852882,1
3467481,1
3506424,1
6309806,1
6156590,1
3294942,1
774099,1
1231584,1
681308,3
774526,8
5646725,1
3288179,1
3662454,1
774521,1
4457042,1
3314314,1
3666937,1
3507987,1
3288206,1
3299155,1
3288200,1
3507982,1
6237771,1
2189567,1
5859308,1
3507989,1
729599,6
1117246,1
774709,3
774708,2
4598620,1
774706,1
3290650,1
3505799,1
774702,4
5582434,1
773591,4
4612604,1
3504043,1
5854875,1
1068842,1
3504514,1
3619163,1
3296959,1
3610978,1
1409269,1
5836494,1
5885979,1
3286725,1
3508984,1
5838062,1
3310419,1
5722039,1
3505040,1
3444329,1
3891,1
5880120,1
5833357,1
3544927,1
5860258,1
3507187,1
3507186,1
774216,1
5904856,1
3293134,1
3507180,1
6225137,1
3505865,1
577163,4
3507345,1
3507344,1
5857116,1
4306216,1
3506962,1
3457077,1
3505575,1
5381602,1
4684316,1
5846303,1
3508976,1
3508975,1
3508974,1
708906,1
5856638,1
3508971,1
3508970,1
770265,2
3507067,1
774461,2
3505042,0
774363,2
5832171,1
5052610,1
3290785,1
640,11
3609247,1
772532,8
6093990,1
5731522,1
712290,1
5894650,1
3107941,0
3153394,1
1952327,1
3505043,1
3313548,1
5875156,1
5858181,1
5876055,1
3507895,1
3297078,1
5918916,1
773286,0
3504149,1
6107547,0
3506805,1
1314829,1
3610571,1
3503249,2
641503,1
5885281,0
3297980,1
5885287,1
5858658,1
942453,2
3505044,1
3507547,1
3508557,1
4819774,1
5437303,1
1482658,1
786337,1
5878364,1
3508360,1
3507544,1
774115,1
3509176,1
5843122,1
6136006,1
774964,2
3794227,1
716514,1
3286843,1
5853944,1
3506658,1
3288922,1
5921889,1
3508160,1
586500,1
5832053,1
5860749,1
5856082,1
3506100,1
773605,1
244581,1
6205184,1
5645212,1
5902914,1
736750,0
3147939,1
3505943,1
5872898,1
3540556,1
5881387,1
93311,4
5066322,0
498342,1
3309707,1
3316678,1
3303712,1
3504677,1
5868924,1
3504788,1
5868429,1
5323023,1
5852708,1
5878068,1
3512674,1
3505942,2
3326882,1
739396,4
4556625,1
4884619,1
5242338,1
5872009,1
3508876,1
3507141,1
4415011,1
3505966,1
3290923,1
108706,3
5869916,1
734873,1
3303951,1
3297028,1
3571502,0
5933298,1
3504992,1
3505657,1
4099839,1
3769264,1
3505656,0
2779478,1
3509730,0
3508227,1
3506748,1
3290538,1
5865911,1
5766499,1
3505306,1
3509022,1
5832250,1
90217,4
3509021,1
2106556,1
3312981,0
772646,1
3506745,1
5617628,1
3509203,1
5869005,1
3506921,1
3307725,1
3509207,1
3509204,1
5841088,1
4484245,1
6296117,1
3505213,1
3293185,1
3506258,1
3506259,1
3505217,1
3505216,1
5899607,1
3301465,1
5887668,1
5915834,1
5807007,1
746020,2
5784603,1
5856265,1
152136,2
2985072,1
775048,2
5021460,1
2002539,1
774870,3
3505695,1
3505694,2
775041,2
775040,2
4731891,1
3332140,1
775045,19
3149238,1
3509116,1
3310448,1
3505109,1
3505108,1
1222626,1
3307120,1
4559851,1
3306706,1
4327860,1
3307659,1
3309297,1
3306702,1
774874,2
3505677,1
3505852,1
3505675,1
3291454,1
3504278,1
3505672,1
3930363,1
3505670,1
769964,2
3491998,1
4391746,1
3504277,1
6268849,1
3504271,1
3504272,1
3504273,1
3509310,1
700614,4
6147630,0
5816064,1
774867,2
743258,1
6212912,1
659061,7
3267007,1
5862665,1
5184139,1
775064,1
3504670,1
3504671,1
1159039,1
6105833,1
774958,4
5741333,1
3504678,1
3504679,1
774954,2
6232005,1
774952,2
774953,3
774950,2
774951,4
5921659,1
3089719,1
3581586,0
775106,0
6191675,1
5946890,1
6171272,1
1167360,1
4827754,1
276455,1
774978,3
4563045,1
5882836,1
3504667,1
5571382,1
774392,2
774393,18
729129,4
3508209,1
3504414,1
774399,1
3504417,1
4749265,1
3508153,1
2248297,1
3508155,1
5430748,1
3508157,1
3297986,1
4417899,1
681944,17
3508404,1
3410372,1
5892300,1
548231,52
3652456,1
3293943,1
4514013,1
212661,1
3505784,1
5833740,1
5883630,1
4258728,1
5905840,1
3505070,1
2954206,1
773800,3
4874920,1
3501029,1
5906361,1
3504304,1
3504305,1
4464681,1
3504307,1
3504300,1
3504301,1
3504302,1
1418883,2
774179,2
3504308,0
3504309,1
5823955,1
342885,1
774976,0
5827125,1
3533118,1
3708693,1
3574957,1
5856953,1
3507317,1
3508751,1
775018,2
6003455,1
6254122,1
5816807,1
5915790,1
3507972,1
3507973,1
5872755,1
5999259,1
771706,149
1259979,1
5830714,1
3808478,1
3507400,1
5825034,1
4969669,1
3507093,1
711744,1
3507994,1
3277953,1
4683861,1
3507991,1
3507992,1
3507993,1
712272,1
774895,160
639807,1
3507998,1
5899684,1
3507649,1
6320262,1
5878184,1
774778,2
5126716,1
3504629,1
775011,2
3509260,1
774773,2
3504896,1
3108945,1
774776,4
3504891,1
774774,3
3504893,1
3296942,1
775013,2
760318,1
5836586,1
3505376,1
2938802,1
3362814,1
5836580,1
775015,1
3506005,1
5920746,1
774726,1
5727066,1
3906281,1
5672868,1
3310404,1
5273882,1
5469304,1
4109482,1
5225458,1
5043000,1
3595755,1
3305995,0
3310796,1
4608417,1
3320380,0
3134441,1
2988901,1
5870882,1
687522,1
3507191,1
383686,1
723438,3
5250409,1
6294180,1
3507356,1
3507357,1
3507354,1
3507355,1
267429,0
3505806,1
3316808,0
4689162,1
3300707,1
3505873,1
774641,2
3508968,1
3508969,1
3508964,1
3508965,1
3508967,1
5033497,1
3508962,1
13716,2
3982672,1
5831581,1
3250000,1
1070759,1
5919670,1
3505826,1
348546,8
3315689,1
5831588,1
2992089,1
3504023,1
3307951,1
4625917,1
6145555,1
4312691,1
3504202,1
5034116,1
5883,7
3636857,1
6269015,1
2940968,1
5863538,1
5860622,1
3836176,1
1454028,1
728314,63
4628257,1
3854453,0
3288836,1
3645159,1
3504270,1
6003117,1
3509405,1
4871331,1
5885292,1
3589791,0
3224337,1
3506837,1
5842536,1
3509407,1
6318637,1
3494653,1
3295229,1
3509400,1
3508892,0
5890237,1
4734294,1
3504904,1
224319,20
3506328,1
5868164,1
5734365,1
4882920,1
3303819,1
3506329,1
4994503,1
3506083,1
774728,6
3818084,0
4696569,1
2995815,1
668187,2
2995811,1
1163492,1
6007,2
6075881,1
3508422,1
27023,4
3999458,1
9875,1
770051,3
3506134,1
3506131,1
5915701,1
759290,0
3851182,1
3509056,1
3507222,0
544966,13
5044965,1
5858830,1
5868296,1
1105382,1
3273069,1
5855918,0
3541186,1
4411474,1
3506733,2
5904420,1
3506325,1
5017601,1
5904499,1
6192425,1
3311165,1
5820376,1
311307,4
6329675,1
3507302,1
3257155,1
775069,1
6148748,1
5874403,1
4352700,1
3506120,1
2955795,1
774997,3
3295489,1
5874561,1
4943159,1
3996955,1
3010105,1
5829689,1
5764580,1
5820107,1
2968645,1
3506001,1
3307002,1
3510078,0
4464767,1
3307005,1
3506006,1
4113040,1
3310714,1
3506263,1
3019642,1
5845543,0
3288329,1
3342018,0
1575477,1
3505816,1
3507167,1
5634162,1
3060510,1
6246619,1
3506199,1
4147857,1
3228629,1
3509561,0
5856272,1
3085393,1
3505688,1
771457,11
1639150,1
4969325,1
3508401,1
3505682,1
5838053,1
3505680,1
3505681,1
3505686,1
3505687,1
3505684,1
3505685,1
2980830,1
3506311,1
5871488,1
5893369,1
3504252,1
5850552,1
5686680,2
5878275,1
3553696,1
3505841,1
3505666,1
3505660,1
6268501,1
3505846,1
3313765,1
5915762,1
3505849,1
5827803,1
5895349,1
3505668,1
3504796,1
3504246,1
5895659,1
3504627,1
3509309,1
3509308,1
749647,2
3504154,1
5661691,1
496436,69
5915167,1
3504157,1
3287080,1
6180359,1
5407485,1
3504156,1
3505844,1
774948,4
5845566,1
774944,0
774947,4
4605517,1
3504641,1
774940,6
774943,6
3504642,1
3505207,1
3505204,1
3505205,1
3306353,1
3504621,1
3505200,1
3308828,1
6036682,1
3505208,1
3505209,1
3288688,1
3526019,1
3301377,1
3755376,1
774386,2
812165,1
1603684,1
5912521,1
3292070,1
6213154,1
747364,1
5238171,1
5827563,1
3507131,1
3504443,1
771770,3
4439160,1
466029,4
4228386,1
3311862,2
3313218,1
2148281,1
5872624,1
5886820,1
3509361,1
5844156,1
4461904,1
5833750,1
5853425,1
667210,3
5127577,1
3505062,1
3505063,1
3505060,1
3505061,1
3370850,1
5946379,1
3506038,1
3126624,1
3504324,1
3290251,1
3506039,1
5837996,1
3504333,1
5595192,1
3506940,1
5823123,1
3504336,1
774166,1
4031493,1
493692,9
6281996,1
3504209,1
3504323,1
3506034,1
4371382,1
3505372,1
4414316,1
3998265,1
3507456,0
3509020,1
3289107,1
1390343,1
5873252,1
3509363,1
3299161,1
6236968,1
3506746,1
3315206,1
5872744,1
484976,50
1178064,1
3504425,1
6330814,1
5920597,1
773598,3
3504421,1
3506744,1
3504423,1
3504422,1
3952307,1
3506033,1
5964854,1
5872686,1
770667,1
4636817,1
5811687,1
3509362,1
3361843,1
3505218,1
5920173,1
1075888,1
5811835,1
3288222,1
3307723,1
774769,2
774768,2
4228475,1
774801,2
774761,5
774760,2
774763,4
774762,4
774765,2
774764,4
774767,2
774766,6
3044118,1
3745283,1
3507697,1
3507696,1
5837842,1
3310180,1
5822540,1
6136566,1
3305414,1
5598386,1
3507502,1
3507500,1
6010695,0
3507506,1
5462035,1
3289801,1
5832481,1
775044,2
3267038,1
3064756,1
3505212,1
5577553,1
5139147,1
5237179,1
3505214,1
4492690,1
5866596,1
6082376,0
1591586,1
3506555,1
3363755,1
3505028,1
3505772,1
3289245,1
1042559,1
3289243,1
3300735,1
5905721,1
3508959,1
3300772,1
3504415,1
6185055,1
3306585,1
4408117,1
6232645,1
4764668,1
3508950,0
5890337,1
3508955,1
3508954,3
1977303,1
5836488,1
774928,2
3310053,1
755546,1
730006,1
3507854,1
5831599,1
4739395,1
2379462,1
770176,2
5758217,1
5834746,1
3316811,0
5864338,1
3505546,0
3507764,1
3315216,0
3508960,1
3295537,0
3474151,1
774923,2
3507035,1
3507034,1
3507033,1
3507032,1
3507031,1
3507030,1
5863526,1
774869,2
6206086,1
5729143,1
5860188,1
3507039,1
3289064,1
2928661,1
3505785,1
774920,2
5743295,1
3301623,1
774927,2
3505286,1
774926,1
3505502,1
3505027,1
1250508,1
4575767,1
27640,9
2330459,1
5115289,1
3305333,1
3290692,1
5868751,1
3504437,1
3504624,1
774288,1
3505482,1
775049,3
5886846,1
5860761,1
3289664,1
775419,0
3288131,1
4427717,1
5914566,1
5271894,1
5838048,1
3509404,1
3487643,1
773663,14
774577,4
5648394,1
5886222,1
5860299,1
3669172,1
4301936,1
753629,0
5902647,1
4215358,1
775043,1
3860939,1
773483,2
775042,2
3654900,1
759285,2
5858840,1
633930,2
3506493,1
3504520,1
4502167,3
5242643,1
6005662,1
5918549,1
5031967,1
773804,1
6252377,1
775046,2
5848495,1
5912658,1
3505693,1
3313184,1
4058797,1
5919365,1
3509406,1
3313182,1
409129,1
2955310,1
5242794,1
773489,1
3313748,1
3293645,1
748821,0
3460890,2
5813218,1
3299276,1
773480,35
3506018,1
5834664,1
3428472,1
3503518,1
736783,0
3316721,1
1953855,1
4549140,5
2025812,1
3293488,1
5871180,1
773711,3
6037824,1
3502939,3
742527,5
3296681,0
6180953,1
3305099,1
3505635,1
3504649,1
3505344,1
54515,6
3289239,1
5813524,1
3506920,1
6227137,1
5922182,1
3316816,0
3507181,1
3506820,1
3504348,1
3774937,1
3289717,1
4669180,1
3505280,1
5850546,1
2694202,0
4448321,1
18866,4
5882038,1
5270145,1
5832517,1
4551393,0
5579052,1
774972,0
3505479,1
3505478,1
3509172,1
3506653,1
3506654,1
5856044,1
6274301,1
4440244,4
772824,1
3509179,1
4215900,1
5878262,1
3505281,1
3505477,1
3505476,1
3505651,1
3504789,1
5223832,1
5838085,1
3508558,1
3505309,1
3505676,1
3505875,1
3505658,1
3508225,1
3508224,1
3505871,1
3294619,1
3504786,1
3504787,1
5021829,1
3834271,1
5588693,1
86578,7
3509402,1
3504525,1
3532323,1
3509312,1
3509313,1
5833610,1
3313353,1
5075890,1
3505783,1
3505782,1
3504658,1
3504659,1
3505855,1
5877020,1
3491599,1
3504652,1
774971,5
3505789,1
3505788,1
774974,2
774975,2
714260,5
6190372,1
5871521,1
3505776,1
5812033,1
3505277,1
3505276,1
5829746,1
3504275,1
128028,4
3505279,1
3505278,1
5779939,1
6196256,1
3299285,1
33513,3
5875450,1
3508556,1
3508476,1
5912537,1
4413116,1
3326755,1
579074,2
3505857,1
3924727,1
3504527,1
3505679,1
3298579,0
5911326,1
3599276,1
3505771,1
3509408,1
1222150,1
696224,78
3313229,1
3506957,1
5832624,1
774816,2
3308649,1
3197144,1
2781465,1
3371,1
3504256,1
3504257,1
4783822,1
5892221,1
5899437,1
3282820,1
3854287,1
5873321,1
772929,1
6322574,1
746570,0
5837293,1
3504259,1
5857396,1
774977,2
341783,8
3505288,1
3504328,1
3243462,1
3504326,1
3504327,1
3504700,1
3504325,1
2253201,1
3506735,1
3504320,1
3504321,1
5815665,1
6336667,0
713281,1
5818140,1
6055368,1
3505287,1
1079175,1
3194821,2
3299378,1
1933528,1
4694722,1
4881931,1
2964980,1
4498117,1
3505775,1
4604923,1
3297586,1
5845764,1
3505282,1
3506091,1
3505854,1
5883760,1
3120835,1
5584728,1
5595229,1
3509355,1
3551573,1
5833885,1
4124825,1
3504438,1
3506958,1
6164484,1
4805200,1
5921564,1
774754,2
5829296,1
774756,2
774757,1
774750,2
3289325,1
774752,2
3289327,0
6237215,1
5608106,1
5016578,1
774758,2
5876531,1
3505033,1
4456067,1
15270,2
5832490,1
774594,2
774592,1
119698,1
3305401,1
3611147,1
5872611,1
3305409,1
5819417,1
3292224,1
775129,0
3507684,0
3507685,1
3507686,1
4462712,1
3288280,1
5822552,1
5328774,1
3506951,1
5832498,1
774956,2
3509749,0
3507514,1
5841106,1
3507516,1
5831614,1
3289237,1
3505412,1
2724075,1
5920761,1
3504732,1
3313710,1
