3570709,1
3570708,1
3570703,1
3570701,1
3570700,1
3570707,1
3570705,1
3674918,1
4785300,1
1636080,1
2320162,1
3569086,1
778287,4
3569718,1
120611,5
3569712,1
3569713,1
3569711,1
3569716,3
778289,1
3570369,1
3570368,1
3570365,1
3570367,1
3570363,1
3674910,1
3677808,1
3569884,1
3569885,1
3739339,1
3569889,1
4747525,1
741266,8
3570384,1
3570383,1
3570382,1
3570381,1
777222,1
4923745,1
3569406,1
3569404,1
3569405,1
3569403,1
3569400,1
3569401,1
890329,1
3569408,1
3625095,1
3571166,0
778393,5
4790300,1
4920868,0
3677938,1
51845,2
3677934,1
5833961,1
3569662,1
3676041,1
3569661,1
3569666,1
3569667,1
3676045,6
3569665,1
3569669,1
3569633,1
3676286,1
3569061,1
3676283,1
3569063,1
3677026,1
3569068,1
1646285,1
3671098,1
3568919,1
3677462,1
3671091,1
3671090,1
4897148,1
531495,1
1654488,1
3672851,1
3672720,0
3568724,1
4913432,1
4441992,1
1650036,1
3674594,1
3671182,1
3568829,1
3899175,1
3568822,1
775768,2
3569715,1
3194767,1
3570205,1
3672619,1
3672348,1
3673814,1
3678116,1
768292,1
3678114,1
3678112,1
4800342,1
3671670,1
3671075,1
3671072,1
3678595,1
3678600,1
4877984,1
775362,1
6226981,1
3658284,1
711681,1
3678022,1
3678020,1
3835468,1
4790156,1
3675188,1
3675185,1
3648675,1
3675181,1
3675180,1
4985228,1
778273,2
778270,5
4775610,1
4863072,1
3678330,1
3671408,1
3678338,1
777920,1
778537,0
3705631,1
3628767,1
3670108,1
778471,2
778470,1
778473,2
751774,1
778475,3
778474,6
778477,1
778476,2
778479,2
5849044,1
5567282,1
778533,26
1612631,0
4922732,1
3570179,1
3570174,0
3570175,1
3570176,1
4793946,1
230648,1
3570576,1
3570577,1
3570579,1
4804093,1
3671881,1
3671886,1
4969873,0
3570710,1
3570711,1
3570713,1
3570715,1
3569569,1
3676724,1
778294,1
3569271,1
3569272,1
3569275,0
3569274,1
3569277,1
3569276,1
3570378,1
3570373,1
3570371,1
3570377,1
3570374,1
777855,2
3570000,1
3570003,1
2883538,1
3570394,1
3570395,1
5577449,1
3570397,1
777215,8
1627421,1
2645504,1
1616538,1
778326,13
3569476,1
3569474,1
737376,1
4793769,1
3674507,1
3674500,1
3680927,1
778490,1
3571152,0
3569555,1
732224,9
4585189,1
5688880,1
3677323,1
3569985,1
3673022,0
3676053,1
3569699,1
3569698,1
3569697,1
3569696,1
3569695,1
3569694,1
3569693,1
2930206,1
3569691,1
3569690,1
776187,2
3569053,1
3569052,1
3569057,1
3569508,1
3569058,1
3677054,1
3569886,1
3568908,1
3671083,1
4838239,1
3675972,1
3671247,1
3675976,1
3671243,1
3568633,1
3672757,1
4892252,1
778912,0
5569226,1
3672196,1
3672191,1
3672192,1
3673532,1
1220971,1
4823612,1
3670441,1
33446,25
3671225,1
3568836,1
3618594,1
618816,9
3528729,1
4860401,1
5440501,1
778825,0
3678109,1
3675359,1
3670584,1
3678106,1
1642456,1
157398,2
4749113,1
3678580,1
1622949,1
3678610,1
1639331,1
775370,1
5706331,1
3706946,1
775193,3
3676040,1
3493137,1
4784174,1
3673032,1
4831020,1
4934177,1
3672999,2
5737548,1
778049,1
3678326,1
778045,5
4045572,1
3673353,1
6248141,3
3768797,1
1673690,1
778448,0
778449,2
778444,2
778445,27
778446,1
778447,2
778440,1
3569051,1
778442,2
778443,1
4745345,1
3570496,1
3570495,1
3568950,1
3667745,1
3670053,1
3670059,1
3570549,1
3570548,1
3570545,1
3570547,0
3570546,1
3570541,1
3570543,1
3570542,1
747682,2
3671877,1
776466,1
3569267,1
3569264,0
774649,1
3809970,0
3570068,1
3674490,1
4036044,1
3674801,1
3674803,1
3570035,1
3570037,1
3570036,1
3569865,1
3676664,1
2693343,1
3569465,1
779878,0
4747618,1
3570725,1
3570724,1
3570727,1
3570726,1
3570721,1
5132147,1
3570723,1
3677224,1
3677220,1
4879741,1
771986,2
6257637,1
4935636,1
3569996,1
3569688,1
3569689,1
4464095,1
3569684,1
3569685,1
3569687,1
3569681,1
3677826,1
3672153,1
3569045,1
1667829,1
240947,3
3676087,1
766127,1
4830269,0
3676080,1
3676088,1
4944153,1
4166418,0
3672743,1
3570427,1
339842,8
3672182,0
3672186,0
3136256,1
3568800,1
3568803,1
3676888,0
3328506,1
3676886,1
3624788,1
3670455,1
736552,2
3675501,1
3568158,1
4978190,1
778356,3
2842673,1
3673835,1
3675322,1
3677378,1
3760898,1
3676340,1
778352,1
3671697,0
10502,8
3671692,1
3671690,1
3676344,1
346558,4
4848371,1
3099309,1
701464,1
3569300,1
3569618,1
3678620,1
3675037,1
3675034,1
3811984,1
4836556,1
3678009,1
3719366,1
777551,6
321,2
3678483,1
3678487,1
4790196,1
8630,2
3678310,1
6225526,1
3678315,1
3674105,1
4938451,1
3667907,1
3670129,1
778459,3
778458,2
576871,10
778453,0
778452,0
778451,2
778450,40
778457,1
778456,2
778455,2
778454,3
3570488,1
750995,1
4013164,1
3570481,1
3570482,1
4855495,1
4561267,1
774011,1
3570487,1
776605,4
3568820,1
207489,31
1637097,4
4818751,1
3570552,1
3570553,1
3570550,1
3570551,1
690278,1
611026,1
750530,4
1634052,1
3669997,1
4897617,1
777473,1
4746229,1
1617462,1
778127,2
3677696,1
3677692,1
3677108,0
5572960,1
3677104,1
4920746,1
3677453,1
3837095,1
3989468,1
3570151,1
145349,5
3570158,1
3569067,1
3674818,1
3569851,1
4747263,1
3674811,3
3676677,0
6104237,0
3570802,0
4913509,1
3677537,1
3569325,1
3569324,0
3570732,1
3677218,1
3570730,1
3570731,1
4819081,1
3570737,1
3569181,1
3570735,1
3570738,1
3677212,1
3670937,1
3676256,1
4859922,1
4761074,1
6174087,1
3571193,0
3570486,1
747580,1
3677072,1
3676073,1
3676070,1
3676251,1
3676077,1
3676075,1
3677853,1
3677676,1
3670806,1
3677673,1
3568752,1
3670803,1
3569032,1
3673357,1
5647342,1
3670808,1
3673352,1
3569526,1
3774078,1
1624002,2
3680220,0
4953912,0
773757,3
3569145,1
4065596,0
3673170,1
3676411,1
4525615,1
3672797,1
3671193,1
3568814,1
3570412,1
1653882,1
3568819,1
6278780,1
1157216,1
3570416,1
3569395,1
3569936,1
4914238,1
3568927,1
3676306,1
609211,7
3569390,1
224319,400
6197477,1
3672314,1
3675338,1
3672426,1
3675333,1
3673825,1
1628538,0
4864362,1
775355,3
5692522,1
90724,10
3616407,1
3678015,1
5786997,1
3678018,1
26839,1
3669993,1
3670480,1
775537,1
3675743,1
3670489,1
2019539,0
3678499,1
4897087,1
3678124,1
3678120,1
4983190,0
1652681,1
4239234,1
774241,1
2223904,1
779049,0
3677957,1
3674136,1
4881323,1
3670156,1
777915,3
4928690,1
4133065,0
3675984,1
690147,0
4823530,0
3672881,1
777686,1
778480,2
778481,1
778482,57
778483,2
778484,2
1606124,1
778486,2
778339,1
778488,0
778489,2
4807020,0
778333,1
5343548,1
561506,1
4881433,1
706022,2
3678167,1
1616032,1
751583,2
3671855,1
3570580,1
3570239,1
3570238,1
3570589,1
3570235,1
3570233,1
3570232,1
3570231,1
3677695,1
3569353,1
3677687,1
778155,1
3677112,1
3678345,1
3674485,1
3674487,1
3674483,1
4909208,1
3529370,1
3570053,1
3570052,1
3570057,1
3570055,1
4324605,1
3676645,1
3676640,1
3677205,1
1657016,1
3677208,1
3673016,1
3677456,1
3677106,1
3678182,1
3677101,1
3677198,1
598435,13
3568797,1
3570156,1
1636025,1
3677061,1
3569538,1
3773749,1
3569844,1
3670811,1
3569843,1
3677662,1
3451039,1
3569848,1
3673543,0
3673545,1
3671216,1
4864171,1
3672096,1
4882217,1
762381,6
3569156,1
3569153,0
3761543,1
3569159,1
3674956,1
3570745,1
4229697,1
778817,0
3675835,1
3676330,1
3568775,1
3568774,1
3568773,1
3676339,1
3568779,1
3568778,1
4751408,1
1670437,1
3672432,1
3566357,1
3676932,1
3676930,0
3676938,1
1662938,1
3672232,1
3675011,1
3673969,1
743629,1
3677995,1
143733,1
3570073,1
3670497,1
6190290,1
3670490,1
4831977,1
3675652,1
3675650,1
3673651,1
3675658,1
778031,1
778035,2
3568762,1
3569755,1
1656819,1
3674165,1
3671536,1
3671534,1
3670008,1
778499,2
778498,2
778497,24
778496,6
778495,3
778494,2
778493,2
778492,2
778491,2
778322,1
3559562,1
4851060,1
1661284,1
3570736,1
3570554,1
4805344,1
4745261,1
3570228,1
3570229,1
3570226,0
3570227,1
3570222,1
3897001,1
3674928,1
4881510,1
777897,2
3570130,1
3674493,1
3570132,1
3570134,1
777289,2
3674495,1
3674498,1
3663348,1
3674878,1
4924331,1
3570041,1
3570043,1
3674875,1
3677783,1
4601862,1
3677787,1
3676656,1
4887265,1
3677270,1
776785,0
3677276,1
3569301,1
3676928,0
3670958,1
778472,1
24639,4
2315023,1
3569493,1
3569941,1
372118,19
778478,2
3765343,1
3568780,12
3569543,1
3569541,1
3569540,1
3569547,1
3569546,1
3569545,1
3569012,1
3569549,1
4934703,1
1648888,0
5550918,1
3677656,1
3677658,1
1611758,1
3676783,1
3680502,0
3671200,1
4857389,1
3671204,1
3671207,1
755965,1
3658,7
3673150,1
4796123,1
3569161,1
1656969,1
3569163,1
3569162,1
3949374,1
6035434,1
4121399,0
3671335,1
4920360,1
4897248,1
1615474,1
1659993,1
3568764,1
3568765,1
3512684,0
3568760,1
3568945,1
3568946,1
3568948,1
3568949,0
3676324,1
3568769,1
5101967,1
3672448,1
3670798,1
3677407,1
3672444,1
1635024,1
1670133,1
3675799,2
4792630,1
3671024,1
3567296,1
3672201,1
4787717,1
3641542,1
772134,2
3675008,1
3675004,1
2377742,1
3675001,1
735009,1
4785406,0
3671157,1
749722,2
177811,1
4751182,1
778557,0
2607754,1
4945374,1
778003,3
5512565,1
3670777,1
1665445,1
2976403,1
3676082,1
3678214,1
3678216,1
5972102,0
3678211,1
778310,2
3678218,1
778315,1
778316,1
4586004,1
778796,0
778797,0
1617582,1
778170,1
3570211,0
3570215,1
3570217,1
3570216,1
4807460,1
778773,0
4602484,1
3672938,1
3570699,1
3570698,1
3674667,1
3674666,1
3570690,1
3672934,1
1669001,1
3674900,1
4774600,0
4911389,1
3570459,1
3570458,1
3570455,1
3570454,1
3570453,1
3570452,1
777065,1
3570450,1
6263923,1
3570676,1
3674903,1
777249,1
3570679,1
776450,1
1616568,1
732906,1
3677799,1
3677261,1
3672843,1
3677265,1
3677266,1
6220569,0
469498,1
696390,7
405661,1
5570924,1
6318345,1
3569480,1
776759,1
1635840,1
4909662,1
4936382,1
3569551,1
3569552,1
3676220,1
3676226,1
3569556,1
3569557,1
737450,3
4937894,1
3569820,1
3569793,1
3570077,1
3569791,1
3569796,1
4878720,1
3674843,1
3570072,1
3677646,1
3569829,1
3674518,1
3203601,1
3569628,1
3671235,1
3671234,1
3569629,1
3674991,1
778553,0
3570780,1
3568684,0
6283356,0
3568688,1
3570786,1
3672147,1
3570785,1
4357795,1
3774529,1
80604,1
3676680,1
3673419,1
3569179,1
1627491,1
3677240,1
3673411,1
6321895,1
404116,1
778299,1
4882657,1
93837,1
3685876,1
5429751,1
3672329,1
3676358,1
3568754,1
1641000,1
3568759,1
3568974,1
3568977,1
3568971,1
3568973,1
3568200,1
4786727,1
3568996,1
3568995,1
3568994,1
3568993,1
742159,1
3568990,1
4928209,1
3568998,1
754125,1
4799337,1
4786654,1
3672216,1
3672212,0
3678514,1
3671166,1
3671169,1
3675672,1
3678179,1
3659884,1
3678174,1
4988425,1
778549,0
778545,4
778544,2
778011,1
778546,5
778541,3
778540,2
778543,0
778542,1
5665798,1
3678195,1
3678192,1
3678190,1
3678198,1
1147918,1
1591742,1
778527,2
3570396,1
3569180,0
5093813,1
4750805,1
4043784,1
778300,1
756306,2
4854100,1
778308,1
775878,1
3678222,1
3671820,1
3676596,1
3671795,1
774691,3
6275802,1
403488,1
3570688,1
3570689,1
2776274,1
3619017,1
5621232,1
3570448,1
3570449,1
759174,1
3674475,1
3570447,1
3671480,1
3570443,0
3570843,0
1616553,1
2392166,1
3569362,1
4918137,1
3569360,1
3677339,1
420184,1
3672856,1
3670978,1
3672852,1
3672853,1
3670975,1
4862563,1
3672858,1
3670972,1
3570207,1
3570204,0
730155,6
3570201,1
1649753,1
3570209,1
3569968,1
723494,2
3832792,1
3569964,1
3670999,1
777347,1
777344,1
4637238,1
4761628,1
1763633,1
3569568,1
3676236,1
3569565,1
3569566,1
3569563,0
3674504,1
3674412,1
3674506,1
3570061,1
3570066,1
3570067,1
3674502,1
3570065,1
3569815,1
3569814,1
3569817,1
3569816,1
3569811,1
3674509,1
6088098,1
3569812,1
3569586,1
3569585,1
3569581,1
3569580,1
3671222,1
3671223,1
3671220,1
3671226,1
3569589,1
3569588,1
3574567,0
1642108,1
3569590,0
1567114,1
3677744,1
3569103,1
4525494,1
3676695,1
3569107,1
3673401,1
3677749,1
4798320,1
3569423,1
4861047,1
1275635,1
1647755,1
3672688,1
3570758,0
778528,0
3657037,1
3569617,1
3569616,0
3569612,1
3569611,1
3568962,1
3568963,1
3568961,1
3568966,1
3569619,0
3676347,1
1654893,2
1802894,8
4527163,1
3568984,0
3671001,1
3671007,1
3568988,1
1610064,1
3798007,1
3672598,1
4025100,1
3672591,1
3672593,1
3672260,1
3672595,1
762350,7
3670683,1
1670377,1
3678500,1
4938711,1
4897457,1
2711234,1
3693395,0
3676057,1
1636464,1
3672462,1
3675667,2
3675663,1
3766582,1
779004,0
3678439,1
3569692,1
3678185,1
3678187,1
4758728,1
778522,2
4829964,1
6143339,1
1647242,1
4919748,1
278186,189
778375,1
3569056,1
3565540,1
3678237,1
3678234,1
3678232,1
3671563,1
3678231,1
3671767,1
3671765,1
3671764,1
3671810,1
4952669,1
3108120,1
776188,1
3570408,1
3669923,1
778196,1
3672915,0
3672912,1
778206,5
3570519,1
778200,1
763932,6
3570479,1
3570478,1
3570471,1
3570470,1
3570472,1
3570477,1
777517,1
3570302,1
3569373,1
4590936,1
3569379,1
3570783,1
3672863,1
3672862,1
3677539,1
3674995,1
3672866,1
3672868,1
3674999,1
3674998,1
3670967,1
3670964,1
3677245,1
735427,2
776910,2
3670982,1
4882676,1
4612553,1
3676599,1
457027,5
1612910,1
3569578,1
3569579,1
3674968,1
4918019,1
3671240,1
3569570,1
3569576,1
3569574,1
6161695,1
3677628,1
4926161,1
3569802,1
3570095,1
3570094,1
3570093,1
354762,10
3570091,1
3569594,1
3569596,1
3569597,1
63626,3
3569592,1
3569593,1
1642286,1
3569598,1
4191844,1
749131,1
3709028,0
1061434,1
4608361,1
4782734,1
3672127,1
764769,1
3677754,1
3569119,1
3677757,1
3730607,1
3671363,1
4797427,1
27911,3
3671369,0
4814153,1
4813419,1
6121304,1
3678261,1
4995845,1
6120528,1
3676376,1
3676372,1
3672695,1
3569604,1
3569605,1
3569606,1
3569607,1
3569601,1
3569602,1
3569603,1
4873919,1
778437,2
3568735,1
3670567,1
4877615,1
778347,17
778346,8
778433,3
778432,4
5104,131
1624091,1
654432,2
4863009,1
1671298,1
3675276,1
3672588,1
4482507,1
3916193,1
3670693,1
10476,4
3676801,1
3682156,0
3672474,1
3621391,1
3670446,1
3259051,1
1933499,1
3365586,1
5936706,1
20302,12
3675724,0
3556024,1
3004502,0
778361,1
3678249,1
3678248,1
3671574,0
3671575,1
3671776,1
778563,0
778188,0
778184,1
778187,1
778219,1
3672907,1
3567974,1
778746,0
778216,1
3671976,1
3674452,1
3671973,1
3570460,1
5766866,1
3656948,1
5765860,1
778699,0
712530,147
4874032,1
3520276,1
3570314,1
1576110,1
710671,1
3570310,1
5965118,1
3569349,1
51697,1
3569344,1
3569347,1
3569346,1
3674980,1
3674982,1
6022435,1
3672871,1
774900,2
3671590,1
4923264,1
6268426,1
3330325,1
4761839,1
3569000,1
3569553,1
5426312,1
1612932,1
3677343,1
3680542,1
4934988,1
4738356,1
3673336,1
3676215,1
3569749,1
3569748,1
3569299,1
3570089,1
3570084,1
3570085,1
3569743,1
3570087,1
3569745,1
3569744,1
755546,2
778485,2
778338,2
5805999,1
778487,10
4847502,1
3670287,1
3570074,1
3569822,1
3569902,1
4931002,1
3570076,1
3677989,1
3677988,1
3569905,0
3569904,1
3677985,1
3569824,1
3409310,0
3674512,1
17440,11
3671372,1
3569826,1
3671376,1
3569828,1
3569790,1
3677969,1
4797821,1
3841048,1
3569631,1
3569630,1
3673046,1
3569632,1
3569635,1
3569634,1
3673043,1
5133308,1
4870308,1
3672641,1
1620871,1
4761730,1
3676963,1
2755006,1
3675919,1
3672243,1
640,2
3554540,3
3672248,1
1599074,1
3568656,1
772484,1
3677648,1
4863207,1
3676811,1
3671119,1
3671115,1
1630312,1
3568680,1
3672488,1
1658055,1
4807954,1
3672480,1
3648686,1
4894837,1
778507,1
1647067,1
3671605,1
3576448,1
3674797,1
3662645,1
689312,4
3675043,1
1858362,1
4809333,1
3675739,1
1661303,1
3688357,0
778428,0
778429,0
778426,2
778427,2
778424,2
778425,4
778422,1
778423,4
778420,60
778421,4
3678258,1
3678252,1
3678253,1
3678255,1
3670647,1
778512,0
778513,2
778510,2
778511,1
778516,2
778517,3
778514,1
778515,17
778518,1
778519,2
4806608,1
1669440,1
6143008,2
774158,2
3569001,1
4592579,2
775932,4
3671903,1
707681,8
3570410,1
3671906,1
3677762,1
777992,1
3570461,1
1357810,1
3198987,1
3569358,1
2035952,2
3569350,1
3569356,1
3670324,0
3570529,1
3570527,1
3570526,1
5518835,1
3570746,1
777371,5
3570743,1
3674952,1
3570741,1
3570740,1
714718,1
3570748,1
3630658,1
3569756,1
3569757,1
3677353,1
3569752,1
3569750,1
3569751,1
3674889,1
3569289,1
3677190,0
3677196,1
3569281,1
3569282,1
3569283,1
3569284,1
3569286,1
3674886,1
3570242,1
3674515,1
3570535,1
912578,0
3569910,0
3569911,1
3673296,1
3677778,1
3677774,1
3677772,1
3677773,1
3677771,1
3570754,1
3670006,0
5278123,1
3677971,1
3675852,1
3676396,0
4778309,0
1668245,1
3684539,0
3920855,1
3676009,1
3829833,1
3569622,1
3569621,1
3676955,1
3676950,1
3676952,0
4793352,1
5057090,1
3937086,1
3672255,1
3669344,1
772475,4
3568663,1
3568662,1
3568665,0
3568666,1
3676762,1
4451389,1
773486,2
108627,6
3567432,1
3568861,1
3568860,1
6147489,1
3675633,1
3675632,1
4752114,1
1107875,1
4556497,1
589538,3
4944522,1
4867089,1
3665854,1
3568756,1
3678467,1
4790598,1
3568758,1
3569726,1
3671631,1
3673649,1
3789012,1
776699,1
3675700,1
3565712,1
1238194,1
4806760,1
704062,0
4831465,1
778439,6
778438,2
3678263,1
778435,0
778434,2
778341,1
778436,3
778431,15
778430,0
778345,3
778344,2
3678067,1
1366774,1
3585311,0
3678060,1
778501,5
778500,1
778503,1
778502,38
778505,2
778504,0
2113530,0
778506,1
778509,2
778508,1
5280386,1
778237,2
4770202,1
777765,1
3951807,1
3671913,1
4855412,1
1613922,1
3666170,1
3671918,1
3570409,1
2318163,1
4760033,1
681308,14
4945217,1
777618,2
3671011,1
777962,0
339,1
3841333,0
4883243,1
778653,0
1662314,1
4869977,1
681944,2
4790975,1
2852491,1
3568639,1
750357,1
3570534,1
3674097,1
92224,2
3570537,1
3570530,1
3674944,1
3570756,1
3570757,1
3570751,1
3570752,1
3570753,1
3674948,1
4816645,1
4803716,1
4918043,1
1618888,1
6231787,1
3569723,1
3569727,1
3674893,1
3569725,1
3674891,1
3569728,1
3680561,0
5319303,1
778441,6
777814,1
181330,12
3568799,1
3674546,1
3677382,0
3670869,1
4752476,1
1632352,1
773285,2
2587445,1
3673281,1
3569384,1
3569386,1
3569389,1
3569924,1
3677701,1
3569537,1
4879339,1
3671405,1
4881933,1
3675848,1
3677947,1
776037,1
4051531,0
4935689,1
178449,2
4945866,1
4738662,1
93311,3
3676019,1
3673069,1
6104410,1
3676016,1
3569656,1
3569655,1
3676943,0
3672628,1
3544021,1
3672622,1
827111,1
739396,14
3672624,1
3675936,1
4920253,1
4957702,1
3677841,1
1795603,1
754078,1
3568676,1
3568674,1
4877801,1
3568673,1
3672535,1
739080,3
59712,1
3568875,1
3568877,1
6246354,1
3569388,1
1453042,1
3671139,1
4813337,1
3675624,1
3674451,1
3724305,0
3678479,1
4791292,1
3754511,1
3678470,1
3678476,1
4820334,1
3670716,0
4880973,1
1667902,1
3671217,1
107186,0
3671629,1
4836879,1
3766972,1
4115687,1
3671623,1
3678099,1
1615619,1
3678270,1
3678277,1
3678274,1
778400,2
778402,2
3678075,1
3678076,1
3678070,1
3678072,1
747378,1
3670663,0
3670667,1
778538,7
778539,1
778534,1
778535,4
778536,12
3821129,1
778530,1
778531,0
778532,0
1635357,1
3669969,1
1668912,1
778245,2
4862682,1
3546471,1
6068277,1
3674409,1
3570437,1
3674406,70
3671921,1
3570433,1
3674402,1
1662964,1
3603815,1
782140,0
2743975,1
3570181,1
1666315,1
3570183,0
3570182,1
4848446,1
778391,3
3966008,1
778395,1
778398,3
778399,2
4818835,1
3570501,1
1628078,1
3674971,1
3570760,1
3570762,1
778594,0
3570764,1
3570766,1
3570769,1
1612951,1
3570294,1
3570296,1
3630670,1
3569731,1
3569732,1
3569733,1
3569734,1
3670897,1
4879654,1
3670895,1
3570342,1
343592,1
3677014,1
3570346,1
3570618,1
3571215,0
3677509,1
1642155,1
4432256,1
3568464,1
778014,1
4927723,1
3744120,1
3894350,1
3676156,1
756495,0
776730,1
3676012,1
3569398,1
3569396,1
3677711,1
3673274,1
3569392,1
3569421,1
3569422,1
3569391,1
1623760,1
3570539,1
3660171,1
3677958,1
3677956,1
3676946,1
1673131,1
3677953,1
2131095,1
3572801,0
3570262,2
6001776,1
3673012,1
741486,1
3676948,1
3672639,1
3672632,1
6208827,1
3672634,1
3672636,1
3673719,1
3678268,1
2698329,1
1658139,1
6259189,1
773490,1
3673127,1
3686369,1
3676442,1
3672704,1
2862462,1
3672707,1
3672701,1
3670838,1
1611646,1
3687540,0
6304851,1
3675548,0
3675546,1
4919646,1
1664763,1
3670708,1
773464,1
3675095,1
3675765,1
5187877,1
724176,1
3678289,1
3791338,1
1223702,1
775893,1
3678283,1
3678281,1
3569029,1
4884317,1
1636299,1
3675165,1
778529,0
3675166,1
1661049,1
3675163,1
3860469,1
778523,2
1663972,1
778521,5
778520,2
3675169,1
778526,2
778525,3
778524,2
6154822,1
4944473,1
778259,4
5957970,2
1644651,1
4754894,1
1626471,1
3570428,1
1546984,1
3570422,1
3568672,1
3570421,1
3570426,1
4075828,1
778417,2
778416,19
778415,5
778414,1
3825016,0
5830716,0
3677766,1
778419,0
778418,2
4826196,1
6301389,1
3892140,0
1611464,1
3570199,1
3570391,1
3672833,1
4704934,1
3672836,1
764317,33
3570517,1
3674703,1
778384,2
778383,3
778381,1
3670060,1
403523,1
4903075,1
778343,1
4763018,1
4826372,1
3570778,1
3570776,1
3674964,1
3570775,1
3570772,1
1616482,1
3570770,1
4799946,1
3569099,1
3569098,1
5374806,1
1629668,1
3569095,1
3569094,1
3569093,1
3674560,1
6097234,1
3569707,1
3671827,1
3569700,1
3570081,1
3570350,1
3674365,1
3570352,1
3570069,1
3569295,1
3570356,1
3570357,1
3570358,1
3677491,1
3569746,1
3677494,1
3569895,1
2130978,1
3569897,1
3569652,1
3569891,1
3569890,1
3568873,1
3569899,1
3569898,1
6166954,1
777223,1
3569419,1
3571172,0
3670284,1
4589459,1
3670281,1
3571179,0
1250507,1
6006762,1
744550,1
1646081,1
1658632,1
3677920,1
3569675,1
3569674,1
3569677,1
1418952,1
3569671,1
3569673,1
3569672,1
3569679,1
3569678,1
3676038,1
3677030,1
3569073,1
3569072,1
3569070,1
3673005,1
3570734,1
3446733,1
1636533,1
3672282,1
4930311,1
777463,1
3672732,1
3670461,1
4125503,1
3568858,1
3568856,1
3568857,1
3568854,1
3568851,1
3671399,1
3671397,1
3671395,1
3677558,1
3671391,1
3676065,1
778843,0
3672601,1
3672600,1
3675376,1
3672110,1
3662601,1
3570075,1
3677760,1
3623529,1
3677764,1
4912574,1
33513,4
3678295,1
3678297,1
3678292,1
3678293,1
3677769,1
1625396,1
3677514,1
3678057,1
1621019,1
2899648,1
3678050,1
3669015,1
2616515,1
3675173,1
1655512,1
3569900,1
778266,6
778069,2
4882167,1
3629378,0
777954,1
778462,8
778463,3
778460,2
778461,2
778466,2
778467,2
778464,2
778465,2
1619635,0
3671958,1
778468,0
778469,1
3674965,1
725630,3
3675994,1
507986,1
1612435,0
3670278,0
3570445,1
3677557,1
3677554,1
3670074,1
726430,3
3670077,1
3570442,1
