3975250,1
631859,1
713808,2
3802813,1
3975369,1
3711958,1
3975405,1
3975360,1
3974942,1
3802059,1
3975365,1
6073625,1
3975021,1
3802790,1
3975225,1
6074324,1
780560,1
3975399,1
3974950,1
781565,1
712725,1
638926,1
3803033,1
3975413,1
669992,1
4885154,1
3975098,1
4351179,1
3975153,1
1516478,1
806655,1
637493,1
781609,1
3804189,1
2265066,1
3803754,1
3803002,1
782313,1
750341,1
4105069,1
3975421,1
3802139,1
3643401,1
782280,1
3975302,1
3804196,1
4900161,1
1518201,1
636015,1
781503,1
3803151,1
3643393,1
3803091,1
3643314,1
3643311,1
3975284,1
732554,1
3975337,1
3975408,1
583180,1
778555,1
3986671,1
782319,1
3974874,1
3974877,1
3974907,1
706247,1
782097,1
2264950,1
633864,1
780190,1
3643304,1
3975202,1
4431864,1
3803070,1
620141,1
680326,1
782321,1
782323,1
781631,1
3643303,1
782328,1
3804221,1
3974860,1
3974869,1
782243,1
3975354,1
4448810,1
3801319,1
3643331,1
3975198,1
3643333,1
3643332,1
781835,1
3975214,1
3975192,1
782333,1
782332,1
782331,1
782330,1
3975170,1
782238,1
4320332,1
3802277,1
2256638,1
779921,1
3975340,1
623516,1
3975500,1
1427373,1
4396408,1
3643328,1
3643329,1
3643327,1
3643325,1
3643323,1
3643321,1
3975242,1
3975161,1
5648300,1
3975166,1
646450,1
906315,1
782225,1
782226,1
3975473,1
3802087,1
3975375,1
3802180,1
3643454,1
3643455,1
626423,1
782036,1
678207,1
781498,1
