776990,2
776991,2
776992,2
776993,6
776994,0
776995,20
776996,2
776997,2
776998,2
776999,4
782458,0
4936309,1
2008917,2
3525720,1
776846,12
776847,27
5094760,1
3542817,1
776849,1
3516554,1
5062784,1
776534,2
776535,1
957477,1
1495633,1
2024921,1
3545127,0
776660,1
5090066,1
5831546,1
3520175,1
3543025,1
4324086,1
4639238,1
27371,1
3543985,1
4612427,1
3543983,0
3543982,1
3543981,1
3524523,1
4696769,0
3516159,1
4384568,1
3523800,1
776069,1
776264,1
3524257,1
3542742,1
931859,1
3544260,1
4872485,1
5142765,1
870430,1
3544524,1
3544525,0
1662990,1
3544295,1
3544522,1
2633176,1
4488862,1
613520,1
5164346,1
3517512,1
781536,0
4281463,1
3543169,1
3543168,1
768747,1
3543166,1
3543160,1
3543162,1
3543369,1
3544819,1
932307,1
775768,1
3543363,1
3543361,1
3543360,1
1269943,1
1483886,1
943191,0
134507,3
3514435,1
3543769,1
776928,20
583038,1
719977,2
776925,3
3543509,1
3543508,1
5513636,1
3543507,1
3543504,1
3542966,1
6102272,1
3542963,1
3542961,1
775362,0
1581286,1
3556530,1
4351907,1
3543216,1
3543215,1
3543214,1
3543212,1
3543211,1
3543210,1
775746,1
3543218,1
1494014,1
3543186,1
3543185,1
756098,1
5616494,1
3543182,1
3543181,1
3543180,1
3910172,1
3543188,1
4195216,1
4030052,1
607440,2
2629549,1
917083,1
935178,1
3900108,1
770595,0
769161,2
777922,0
875822,1
4779264,1
3526031,1
3526035,1
3500941,1
777038,0
777039,3
882146,1
777030,0
777031,0
777032,1
777033,2
777034,2
777035,1
777036,9
777037,0
5376190,1
774587,3
1488474,1
5633071,1
230648,2
748643,1
1479197,1
5656764,1
3521146,1
3521144,1
4854697,1
4386104,1
4888426,1
777102,0
776988,9
776987,4
776986,4
776985,1
776984,0
776451,12
776982,0
776981,5
776980,2
5436326,0
4782414,1
4155420,1
967927,1
22675,5
776851,10
3543746,1
776855,3
776859,1
776858,2
1603543,0
776524,2
3524882,1
776528,1
3524888,1
6270769,1
921571,1
4672847,1
3545132,0
946117,1
5455292,0
3540678,1
2590878,1
5378661,1
3543992,1
5725829,1
3796936,1
4793766,1
742658,2
4768542,1
3544359,1
3544358,1
1624338,1
3544355,1
3544354,1
3544351,0
1496157,1
4197141,1
5916484,1
4770607,1
967746,1
942818,1
6331297,1
776181,3
6024886,1
3517284,1
3543446,1
3544515,1
4797938,1
3543445,1
4523734,0
3543443,1
947427,1
3544195,1
3544194,1
5857462,6
3543441,1
3544191,1
3539157,1
3544192,1
3543178,1
4661197,1
3514888,1
3543172,1
3543173,1
3543170,1
3543176,1
33446,13
3543174,1
3543175,1
963684,1
3544227,1
1411418,1
3543374,1
3543376,1
3543377,0
3543370,1
3543371,1
3543372,1
2383270,1
3524505,0
773355,1
4680734,1
931206,1
3542828,1
3542827,1
3542826,1
3542825,1
3542823,1
4308331,1
5045278,1
3517871,1
947950,1
3543510,1
157398,2
3543514,1
3543517,1
724700,3
757629,2
1636779,1
4180865,1
1117400,1
944359,1
3520455,1
4458862,1
966356,1
3542906,1
4962256,1
3543205,1
3543206,1
3543200,1
3543202,1
3543203,1
3543208,1
3543209,1
3543194,1
3543196,1
3543197,1
3543190,1
67111,1
3543192,1
4448474,1
5288379,0
1506661,1
1764,2
863854,1
5111880,1
6261057,1
4854513,1
776801,7
3519035,1
918184,1
1442370,1
3542428,1
4357185,1
5154526,2
960585,1
6181270,1
5646172,1
3543232,1
4194177,1
776957,3
3521882,0
3544442,1
4257134,1
3305995,1
966423,0
776953,4
3542348,1
3544446,0
4153923,1
776865,3
3544112,1
776862,1
776863,2
777027,1
777026,2
777025,2
777024,2
777023,5
777022,2
777021,2
777020,3
929376,1
777078,0
4406614,1
3543646,0
777029,2
777028,10
776886,3
776887,6
776884,2
776885,2
776882,4
776880,1
776881,1
4609459,0
776889,3
73044,1
6034664,1
1593605,1
4659212,1
966513,1
4586352,0
4290365,1
1509706,1
4470413,1
3712843,0
771986,2
932836,1
1515875,1
1504296,1
1156791,1
3544297,1
3544294,1
3517662,1
5780425,1
3543837,1
688071,15
3543831,1
4925908,1
942771,1
3544506,1
3544504,1
766127,1
667793,1
3544503,1
3544500,1
3544508,1
3544509,1
3531587,1
1556686,1
339842,1
1566101,1
3544188,1
777092,0
4346062,1
3544187,1
920425,1
948602,1
3544764,0
5236273,1
3543348,1
3543343,1
3543345,1
3543696,1
3543347,1
3543346,1
973503,1
4717985,1
5100313,1
4432680,1
736504,3
3514415,1
5010512,1
3543525,1
3543524,1
3543526,0
3543523,1
996661,0
3543529,0
3542831,1
2317560,1
10502,2
918751,1
1604,3
609194,1
701464,1
775692,1
1491046,1
5159075,1
5159073,1
3538626,1
949022,0
3526299,1
3541907,1
5242170,1
3543231,1
3543233,1
6271945,1
3543234,1
4634181,1
3543236,1
3543239,1
3543238,1
3541998,1
3526391,0
938427,1
928950,1
4390692,0
4233341,1
3544879,0
24639,1
4775631,1
5343286,1
8630,1
3519558,1
4409471,1
3857573,1
5412443,1
3517330,1
776600,4
737173,4
4138341,1
774011,3
615238,3
5135242,1
3543366,1
946596,1
611029,2
207489,1
963861,1
960753,1
958796,2
3544882,1
3544881,1
3544880,0
3544886,0
5618673,1
3524661,1
4968589,1
750193,1
925071,1
3542337,1
3542336,1
3543401,1
896333,1
92336,1
776878,1
6032617,1
776873,4
776872,2
776870,2
776877,1
776876,2
776875,4
639186,3
777052,3
777053,0
3511599,1
777051,1
777056,1
777057,1
777054,0
777055,1
777058,1
777059,1
1732914,1
776895,5
1949829,1
776896,1
956190,1
776890,2
776893,1778
776899,0
776898,4
4383882,1
4601800,1
2588893,1
699813,1
4935563,1
4193644,1
959759,1
1451472,1
3515633,1
776479,6
5550732,1
3544370,1
776097,5
3544375,0
3544374,1
3544376,1
6295682,1
1635833,1
3542799,1
3542798,1
1603188,1
3542791,1
3542793,1
3542792,1
3542795,1
3542794,1
3543820,1
3543821,3
5014648,1
3544572,1
3544571,1
3544570,1
3544576,1
3544575,1
3544574,1
4559024,1
4449452,1
4958011,0
3542663,1
773756,1
969197,1
3496425,1
3542460,1
4449298,1
3543357,1
3517306,1
3543355,1
3543352,1
3543353,1
3543350,1
3543351,1
1504646,1
3543358,1
3543359,1
3544151,1
4272117,1
3544153,1
3544152,1
3544406,1
3544405,1
1594803,1
3543685,1
3543686,1
931219,1
4547156,1
917966,1
3544082,1
609211,0
951755,1
774963,1
4414908,1
3542809,1
3542808,1
3543530,1
3543531,0
3543534,1
3542801,1
3542800,1
3542802,1
3542805,1
611026,0
1573639,1
775355,2
90724,8
1631392,1
3542939,1
3542935,1
3542937,1
3542936,1
3542931,1
3542933,1
3542932,1
3779115,1
3543229,1
3543226,1
3543227,1
4008827,1
1280843,1
3543222,1
3543223,1
3543220,1
3533697,1
5410756,1
4222774,1
5706956,1
3526355,1
1717224,1
3526173,1
4811903,1
5700122,1
4823627,1
3526993,0
4933614,0
3542967,1
1489493,1
774330,1
690147,15
1661385,1
3521518,1
750986,1
941659,1
561506,2
706022,4
959815,1
3526779,1
5354897,1
4809689,1
970771,1
6134325,1
2035952,1
3258422,1
949822,2
746589,1
777041,1
777040,3
3524708,1
777042,0
777045,0
921162,1
777047,8
777046,2
777049,0
777048,2
4669496,1
1203487,0
1594642,1
4274826,1
31953,1
6265717,1
3525473,0
4413849,1
776791,1
776796,1
776797,1
776794,1
1403888,2
3628161,1
938791,1
3544254,1
3523027,1
4116715,1
776979,2
4111118,1
3516845,1
740849,1
905206,1
4291527,1
3542786,1
3542787,1
3542784,1
3542782,1
3542780,1
3542781,1
4602971,1
1511002,1
6231535,1
3542789,1
1067882,1
3517646,1
777050,3
3545163,0
1719589,1
4111062,1
4477851,1
1704025,1
623341,1
3543187,1
4688558,1
972926,1
937798,1
1266337,1
3543184,1
2662723,1
3542671,1
3542677,1
3542675,1
3544364,0
4180564,1
4120907,1
3544361,1
1482338,1
4959553,1
3544369,1
200742,1
3543321,1
3543327,1
3543326,1
3543325,1
776894,1334
3544784,1
3544785,1
3543328,1
3544780,1
1573738,1
6271069,1
3544415,1
3544416,1
3544410,1
3544411,0
4371563,1
4115755,1
973524,1
4721452,1
4411384,1
776712,2
3544092,1
3517426,1
963275,1
943083,1
773300,1
4408128,1
3673782,1
931253,1
3543781,1
3543037,1
947966,1
3543035,1
3543034,1
3326250,1
1796324,1
3542928,1
1466402,1
3012140,1
2731602,1
3542920,1
3542921,1
3542926,1
3542927,1
4572921,1
5938241,1
4776170,1
4273961,1
5718230,1
724595,1
5111772,1
3851657,1
3846173,0
3543251,1
3543250,1
3543256,1
3543255,1
3543254,1
4934144,1
3542615,1
3380515,1
3526184,0
3542816,1
195114,4
3542813,1
3542810,1
4806459,1
6286071,1
3542818,1
4800432,1
4945345,1
970340,1
964544,0
3519572,1
931741,1
6299896,1
3543158,1
775251,1
4771177,1
3543143,1
88520,1
1574241,1
4710799,1
4809784,1
3543417,1
3316821,1
786629,1
5696434,0
3542949,0
3543145,1
4217619,1
960734,1
1479318,1
2593476,1
4212206,1
918065,1
6171709,1
3542946,1
5361864,1
932586,1
3515496,1
3525260,1
4390161,1
3542319,1
1824911,0
3542315,1
3542316,1
3542313,1
11,2
3138150,2
2464160,1
777079,0
777075,0
777076,0
896194,1
777071,0
777073,0
3518623,1
922130,1
6067284,1
3544729,1
779845,0
4851513,1
1351329,1
969515,1
1276170,1
946153,1
4797050,1
776785,0
776784,54
5115220,0
4607513,1
1664126,1
4974360,1
3516470,1
3478211,1
4879005,1
4721981,1
372118,13
921403,1
4276782,1
5014227,1
956087,0
4803775,1
4494505,1
3543808,1
6094588,1
4280610,1
4047351,1
3273941,1
3544226,1
3999294,1
3544220,1
3524334,1
3658,5
776122,1
6209594,1
3542687,1
6200503,1
4395547,1
3542682,1
3542681,1
3542680,3
3525604,1
3544311,1
3544317,1
3544315,1
3541790,1
3516094,1
6192354,1
1881612,1
3543332,1
3525607,0
3543334,1
3543339,1
5703743,1
3517322,1
3544429,1
6084376,1
3544421,1
3544420,1
3544422,0
3544425,1
3544426,1
3527025,1
6036117,1
4463580,1
3541081,1
5550865,1
3543028,1
3544040,1
3543024,1
3371871,2
3543020,1
3543022,1
4628928,1
4780445,1
3532297,1
737981,1
6315445,1
5174459,1
4787713,1
772134,1
772135,1
4597237,1
6198501,1
940013,1
3543248,1
3543249,1
80859,5
3543240,1
3543241,1
3543243,1
3543244,1
3543247,1
3846345,1
3705407,1
3542860,1
768828,2
775794,1
1707305,1
950464,1
940658,1
774265,2
1552572,1
5808956,1
4917492,1
4377613,1
4330482,1
4200452,1
938581,0
5737435,1
129918,1
1456479,1
4745498,1
3541881,1
3525984,1
4660991,1
3122087,1
953462,1
2993335,1
751879,1
3543099,1
4258459,1
5234370,1
2698603,1
6088225,1
5015416,1
894927,1
662642,1
4803161,1
3881817,1
2038095,1
3544677,1
776989,1
5806897,1
710671,1
777063,0
933878,1
777060,0
988778,0
776338,3
1576127,1
773750,5
776983,2
3515343,1
966803,1
2862800,1
3541530,1
3311197,1
776938,1
776939,1
776936,1
776937,5
776934,4
776935,4
776932,2
776933,0
776930,3
776931,0
4227182,1
4882434,0
776208,1
3516867,1
1499871,1
3524031,1
918899,1
1717685,1
3520794,1
4803740,1
5805017,1
3543879,1
3543873,1
3543872,0
5114736,1
3544238,1
6121473,1
3544723,1
922674,1
5212459,1
3873766,0
423625,2
4140561,1
4992180,1
3542696,1
3284770,0
4902314,1
3543907,1
3543905,1
1694378,1
3544304,1
3544305,1
3543901,1
5249273,1
3544308,0
3544309,1
3543909,1
3544436,1
3544437,0
3544435,0
3543309,1
3544433,1
3543659,1
3544431,1
3543305,1
3543304,1
3543307,1
3543306,1
3543301,1
4633411,1
3544438,1
3544439,1
1726522,1
3544461,1
93837,1
3544799,1
5131246,1
4235885,1
6120270,1
4218215,1
1466268,1
6133685,1
932050,1
4598114,1
1466518,1
54463,6
3543018,1
1524776,1
3544050,1
3544791,0
4402585,1
4398525,1
3543720,1
4810994,1
775306,1
775307,2
3518800,1
3543499,1
3543498,1
944124,1
1629727,1
3543491,1
3543275,1
3543277,1
3543276,1
3543272,1
963726,1
1021282,0
4600430,1
3544404,1
4548113,1
2989734,1
3533885,1
3542873,1
3542877,1
4153208,1
3526417,1
1684480,1
4390636,1
5152430,2
4804587,1
5775045,1
1382914,1
3542947,1
3527009,1
1597841,1
941025,1
941606,1
1560866,1
4571545,1
961668,1
1460675,1
960710,1
3525997,1
4413187,1
3544083,1
2098448,1
3544848,0
3544846,1
3544845,0
3544844,1
3544843,1
3544841,1
3544080,1
2893236,1
4854584,1
1267774,0
403488,1
5366098,1
1440506,1
4925428,1
771577,1
4172963,0
3543532,0
170520,1
3543533,1
3515217,1
2072361,0
1051634,1
1517289,1
1509200,1
2609760,1
3539815,1
4819048,1
776929,13
3188675,1
4541376,1
925039,1
776924,2
776927,11
776926,2
776921,2
776920,414
776923,2
776922,3
723494,2
4654365,1
4316335,1
4335333,1
3541647,1
5825736,1
4858675,1
776697,1
776693,1
3543868,1
3499461,1
3516521,1
776328,10
942897,1
4182338,1
3544201,1
3544200,1
3544203,1
740968,2
3544207,1
3544206,1
3543433,1
1786059,0
1749866,1
6162004,1
3543432,1
943479,1
4211222,1
3543122,1
311307,2
5218176,1
3544357,1
3542429,1
3543917,1
3543910,1
3544337,1
3544336,1
3543918,1
951312,1
1001778,0
3544447,1
3543649,1
3544445,1
3544444,1
3543312,1
3543313,1
3544449,1
3543316,1
3543317,1
4641191,1
4088959,1
3884818,1
6108895,1
5675179,0
3542737,1
5113998,1
3542732,0
1476716,1
3543006,1
4140005,1
3543004,1
3543005,1
5816154,1
3718730,1
4158459,2
4496585,1
775646,1
4266545,1
931425,1
1484542,1
931605,1
1467492,1
3543466,0
3543461,0
4412470,1
3542992,1
5106778,0
3890441,1
3542849,1
589538,4
3542845,1
3540176,1
3542842,1
960654,1
4299871,1
565087,1
1503548,1
5027250,1
776837,4
278186,32
209682,3
916634,1
774515,0
3544322,1
775862,374
3544320,1
1200628,1
924203,1
3544858,0
4234388,1
3544850,1
3544851,1
3544852,1
3544853,1
3521336,1
776942,0
3521338,1
939385,2
3698254,1
3960680,0
4135639,1
776946,3
775917,1
3544453,1
774422,1
3543225,1
22,2
4775344,1
4653162,1
691079,1
4579201,1
6047695,1
4657647,1
776596,1
776597,2
946188,1
2140801,1
4188567,1
701956,1
777061,0
3516400,1
4524441,1
960509,1
776918,5
776919,1
3812065,1
2579778,1
776911,2
776912,14
776913,2
776914,10
776915,6
776916,7
776917,3
776774,2
457027,2
921271,1
5809165,1
4405092,1
5070041,1
4766625,1
4188433,1
2780819,1
776357,1
3899985,1
776355,1
10871,3
354762,6
3478621,1
1483399,1
63626,9
5201804,1
3517112,1
214237,1
772329,1
4211230,1
957639,1
942401,1
921877,1
3831890,1
3543923,1
3543885,1
3543927,1
3543929,1
3544323,1
3542432,1
3544321,1
3544326,1
3538271,1
3544325,1
3544451,0
3544452,1
3517574,1
3544454,0
3544455,1
3544456,1
3543671,1
3543670,1
2612661,1
6312033,1
3543155,1
3544695,1
3523086,1
3541291,1
3544216,1
3542725,1
3542727,1
3542721,1
3544211,1
943042,1
3542729,1
3544219,1
3543073,1
3543072,1
1862079,1
776836,2
5813395,1
4572563,1
3527095,1
3544078,1
3544079,1
3544076,1
3544077,1
3544075,0
5104,55
952805,1
3544582,0
3544583,1
3544580,1
944459,1
773983,1
1565432,1
3542644,1
219581,6
3543451,1
1596991,1
3543453,1
10476,6
1449243,1
3543454,1
3543109,1
3543108,1
3543106,1
3537366,2
3543104,1
3543103,1
3543102,1
3543101,1
3543100,1
3270648,1
3522116,1
3542859,1
534740,1
3101091,1
1435960,1
4575707,1
960649,1
1480060,1
696390,10
1734019,1
4633756,1
3541356,1
405661,0
20302,7
4142939,1
3526549,0
3515662,1
4537622,1
775856,2
775858,1
3533280,1
4250440,1
3544868,1
3544861,1
3544860,1
3544863,0
3544862,1
106788,9
3544864,1
3544867,1
3440355,1
961933,1
3542987,1
953183,1
1465936,1
4603811,1
4684118,1
941572,1
738090,1
919954,1
4195090,1
946577,1
630999,1
1723672,1
776585,1
4629700,1
4794456,1
4382523,1
774726,1
51697,2
1645673,1
776907,2
3543770,1
776905,6
776904,1
776903,1
776900,6
3507132,1
776909,1
1641563,1
928905,1
1511054,1
5370141,1
4019861,1
776760,12
750113,1
846174,1
373714,3
3543847,1
3426925,1
776343,1
4341269,1
4234523,1
755546,1
3516760,1
973484,1
3516766,1
6291616,1
4487106,1
210014,5
5835363,1
3545194,0
25032,7
732734,1
5026653,0
776689,1
3520454,1
6334013,1
3517587,1
4028029,1
3569901,1
3543938,1
3543939,1
579074,1
3543937,1
6218967,0
3543932,1
740219,2
17440,7
3544469,1
3544468,1
759889,1
3544463,1
776013,1
3544663,1
3544661,1
5045750,1
3857474,1
1636266,1
3544263,0
774858,1
4137256,1
4395101,1
3543146,1
3543063,1
3553809,0
3543066,1
3543067,1
943901,1
1503332,1
1482925,1
3543105,1
681308,30
3542983,1
640,15
3542984,1
3527155,1
3543667,1
3542986,1
744550,3
3265690,2
4288743,1
3543668,1
4660248,1
969933,1
3543288,1
4789339,1
3543280,1
3544717,1
1573235,1
3543118,1
3543119,1
3543448,1
3543114,1
3543116,1
3543117,1
3543442,1
3543111,1
3544719,0
3544718,0
918255,1
6059549,1
3539354,1
4820173,1
3190762,1
5033945,0
4786807,1
1760733,0
1621909,1
3543149,1
778948,0
776569,2
1656525,1
932978,1
6191901,1
4320692,1
689312,47
3519276,1
961611,1
4684614,1
3533293,1
3544876,1
3544877,1
3544874,1
3544872,1
3544873,1
3544871,1
1222351,1
4818219,1
3544878,1
4207432,1
4653479,1
4442958,1
4780199,0
5775413,1
774154,11
88428,27
5573403,1
4784472,1
4234075,1
3544302,1
3521007,1
3544303,1
954966,1
3516089,1
3782111,1
969486,1
1459349,1
4297932,1
774719,4
782300,0
781616,0
782305,0
776972,0
776973,0
776970,1
776971,2
776976,1
776977,2
776974,1
776975,2
776978,2
903375,1
4307534,1
3525969,1
5028540,1
887568,1
6215329,1
4406212,1
1998279,1
3515553,1
776713,6
776710,1
776717,1
776488,16
4302017,1
782413,0
776482,1
1448936,1
926681,1
777043,2
931810,1
3525650,1
3655408,1
776375,1
776803,1
776373,1
6020138,1
3524875,1
3544811,1
1576302,1
3521912,1
3516602,1
1078581,1
3496654,1
3543947,0
3280692,1
5423087,1
371428,2
3544477,0
5031844,0
776024,1
3544675,1
4714001,1
766031,4
4920,0
943026,1
925998,1
3544274,1
3544275,1
3544277,1
3544278,1
3544279,1
3543058,1
3543729,1
3543054,1
3543050,1
3543053,1
3543052,1
6005099,1
741647,1
4390985,1
6197574,1
772475,16
3543613,1
3543611,1
3543610,1
3543617,1
4292516,1
3543614,1
3543618,1
773278,2
932561,1
3506930,1
949222,1
1670382,0
3543129,1
3543439,1
3543438,1
3543121,1
3543120,1
3543430,1
3543124,1
3543435,1
3543434,2
3544494,1
3544495,1
3526328,1
4964180,1
964259,1
3544498,0
3544499,1
1454878,1
772010,0
4194853,1
4434042,1
931721,1
3767096,1
776790,3
3543547,1
3542892,1
4300642,1
3543621,1
967095,1
746107,1
743646,1
4689416,1
5250885,1
3543150,1
930031,1
947531,0
5745550,1
3544803,1
3544800,0
3544807,1
3544806,1
3544805,0
3544804,1
3543406,1
3544808,1
5254890,1
4554466,1
4229674,1
4125503,1
955118,1
938445,1
3543408,1
774413,1
3542972,1
1186476,1
4249196,1
3519265,1
1470709,1
3542977,1
726945,2
1559638,1
775716,1
3529126,0
4628019,1
4507676,1
4385707,1
3544758,0
938665,1
3520214,1
4535647,1
3544865,1
4793585,0
1619402,1
1632772,1
961559,1
776961,3528
776960,2
776963,0
776962,3
776965,1
776964,4
776967,17
776966,10
776969,2
776968,2
4109477,1
776178,1
1175681,0
3526433,0
918820,1
921220,1
4441540,1
3524517,1
776706,4
777144,0
2763169,1
776818,1
776815,8
1498559,1
3524170,1
777819,0
3335040,1
4667856,1
3541776,1
3541774,1
4874413,1
3517762,1
4243870,1
1607643,1
6133983,1
3543715,1
1489386,1
3543953,1
1519312,1
4870099,1
3512513,1
926180,1
5018245,0
3544399,1
3523568,1
4386161,1
1437634,1
3544397,1
3544644,1
3544395,1
3544394,1
1635500,1
702503,1
939827,1
3520729,1
1467192,1
3542778,1
93311,49
3544244,0
3542771,1
3542777,0
4552540,1
3543354,0
3543048,1
1679128,1
3543043,1
3543730,1
739396,5
3543044,1
775600,1
4678509,2
926507,1
775605,5
4920259,1
6041365,1
3543600,0
3543601,0
5055113,1
3543136,1
3543135,1
3543132,1
3543133,1
3348146,1
3079552,1
3542952,0
3543138,1
3542950,1
3543950,0
4496890,1
3544737,1
3544736,1
920476,1
3543421,1
4140919,1
3543424,1
4473628,1
3543426,1
3543427,1
958170,1
6146143,1
1646409,1
775734,9
777044,1
1481662,1
965807,1
3543555,1
3543556,1
3543552,1
743258,5
5146870,1
920615,1
4627709,1
775131,1
1453019,1
3526008,1
4233885,1
3526000,1
2758080,1
3544812,1
3544813,1
3544814,0
3544815,1
3544817,1
3544818,1
753929,1
3522038,1
1485291,1
4925020,1
4091007,1
5017543,1
4823136,1
4350531,1
3526466,1
4646215,1
4963072,1
1453952,1
4549071,0
4185366,1
775957,1
776584,0
3544396,0
549617,1
5466655,1
3520229,1
776557,7
4275502,1
4452918,1
776958,1409
776959,2
776954,2
776955,2
776956,7
4271899,1
776950,1
776951,2
776952,20
1255166,1
1724922,1
4872801,1
5095763,1
3523996,1
4116407,1
967798,0
3516171,1
3545077,0
4881761,1
43709,2
3543891,1
3512855,1
931833,1
4879654,0
776828,4
956106,1
3524342,1
776605,3
776906,3
4312692,1
6008836,1
3523759,0
3542772,1
3543964,1
929814,1
3543969,1
929153,1
776732,51
1704130,1
3516371,1
224319,22
776867,1
3522379,1
926422,1
3543322,1
923377,1
4590145,1
3544382,2
776908,3
3544385,1
4633270,1
4886338,1
4094350,1
1751814,1
3542768,1
964811,1
3544258,1
3544259,1
877221,1
3545384,0
3542761,1
3542763,1
5242833,1
3517153,1
3543709,1
3543708,1
3544030,0
4098466,1
3544039,1
3543731,0
5580772,1
5181060,1
6316895,1
3543415,1
3543414,1
3543141,1
3543140,1
3543147,1
3543410,1
3543413,1
3543144,1
3542945,1
920917,1
3543148,1
3539564,1
3543418,1
3542943,1
1449711,1
3543387,1
3515244,1
3543381,1
3543382,1
3544726,1
3544727,1
963145,1
3543388,1
3544720,1
3544721,1
1543668,1
734873,8
944520,1
4153530,1
1554954,1
1223568,1
3508565,1
3543563,1
3543566,1
3543090,1
3543093,1
3543092,1
3543095,1
3543094,1
3543097,1
3543096,1
3702692,1
3543098,1
2926541,1
775387,1
4806581,1
4412257,1
3526010,1
775897,1
6215151,1
747364,1
4494019,1
3544828,1
3544825,1
3544824,1
3544827,1
3544826,1
2800950,1
6204900,1
4228388,1
3791426,1
775568,3
938463,1
5485984,1
775965,2
774166,1
3541498,1
6197911,0
132102,1
3543126,1
777018,2
777019,3
777016,3
777017,2
777014,0
777015,1
777012,2
777013,5
777010,0
777011,3
1718359,1
1806273,0
776949,2
776948,1
3543130,1
3321060,1
776943,4
4469942,1
776941,2
776940,4
776947,3
973801,1
776945,3
776944,3
1479407,1
1445992,1
3543886,1
3543884,1
4381842,1
3543883,1
3543139,1
755292,13
5172109,1
4341992,1
970497,1
3543429,1
949857,1
4420271,1
733029,1
776546,1
776544,1
4444847,1
4705179,1
1573218,0
1185894,1
4313757,1
4424939,1
776610,1
3543420,0
4865056,1
576748,1
3880075,0
3523762,1
3523766,1
3543973,1
3543970,0
3543423,1
969026,1
567369,1
4617156,1
4433281,1
5466866,1
1624209,0
3526026,1
3650554,1
27640,16
926859,1
956008,1
947448,1
3544621,1
972088,0
3517521,1
3517523,1
3523819,1
605762,1
5077796,1
1624682,1
776056,1
4487095,1
4487094,0
4581192,1
3542759,1
939844,1
942787,1
942834,1
925003,1
4814062,1
3539082,1
937504,1
3544281,1
3544283,1
775628,1
3544285,1
944623,1
4471551,1
3542627,1
3543622,1
773716,1
3543626,1
3525615,1
2951635,1
3543625,0
3543402,1
3542978,1
3543152,1
3543153,1
3543154,1
4332763,1
3543156,1
3543157,1
3542971,1
3542970,1
3542973,1
3543409,1
3542975,1
5630121,1
3539799,1
3542976,1
3543392,1
3543393,1
3543390,1
3543391,1
3543396,1
3544751,1
4285216,1
943168,1
3543716,1
5849352,1
4896390,1
1459694,1
3543719,1
920637,1
776825,12
3546696,0
3526390,1
3526396,1
4961495,1
4249860,1
3543577,1
5203591,1
3543088,1
3543089,1
3543084,1
3543085,1
1541906,1
4630104,1
5034820,1
3541955,2
33513,8
3519458,1
3516344,1
3544838,1
707772,1
3544836,1
3544837,0
4113096,1
3553772,0
770879,0
4629240,2
776648,1
1472983,1
941143,0
3543553,1
3544505,1
4684787,1
3544798,1
1546392,2
3543344,1
4807377,0
916785,1
2907496,4
2931657,1
1587573,1
776910,0
774050,1
3543112,1
3526029,1
916433,1
4385936,1
777009,0
777008,1
970022,1
777005,2
777004,5
777007,6
777006,0
777001,2
777000,2
777003,5
777002,1
3544251,1
1652224,1
774592,5
960561,1
3543113,1
4888891,1
5058332,1
4409722,1
3544373,1
3521136,1
725630,1
3521131,1
3515172,1
5057855,1
750365,13
