3646970,50.0
3646971,50.0
3646972,50.0
3646973,50.0
781879,350.0
781878,350.0
3646976,50.0
3646977,50.0
3646979,50.0
3873242,50.0
782355,1150.0
3646878,50.0
782357,650.0
782356,12550.0
782353,150.0
782352,700.0
3873459,50.0
782359,5949.52
782358,12400.0
3646877,50.0
583180,550.0
3646901,50.0
3989621,50.0
624654,50.0
3989625,50.0
780553,150.0
664116,50.0
3646904,50.0
634731,50.0
3989455,50.0
630880,50.0
3989745,50.0
3989515,50.0
627593,50.0
3646867,50.0
778555,750.12
3646949,50.0
3646863,50.0
3646945,50.0
3646947,50.0
3646940,50.0
3646943,50.0
3646942,50.0
3646856,50.0
3988976,50.0
3871593,50.0
3873173,50.0
638926,50.0
3646879,50.0
3989619,50.0
3868025,50.0
3989192,50.0
3989614,50.0
3989617,50.0
3989195,50.0
3989445,50.0
3989440,50.0
3836552,50.0
3989443,50.0
3825503,50.0
775436,1150.0
633739,50.0
3646813,50.0
3989651,50.0
3646959,50.0
3646817,50.0
216809,50.0
637493,100.0
648599,100.0
3646953,50.0
3646950,50.0
3646951,50.0
3646956,50.0
3646955,50.0
52497,400.0
3646935,50.0
538006,50.0
425857,50.0
3646898,50.0
3990033,50.0
3646806,50.0
716223,50.0
3989974,50.0
3646896,50.0
3646895,50.0
782097,400.0
3989472,50.0
3868492,50.0
3868367,50.0
639948,50.0
716829,50.0
3646801,50.0
3646804,50.0
3646805,50.0
3761851,50.0
3646807,50.0
3871088,50.0
3646809,50.0
3868319,50.0
3989017,50.0
3646929,50.0
3646928,50.0
3873506,50.0
3646925,50.0
3646924,50.0
3646923,50.0
3646922,50.0
3646921,50.0
3646889,50.0
782019,50.0
717789,50.0
3646880,50.0
3646881,50.0
3989829,50.0
626540,100.0
3753326,50.0
3989676,50.0
695333,50.0
732554,150.0
3867996,50.0
631156,50.0
3870911,50.0
3989311,50.0
3646835,50.0
3646834,50.0
3646836,50.0
3646831,50.0
3646833,50.0
3646832,50.0
3871037,50.0
3646810,50.0
3646939,50.0
3646926,50.0
3760595,50.0
780205,50.0
3646931,50.0
3646932,50.0
3646933,50.0
2890844,50.0
3868173,50.0
3868342,50.0
780190,100.0
3873963,50.0
781605,50.0
3867867,50.0
3989413,50.0
3646815,50.0
3646819,50.0
620812,50.0
3989270,50.0
3990082,50.0
3646822,50.0
3989122,50.0
781631,200.0
3646821,50.0
3646826,50.0
3646827,50.0
3646824,50.0
3646825,50.0
3646909,50.0
64334,100.0
3989926,50.0
3989486,50.0
681488,50.0
3989488,50.0
3646900,50.0
776255,50.0
3646902,50.0
3646905,50.0
3988984,50.0
3646906,50.0
3989858,50.0
3868356,50.0
3990008,50.0
2763487,50.0
780720,50.0
2297413,50.0
3988962,50.0
781835,350.0
3646789,50.0
3646787,50.0
3646784,50.0
3646782,50.0
637126,50.0
3646912,50.0
3646910,50.0
781503,50.0
3646962,50.0
3646820,50.0
679459,50.0
3646918,50.0
782238,800.0
3809066,50.0
3868285,50.0
3646858,50.0
3646857,50.0
3989163,50.0
3646854,50.0
3646852,50.0
3646850,50.0
3885591,50.0
3990079,50.0
623516,50.0
3989844,50.0
3989503,50.0
3646798,50.0
3867690,50.0
3989217,50.0
636424,50.0
3646868,50.0
3646791,50.0
2735316,50.0
3646793,50.0
3646963,50.0
3989225,50.0
3646967,50.0
3646966,50.0
637992,200.0
3646964,50.0
782100,50.0
3646969,50.0
3646893,50.0
3866898,50.0
646450,50.0
666421,100.0
3646848,50.0
654331,50.0
716222,50.0
781542,50.0
3646846,50.0
3646847,50.0
3646842,50.0
3988919,50.0
6174150,50.0
3789443,50.0
716221,50.0
3989500,50.0
3988993,50.0
626423,50.0
782036,100.0
