0,19
1,6
2,18
3,41
4,21
5,8
6,5
7,12
8,10
9,16
10,29
11,51
12,25
13,32
14,49
15,45
16,58
17,46
18,30
19,23
20,7
21,15
22,32
23,13
24,10
25,27
26,58
27,48
28,5
29,36
30,8
31,6
32,11
33,28
34,22
35,6
36,8
37,5
38,52
39,39
40,11
41,26
42,16
43,6
44,11
45,19
46,27
47,5
48,15
49,20
50,11
51,13
52,20
53,28
54,27
55,14
56,11
57,15
58,9
59,18
60,29
61,20
62,6
63,28
64,12
65,16
66,21
67,24
68,7
69,23
70,37
71,4
72,23
73,29
74,7
75,35
76,9
77,23
78,18
79,15
80,26
81,26
82,6
83,7
84,14
85,6
86,19
87,4
88,20
89,3
90,4
91,5
92,41
93,1
94,9
95,13
96,12
97,18
98,7
99,8
100,11
101,21
102,5
103,22
104,23
105,5
106,29
107,9
108,44
109,16
110,10
111,10
112,17
113,38
114,5
115,2
116,24
117,20
118,10
119,11
120,69
121,5
122,8
123,3
124,30
125,15
126,51
127,7
128,17
129,24
130,13
131,14
132,3
133,7
134,2
135,8
136,34
137,12
138,4
139,22
140,6
141,7
142,13
143,20
144,4
145,3
146,16
147,24
148,14
149,12
150,32
151,13
152,20
153,3
154,3
155,55
156,20
157,7
158,8
159,6
160,2
161,28
162,11
163,37
164,10
165,5
166,12
167,7
168,21
169,15
170,18
171,15
172,11
173,5
174,11
175,22
176,23
177,5
178,10
179,15
180,9
181,30
182,12
183,19
184,11
185,7
186,7
187,7
188,45
189,7
190,42
191,11
192,29
193,9
194,17
195,5
196,7
197,41
198,19
199,2
200,11
201,14
202,8
203,3
204,15
205,8
206,4
207,20
208,39
209,5
210,6
211,14
212,9
213,7
214,5
215,14
216,14
217,13
218,6
219,7
220,5
221,17
222,4
223,16
224,16
225,21
226,2
227,6
228,3
229,3
230,16
231,3
232,5
233,32
234,4
235,16
236,4
237,16
238,29
239,2
240,17
241,36
242,5
243,7
244,3
245,9
246,6
247,5
248,3
249,2
250,3
251,1
252,3
253,37
254,2
255,17
256,13
257,3
258,2
259,10
260,8
261,18
262,11
263,11
264,12
265,9
266,1
267,10
268,10
269,2
270,2
271,19
272,3
273,19
274,15
275,3
276,10
277,2
278,9
279,5
280,3
281,11
282,5
283,2
284,2
285,16
286,24
287,10
288,12
289,2
290,7
291,7
292,9
293,4
294,3
295,5
296,22
297,12
298,16
299,20
300,17
301,3
302,47
303,6
304,5
305,6
306,3
307,1
308,15
309,15
310,3
311,1
312,4
313,6
314,9
315,10
316,5
317,8
318,15
319,9
320,4
321,10
322,15
323,4
324,12
325,11
326,31
327,10
328,3
329,2
330,4
331,20
332,21
333,2
334,29
335,9
336,8
337,4
338,6
339,9
340,3
341,3
342,2
343,24
344,4
345,3
346,7
347,8
348,2
349,12
350,10
351,12
352,4
353,8
354,6
355,5
356,16
357,2
358,2
359,9
360,3
361,14
362,9
363,18
364,14
365,17
366,10
367,6
368,4
369,5
370,3
371,3
372,11
373,23
374,9
375,3
376,14
377,5
378,17
379,1
380,8
381,8
382,4
383,8
384,8
385,6
386,19
387,10
388,42
389,6
390,11
391,4
392,15
393,5
394,25
395,1
396,7
397,5
398,5
399,11
400,11
401,6
402,8
403,32
404,1
405,10
406,9
407,4
408,3
409,2
410,3
411,10
412,6
413,20
414,2
415,6
416,8
417,20
418,3
419,9
420,6
421,4
422,36
423,18
424,4
425,3
426,6
427,4
428,7
429,2
430,3
431,20
432,3
433,4
434,13
435,3
436,1
437,6
438,6
439,5
440,2
441,22
442,3
443,6
444,6
445,14
446,1
447,2
448,9
449,10
450,8
451,1
452,1
453,1
454,6
455,7
456,8
457,5
458,2
459,5
460,3
461,1
462,7
463,5
464,2
465,12
466,5
467,8
468,6
469,3
470,3
471,35
472,4
473,3
474,5
475,3
476,6
477,6
478,5
479,5
480,9
481,13
482,10
483,1
484,14
485,3
486,4
487,5
488,1
489,3
490,6
491,5
492,18
493,1
494,5
495,14
496,5
497,7
498,3
499,2
500,10
501,5
502,1
503,2
504,5
505,1
506,16
507,1
508,15
509,1
510,1
511,2
512,8
513,2
514,8
515,5
516,9
517,6
518,4
519,1
520,4
521,6
522,6
523,9
524,7
525,5
526,3
527,2
528,1
529,2
530,16
531,13
532,13
533,3
534,15
535,21
536,27
537,3
538,3
539,17
540,5
541,2
542,1
543,1
544,2
545,3
546,10
547,2
548,19
549,1
550,2
551,14
552,10
553,4
554,9
555,23
556,1
557,2
558,6
559,9
560,3
561,2
562,4
563,3
564,3
565,3
566,3
567,7
568,2
569,13
570,15
571,6
572,3
573,1
574,30
575,9
576,3
577,9
578,1
579,2
580,20
581,4
582,6
583,6
584,3
585,5
586,9
587,8
588,9
589,1
590,11
591,1
592,4
593,3
594,2
595,3
596,1
597,11
598,1
599,6
600,1
601,3
602,49
603,4
604,25
605,1
606,5
607,10
608,11
609,3
610,5
611,16
612,4
613,12
614,23
615,5
616,1
617,1
618,1
619,5
620,5
621,2
622,14
623,2
624,11
625,10
626,19
627,3
628,4
629,2
630,13
631,5
632,6
633,10
634,12
635,1
636,6
637,3
638,15
639,9
640,4
641,4
642,8
643,8
644,2
645,2
646,16
647,11
648,2
649,3
650,4
651,3
652,21
653,6
654,2
655,2
656,6
657,1
658,4
659,2
660,5
661,8
662,6
663,5
664,6
665,3
666,1
667,3
668,2
669,5
670,6
671,2
672,1
673,1
674,3
675,4
676,1
677,8
678,1
679,1
680,5
681,16
682,3
683,2
684,4
685,2
686,2
687,4
688,7
689,6
690,31
691,10
692,2
693,7
694,3
695,4
696,4
697,3
698,16
699,15
700,1
701,6
702,5
703,4
704,4
705,2
706,4
707,8
708,4
709,4
710,2
711,2
712,14
713,9
714,7
715,18
716,13
717,2
718,11
719,1
720,4
721,5
722,3
723,5
724,26
725,2
726,5
727,3
728,5
729,2
730,3
731,15
732,1
733,6
734,1
735,2
736,9
737,1
738,8
739,10
740,2
741,1
742,4
743,2
744,3
745,4
746,8
747,4
748,2
749,2
750,3
751,1
752,3
753,15
754,2
755,6
756,9
757,1
758,11
759,8
760,2
761,4
762,7
763,1
764,5
765,2
766,12
767,3
768,9
769,8
770,12
771,4
772,7
773,1
774,6
775,4
776,1
777,2
778,7
779,4
780,3
781,7
782,50
783,4
784,3
785,5
786,3
787,11
788,3
789,1
790,5
791,4
792,9
793,2
794,46
795,2
796,5
797,2
798,6
799,3
800,8
801,4
802,3
803,2
804,3
805,3
806,3
807,4
808,3
809,12
810,6
811,2
812,5
813,5
814,3
815,19
816,10
817,3
818,2
819,3
820,5
821,3
822,4
823,2
824,2
825,2
826,21
827,11
828,3
829,5
830,6
831,1
832,4
833,2
834,6
835,3
836,7
837,1
838,3
839,16
840,1
841,6
842,1
843,6
844,7
845,1
846,3
847,3
848,3
849,1
850,3
851,1
852,31
853,2
854,2
855,6
856,1
857,5
858,2
859,1
860,3
861,4
862,7
863,6
864,10
865,2
866,3
867,7
868,25
869,37
870,7
871,1
872,35
873,4
874,2
875,4
876,10
877,1
878,1
879,3
880,2
881,4
882,13
883,3
884,4
885,4
886,1
887,6
888,8
889,6
890,1
891,6
892,6
893,2
894,1
895,3
896,1
897,2
898,2
899,8
900,2
901,2
902,6
903,4
904,11
905,1
906,2
907,1
908,3
909,7
910,1
911,2
912,5
913,3
914,4
915,4
916,4
917,3
918,2
919,3
920,6
921,26
922,1
923,1
924,3
925,3
926,5
927,2
928,10
929,2
930,1
931,5
932,3
933,4
934,4
935,1
936,3
937,20
938,2
939,4
940,2
941,1
942,5
943,48
944,1
945,2
946,4
947,6
948,1
949,4
950,10
951,2
952,16
953,10
954,2
955,7
956,5
957,2
958,1
959,2
960,3
961,14
962,3
963,2
964,10
965,6
966,1
967,4
968,11
969,7
970,1
971,16
972,5
973,1
974,2
975,6
976,2
977,2
978,16
979,2
980,6
981,3
982,2
983,6
984,2
985,6
986,12
987,9
988,3
989,7
990,19
991,1
992,3
993,4
994,3
995,3
996,3
997,3
998,1
999,2
1000,14
1001,10
1002,4
1003,2
1004,6
1005,31
1006,2
1007,4
1008,3
1009,4
1010,4
1011,9
1012,15
1013,11
1014,4
1015,5
1016,14
1017,8
1018,2
1019,2
1020,10
1021,1
1022,1
1023,7
1024,5
1025,17
1026,1
1027,5
1028,24
1029,1
1030,2
1031,13
1032,13
1033,16
1034,2
1035,1
1036,31
1037,4
1038,2
1039,3
1040,13
1041,8
1042,6
1043,5
1044,3
1045,2
1046,5
1047,4
1048,3
1049,10
1050,3
1051,12
1052,3
1053,9
1054,4
1055,4
1056,4
1057,2
1058,2
1059,12
1060,2
1061,7
1062,3
1063,1
1064,8
1065,11
1066,2
1067,2
1068,4
1069,3
1070,7
1071,2
1072,1
1073,1
1074,2
1075,9
1076,6
1077,5
1078,2
1079,25
1080,25
1081,1
1082,5
1083,11
1084,2
1085,4
1086,4
1087,1
1088,1
1089,1
1090,1
1091,5
1092,7
1093,1
1094,5
1095,2
1096,2
1097,10
1098,25
1099,3
1100,6
1101,2
1102,17
1103,2
1104,10
1105,10
1106,10
1107,2
1108,5
1109,1
1110,1
1111,2
1112,6
1113,2
1114,1
1115,11
1116,4
1117,5
1118,46
1119,4
1120,2
1121,3
1122,3
1123,1
1124,4
1125,3
1126,8
1127,4
1128,3
1129,1
1130,1
1131,3
1132,1
1133,1
1134,5
1135,4
1136,1
1137,5
1138,8
1139,1
1140,8
1141,2
1142,1
1143,2
1144,9
1145,6
1146,3
1147,38
1148,47
1149,6
1150,4
1151,9
1152,6
1153,1
1154,2
1155,16
1156,1
1157,2
1158,3
1159,8
1160,6
1161,1
1162,2
1163,3
1164,1
1165,4
1166,4
1167,7
1168,2
1169,1
1170,2
1171,11
1172,5
1173,20
1174,4
1175,1
1176,1
1177,2
1178,4
1179,2
1180,8
1181,3
1182,1
1183,2
1184,1
1185,7
1186,2
1187,1
1188,3
1189,3
1190,3
1191,5
1192,7
1193,6
1194,11
1195,16
1196,2
1197,3
1198,9
1199,1
1200,6
1201,11
1202,1
1203,4
1204,2
1205,2
1206,2
1207,1
1208,3
1209,35
1210,1
1211,3
1212,1
1213,4
1214,1
1215,3
1216,2
1217,5
1218,4
1219,4
1220,2
1221,2
1222,2
1223,2
1224,6
1225,10
1226,17
1227,2
1228,4
1229,1
1230,9
1231,5
1232,3
1233,3
1234,2
1235,3
1236,1
1237,1
1238,5
1239,10
1240,2
1241,9
1242,3
1243,5
1244,4
1245,3
1246,5
1247,2
1248,1
1249,1
1250,3
1251,1
1252,4
1253,5
1254,1
1255,3
1256,1
1257,5
1258,3
1259,4
1260,15
1261,1
1262,1
1263,4
1264,1
1265,1
1266,4
1267,2
1268,1
1269,1
1270,8
1271,3
1272,7
1273,1
1274,3
1275,3
1276,20
1277,2
1278,4
1279,7
1280,8
1281,3
1282,16
1283,2
1284,11
1285,1
1286,1
1287,3
1288,1
1289,2
1290,5
1291,4
1292,2
1293,3
1294,13
1295,1
1296,4
1297,4
1298,2
1299,2
1300,3
1301,1
1302,1
1303,1
1304,3
1305,4
1306,22
1307,1
1308,2
1309,15
1310,4
1311,2
1312,1
1313,17
1314,4
1315,8
1316,6
1317,2
1318,2
1319,29
1320,3
1321,4
1322,2
1323,5
1324,1
1325,3
1326,4
1327,1
1328,5
1329,2
1330,1
1331,1
1332,4
1333,1
1334,6
1335,1
1336,4
1337,2
1338,5
1339,9
1340,2
1341,3
1342,1
1343,14
1344,6
1345,7
1346,2
1347,5
1348,2
1349,4
1350,3
1351,4
1352,3
1353,3
1354,2
1355,10
1356,3
1357,3
1358,3
1359,5
1360,5
1361,3
1362,4
1363,1
1364,2
1365,2
1366,9
1367,8
1368,8
1369,1
1370,1
1371,2
1372,3
1373,4
1374,7
1375,2
1376,8
1377,1
1378,4
1379,2
1380,2
1381,1
1382,4
1383,2
1384,15
1385,2
1386,5
1387,2
1388,2
1389,4
1390,2
1391,13
1392,11
1393,6
1394,2
1395,8
1396,5
1397,3
1398,3
1399,4
1400,16
1401,5
1402,2
1403,16
1404,2
1405,1
1406,13
1407,1
1408,3
1409,5
1410,27
1411,1
1412,1
1413,2
1414,2
1415,4
1416,2
1417,3
1418,1
1419,3
1420,2
1421,8
1422,1
1423,3
1424,1
1425,2
1426,1
1427,2
1428,4
1429,1
1430,2
1431,1
1432,2
1433,4
1434,1
1435,3
1436,4
1437,2
1438,7
1439,3
1440,4
1441,1
1442,5
1443,1
1444,3
1445,1
1446,22
1447,8
1448,5
1449,3
1450,7
1451,2
1452,3
1453,3
1454,6
1455,41
1456,1
1457,55
1458,2
1459,1
1460,6
1461,12
1462,2
1463,5
1464,2
1465,1
1466,1
1467,5
1468,4
1469,4
1470,2
1471,2
1472,2
1473,3
1474,4
1475,3
1476,4
1477,6
1478,5
1479,3
1480,2
1481,6
1482,1
1483,5
1484,1
1485,7
1486,1
1487,2
1488,3
1489,2
1490,7
1491,1
1492,1
1493,2
1494,1
1495,5
1496,3
1497,9
1498,1
1499,1
1500,2
1501,7
1502,6
1503,1
1504,3
1505,13
1506,1
1507,3
1508,3
1509,2
1510,6
1511,13
1512,16
1513,12
1514,1
1515,1
1516,1
1517,1
1518,2
1519,18
1520,7
1521,3
1522,3
1523,13
1524,1
1525,2
1526,3
1527,2
1528,3
1529,3
1530,2
1531,6
1532,1
1533,2
1534,1
1535,2
1536,18
1537,2
1538,4
1539,4
1540,3
1541,2
1542,1
1543,4
1544,3
1545,1
1546,7
1547,15
1548,1
1549,1
1550,4
1551,3
1552,7
1553,3
1554,8
1555,4
1556,4
1557,4
1558,1
1559,1
1560,8
1561,5
1562,4
1563,2
1564,2
1565,20
1566,1
1567,9
1568,6
1569,1
1570,3
1571,3
1572,3
1573,1
1574,1
1575,1
1576,1
1577,12
1578,7
1579,2
1580,1
1581,5
1582,2
1583,1
1584,4
1585,1
1586,4
1587,1
1588,5
1589,5
1590,1
1591,5
1592,3
1593,9
1594,7
1595,4
1596,2
1597,26
1598,3
1599,8
1600,1
1601,31
1602,1
1603,4
1604,1
1605,1
1606,1
1607,3
1608,3
1609,4
1610,3
1611,1
1612,1
1613,1
1614,7
1615,2
1616,1
1617,4
1618,58
1619,5
1620,1
1621,14
1622,6
1623,5
1624,4
1625,4
1626,3
1627,5
1628,3
1629,1
1630,1
1631,6
1632,2
1633,1
1634,1
1635,2
1636,1
1637,4
1638,1
1639,1
1640,1
1641,2
1642,11
1643,1
1644,2
1645,1
1646,1
1647,6
1648,6
1649,5
1650,3
1651,2
1652,5
1653,3
1654,1
1655,4
1656,3
1657,30
1658,2
1659,4
1660,1
1661,10
1662,13
1663,1
1664,3
1665,2
1666,2
1667,6
1668,2
1669,4
1670,2
1671,6
1672,4
1673,3
1674,6
1675,6
1676,4
1677,14
1678,4
1679,5
1680,3
1681,1
1682,9
1683,1
1684,3
1685,3
1686,7
1687,1
1688,1
1689,3
1690,2
1691,1
1692,4
1693,1
1694,6
1695,21
1696,6
1697,12
1698,1
1699,1
1700,1
1701,54
1702,9
1703,3
1704,3
1705,3
1706,3
1707,14
1708,4
1709,2
1710,1
1711,6
1712,2
1713,2
1714,1
1715,1
1716,3
1717,2
1718,3
1719,3
1720,1
1721,3
1722,1
1723,2
1724,2
1725,1
1726,2
1727,7
1728,14
1729,4
1730,1
1731,4
1732,3
1733,1
1734,2
1735,2
1736,1
1737,17
1738,1
1739,5
1740,19
1741,1
1742,1
1743,2
1744,1
1745,3
1746,11
1747,1
1748,1
1749,2
1750,17
1751,9
1752,4
1753,3
1754,22
1755,3
1756,1
1757,2
1758,8
1759,2
1760,3
1761,4
1762,2
1763,3
1764,7
1765,2
1766,7
1767,1
1768,5
1769,1
1770,1
1771,1
1772,1
1773,1
1774,4
1775,3
1776,9
1777,1
1778,12
1779,3
1780,2
1781,1
1782,2
1783,2
1784,3
1785,10
1786,2
1787,2
1788,2
1789,15
1790,1
1791,5
1792,7
1793,2
1794,2
1795,3
1796,2
1797,6
1798,2
1799,1
1800,1
1801,2
1802,1
1803,1
1804,2
1805,19
1806,2
1807,1
1808,2
1809,11
1810,2
1811,4
1812,1
1813,2
1814,1
1815,3
1816,1
1817,8
1818,1
1819,1
1820,1
1821,4
1822,1
1823,1
1824,3
1825,1
1826,8
1827,2
1828,1
1829,36
1830,2
1831,3
1832,1
1833,1
1834,2
1835,3
1836,1
1837,1
1838,3
1839,1
1840,1
1841,5
1842,4
1843,1
1844,1
1845,1
1846,2
1847,4
1848,1
1849,1
1850,1
1851,15
1852,4
1853,16
1854,1
1855,1
1856,2
1857,2
1858,25
1859,1
1860,20
1861,1
1862,2
1863,2
1864,1
1865,4
1866,1
1867,3
1868,3
1869,9
1870,4
1871,1
1872,1
1873,1
1874,3
1875,4
1876,4
1877,1
1878,1
1879,6
1880,7
1881,18
1882,12
1883,1
1884,1
1885,24
1886,1
1887,2
1888,2
1889,1
1890,1
1891,7
1892,2
1893,4
1894,1
1895,1
1896,3
1897,6
1898,2
1899,6
1900,2
1901,2
1902,2
1903,1
1904,4
1905,2
1906,3
1907,1
1908,5
1909,2
1910,6
1911,2
1912,13
1913,1
1914,2
1915,2
1916,5
1917,1
1918,1
1919,13
1920,4
1921,1
1922,2
1923,3
1924,1
1925,9
1926,2
1927,3
1928,3
1929,1
1930,21
1931,1
1932,4
1933,6
1934,1
1935,1
1936,2
1937,5
1938,1
1939,8
1940,1
1941,2
1942,3
1943,2
1944,2
1945,4
1946,2
1947,27
1948,1
1949,6
1950,2
1951,1
1952,1
1953,6
1954,4
1955,29
1956,12
1957,49
1958,3
1959,1
1960,4
1961,6
1962,1
1963,1
1964,2
1965,6
1966,1
1967,2
1968,5
1969,1
1970,1
1971,5
1972,3
1973,15
1974,1
1975,5
1976,2
1977,6
1978,1
1979,3
1980,2
1981,2
1982,24
1983,1
1984,1
1985,1
1986,2
1987,2
1988,3
1989,1
1990,1
1991,1
1992,3
1993,1
1994,1
1995,4
1996,1
1997,2
1998,1
1999,3
2000,1
2001,1
2002,8
2003,2
2004,4
2005,2
2006,3
2007,2
2008,1
2009,3
2010,1
2011,1
2012,6
2013,1
2014,1
2015,22
2016,2
2017,1
2018,1
2019,2
2020,2
2021,4
2022,1
2023,6
2024,2
2025,1
2026,2
2027,7
2028,5
2029,2
2030,1
2031,2
2032,2
2033,1
2034,7
2035,1
2036,3
2037,1
2038,3
2039,1
2040,1
2041,4
2042,2
2043,1
2044,5
2045,5
2046,3
2047,4
2048,1
2049,2
2050,12
2051,4
2052,1
2053,9
2054,1
2055,6
2056,4
2057,4
2058,2
2059,7
2060,1
2061,1
2062,2
2063,3
2064,1
2065,7
2066,7
2067,2
2068,1
2069,5
2070,11
2071,31
2072,5
2073,1
2074,5
2075,2
2076,2
2077,1
2078,2
2079,3
2080,3
2081,6
2082,1
2083,1
2084,2
2085,4
2086,6
2087,6
2088,1
2089,3
2090,2
2091,2
2092,7
2093,1
2094,2
2095,2
2096,2
2097,1
2098,2
2099,1
2100,1
2101,12
2102,1
2103,5
2104,8
2105,13
2106,8
2107,2
2108,6
2109,4
2110,4
2111,6
2112,1
2113,4
2114,2
2115,2
2116,1
2117,2
2118,1
2119,2
2120,6
2121,3
2122,2
2123,1
2124,7
2125,4
2126,5
2127,1
2128,2
2129,1
2130,3
2131,1
2132,5
2133,1
2134,1
2135,3
2136,5
2137,2
2138,1
2139,4
2140,1
2141,9
2142,1
2143,2
2144,39
2145,1
2146,5
2147,1
2148,11
2149,12
2150,3
2151,2
2152,3
2153,4
2154,1
2155,3
2156,4
2157,4
2158,1
2159,1
2160,3
2161,4
2162,2
2163,1
2164,2
2165,1
2166,4
2167,11
2168,11
2169,3
2170,1
2171,2
2172,1
2173,1
2174,1
2175,1
2176,4
2177,3
2178,1
2179,1
2180,5
2181,1
2182,2
2183,4
2184,2
2185,4
2186,8
2187,4
2188,2
2189,2
2190,18
2191,2
2192,3
2193,1
2194,2
2195,2
2196,2
2197,7
2198,4
2199,2
2200,1
2201,1
2202,1
2203,2
2204,3
2205,3
2206,1
2207,2
2208,2
2209,1
2210,6
2211,3
2212,2
2213,1
2214,9
2215,2
2216,6
2217,3
2218,10
2219,1
2220,1
2221,8
2222,2
2223,2
2224,2
2225,4
2226,44
2227,7
2228,3
2229,16
2230,1
2231,1
2232,2
2233,2
2234,3
2235,3
2236,1
2237,2
2238,1
2239,4
2240,1
2241,7
2242,4
2243,1
2244,2
2245,1
2246,2
2247,2
2248,18
2249,3
2250,2
2251,1
2252,2
2253,4
2254,12
2255,1
2256,5
2257,1
2258,24
2259,1
2260,1
2261,1
2262,1
2263,2
2264,1
2265,2
2266,3
2267,3
2268,1
2269,6
2270,1
2271,5
2272,2
2273,1
2274,2
2275,1
2276,3
2277,1
2278,3
2279,1
2280,4
2281,1
2282,1
2283,3
2284,1
2285,2
2286,1
2287,34
2288,2
2289,2
2290,2
2291,2
2292,2
2293,1
2294,1
2295,1
2296,1
2297,26
2298,3
2299,6
2300,2
2301,1
2302,6
2303,1
2304,2
2305,6
2306,2
2307,1
2308,1
2309,2
2310,1
2311,6
2312,2
2313,3
2314,2
2315,1
2316,21
2317,11
2318,3
2319,1
2320,3
2321,3
2322,3
2323,3
2324,1
2325,6
2326,2
2327,2
2328,7
2329,8
2330,2
2331,1
2332,1
2333,2
2334,17
2335,1
2336,6
2337,2
2338,3
2339,7
2340,1
2341,5
2342,10
2343,1
2344,2
2345,7
2346,1
2347,1
2348,1
2349,1
2350,2
2351,2
2352,1
2353,9
2354,3
2355,1
2356,1
2357,2
2358,1
2359,7
2360,2
2361,19
2362,1
2363,1
2364,7
2365,1
2366,2
2367,1
2368,3
2369,2
2370,2
2371,2
2372,2
2373,1
2374,7
2375,2
2376,5
2377,1
2378,1
2379,8
2380,2
2381,12
2382,1
2383,2
2384,2
2385,1
2386,5
2387,4
2388,4
2389,3
2390,5
2391,2
2392,4
2393,1
2394,1
2395,1
2396,1
2397,9
2398,1
2399,2
2400,1
2401,1
2402,1
2403,9
2404,1
2405,5
2406,3
2407,3
2408,1
2409,1
2410,7
2411,1
2412,2
2413,3
2414,1
2415,2
2416,1
2417,9
2418,5
2419,1
2420,5
2421,4
2422,2
2423,1
2424,7
2425,1
2426,4
2427,3
2428,3
2429,1
2430,1
2431,1
2432,2
2433,2
2434,1
2435,7
2436,4
2437,1
2438,4
2439,3
2440,3
2441,1
2442,2
2443,1
2444,19
2445,2
2446,4
2447,4
2448,1
2449,3
2450,13
2451,1
2452,1
2453,1
2454,3
2455,5
2456,31
2457,1
2458,1
2459,1
2460,1
2461,4
2462,3
2463,1
2464,2
2465,1
2466,12
2467,2
2468,3
2469,2
2470,2
2471,6
2472,1
2473,4
2474,3
2475,1
2476,4
2477,1
2478,6
2479,2
2480,7
2481,2
2482,1
2483,1
2484,1
2485,1
2486,1
2487,1
2488,1
2489,1
2490,3
2491,3
2492,5
2493,8
2494,2
2495,3
2496,1
2497,1
2498,3
2499,6
2500,3
2501,1
2502,1
2503,4
2504,11
2505,1
2506,1
2507,1
2508,1
2509,1
2510,1
2511,8
2512,1
2513,1
2514,1
2515,1
2516,3
2517,2
2518,18
2519,3
2520,1
2521,3
2522,2
2523,74
2524,5
2525,1
2526,2
2527,1
2528,2
2529,2
2530,4
2531,4
2532,2
2533,3
2534,2
2535,4
2536,2
2537,2
2538,1
2539,2
2540,1
2541,2
2542,12
2543,1
2544,2
2545,1
2546,3
2547,4
2548,1
2549,2
2550,2
2551,2
2552,3
2553,2
2554,2
2555,1
2556,1
2557,2
2558,2
2559,1
2560,1
2561,2
2562,1
2563,1
2564,4
2565,2
2566,2
2567,1
2568,4
2569,2
2570,3
2571,3
2572,1
2573,1
2574,1
2575,5
2576,1
2577,3
2578,4
2579,1
2580,8
2581,1
2582,2
2583,2
2584,6
2585,13
2586,1
2587,1
2588,16
2589,3
2590,6
2591,3
2592,1
2593,2
2594,1
2595,7
2596,1
2597,2
2598,1
2599,4
2600,1
2601,2
2602,2
2603,5
2604,1
2605,2
2606,1
2607,2
2608,3
2609,2
2610,2
2611,1
2612,2
2613,1
2614,1
2615,2
2616,1
2617,1
2618,1
2619,4
2620,5
2621,1
2622,3
2623,1
2624,2
2625,4
2626,1
2627,1
2628,3
2629,2
2630,1
2631,3
2632,11
2633,2
2634,1
2635,3
2636,5
2637,1
2638,3
2639,1
2640,2
2641,1
2642,4
2643,2
2644,2
2645,1
2646,5
2647,2
2648,1
2649,14
2650,4
2651,3
2652,1
2653,1
2654,4
2655,2
2656,13
2657,4
2658,2
2659,1
2660,1
2661,1
2662,4
2663,1
2664,3
2665,2
2666,14
2667,1
2668,1
2669,1
2670,1
2671,1
2672,2
2673,1
2674,3
2675,1
2676,4
2677,3
2678,1
2679,9
2680,2
2681,2
2682,2
2683,1
2684,2
2685,3
2686,2
2687,5
2688,2
2689,3
2690,1
2691,2
2692,5
2693,1
2694,6
2695,1
2696,3
2697,66
2698,1
2699,1
2700,1
2701,4
2702,2
2703,2
2704,11
2705,1
2706,1
2707,2
2708,2
2709,1
2710,3
2711,2
2712,1
2713,2
2714,2
2715,1
2716,1
2717,1
2718,4
2719,1
2720,2
2721,2
2722,3
2723,1
2724,1
2725,2
2726,3
2727,2
2728,4
2729,1
2730,1
2731,15
2732,5
2733,1
2734,1
2735,3
2736,3
2737,3
2738,1
2739,2
2740,2
2741,21
2742,5
2743,1
2744,3
2745,1
2746,26
2747,1
2748,14
2749,2
2750,1
2751,1
2752,3
2753,1
2754,4
2755,2
2756,1
2757,5
2758,7
2759,1
2760,1
2761,6
2762,9
2763,4
2764,1
2765,2
2766,2
2767,5
2768,1
2769,3
2770,2
2771,1
2772,2
2773,3
2774,1
2775,2
2776,5
2777,2
2778,3
2779,2
2780,1
2781,3
2782,6
2783,24
2784,1
2785,3
2786,2
2787,2
2788,1
2789,1
2790,1
2791,3
2792,1
2793,3
2794,1
2795,1
2796,4
2797,1
2798,2
2799,2
2800,14
2801,1
2802,1
2803,1
2804,1
2805,1
2806,7
2807,1
2808,3
2809,2
2810,4
2811,2
2812,34
2813,3
2814,1
2815,2
2816,1
2817,2
2818,1
2819,3
2820,5
2821,4
2822,1
2823,7
2824,1
2825,1
2826,16
2827,1
2828,1
2829,4
2830,2
2831,1
2832,1
2833,1
2834,2
2835,3
2836,1
2837,1
2838,2
2839,1
2840,1
2841,2
2842,1
2843,1
2844,1
2845,1
2846,2
2847,2
2848,3
2849,1
2850,17
2851,1
2852,2
2853,1
2854,1
2855,2
2856,3
2857,1
2858,1
2859,2
2860,1
2861,1
2862,1
2863,3
2864,1
2865,2
2866,1
2867,3
2868,2
2869,2
2870,4
2871,4
2872,3
2873,1
2874,6
2875,1
2876,1
2877,1
2878,1
2879,1
2880,2
2881,2
2882,2
2883,2
2884,2
2885,2
2886,2
2887,3
2888,1
2889,5
2890,3
2891,2
2892,6
2893,2
2894,2
2895,1
2896,1
2897,1
2898,3
2899,1
2900,2
2901,1
2902,2
2903,2
2904,1
2905,1
2906,1
2907,1
2908,1
2909,4
2910,1
2911,1
2912,2
2913,1
2914,2
2915,2
2916,2
2917,16
2918,1
2919,2
2920,6
2921,2
2922,1
2923,1
2924,1
2925,2
2926,3
2927,5
2928,1
2929,4
2930,2
2931,3
2932,6
2933,1
2934,8
2935,1
2936,1
2937,2
2938,4
2939,1
2940,2
2941,6
2942,1
2943,2
2944,2
2945,1
2946,1
2947,2
2948,1
2949,1
2950,29
2951,3
2952,1
2953,7
2954,1
2955,1
2956,3
2957,1
2958,1
2959,8
2960,1
2961,3
2962,1
2963,3
2964,2
2965,1
2966,2
2967,1
2968,2
2969,1
2970,1
2971,3
2972,20
2973,1
2974,1
2975,1
2976,3
2977,1
2978,1
2979,2
2980,4
2981,1
2982,1
2983,3
2984,4
2985,3
2986,1
2987,25
2988,1
2989,2
2990,3
2991,3
2992,5
2993,1
2994,2
2995,1
2996,8
2997,2
2998,3
2999,2
3000,1
3001,1
3002,2
3003,1
3004,2
3005,6
3006,1
3007,2
3008,1
3009,3
3010,3
3011,1
3012,12
3013,2
3014,1
3015,1
3016,2
3017,1
3018,1
3019,1
3020,1
3021,3
3022,1
3023,1
3024,1
3025,1
3026,1
3027,1
3028,1
3029,2
3030,2
3031,2
3032,1
3033,1
3034,2
3035,2
3036,1
3037,1
3038,2
3039,2
3040,9
3041,1
3042,1
3043,1
3044,1
3045,1
3046,1
3047,5
3048,3
3049,28
3050,8
3051,1
3052,1
3053,1
3054,1
3055,1
3056,1
3057,5
3058,1
3059,2
3060,2
3061,3
3062,1
3063,2
3064,1
3065,1
3066,6
3067,1
3068,1
3069,1
3070,1
3071,2
3072,2
3073,1
3074,1
3075,1
3076,6
3077,3
3078,1
3079,1
3080,2
3081,5
3082,3
3083,1
3084,1
3085,2
3086,2
3087,1
3088,2
3089,1
3090,2
3091,7
3092,2
3093,1
3094,7
3095,5
3096,1
3097,1
3098,1
3099,1
3100,1
3101,1
3102,4
3103,22
3104,1
3105,1
3106,3
3107,1
3108,1
3109,1
3110,2
3111,2
3112,1
3113,1
3114,1
3115,3
3116,2
3117,2
3118,1
3119,11
3120,1
3121,1
3122,5
3123,3
3124,6
3125,46
3126,3
3127,1
3128,1
3129,7
3130,1
3131,2
3132,1
3133,3
3134,2
3135,1
3136,1
3137,2
3138,1
3139,1
3140,3
3141,2
3142,1
3143,2
3144,3
3145,1
3146,3
3147,1
3148,1
3149,1
3150,3
3151,2
3152,2
3153,2
3154,2
3155,2
3156,2
3157,3
3158,4
3159,2
3160,1
3161,1
3162,1
3163,2
3164,1
3165,3
3166,1
3167,2
3168,1
3169,1
3170,1
3171,1
3172,3
3173,4
3174,1
3175,1
3176,5
3177,1
3178,2
3179,1
3180,1
3181,1
3182,1
3183,6
3184,2
3185,1
3186,70
3187,1
3188,5
3189,19
3190,1
3191,1
3192,1
3193,2
3194,5
3195,1
3196,1
3197,1
3198,1
3199,10
3200,2
3201,1
3202,1
3203,3
3204,1
3205,2
3206,26
3207,1
3208,1
3209,1
3210,1
3211,1
3212,2
3213,2
3214,2
3215,1
3216,2
3217,1
3218,1
3219,1
3220,1
3221,1
3222,3
3223,1
3224,4
3225,2
3226,2
3227,1
3228,1
3229,1
3230,1
3231,1
3232,27
3233,1
3234,2
3235,1
3236,1
3237,1
3238,1
3239,5
3240,2
3241,6
3242,22
3243,2
3244,3
3245,1
3246,1
3247,1
3248,24
3249,2
3250,4
3251,7
3252,1
3253,5
3254,1
3255,8
3256,2
3257,2
3258,1
3259,1
3260,5
3261,1
3262,2
3263,1
3264,2
3265,1
3266,5
3267,4
3268,2
3269,1
3270,4
3271,7
3272,21
3273,3
3274,6
3275,2
3276,1
3277,6
3278,1
3279,3
3280,2
3281,1
3282,2
3283,1
3284,2
3285,2
3286,2
3287,1
3288,3
3289,1
3290,1
3291,2
3292,2
3293,3
3294,1
3295,1
3296,3
3297,1
3298,1
3299,2
3300,1
3301,1
3302,1
3303,1
3304,2
3305,1
3306,2
3307,1
3308,1
3309,2
3310,4
3311,1
3312,1
3313,2
3314,1
3315,1
3316,1
3317,24
3318,2
3319,16
3320,7
3321,1
3322,1
3323,3
3324,14
3325,2
3326,1
3327,3
3328,2
3329,2
3330,1
3331,3
3332,7
3333,1
3334,1
3335,2
3336,1
3337,40
3338,2
3339,1
3340,2
3341,1
3342,5
3343,7
3344,9
3345,1
3346,1
3347,1
3348,1
3349,5
3350,2
3351,2
3352,1
3353,2
3354,1
3355,1
3356,1
3357,1
3358,2
3359,4
3360,1
3361,1
3362,5
3363,2
3364,5
3365,1
3366,1
3367,1
3368,2
3369,6
3370,1
3371,2
3372,1
3373,1
3374,3
3375,1
3376,1
3377,4
3378,2
3379,1
3380,1
3381,2
3382,1
3383,1
3384,4
3385,1
3386,2
3387,1
3388,1
3389,3
3390,3
3391,1
3392,1
3393,1
3394,2
3395,1
3396,1
3397,1
3398,3
3399,2
3400,2
3401,1
3402,2
3403,6
3404,2
3405,1
3406,1
3407,1
3408,4
3409,9
3410,3
3411,2
3412,7
3413,1
3414,1
3415,1
3416,1
3417,1
3418,9
3419,3
3420,1
3421,5
3422,1
3423,2
3424,1
3425,6
3426,5
3427,2
3428,1
3429,4
3430,4
3431,2
3432,1
3433,1
3434,1
3435,5
3436,7
3437,1
3438,2
3439,1
3440,1
3441,1
3442,3
3443,2
3444,1
3445,1
3446,2
3447,40
3448,1
3449,2
3450,1
3451,1
3452,4
3453,1
3454,1
3455,2
3456,1
3457,1
3458,1
3459,1
3460,10
3461,4
3462,4
3463,1
3464,1
3465,1
3466,10
3467,1
3468,1
3469,2
3470,12
3471,1
3472,1
3473,1
3474,5
3475,1
3476,3
3477,1
3478,1
3479,1
3480,3
3481,3
3482,5
3483,2
3484,17
3485,1
3486,1
3487,1
3488,1
3489,1
3490,5
3491,1
3492,2
3493,1
3494,1
3495,1
3496,5
3497,2
3498,3
3499,7
3500,22
3501,6
3502,1
3503,1
3504,1
3505,1
3506,1
3507,3
3508,2
3509,3
3510,4
3511,3
3512,1
3513,3
3514,1
3515,1
3516,1
3517,2
3518,13
3519,1
3520,1
3521,3
3522,4
3523,2
3524,1
3525,3
3526,1
3527,1
3528,1
3529,1
3530,1
3531,4
3532,2
3533,3
3534,2
3535,1
3536,9
3537,1
3538,1
3539,3
3540,2
3541,18
3542,1
3543,1
3544,1
3545,12
3546,2
3547,1
3548,1
3549,1
3550,1
3551,1
3552,1
3553,7
3554,1
3555,1
3556,1
3557,1
3558,4
3559,2
3560,5
3561,1
3562,48
3563,2
3564,2
3565,1
3566,1
3567,1
3568,4
3569,1
3570,1
3571,1
3572,6
3573,1
3574,1
3575,1
3576,1
3577,2
3578,1
3579,1
3580,1
3581,2
3582,3
3583,2
3584,3
3585,1
3586,5
3587,1
3588,1
3589,1
3590,1
3591,4
3592,1
3593,3
3594,2
3595,9
3596,4
3597,1
3598,1
3599,1
3600,1
3601,2
3602,1
3603,3
3604,1
3605,1
3606,3
3607,3
3608,2
3609,3
3610,1
3611,2
3612,2
3613,2
3614,14
3615,1
3616,1
3617,2
3618,5
3619,3
3620,2
3621,2
3622,2
3623,1
3624,2
3625,1
3626,1
3627,6
3628,2
3629,1
3630,1
3631,1
3632,1
3633,1
3634,1
3635,3
3636,1
3637,1
3638,1
3639,1
3640,2
3641,1
3642,1
3643,3
3644,3
3645,1
3646,1
3647,2
3648,1
3649,1
3650,3
3651,9
3652,1
3653,2
3654,1
3655,37
3656,1
3657,2
3658,2
3659,1
3660,2
3661,1
3662,1
3663,2
3664,1
3665,3
3666,4
3667,1
3668,22
3669,5
3670,8
3671,1
3672,1
3673,1
3674,1
3675,18
3676,5
3677,1
3678,2
3679,1
3680,1
3681,1
3682,3
3683,6
3684,1
3685,2
3686,1
3687,3
3688,2
3689,2
3690,3
3691,1
3692,2
3693,1
3694,1
3695,1
3696,2
3697,1
3698,1
3699,1
3700,5
3701,1
3702,1
3703,1
3704,1
3705,1
3706,2
3707,1
3708,2
3709,1
3710,1
3711,1
3712,2
3713,3
3714,1
3715,2
3716,1
3717,2
3718,1
3719,5
3720,2
3721,2
3722,7
3723,1
3724,2
3725,2
3726,1
3727,1
3728,7
3729,3
3730,3
3731,2
3732,1
3733,1
3734,7
3735,1
3736,3
3737,2
3738,7
3739,4
3740,1
3741,1
3742,4
3743,1
3744,1
3745,2
3746,1
3747,1
3748,1
3749,1
3750,1
3751,1
3752,20
3753,1
3754,5
3755,1
3756,2
3757,2
3758,1
3759,2
3760,1
3761,1
3762,2
3763,1
3764,1
3765,1
3766,1
3767,2
3768,1
3769,4
3770,2
3771,1
3772,4
3773,2
3774,1
3775,2
3776,2
3777,1
3778,1
3779,1
3780,1
3781,1
3782,1
3783,2
3784,1
3785,2
3786,1
3787,1
3788,2
3789,2
3790,1
3791,1
3792,1
3793,1
3794,5
3795,3
3796,1
3797,2
3798,6
3799,4
3800,1
3801,3
3802,1
3803,1
3804,1
3805,1
3806,1
3807,1
3808,1
3809,1
3810,1
3811,1
3812,3
3813,1
3814,1
3815,1
3816,2
3817,1
3818,1
3819,1
3820,47
3821,2
3822,1
3823,1
3824,3
3825,1
3826,4
3827,2
3828,2
3829,2
3830,1
3831,2
3832,1
3833,2
3834,6
3835,3
3836,8
3837,1
3838,1
3839,1
3840,6
3841,3
3842,1
3843,3
3844,2
3845,4
3846,7
3847,2
3848,5
3849,2
3850,1
3851,1
3852,2
3853,1
3854,1
3855,1
3856,1
3857,1
3858,1
3859,1
3860,3
3861,1
3862,5
3863,1
3864,1
3865,1
3866,1
3867,1
3868,7
3869,1
3870,2
3871,1
3872,3
3873,1
3874,4
3875,1
3876,2
3877,10
3878,7
3879,8
3880,4
3881,1
3882,1
3883,5
3884,1
3885,1
3886,1
3887,1
3888,1
3889,1
3890,5
3891,1
3892,2
3893,2
3894,1
3895,2
3896,1
3897,1
3898,1
3899,1
3900,6
3901,1
3902,3
3903,1
3904,3
3905,1
3906,2
3907,7
3908,1
3909,5
3910,2
3911,1
3912,5
3913,1
3914,1
3915,1
3916,2
3917,2
3918,1
3919,2
3920,1
3921,2
3922,1
3923,2
3924,1
3925,2
3926,3
3927,1
3928,1
3929,2
3930,7
3931,3
3932,1
3933,3
3934,2
3935,2
3936,2
3937,2
3938,1
3939,2
3940,1
3941,1
3942,1
3943,5
3944,1
3945,1
3946,3
3947,4
3948,1
3949,1
3950,2
3951,1
3952,1
3953,13
3954,2
3955,3
3956,1
3957,1
3958,3
3959,1
3960,1
3961,1
3962,1
3963,2
3964,1
3965,1
3966,1
3967,2
3968,1
3969,2
3970,1
3971,1
3972,1
3973,1
3974,6
3975,2
3976,1
3977,4
3978,1
3979,1
3980,3
3981,1
3982,1
3983,25
3984,3
3985,2
3986,3
3987,1
3988,1
3989,1
3990,3
3991,2
3992,2
3993,19
3994,10
3995,1
3996,1
3997,1
3998,1
3999,1
4000,2
4001,3
4002,2
4003,3
4004,1
4005,1
4006,1
4007,1
4008,1
4009,2
4010,1
4011,1
4012,1
4013,3
4014,1
4015,2
4016,1
4017,2
4018,1
4019,14
4020,1
4021,1
4022,1
4023,4
4024,2
4025,1
4026,1
4027,2
4028,32
4029,12
4030,3
4031,1
4032,2
4033,1
4034,1
4035,1
4036,1
4037,1
4038,1
4039,1
4040,1
4041,1
4042,1
4043,1
4044,1
4045,1
4046,4
4047,1
4048,2
4049,3
4050,2
4051,1
4052,1
4053,32
4054,1
4055,1
4056,2
4057,2
4058,1
4059,2
4060,54
4061,1
4062,1
4063,1
4064,19
4065,1
4066,2
4067,4
4068,2
4069,1
4070,1
4071,3
4072,1
4073,1
4074,1
4075,2
4076,1
4077,1
4078,1
4079,1
4080,1
4081,4
4082,1
4083,1
4084,2
4085,8
4086,27
4087,1
4088,1
4089,1
4090,3
4091,1
4092,1
4093,1
4094,2
4095,1
4096,2
4097,1
4098,2
4099,1
4100,1
4101,1
4102,1
4103,2
4104,1
4105,1
4106,4
4107,4
4108,1
4109,3
4110,4
4111,1
4112,1
4113,2
4114,1
4115,1
4116,2
4117,4
4118,1
4119,2
4120,1
4121,1
4122,1
4123,2
4124,2
4125,1
4126,7
4127,3
4128,1
4129,1
4130,2
4131,1
4132,2
4133,6
4134,2
4135,4
4136,1
4137,1
4138,7
4139,2
4140,1
4141,1
4142,1
4143,1
4144,1
4145,1
4146,4
4147,1
4148,1
4149,1
4150,1
4151,1
4152,1
4153,5
4154,9
4155,1
4156,2
4157,4
4158,1
4159,1
4160,1
4161,3
4162,3
4163,4
4164,3
4165,3
4166,14
4167,1
4168,2
4169,1
4170,1
4171,1
4172,2
4173,1
4174,6
4175,16
4176,1
4177,1
4178,5
4179,2
4180,2
4181,1
4182,1
4183,1
4184,1
4185,14
4186,1
4187,3
4188,1
4189,1
4190,2
4191,2
4192,1
4193,1
4194,1
4195,2
4196,1
4197,3
4198,3
4199,1
4200,11
4201,8
4202,1
4203,2
4204,1
4205,1
4206,1
4207,1
4208,1
4209,6
4210,9
4211,1
4212,1
4213,1
4214,1
4215,1
4216,1
4217,1
4218,1
4219,4
4220,1
4221,1
4222,1
4223,1
4224,3
4225,1
4226,1
4227,1
4228,1
4229,6
4230,1
4231,2
4232,1
4233,1
4234,4
4235,2
4236,1
4237,3
4238,1
4239,1
4240,2
4241,1
4242,1
4243,2
4244,2
4245,1
4246,1
4247,1
4248,1
4249,1
4250,1
4251,1
4252,1
4253,2
4254,1
4255,2
4256,2
4257,1
4258,1
4259,1
4260,3
4261,1
4262,1
4263,1
4264,8
4265,3
4266,3
4267,4
4268,1
4269,15
4270,1
4271,2
4272,4
4273,1
4274,1
4275,3
4276,3
4277,4
4278,1
4279,4
4280,2
4281,8
4282,1
4283,2
4284,1
4285,1
4286,1
4287,1
4288,2
4289,1
4290,2
4291,1
4292,1
4293,4
4294,4
4295,1
4296,2
4297,1
4298,1
4299,1
4300,2
4301,1
4302,1
4303,6
4304,1
4305,1
4306,1
4307,1
4308,1
4309,2
4310,58
4311,1
4312,1
4313,1
4314,8
4315,2
4316,1
4317,1
4318,2
4319,1
4320,1
4321,1
4322,1
4323,4
4324,1
4325,1
4326,1
4327,1
4328,8
4329,1
4330,1
4331,1
4332,1
4333,1
4334,1
4335,1
4336,4
4337,2
4338,3
4339,2
4340,1
4341,3
4342,2
4343,1
4344,5
4345,1
4346,3
4347,23
4348,1
4349,3
4350,1
4351,2
4352,5
4353,1
4354,6
4355,2
4356,1
4357,1
4358,1
4359,1
4360,1
4361,3
4362,1
4363,2
4364,1
4365,1
4366,1
4367,2
4368,1
4369,2
4370,1
4371,7
4372,2
4373,1
4374,1
4375,1
4376,6
4377,1
4378,10
4379,1
4380,1
4381,5
4382,1
4383,1
4384,1
4385,9
4386,2
4387,2
4388,2
4389,1
4390,1
4391,1
4392,2
4393,1
4394,2
4395,2
4396,1
4397,1
4398,3
4399,2
4400,1
4401,1
4402,1
4403,1
4404,1
4405,1
4406,2
4407,1
4408,2
4409,1
4410,1
4411,1
4412,1
4413,1
4414,1
4415,31
4416,21
4417,1
4418,1
4419,1
4420,1
4421,1
4422,2
4423,1
4424,3
4425,2
4426,1
4427,1
4428,1
4429,3
4430,1
4431,3
4432,1
4433,2
4434,1
4435,1
4436,1
4437,48
4438,1
4439,1
4440,2
4441,15
4442,1
4443,1
4444,2
4445,3
4446,2
4447,1
4448,2
4449,1
4450,4
4451,1
4452,1
4453,2
4454,5
4455,2
4456,5
4457,2
4458,2
4459,1
4460,1
4461,1
4462,2
4463,1
4464,2
4465,1
4466,3
4467,2
4468,1
4469,1
4470,1
4471,3
4472,3
4473,1
4474,3
4475,1
4476,1
4477,7
4478,1
4479,1
4480,1
4481,1
4482,1
4483,1
4484,4
4485,5
4486,1
4487,1
4488,3
4489,4
4490,1
4491,1
4492,1
4493,1
4494,1
4495,1
4496,2
4497,1
4498,1
4499,1
4500,3
4501,2
4502,1
4503,2
4504,1
4505,1
4506,14
4507,1
4508,4
4509,1
4510,3
4511,2
4512,6
4513,2
4514,2
4515,1
4516,2
4517,1
4518,1
4519,1
4520,1
4521,1
4522,1
4523,9
4524,1
4525,1
4526,1
4527,1
4528,1
4529,1
4530,1
4531,1
4532,3
4533,1
4534,3
4535,13
4536,2
4537,4
4538,1
4539,1
4540,2
4541,1
4542,6
4543,1
4544,1
4545,1
4546,1
4547,11
4548,24
4549,1
4550,1
4551,1
4552,2
4553,2
4554,5
4555,1
4556,1
4557,1
4558,2
4559,1
4560,1
4561,2
4562,1
4563,1
4564,1
4565,1
4566,2
4567,1
4568,3
4569,1
4570,1
4571,1
4572,3
4573,1
4574,2
4575,1
4576,3
4577,4
4578,2
4579,1
4580,2
4581,10
4582,1
4583,1
4584,1
4585,2
4586,1
4587,1
4588,1
4589,2
4590,1
4591,2
4592,1
4593,1
4594,3
4595,1
4596,1
4597,1
4598,2
4599,1
4600,23
4601,1
4602,1
4603,1
4604,1
4605,1
4606,1
4607,2
4608,2
4609,1
4610,1
4611,4
4612,1
4613,1
4614,1
4615,2
4616,3
4617,1
4618,2
4619,1
4620,11
4621,5
4622,3
4623,1
4624,1
4625,1
4626,2
4627,1
4628,1
4629,1
4630,1
4631,32
4632,1
4633,2
4634,2
4635,1
4636,3
4637,1
4638,1
4639,1
4640,1
4641,1
4642,1
4643,1
4644,1
4645,2
4646,30
4647,1
4648,2
4649,3
4650,1
4651,1
4652,1
4653,1
4654,2
4655,3
4656,1
4657,2
4658,1
4659,1
4660,8
4661,1
4662,1
4663,2
4664,1
4665,1
4666,6
4667,1
4668,1
4669,1
4670,1
4671,2
4672,1
4673,1
4674,1
4675,1
4676,1
4677,1
4678,1
4679,7
4680,1
4681,1
4682,2
4683,1
4684,1
4685,1
4686,1
4687,3
4688,2
4689,1
4690,1
4691,2
4692,1
4693,1
4694,1
4695,2
4696,2
4697,2
4698,1
4699,2
4700,8
4701,3
4702,6
4703,1
4704,1
4705,2
4706,4
4707,7
4708,2
4709,6
4710,2
4711,1
4712,5
4713,4
4714,2
4715,1
4716,2
4717,1
4718,5
4719,6
4720,1
4721,1
4722,2
4723,3
4724,10
4725,1
4726,1
4727,1
4728,3
4729,1
4730,1
4731,1
4732,1
4733,3
4734,3
4735,3
4736,1
4737,1
4738,1
4739,2
4740,1
4741,1
4742,4
4743,1
4744,1
4745,1
4746,2
4747,3
4748,2
4749,2
4750,1
4751,1
4752,1
4753,2
4754,1
4755,1
4756,1
4757,1
4758,1
4759,2
4760,3
4761,6
4762,1
4763,1
4764,2
4765,1
4766,1
4767,1
4768,2
4769,3
4770,1
4771,3
4772,7
4773,2
4774,1
4775,2
4776,10
4777,1
4778,1
4779,3
4780,1
4781,1
4782,1
4783,1
4784,2
4785,1
4786,1
4787,4
4788,1
4789,1
4790,1
4791,1
4792,1
4793,1
4794,2
4795,1
4796,2
4797,3
4798,1
4799,1
4800,1
4801,1
4802,1
4803,2
4804,2
4805,1
4806,1
4807,2
4808,1
4809,2
4810,1
4811,1
4812,2
4813,4
4814,1
4815,1
4816,1
4817,1
4818,2
4819,1
4820,1
4821,2
4822,1
4823,8
4824,1
4825,1
4826,3
4827,1
4828,4
4829,1
4830,1
4831,2
4832,1
4833,1
4834,1
4835,1
4836,1
4837,1
4838,1
4839,1
4840,3
4841,1
4842,5
4843,2
4844,8
4845,5
4846,1
4847,2
4848,1
4849,2
4850,1
4851,1
4852,1
4853,2
4854,1
4855,2
4856,2
4857,2
4858,3
4859,1
4860,1
4861,8
4862,1
4863,1
4864,1
4865,1
4866,1
4867,1
4868,1
4869,2
4870,2
4871,18
4872,1
4873,1
4874,6
4875,1
4876,3
4877,4
4878,1
4879,2
4880,3
4881,2
4882,1
4883,1
4884,50
4885,1
4886,1
4887,4
4888,2
4889,2
4890,1
4891,1
4892,1
4893,34
4894,1
4895,1
4896,2
4897,8
4898,1
4899,1
4900,1
4901,2
4902,1
4903,1
4904,1
4905,1
4906,1
4907,2
4908,3
4909,2
4910,1
4911,2
4912,3
4913,3
4914,1
4915,1
4916,1
4917,1
4918,1
4919,6
4920,1
4921,7
4922,1
4923,1
4924,2
4925,4
4926,1
4927,1
4928,2
4929,1
4930,3
4931,2
4932,3
4933,1
4934,1
4935,1
4936,1
4937,2
4938,1
4939,1
4940,47
4941,1
4942,1
4943,3
4944,1
4945,1
4946,1
4947,1
4948,6
4949,1
4950,15
4951,1
4952,1
4953,1
4954,1
4955,3
4956,2
4957,1
4958,1
4959,1
4960,1
4961,1
4962,2
4963,1
4964,1
4965,2
4966,1
4967,2
4968,2
4969,4
4970,1
4971,1
4972,1
4973,2
4974,1
4975,4
4976,2
4977,2
4978,3
4979,5
4980,1
4981,1
4982,4
4983,1
4984,3
4985,3
4986,1
4987,1
4988,1
4989,1
4990,1
4991,2
4992,1
4993,1
4994,1
4995,34
4996,1
4997,1
4998,9
4999,1
5000,1
5001,1
5002,8
5003,3
5004,1
5005,1
5006,1
5007,1
5008,2
5009,1
5010,3
5011,1
5012,3
5013,1
5014,1
5015,2
5016,2
5017,2
5018,1
5019,4
5020,1
5021,1
5022,1
5023,1
5024,1
5025,1
5026,1
5027,2
5028,1
5029,1
5030,1
5031,8
5032,2
5033,3
5034,1
5035,1
5036,1
5037,1
5038,2
5039,1
5040,3
5041,1
5042,1
5043,2
5044,1
5045,2
5046,2
5047,1
5048,1
5049,1
5050,1
5051,1
5052,1
5053,2
5054,1
5055,4
5056,1
5057,1
5058,1
5059,4
5060,1
5061,3
5062,49
5063,1
5064,1
5065,2
5066,1
5067,1
5068,8
5069,1
5070,2
5071,2
5072,2
5073,1
5074,1
5075,5
5076,1
5077,3
5078,3
5079,2
5080,1
5081,3
5082,2
5083,3
5084,1
5085,3
5086,2
5087,1
5088,1
5089,8
5090,1
5091,3
5092,14
5093,4
5094,3
5095,3
5096,1
5097,1
5098,1
5099,2
5100,3
5101,1
5102,1
5103,1
5104,1
5105,1
5106,1
5107,1
5108,1
5109,1
5110,2
5111,1
5112,2
5113,3
5114,3
5115,53
5116,1
5117,1
5118,6
5119,2
5120,7
5121,1
5122,2
5123,1
5124,1
5125,1
5126,1
5127,1
5128,1
5129,1
5130,2
5131,1
5132,1
5133,1
5134,6
5135,1
5136,1
5137,1
5138,2
5139,1
5140,1
5141,1
5142,6
5143,6
5144,6
5145,4
5146,1
5147,1
5148,1
5149,1
5150,1
5151,1
5152,1
5153,1
5154,3
5155,1
5156,2
5157,1
5158,2
5159,1
5160,2
5161,1
5162,1
5163,1
5164,1
5165,8
5166,1
5167,1
5168,1
5169,1
5170,1
5171,2
5172,1
5173,1
5174,1
5175,1
5176,1
5177,2
5178,2
5179,1
5180,1
5181,1
5182,1
5183,1
5184,4
5185,4
5186,1
5187,1
5188,2
5189,1
5190,1
5191,1
5192,2
5193,1
5194,1
5195,1
5196,1
5197,2
5198,1
5199,2
5200,1
5201,1
5202,1
5203,2
5204,2
5205,1
5206,1
5207,4
5208,1
5209,1
5210,1
5211,2
5212,1
5213,9
5214,1
5215,1
5216,1
5217,1
5218,2
5219,1
5220,1
5221,4
5222,1
5223,1
5224,1
5225,1
5226,12
5227,1
5228,19
5229,1
5230,1
5231,8
5232,1
5233,2
5234,16
5235,2
5236,1
5237,5
5238,1
5239,2
5240,2
5241,1
5242,1
5243,1
5244,10
5245,3
5246,2
5247,3
5248,1
5249,1
5250,1
5251,7
5252,1
5253,1
5254,1
5255,1
5256,1
5257,1
5258,1
5259,1
5260,4
5261,5
5262,1
5263,1
5264,1
5265,2
5266,1
5267,1
5268,1
5269,1
5270,1
5271,1
5272,1
5273,1
5274,1
5275,1
5276,1
5277,1
5278,1
5279,1
5280,1
5281,1
5282,1
5283,46
5284,2
5285,1
5286,4
5287,1
5288,4
5289,1
5290,1
5291,1
5292,1
5293,2
5294,1
5295,2
5296,1
5297,1
5298,1
5299,1
5300,1
5301,1
5302,1
5303,1
5304,1
5305,1
5306,2
5307,17
5308,1
5309,2
5310,2
5311,3
5312,2
5313,1
5314,1
5315,1
5316,8
5317,1
5318,2
5319,1
5320,1
5321,1
5322,1
5323,3
5324,1
5325,1
5326,3
5327,34
5328,1
5329,4
5330,1
5331,1
5332,1
5333,1
5334,9
5335,1
5336,1
5337,1
5338,1
5339,5
5340,2
5341,1
5342,2
5343,1
5344,10
5345,1
5346,1
5347,1
5348,1
5349,1
5350,6
5351,1
5352,1
5353,3
5354,1
5355,1
5356,1
5357,2
5358,2
5359,1
5360,2
5361,1
5362,1
5363,1
5364,1
5365,3
5366,1
5367,1
5368,1
5369,1
5370,1
5371,1
5372,1
5373,1
5374,1
5375,2
5376,1
5377,2
5378,1
5379,1
5380,1
5381,1
5382,1
5383,1
5384,1
5385,1
5386,3
5387,1
5388,19
5389,3
5390,1
5391,1
5392,3
5393,2
5394,1
5395,1
5396,1
5397,8
5398,1
5399,1
5400,2
5401,1
5402,1
5403,4
5404,2
5405,1
5406,9
5407,1
5408,1
5409,1
5410,3
5411,6
5412,1
5413,2
5414,1
5415,2
5416,1
5417,3
5418,1
5419,1
5420,1
5421,3
5422,1
5423,1
5424,1
5425,1
5426,1
5427,2
5428,1
5429,25
5430,1
5431,2
5432,1
5433,1
5434,2
5435,1
5436,4
5437,4
5438,1
5439,1
5440,1
5441,1
5442,3
5443,1
5444,1
5445,1
5446,1
5447,1
5448,3
5449,3
5450,1
5451,1
5452,2
5453,1
5454,2
5455,1
5456,1
5457,1
5458,1
5459,34
5460,4
5461,2
5462,1
5463,1
5464,4
5465,1
5466,1
5467,1
5468,2
5469,1
5470,1
5471,1
5472,1
5473,1
5474,24
5475,2
5476,1
5477,8
5478,22
5479,2
5480,1
5481,1
5482,2
5483,1
5484,2
5485,2
5486,1
5487,1
5488,9
5489,3
5490,1
5491,1
5492,1
5493,11
5494,2
5495,2
5496,1
5497,11
5498,1
5499,2
5500,1
5501,1
5502,1
5503,1
5504,1
5505,1
5506,1
5507,1
5508,1
5509,1
5510,5
5511,1
5512,12
5513,2
5514,1
5515,2
5516,12
5517,1
5518,1
5519,2
5520,1
5521,3
5522,1
5523,1
5524,2
5525,1
5526,2
5527,1
5528,14
5529,1
5530,1
5531,1
5532,1
5533,1
5534,1
5535,3
5536,3
5537,1
5538,1
5539,1
5540,1
5541,2
5542,1
5543,2
5544,1
5545,1
5546,1
5547,1
5548,1
5549,1
5550,1
5551,3
5552,1
5553,2
5554,1
5555,1
5556,1
5557,2
5558,1
5559,1
5560,1
5561,2
5562,1
5563,2
5564,15
5565,1
5566,4
5567,1
5568,1
5569,1
5570,1
5571,2
5572,3
5573,1
5574,1
5575,2
5576,1
5577,1
5578,4
5579,2
5580,1
5581,1
5582,3
5583,1
5584,1
5585,1
5586,1
5587,1
5588,1
5589,2
5590,2
5591,1
5592,1
5593,1
5594,2
5595,41
5596,1
5597,1
5598,1
5599,2
5600,2
5601,7
5602,2
5603,2
5604,1
5605,1
5606,1
5607,1
5608,1
5609,2
5610,1
5611,1
5612,2
5613,1
5614,1
5615,1
5616,1
5617,1
5618,1
5619,1
5620,2
5621,1
5622,1
5623,1
5624,3
5625,1
5626,1
5627,2
5628,1
5629,5
5630,2
5631,1
5632,1
5633,1
5634,1
5635,1
5636,1
5637,1
5638,3
5639,2
5640,1
5641,1
5642,1
5643,1
5644,5
5645,1
5646,1
5647,1
5648,3
5649,1
5650,1
5651,11
5652,1
5653,1
5654,1
5655,3
5656,1
5657,1
5658,1
5659,1
5660,1
5661,1
5662,19
5663,1
5664,1
5665,1
5666,1
5667,1
5668,1
5669,2
5670,4
5671,1
5672,1
5673,5
5674,4
5675,1
5676,3
5677,1
5678,1
5679,1
5680,2
5681,1
5682,1
5683,2
5684,1
5685,3
5686,1
5687,4
5688,1
5689,1
5690,1
5691,1
5692,1
5693,1
5694,1
5695,1
5696,2
5697,1
5698,1
5699,8
5700,2
5701,2
5702,2
5703,1
5704,1
5705,1
5706,1
5707,1
5708,1
5709,2
5710,2
5711,1
5712,1
5713,1
5714,1
5715,3
5716,4
5717,2
5718,1
5719,2
5720,2
5721,1
5722,1
5723,5
5724,1
5725,1
5726,1
5727,1
5728,1
5729,1
5730,3
5731,1
5732,1
5733,1
5734,1
5735,1
5736,1
5737,1
5738,1
5739,1
5740,1
5741,1
5742,1
5743,4
5744,1
5745,2
5746,1
5747,1
5748,1
5749,4
5750,1
5751,1
5752,5
5753,1
5754,1
5755,3
5756,2
5757,1
5758,1
5759,1
5760,3
5761,1
5762,2
5763,9
5764,1
5765,1
5766,1
5767,2
5768,1
5769,1
5770,1
5771,3
5772,1
5773,1
5774,2
5775,1
5776,1
5777,1
5778,2
5779,3
5780,2
5781,1
5782,2
5783,1
5784,1
5785,1
5786,1
5787,1
5788,1
5789,20
5790,2
5791,1
5792,1
5793,1
5794,8
5795,1
5796,2
5797,1
5798,1
5799,1
5800,2
5801,1
5802,1
5803,1
5804,35
5805,1
5806,1
5807,1
5808,1
5809,1
5810,1
5811,1
5812,12
5813,1
5814,1
5815,1
5816,1
5817,1
5818,1
5819,1
5820,1
5821,1
5822,1
5823,3
5824,1
5825,2
5826,1
5827,1
5828,17
5829,1
5830,1
5831,1
5832,1
5833,1
5834,2
5835,1
5836,2
5837,2
5838,1
5839,1
5840,1
5841,1
5842,3
5843,1
5844,1
5845,1
5846,1
5847,10
5848,1
5849,2
5850,2
5851,1
5852,1
5853,1
5854,4
5855,2
5856,1
5857,2
5858,1
5859,1
5860,1
5861,1
5862,1
5863,1
5864,7
5865,1
5866,1
5867,5
5868,1
5869,2
5870,1
5871,2
5872,2
5873,25
5874,1
5875,4
5876,2
5877,1
5878,1
5879,1
5880,1
5881,1
5882,3
5883,4
5884,1
5885,1
5886,27
5887,2
5888,1
5889,1
5890,1
5891,1
5892,2
5893,1
5894,1
5895,1
5896,2
5897,1
5898,1
5899,1
5900,1
5901,2
5902,1
5903,1
5904,1
5905,1
5906,2
5907,2
5908,1
5909,1
5910,1
5911,1
5912,1
5913,1
5914,26
5915,3
5916,1
5917,2
5918,2
5919,3
5920,1
5921,1
5922,1
5923,1
5924,1
5925,1
5926,2
5927,1
5928,1
5929,1
5930,2
5931,2
5932,1
5933,1
5934,4
5935,1
5936,1
5937,1
5938,1
5939,2
5940,1
5941,1
5942,1
5943,2
5944,1
5945,1
5946,1
5947,2
5948,1
5949,1
5950,1
5951,1
5952,1
5953,2
5954,2
5955,5
5956,2
5957,1
5958,1
5959,2
5960,1
5961,1
5962,1
5963,1
5964,4
5965,1
5966,1
5967,3
5968,2
5969,2
5970,1
5971,2
5972,2
5973,2
5974,1
5975,1
5976,1
5977,1
5978,1
5979,5
5980,1
5981,3
5982,2
5983,1
5984,2
5985,1
5986,1
5987,1
5988,1
5989,3
5990,1
5991,1
5992,1
5993,1
5994,31
5995,2
5996,1
5997,1
5998,12
5999,1
6000,1
6001,1
6002,1
6003,1
6004,3
6005,1
6006,30
6007,1
6008,1
6009,2
6010,1
6011,1
6012,1
6013,1
6014,2
6015,1
6016,1
6017,2
6018,1
6019,2
6020,1
6021,26
6022,1
6023,2
6024,1
6025,1
6026,1
6027,2
6028,2
6029,1
6030,4
6031,2
6032,1
6033,1
6034,4
6035,1
6036,1
6037,1
6038,1
6039,1
6040,1
6041,1
6042,1
6043,1
6044,8
6045,1
6046,1
6047,1
6048,1
6049,1
6050,2
6051,2
6052,2
6053,1
6054,3
6055,4
6056,1
6057,1
6058,1
6059,2
6060,2
6061,1
6062,1
6063,16
6064,2
6065,2
6066,1
6067,1
6068,1
6069,2
6070,2
6071,1
6072,1
6073,1
6074,1
6075,1
6076,1
6077,1
6078,1
6079,1
6080,1
6081,1
6082,2
6083,1
6084,1
6085,1
6086,2
6087,8
6088,2
6089,2
6090,33
6091,1
6092,1
6093,1
6094,1
6095,1
6096,1
6097,1
6098,1
6099,1
6100,1
6101,1
6102,1
6103,1
6104,1
6105,1
6106,2
6107,1
6108,24
6109,1
6110,1
6111,2
6112,1
6113,1
6114,2
6115,1
6116,1
6117,1
6118,2
6119,3
6120,1
6121,1
6122,1
6123,1
6124,1
6125,1
6126,25
6127,1
6128,2
6129,1
6130,1
6131,1
6132,1
6133,1
6134,1
6135,1
6136,1
6137,1
6138,1
6139,1
6140,1
6141,1
6142,3
6143,1
6144,4
6145,1
6146,4
6147,1
6148,1
6149,2
6150,1
6151,2
6152,1
6153,2
6154,1
6155,1
6156,7
6157,1
6158,1
6159,1
6160,1
6161,1
6162,1
6163,4
6164,1
6165,1
6166,13
6167,1
6168,1
6169,2
6170,1
6171,1
6172,1
6173,1
6174,1
6175,4
6176,1
6177,33
6178,1
6179,2
6180,1
6181,2
6182,2
6183,1
6184,1
6185,1
6186,1
6187,1
6188,1
6189,1
6190,1
6191,1
6192,1
6193,1
6194,1
6195,8
6196,6
6197,2
6198,2
6199,2
6200,2
6201,1
6202,1
6203,1
6204,1
6205,1
6206,29
6207,1
6208,1
6209,1
6210,1
6211,1
6212,1
6213,1
6214,1
6215,2
6216,1
6217,1
6218,12
6219,1
6220,2
6221,3
6222,3
6223,1
6224,2
6225,1
6226,5
6227,1
6228,2
6229,1
6230,1
6231,1
6232,1
6233,1
6234,1
6235,1
6236,1
6237,1
6238,2
6239,1
6240,1
6241,1
6242,1
6243,1
6244,3
6245,1
6246,2
6247,1
6248,1
6249,1
6250,1
6251,9
6252,1
6253,1
6254,1
6255,1
6256,1
6257,2
6258,1
6259,1
6260,1
6261,1
6262,1
6263,1
6264,1
6265,1
6266,1
6267,1
6268,1
6269,5
6270,1
6271,1
6272,1
6273,1
6274,1
6275,1
6276,9
6277,1
6278,1
6279,1
6280,1
6281,1
6282,2
6283,1
6284,1
6285,1
6286,1
6287,1
6288,2
6289,1
6290,2
6291,1
6292,1
6293,2
6294,1
6295,1
6296,2
6297,1
6298,1
6299,1
6300,1
6301,1
6302,1
6303,1
6304,1
6305,2
6306,1
6307,1
6308,1
6309,2
6310,1
6311,1
6312,1
6313,2
6314,1
6315,2
6316,1
6317,2
6318,1
6319,1
6320,1
6321,1
6322,8
6323,1
6324,1
6325,1
6326,2
6327,2
6328,1
6329,2
6330,2
6331,1
6332,2
6333,1
6334,1
6335,1
6336,1
6337,1
6338,1
6339,2
6340,1
6341,1
6342,1
6343,1
6344,1
6345,4
6346,1
6347,1
6348,2
6349,1
6350,1
6351,1
6352,1
6353,1
6354,1
6355,1
6356,1
6357,1
6358,1
6359,4
6360,1
6361,1
6362,1
6363,1
6364,2
6365,2
6366,1
6367,1
6368,2
6369,2
6370,2
6371,1
6372,1
6373,1
6374,3
6375,1
6376,1
6377,1
6378,2
6379,1
6380,1
6381,1
6382,1
6383,1
6384,4
6385,1
6386,2
6387,1
6388,1
6389,1
6390,1
6391,1
6392,1
6393,1
6394,2
6395,1
6396,1
6397,1
6398,1
6399,1
6400,3
6401,1
6402,1
6403,1
6404,1
6405,1
6406,1
6407,1
6408,1
6409,1
6410,5
6411,1
6412,1
6413,1
6414,1
6415,1
6416,12
6417,1
6418,1
6419,1
6420,1
6421,1
6422,1
6423,2
6424,2
6425,1
6426,2
6427,1
6428,1
6429,1
6430,1
6431,1
6432,1
6433,1
6434,2
6435,1
6436,1
6437,1
6438,2
6439,1
6440,1
6441,1
6442,1
6443,1
6444,1
6445,1
6446,1
6447,2
6448,1
6449,1
6450,1
6451,1
6452,1
6453,3
6454,1
6455,1
6456,1
6457,1
6458,2
6459,1
6460,1
6461,2
6462,1
6463,1
6464,1
6465,1
6466,2
6467,1
6468,1
6469,1
6470,21
6471,1
6472,11
6473,2
6474,2
6475,1
6476,1
6477,1
6478,1
6479,1
6480,1
6481,1
6482,1
6483,2
6484,1
6485,1
6486,1
6487,2
6488,1
6489,1
6490,2
6491,1
6492,2
6493,1
6494,31
6495,1
6496,2
6497,1
6498,2
6499,1
6500,1
6501,1
6502,1
6503,1
6504,1
6505,1
6506,1
6507,2
6508,7
6509,1
6510,1
6511,2
6512,1
6513,2
6514,1
6515,1
6516,1
6517,1
6518,1
6519,1
6520,1
6521,1
6522,1
6523,2
6524,1
6525,4
6526,1
6527,3
6528,18
6529,1
6530,1
6531,1
6532,1
6533,1
6534,1
6535,1
6536,2
6537,1
6538,7
6539,1
6540,2
6541,1
6542,1
6543,1
6544,1
6545,1
6546,1
6547,1
6548,1
6549,1
6550,1
6551,3
6552,2
6553,1
6554,1
6555,1
6556,1
6557,1
6558,1
6559,1
6560,1
6561,2
6562,1
6563,1
6564,1
6565,2
6566,20
6567,5
6568,1
6569,1
6570,1
6571,1
6572,2
6573,1
6574,3
6575,1
6576,1
6577,2
6578,1
6579,1
6580,1
6581,4
6582,1
6583,5
6584,1
6585,1
6586,1
6587,1
6588,1
6589,1
6590,1
6591,2
6592,1
6593,1
6594,3
6595,1
6596,1
6597,2
6598,1
6599,1
6600,1
6601,1
6602,1
6603,1
6604,1
6605,1
6606,1
6607,1
6608,1
6609,3
6610,1
6611,1
6612,1
6613,1
6614,1
6615,1
6616,3
6617,1
6618,1
6619,1
6620,2
6621,1
6622,1
6623,1
6624,1
6625,1
6626,1
6627,1
6628,1
6629,1
6630,2
6631,1
6632,1
6633,2
6634,1
6635,3
6636,1
6637,1
6638,1
6639,1
6640,1
6641,1
6642,2
6643,2
6644,1
6645,1
6646,2
6647,1
6648,1
6649,1
6650,1
6651,1
6652,1
6653,1
6654,1
6655,1
6656,1
6657,1
6658,1
6659,1
6660,1
6661,1
6662,1
6663,1
6664,1
6665,2
6666,1
6667,2
6668,1
6669,1
6670,1
6671,1
6672,1
6673,1
6674,1
6675,2
6676,2
6677,1
6678,7
6679,1
6680,1
6681,1
6682,1
6683,5
6684,1
6685,3
6686,4
6687,1
6688,2
6689,1
6690,1
6691,1
6692,1
6693,1
6694,1
6695,1
6696,3
6697,3
6698,1
6699,1
6700,2
6701,1
6702,1
6703,1
6704,1
6705,1
6706,1
6707,1
6708,1
6709,1
6710,1
6711,1
6712,1
6713,1
6714,2
6715,1
6716,1
6717,1
6718,6
6719,1
6720,1
6721,20
6722,1
6723,1
6724,1
6725,2
6726,2
6727,1
6728,1
6729,1
6730,1
6731,1
6732,1
6733,4
6734,1
6735,1
6736,2
6737,1
6738,4
6739,3
6740,11
6741,1
6742,1
6743,1
6744,1
6745,1
6746,1
6747,1
6748,1
6749,2
6750,2
6751,1
6752,1
6753,2
6754,1
6755,1
6756,1
6757,2
6758,1
6759,1
6760,1
6761,1
6762,3
6763,1
6764,1
6765,1
6766,1
6767,1
6768,2
6769,1
6770,1
6771,1
6772,1
6773,1
6774,1
6775,3
6776,1
6777,1
6778,1
6779,1
6780,1
6781,1
6782,1
6783,4
6784,2
6785,1
6786,1
6787,1
6788,1
6789,1
6790,1
6791,1
6792,1
6793,1
6794,1
6795,1
6796,2
6797,1
6798,1
6799,1
6800,1
6801,1
6802,1
6803,3
6804,1
6805,1
6806,1
6807,1
6808,2
6809,1
6810,1
6811,2
6812,1
6813,1
6814,1
6815,1
6816,3
6817,1
6818,1
6819,1
6820,1
6821,3
6822,1
6823,1
6824,1
6825,18
6826,1
6827,1
6828,1
6829,1
6830,3
6831,1
6832,1
6833,1
6834,1
6835,1
6836,2
6837,1
6838,1
6839,1
6840,1
6841,5
6842,1
6843,1
6844,1
6845,1
6846,1
6847,1
6848,2
6849,1
6850,1
6851,1
6852,1
6853,1
6854,1
6855,1
6856,1
6857,1
6858,1
6859,2
6860,1
6861,1
6862,1
6863,1
6864,1
6865,1
6866,3
6867,1
6868,1
6869,1
6870,3
6871,10
6872,1
6873,2
6874,1
6875,2
6876,1
6877,6
6878,1
6879,2
6880,1
6881,1
6882,1
6883,1
6884,1
6885,2
6886,1
6887,1
6888,1
6889,1
6890,1
6891,1
6892,1
6893,1
6894,2
6895,1
6896,1
6897,1
6898,1
6899,1
6900,1
6901,1
6902,1
6903,1
6904,1
6905,1
6906,1
6907,1
6908,1
6909,1
6910,2
6911,15
6912,1
6913,2
6914,1
6915,1
6916,1
6917,11
6918,4
6919,1
6920,1
6921,5
6922,4
6923,1
6924,1
6925,1
6926,1
6927,1
6928,1
6929,1
6930,2
6931,1
6932,1
6933,1
6934,6
6935,2
6936,2
6937,1
6938,1
6939,1
6940,1
6941,1
6942,4
6943,1
6944,1
6945,2
6946,1
6947,1
6948,1
6949,1
6950,2
6951,2
6952,1
6953,1
6954,1
6955,1
6956,1
6957,1
6958,2
6959,1
6960,1
6961,1
6962,1
6963,1
6964,1
6965,1
6966,1
6967,1
6968,1
6969,1
6970,1
6971,1
6972,1
6973,1
6974,1
6975,1
6976,1
6977,1
6978,6
6979,1
6980,1
6981,1
6982,2
6983,1
6984,7
6985,1
6986,1
6987,1
6988,1
6989,1
6990,1
6991,1
6992,1
6993,2
6994,2
6995,1
6996,1
6997,1
6998,1
6999,1
7000,1
7001,1
7002,1
7003,1
7004,1
7005,1
7006,1
7007,1
7008,1
7009,4
7010,3
7011,1
7012,1
7013,1
7014,1
7015,1
7016,14
7017,2
7018,1
7019,6
7020,1
7021,1
7022,1
7023,1
7024,1
7025,1
7026,1
7027,1
7028,1
7029,1
7030,1
7031,1
7032,1
7033,1
7034,1
7035,1
7036,1
7037,1
7038,2
7039,1
7040,1
7041,2
7042,1
7043,1
7044,5
7045,1
7046,1
7047,1
7048,1
7049,1
7050,1
7051,13
7052,1
7053,2
7054,1
7055,1
7056,4
7057,1
7058,1
7059,2
7060,3
7061,2
7062,1
7063,1
7064,2
7065,1
7066,1
7067,1
7068,1
7069,1
7070,1
7071,1
7072,1
7073,1
7074,1
7075,6
7076,1
7077,1
7078,1
7079,1
7080,1
7081,1
7082,13
7083,1
7084,2
7085,1
7086,1
7087,1
7088,1
7089,2
7090,2
7091,1
7092,1
7093,1
7094,1
7095,1
7096,1
7097,1
7098,1
7099,1
7100,1
7101,1
7102,3
7103,1
7104,1
7105,1
7106,2
7107,1
7108,1
7109,1
7110,8
7111,1
7112,1
7113,1
7114,1
7115,1
7116,1
7117,2
7118,4
7119,1
7120,1
7121,1
7122,2
7123,25
7124,1
7125,1
7126,1
7127,1
7128,1
7129,1
7130,1
7131,1
7132,1
7133,2
7134,4
7135,1
7136,1
7137,2
7138,1
7139,1
7140,1
7141,1
7142,1
7143,1
7144,1
7145,1
7146,1
7147,1
7148,1
7149,1
7150,1
7151,1
7152,1
7153,2
7154,3
7155,1
7156,1
7157,11
7158,2
7159,12
7160,1
7161,6
7162,2
7163,1
7164,1
7165,1
7166,1
7167,1
7168,6
7169,2
7170,1
7171,1
7172,1
7173,1
7174,6
7175,1
7176,1
7177,1
7178,1
7179,2
7180,1
7181,1
7182,1
7183,1
7184,1
7185,1
7186,1
7187,1
7188,1
7189,1
7190,1
7191,1
7192,1
7193,1
7194,1
7195,1
7196,1
7197,1
7198,1
7199,1
7200,1
7201,1
7202,5
7203,1
7204,1
7205,1
7206,2
7207,1
7208,1
7209,1
7210,1
7211,1
7212,1
7213,1
7214,1
7215,1
7216,1
7217,1
7218,5
7219,1
7220,1
7221,1
7222,1
7223,1
7224,1
7225,1
7226,1
7227,1
7228,1
7229,1
7230,1
7231,1
7232,1
7233,1
7234,1
7235,1
7236,1
7237,4
7238,1
7239,1
7240,1
7241,1
7242,2
7243,1
7244,1
7245,1
7246,1
7247,1
7248,1
7249,1
7250,1
7251,1
7252,1
7253,1
7254,2
7255,1
7256,1
7257,1
7258,1
7259,1
7260,1
7261,1
7262,1
7263,1
7264,1
7265,1
7266,4
7267,1
7268,1
7269,1
7270,1
7271,1
7272,1
7273,1
7274,1
7275,1
7276,1
7277,3
7278,2
7279,2
7280,1
7281,1
7282,1
7283,1
7284,1
7285,1
7286,1
7287,2
7288,1
7289,1
7290,1
7291,1
7292,1
7293,1
7294,1
7295,1
7296,1
7297,1
7298,1
7299,1
7300,1
7301,1
7302,1
7303,1
7304,1
7305,1
7306,1
7307,1
7308,1
7309,7
7310,1
7311,1
7312,1
7313,2
7314,1
7315,1
7316,1
7317,1
7318,2
7319,3
7320,1
7321,8
7322,1
7323,1
7324,1
7325,1
7326,1
7327,1
7328,1
7329,1
7330,1
7331,1
7332,1
7333,1
7334,1
7335,1
7336,1
7337,1
7338,1
7339,1
7340,1
7341,1
7342,1
7343,1
7344,1
7345,1
7346,1
7347,1
7348,1
7349,5
7350,1
7351,1
7352,1
7353,1
7354,1
7355,1
7356,1
7357,1
7358,1
7359,1
7360,1
7361,1
7362,1
7363,1
7364,2
7365,1
7366,1
7367,1
7368,1
7369,1
7370,1
7371,1
7372,1
7373,1
7374,1
7375,1
7376,1
7377,1
7378,1
7379,1
7380,1
7381,4
7382,1
7383,3
7384,1
7385,1
7386,1
7387,1
7388,1
7389,1
7390,1
7391,1
7392,1
7393,1
7394,1
7395,1
7396,1
7397,1
7398,1
7399,1
7400,2
7401,1
7402,1
7403,1
7404,1
7405,1
7406,1
7407,2
7408,2
7409,1
7410,1
7411,1
7412,1
7413,1
7414,1
7415,1
7416,1
7417,1
7418,1
7419,1
7420,1
7421,1
7422,1
7423,1
7424,1
7425,3
7426,1
7427,1
7428,5
7429,1
7430,1
7431,1
7432,1
7433,1
7434,1
7435,1
7436,1
7437,1
7438,1
7439,2
7440,1
7441,2
7442,1
7443,1
7444,1
7445,2
7446,1
7447,1
7448,1
7449,1
7450,1
7451,1
7452,1
7453,1
7454,1
7455,1
7456,1
7457,1
7458,1
7459,1
7460,1
7461,1
7462,2
7463,1
7464,1
7465,1
7466,1
7467,1
7468,7
7469,1
7470,1
7471,2
7472,1
7473,1
7474,1
7475,1
7476,1
7477,1
7478,7
7479,1
7480,1
7481,1
7482,1
7483,1
7484,1
7485,1
7486,1
7487,1
7488,5
7489,2
7490,1
7491,1
7492,1
7493,1
7494,1
7495,1
7496,1
7497,1
7498,1
7499,1
7500,1
7501,1
7502,1
7503,1
7504,1
7505,1
7506,3
7507,2
7508,1
7509,3
7510,1
7511,3
7512,1
7513,1
7514,1
7515,1
7516,1
7517,1
7518,1
7519,1
7520,1
7521,1
7522,1
7523,1
7524,1
7525,1
7526,1
7527,1
7528,1
7529,1
7530,1
7531,1
7532,1
7533,1
7534,1
7535,2
7536,1
7537,6
7538,1
7539,1
7540,1
7541,2
7542,1
7543,1
7544,1
7545,1
7546,1
7547,2
7548,3
7549,1
7550,1
7551,1
7552,2
7553,1
7554,1
7555,1
7556,11
7557,1
7558,1
7559,1
7560,1
7561,1
7562,1
7563,1
7564,1
7565,1
7566,1
7567,1
7568,1
7569,1
7570,1
7571,1
7572,1
7573,2
7574,1
7575,1
7576,4
7577,1
7578,1
7579,1
7580,2
7581,1
7582,1
7583,1
7584,1
7585,1
7586,1
7587,1
7588,1
7589,1
7590,1
7591,1
7592,1
7593,1
7594,2
7595,1
7596,1
7597,1
7598,1
7599,1
7600,1
7601,1
7602,1
7603,1
7604,1
7605,1
7606,1
7607,4
7608,1
7609,2
7610,1
7611,1
7612,1
7613,1
7614,1
7615,1
7616,2
7617,1
7618,1
7619,1
7620,3
7621,1
7622,1
7623,1
7624,1
7625,1
7626,1
7627,2
7628,1
7629,1
7630,6
7631,1
7632,1
7633,1
7634,1
7635,1
7636,1
7637,1
7638,1
7639,1
7640,1
7641,1
7642,1
7643,1
7644,1
7645,1
7646,1
7647,1
7648,1
7649,1
7650,1
7651,1
7652,1
7653,1
7654,1
7655,1
7656,1
7657,1
7658,1
7659,1
7660,4
7661,1
7662,1
7663,1
7664,2
7665,1
7666,1
7667,2
7668,1
7669,1
7670,1
7671,1
7672,1
7673,2
7674,1
7675,1
7676,8
7677,2
7678,1
7679,1
7680,2
7681,1
7682,3
7683,1
7684,1
7685,1
7686,1
7687,1
7688,1
7689,1
7690,1
7691,2
7692,1
7693,1
7694,1
7695,1
7696,1
7697,1
7698,1
7699,1
7700,1
7701,1
7702,1
7703,1
7704,1
7705,1
7706,1
7707,1
7708,1
7709,1
7710,1
7711,1
7712,1
7713,1
7714,1
7715,1
7716,1
7717,1
7718,4
7719,1
7720,1
7721,1
7722,1
7723,1
7724,1
7725,1
7726,1
7727,1
7728,1
7729,1
7730,1
7731,1
7732,6
7733,1
7734,1
7735,1
7736,1
7737,1
7738,1
7739,2
7740,1
7741,4
7742,2
7743,1
7744,1
7745,1
7746,1
7747,1
7748,1
7749,2
7750,1
7751,1
7752,1
7753,1
7754,1
7755,1
7756,2
7757,1
7758,1
7759,1
7760,1
7761,1
7762,1
7763,1
7764,1
7765,1
7766,1
7767,1
7768,1
7769,1
7770,1
7771,1
7772,1
7773,1
7774,1
7775,1
7776,1
7777,1
7778,1
7779,1
7780,1
7781,1
7782,1
7783,1
7784,1
7785,2
7786,1
7787,1
7788,1
7789,3
7790,7
7791,4
7792,1
7793,1
7794,1
7795,1
7796,3
7797,1
7798,1
7799,1
7800,1
7801,1
7802,1
7803,1
7804,2
7805,1
7806,1
7807,1
7808,4
7809,1
7810,5
7811,1
7812,4
7813,1
7814,1
7815,1
7816,1
7817,1
7818,1
7819,1
7820,1
7821,1
7822,1
7823,1
7824,1
7825,1
7826,1
7827,1
7828,1
7829,1
7830,1
7831,1
7832,1
7833,1
7834,4
7835,1
7836,1
7837,1
7838,2
7839,1
7840,1
7841,1
7842,1
7843,1
7844,1
7845,1
7846,1
7847,1
7848,1
7849,1
7850,1
7851,1
7852,1
7853,1
7854,1
7855,2
7856,1
7857,1
7858,1
7859,1
7860,1
7861,1
7862,1
7863,1
7864,1
7865,1
7866,1
7867,1
7868,1
7869,2
7870,2
7871,2
7872,1
7873,1
7874,1
7875,1
7876,1
7877,1
7878,1
7879,1
7880,1
7881,1
7882,1
7883,1
7884,1
7885,1
7886,1
7887,1
7888,1
7889,1
7890,1
7891,5
7892,1
7893,1
7894,1
7895,1
7896,3
7897,1
7898,1
7899,1
7900,2
7901,1
7902,1
7903,1
7904,1
7905,1
7906,1
7907,1
7908,1
7909,1
7910,1
7911,1
7912,1
7913,2
7914,1
7915,1
7916,1
7917,1
7918,1
7919,1
7920,1
7921,1
7922,1
7923,1
7924,1
7925,1
7926,1
7927,1
7928,1
7929,1
7930,1
7931,1
7932,1
7933,1
7934,1
7935,1
7936,1
7937,1
7938,1
7939,1
7940,1
7941,1
7942,1
7943,4
7944,3
7945,1
7946,1
7947,1
7948,1
7949,2
7950,1
7951,1
7952,2
7953,1
7954,1
7955,1
7956,1
7957,1
7958,1
7959,1
7960,1
7961,1
7962,1
7963,1
7964,1
7965,1
7966,1
7967,1
7968,1
7969,1
7970,1
7971,1
7972,1
7973,1
7974,1
7975,1
7976,1
7977,1
7978,1
7979,1
7980,1
7981,1
7982,1
7983,1
7984,1
7985,1
7986,2
7987,1
7988,1
7989,1
7990,1
7991,1
7992,1
7993,1
7994,1
7995,1
7996,1
7997,1
7998,1
7999,1
8000,1
8001,1
8002,1
8003,1
8004,1
8005,1
8006,1
8007,1
8008,1
8009,1
8010,1
8011,1
8012,1
8013,1
8014,1
8015,1
8016,1
8017,2
8018,1
8019,1
8020,1
8021,1
8022,1
8023,1
8024,1
8025,1
8026,1
8027,1
8028,3
8029,1
8030,1
8031,1
8032,1
8033,1
8034,1
8035,1
8036,1
8037,1
8038,1
8039,1
8040,1
8041,1
8042,1
8043,1
8044,1
8045,1
8046,1
8047,1
8048,1
8049,1
8050,1
8051,1
8052,1
8053,1
8054,1
8055,1
8056,1
8057,1
8058,1
8059,1
8060,1
8061,1
8062,1
8063,1
8064,1
8065,1
8066,1
8067,1
8068,1
8069,1
8070,1
8071,1
8072,2
8073,1
8074,1
8075,1
8076,2
8077,1
8078,1
8079,1
8080,1
8081,1
8082,1
8083,1
8084,1
8085,1
8086,1
8087,1
8088,1
8089,1
8090,1
8091,1
8092,1
8093,1
8094,1
8095,1
8096,1
8097,1
8098,1
8099,1
8100,1
8101,1
8102,1
8103,1
8104,1
8105,1
8106,1
8107,1
8108,1
8109,1
8110,1
8111,1
8112,1
8113,1
8114,1
8115,1
8116,1
8117,1
8118,1
8119,1
8120,1
8121,1
8122,1
8123,1
8124,1
8125,1
8126,1
8127,1
8128,1
8129,1
