781387,1
781386,1
781385,1
781384,1
781383,1
781382,3
781381,1
781380,2
5753406,2
781389,1
781388,1
6295551,2
781576,1
781366,2
3863357,1
3040806,2
3865086,1
5877062,1
3865324,2
777991,1
5647402,1
4741148,1
3617230,1
4570121,1
5541931,2
776436,1
775686,1
629827,1
620749,1
781277,2
781276,1
781274,2
781278,1
3863036,1
781075,0
781074,0
781077,0
781379,20
781072,0
781372,3
781373,3
781370,4
781371,7
781376,1
781078,0
781374,1
781375,1
2221972,1
169881,2
3865828,2
780919,2
3616638,1
780674,1
780859,5
780672,1
3616710,1
3616713,1
3616715,1
3863723,1
3863720,2
3865439,1
3866548,2
781207,0
780981,1
744910,4
778500,0
779193,2
778506,1
5765864,2
3865459,1
4141788,1
3865852,2
778234,11
3620855,1
3616871,4
749570,1
779635,4
3866112,3
3617377,1
3864484,2
3864485,1
3863591,2
3616970,2
3616972,1
3862626,1
3862628,1
781311,4
3866552,2
106788,16
3616757,1
3672668,2
781109,0
3866203,2
3614259,8
780594,1
781107,0
751352,5
3695908,1
3866209,1
780696,2
3617274,1
780691,2
781112,0
3617278,1
3617477,1
3867862,1
3863503,1
762350,10
3616697,1
779709,1
3616690,1
4715035,1
781400,1
1229576,2
780712,2
3866528,1
1645420,0
3864638,2
563460,1
3866841,1
1372274,0
780528,1
4684255,1
6277377,2
6283424,2
777819,6
3616755,1
3616754,1
4655283,1
3616698,1
3616699,2
3616695,1
4747413,1
4216886,1
3616692,1
3616693,1
709989,4
3863762,1
3863761,2
781325,0
781324,2
781327,1
781326,2
781321,6
4969884,2
781323,22
781322,1
781242,3
781329,3
781328,3
781244,2
779098,1
4722918,1
780624,2
781089,0
3017621,1
781255,3
145349,1
3616938,1
780148,1
732317,1
3616934,1
778886,2
3616936,1
3616931,1
3616933,2
781320,0
3617058,1
3617055,2
3617054,1
3617057,1
3617056,2
3617051,2
3617053,1
3617052,1
4693236,2
2108212,1
3617681,1
3043375,2
3864964,1
3864967,1
780244,2
780718,1
3617621,1
3863547,1
5019884,1
3088058,2
3024331,2
3616806,2
4745777,2
4580434,0
3617123,1
3617122,2
3617437,1
3617436,2
3617127,1
3617434,2
3866566,1
53494,1
781378,0
3866684,1
5749667,2
774730,6
1715037,1
4745296,2
771568,1
4676905,2
3617228,1
3617226,0
3617227,0
3865902,2
689732,10
3617223,1
4745591,2
3617548,1
5601939,1
781079,0
3044815,2
531141,1
781377,2
781289,0
781286,2
781287,1
781284,4
3617139,1
3023891,1
781369,2
781368,4
4736896,0
3865569,2
781361,1
781360,36
781363,8
5653537,1
781365,3
781364,4
781367,3
3864661,2
3864013,2
3864012,2
4246441,1
3616714,1
1816162,2
780665,1
780840,3
4758714,1
3866066,0
4751551,1
3616702,1
3616703,1
3616701,1
3866509,2
3030667,1
781362,3
780999,29
712530,8
3863056,1
781218,1
4678604,1
6133474,2
4805132,2
3866491,1
6136606,1
3865045,1
3865041,2
3863587,1
3616961,2
780201,1
3616846,1
3616937,2
780610,2
3616842,2
3313006,2
3617000,2
3617165,1
2061382,0
3867989,1
780140,2
3617369,1
4807711,1
739855,1
3617364,2
3617363,2
3617362,1
3868079,1
4867112,2
3617368,2
3023344,2
780335,1
3035626,1
3864479,1
780179,3
6141212,1
5402840,2
5104,7
3617353,1
780684,2
3616946,2
780721,1
3865197,2
3866172,1
780725,9
2195874,1
3617467,2
3865788,1
3616996,2
3617498,1
5007460,2
779710,6
10476,3
3617358,3
3616651,1
781415,1
3617359,2
779921,2
3864051,2
3865344,2
3865340,2
3617216,1
3617214,1
3617213,1
3864292,1
3617211,1
3617210,2
3865876,2
3616742,1
779406,2
3866891,1
3867595,1
3020095,2
780777,5
4704363,2
781258,2
781312,0
781313,6
781314,0
3866584,2
781316,3
781317,1
781318,3
781319,1
3867025,1
4686687,2
781256,3
3024600,1
775108,0
780876,0
780877,0
4734094,1
3617020,1
5985652,2
3863904,2
3816116,2
780797,4
867435,2
3616736,1
3864431,2
3616929,1
780159,1
3616731,1
3616924,2
3616925,1
3617048,1
3862539,1
781348,2
3617040,1
3617046,1
3617047,1
3617045,2
4747533,2
5243421,2
3825518,0
4664876,2
3862554,1
4768112,1
3865399,2
3865394,2
3865390,2
5450629,1
3616815,2
780274,2
3589129,1
3616810,2
3020642,2
3865153,1
740484,1
3617134,2
3617135,1
3617133,2
3616959,1
3616958,2
3616956,2
3866649,2
3616953,2
3617138,1
3616950,1
4688891,1
3617034,2
3617033,1
3617031,1
781234,4
3866574,1
3866576,1
6210481,1
3865301,2
2024110,1
4701577,2
2480781,1
6172427,1
780776,0
3865932,1
781687,1
3863277,1
3041555,2
4657338,1
3617253,2
3617252,1
3617251,1
3617250,1
3617255,1
3617254,1
4735262,1
3032880,2
779444,2
781354,1
781355,0
781356,3
781357,5
781350,4
781351,1
781352,3
4694836,1
781296,1
781358,5
781359,1
781292,0
634957,1
781195,1
780500,1
781058,2
4646919,1
778170,3
781061,1
3865378,2
62691,3
4680923,2
719829,3
3616994,2
781305,5
781298,0
3865573,1
775892,2
781353,3
689312,9
779381,1
781068,0
210014,1
3865412,1
781069,0
3866091,1
781221,1
571484,3
781290,0
5494648,2
392188,1
3045122,2
3616789,2
4684151,1
781299,1
3865057,2
3617583,1
738198,1
3617580,1
779151,3
3616916,2
3863933,1
760256,5
3863937,2
779657,1
778317,3
3864992,1
3617075,1
3866003,1
3860947,0
3617125,1
781191,1
3866009,1
4695759,2
3617175,1
3616971,2
780282,3
3617374,1
3617376,1
3617126,2
773845,1
781126,0
781125,0
781124,0
781123,0
781122,0
3864945,1
781120,0
781084,0
781085,0
781086,0
781082,0
776257,2
780303,3
4669772,2
3866266,2
780307,3
3865020,2
4709101,0
3865181,1
3897976,1
3616982,1
773445,1
4666226,2
3864795,1
738090,0
781398,1
3866508,2
4920,6
781014,3
781390,1
781391,1
781392,1
781018,1
781396,1
781397,1
3864043,2
727888,3
2157211,1
3865330,2
733029,8
5029343,1
3617205,2
3617206,1
3617203,2
405661,2
3859732,0
4587754,2
781264,4
781267,1
3019090,1
4724742,1
781335,2
3617148,2
3863020,1
4684725,1
3866598,2
781308,2
781307,1
781306,7
4734506,2
781304,0
781302,2
781301,1
781300,1
4145844,1
3866815,2
5066877,1
778555,1
780645,6
710378,2
780901,0
780907,0
3865421,2
3616643,1
5915378,1
3616728,1
3868020,1
3617332,2
3862647,1
3862649,1
4749246,1
3866046,1
781330,4
781108,0
3865388,2
780347,1
5970063,1
3865069,1
3865386,1
781166,6
3865384,2
691721,1
3866109,2
2090169,1
3616869,2
3866100,2
3616948,2
3616744,1
3863603,2
3616944,1
3864947,1
3616947,2
3616940,1
611026,0
3862635,1
3862736,1
4749770,1
756291,1
3617021,1
6025576,2
3866460,2
6265229,2
3866542,1
735750,1
738279,3
781119,0
6129726,2
781113,0
781110,0
781111,0
3866218,2
3866190,1
780747,2
3863366,1
5492164,2
3863361,1
3617249,1
3617240,1
3617242,2
4652294,1
3617245,1
3617247,2
777372,0
3039926,1
3043989,1
781343,4
781342,2
781341,3
781340,1
781347,3
781346,3
781345,26
781344,3
781349,4
3034440,1
3025373,1
4456278,2
693750,1
3866990,1
3866497,1
3045200,1
3866495,1
580301,1
6252311,0
5598501,1
4742104,2
3616689,1
3616688,1
3616686,1
5185640,1
3616682,1
780122,2
4643792,1
776258,2
3616760,2
5089408,1
3616762,2
3616763,1
3616764,1
3864652,1
781336,2
781337,5
781334,9
5968152,1
781332,6
781333,6
781239,1
781331,31
781237,19
4641409,1
781233,4
781338,1
781339,3
774700,1
3863501,1
3031208,1
780221,1
780953,3
3619365,2
780229,3
3026400,1
780387,1
3617593,1
3030763,2
3863921,2
653900,1
3788630,2
3617063,1
6104547,2
3866039,2
3617349,2
3617343,2
3617342,2
3617344,1
3617347,1
781155,0
3866423,1
781091,1
781097,0
781094,2
4678477,1
775759,1
2353776,1
3616949,2
493297,2
3616838,1
3617284,1
3863497,1
3862706,1
3617118,1
3617449,2
3037424,1
3617447,2
3617116,2
3617117,2
3617149,2
