780641,4
6066746,2
779823,1
3903712,1
725512,1
705742,1
3903719,1
3904061,1
3904434,1
3901872,1
3317417,1
3626103,1
780792,2
3904537,1
3904121,1
3335825,0
3904125,0
3903088,1
80836,2
3902711,1
782287,0
775539,1
5756136,1
3902228,1
5789690,1
5724889,1
781884,3
6141573,1
637493,1
780859,7
3863720,1
781207,1
3903271,1
3326462,1
781201,3
744910,6
3319320,1
4242115,1
3903278,1
3625955,1
3625954,1
3625957,1
3625956,1
3625950,1
3625953,1
746623,1
778234,9
2219380,1
3909354,0
779635,8
3903873,1
781751,1
3903871,1
3901956,1
3901951,1
730278,2
781857,3
781856,1
781855,1
781854,13
3902578,1
781851,1
3902575,1
3902574,1
3899184,1
3862628,1
3626335,1
3903888,1
781949,2
781536,3
3902447,1
781929,4
781928,9
634731,2
3330605,1
781925,2
781924,2
781923,3
781922,3
781921,5
781920,6
3904082,1
3904080,1
6148533,1
3902458,1
3902457,1
3904088,1
3626024,1
3626025,1
3626149,1
781582,3
3626020,1
3904679,1
3626022,1
3626023,1
3904675,1
3626028,1
5755098,1
762350,4
3330301,1
781699,1
749117,2
781401,1
781082,1
3310518,1
748264,1
5667178,1
3903726,1
3904794,1
3903721,1
3904150,1
3905046,1
777819,1
5982498,0
3626242,1
3904509,1
159054,5
781248,1
781645,1
781321,10
781322,3
669842,5
3626035,1
3625998,1
3625991,1
3625990,1
655614,1
3903125,1
780624,3
779672,1
781869,11
781866,1
781717,1
781713,1
780148,1
4506732,1
3904336,1
3626132,1
5700752,1
3902896,1
3902338,1
781817,3
782033,0
3902144,1
3676944,1
3902797,1
3902064,1
3906496,0
780244,5
1032607,1
3903821,1
5668301,1
781661,1
781788,1
3904630,1
781084,5
3330175,1
3904203,1
3901967,1
781771,6
781916,2
781917,2
781914,3
781915,2
781912,11
781913,3
781910,4
781911,3
5756580,1
781918,2
781919,4
774730,8
3903120,1
3902706,1
781562,1
3904697,1
780763,2
3904113,1
773445,1
781905,2
5698715,1
3626115,1
781961,0
781966,0
781964,0
3904833,1
3626119,1
778868,1
733767,4
3626197,1
637094,1
781281,3
781361,1
778088,28
781363,2
4172681,1
2996980,1
3904063,1
3904066,1
3620548,10
5733823,1
3903185,1
3320272,1
3330157,1
3903188,1
781861,1
3316636,1
3905044,1
669771,1
3626234,1
3626236,1
3625942,1
3625940,1
3625941,1
3625946,1
3625945,1
3625948,1
3625949,1
3903506,1
781746,4
781743,1
781625,3
3303919,1
781749,1
3314803,1
3903868,1
3904361,1
3904246,1
780612,2
4409998,2
5154450,1
3327582,1
781455,1
5763112,0
749369,1
781827,4
780929,2
781958,1
781959,0
781952,2
781953,1
781950,1
781951,2
781956,4
2564997,1
781954,1
781955,2
3903915,1
5769827,0
3904094,1
3282566,1
3904096,1
3904098,1
3904099,1
3903918,1
5691386,1
780684,3
5733649,1
780721,1
3626988,0
3328604,1
778828,13
3626012,1
3626015,1
477337,1
777520,1
779710,2
3330310,1
3329869,1
781118,0
781557,1
10476,3
3902921,1
780536,1
3903328,1
5455265,1
3904804,1
3904146,1
3904143,1
637992,1
3904103,1
3625973,1
3625972,1
3625971,1
781957,2
759340,1
781689,5
5157647,1
3312055,1
3626209,1
781310,1
635384,1
3625982,1
3625980,1
781252,1
723282,1
781848,10
3903034,1
3903673,1
780652,2
781708,27
781874,1
781877,2
781876,10
781872,2
780159,9
3903609,1
3904326,1
106788,18
3317261,1
2456267,1
3626122,1
780805,1
3902329,1
3313447,1
3903255,1
5767780,0
3333703,0
2705,1
3902072,1
781177,2
1965790,1
3902077,1
3904198,1
3903817,1
3903818,1
738090,3
3626198,1
3626050,1
3626194,1
3626195,1
3626196,1
4542412,1
3626059,1
3903826,1
3626193,1
3626294,1
3902556,1
633739,1
5717371,1
781904,2
781907,2
781906,5
781901,8
781900,9
781903,2
781902,1
781909,3
781908,3
3906688,0
3901784,1
3904451,1
780777,17
3904101,1
3904106,1
5767324,0
5782982,0
781686,1
3626123,1
3901775,1
3901772,1
3626124,1
781894,2
4711274,0
781993,0
772426,1
5669684,1
649824,1
5702939,1
781427,12
3330751,1
749728,6
3903171,1
5493395,1
62691,28
3904078,1
5684854,1
732554,2
3625926,1
3903197,1
3903191,1
778555,1
3902355,1
780221,1
3626227,1
3626224,1
3626221,1
3320863,1
3626229,1
3901747,1
781727,4
781227,1
3902827,1
3903294,1
3902823,1
770863,3
755483,2
3902531,1
3903511,1
3903855,1
781885,3
5761589,1
781887,1
781882,4
781883,2
781739,1
781888,1
3903858,1
781635,3
3903660,1
738198,1
779653,1
6155464,0
5667574,1
778317,16
3901930,1
3626313,1
3901936,1
3626091,1
6309823,1
3626092,1
781833,1
781832,28
3903203,1
781839,2
3334244,0
773845,1
781948,4
781941,2
781940,4
781943,2
781942,4
781945,1
781944,4
781947,9
781946,1
780303,2
4344573,1
781646,5
5665925,1
6178691,1
5685314,1
4709101,3
3902635,1
1883151,1
87414,3
3901985,1
5724526,1
3626006,1
3626005,1
3901989,1
3626000,1
3626001,1
3330716,1
772483,1
5904935,1
604244,2
5687970,1
3330365,1
781544,1
732902,1
781460,1
3904075,1
727888,11
3904038,1
3904039,1
5943012,1
733029,10
3904133,1
3904819,1
3904130,1
3904425,1
3625968,1
3625969,1
3903093,1
3627116,0
3625962,1
3625964,1
3625966,1
3625967,1
5723953,1
3903143,1
1594039,1
5556084,1
781061,1
689312,39
2259495,1
781927,3
5670229,1
781926,8
3317716,1
3902269,1
781849,5
780867,1
780645,7
3903891,1
781841,1
781843,2
781846,1
781847,1
780165,2
3626219,1
3902596,1
3626217,1
3626214,1
3903248,1
4910402,1
3903245,1
780348,7
781769,3
781768,1
3903809,1
781767,8
781761,1
3905215,0
3626040,1
3626041,1
3626046,1
3626047,1
3626044,1
3904617,1
611026,4
3626329,1
777624,1
3905199,0
751827,1
3901940,1
3901945,1
781930,2
781931,4
781932,3
781933,4
781934,1
781935,2
781936,3
781937,1
781938,2
781939,2
3903666,1
738279,4
2373706,1
5740850,1
3824046,1
710378,3
781693,17
3903628,1
3626764,1
3626037,1
4087887,1
3902047,1
3626033,1
4541717,0
3626137,1
3902049,1
3321500,1
3626039,1
3904484,1
583180,1
5749631,1
5687144,1
3904489,1
732837,1
3903596,1
3904762,1
3904760,1
3902053,1
3626026,1
3626027,1
3309289,1
580301,3
3625986,1
3625913,1
3625912,1
3626251,1
3327922,1
3309726,1
3325004,1
86103,1
3903552,1
3903284,1
3311875,1
5755970,1
781723,1
781893,3
781892,2
781891,6
781890,2
781897,2
781896,3
781895,6
781726,1
781729,3
781899,2
781898,8
781886,1
6278060,1
780387,2
3626080,1
3330101,1
3903897,1
3626089,1
4920,15
3903802,1
3902343,1
3902225,1
4139140,1
623516,2
3326870,1
3902015,1
781889,7
3903836,1
775759,1
3903834,1
3102691,1
3903936,1
1487570,1
3904620,1
1135618,0
3626177,1
5740223,1
3313672,1
3901992,1
750401,40
725630,1
3901994,1
212703,1
3626073,1
3626071,1
3334176,0
745827,1
