0,239
1,39
2,15
3,9
4,275
5,40
6,35
7,1
8,28
9,71
10,19
11,6
12,67
13,20
14,4
15,13
16,30
17,18
18,37
19,5
20,7
21,35
22,23
23,8
24,14
25,9
26,35
27,19
28,22
29,5
30,21
31,14
32,10
33,23
34,30
35,26
36,18
37,2
38,24
39,4
40,2
41,16
42,7
43,24
44,11
45,62
46,8
47,19
48,16
49,2
50,7
51,31
52,9
53,2
54,3
55,31
56,7
57,16
58,21
59,20
60,7
61,6
62,2
63,2
64,6
65,1
66,8
67,27
68,30
69,3
70,13
71,4
72,16
73,12
74,10
75,18
76,7
77,24
78,4
79,1
80,18
81,8
82,1
83,15
84,17
85,8
86,25
87,2
88,4
89,1
90,10
91,6
92,1
93,19
94,11
95,12
96,4
97,5
98,4
99,41
100,1
101,6
102,3
103,14
104,3
105,6
106,18
107,64
108,4
109,31
110,2
111,8
112,1
113,3
114,2
115,2
116,16
117,9
118,7
119,9
120,9
121,2
122,27
123,10
124,10
125,2
126,9
127,25
128,24
129,1
130,17
131,22
132,5
133,5
134,14
135,8
136,5
137,2
138,4
139,15
140,4
141,10
142,3
143,28
144,9
145,15
146,34
147,1
148,19
149,11
150,3
151,16
152,17
153,8
154,7
155,1
156,3
157,2
158,5
159,2
160,14
161,5
162,23
163,8
164,12
165,15
166,22
167,12
168,19
169,4
170,4
171,2
172,1
173,4
174,4
175,5
176,17
177,6
178,1
179,3
180,8
181,6
182,2
183,3
184,7
185,5
186,3
187,8
188,8
189,5
190,9
191,3
192,5
193,8
194,17
195,6
196,2
197,8
198,13
199,22
200,2
201,3
202,8
203,2
204,7
205,5
206,2
207,1
208,2
209,13
210,6
211,7
212,15
213,15
214,15
215,33
216,4
217,11
218,17
219,10
220,4
221,5
222,15
223,7
224,3
225,2
226,4
227,9
228,2
229,18
230,7
231,2
232,6
233,11
234,1
235,1
236,1
237,5
238,1
239,9
240,5
241,8
242,9
243,7
244,7
245,1
246,4
247,3
248,2
249,5
250,10
251,5
252,1
253,9
254,11
255,3
256,10
257,14
258,12
259,3
260,15
261,22
262,3
263,5
264,11
265,2
266,4
267,6
268,1
269,2
270,12
271,3
272,3
273,1
274,4
275,7
276,6
277,17
278,2
279,2
280,8
281,9
282,18
283,1
284,6
285,8
286,26
287,2
288,11
289,1
290,8
291,3
292,9
293,1
294,19
295,4
296,31
297,26
298,1
299,2
300,1
301,9
302,27
303,7
304,3
305,15
306,12
307,6
308,12
309,2
310,3
311,2
312,1
313,5
314,3
315,1
316,1
317,1
318,1
319,10
320,4
321,10
322,1
323,1
324,9
325,7
326,8
327,7
328,8
329,4
330,7
331,1
332,1
333,1
334,1
335,12
336,4
337,2
338,10
339,2
340,5
341,6
342,3
343,5
344,5
345,2
346,5
347,9
348,10
349,27
350,6
351,2
352,3
353,8
354,8
355,1
356,15
357,13
358,6
359,7
360,7
361,3
362,5
363,22
364,2
365,6
366,1
367,8
368,9
369,3
370,20
371,7
372,8
373,5
374,1
375,6
376,11
377,1
378,4
379,8
380,4
381,2
382,6
383,5
384,1
385,3
386,3
387,5
388,3
389,6
390,8
391,2
392,6
393,2
394,3
395,2
396,1
397,1
398,6
399,5
400,6
401,2
402,1
403,3
404,9
405,7
406,3
407,3
408,2
409,1
410,3
411,2
412,12
413,5
414,3
415,3
416,3
417,9
418,7
419,20
420,2
421,6
422,3
423,1
424,5
425,2
426,6
427,6
428,1
429,3
430,5
431,15
432,9
433,10
434,8
435,1
436,22
437,3
438,1
439,5
440,5
441,15
442,1
443,4
444,4
445,1
446,17
447,1
448,6
449,5
450,12
451,4
452,11
453,1
454,2
455,3
456,2
457,2
458,4
459,4
460,1
461,2
462,2
463,2
464,3
465,10
466,1
467,4
468,8
469,3
470,1
471,1
472,6
473,3
474,18
475,4
476,3
477,27
478,3
479,1
480,4
481,2
482,3
483,3
484,4
485,2
486,3
487,8
488,3
489,1
490,1
491,16
492,15
493,2
494,3
495,3
496,4
497,1
498,9
499,13
500,4
501,12
502,6
503,3
504,2
505,13
506,2
507,4
508,5
509,7
510,1
511,2
512,1
513,2
514,16
515,1
516,5
517,9
518,4
519,1
520,2
521,1
522,1
523,5
524,9
525,3
526,8
527,4
528,2
529,1
530,1
531,1
532,3
533,4
534,3
535,3
536,5
537,3
538,8
539,8
540,7
541,1
542,4
543,1
544,1
545,2
546,8
547,15
548,1
549,1
550,1
551,6
552,8
553,8
554,8
555,5
556,5
557,2
558,5
559,1
560,1
561,8
562,3
563,17
564,11
565,1
566,6
567,6
568,4
569,3
570,2
571,2
572,14
573,14
574,2
575,9
576,5
577,2
578,1
579,5
580,8
581,4
582,1
583,1
584,3
585,6
586,2
587,3
588,4
589,2
590,3
591,5
592,1
593,2
594,1
595,11
596,2
597,17
598,2
599,1
600,14
601,2
602,1
603,7
604,1
605,1
606,2
607,13
608,1
609,1
610,7
611,1
612,4
613,4
614,11
615,1
616,4
617,3
618,3
619,1
620,9
621,1
622,3
623,5
624,3
625,2
626,3
627,9
628,1
629,12
630,2
631,1
632,10
633,2
634,1
635,6
636,4
637,6
638,5
639,1
640,6
641,1
642,2
643,5
644,2
645,8
646,1
647,7
648,2
649,15
650,5
651,3
652,1
653,4
654,7
655,3
656,5
657,1
658,7
659,1
660,1
661,2
662,6
663,1
664,1
665,12
666,2
667,7
668,7
669,2
670,4
671,2
672,1
673,1
674,3
675,7
676,4
677,8
678,1
679,9
680,1
681,2
682,11
683,3
684,8
685,9
686,1
687,4
688,1
689,17
690,1
691,1
692,3
693,5
694,11
695,2
696,3
697,1
698,3
699,12
700,1
701,2
702,4
703,1
704,3
705,3
706,1
707,2
708,2
709,9
710,4
711,2
712,2
713,1
714,1
715,1
716,2
717,5
718,1
719,1
720,3
721,7
722,3
723,3
724,1
725,2
726,5
727,4
728,8
729,1
730,19
731,1
732,9
733,2
734,6
735,5
736,8
737,1
738,1
739,4
740,3
741,4
742,2
743,2
744,3
745,1
746,5
747,8
748,14
749,9
750,11
751,1
752,6
753,4
754,3
755,4
756,2
757,1
758,6
759,3
760,4
761,1
762,4
763,1
764,8
765,2
766,3
767,8
768,4
769,5
770,1
771,3
772,4
773,3
774,6
775,2
776,4
777,5
778,2
779,1
780,4
781,7
782,3
783,2
784,3
785,2
786,3
787,4
788,2
789,1
790,9
791,2
792,5
793,2
794,2
795,4
796,4
797,2
798,14
799,8
800,4
801,4
802,7
803,5
804,4
805,3
806,5
807,4
808,2
809,3
810,1
811,1
812,3
813,1
814,4
815,2
816,3
817,5
818,1
819,2
820,1
821,1
822,2
823,3
824,1
825,3
826,1
827,3
828,2
829,3
830,3
831,4
832,4
833,2
834,3
835,6
836,3
837,4
838,4
839,6
840,2
841,2
842,1
843,7
844,2
845,3
846,1
847,2
848,5
849,3
850,21
851,1
852,1
853,3
854,1
855,1
856,5
857,1
858,4
859,2
860,6
861,4
862,2
863,5
864,8
865,1
866,2
867,3
868,1
869,1
870,1
871,14
872,1
873,2
874,3
875,10
876,13
877,4
878,1
879,1
880,3
881,3
882,3
883,1
884,4
885,8
886,3
887,4
888,2
889,1
890,6
891,12
892,7
893,1
894,6
895,3
896,1
897,4
898,9
899,4
900,3
901,1
902,2
903,8
904,1
905,2
906,1
907,1
908,1
909,2
910,3
911,3
912,1
913,2
914,10
915,3
916,2
917,1
918,3
919,1
920,4
921,1
922,3
923,17
924,3
925,2
926,3
927,2
928,1
929,3
930,6
931,1
932,6
933,2
934,4
935,2
936,1
937,1
938,1
939,1
940,3
941,2
942,6
943,4
944,2
945,7
946,5
947,1
948,4
949,2
950,3
951,9
952,6
953,5
954,3
955,2
956,2
957,1
958,1
959,3
960,10
961,14
962,1
963,2
964,1
965,6
966,3
967,2
968,2
969,2
970,6
971,6
972,1
973,2
974,3
975,2
976,4
977,8
978,3
979,1
980,5
981,2
982,3
983,4
984,4
985,7
986,1
987,4
988,3
989,1
990,1
991,1
992,2
993,5
994,8
995,5
996,14
997,9
998,6
999,1
1000,5
1001,3
1002,1
1003,1
1004,1
1005,5
1006,1
1007,5
1008,2
1009,5
1010,3
1011,3
1012,1
1013,3
1014,4
1015,6
1016,3
1017,3
1018,3
1019,2
1020,1
1021,7
1022,3
1023,1
1024,2
1025,1
1026,2
1027,15
1028,5
1029,7
1030,1
1031,3
1032,2
1033,6
1034,3
1035,3
1036,1
1037,1
1038,5
1039,1
1040,1
1041,5
1042,2
1043,4
1044,3
1045,1
1046,3
1047,4
1048,1
1049,2
1050,14
1051,4
1052,1
1053,2
1054,8
1055,5
1056,5
1057,2
1058,2
1059,2
1060,1
1061,1
1062,4
1063,5
1064,1
1065,3
1066,2
1067,7
1068,1
1069,5
1070,8
1071,1
1072,7
1073,2
1074,1
1075,7
1076,2
1077,9
1078,4
1079,3
1080,11
1081,6
1082,1
1083,5
1084,13
1085,2
1086,4
1087,2
1088,3
1089,4
1090,2
1091,1
1092,1
1093,1
1094,1
1095,3
1096,3
1097,5
1098,6
1099,1
1100,1
1101,2
1102,2
1103,1
1104,1
1105,8
1106,1
1107,2
1108,2
1109,8
1110,1
1111,1
1112,6
1113,3
1114,17
1115,1
1116,5
1117,10
1118,4
1119,1
1120,4
1121,1
1122,3
1123,2
1124,2
1125,1
1126,1
1127,3
1128,3
1129,1
1130,1
1131,3
1132,2
1133,2
1134,6
1135,1
1136,4
1137,7
1138,1
1139,3
1140,10
1141,2
1142,2
1143,15
1144,2
1145,1
1146,3
1147,1
1148,1
1149,1
1150,5
1151,1
1152,4
1153,3
1154,8
1155,1
1156,3
1157,1
1158,1
1159,1
1160,1
1161,2
1162,2
1163,3
1164,6
1165,1
1166,7
1167,1
1168,1
1169,2
1170,2
1171,4
1172,2
1173,8
1174,2
1175,1
1176,1
1177,8
1178,4
1179,1
1180,7
1181,3
1182,3
1183,11
1184,2
1185,1
1186,2
1187,1
1188,1
1189,4
1190,6
1191,1
1192,1
1193,2
1194,3
1195,1
1196,2
1197,1
1198,5
1199,3
1200,1
1201,3
1202,6
1203,8
1204,2
1205,1
1206,1
1207,1
1208,3
1209,5
1210,1
1211,10
1212,2
1213,3
1214,3
1215,6
1216,3
1217,2
1218,4
1219,1
1220,3
1221,1
1222,4
1223,5
1224,1
1225,4
1226,1
1227,2
1228,1
1229,2
1230,1
1231,1
1232,6
1233,4
1234,1
1235,1
1236,9
1237,3
1238,2
1239,7
1240,5
1241,1
1242,1
1243,5
1244,3
1245,4
1246,2
1247,2
1248,5
1249,4
1250,2
1251,4
1252,1
1253,1
1254,4
1255,6
1256,7
1257,3
1258,1
1259,1
1260,3
1261,1
1262,1
1263,11
1264,1
1265,6
1266,4
1267,2
1268,5
1269,1
1270,2
1271,1
1272,6
1273,2
1274,5
1275,9
1276,4
1277,7
1278,3
1279,1
1280,1
1281,1
1282,7
1283,4
1284,2
1285,1
1286,3
1287,1
1288,3
1289,6
1290,11
1291,1
1292,7
1293,5
1294,2
1295,1
1296,1
1297,10
1298,5
1299,3
1300,6
1301,1
1302,6
1303,2
1304,1
1305,3
1306,2
1307,7
1308,9
1309,1
1310,4
1311,5
1312,11
1313,1
1314,2
1315,1
1316,1
1317,2
1318,3
1319,2
1320,1
1321,5
1322,1
1323,4
1324,2
1325,2
1326,3
1327,6
1328,1
1329,1
1330,3
1331,1
1332,1
1333,2
1334,1
1335,2
1336,1
1337,1
1338,2
1339,2
1340,2
1341,1
1342,1
1343,1
1344,1
1345,3
1346,1
1347,4
1348,13
1349,15
1350,2
1351,4
1352,2
1353,4
1354,8
1355,2
1356,1
1357,2
1358,2
1359,2
1360,1
1361,7
1362,3
1363,1
1364,4
1365,2
1366,3
1367,3
1368,1
1369,11
1370,1
1371,1
1372,1
1373,2
1374,3
1375,3
1376,4
1377,4
1378,5
1379,2
1380,1
1381,5
1382,3
1383,4
1384,2
1385,1
1386,3
1387,1
1388,1
1389,11
1390,1
1391,14
1392,2
1393,5
1394,2
1395,1
1396,5
1397,2
1398,1
1399,5
1400,3
1401,1
1402,1
1403,1
1404,1
1405,3
1406,1
1407,2
1408,4
1409,1
1410,5
1411,14
1412,3
1413,2
1414,2
1415,2
1416,1
1417,3
1418,1
1419,1
1420,1
1421,2
1422,1
1423,5
1424,2
1425,2
1426,1
1427,2
1428,2
1429,1
1430,1
1431,1
1432,7
1433,2
1434,1
1435,1
1436,5
1437,3
1438,3
1439,4
1440,5
1441,8
1442,1
1443,1
1444,5
1445,2
1446,8
1447,4
1448,1
1449,6
1450,3
1451,4
1452,3
1453,1
1454,5
1455,1
1456,13
1457,1
1458,2
1459,1
1460,1
1461,1
1462,2
1463,3
1464,2
1465,1
1466,1
1467,2
1468,6
1469,1
1470,1
1471,2
1472,4
1473,1
1474,3
1475,1
1476,1
1477,2
1478,4
1479,2
1480,4
1481,3
1482,1
1483,2
1484,2
1485,1
1486,8
1487,2
1488,3
1489,1
1490,2
1491,2
1492,1
1493,2
1494,1
1495,1
1496,3
1497,2
1498,2
1499,5
1500,1
1501,1
1502,3
1503,6
1504,1
1505,1
1506,1
1507,5
1508,1
1509,7
1510,6
1511,1
1512,2
1513,9
1514,2
1515,5
1516,3
1517,1
1518,6
1519,2
1520,1
1521,2
1522,3
1523,1
1524,1
1525,3
1526,3
1527,9
1528,2
1529,1
1530,2
1531,3
1532,1
1533,5
1534,4
1535,4
1536,3
1537,4
1538,1
1539,2
1540,4
1541,1
1542,1
1543,3
1544,3
1545,3
1546,5
1547,1
1548,3
1549,2
1550,2
1551,1
1552,1
1553,2
1554,1
1555,1
1556,1
1557,1
1558,1
1559,1
1560,4
1561,4
1562,1
1563,1
1564,8
1565,2
1566,5
1567,2
1568,2
1569,1
1570,1
1571,3
1572,3
1573,1
1574,1
1575,7
1576,2
1577,3
1578,2
1579,1
1580,3
1581,1
1582,4
1583,2
1584,2
1585,2
1586,2
1587,3
1588,2
1589,6
1590,2
1591,3
1592,1
1593,4
1594,1
1595,1
1596,1
1597,3
1598,2
1599,1
1600,3
1601,4
1602,1
1603,1
1604,2
1605,1
1606,1
1607,1
1608,2
1609,1
1610,2
1611,2
1612,3
1613,1
1614,4
1615,3
1616,2
1617,1
1618,3
1619,1
1620,1
1621,1
1622,2
1623,2
1624,1
1625,3
1626,1
1627,2
1628,2
1629,2
1630,1
1631,2
1632,2
1633,4
1634,1
1635,2
1636,1
1637,1
1638,3
1639,2
1640,1
1641,6
1642,7
1643,1
1644,2
1645,1
1646,1
1647,8
1648,2
1649,3
1650,1
1651,4
1652,3
1653,1
1654,1
1655,1
1656,2
1657,8
1658,1
1659,3
1660,7
1661,3
1662,2
1663,3
1664,3
1665,1
1666,1
1667,6
1668,3
1669,1
1670,5
1671,1
1672,4
1673,1
1674,1
1675,1
1676,2
1677,3
1678,4
1679,2
1680,1
1681,2
1682,1
1683,3
1684,1
1685,1
1686,2
1687,5
1688,3
1689,4
1690,1
1691,1
1692,1
1693,1
1694,1
1695,1
1696,1
1697,1
1698,1
1699,4
1700,3
1701,3
1702,3
1703,1
1704,2
1705,1
1706,1
1707,1
1708,4
1709,1
1710,5
1711,5
1712,4
1713,4
1714,4
1715,3
1716,1
1717,3
1718,2
1719,5
1720,3
1721,1
1722,4
1723,1
1724,1
1725,1
1726,4
1727,5
1728,3
1729,3
1730,2
1731,2
1732,3
1733,3
1734,1
1735,2
1736,7
1737,1
1738,3
1739,1
1740,2
1741,9
1742,2
1743,3
1744,2
1745,1
1746,1
1747,2
1748,4
1749,1
1750,4
1751,1
1752,3
1753,1
1754,1
1755,1
1756,2
1757,2
1758,2
1759,6
1760,1
1761,1
1762,1
1763,2
1764,5
1765,4
1766,1
1767,1
1768,5
1769,3
1770,2
1771,3
1772,7
1773,2
1774,1
1775,1
1776,2
1777,1
1778,1
1779,4
1780,1
1781,1
1782,3
1783,3
1784,2
1785,2
1786,8
1787,2
1788,1
1789,1
1790,1
1791,2
1792,2
1793,1
1794,1
1795,5
1796,1
1797,3
1798,4
1799,3
1800,1
1801,1
1802,2
1803,7
1804,5
1805,1
1806,3
1807,1
1808,1
1809,2
1810,4
1811,4
1812,6
1813,2
1814,3
1815,1
1816,1
1817,2
1818,4
1819,3
1820,1
1821,1
1822,3
1823,1
1824,1
1825,2
1826,3
1827,7
1828,2
1829,1
1830,1
1831,1
1832,2
1833,2
1834,1
1835,3
1836,2
1837,5
1838,1
1839,2
1840,2
1841,2
1842,2
1843,1
1844,1
1845,1
1846,4
1847,2
1848,4
1849,5
1850,1
1851,2
1852,3
1853,3
1854,1
1855,1
1856,1
1857,2
1858,5
1859,1
1860,1
1861,3
1862,2
1863,4
1864,4
1865,1
1866,2
1867,1
1868,1
1869,1
1870,1
1871,2
1872,3
1873,1
1874,2
1875,1
1876,2
1877,2
1878,1
1879,5
1880,4
1881,2
1882,1
1883,2
1884,1
1885,2
1886,2
1887,3
1888,1
1889,7
1890,3
1891,1
1892,1
1893,4
1894,1
1895,1
1896,3
1897,1
1898,1
1899,1
1900,1
1901,1
1902,6
1903,1
1904,6
1905,3
1906,1
1907,1
1908,1
1909,1
1910,1
1911,5
1912,8
1913,2
1914,5
1915,3
1916,1
1917,3
1918,1
1919,1
1920,1
1921,2
1922,3
1923,2
1924,3
1925,3
1926,1
1927,1
1928,2
1929,2
1930,1
1931,1
1932,2
1933,3
1934,1
1935,6
1936,3
1937,3
1938,1
1939,4
1940,4
1941,2
1942,1
1943,1
1944,5
1945,1
1946,2
1947,3
1948,2
1949,2
1950,1
1951,3
1952,1
1953,1
1954,1
1955,3
1956,3
1957,2
1958,7
1959,4
1960,5
1961,1
1962,10
1963,2
1964,1
1965,1
1966,7
1967,4
1968,1
1969,1
1970,8
1971,3
1972,2
1973,4
1974,1
1975,4
1976,4
1977,5
1978,11
1979,1
1980,6
1981,2
1982,1
1983,1
1984,1
1985,3
1986,3
1987,1
1988,2
1989,1
1990,4
1991,2
1992,2
1993,1
1994,1
1995,1
1996,1
1997,4
1998,3
1999,1
2000,6
2001,1
2002,1
2003,4
2004,1
2005,1
2006,1
2007,3
2008,1
2009,2
2010,1
2011,4
2012,4
2013,1
2014,1
2015,5
2016,6
2017,1
2018,3
2019,4
2020,8
2021,1
2022,5
2023,1
2024,1
2025,1
2026,5
2027,1
2028,3
2029,6
2030,2
2031,3
2032,5
2033,1
2034,10
2035,7
2036,1
2037,1
2038,3
2039,1
2040,2
2041,1
2042,1
2043,3
2044,4
2045,2
2046,1
2047,5
2048,1
2049,2
2050,1
2051,1
2052,1
2053,1
2054,3
2055,1
2056,6
2057,3
2058,1
2059,2
2060,5
2061,2
2062,1
2063,3
2064,6
2065,2
2066,1
2067,2
2068,2
2069,3
2070,5
2071,4
2072,2
2073,6
2074,7
2075,1
2076,3
2077,1
2078,3
2079,2
2080,3
2081,1
2082,1
2083,2
2084,6
2085,1
2086,4
2087,1
2088,1
2089,1
2090,2
2091,4
2092,6
2093,1
2094,6
2095,1
2096,2
2097,2
2098,4
2099,2
2100,1
2101,1
2102,4
2103,1
2104,1
2105,5
2106,3
2107,1
2108,1
2109,4
2110,1
2111,4
2112,1
2113,2
2114,2
2115,1
2116,1
2117,1
2118,2
2119,1
2120,1
2121,7
2122,12
2123,2
2124,1
2125,2
2126,1
2127,1
2128,2
2129,2
2130,2
2131,1
2132,3
2133,4
2134,3
2135,2
2136,3
2137,1
2138,2
2139,1
2140,3
2141,3
2142,1
2143,7
2144,6
2145,1
2146,1
2147,2
2148,1
2149,4
2150,1
2151,1
2152,1
2153,6
2154,5
2155,1
2156,3
2157,1
2158,1
2159,5
2160,3
2161,2
2162,2
2163,1
2164,1
2165,7
2166,1
2167,1
2168,4
2169,2
2170,2
2171,1
2172,2
2173,2
2174,6
2175,1
2176,2
2177,2
2178,1
2179,1
2180,2
2181,1
2182,1
2183,9
2184,1
2185,4
2186,2
2187,2
2188,2
2189,3
2190,2
2191,1
2192,1
2193,2
2194,1
2195,2
2196,2
2197,7
2198,1
2199,2
2200,2
2201,1
2202,2
2203,9
2204,3
2205,1
2206,3
2207,4
2208,1
2209,2
2210,2
2211,1
2212,2
2213,1
2214,1
2215,1
2216,3
2217,1
2218,1
2219,1
2220,1
2221,1
2222,1
2223,1
2224,1
2225,1
2226,7
2227,3
2228,3
2229,4
2230,2
2231,1
2232,2
2233,1
2234,1
2235,1
2236,3
2237,1
2238,2
2239,3
2240,2
2241,2
2242,1
2243,3
2244,1
2245,9
2246,1
2247,4
2248,3
2249,1
2250,2
2251,4
2252,4
2253,1
2254,2
2255,2
2256,2
2257,3
2258,2
2259,1
2260,1
2261,2
2262,4
2263,3
2264,1
2265,5
2266,1
2267,5
2268,4
2269,1
2270,1
2271,1
2272,2
2273,5
2274,1
2275,1
2276,1
2277,1
2278,1
2279,1
2280,2
2281,1
2282,2
2283,1
2284,3
2285,1
2286,1
2287,9
2288,1
2289,1
2290,2
2291,4
2292,2
2293,2
2294,1
2295,7
2296,4
2297,1
2298,4
2299,3
2300,1
2301,1
2302,1
2303,1
2304,7
2305,1
2306,1
2307,5
2308,3
2309,1
2310,2
2311,1
2312,6
2313,1
2314,2
2315,3
2316,2
2317,2
2318,2
2319,4
2320,1
2321,1
2322,1
2323,2
2324,6
2325,1
2326,1
2327,9
2328,2
2329,3
2330,1
2331,1
2332,1
2333,4
2334,1
2335,4
2336,2
2337,1
2338,2
2339,2
2340,1
2341,1
2342,1
2343,1
2344,2
2345,1
2346,1
2347,2
2348,3
2349,5
2350,1
2351,1
2352,4
2353,2
2354,1
2355,1
2356,1
2357,1
2358,1
2359,1
2360,1
2361,9
2362,1
2363,2
2364,1
2365,8
2366,2
2367,1
2368,2
2369,3
2370,1
2371,2
2372,3
2373,5
2374,1
2375,2
2376,2
2377,1
2378,2
2379,1
2380,3
2381,1
2382,2
2383,3
2384,1
2385,5
2386,1
2387,1
2388,2
2389,1
2390,2
2391,2
2392,2
2393,1
2394,3
2395,1
2396,1
2397,1
2398,1
2399,2
2400,2
2401,1
2402,1
2403,2
2404,1
2405,7
2406,1
2407,1
2408,1
2409,5
2410,1
2411,1
2412,4
2413,1
2414,2
2415,4
2416,9
2417,1
2418,2
2419,1
2420,2
2421,3
2422,3
2423,2
2424,1
2425,1
2426,3
2427,5
2428,1
2429,1
2430,1
2431,1
2432,1
2433,4
2434,5
2435,3
2436,1
2437,4
2438,1
2439,1
2440,2
2441,2
2442,1
2443,1
2444,5
2445,1
2446,1
2447,2
2448,1
2449,3
2450,2
2451,4
2452,1
2453,4
2454,1
2455,1
2456,7
2457,2
2458,1
2459,2
2460,5
2461,2
2462,2
2463,1
2464,2
2465,5
2466,1
2467,2
2468,4
2469,1
2470,1
2471,11
2472,3
2473,1
2474,3
2475,2
2476,1
2477,3
2478,4
2479,2
2480,8
2481,5
2482,3
2483,2
2484,1
2485,1
2486,3
2487,4
2488,2
2489,1
2490,1
2491,4
2492,1
2493,3
2494,4
2495,2
2496,1
2497,1
2498,1
2499,1
2500,2
2501,1
2502,3
2503,1
2504,3
2505,2
2506,4
2507,1
2508,1
2509,2
2510,3
2511,1
2512,1
2513,2
2514,1
2515,2
2516,1
2517,4
2518,4
2519,2
2520,1
2521,2
2522,2
2523,1
2524,1
2525,3
2526,4
2527,2
2528,2
2529,2
2530,1
2531,3
2532,1
2533,1
2534,3
2535,1
2536,2
2537,1
2538,1
2539,1
2540,1
2541,5
2542,1
2543,2
2544,1
2545,1
2546,1
2547,2
2548,4
2549,3
2550,1
2551,3
2552,1
2553,3
2554,6
2555,1
2556,3
2557,1
2558,1
2559,1
2560,3
2561,5
2562,1
2563,2
2564,1
2565,4
2566,1
2567,3
2568,3
2569,4
2570,6
2571,4
2572,1
2573,1
2574,1
2575,3
2576,2
2577,1
2578,2
2579,1
2580,3
2581,1
2582,3
2583,2
2584,1
2585,2
2586,1
2587,4
2588,4
2589,1
2590,1
2591,2
2592,2
2593,1
2594,1
2595,1
2596,1
2597,1
2598,1
2599,2
2600,1
2601,2
2602,1
2603,1
2604,6
2605,2
2606,3
2607,1
2608,4
2609,1
2610,1
2611,4
2612,1
2613,6
2614,1
2615,3
2616,1
2617,3
2618,2
2619,3
2620,4
2621,1
2622,3
2623,8
2624,8
2625,2
2626,1
2627,3
2628,1
2629,1
2630,2
2631,7
2632,3
2633,3
2634,1
2635,3
2636,2
2637,3
2638,1
2639,5
2640,3
2641,1
2642,7
2643,4
2644,1
2645,2
2646,3
2647,5
2648,4
2649,2
2650,1
2651,10
2652,7
2653,2
2654,3
2655,1
2656,1
2657,1
2658,3
2659,2
2660,3
2661,2
2662,5
2663,1
2664,4
2665,1
2666,1
2667,2
2668,1
2669,1
2670,1
2671,3
2672,1
2673,1
2674,1
2675,3
2676,3
2677,1
2678,1
2679,1
2680,1
2681,1
2682,2
2683,2
2684,1
2685,1
2686,1
2687,1
2688,1
2689,2
2690,1
2691,5
2692,1
2693,2
2694,3
2695,1
2696,1
2697,1
2698,1
2699,2
2700,1
2701,1
2702,1
2703,2
2704,1
2705,2
2706,1
2707,2
2708,4
2709,1
2710,2
2711,1
2712,1
2713,1
2714,2
2715,1
2716,2
2717,5
2718,1
2719,3
2720,1
2721,1
2722,1
2723,1
2724,1
2725,2
2726,1
2727,1
2728,1
2729,1
2730,2
2731,1
2732,1
2733,1
2734,1
2735,1
2736,2
2737,1
2738,2
2739,1
2740,1
2741,1
2742,4
2743,2
2744,1
2745,1
2746,2
2747,1
2748,4
2749,3
2750,1
2751,3
2752,2
2753,4
2754,2
2755,1
2756,3
2757,3
2758,1
2759,1
2760,1
2761,5
2762,2
2763,4
2764,1
2765,1
2766,1
2767,1
2768,5
2769,2
2770,2
2771,1
2772,1
2773,4
2774,2
2775,3
2776,1
2777,5
2778,3
2779,7
2780,1
2781,2
2782,1
2783,1
2784,1
2785,5
2786,1
2787,2
2788,2
2789,1
2790,1
2791,1
2792,1
2793,2
2794,1
2795,10
2796,1
2797,2
2798,1
2799,1
2800,2
2801,3
2802,2
2803,1
2804,2
2805,1
2806,4
2807,1
2808,1
2809,1
2810,5
2811,5
2812,2
2813,2
2814,2
2815,2
2816,2
2817,2
2818,2
2819,4
2820,3
2821,2
2822,2
2823,1
2824,1
2825,4
2826,1
2827,1
2828,1
2829,1
2830,3
2831,4
2832,6
2833,1
2834,3
2835,5
2836,1
2837,1
2838,7
2839,2
2840,1
2841,2
2842,2
2843,1
2844,1
2845,6
2846,1
2847,2
2848,1
2849,3
2850,5
2851,3
2852,2
2853,3
2854,1
2855,1
2856,4
2857,2
2858,1
2859,4
2860,1
2861,1
2862,1
2863,1
2864,1
2865,2
2866,1
2867,2
2868,4
2869,4
2870,1
2871,3
2872,3
2873,1
2874,2
2875,2
2876,2
2877,2
2878,1
2879,1
2880,1
2881,1
2882,3
2883,3
2884,1
2885,4
2886,1
2887,1
2888,2
2889,3
2890,8
2891,1
2892,2
2893,1
2894,1
2895,1
2896,3
2897,2
2898,1
2899,2
2900,4
2901,3
2902,4
2903,2
2904,3
2905,1
2906,4
2907,2
2908,1
2909,2
2910,1
2911,2
2912,5
2913,2
2914,1
2915,1
2916,2
2917,2
2918,5
2919,2
2920,5
2921,3
2922,1
2923,1
2924,6
2925,4
2926,2
2927,1
2928,3
2929,1
2930,1
2931,4
2932,1
2933,3
2934,1
2935,1
2936,2
2937,1
2938,1
2939,2
2940,2
2941,2
2942,1
2943,1
2944,5
2945,1
2946,1
2947,1
2948,2
2949,1
2950,1
2951,4
2952,2
2953,4
2954,2
2955,2
2956,2
2957,1
2958,1
2959,1
2960,3
2961,3
2962,2
2963,3
2964,1
2965,1
2966,6
2967,1
2968,1
2969,2
2970,1
2971,3
2972,1
2973,2
2974,2
2975,1
2976,2
2977,1
2978,3
2979,6
2980,1
2981,2
2982,1
2983,1
2984,3
2985,1
2986,2
2987,2
2988,3
2989,1
2990,2
2991,2
2992,1
2993,1
2994,1
2995,1
2996,2
2997,1
2998,1
2999,1
3000,1
3001,1
3002,1
3003,2
3004,2
3005,1
3006,1
3007,2
3008,1
3009,2
3010,1
3011,1
3012,3
3013,3
3014,1
3015,1
3016,2
3017,3
3018,4
3019,1
3020,2
3021,2
3022,2
3023,2
3024,5
3025,1
3026,1
3027,1
3028,4
3029,5
3030,1
3031,1
3032,3
3033,2
3034,2
3035,3
3036,4
3037,2
3038,4
3039,3
3040,1
3041,1
3042,3
3043,1
3044,1
3045,4
3046,1
3047,1
3048,2
3049,1
3050,1
3051,1
3052,1
3053,2
3054,1
3055,2
3056,4
3057,2
3058,1
3059,3
3060,1
3061,4
3062,1
3063,1
3064,1
3065,1
3066,2
3067,1
3068,2
3069,1
3070,1
3071,3
3072,1
3073,1
3074,1
3075,6
3076,3
3077,2
3078,7
3079,5
3080,1
3081,1
3082,2
3083,1
3084,3
3085,1
3086,1
3087,1
3088,1
3089,2
3090,2
3091,2
3092,1
3093,1
3094,2
3095,1
3096,2
3097,3
3098,1
3099,4
3100,3
3101,2
3102,1
3103,4
3104,1
3105,1
3106,2
3107,4
3108,6
3109,1
3110,2
3111,1
3112,1
3113,1
3114,2
3115,1
3116,4
3117,1
3118,2
3119,3
3120,1
3121,1
3122,1
3123,2
3124,1
3125,1
3126,3
3127,4
3128,1
3129,3
3130,2
3131,1
3132,1
3133,1
3134,1
3135,1
3136,1
3137,5
3138,1
3139,6
3140,1
3141,5
3142,2
3143,1
3144,1
3145,2
3146,1
3147,2
3148,1
3149,2
3150,2
3151,3
3152,1
3153,5
3154,2
3155,3
3156,1
3157,2
3158,4
3159,1
3160,1
3161,2
3162,1
3163,3
3164,1
3165,1
3166,1
3167,1
3168,1
3169,2
3170,1
3171,1
3172,1
3173,3
3174,3
3175,1
3176,1
3177,1
3178,5
3179,4
3180,2
3181,1
3182,2
3183,4
3184,5
3185,1
3186,2
3187,5
3188,3
3189,1
3190,2
3191,2
3192,1
3193,3
3194,7
3195,1
3196,2
3197,1
3198,2
3199,1
3200,3
3201,1
3202,2
3203,2
3204,1
3205,3
3206,2
3207,6
3208,2
3209,1
3210,1
3211,3
3212,1
3213,1
3214,2
3215,2
3216,1
3217,3
3218,2
3219,1
3220,2
3221,1
3222,2
3223,3
3224,2
3225,1
3226,1
3227,2
3228,1
3229,3
3230,2
3231,1
3232,1
3233,2
3234,2
3235,1
3236,1
3237,1
3238,1
3239,1
3240,2
3241,1
3242,2
3243,1
3244,2
3245,1
3246,3
3247,1
3248,1
3249,1
3250,1
3251,3
3252,1
3253,3
3254,1
3255,1
3256,1
3257,1
3258,1
3259,1
3260,2
3261,1
3262,1
3263,4
3264,1
3265,1
3266,2
3267,1
3268,1
3269,1
3270,1
3271,2
3272,1
3273,3
3274,2
3275,1
3276,2
3277,1
3278,1
3279,1
3280,1
3281,1
3282,1
3283,4
3284,2
3285,1
3286,1
3287,1
3288,1
3289,2
3290,1
3291,2
3292,1
3293,1
3294,1
3295,3
3296,1
3297,1
3298,1
3299,1
3300,3
3301,2
3302,1
3303,1
3304,1
3305,1
3306,1
3307,2
3308,1
3309,1
3310,4
3311,1
3312,1
3313,4
3314,2
3315,1
3316,2
3317,2
3318,7
3319,1
3320,1
3321,2
3322,1
3323,3
3324,3
3325,5
3326,5
3327,6
3328,2
3329,4
3330,1
3331,2
3332,2
3333,2
3334,1
3335,2
3336,6
3337,2
3338,1
3339,1
3340,1
3341,4
3342,2
3343,3
3344,1
3345,1
3346,2
3347,1
3348,2
3349,3
3350,3
3351,5
3352,1
3353,1
3354,2
3355,2
3356,5
3357,2
3358,1
3359,2
3360,2
3361,2
3362,1
3363,1
3364,1
3365,1
3366,1
3367,1
3368,1
3369,4
3370,1
3371,1
3372,1
3373,1
3374,2
3375,1
3376,1
3377,1
3378,1
3379,2
3380,1
3381,1
3382,2
3383,1
3384,3
3385,5
3386,1
3387,4
3388,2
3389,1
3390,1
3391,1
3392,1
3393,1
3394,1
3395,2
3396,1
3397,1
3398,1
3399,1
3400,2
3401,2
3402,1
3403,1
3404,3
3405,1
3406,1
3407,1
3408,1
3409,1
3410,1
3411,1
3412,1
3413,1
3414,1
3415,2
3416,1
3417,1
3418,2
3419,1
3420,2
3421,1
3422,3
3423,3
3424,1
3425,1
3426,4
3427,2
3428,3
3429,2
3430,1
3431,1
3432,4
3433,2
3434,2
3435,1
3436,2
3437,2
3438,3
3439,2
3440,1
3441,2
3442,2
3443,1
3444,1
3445,3
3446,5
3447,1
3448,1
3449,1
3450,4
3451,1
3452,1
3453,1
3454,1
3455,1
3456,1
3457,1
3458,2
3459,2
3460,2
3461,1
3462,1
3463,1
3464,1
3465,1
3466,1
3467,1
3468,1
3469,3
3470,1
3471,2
3472,1
3473,3
3474,2
3475,1
3476,5
3477,3
3478,1
3479,5
3480,1
3481,1
3482,1
3483,1
3484,1
3485,2
3486,1
3487,3
3488,1
3489,1
3490,3
3491,1
3492,1
3493,1
3494,1
3495,1
3496,2
3497,2
3498,1
3499,3
3500,4
3501,1
3502,3
3503,3
3504,2
3505,1
3506,4
3507,1
3508,1
3509,1
3510,4
3511,2
3512,4
3513,1
3514,1
3515,1
3516,1
3517,2
3518,1
3519,1
3520,1
3521,4
3522,4
3523,1
3524,1
3525,5
3526,1
3527,1
3528,1
3529,1
3530,3
3531,2
3532,1
3533,2
3534,2
3535,2
3536,2
3537,1
3538,4
3539,1
3540,2
3541,1
3542,3
3543,2
3544,2
3545,1
3546,1
3547,1
3548,5
3549,2
3550,3
3551,2
3552,1
3553,1
3554,2
3555,1
3556,2
3557,1
3558,1
3559,2
3560,3
3561,1
3562,1
3563,1
3564,4
3565,2
3566,2
3567,1
3568,1
3569,1
3570,1
3571,1
3572,6
3573,1
3574,8
3575,2
3576,4
3577,1
3578,1
3579,1
3580,1
3581,1
3582,1
3583,1
3584,3
3585,3
3586,1
3587,1
3588,6
3589,1
3590,1
3591,1
3592,1
3593,4
3594,1
3595,1
3596,2
3597,1
3598,2
3599,1
3600,2
3601,1
3602,1
3603,1
3604,1
3605,1
3606,4
3607,2
3608,5
3609,1
3610,4
3611,1
3612,2
3613,7
3614,1
3615,1
3616,1
3617,1
3618,2
3619,1
3620,2
3621,3
3622,2
3623,1
3624,1
3625,1
3626,1
3627,1
3628,1
3629,1
3630,1
3631,1
3632,1
3633,2
3634,1
3635,2
3636,4
3637,1
3638,1
3639,2
3640,2
3641,1
3642,2
3643,1
3644,2
3645,2
3646,3
3647,3
3648,1
3649,2
3650,1
3651,2
3652,1
3653,1
3654,1
3655,1
3656,1
3657,2
3658,1
3659,4
3660,1
3661,2
3662,2
3663,1
3664,5
3665,4
3666,1
3667,1
3668,1
3669,1
3670,1
3671,3
3672,1
3673,1
3674,2
3675,1
3676,2
3677,3
3678,2
3679,1
3680,1
3681,1
3682,2
3683,3
3684,3
3685,2
3686,1
3687,3
3688,1
3689,2
3690,1
3691,2
3692,4
3693,11
3694,1
3695,1
3696,1
3697,4
3698,2
3699,1
3700,1
3701,5
3702,1
3703,2
3704,2
3705,2
3706,1
3707,1
3708,1
3709,1
3710,2
3711,1
3712,4
3713,2
3714,3
3715,2
3716,1
3717,3
3718,1
3719,1
3720,1
3721,1
3722,2
3723,1
3724,1
3725,1
3726,2
3727,4
3728,2
3729,9
3730,4
3731,1
3732,1
3733,1
3734,2
3735,1
3736,2
3737,1
3738,1
3739,3
3740,1
3741,2
3742,1
3743,5
3744,2
3745,1
3746,4
3747,1
3748,3
3749,2
3750,2
3751,2
3752,2
3753,1
3754,1
3755,4
3756,2
3757,1
3758,1
3759,4
3760,2
3761,2
3762,1
3763,1
3764,5
3765,1
3766,2
3767,1
3768,1
3769,1
3770,1
3771,1
3772,2
3773,2
3774,1
3775,1
3776,1
3777,1
3778,1
3779,3
3780,1
3781,2
3782,3
3783,1
3784,1
3785,2
3786,2
3787,5
3788,1
3789,1
3790,1
3791,2
3792,1
3793,2
3794,2
3795,4
3796,2
3797,2
3798,1
3799,1
3800,2
3801,2
3802,1
3803,1
3804,2
3805,2
3806,2
3807,2
3808,1
3809,2
3810,1
3811,2
3812,1
3813,2
3814,1
3815,1
3816,1
3817,2
3818,1
3819,1
3820,1
3821,1
3822,1
3823,2
3824,2
3825,1
3826,2
3827,1
3828,1
3829,1
3830,1
3831,1
3832,2
3833,5
3834,1
3835,1
3836,2
3837,1
3838,1
3839,5
3840,1
3841,5
3842,1
3843,1
3844,3
3845,1
3846,1
3847,2
3848,2
3849,3
3850,1
3851,3
3852,1
3853,2
3854,1
3855,1
3856,2
3857,5
3858,2
3859,2
3860,2
3861,1
3862,3
3863,4
3864,1
3865,2
3866,1
3867,1
3868,1
3869,1
3870,1
3871,2
3872,2
3873,3
3874,4
3875,1
3876,1
3877,1
3878,1
3879,2
3880,3
3881,1
3882,1
3883,1
3884,1
3885,1
3886,1
3887,1
3888,1
3889,1
3890,2
3891,1
3892,1
3893,2
3894,1
3895,2
3896,1
3897,1
3898,1
3899,1
3900,1
3901,4
3902,4
3903,1
3904,3
3905,1
3906,1
3907,2
3908,1
3909,1
3910,1
3911,1
3912,2
3913,2
3914,1
3915,1
3916,1
3917,1
3918,3
3919,3
3920,1
3921,1
3922,1
3923,1
3924,3
3925,1
3926,1
3927,2
3928,1
3929,1
3930,2
3931,2
3932,4
3933,5
3934,1
3935,1
3936,1
3937,1
3938,1
3939,1
3940,1
3941,1
3942,1
3943,1
3944,1
3945,1
3946,1
3947,2
3948,1
3949,1
3950,2
3951,1
3952,1
3953,1
3954,2
3955,1
3956,2
3957,2
3958,1
3959,1
3960,1
3961,1
3962,1
3963,6
3964,1
3965,1
3966,2
3967,3
3968,2
3969,3
3970,1
3971,1
3972,2
3973,1
3974,1
3975,1
3976,1
3977,1
3978,1
3979,2
3980,1
3981,1
3982,1
3983,4
3984,1
3985,1
3986,1
3987,1
3988,1
3989,2
3990,1
3991,1
3992,3
3993,2
3994,3
3995,1
3996,2
3997,1
3998,1
3999,1
4000,1
4001,1
4002,5
4003,2
4004,3
4005,4
4006,1
4007,3
4008,1
4009,1
4010,1
4011,4
4012,1
4013,1
4014,1
4015,1
4016,1
4017,1
4018,2
4019,2
4020,2
4021,1
4022,1
4023,1
4024,1
4025,1
4026,1
4027,1
4028,1
4029,2
4030,3
4031,1
4032,1
4033,5
4034,3
4035,2
4036,1
4037,1
4038,1
4039,2
4040,2
4041,2
4042,2
4043,1
4044,2
4045,1
4046,6
4047,1
4048,2
4049,1
4050,2
4051,2
4052,1
4053,1
4054,1
4055,1
4056,2
4057,2
4058,4
4059,1
4060,2
4061,2
4062,1
4063,3
4064,1
4065,2
4066,1
4067,2
4068,1
4069,2
4070,2
4071,1
4072,2
4073,1
4074,2
4075,1
4076,2
4077,1
4078,2
4079,1
4080,1
4081,1
4082,2
4083,3
4084,2
4085,2
4086,1
4087,2
4088,2
4089,1
4090,2
4091,1
4092,1
4093,2
4094,2
4095,2
4096,1
4097,2
4098,1
4099,1
4100,2
4101,1
4102,1
4103,1
4104,2
4105,1
4106,1
4107,2
4108,1
4109,2
4110,1
4111,3
4112,1
4113,1
4114,1
4115,1
4116,1
4117,1
4118,2
4119,2
4120,1
4121,1
4122,2
4123,2
4124,1
4125,1
4126,2
4127,3
4128,1
4129,1
4130,1
4131,2
4132,1
4133,6
4134,2
4135,1
4136,1
4137,5
4138,1
4139,1
4140,2
4141,1
4142,1
4143,2
4144,1
4145,1
4146,2
4147,1
4148,1
4149,1
4150,2
4151,3
4152,1
4153,3
4154,3
4155,1
4156,1
4157,1
4158,3
4159,3
4160,1
4161,1
4162,1
4163,2
4164,2
4165,2
4166,1
4167,2
4168,1
4169,1
4170,1
4171,2
4172,2
4173,2
4174,1
4175,2
4176,1
4177,2
4178,1
4179,1
4180,4
4181,3
4182,1
4183,1
4184,1
4185,2
4186,1
4187,5
4188,2
4189,1
4190,1
4191,1
4192,1
4193,2
4194,1
4195,1
4196,1
4197,1
4198,1
4199,2
4200,1
4201,1
4202,2
4203,2
4204,1
4205,2
4206,1
4207,2
4208,1
4209,1
4210,2
4211,2
4212,2
4213,2
4214,1
4215,4
4216,1
4217,1
4218,1
4219,1
4220,1
4221,1
4222,2
4223,1
4224,1
4225,2
4226,1
4227,2
4228,1
4229,1
4230,3
4231,1
4232,1
4233,1
4234,1
4235,3
4236,1
4237,5
4238,3
4239,2
4240,3
4241,5
4242,2
4243,1
4244,4
4245,2
4246,1
4247,4
4248,2
4249,1
4250,1
4251,1
4252,1
4253,1
4254,2
4255,1
4256,1
4257,1
4258,2
4259,1
4260,2
4261,1
4262,3
4263,4
4264,2
4265,1
4266,1
4267,1
4268,1
4269,1
4270,1
4271,1
4272,2
4273,2
4274,2
4275,3
4276,1
4277,2
4278,2
4279,1
4280,1
4281,2
4282,1
4283,1
4284,1
4285,2
4286,2
4287,1
4288,1
4289,2
4290,1
4291,1
4292,3
4293,2
4294,1
4295,1
4296,1
4297,1
4298,1
4299,3
4300,1
4301,1
4302,1
4303,1
4304,1
4305,1
4306,1
4307,1
4308,2
4309,1
4310,1
4311,1
4312,5
4313,1
4314,1
4315,1
4316,1
4317,2
4318,2
4319,2
4320,1
4321,1
4322,1
4323,1
4324,2
4325,1
4326,1
4327,2
4328,2
4329,1
4330,1
4331,1
4332,2
4333,3
4334,2
4335,1
4336,3
4337,1
4338,1
4339,2
4340,3
4341,1
4342,3
4343,1
4344,1
4345,1
4346,1
4347,1
4348,3
4349,3
4350,2
4351,1
4352,1
4353,2
4354,2
4355,2
4356,1
4357,2
4358,1
4359,1
4360,1
4361,2
4362,1
4363,1
4364,3
4365,1
4366,1
4367,1
4368,1
4369,1
4370,1
4371,2
4372,2
4373,1
4374,1
4375,2
4376,1
4377,3
4378,1
4379,2
4380,1
4381,2
4382,1
4383,1
4384,1
4385,3
4386,1
4387,1
4388,1
4389,2
4390,1
4391,1
4392,2
4393,1
4394,1
4395,3
4396,1
4397,1
4398,4
4399,3
4400,1
4401,2
4402,1
4403,1
4404,1
4405,2
4406,1
4407,1
4408,4
4409,3
4410,1
4411,1
4412,2
4413,2
4414,4
4415,4
4416,1
4417,1
4418,1
4419,1
4420,2
4421,4
4422,4
4423,2
4424,1
4425,3
4426,1
4427,1
4428,2
4429,2
4430,1
4431,1
4432,1
4433,1
4434,1
4435,2
4436,1
4437,1
4438,2
4439,3
4440,2
4441,4
4442,1
4443,1
4444,1
4445,1
4446,1
4447,1
4448,2
4449,2
4450,1
4451,2
4452,1
4453,1
4454,1
4455,1
4456,1
4457,3
4458,1
4459,4
4460,1
4461,1
4462,1
4463,1
4464,1
4465,1
4466,1
4467,1
4468,1
4469,2
4470,3
4471,1
4472,1
4473,2
4474,1
4475,2
4476,1
4477,1
4478,1
4479,1
4480,1
4481,1
4482,4
4483,2
4484,2
4485,1
4486,2
4487,1
4488,1
4489,1
4490,1
4491,1
4492,1
4493,4
4494,2
4495,1
4496,3
4497,1
4498,1
4499,1
4500,4
4501,1
4502,1
4503,2
4504,1
4505,3
4506,1
4507,1
4508,2
4509,2
4510,1
4511,1
4512,1
4513,2
4514,1
4515,2
4516,2
4517,1
4518,1
4519,1
4520,1
4521,1
4522,3
4523,1
4524,1
4525,1
4526,1
4527,3
4528,1
4529,2
4530,2
4531,2
4532,1
4533,1
4534,2
4535,1
4536,2
4537,1
4538,2
4539,2
4540,2
4541,2
4542,1
4543,2
4544,1
4545,4
4546,2
4547,2
4548,2
4549,2
4550,4
4551,3
4552,1
4553,1
4554,3
4555,3
4556,1
4557,3
4558,1
4559,1
4560,1
4561,1
4562,1
4563,2
4564,1
4565,1
4566,2
4567,1
4568,1
4569,1
4570,1
4571,1
4572,1
4573,1
4574,2
4575,2
4576,1
4577,1
4578,1
4579,1
4580,3
4581,1
4582,1
4583,2
4584,1
4585,2
4586,1
4587,3
4588,1
4589,1
4590,1
4591,1
4592,1
4593,4
4594,3
4595,1
4596,1
4597,1
4598,4
4599,3
4600,2
4601,1
4602,2
4603,1
4604,1
4605,2
4606,2
4607,1
4608,2
4609,1
4610,1
4611,1
4612,1
4613,1
4614,4
4615,3
4616,1
4617,4
4618,2
4619,1
4620,2
4621,1
4622,2
4623,1
4624,1
4625,3
4626,2
4627,1
4628,2
4629,1
4630,2
4631,1
4632,1
4633,2
4634,1
4635,1
4636,1
4637,1
4638,1
4639,1
4640,1
4641,1
4642,2
4643,1
4644,1
4645,1
4646,1
4647,1
4648,1
4649,1
4650,1
4651,1
4652,4
4653,1
4654,1
4655,2
4656,1
4657,1
4658,2
4659,2
4660,3
4661,4
4662,1
4663,1
4664,1
4665,1
4666,1
4667,1
4668,3
4669,2
4670,1
4671,2
4672,5
4673,1
4674,1
4675,3
4676,1
4677,2
4678,1
4679,1
4680,1
4681,4
4682,1
4683,2
4684,1
4685,1
4686,2
4687,2
4688,4
4689,1
4690,1
4691,1
4692,5
4693,1
4694,1
4695,2
4696,2
4697,1
4698,2
4699,1
4700,1
4701,4
4702,3
4703,4
4704,3
4705,1
4706,1
4707,1
4708,1
4709,1
4710,2
4711,2
4712,4
4713,1
4714,2
4715,1
4716,2
4717,1
4718,1
4719,1
4720,2
4721,1
4722,1
4723,1
4724,1
4725,1
4726,1
4727,2
4728,1
4729,1
4730,1
4731,2
4732,1
4733,2
4734,3
4735,1
4736,1
4737,1
4738,3
4739,1
4740,2
4741,1
4742,1
4743,1
4744,2
4745,1
4746,1
4747,2
4748,3
4749,1
4750,1
4751,1
4752,1
4753,1
4754,1
4755,2
4756,2
4757,9
4758,4
4759,1
4760,1
4761,2
4762,1
4763,1
4764,1
4765,1
4766,1
4767,1
4768,1
4769,1
4770,1
4771,3
4772,2
4773,2
4774,1
4775,1
4776,1
4777,3
4778,1
4779,2
4780,1
4781,1
4782,2
4783,1
4784,1
4785,2
4786,1
4787,4
4788,2
4789,1
4790,3
4791,1
4792,1
4793,1
4794,1
4795,1
4796,3
4797,1
4798,1
4799,1
4800,2
4801,1
4802,1
4803,1
4804,2
4805,3
4806,1
4807,1
4808,2
4809,1
4810,1
4811,6
4812,1
4813,1
4814,1
4815,1
4816,7
4817,1
4818,1
4819,1
4820,1
4821,1
4822,1
4823,1
4824,1
4825,2
4826,1
4827,2
4828,2
4829,1
4830,1
4831,2
4832,1
4833,2
4834,1
4835,1
4836,1
4837,1
4838,1
4839,2
4840,1
4841,1
4842,3
4843,2
4844,1
4845,1
4846,2
4847,1
4848,4
4849,1
4850,1
4851,1
4852,1
4853,2
4854,1
4855,1
4856,1
4857,1
4858,1
4859,2
4860,2
4861,4
4862,1
4863,2
4864,1
4865,1
4866,1
4867,1
4868,1
4869,1
4870,4
4871,1
4872,4
4873,1
4874,2
4875,1
4876,1
4877,5
4878,1
4879,1
4880,3
4881,1
4882,1
4883,1
4884,1
4885,1
4886,1
4887,1
4888,1
4889,1
4890,3
4891,2
4892,2
4893,3
4894,1
4895,1
4896,1
4897,1
4898,2
4899,2
4900,1
4901,1
4902,1
4903,1
4904,3
4905,1
4906,1
4907,1
4908,4
4909,1
4910,1
4911,1
4912,1
4913,2
4914,2
4915,1
4916,1
4917,2
4918,2
4919,1
4920,1
4921,1
4922,1
4923,2
4924,2
4925,1
4926,3
4927,1
4928,1
4929,2
4930,1
4931,1
4932,2
4933,2
4934,2
4935,1
4936,1
4937,1
4938,1
4939,4
4940,1
4941,2
4942,1
4943,1
4944,2
4945,1
4946,1
4947,1
4948,1
4949,1
4950,2
4951,1
4952,3
4953,1
4954,2
4955,3
4956,1
4957,2
4958,1
4959,2
4960,1
4961,1
4962,1
4963,1
4964,1
4965,2
4966,1
4967,1
4968,1
4969,1
4970,3
4971,1
4972,1
4973,1
4974,2
4975,2
4976,1
4977,1
4978,1
4979,1
4980,2
4981,1
4982,1
4983,2
4984,1
4985,3
4986,4
4987,2
4988,1
4989,1
4990,1
4991,1
4992,1
4993,1
4994,1
4995,1
4996,1
4997,1
4998,1
4999,2
5000,3
5001,2
5002,2
5003,3
5004,1
5005,1
5006,1
5007,1
5008,1
5009,1
5010,1
5011,1
5012,1
5013,1
5014,1
5015,1
5016,1
5017,2
5018,1
5019,1
5020,2
5021,4
5022,1
5023,1
5024,1
5025,1
5026,2
5027,1
5028,1
5029,1
5030,1
5031,2
5032,2
5033,2
5034,2
5035,3
5036,1
5037,2
5038,3
5039,1
5040,1
5041,1
5042,2
5043,3
5044,1
5045,1
5046,1
5047,1
5048,2
5049,1
5050,2
5051,1
5052,3
5053,1
5054,1
5055,2
5056,1
5057,1
5058,2
5059,1
5060,1
5061,2
5062,1
5063,2
5064,1
5065,1
5066,1
5067,1
5068,2
5069,1
5070,1
5071,1
5072,2
5073,1
5074,2
5075,1
5076,2
5077,3
5078,1
5079,3
5080,1
5081,1
5082,1
5083,1
5084,1
5085,3
5086,1
5087,2
5088,3
5089,4
5090,1
5091,2
5092,1
5093,1
5094,2
5095,3
5096,1
5097,7
5098,1
5099,1
5100,5
5101,1
5102,2
5103,1
5104,2
5105,4
5106,1
5107,1
5108,6
5109,1
5110,1
5111,1
5112,1
5113,2
5114,1
5115,3
5116,3
5117,1
5118,2
5119,2
5120,1
5121,1
5122,1
5123,1
5124,3
5125,4
5126,1
5127,1
5128,2
5129,1
5130,1
5131,2
5132,2
5133,1
5134,1
5135,1
5136,1
5137,2
5138,1
5139,1
5140,1
5141,1
5142,1
5143,1
5144,1
5145,2
5146,1
5147,1
5148,1
5149,1
5150,1
5151,5
5152,1
5153,1
5154,1
5155,1
5156,2
5157,4
5158,1
5159,1
5160,1
5161,1
5162,2
5163,1
5164,1
5165,2
5166,1
5167,2
5168,1
5169,2
5170,1
5171,1
5172,1
5173,2
5174,2
5175,1
5176,1
5177,1
5178,1
5179,1
5180,6
5181,1
5182,1
5183,1
5184,4
5185,1
5186,1
5187,2
5188,1
5189,1
5190,1
5191,1
5192,1
5193,1
5194,2
5195,1
5196,1
5197,1
5198,1
5199,1
5200,2
5201,1
5202,1
5203,1
5204,1
5205,1
5206,1
5207,1
5208,1
5209,1
5210,1
5211,2
5212,2
5213,1
5214,2
5215,4
5216,4
5217,1
5218,2
5219,1
5220,1
5221,1
5222,1
5223,1
5224,1
5225,3
5226,2
5227,1
5228,1
5229,1
5230,1
5231,4
5232,1
5233,1
5234,1
5235,1
5236,1
5237,1
5238,1
5239,1
5240,1
5241,1
5242,1
5243,2
5244,2
5245,1
5246,2
5247,1
5248,2
5249,1
5250,1
5251,1
5252,1
5253,1
5254,3
5255,1
5256,1
5257,3
5258,1
5259,3
5260,1
5261,1
5262,2
5263,1
5264,5
5265,1
5266,3
5267,1
5268,1
5269,1
5270,2
5271,1
5272,1
5273,1
5274,3
5275,1
5276,3
5277,2
5278,3
5279,1
5280,1
5281,1
5282,2
5283,1
5284,1
5285,1
5286,2
5287,1
5288,2
5289,1
5290,1
5291,2
5292,3
5293,4
5294,1
5295,1
5296,1
5297,1
5298,1
5299,1
5300,2
5301,1
5302,1
5303,1
5304,1
5305,1
5306,1
5307,1
5308,1
5309,5
5310,2
5311,1
5312,5
5313,2
5314,1
5315,1
5316,2
5317,1
5318,1
5319,2
5320,1
5321,4
5322,1
5323,2
5324,1
5325,1
5326,1
5327,2
5328,2
5329,2
5330,1
5331,1
5332,3
5333,1
5334,1
5335,1
5336,1
5337,5
5338,2
5339,1
5340,4
5341,2
5342,1
5343,6
5344,3
5345,1
5346,2
5347,1
5348,1
5349,1
5350,2
5351,2
5352,2
5353,1
5354,2
5355,1
5356,1
5357,1
5358,1
5359,1
5360,1
5361,1
5362,2
5363,2
5364,1
5365,1
5366,2
5367,1
5368,1
5369,1
5370,1
5371,1
5372,1
5373,1
5374,1
5375,1
5376,1
5377,1
5378,1
5379,2
5380,1
5381,1
5382,1
5383,1
5384,1
5385,1
5386,1
5387,1
5388,1
5389,3
5390,2
5391,1
5392,1
5393,1
5394,2
5395,1
5396,1
5397,1
5398,1
5399,1
5400,1
5401,1
5402,1
5403,1
5404,1
5405,1
5406,2
5407,2
5408,1
5409,1
5410,3
5411,1
5412,1
5413,1
5414,2
5415,1
5416,2
5417,1
5418,1
5419,1
5420,1
5421,2
5422,1
5423,2
5424,1
5425,2
5426,1
5427,1
5428,1
5429,1
5430,3
5431,1
5432,1
5433,2
5434,1
5435,3
5436,1
5437,5
5438,1
5439,4
5440,1
5441,1
5442,1
5443,2
5444,1
5445,1
5446,2
5447,1
5448,1
5449,1
5450,1
5451,2
5452,1
5453,1
5454,1
5455,1
5456,2
5457,1
5458,1
5459,1
5460,1
5461,1
5462,2
5463,1
5464,1
5465,1
5466,2
5467,1
5468,3
5469,1
5470,1
5471,2
5472,1
5473,2
5474,2
5475,2
5476,1
5477,2
5478,1
5479,1
5480,1
5481,2
5482,3
5483,1
5484,1
5485,1
5486,1
5487,1
5488,1
5489,1
5490,1
5491,1
5492,1
5493,2
5494,1
5495,1
5496,2
5497,1
5498,1
5499,2
5500,4
5501,1
5502,2
5503,1
5504,1
5505,2
5506,1
5507,1
5508,1
5509,2
5510,1
5511,1
5512,1
5513,2
5514,1
5515,1
5516,1
5517,1
5518,4
5519,2
5520,1
5521,1
5522,5
5523,2
5524,1
5525,2
5526,1
5527,1
5528,1
5529,1
5530,1
5531,2
5532,1
5533,1
5534,1
5535,1
5536,2
5537,1
5538,1
5539,2
5540,1
5541,1
5542,1
5543,1
5544,2
5545,3
5546,1
5547,1
5548,1
5549,1
5550,1
5551,1
5552,1
5553,1
5554,2
5555,1
5556,1
5557,1
5558,1
5559,1
5560,1
5561,1
5562,1
5563,1
5564,1
5565,2
5566,1
5567,1
5568,1
5569,1
5570,1
5571,2
5572,1
5573,1
5574,1
5575,2
5576,2
5577,2
5578,2
5579,1
5580,1
5581,1
5582,1
5583,1
5584,1
5585,1
5586,1
5587,1
5588,1
5589,1
5590,4
5591,1
5592,1
5593,1
5594,1
5595,1
5596,1
5597,1
5598,1
5599,2
5600,1
5601,2
5602,2
5603,1
5604,1
5605,2
5606,2
5607,2
5608,1
5609,1
5610,1
5611,1
5612,3
5613,1
5614,2
5615,2
5616,1
5617,2
5618,1
5619,2
5620,1
5621,1
5622,1
5623,1
5624,1
5625,1
5626,1
5627,3
5628,1
5629,2
5630,1
5631,1
5632,1
5633,1
5634,2
5635,2
5636,1
5637,1
5638,2
5639,3
5640,1
5641,3
5642,1
5643,1
5644,1
5645,1
5646,1
5647,1
5648,2
5649,1
5650,1
5651,1
5652,1
5653,1
5654,1
5655,1
5656,2
5657,1
5658,1
5659,1
5660,1
5661,1
5662,1
5663,1
5664,1
5665,2
5666,1
5667,2
5668,1
5669,2
5670,2
5671,1
5672,1
5673,2
5674,1
5675,1
5676,2
5677,1
5678,1
5679,1
5680,2
5681,2
5682,1
5683,1
5684,5
5685,1
5686,1
5687,1
5688,2
5689,1
5690,1
5691,1
5692,1
5693,1
5694,3
5695,1
5696,2
5697,3
5698,3
5699,1
5700,1
5701,1
5702,1
5703,1
5704,1
5705,1
5706,1
5707,1
5708,2
5709,2
5710,2
5711,1
5712,1
5713,1
5714,2
5715,2
5716,1
5717,1
5718,1
5719,1
5720,1
5721,1
5722,1
5723,1
5724,3
5725,1
5726,1
5727,4
5728,1
5729,1
5730,1
5731,1
5732,1
5733,1
5734,1
5735,1
5736,1
5737,1
5738,2
5739,1
5740,1
5741,2
5742,1
5743,1
5744,1
5745,1
5746,1
5747,1
5748,1
5749,1
5750,1
5751,1
5752,1
5753,1
5754,1
5755,1
5756,1
5757,2
5758,1
5759,1
5760,2
5761,1
5762,2
5763,2
5764,1
5765,1
5766,1
5767,1
5768,1
5769,2
5770,1
5771,1
5772,1
5773,1
5774,2
5775,2
5776,2
5777,1
5778,3
5779,3
5780,1
5781,2
5782,1
5783,1
5784,6
5785,1
5786,1
5787,3
5788,1
5789,2
5790,1
5791,1
5792,1
5793,2
5794,1
5795,1
5796,1
5797,1
5798,2
5799,1
5800,1
5801,1
5802,3
5803,2
5804,2
5805,1
5806,2
5807,2
5808,1
5809,1
5810,1
5811,1
5812,2
5813,1
5814,5
5815,1
5816,1
5817,2
5818,1
5819,1
5820,1
5821,1
5822,1
5823,2
5824,1
5825,2
5826,1
5827,2
5828,1
5829,2
5830,1
5831,1
5832,3
5833,2
5834,1
5835,1
5836,1
5837,2
5838,1
5839,1
5840,1
5841,2
5842,2
5843,2
5844,3
5845,5
5846,1
5847,1
5848,2
5849,1
5850,2
5851,1
5852,3
5853,2
5854,1
5855,1
5856,1
5857,2
5858,1
5859,2
5860,1
5861,1
5862,1
5863,1
5864,1
5865,2
5866,2
5867,1
5868,1
5869,1
5870,1
5871,2
5872,3
5873,1
5874,1
5875,1
5876,1
5877,4
5878,1
5879,1
5880,1
5881,2
5882,1
5883,3
5884,1
5885,1
5886,1
5887,1
5888,1
5889,1
5890,1
5891,2
5892,2
5893,1
5894,1
5895,1
5896,1
5897,2
5898,1
5899,4
5900,1
5901,1
5902,1
5903,1
5904,1
5905,1
5906,1
5907,1
5908,2
5909,1
5910,1
5911,1
5912,1
5913,1
5914,1
5915,1
5916,4
5917,1
5918,2
5919,1
5920,1
5921,3
5922,1
5923,2
5924,1
5925,1
5926,1
5927,1
5928,1
5929,1
5930,1
5931,2
5932,1
5933,1
5934,1
5935,1
5936,1
5937,2
5938,1
5939,1
5940,2
5941,1
5942,2
5943,3
5944,1
5945,1
5946,1
5947,1
5948,1
5949,1
5950,1
5951,1
5952,4
5953,2
5954,1
5955,1
5956,1
5957,1
5958,3
5959,1
5960,1
5961,2
5962,1
5963,3
5964,3
5965,1
5966,1
5967,1
5968,1
5969,1
5970,1
5971,1
5972,1
5973,1
5974,1
5975,1
5976,1
5977,1
5978,1
5979,1
5980,2
5981,1
5982,3
5983,1
5984,2
5985,3
5986,1
5987,1
5988,2
5989,1
5990,1
5991,1
5992,1
5993,1
5994,1
5995,2
5996,1
5997,1
5998,1
5999,3
6000,3
6001,1
6002,1
6003,1
6004,1
6005,3
6006,1
6007,1
6008,2
6009,2
6010,2
6011,1
6012,1
6013,1
6014,1
6015,1
6016,3
6017,2
6018,1
6019,2
6020,1
6021,1
6022,1
6023,2
6024,1
6025,1
6026,2
6027,1
6028,1
6029,2
6030,2
6031,1
6032,1
6033,1
6034,1
6035,2
6036,2
6037,1
6038,1
6039,1
6040,2
6041,1
6042,2
6043,1
6044,1
6045,1
6046,2
6047,2
6048,1
6049,2
6050,2
6051,1
6052,1
6053,1
6054,1
6055,1
6056,2
6057,2
6058,1
6059,1
6060,1
6061,1
6062,2
6063,2
6064,1
6065,1
6066,1
6067,1
6068,3
6069,2
6070,1
6071,1
6072,1
6073,2
6074,1
6075,1
6076,1
6077,3
6078,3
6079,1
6080,1
6081,1
6082,2
6083,1
6084,1
6085,3
6086,1
6087,1
6088,2
6089,1
6090,1
6091,1
6092,1
6093,4
6094,1
6095,1
6096,1
6097,1
6098,1
6099,1
6100,3
6101,1
6102,1
6103,1
6104,1
6105,4
6106,1
6107,1
6108,3
6109,1
6110,1
6111,1
6112,3
6113,1
6114,2
6115,3
6116,1
6117,1
6118,2
6119,2
6120,1
6121,1
6122,1
6123,1
6124,1
6125,1
6126,1
6127,4
6128,2
6129,1
6130,1
6131,1
6132,1
6133,1
6134,1
6135,1
6136,1
6137,1
6138,1
6139,1
6140,1
6141,2
6142,1
6143,1
6144,1
6145,2
6146,1
6147,1
6148,3
6149,1
6150,1
6151,1
6152,1
6153,1
6154,1
6155,3
6156,1
6157,1
6158,1
6159,1
6160,1
6161,1
6162,1
6163,1
6164,1
6165,1
6166,1
6167,1
6168,1
6169,1
6170,2
6171,1
6172,1
6173,1
6174,1
6175,1
6176,1
6177,1
6178,1
6179,1
6180,1
6181,1
6182,2
6183,1
6184,2
6185,3
6186,1
6187,1
6188,1
6189,1
6190,1
6191,1
6192,3
6193,3
6194,1
6195,1
6196,1
6197,2
6198,1
6199,3
6200,1
6201,1
6202,2
6203,2
6204,1
6205,1
6206,1
6207,1
6208,1
6209,1
6210,1
6211,4
6212,1
6213,3
6214,1
6215,1
6216,1
6217,1
6218,1
6219,1
6220,4
6221,1
6222,2
6223,2
6224,2
6225,2
6226,1
6227,1
6228,2
6229,2
6230,1
6231,2
6232,1
6233,1
6234,3
6235,1
6236,1
6237,1
6238,1
6239,1
6240,1
6241,2
6242,1
6243,1
6244,1
6245,1
6246,1
6247,1
6248,2
6249,1
6250,1
6251,1
6252,1
6253,1
6254,1
6255,1
6256,1
6257,1
6258,1
6259,2
6260,2
6261,1
6262,1
6263,1
6264,1
6265,1
6266,1
6267,1
6268,2
6269,1
6270,1
6271,2
6272,1
6273,1
6274,2
6275,1
6276,1
6277,1
6278,1
6279,1
6280,1
6281,1
6282,5
6283,2
6284,1
6285,4
6286,1
6287,2
6288,1
6289,1
6290,2
6291,1
6292,1
6293,1
6294,2
6295,1
6296,3
6297,1
6298,1
6299,1
6300,2
6301,1
6302,1
6303,1
6304,1
6305,1
6306,1
6307,1
6308,1
6309,1
6310,1
6311,2
6312,3
6313,2
6314,4
6315,1
6316,1
6317,4
6318,1
6319,2
6320,1
6321,2
6322,2
6323,2
6324,1
6325,1
6326,1
6327,1
6328,1
6329,1
6330,2
6331,1
6332,1
6333,2
6334,2
6335,2
6336,3
6337,1
6338,1
6339,2
6340,1
6341,1
6342,1
6343,1
6344,1
6345,1
6346,1
6347,2
6348,1
6349,1
6350,1
6351,1
6352,2
6353,1
6354,2
6355,1
6356,2
6357,2
6358,2
6359,3
6360,4
6361,2
6362,1
6363,1
6364,1
6365,1
6366,7
6367,1
6368,2
6369,1
6370,1
6371,1
6372,1
6373,1
6374,2
6375,4
6376,1
6377,2
6378,1
6379,1
6380,1
6381,1
6382,1
6383,1
6384,1
6385,1
6386,1
6387,1
6388,1
6389,3
6390,1
6391,2
6392,1
6393,1
6394,2
6395,1
6396,1
6397,1
6398,1
6399,1
6400,1
6401,1
6402,3
6403,1
6404,2
6405,1
6406,1
6407,1
6408,1
6409,1
6410,1
6411,1
6412,1
6413,1
6414,1
6415,1
6416,3
6417,1
6418,1
6419,1
6420,2
6421,2
6422,3
6423,1
6424,1
6425,1
6426,1
6427,1
6428,1
6429,1
6430,1
6431,1
6432,1
6433,1
6434,1
6435,2
6436,1
6437,1
6438,1
6439,2
6440,2
6441,2
6442,2
6443,1
6444,3
6445,1
6446,1
6447,1
6448,1
6449,2
6450,1
6451,1
6452,1
6453,1
6454,1
6455,1
6456,1
6457,2
6458,1
6459,2
6460,1
6461,2
6462,1
6463,3
6464,1
6465,1
6466,1
6467,1
6468,1
6469,2
6470,3
6471,1
6472,1
6473,1
6474,3
6475,2
6476,1
6477,1
6478,1
6479,2
6480,3
6481,1
6482,1
6483,1
6484,1
6485,1
6486,1
6487,1
6488,1
6489,3
6490,1
6491,1
6492,2
6493,1
6494,4
6495,1
6496,1
6497,1
6498,1
6499,2
6500,1
6501,1
6502,1
6503,2
6504,2
6505,1
6506,1
6507,1
6508,1
6509,1
6510,1
6511,2
6512,2
6513,1
6514,1
6515,1
6516,1
6517,1
6518,1
6519,4
6520,1
6521,1
6522,1
6523,1
6524,1
6525,1
6526,1
6527,3
6528,1
6529,1
6530,1
6531,1
6532,1
6533,1
6534,2
6535,1
6536,1
6537,3
6538,1
6539,1
6540,1
6541,2
6542,1
6543,1
6544,1
6545,1
6546,1
6547,1
6548,1
6549,1
6550,1
6551,1
6552,1
6553,1
6554,1
6555,1
6556,2
6557,1
6558,2
6559,1
6560,1
6561,1
6562,1
6563,1
6564,1
6565,1
6566,1
6567,1
6568,1
6569,1
6570,3
6571,2
6572,1
6573,2
6574,1
6575,2
6576,1
6577,3
6578,1
6579,3
6580,4
6581,1
6582,2
6583,1
6584,1
6585,1
6586,1
6587,1
6588,1
6589,1
6590,1
6591,1
6592,1
6593,2
6594,2
6595,1
6596,1
6597,1
6598,1
6599,1
6600,1
6601,1
6602,1
6603,1
6604,1
6605,2
6606,1
6607,1
6608,1
6609,1
6610,1
6611,2
6612,2
6613,1
6614,1
6615,1
6616,4
6617,2
6618,1
6619,1
6620,1
6621,1
6622,1
6623,3
6624,1
6625,1
6626,1
6627,1
6628,1
6629,2
6630,2
6631,1
6632,1
6633,2
6634,2
6635,1
6636,1
6637,2
6638,1
6639,1
6640,1
6641,1
6642,2
6643,1
6644,2
6645,1
6646,1
6647,1
6648,2
6649,2
6650,1
6651,2
6652,1
6653,1
6654,2
6655,1
6656,1
6657,4
6658,1
6659,1
6660,2
6661,1
6662,1
6663,1
6664,1
6665,1
6666,1
6667,2
6668,1
6669,1
6670,2
6671,4
6672,2
6673,2
6674,1
6675,3
6676,1
6677,1
6678,1
6679,1
6680,3
6681,1
6682,1
6683,1
6684,1
6685,1
6686,1
6687,1
6688,1
6689,1
6690,4
6691,1
6692,1
6693,1
6694,1
6695,1
6696,1
6697,1
6698,1
6699,5
6700,1
6701,1
6702,1
6703,1
6704,3
6705,2
6706,1
6707,1
6708,2
6709,1
6710,1
6711,1
6712,1
6713,2
6714,3
6715,1
6716,1
6717,1
6718,1
6719,3
6720,2
6721,2
6722,1
6723,1
6724,1
6725,1
6726,1
6727,1
6728,1
6729,2
6730,1
6731,1
6732,1
6733,1
6734,3
6735,1
6736,3
6737,1
6738,3
6739,5
6740,1
6741,4
6742,3
6743,1
6744,1
6745,1
6746,1
6747,1
6748,1
6749,2
6750,1
6751,1
6752,1
6753,1
6754,1
6755,1
6756,1
6757,1
6758,2
6759,1
6760,2
6761,1
6762,1
6763,1
6764,1
6765,1
6766,1
6767,4
6768,1
6769,2
6770,1
6771,1
6772,1
6773,1
6774,1
6775,1
6776,1
6777,1
6778,1
6779,1
6780,1
6781,1
6782,1
6783,1
6784,1
6785,1
6786,1
6787,3
6788,1
6789,1
6790,1
6791,1
6792,1
6793,1
6794,1
6795,1
6796,1
6797,1
6798,1
6799,1
6800,1
6801,1
6802,1
6803,2
6804,1
6805,1
6806,1
6807,1
6808,2
6809,2
6810,1
6811,2
6812,1
6813,1
6814,2
6815,1
6816,3
6817,1
6818,1
6819,1
6820,2
6821,1
6822,3
6823,1
6824,1
6825,1
6826,1
6827,1
6828,1
6829,1
6830,1
6831,1
6832,1
6833,1
6834,1
6835,3
6836,1
6837,1
6838,1
6839,2
6840,1
6841,1
6842,1
6843,2
6844,1
6845,1
6846,2
6847,1
6848,1
6849,1
6850,1
6851,1
6852,1
6853,1
6854,4
6855,3
6856,1
6857,2
6858,1
6859,2
6860,1
6861,2
6862,1
6863,2
6864,1
6865,1
6866,1
6867,1
6868,1
6869,1
6870,1
6871,1
6872,1
6873,1
6874,1
6875,1
6876,1
6877,1
6878,1
6879,1
6880,1
6881,1
6882,1
6883,1
6884,1
6885,1
6886,1
6887,2
6888,1
6889,1
6890,1
6891,1
6892,1
6893,1
6894,1
6895,2
6896,1
6897,1
6898,1
6899,1
6900,2
6901,1
6902,2
6903,3
6904,4
6905,1
6906,2
6907,3
6908,3
6909,2
6910,1
6911,1
6912,1
6913,1
6914,1
6915,2
6916,1
6917,2
6918,1
6919,1
6920,1
6921,1
6922,1
6923,1
6924,3
6925,2
6926,2
6927,1
6928,2
6929,1
6930,1
6931,1
6932,1
6933,1
6934,1
6935,2
6936,1
6937,1
6938,1
6939,3
6940,1
6941,1
6942,1
6943,2
6944,1
6945,1
6946,2
6947,2
6948,1
6949,1
6950,1
6951,1
6952,2
6953,1
6954,2
6955,1
6956,1
6957,1
6958,1
6959,1
6960,1
6961,1
6962,1
6963,1
6964,1
6965,1
6966,1
6967,1
6968,1
6969,1
6970,1
6971,1
6972,1
6973,1
6974,3
6975,1
6976,2
6977,1
6978,1
6979,1
6980,1
6981,1
6982,1
6983,1
6984,1
6985,1
6986,1
6987,1
6988,2
6989,1
6990,2
6991,1
6992,1
6993,2
6994,1
6995,2
6996,1
6997,1
6998,1
6999,1
7000,1
7001,3
7002,2
7003,1
7004,1
7005,3
7006,1
7007,1
7008,2
7009,1
7010,1
7011,1
7012,1
7013,1
7014,1
7015,1
7016,2
7017,1
7018,2
7019,1
7020,1
7021,1
7022,1
7023,1
7024,2
7025,1
7026,1
7027,2
7028,2
7029,1
7030,1
7031,2
7032,1
7033,1
7034,1
7035,1
7036,1
7037,1
7038,1
7039,1
7040,1
7041,1
7042,1
7043,1
7044,1
7045,1
7046,1
7047,1
7048,1
7049,1
7050,1
7051,2
7052,1
7053,1
7054,1
7055,1
7056,2
7057,1
7058,2
7059,1
7060,4
7061,1
7062,1
7063,1
7064,1
7065,1
7066,1
7067,1
7068,1
7069,1
7070,2
7071,1
7072,1
7073,3
7074,1
7075,3
7076,3
7077,1
7078,1
7079,1
7080,1
7081,1
7082,1
7083,1
7084,1
7085,1
7086,1
7087,1
7088,1
7089,2
7090,1
7091,4
7092,1
7093,1
7094,2
7095,1
7096,1
7097,2
7098,1
7099,2
7100,1
7101,2
7102,1
7103,2
7104,1
7105,1
7106,2
7107,1
7108,1
7109,1
7110,1
7111,1
7112,1
7113,1
7114,4
7115,1
7116,2
7117,1
7118,1
7119,1
7120,1
7121,1
7122,1
7123,1
7124,1
7125,1
7126,1
7127,2
7128,1
7129,1
7130,1
7131,1
7132,1
7133,1
7134,1
7135,1
7136,1
7137,1
7138,1
7139,1
7140,2
7141,1
7142,2
7143,2
7144,1
7145,1
7146,1
7147,1
7148,4
7149,1
7150,3
7151,2
7152,1
7153,1
7154,1
7155,1
7156,1
7157,1
7158,1
7159,1
7160,1
7161,1
7162,2
7163,1
7164,1
7165,1
7166,4
7167,1
7168,1
7169,1
7170,2
7171,1
7172,2
7173,1
7174,1
7175,1
7176,1
7177,1
7178,2
7179,1
7180,1
7181,1
7182,1
7183,2
7184,1
7185,1
7186,1
7187,1
7188,1
7189,1
7190,1
7191,1
7192,1
7193,3
7194,1
7195,1
7196,1
7197,1
7198,1
7199,1
7200,1
7201,1
7202,1
7203,2
7204,2
7205,1
7206,1
7207,1
7208,2
7209,1
7210,3
7211,3
7212,1
7213,1
7214,1
7215,1
7216,1
7217,1
7218,1
7219,1
7220,4
7221,1
7222,1
7223,2
7224,1
7225,1
7226,1
7227,1
7228,1
7229,1
7230,3
7231,1
7232,1
7233,1
7234,2
7235,1
7236,1
7237,1
7238,1
7239,1
7240,1
7241,1
7242,2
7243,1
7244,1
7245,2
7246,2
7247,1
7248,2
7249,1
7250,1
7251,1
7252,1
7253,1
7254,1
7255,1
7256,1
7257,2
7258,1
7259,1
7260,1
7261,2
7262,2
7263,2
7264,1
7265,1
7266,1
7267,1
7268,1
7269,1
7270,2
7271,1
7272,1
7273,2
7274,4
7275,1
7276,3
7277,2
7278,3
7279,1
7280,1
7281,2
7282,2
7283,1
7284,1
7285,1
7286,1
7287,1
7288,1
7289,1
7290,1
7291,1
7292,1
7293,1
7294,1
7295,1
7296,2
7297,2
7298,1
7299,1
7300,1
7301,1
7302,3
7303,2
7304,1
7305,3
7306,1
7307,1
7308,1
7309,1
7310,1
7311,1
7312,1
7313,1
7314,1
7315,1
7316,1
7317,1
7318,1
7319,1
7320,1
7321,1
7322,1
7323,1
7324,3
7325,1
7326,1
7327,2
7328,1
7329,1
7330,2
7331,1
7332,1
7333,1
7334,1
7335,2
7336,2
7337,1
7338,1
7339,1
7340,1
7341,1
7342,1
7343,1
7344,1
7345,1
7346,1
7347,1
7348,1
7349,1
7350,1
7351,1
7352,1
7353,1
7354,1
7355,1
7356,1
7357,1
7358,1
7359,1
7360,1
7361,2
7362,2
7363,3
7364,1
7365,2
7366,2
7367,1
7368,1
7369,1
7370,1
7371,1
7372,1
7373,1
7374,1
7375,1
7376,1
7377,1
7378,1
7379,1
7380,1
7381,2
7382,2
7383,1
7384,1
7385,1
7386,1
7387,1
7388,1
7389,1
7390,1
7391,2
7392,1
7393,1
7394,1
7395,1
7396,1
7397,2
7398,1
7399,1
7400,1
7401,1
7402,2
7403,1
7404,2
7405,1
7406,2
7407,1
7408,1
7409,1
7410,1
7411,1
7412,1
7413,1
7414,1
7415,1
7416,1
7417,1
7418,1
7419,3
7420,1
7421,2
7422,1
7423,1
7424,1
7425,1
7426,1
7427,1
7428,1
7429,2
7430,1
7431,1
7432,1
7433,1
7434,1
7435,1
7436,1
7437,1
7438,1
7439,1
7440,2
7441,1
7442,2
7443,1
7444,1
7445,1
7446,3
7447,1
7448,1
7449,1
7450,1
7451,1
7452,1
7453,1
7454,1
7455,1
7456,1
7457,1
7458,1
7459,1
7460,2
7461,1
7462,2
7463,2
7464,1
7465,1
7466,1
7467,2
7468,1
7469,2
7470,1
7471,1
7472,1
7473,2
7474,1
7475,1
7476,1
7477,1
7478,1
7479,1
7480,1
7481,1
7482,1
7483,1
7484,1
7485,1
7486,1
7487,1
7488,1
7489,1
7490,1
7491,1
7492,1
7493,2
7494,4
7495,1
7496,1
7497,1
7498,1
7499,1
7500,1
7501,1
7502,1
7503,1
7504,1
7505,1
7506,1
7507,1
7508,1
7509,1
7510,1
7511,1
7512,1
7513,1
7514,1
7515,1
7516,3
7517,2
7518,1
7519,1
7520,1
7521,1
7522,2
7523,3
7524,1
7525,1
7526,1
7527,1
7528,1
7529,1
7530,1
7531,1
7532,1
7533,1
7534,1
7535,1
7536,1
7537,1
7538,2
7539,1
7540,2
7541,1
7542,1
7543,2
7544,1
7545,1
7546,1
7547,2
7548,1
7549,1
7550,2
7551,3
7552,1
7553,1
7554,1
7555,1
7556,1
7557,1
7558,1
7559,1
7560,1
7561,1
7562,1
7563,1
7564,1
7565,1
7566,1
7567,1
7568,1
7569,2
7570,1
7571,1
7572,2
7573,1
7574,1
7575,1
7576,1
7577,1
7578,2
7579,1
7580,1
7581,1
7582,1
7583,1
7584,1
7585,1
7586,1
7587,1
7588,1
7589,1
7590,1
7591,2
7592,1
7593,1
7594,1
7595,1
7596,1
7597,1
7598,1
7599,1
7600,1
7601,1
7602,1
7603,1
7604,1
7605,1
7606,1
7607,1
7608,2
7609,1
7610,1
7611,1
7612,1
7613,1
7614,4
7615,1
7616,1
7617,1
7618,1
7619,2
7620,1
7621,1
7622,2
7623,1
7624,1
7625,1
7626,1
7627,1
7628,1
7629,1
7630,1
7631,1
7632,1
7633,1
7634,1
7635,1
7636,1
7637,1
7638,1
7639,1
7640,1
7641,1
7642,1
7643,1
7644,1
7645,1
7646,1
7647,1
7648,3
7649,1
7650,1
7651,2
7652,1
7653,1
7654,2
7655,1
7656,1
7657,1
7658,1
7659,1
7660,1
7661,2
7662,1
7663,1
7664,1
7665,1
7666,1
7667,1
7668,1
7669,1
7670,1
7671,1
7672,1
7673,2
7674,2
7675,1
7676,1
7677,1
7678,1
7679,1
7680,2
7681,1
7682,1
7683,1
7684,1
7685,1
7686,2
7687,1
7688,1
7689,4
7690,1
7691,1
7692,1
7693,1
7694,1
7695,1
7696,1
7697,1
7698,1
7699,1
7700,1
7701,1
7702,1
7703,2
7704,2
7705,1
7706,1
7707,1
7708,1
7709,1
7710,2
7711,1
7712,2
7713,2
7714,1
7715,1
7716,1
7717,1
7718,1
7719,1
7720,1
7721,3
7722,1
7723,1
7724,2
7725,1
7726,2
7727,1
7728,2
7729,1
7730,2
7731,1
7732,2
7733,1
7734,1
7735,1
7736,1
7737,2
7738,2
7739,1
7740,1
7741,1
7742,1
7743,2
7744,2
7745,3
7746,2
7747,1
7748,1
7749,1
7750,1
7751,1
7752,3
7753,2
7754,4
7755,1
7756,1
7757,1
7758,1
7759,1
7760,1
7761,1
7762,1
7763,1
7764,1
7765,3
7766,1
7767,1
7768,2
7769,1
7770,2
7771,3
7772,2
7773,1
7774,1
7775,1
7776,1
7777,1
7778,1
7779,1
7780,1
7781,1
7782,1
7783,1
7784,3
7785,1
7786,1
7787,1
7788,3
7789,2
7790,1
7791,1
7792,1
7793,1
7794,1
7795,1
7796,1
7797,1
7798,1
7799,1
7800,2
7801,1
7802,1
7803,2
7804,1
7805,1
7806,1
7807,4
7808,1
7809,1
7810,1
7811,1
7812,1
7813,1
7814,1
7815,1
7816,1
7817,2
7818,1
7819,1
7820,1
7821,1
7822,1
7823,1
7824,1
7825,1
7826,1
7827,1
7828,1
7829,1
7830,1
7831,2
7832,1
7833,1
7834,2
7835,1
7836,1
7837,1
7838,3
7839,1
7840,1
7841,1
7842,1
7843,1
7844,1
7845,2
7846,1
7847,1
7848,1
7849,1
7850,1
7851,1
7852,1
7853,1
7854,1
7855,3
7856,1
7857,1
7858,1
7859,1
7860,1
7861,1
7862,1
7863,2
7864,2
7865,1
7866,1
7867,1
7868,1
7869,1
7870,1
7871,1
7872,1
7873,1
7874,1
7875,1
7876,1
7877,1
7878,1
7879,1
7880,1
7881,1
7882,2
7883,1
7884,1
7885,1
7886,1
7887,1
7888,1
7889,1
7890,1
7891,1
7892,2
7893,1
7894,1
7895,1
7896,1
7897,1
7898,1
7899,1
7900,3
7901,1
7902,1
7903,1
7904,1
7905,1
7906,1
7907,2
7908,1
7909,2
7910,1
7911,1
7912,1
7913,1
7914,2
7915,1
7916,1
7917,1
7918,1
7919,1
7920,1
7921,1
7922,1
7923,1
7924,3
7925,1
7926,1
7927,1
7928,1
7929,2
7930,1
7931,1
7932,1
7933,1
7934,2
7935,1
7936,1
7937,1
7938,2
7939,1
7940,1
7941,1
7942,1
7943,1
7944,1
7945,1
7946,1
7947,1
7948,1
7949,1
7950,2
7951,3
7952,1
7953,1
7954,1
7955,1
7956,1
7957,1
7958,2
7959,1
7960,1
7961,1
7962,2
7963,1
7964,1
7965,1
7966,1
7967,1
7968,1
7969,1
7970,1
7971,1
7972,2
7973,1
7974,1
7975,1
7976,1
7977,1
7978,1
7979,1
7980,1
7981,1
7982,1
7983,1
7984,1
7985,1
7986,1
7987,1
7988,2
7989,1
7990,1
7991,1
7992,1
7993,1
7994,1
7995,1
7996,1
7997,1
7998,1
7999,1
8000,1
8001,1
8002,1
8003,2
8004,1
8005,1
8006,1
8007,1
8008,1
8009,1
8010,1
8011,2
8012,2
8013,1
8014,1
8015,1
8016,1
8017,2
8018,1
8019,1
8020,1
8021,1
8022,2
8023,2
8024,1
8025,1
8026,1
8027,1
8028,1
8029,1
8030,1
8031,2
8032,1
8033,1
8034,2
8035,1
8036,1
8037,1
8038,1
8039,1
8040,1
8041,3
8042,1
8043,1
8044,1
8045,3
8046,1
8047,2
8048,1
8049,1
8050,1
8051,1
8052,1
8053,1
8054,1
8055,1
8056,1
8057,1
8058,1
8059,1
8060,1
8061,1
8062,1
8063,2
8064,1
8065,1
8066,1
8067,1
8068,1
8069,1
8070,1
8071,1
8072,1
8073,1
8074,1
8075,1
8076,1
8077,1
8078,1
8079,1
8080,1
8081,1
8082,1
8083,1
8084,1
8085,1
8086,1
8087,1
8088,1
8089,1
8090,4
8091,1
8092,1
8093,2
8094,1
8095,1
8096,1
8097,1
8098,1
8099,1
8100,2
8101,1
8102,1
8103,1
8104,1
8105,1
8106,1
8107,1
8108,1
8109,1
8110,1
8111,1
8112,1
8113,1
8114,1
8115,1
8116,2
8117,1
8118,1
8119,1
8120,1
8121,1
8122,1
8123,1
8124,1
8125,1
8126,1
8127,1
8128,1
8129,1
8130,1
8131,1
8132,1
8133,1
8134,1
8135,1
8136,2
8137,1
8138,1
8139,1
8140,1
8141,1
8142,1
8143,1
8144,1
8145,2
8146,1
8147,1
8148,1
8149,1
8150,1
8151,1
8152,1
8153,1
8154,1
8155,2
8156,1
8157,1
8158,1
8159,2
8160,1
8161,1
8162,1
8163,1
8164,1
8165,1
8166,1
8167,1
8168,1
8169,1
8170,2
8171,1
8172,1
8173,2
8174,1
8175,1
8176,1
8177,1
8178,1
8179,2
8180,1
8181,1
8182,1
8183,1
8184,1
8185,1
8186,1
8187,1
8188,1
8189,1
8190,1
8191,1
8192,1
8193,1
8194,1
8195,1
8196,1
8197,1
8198,1
8199,1
8200,2
8201,1
8202,1
8203,2
8204,1
8205,1
8206,1
8207,1
8208,1
8209,2
8210,1
8211,1
8212,1
8213,1
8214,1
8215,1
8216,1
8217,1
8218,1
8219,1
8220,1
8221,1
8222,1
8223,1
8224,1
8225,1
8226,1
8227,1
8228,1
8229,1
8230,1
8231,1
8232,1
8233,1
8234,2
8235,1
8236,1
8237,1
8238,1
8239,1
8240,1
8241,1
8242,1
8243,1
8244,1
8245,1
8246,1
8247,2
8248,1
8249,1
8250,2
8251,1
8252,1
8253,1
8254,1
8255,1
8256,1
8257,2
8258,1
8259,1
8260,1
8261,2
8262,1
8263,1
8264,1
8265,2
8266,1
8267,1
8268,1
8269,1
8270,2
8271,1
8272,1
8273,1
8274,1
8275,1
8276,1
8277,1
8278,1
8279,1
8280,2
8281,1
8282,1
8283,1
8284,2
8285,3
8286,1
8287,2
8288,3
8289,1
8290,1
8291,1
8292,1
8293,1
8294,1
8295,1
8296,2
8297,1
8298,1
8299,1
8300,1
8301,1
8302,1
8303,1
8304,1
8305,1
8306,1
8307,2
8308,1
8309,1
8310,1
8311,1
8312,1
8313,1
8314,1
8315,1
8316,1
8317,2
8318,2
8319,1
8320,1
8321,2
8322,1
8323,1
8324,2
8325,1
8326,1
8327,1
8328,1
8329,1
8330,1
8331,1
8332,1
8333,1
8334,1
8335,1
8336,1
8337,1
8338,1
8339,1
8340,1
8341,1
8342,1
8343,1
8344,1
8345,1
8346,1
8347,1
8348,1
8349,3
8350,1
8351,1
8352,1
8353,2
8354,1
8355,2
8356,1
8357,1
8358,1
8359,2
8360,1
8361,1
8362,1
8363,1
8364,1
8365,1
8366,1
8367,3
8368,1
8369,2
8370,2
8371,1
8372,1
8373,1
8374,1
8375,1
8376,2
8377,2
8378,1
8379,1
8380,2
8381,1
8382,1
8383,1
8384,1
8385,1
8386,1
8387,1
8388,1
8389,2
8390,1
8391,1
8392,1
8393,1
8394,1
8395,1
8396,1
8397,1
8398,1
8399,1
8400,1
8401,1
8402,1
8403,1
8404,1
8405,1
8406,1
8407,1
8408,1
8409,1
8410,1
8411,1
8412,1
8413,1
8414,1
8415,1
8416,1
8417,1
8418,2
8419,1
8420,1
8421,1
8422,1
8423,1
8424,1
8425,1
8426,2
8427,1
8428,1
8429,1
8430,1
8431,1
8432,1
8433,2
8434,2
8435,1
8436,1
8437,1
8438,1
8439,1
8440,1
8441,1
8442,2
8443,1
8444,1
8445,1
8446,1
8447,1
8448,1
8449,1
8450,1
8451,1
8452,1
8453,1
8454,1
8455,1
8456,1
8457,1
8458,1
8459,1
8460,1
8461,1
8462,1
8463,1
8464,1
8465,1
8466,1
8467,1
8468,2
8469,1
8470,1
8471,1
8472,1
8473,2
8474,1
8475,1
8476,1
8477,1
8478,1
8479,1
8480,1
8481,1
8482,1
8483,1
8484,1
8485,1
8486,1
8487,1
8488,1
8489,1
8490,1
8491,1
8492,1
8493,1
8494,1
8495,1
8496,1
8497,1
8498,1
8499,1
8500,1
8501,1
8502,1
8503,1
8504,1
8505,1
8506,1
8507,2
8508,1
8509,1
8510,1
8511,1
8512,1
8513,3
8514,1
8515,1
8516,2
8517,1
8518,1
8519,1
8520,1
8521,1
8522,2
8523,1
8524,1
8525,1
8526,1
8527,1
8528,1
8529,1
8530,3
8531,1
8532,1
8533,1
8534,2
8535,1
8536,1
8537,1
8538,3
8539,1
8540,1
8541,1
8542,1
8543,2
8544,1
8545,1
8546,1
8547,1
8548,1
8549,1
8550,1
8551,1
8552,1
8553,1
8554,1
8555,1
8556,1
8557,1
8558,1
8559,1
8560,3
8561,1
8562,2
8563,2
8564,2
8565,2
8566,1
8567,1
8568,1
8569,1
8570,1
8571,1
8572,1
8573,1
8574,1
8575,1
8576,1
8577,1
8578,1
8579,1
8580,1
8581,1
8582,1
8583,1
8584,1
8585,1
8586,1
8587,1
8588,1
8589,1
8590,1
8591,1
8592,1
8593,2
8594,1
8595,1
8596,2
8597,2
8598,2
8599,1
8600,1
8601,1
8602,1
8603,1
8604,1
8605,1
8606,1
8607,1
8608,1
8609,1
8610,1
8611,1
8612,1
8613,1
8614,1
8615,1
8616,1
8617,2
8618,1
8619,3
8620,1
8621,1
8622,1
8623,1
8624,1
8625,1
8626,1
8627,1
8628,1
8629,1
8630,1
8631,1
8632,1
8633,2
8634,1
8635,1
8636,2
8637,1
8638,1
8639,2
8640,1
8641,3
8642,1
8643,1
8644,1
8645,1
8646,1
8647,1
8648,1
8649,1
8650,1
8651,2
8652,2
8653,1
8654,2
8655,1
8656,1
8657,1
8658,3
8659,1
8660,1
8661,1
8662,1
8663,1
8664,1
8665,1
8666,1
8667,1
8668,1
8669,1
8670,1
8671,1
8672,1
8673,1
8674,1
8675,2
8676,1
8677,1
8678,1
8679,2
8680,2
8681,1
8682,1
8683,1
8684,1
8685,2
8686,1
8687,1
8688,1
8689,1
8690,2
8691,1
8692,1
8693,1
8694,1
8695,1
8696,1
8697,1
8698,1
8699,2
8700,1
8701,1
8702,2
8703,1
8704,1
8705,1
8706,1
8707,1
8708,1
8709,1
8710,1
8711,1
8712,2
8713,1
8714,1
8715,1
8716,1
8717,1
8718,1
8719,1
8720,1
8721,1
8722,1
8723,2
8724,1
8725,1
8726,1
8727,1
8728,1
8729,1
8730,1
8731,1
8732,1
8733,1
8734,1
8735,1
8736,1
8737,1
8738,2
8739,1
8740,1
8741,1
8742,1
8743,2
8744,2
8745,1
8746,1
8747,1
8748,1
8749,1
8750,1
8751,1
8752,2
8753,1
8754,2
8755,1
8756,1
8757,1
8758,1
8759,1
8760,1
8761,1
8762,1
8763,1
8764,2
8765,1
8766,1
8767,1
8768,1
8769,1
8770,1
8771,1
8772,1
8773,1
8774,1
8775,1
8776,1
8777,1
8778,1
8779,1
8780,1
8781,1
8782,1
8783,1
8784,1
8785,1
8786,2
8787,1
8788,1
8789,2
8790,1
8791,1
8792,2
8793,2
8794,1
8795,1
8796,2
8797,2
8798,1
8799,1
8800,2
8801,2
8802,3
8803,1
8804,1
8805,1
8806,1
8807,1
8808,1
8809,1
8810,1
8811,1
8812,1
8813,1
8814,1
8815,2
8816,1
8817,1
8818,1
8819,1
8820,1
8821,1
8822,1
8823,1
8824,1
8825,1
8826,1
8827,1
8828,2
8829,1
8830,1
8831,1
8832,1
8833,1
8834,1
8835,1
8836,1
8837,1
8838,1
8839,1
8840,1
8841,1
8842,1
8843,1
8844,3
8845,1
8846,1
8847,1
8848,1
8849,1
8850,2
8851,1
8852,1
8853,1
8854,2
8855,1
8856,1
8857,1
8858,1
8859,1
8860,1
8861,1
8862,1
8863,1
8864,1
8865,1
8866,1
8867,2
8868,1
8869,1
8870,1
8871,1
8872,1
8873,1
8874,2
8875,1
8876,1
8877,1
8878,1
8879,1
8880,1
8881,1
8882,1
8883,1
8884,1
8885,1
8886,1
8887,1
8888,1
8889,1
8890,1
8891,1
8892,1
8893,1
8894,1
8895,1
8896,1
8897,1
8898,1
8899,1
8900,1
8901,1
8902,1
8903,1
8904,1
8905,1
8906,1
8907,1
8908,1
8909,1
8910,1
8911,1
8912,1
8913,1
8914,1
8915,2
8916,2
8917,1
8918,1
8919,2
8920,1
8921,1
8922,1
8923,1
8924,2
8925,1
8926,1
8927,1
8928,1
8929,1
8930,1
8931,1
8932,1
8933,1
8934,2
8935,1
8936,1
8937,1
8938,1
8939,1
8940,1
8941,1
8942,1
8943,1
8944,2
8945,1
8946,1
8947,1
8948,1
8949,1
8950,1
8951,1
8952,1
8953,1
8954,1
8955,4
8956,1
8957,1
8958,1
8959,1
8960,1
8961,1
8962,1
8963,1
8964,1
8965,1
8966,1
8967,1
8968,1
8969,1
8970,2
8971,1
8972,1
8973,2
8974,1
8975,1
8976,1
8977,1
8978,1
8979,1
8980,1
8981,1
8982,1
8983,1
8984,1
8985,1
8986,1
8987,4
8988,2
8989,1
8990,1
8991,1
8992,1
8993,1
8994,1
8995,1
8996,1
8997,2
8998,1
8999,1
9000,1
9001,3
9002,1
9003,1
9004,1
9005,1
9006,1
9007,2
9008,1
9009,2
9010,2
9011,1
9012,1
9013,1
9014,1
9015,1
9016,1
9017,1
9018,1
9019,1
9020,2
9021,1
9022,1
9023,1
9024,1
9025,1
9026,1
9027,1
9028,1
9029,1
9030,1
9031,1
9032,2
9033,1
9034,1
9035,1
9036,1
9037,1
9038,2
9039,1
9040,1
9041,1
9042,1
9043,2
9044,1
9045,1
9046,1
9047,2
9048,1
9049,1
9050,1
9051,1
9052,2
9053,1
9054,1
9055,1
9056,1
9057,1
9058,1
9059,1
9060,1
9061,1
9062,1
9063,2
9064,1
9065,1
9066,1
9067,1
9068,1
9069,1
9070,1
9071,2
9072,1
9073,1
9074,1
9075,1
9076,1
9077,1
9078,1
9079,1
9080,1
9081,1
9082,1
9083,1
9084,1
9085,1
9086,1
9087,1
9088,1
9089,2
9090,1
9091,2
9092,1
9093,1
9094,1
9095,1
9096,1
9097,1
9098,1
9099,1
9100,1
9101,1
9102,1
9103,1
9104,2
9105,1
9106,1
9107,1
9108,1
9109,1
9110,1
9111,1
9112,1
9113,1
9114,1
9115,1
9116,2
9117,1
9118,1
9119,1
9120,1
9121,1
9122,2
9123,1
9124,1
9125,1
9126,1
9127,1
9128,1
9129,1
9130,1
9131,1
9132,1
9133,1
9134,1
9135,1
9136,2
9137,1
9138,1
9139,1
9140,1
9141,1
9142,1
9143,1
9144,1
9145,1
9146,1
9147,1
9148,1
9149,1
9150,1
9151,1
9152,1
9153,2
9154,1
9155,1
9156,1
9157,1
9158,1
9159,1
9160,1
9161,1
9162,1
9163,1
9164,1
9165,1
9166,1
9167,1
9168,1
9169,1
9170,1
9171,1
9172,1
9173,1
9174,1
9175,1
9176,1
9177,1
9178,1
9179,1
9180,1
9181,1
9182,1
9183,1
9184,1
9185,1
9186,1
9187,1
9188,1
9189,1
9190,2
9191,1
9192,1
9193,1
9194,1
9195,1
9196,1
9197,1
9198,1
9199,1
9200,2
9201,1
9202,1
9203,1
9204,1
9205,1
9206,1
9207,1
9208,1
9209,1
9210,1
9211,1
9212,1
9213,2
9214,1
9215,1
9216,2
9217,1
9218,1
9219,1
9220,1
9221,1
9222,1
9223,1
9224,1
9225,1
9226,2
9227,1
9228,1
9229,1
9230,1
9231,1
9232,1
9233,1
9234,1
9235,1
9236,1
9237,2
9238,1
9239,1
9240,1
9241,1
9242,1
9243,1
9244,1
9245,2
9246,1
9247,1
9248,2
9249,1
9250,2
9251,2
9252,1
9253,1
9254,3
9255,1
9256,1
9257,1
9258,1
9259,1
9260,1
9261,1
9262,1
9263,1
9264,1
9265,1
9266,1
9267,1
9268,1
9269,1
9270,1
9271,1
9272,1
9273,1
9274,1
9275,1
9276,1
9277,1
9278,2
9279,1
9280,1
9281,1
9282,1
9283,2
9284,1
9285,1
9286,1
9287,1
9288,1
9289,1
9290,1
9291,1
9292,1
9293,2
9294,1
9295,1
9296,1
9297,1
9298,2
9299,1
9300,1
9301,1
9302,1
9303,1
9304,1
9305,1
9306,1
9307,1
9308,1
9309,2
9310,1
9311,1
9312,1
9313,1
9314,1
9315,1
9316,1
9317,2
9318,1
9319,1
9320,1
9321,2
9322,1
9323,1
9324,1
9325,1
9326,1
9327,1
9328,1
9329,1
9330,1
9331,1
9332,1
9333,1
9334,1
9335,1
9336,1
9337,1
9338,1
9339,1
9340,2
9341,1
9342,1
9343,1
9344,1
9345,1
9346,1
9347,1
9348,1
9349,1
9350,1
9351,1
9352,2
9353,1
9354,1
9355,1
9356,1
9357,1
9358,1
9359,1
9360,1
9361,1
9362,1
9363,1
9364,1
9365,1
9366,1
9367,1
9368,1
9369,1
9370,1
9371,1
9372,1
9373,1
9374,1
9375,1
9376,1
9377,1
9378,1
9379,1
9380,1
9381,1
9382,1
9383,2
9384,1
9385,1
9386,1
9387,1
9388,1
9389,2
9390,1
9391,1
9392,1
9393,1
9394,2
9395,1
9396,1
9397,1
9398,1
9399,1
9400,1
9401,1
9402,2
9403,1
9404,1
9405,1
9406,1
9407,2
9408,1
9409,1
9410,1
9411,2
9412,1
9413,1
9414,1
9415,2
9416,1
9417,2
9418,1
9419,1
9420,1
9421,1
9422,1
9423,1
9424,1
9425,1
9426,1
9427,1
9428,2
9429,1
9430,1
9431,1
9432,1
9433,1
9434,1
9435,1
9436,2
9437,1
9438,1
9439,1
9440,2
9441,1
9442,1
9443,2
9444,1
9445,2
9446,1
9447,1
9448,1
9449,1
9450,1
9451,1
9452,1
9453,1
9454,1
9455,1
9456,1
9457,2
9458,1
9459,1
9460,1
9461,1
9462,1
9463,1
9464,1
9465,1
9466,1
9467,1
9468,1
9469,1
9470,2
9471,1
9472,1
9473,1
9474,1
9475,1
9476,1
9477,1
9478,1
9479,1
9480,1
9481,1
9482,1
9483,1
9484,1
9485,1
9486,1
9487,1
9488,1
9489,2
9490,1
9491,1
9492,1
9493,1
9494,1
9495,1
9496,1
9497,1
9498,1
9499,2
9500,1
9501,2
9502,1
9503,1
9504,1
9505,1
9506,1
9507,1
9508,1
9509,1
9510,1
9511,1
9512,2
9513,1
9514,1
9515,2
9516,1
9517,1
9518,1
9519,1
9520,1
9521,1
9522,1
9523,1
9524,1
9525,1
9526,1
9527,1
9528,1
9529,2
9530,1
9531,1
9532,1
9533,1
9534,1
9535,1
9536,1
9537,1
9538,1
9539,1
9540,1
9541,1
9542,2
9543,1
9544,1
9545,1
9546,2
9547,1
9548,1
9549,1
9550,1
9551,2
9552,1
9553,1
9554,1
9555,1
9556,1
9557,1
9558,2
9559,1
9560,2
9561,1
9562,1
9563,1
9564,1
9565,1
9566,1
9567,1
9568,1
9569,1
9570,1
9571,1
9572,1
9573,1
9574,1
9575,2
9576,1
9577,1
9578,1
9579,1
9580,1
9581,1
9582,1
9583,1
9584,1
9585,1
9586,2
9587,1
9588,1
9589,1
9590,1
9591,1
9592,1
9593,1
9594,1
9595,2
9596,1
9597,1
9598,1
9599,1
9600,1
9601,1
9602,1
9603,2
9604,1
9605,1
9606,2
9607,1
9608,1
9609,1
9610,1
9611,1
9612,1
9613,1
9614,1
9615,1
9616,1
9617,1
9618,1
9619,1
9620,1
9621,1
9622,1
9623,1
9624,1
9625,1
9626,1
9627,1
9628,1
9629,1
9630,1
9631,1
9632,1
9633,1
9634,1
9635,1
9636,1
9637,1
9638,1
9639,1
9640,1
9641,1
9642,1
9643,1
9644,2
9645,1
9646,1
9647,2
9648,1
9649,1
9650,1
9651,1
9652,1
9653,1
9654,1
9655,2
9656,1
9657,1
9658,1
9659,1
9660,1
9661,1
9662,1
9663,1
9664,1
9665,1
9666,2
9667,1
9668,1
9669,1
9670,1
9671,1
9672,1
9673,1
9674,1
9675,1
9676,1
9677,1
9678,1
9679,1
9680,1
9681,1
9682,1
9683,1
9684,1
9685,1
9686,1
9687,1
9688,1
9689,1
9690,1
9691,1
9692,1
9693,1
9694,2
9695,1
9696,1
9697,1
9698,1
9699,1
9700,2
9701,2
9702,1
9703,1
9704,1
9705,1
9706,1
9707,2
9708,1
9709,1
9710,1
9711,1
9712,1
9713,1
9714,1
9715,1
9716,1
9717,1
9718,1
9719,1
9720,1
9721,1
9722,1
9723,2
9724,1
9725,1
9726,1
9727,1
9728,1
9729,1
9730,1
9731,1
9732,1
9733,1
9734,2
9735,1
9736,1
9737,1
9738,2
9739,1
9740,1
9741,1
9742,1
9743,1
9744,1
9745,1
9746,3
9747,1
9748,1
9749,1
9750,1
9751,1
9752,1
9753,1
9754,1
9755,2
9756,1
9757,1
9758,1
9759,1
9760,1
9761,1
9762,2
9763,1
9764,1
9765,1
9766,1
9767,1
9768,2
9769,1
9770,1
9771,1
9772,1
9773,1
9774,1
9775,1
9776,1
9777,1
9778,1
9779,1
9780,2
9781,1
9782,1
9783,1
9784,1
9785,1
9786,1
9787,1
9788,1
9789,1
9790,1
9791,2
9792,2
9793,1
9794,1
9795,1
9796,1
9797,1
9798,1
9799,2
9800,1
9801,1
9802,1
9803,1
9804,1
9805,1
9806,2
9807,1
9808,1
9809,1
9810,1
9811,1
9812,1
9813,1
9814,1
9815,1
9816,1
9817,1
9818,1
9819,1
9820,1
9821,1
9822,1
9823,1
9824,1
9825,1
9826,1
9827,1
9828,1
9829,1
9830,1
9831,1
9832,1
9833,1
9834,1
9835,1
9836,1
9837,1
9838,1
9839,1
9840,1
9841,1
9842,1
9843,1
9844,2
9845,1
9846,1
9847,1
9848,1
9849,1
9850,1
9851,2
9852,1
9853,1
9854,1
9855,1
9856,1
9857,1
9858,1
9859,1
9860,1
9861,1
9862,1
9863,1
9864,1
9865,2
9866,1
9867,1
9868,1
9869,1
9870,1
9871,1
9872,1
9873,1
9874,1
9875,1
9876,1
9877,1
9878,1
9879,1
9880,1
9881,1
9882,1
9883,1
9884,1
9885,1
9886,1
9887,1
9888,1
9889,1
9890,2
9891,1
9892,1
9893,1
9894,1
9895,1
9896,1
9897,1
9898,1
9899,3
9900,1
9901,1
9902,1
9903,1
9904,1
9905,1
9906,2
9907,1
9908,1
9909,1
9910,2
9911,1
9912,1
9913,1
9914,2
9915,2
9916,1
9917,2
9918,1
9919,1
9920,1
9921,1
9922,1
9923,1
9924,1
9925,1
9926,1
9927,1
9928,1
9929,1
9930,1
9931,1
9932,1
9933,1
9934,1
9935,1
9936,1
9937,1
9938,1
9939,1
9940,2
9941,1
9942,1
9943,1
9944,1
9945,1
9946,1
9947,1
9948,1
9949,1
9950,1
9951,1
9952,1
9953,1
9954,2
9955,1
9956,1
9957,1
9958,1
9959,1
9960,1
9961,1
9962,1
9963,1
9964,1
9965,1
9966,1
9967,1
9968,1
9969,1
9970,1
9971,1
9972,1
9973,1
9974,1
9975,1
9976,1
9977,1
9978,1
9979,1
9980,1
9981,2
9982,1
9983,1
9984,1
9985,1
9986,1
9987,1
9988,1
9989,1
9990,1
9991,1
9992,1
9993,1
9994,1
9995,1
9996,1
9997,1
9998,1
9999,1
10000,1
10001,1
10002,1
10003,1
10004,1
10005,1
10006,1
10007,2
10008,2
10009,1
10010,1
10011,1
10012,1
10013,1
10014,1
10015,1
10016,1
10017,1
10018,1
10019,1
10020,1
10021,1
10022,2
10023,1
10024,1
10025,2
10026,2
10027,1
10028,1
10029,1
10030,1
10031,1
10032,1
10033,1
10034,1
10035,1
10036,1
10037,1
10038,1
10039,1
10040,1
10041,1
10042,1
10043,1
10044,1
10045,1
10046,1
10047,1
10048,1
10049,1
10050,1
10051,1
10052,1
10053,1
10054,1
10055,1
10056,1
10057,1
10058,1
10059,1
10060,1
10061,3
10062,1
10063,1
10064,1
10065,1
10066,1
10067,1
10068,1
10069,1
10070,1
10071,1
10072,1
10073,1
10074,1
10075,1
10076,1
10077,1
10078,1
10079,1
10080,1
10081,1
10082,1
10083,1
10084,1
10085,1
10086,1
10087,1
10088,1
10089,1
10090,1
10091,1
10092,1
10093,1
10094,1
10095,1
10096,1
10097,1
10098,1
10099,1
10100,1
10101,1
10102,1
10103,2
10104,1
10105,1
10106,1
10107,1
10108,1
10109,1
10110,1
10111,1
10112,1
10113,1
10114,1
10115,1
10116,2
10117,1
10118,1
10119,1
10120,1
10121,1
10122,1
10123,1
10124,1
10125,1
10126,1
10127,1
10128,1
10129,1
10130,1
10131,1
10132,1
10133,1
10134,1
10135,1
10136,1
10137,1
10138,1
10139,1
10140,1
10141,1
10142,1
10143,1
10144,1
10145,1
10146,1
10147,1
10148,1
10149,1
10150,1
10151,1
10152,1
10153,1
10154,1
10155,1
10156,1
10157,1
10158,1
10159,1
10160,1
10161,1
10162,1
10163,1
10164,1
10165,1
10166,1
10167,1
10168,1
10169,1
10170,1
10171,1
10172,1
10173,1
10174,1
10175,1
10176,1
10177,1
10178,1
10179,1
10180,1
10181,1
10182,1
10183,1
10184,1
10185,1
10186,1
10187,1
10188,1
10189,1
10190,1
10191,1
10192,1
10193,1
10194,1
10195,1
10196,1
10197,1
10198,1
10199,1
10200,1
10201,1
10202,1
10203,1
10204,1
10205,1
10206,1
10207,1
10208,1
10209,1
10210,1
10211,1
10212,1
10213,1
10214,1
10215,1
10216,1
10217,1
10218,1
10219,1
10220,1
10221,1
10222,1
10223,1
10224,1
10225,1
10226,1
10227,2
10228,1
10229,1
10230,1
10231,1
10232,1
10233,1
10234,1
10235,1
10236,1
10237,1
10238,1
10239,1
10240,1
10241,1
10242,1
10243,1
10244,1
10245,1
10246,1
10247,1
10248,1
10249,1
10250,1
10251,1
10252,1
10253,1
10254,1
10255,1
10256,1
10257,1
10258,1
10259,1
10260,2
10261,1
10262,2
10263,1
10264,1
10265,1
10266,1
10267,1
10268,1
10269,1
10270,1
10271,1
10272,1
10273,1
10274,1
10275,1
10276,1
10277,1
10278,1
10279,1
10280,1
10281,1
10282,1
10283,1
10284,1
10285,1
10286,1
10287,1
10288,1
10289,1
10290,1
10291,1
10292,1
10293,1
10294,1
10295,1
10296,1
10297,1
10298,1
10299,1
10300,1
10301,1
10302,1
10303,1
10304,1
10305,1
10306,1
10307,1
10308,1
10309,1
10310,1
10311,1
10312,1
10313,1
10314,1
10315,1
10316,1
10317,1
10318,1
10319,1
10320,1
10321,1
10322,1
10323,1
10324,1
10325,1
10326,1
10327,1
10328,1
10329,1
10330,1
10331,1
10332,1
10333,1
10334,1
10335,1
10336,1
10337,1
10338,1
10339,1
10340,1
10341,1
10342,1
10343,1
10344,1
10345,1
10346,1
10347,1
10348,1
10349,1
10350,1
10351,1
10352,1
10353,1
10354,1
10355,1
10356,1
10357,1
10358,1
10359,1
10360,1
10361,1
10362,1
10363,1
10364,1
10365,1
10366,2
10367,1
10368,1
10369,1
10370,1
10371,1
10372,1
10373,1
10374,1
10375,1
10376,1
10377,1
10378,1
10379,1
10380,1
10381,1
10382,1
10383,1
10384,1
10385,1
10386,1
10387,1
10388,1
10389,1
10390,1
10391,1
10392,1
10393,1
10394,1
10395,1
10396,1
10397,1
10398,1
10399,1
10400,1
10401,1
10402,1
10403,1
10404,1
10405,1
10406,1
10407,1
10408,1
10409,1
10410,1
10411,2
10412,1
10413,1
10414,1
10415,1
10416,1
10417,1
10418,1
10419,1
10420,1
10421,1
10422,1
10423,1
10424,1
10425,1
10426,1
10427,1
10428,1
10429,1
10430,1
10431,1
10432,2
10433,1
10434,1
10435,1
10436,1
10437,1
10438,1
10439,1
10440,1
10441,2
10442,1
10443,1
10444,1
10445,1
10446,1
10447,1
10448,1
10449,1
10450,1
10451,1
10452,1
10453,2
10454,1
10455,1
10456,1
10457,1
10458,1
10459,1
10460,2
10461,1
10462,1
10463,1
10464,1
10465,1
10466,1
10467,1
10468,1
10469,1
10470,2
10471,1
10472,1
10473,1
10474,1
10475,1
10476,1
10477,2
10478,1
10479,1
10480,1
10481,1
10482,1
10483,1
10484,1
10485,1
10486,1
10487,1
10488,1
10489,1
10490,1
10491,1
10492,1
10493,1
10494,1
10495,1
10496,1
10497,1
10498,1
10499,1
10500,1
10501,1
10502,1
10503,1
10504,1
10505,1
10506,1
10507,1
10508,1
10509,1
10510,1
10511,1
10512,1
10513,1
10514,1
10515,1
10516,1
10517,1
10518,1
10519,1
10520,1
10521,1
10522,1
10523,1
10524,1
10525,1
10526,1
10527,1
10528,1
10529,1
10530,1
10531,1
10532,1
10533,1
10534,1
10535,1
10536,2
10537,1
10538,1
10539,1
10540,1
10541,1
10542,1
10543,1
10544,1
10545,2
10546,1
10547,1
10548,1
10549,1
10550,1
10551,1
10552,1
10553,1
10554,1
10555,1
10556,1
10557,1
10558,1
10559,1
10560,1
10561,1
10562,1
10563,1
10564,1
10565,1
10566,1
10567,1
10568,1
10569,1
10570,1
10571,1
10572,1
10573,1
10574,1
10575,1
10576,1
10577,1
10578,1
10579,1
10580,2
10581,1
10582,1
10583,1
10584,1
10585,1
10586,1
10587,1
10588,1
10589,1
10590,1
10591,1
10592,1
10593,1
10594,1
10595,1
10596,1
10597,1
10598,1
10599,1
10600,2
10601,1
10602,1
10603,1
10604,1
10605,2
10606,1
10607,1
10608,1
10609,1
10610,1
10611,1
10612,1
10613,1
10614,1
10615,1
10616,2
10617,1
10618,1
10619,1
10620,1
10621,1
10622,1
10623,1
10624,1
10625,1
10626,1
10627,1
10628,1
10629,1
10630,1
10631,1
10632,1
10633,1
10634,1
10635,1
10636,1
10637,1
10638,1
10639,1
10640,1
10641,1
10642,1
10643,1
10644,1
10645,1
10646,1
10647,1
10648,1
10649,1
10650,1
10651,1
10652,1
10653,1
10654,1
10655,1
10656,1
10657,1
10658,1
10659,1
10660,1
10661,1
10662,1
10663,2
10664,1
10665,1
10666,1
10667,1
10668,1
10669,1
10670,1
10671,1
10672,1
10673,1
10674,1
10675,2
10676,1
10677,1
10678,1
10679,1
10680,1
10681,1
10682,1
10683,1
10684,1
10685,1
10686,1
10687,1
10688,1
10689,1
10690,1
10691,1
10692,1
10693,1
10694,1
10695,1
10696,1
10697,1
10698,1
10699,1
10700,2
10701,1
10702,1
10703,1
10704,1
10705,1
10706,1
10707,1
10708,1
10709,1
10710,1
10711,1
10712,1
10713,1
10714,1
10715,1
10716,1
10717,1
10718,1
10719,1
10720,1
10721,1
10722,1
10723,1
10724,1
10725,1
10726,1
10727,1
10728,1
10729,1
10730,1
10731,1
10732,1
10733,1
10734,1
10735,1
10736,2
10737,1
10738,1
10739,1
10740,1
10741,1
10742,1
10743,1
10744,1
10745,1
10746,2
10747,1
10748,1
10749,1
10750,1
10751,1
10752,1
10753,1
10754,2
10755,1
10756,1
10757,1
10758,1
10759,1
10760,1
10761,1
10762,1
10763,1
10764,1
10765,1
10766,1
10767,1
10768,1
10769,1
10770,1
10771,1
10772,1
10773,1
10774,1
10775,1
10776,1
10777,1
10778,1
10779,1
10780,1
10781,1
10782,1
10783,1
10784,1
10785,1
10786,1
10787,1
10788,1
10789,1
10790,1
10791,1
10792,1
10793,1
10794,1
10795,1
10796,1
10797,1
10798,1
10799,1
10800,1
10801,1
10802,1
10803,2
10804,1
10805,1
10806,1
10807,1
10808,1
10809,1
10810,1
10811,1
10812,1
10813,1
10814,1
10815,1
10816,1
10817,1
10818,1
10819,1
10820,1
10821,1
10822,1
10823,1
10824,1
10825,1
10826,1
10827,1
10828,1
10829,1
10830,1
10831,1
10832,1
10833,1
10834,1
10835,1
10836,2
10837,1
10838,1
10839,1
10840,1
10841,1
10842,1
10843,1
10844,1
10845,1
10846,1
10847,1
10848,1
10849,1
10850,1
10851,1
10852,1
10853,1
10854,2
10855,1
10856,1
10857,1
10858,1
10859,1
10860,1
10861,1
10862,1
10863,1
10864,1
10865,1
10866,1
10867,1
10868,1
10869,1
10870,1
10871,1
10872,1
10873,1
10874,1
10875,1
10876,1
10877,1
10878,1
10879,1
10880,1
10881,1
10882,1
10883,1
10884,1
10885,2
10886,1
10887,1
10888,1
10889,2
10890,2
10891,1
10892,1
10893,1
10894,1
10895,1
10896,1
10897,1
10898,1
10899,1
10900,1
10901,1
10902,1
10903,1
10904,1
10905,1
10906,1
10907,1
10908,1
10909,1
10910,1
10911,1
10912,1
10913,1
10914,1
10915,1
10916,1
10917,1
10918,1
10919,1
10920,1
10921,1
10922,1
10923,1
10924,1
10925,1
10926,1
10927,1
10928,1
10929,2
10930,2
10931,1
10932,1
10933,1
10934,1
10935,1
10936,1
10937,1
10938,1
10939,2
10940,1
10941,1
10942,1
10943,1
10944,1
10945,1
10946,1
10947,1
10948,1
10949,1
10950,1
10951,1
10952,1
10953,1
10954,1
10955,1
10956,1
10957,1
10958,1
10959,1
10960,1
10961,1
10962,1
10963,1
10964,1
10965,1
10966,1
10967,1
10968,1
10969,1
10970,1
10971,1
10972,1
10973,2
10974,1
10975,1
10976,1
10977,1
10978,1
10979,1
10980,1
10981,1
10982,1
10983,1
10984,1
10985,1
10986,1
10987,1
10988,1
10989,1
10990,1
10991,1
10992,1
10993,1
10994,1
10995,1
10996,1
10997,1
10998,1
10999,1
11000,1
11001,1
11002,1
11003,1
11004,1
11005,1
11006,1
11007,1
11008,1
11009,1
11010,1
11011,1
11012,1
11013,2
11014,1
11015,1
11016,1
11017,1
11018,1
11019,1
11020,1
11021,1
11022,1
11023,1
11024,1
11025,1
11026,1
11027,1
11028,1
11029,1
11030,1
11031,1
11032,1
11033,1
11034,1
11035,1
11036,1
11037,1
11038,1
11039,1
11040,1
11041,1
11042,1
11043,1
11044,1
11045,1
11046,1
11047,1
11048,1
11049,1
11050,1
11051,1
11052,1
11053,1
11054,1
11055,1
11056,1
11057,1
11058,1
11059,1
11060,1
11061,1
11062,1
11063,1
11064,1
11065,2
11066,2
11067,1
11068,1
11069,1
11070,1
11071,1
11072,1
11073,1
11074,1
11075,1
11076,1
11077,1
11078,1
11079,1
11080,1
11081,1
11082,1
11083,1
11084,1
11085,1
11086,1
11087,1
11088,2
11089,1
11090,1
11091,1
11092,1
11093,1
11094,1
11095,1
11096,1
11097,1
11098,1
11099,1
11100,1
11101,1
11102,1
11103,1
11104,1
11105,1
11106,1
11107,1
11108,1
11109,1
11110,1
11111,1
11112,1
11113,1
11114,1
11115,1
11116,1
11117,1
11118,1
11119,1
11120,1
11121,1
11122,1
11123,1
11124,1
11125,1
11126,1
11127,1
11128,1
11129,1
11130,2
11131,1
11132,1
11133,1
11134,1
11135,1
11136,1
11137,1
11138,1
11139,1
11140,1
11141,1
11142,1
11143,1
11144,1
11145,1
11146,1
11147,1
11148,1
11149,1
11150,1
11151,1
11152,1
11153,1
11154,1
11155,1
11156,1
11157,1
11158,1
11159,1
11160,1
11161,1
11162,1
11163,1
11164,1
11165,1
11166,1
11167,1
11168,1
11169,1
11170,1
11171,1
11172,1
11173,1
11174,1
11175,1
11176,1
11177,1
11178,1
11179,1
11180,1
11181,1
11182,1
11183,2
11184,1
11185,1
11186,1
11187,1
11188,1
11189,1
11190,1
11191,1
11192,1
11193,1
11194,1
11195,1
11196,1
11197,1
11198,1
11199,1
11200,1
11201,1
11202,1
11203,1
11204,1
11205,1
11206,1
11207,1
11208,1
11209,1
11210,1
11211,1
11212,1
11213,1
11214,1
11215,1
11216,1
11217,1
11218,1
11219,1
11220,1
11221,1
11222,1
11223,1
11224,1
11225,1
11226,1
11227,1
11228,1
11229,1
11230,1
11231,1
11232,1
11233,1
11234,1
11235,1
11236,1
11237,1
11238,1
11239,1
11240,1
11241,1
11242,1
11243,1
11244,1
11245,1
11246,1
11247,1
11248,1
11249,1
11250,1
11251,1
11252,1
11253,1
11254,1
11255,1
11256,1
11257,1
11258,1
11259,1
11260,1
11261,1
11262,1
11263,1
11264,1
11265,1
11266,1
11267,1
11268,1
11269,1
11270,1
11271,1
11272,1
11273,1
11274,1
11275,1
11276,1
11277,1
11278,1
11279,1
11280,1
11281,1
11282,1
11283,1
11284,1
11285,1
11286,1
11287,1
11288,1
11289,2
11290,1
11291,1
11292,1
11293,1
11294,1
11295,1
11296,1
11297,1
11298,1
11299,1
11300,1
11301,1
11302,1
11303,1
11304,1
11305,1
11306,1
11307,1
11308,1
11309,1
11310,1
11311,1
11312,1
11313,1
11314,1
11315,1
11316,2
11317,1
11318,1
11319,1
11320,1
11321,1
11322,1
11323,1
11324,1
11325,1
11326,1
11327,1
11328,1
11329,1
11330,1
11331,1
11332,1
11333,1
11334,1
11335,1
11336,1
11337,1
11338,1
11339,1
11340,1
11341,1
11342,1
11343,1
11344,1
11345,1
11346,1
11347,1
11348,1
11349,1
11350,1
11351,1
11352,1
11353,1
11354,1
11355,1
11356,1
11357,1
11358,1
11359,1
11360,1
11361,1
11362,1
11363,1
11364,2
11365,1
11366,1
11367,1
11368,1
11369,1
11370,1
11371,1
11372,1
11373,1
11374,1
11375,1
11376,1
11377,1
11378,1
11379,1
11380,1
11381,1
11382,1
11383,1
11384,1
11385,1
11386,1
11387,1
11388,1
11389,1
11390,1
11391,1
11392,1
11393,1
11394,1
11395,1
11396,1
11397,1
11398,1
11399,1
11400,1
11401,1
11402,1
11403,1
11404,1
11405,1
11406,1
11407,1
11408,1
11409,1
11410,1
11411,1
11412,1
11413,1
11414,1
11415,1
11416,1
11417,1
11418,1
11419,1
11420,1
11421,1
11422,1
11423,1
11424,1
11425,1
11426,1
11427,1
11428,1
11429,1
11430,1
11431,1
11432,1
11433,1
11434,1
11435,1
11436,1
11437,1
11438,1
11439,1
11440,1
11441,1
11442,1
11443,1
11444,1
11445,1
11446,1
11447,1
11448,1
11449,1
11450,1
11451,1
11452,1
11453,1
11454,1
11455,1
11456,1
11457,1
11458,1
11459,1
11460,1
11461,1
11462,1
11463,1
11464,1
11465,1
11466,1
11467,1
11468,1
11469,1
11470,1
11471,1
11472,1
11473,1
11474,1
11475,1
11476,1
11477,1
11478,1
11479,1
11480,1
11481,1
11482,1
11483,1
11484,1
11485,1
11486,1
11487,1
11488,1
11489,1
11490,1
11491,1
11492,1
11493,1
11494,1
11495,1
11496,1
11497,1
11498,1
11499,1
11500,1
11501,1
11502,1
11503,1
11504,1
11505,1
11506,1
11507,1
11508,1
11509,1
11510,1
11511,1
11512,1
11513,1
11514,1
11515,1
11516,1
11517,1
11518,1
11519,1
11520,1
11521,1
11522,1
11523,1
11524,1
11525,1
11526,1
11527,1
11528,1
11529,1
11530,1
11531,1
11532,1
11533,1
11534,1
11535,1
11536,1
11537,1
11538,1
11539,1
11540,1
11541,1
11542,1
11543,1
11544,1
11545,1
11546,2
11547,1
11548,1
11549,1
11550,1
11551,1
11552,1
11553,1
11554,1
11555,1
11556,1
11557,1
11558,1
11559,1
11560,1
11561,1
11562,1
11563,1
11564,1
11565,1
11566,1
11567,1
11568,1
11569,1
11570,1
11571,1
11572,1
11573,1
11574,1
11575,1
11576,1
11577,1
11578,1
11579,1
11580,1
11581,1
11582,1
11583,1
11584,1
11585,1
11586,1
11587,2
11588,1
11589,1
11590,1
11591,1
11592,1
11593,1
11594,1
11595,1
11596,1
11597,1
11598,1
11599,1
11600,1
11601,1
11602,1
11603,1
11604,1
11605,1
11606,1
11607,1
11608,1
11609,1
11610,1
11611,1
11612,1
11613,1
11614,1
11615,1
11616,1
11617,1
11618,1
11619,1
11620,1
11621,1
11622,1
11623,1
11624,1
11625,1
11626,1
11627,1
11628,1
11629,1
11630,1
11631,1
11632,1
11633,1
11634,1
11635,1
11636,1
11637,1
11638,1
11639,1
11640,1
11641,1
11642,1
11643,1
11644,1
11645,1
11646,1
11647,1
11648,1
11649,1
11650,1
11651,1
11652,1
11653,1
11654,1
11655,1
11656,1
11657,1
11658,1
