0,0
1,2
2,0
3,2
4,0
5,1
6,1
7,0
8,3
9,1
10,1
11,1
12,0
13,2
14,6
15,2
16,3
17,1
18,2
19,0
20,2
21,2
22,1
23,0
24,4
25,4
26,0
27,1
28,2
29,1
30,2
31,0
32,4
33,5
34,6
35,3
36,2
37,2
38,2
39,2
40,1
41,0
42,2
43,0
44,1
45,1
46,1
47,0
48,2
49,1
50,1
51,3
52,3
53,1
54,5
55,0
56,3
57,1
58,1
59,4
60,1
61,4
62,1
63,2
64,3
65,1
66,0
67,1
68,3
69,1
70,1
71,4
72,3
73,3
74,2
75,1
76,3
77,2
78,0
79,2
80,1
81,1
82,1
83,1
84,4
85,0
86,1
87,4
88,1
89,0
90,3
91,2
92,1
93,2
94,1
95,1
96,1
97,0
98,3
99,0
100,3
101,3
102,2
103,1
104,1
105,1
106,3
107,0
108,3
109,4
110,4
111,1
112,2
113,1
114,1
115,3
116,2
117,2
118,3
119,0
120,4
121,2
122,0
123,2
124,3
125,1
126,0
127,0
128,1
129,1
130,2
131,2
132,2
133,4
134,2
135,1
136,1
137,4
138,1
139,2
140,1
141,3
142,4
143,0
144,1
145,2
146,3
147,0
148,4
149,1
150,1
151,2
152,5
153,0
154,2
155,1
156,1
157,4
158,1
159,1
160,1
161,0
162,3
163,2
164,4
165,1
166,2
167,2
168,1
169,1
170,5
171,0
172,1
173,2
174,4
175,2
176,2
177,0
178,3
179,3
180,2
181,2
182,2
183,5
184,2
185,1
186,3
187,2
188,1
189,2
190,2
191,4
192,3
193,2
194,1
195,3
196,0
197,1
198,1
199,3
200,2
201,3
202,2
203,2
204,0
205,2
206,1
207,2
208,1
209,1
210,1
211,2
212,2
213,1
214,2
215,3
216,2
217,1
218,1
219,1
220,1
221,3
222,4
223,3
224,2
225,2
226,1
227,4
228,0
229,4
230,5
231,1
232,0
233,1
234,1
235,0
236,0
237,0
238,3
239,2
240,1
241,0
242,1
243,2
244,1
245,4
246,0
247,0
248,0
249,0
250,1
251,1
252,4
253,3
254,2
255,0
256,3
257,2
258,4
259,0
260,0
261,1
262,3
263,1
264,1
265,1
266,1
267,1
268,2
269,3
270,3
271,0
272,2
273,1
274,0
275,1
276,2
277,3
278,1
279,1
280,4
281,0
282,1
283,1
284,1
285,2
286,2
287,2
288,1
289,1
290,0
291,1
292,3
293,0
294,3
295,3
296,1
297,2
298,0
299,0
300,3
301,1
302,1
303,1
304,2
305,2
306,0
307,3
308,4
309,2
310,1
311,0
312,2
313,1
314,3
315,1
316,1
317,1
318,1
319,3
320,2
321,2
322,0
323,0
324,1
325,2
326,3
327,1
328,2
329,1
330,0
331,0
332,2
333,0
334,2
335,1
336,1
337,3
338,3
339,3
340,2
341,2
342,0
343,0
344,0
345,3
346,2
347,1
348,1
349,3
350,3
351,0
352,1
353,0
354,0
355,2
356,0
357,1
358,2
359,1
360,2
361,1
362,0
363,0
364,1
365,2
366,3
367,1
368,0
369,3
370,1
371,2
372,1
373,3
374,2
375,1
376,0
377,1
378,3
379,4
380,0
381,2
382,2
383,4
384,1
385,1
386,1
387,2
388,0
389,2
390,0
391,2
392,2
393,0
394,2
395,0
396,1
397,3
398,2
399,0
400,3
401,2
402,3
403,0
404,3
405,2
406,1
407,3
408,3
409,2
410,3
411,2
412,5
413,1
414,4
415,1
416,0
417,2
418,0
419,1
420,3
421,1
422,1
423,3
424,1
425,2
426,2
427,2
428,0
429,0
430,1
431,2
432,1
433,1
434,2
435,0
436,1
437,1
438,2
439,3
440,1
441,5
442,5
443,0
444,1
445,2
446,4
447,4
448,1
449,3
450,1
451,3
452,1
453,0
454,4
455,3
456,1
457,4
458,0
459,1
460,2
461,0
462,1
463,2
464,1
465,0
466,4
467,1
468,3
469,3
470,0
471,1
472,1
473,4
474,0
475,2
476,6
477,6
478,2
479,4
480,1
481,1
482,0
483,1
484,2
485,2
486,2
487,1
488,1
489,1
490,2
491,0
492,0
493,3
494,4
495,1
496,2
497,3
498,2
499,3
500,1
501,0
502,0
503,1
504,3
505,0
506,1
507,1
508,4
509,0
510,0
511,1
512,1
513,0
514,3
515,1
516,3
517,3
518,2
519,5
520,0
521,2
522,0
523,2
524,2
525,2
526,0
527,1
528,1
529,2
530,0
531,1
532,2
533,0
534,0
535,0
536,1
537,1
538,2
539,3
540,0
541,1
542,1
543,3
544,1
545,1
546,0
547,0
548,1
549,2
550,2
551,2
552,2
553,0
554,2
555,8
556,1
557,0
558,1
559,1
560,1
561,4
562,2
563,1
564,1
565,3
566,0
567,0
568,2
569,0
570,0
571,2
572,2
573,1
574,2
575,4
576,3
577,1
578,1
579,3
580,2
581,2
582,4
583,1
584,0
585,0
586,1
587,3
588,0
589,2
590,2
591,2
592,2
593,1
594,3
595,0
596,2
597,4
598,2
599,1
600,0
601,6
602,1
603,0
604,1
605,2
606,0
607,4
608,4
609,1
610,1
611,3
612,2
613,2
614,4
615,1
616,3
617,2
618,1
619,1
620,3
621,2
622,0
623,1
624,1
625,1
626,5
627,1
628,3
629,3
630,0
631,3
632,2
633,3
634,3
635,0
636,0
637,0
638,0
639,2
640,5
641,1
642,2
643,2
644,4
645,1
646,1
647,0
648,2
649,3
650,1
651,2
652,1
653,1
654,2
655,0
656,1
657,0
658,2
659,4
660,1
661,0
662,1
663,0
664,1
665,0
666,2
667,1
668,2
669,3
670,0
671,3
672,1
673,5
674,1
675,1
676,4
677,4
678,0
679,1
680,3
681,2
682,3
683,2
684,2
685,4
686,2
687,2
688,1
689,0
690,2
691,3
692,2
693,1
694,2
695,0
696,0
697,1
698,0
699,0
700,2
701,0
702,1
703,2
704,1
705,2
706,1
707,3
708,1
709,1
710,4
711,3
712,3
713,0
714,2
715,2
716,3
717,2
718,2
719,2
720,4
721,3
722,1
723,2
724,2
725,2
726,2
727,1
728,1
729,2
730,2
731,2
732,2
733,0
734,2
735,1
736,0
737,0
738,2
739,7
740,1
741,4
742,1
743,0
744,1
745,1
746,1
747,1
748,1
749,1
750,0
751,6
752,1
753,2
754,2
755,2
756,0
757,1
758,2
759,3
760,2
761,3
762,3
763,5
764,1
765,0
766,3
767,2
768,0
769,0
770,3
771,2
772,1
773,0
774,2
775,4
776,3
777,0
778,0
779,2
780,3
781,1
782,1
783,3
784,2
785,1
786,0
787,1
788,3
789,2
790,3
791,1
792,3
793,1
794,2
795,1
796,4
797,2
798,0
799,1
800,1
801,2
802,2
803,4
804,4
805,5
806,2
807,3
808,4
809,3
810,1
811,3
812,2
813,0
814,0
815,2
816,0
817,0
818,2
819,5
820,3
821,0
822,2
823,0
824,3
825,1
826,0
827,3
828,2
829,2
830,1
831,1
832,6
833,1
834,4
835,2
836,2
837,1
838,0
839,0
840,0
841,2
842,0
843,3
844,2
845,1
846,3
847,1
848,1
849,1
850,2
851,2
852,2
853,2
854,4
855,0
856,1
857,2
858,0
859,1
860,2
861,0
862,0
863,1
864,2
865,3
866,2
867,3
868,1
869,1
870,2
871,1
872,2
873,3
874,0
875,1
876,1
877,1
878,0
879,2
880,2
881,3
882,3
883,0
884,3
885,1
886,5
887,0
888,1
889,1
890,0
891,3
892,1
893,4
894,2
895,3
896,2
897,1
898,3
899,2
900,1
901,2
902,1
903,2
904,3
905,0
906,1
907,0
908,3
909,1
910,0
911,1
912,0
913,2
914,0
915,4
916,1
917,1
918,0
919,4
920,1
921,1
922,5
923,3
924,2
925,0
926,4
927,0
928,3
929,1
930,2
931,2
932,3
933,0
934,3
935,0
936,2
937,2
938,0
939,2
940,2
941,1
942,2
943,0
944,0
945,3
946,1
947,4
948,1
949,1
950,3
951,3
952,0
953,0
954,1
955,1
956,5
957,2
958,1
959,2
960,2
961,2
962,1
963,3
964,1
965,2
966,0
967,0
968,3
969,1
970,1
971,3
972,2
973,1
974,1
975,0
976,1
977,5
978,2
979,3
980,4
981,1
982,2
983,1
984,2
985,2
986,2
987,2
988,2
989,1
990,2
991,1
992,1
993,0
994,2
995,1
996,0
997,1
998,1
999,2
1000,0
1001,4
1002,1
1003,1
1004,0
1005,1
1006,1
1007,3
1008,1
1009,0
1010,1
1011,2
1012,2
1013,3
1014,1
1015,4
1016,2
1017,2
1018,4
1019,1
1020,0
1021,4
1022,0
1023,5
1024,3
1025,3
1026,2
1027,4
1028,1
1029,3
1030,2
1031,0
1032,1
1033,3
1034,1
1035,2
1036,3
1037,1
1038,0
1039,1
1040,1
1041,3
1042,3
1043,0
1044,0
1045,3
1046,1
1047,2
1048,2
1049,2
1050,2
1051,3
1052,8
1053,1
1054,3
1055,1
1056,0
1057,1
1058,1
1059,1
1060,2
1061,1
1062,0
1063,1
1064,3
1065,4
1066,3
1067,4
1068,1
1069,3
1070,0
1071,1
1072,0
1073,2
1074,1
1075,1
1076,2
1077,2
1078,0
1079,2
1080,3
1081,3
1082,4
1083,3
1084,3
1085,3
1086,5
1087,2
1088,3
1089,1
1090,0
1091,3
1092,3
1093,3
1094,0
1095,2
1096,3
1097,2
1098,2
1099,0
1100,3
1101,0
1102,2
1103,1
1104,2
1105,2
1106,2
1107,1
1108,1
1109,2
1110,2
1111,1
1112,2
1113,2
1114,3
1115,2
1116,3
1117,6
1118,1
1119,1
1120,1
1121,4
1122,0
1123,0
1124,1
1125,3
1126,1
1127,1
1128,1
1129,1
1130,1
1131,1
1132,0
1133,2
1134,4
1135,2
1136,2
1137,3
1138,0
1139,3
1140,2
1141,1
1142,1
1143,3
1144,1
1145,2
1146,2
1147,1
1148,5
1149,0
1150,4
1151,1
1152,1
1153,4
1154,1
1155,2
1156,2
1157,5
1158,1
1159,1
1160,4
1161,4
1162,0
1163,3
1164,1
1165,4
1166,5
1167,3
1168,1
1169,2
1170,0
1171,2
1172,1
1173,5
1174,1
1175,1
1176,1
1177,0
1178,4
1179,0
1180,0
1181,2
1182,0
1183,4
1184,0
1185,2
1186,2
1187,2
1188,2
1189,1
1190,0
1191,0
1192,1
1193,0
1194,3
1195,1
1196,4
1197,1
1198,4
1199,5
1200,3
1201,3
1202,1
1203,1
1204,5
1205,0
1206,4
1207,1
1208,3
1209,2
1210,3
1211,2
1212,1
1213,2
1214,1
1215,3
1216,0
1217,2
1218,2
1219,2
1220,5
1221,1
1222,1
1223,4
1224,1
1225,1
1226,1
1227,3
1228,0
1229,4
1230,2
1231,0
1232,2
1233,2
1234,0
1235,1
1236,0
1237,2
1238,0
1239,1
1240,4
1241,0
1242,1
1243,1
1244,0
1245,3
1246,2
1247,5
1248,4
1249,0
1250,3
1251,2
1252,0
1253,1
1254,2
1255,3
1256,1
1257,1
1258,3
1259,3
1260,5
1261,1
1262,1
1263,5
1264,2
1265,3
1266,3
1267,3
1268,1
1269,3
1270,2
1271,3
1272,3
1273,1
1274,3
1275,2
1276,2
1277,2
1278,1
1279,2
1280,3
1281,2
1282,1
1283,2
1284,0
1285,1
1286,1
1287,2
1288,1
1289,2
1290,1
1291,3
1292,1
1293,0
1294,0
1295,3
1296,3
1297,2
1298,1
1299,2
1300,2
1301,2
1302,1
1303,0
1304,1
1305,0
1306,0
1307,2
1308,1
1309,3
1310,3
1311,3
1312,3
1313,2
1314,1
1315,2
1316,0
1317,1
1318,2
1319,2
1320,6
1321,0
1322,3
1323,1
1324,1
1325,4
1326,0
1327,2
1328,0
1329,2
1330,1
1331,4
1332,2
1333,2
1334,2
1335,2
1336,3
1337,2
1338,1
1339,2
1340,4
1341,2
1342,2
1343,3
1344,2
1345,1
1346,2
1347,1
1348,2
1349,0
1350,0
1351,1
1352,3
1353,4
1354,1
1355,2
1356,0
1357,1
1358,4
1359,0
1360,1
1361,1
1362,3
1363,1
1364,3
1365,3
1366,1
1367,7
1368,5
1369,1
1370,0
1371,1
1372,0
1373,1
1374,0
1375,4
1376,4
1377,2
1378,2
1379,3
1380,1
1381,0
1382,1
1383,1
1384,1
1385,1
1386,2
1387,1
1388,1
1389,3
1390,0
1391,1
1392,3
1393,2
1394,1
1395,1
1396,2
1397,3
1398,1
1399,1
1400,2
1401,3
1402,0
1403,0
1404,4
1405,0
1406,2
1407,3
1408,2
1409,1
1410,2
1411,2
1412,0
1413,2
1414,2
1415,4
1416,2
1417,0
1418,5
1419,2
1420,2
1421,1
1422,0
1423,1
1424,1
1425,3
1426,2
1427,2
1428,1
1429,3
1430,3
1431,4
1432,2
1433,2
1434,2
1435,3
1436,2
1437,1
1438,3
1439,1
1440,4
1441,1
1442,3
1443,6
1444,3
1445,3
1446,3
1447,2
1448,1
1449,0
1450,1
1451,1
1452,0
1453,1
1454,3
1455,2
1456,3
1457,1
1458,1
1459,1
1460,1
1461,1
1462,2
1463,0
1464,3
1465,1
1466,0
1467,1
1468,1
1469,2
1470,2
1471,2
1472,3
1473,2
1474,1
1475,0
1476,2
1477,1
1478,1
1479,0
1480,1
1481,0
1482,0
1483,1
1484,0
1485,2
1486,2
1487,3
1488,3
1489,4
1490,0
1491,1
1492,1
1493,1
1494,1
1495,3
1496,2
1497,0
1498,0
1499,4
1500,2
1501,3
1502,1
1503,0
1504,3
1505,1
1506,2
1507,1
1508,0
1509,1
1510,2
1511,1
1512,2
1513,1
1514,1
1515,1
1516,2
1517,1
1518,0
1519,1
1520,1
1521,3
1522,0
1523,2
1524,2
1525,4
1526,0
1527,0
1528,0
1529,2
1530,0
1531,2
1532,4
1533,3
1534,3
1535,2
1536,4
1537,1
1538,2
1539,0
1540,3
1541,3
1542,3
1543,2
1544,1
1545,3
1546,1
1547,2
1548,3
1549,2
1550,0
1551,1
1552,4
1553,1
1554,2
1555,1
1556,0
1557,2
1558,4
1559,2
1560,0
1561,1
1562,4
1563,2
1564,1
1565,5
1566,1
1567,1
1568,1
1569,1
1570,0
1571,3
1572,2
1573,1
1574,5
1575,0
1576,1
1577,2
1578,3
1579,2
1580,2
1581,0
1582,3
1583,1
1584,2
1585,2
1586,1
1587,4
1588,1
1589,2
1590,1
1591,0
1592,0
1593,1
1594,0
1595,0
1596,2
1597,1
1598,1
1599,3
1600,4
1601,1
1602,2
1603,0
1604,2
1605,1
1606,1
1607,2
1608,1
1609,4
1610,1
1611,2
1612,1
1613,2
1614,5
1615,1
1616,3
1617,0
1618,0
1619,3
1620,2
1621,1
1622,1
1623,1
1624,4
1625,0
1626,1
1627,2
1628,1
1629,3
1630,0
1631,2
1632,2
1633,3
1634,3
1635,1
1636,2
1637,2
1638,2
1639,1
1640,2
1641,1
1642,2
1643,0
1644,1
1645,3
1646,4
1647,4
1648,0
1649,2
1650,2
1651,0
1652,1
1653,3
1654,2
1655,2
1656,0
1657,1
1658,0
1659,2
1660,2
1661,2
1662,2
1663,2
1664,2
1665,4
1666,2
1667,2
1668,1
1669,1
1670,2
1671,5
1672,7
1673,0
1674,3
1675,1
1676,2
1677,2
1678,2
1679,0
1680,2
1681,0
1682,2
1683,2
1684,2
1685,0
1686,1
1687,3
1688,4
1689,0
1690,1
1691,2
1692,3
1693,3
1694,2
1695,0
1696,0
1697,3
1698,0
1699,1
1700,2
1701,2
1702,2
1703,0
1704,2
1705,2
1706,0
1707,2
1708,0
1709,1
1710,3
1711,1
1712,1
1713,3
1714,2
1715,2
1716,2
1717,4
1718,0
1719,0
1720,1
1721,2
1722,2
1723,1
1724,0
1725,6
1726,1
1727,0
1728,2
1729,2
1730,2
1731,2
1732,3
1733,0
1734,0
1735,1
1736,1
1737,2
1738,2
1739,1
1740,3
1741,0
1742,1
1743,5
1744,1
1745,2
1746,2
1747,1
1748,1
1749,1
1750,0
1751,1
1752,2
1753,0
1754,2
1755,3
1756,1
1757,1
1758,2
1759,3
1760,5
1761,1
1762,2
1763,1
1764,2
1765,1
1766,2
1767,0
1768,5
1769,3
1770,2
1771,1
1772,4
1773,1
1774,1
1775,1
1776,3
1777,0
1778,1
1779,2
1780,2
1781,0
1782,2
1783,3
1784,2
1785,0
1786,1
1787,1
1788,1
1789,1
1790,0
1791,1
1792,5
1793,1
1794,1
1795,1
1796,1
1797,2
1798,2
1799,2
1800,3
1801,1
1802,4
1803,2
1804,0
1805,1
1806,1
1807,1
1808,3
1809,1
1810,3
1811,1
1812,1
1813,0
1814,2
1815,2
1816,3
1817,2
1818,6
1819,1
1820,1
1821,1
1822,1
1823,0
1824,0
1825,1
1826,1
1827,2
1828,2
1829,1
1830,1
1831,1
1832,2
1833,4
1834,0
1835,2
1836,1
1837,1
1838,3
1839,2
1840,1
1841,1
1842,1
1843,0
1844,3
1845,3
1846,2
1847,1
1848,2
1849,3
1850,5
1851,1
1852,2
1853,1
1854,1
1855,4
1856,3
1857,3
1858,1
1859,2
1860,2
1861,1
1862,1
1863,3
1864,2
1865,2
1866,0
1867,2
1868,1
1869,1
1870,4
1871,0
1872,0
1873,3
1874,2
1875,0
1876,1
1877,5
1878,1
1879,1
1880,2
1881,2
1882,0
1883,3
1884,3
1885,1
1886,1
1887,3
1888,1
1889,3
1890,1
1891,3
1892,2
1893,1
1894,1
1895,0
1896,4
1897,0
1898,1
1899,3
1900,6
1901,2
1902,2
1903,4
1904,3
1905,1
1906,3
1907,2
1908,1
1909,2
1910,2
1911,3
1912,3
1913,3
1914,3
1915,3
1916,3
1917,1
1918,0
1919,4
1920,2
1921,1
1922,3
1923,2
1924,1
1925,0
1926,0
1927,1
1928,1
1929,3
1930,2
1931,0
1932,2
1933,1
1934,2
1935,1
1936,0
1937,1
1938,2
1939,3
1940,1
1941,3
1942,3
1943,0
1944,2
1945,0
1946,1
1947,2
1948,3
1949,3
1950,2
1951,2
1952,1
1953,1
1954,1
1955,1
1956,3
1957,0
1958,1
1959,0
1960,0
1961,2
1962,2
1963,3
1964,4
1965,0
1966,1
1967,3
1968,0
1969,3
1970,4
1971,1
1972,2
1973,1
1974,1
1975,1
1976,1
1977,0
1978,1
1979,4
1980,2
1981,1
1982,1
1983,3
1984,2
1985,1
1986,1
1987,0
1988,6
1989,0
1990,0
1991,5
1992,5
1993,2
1994,2
1995,1
1996,2
1997,2
1998,3
1999,1
2000,0
2001,0
2002,2
2003,1
2004,1
2005,2
2006,2
2007,4
2008,2
2009,1
2010,1
2011,1
2012,3
2013,3
2014,1
2015,1
2016,3
2017,4
2018,0
2019,1
2020,2
2021,2
2022,1
2023,2
2024,3
2025,3
2026,2
2027,2
2028,1
2029,1
2030,2
2031,0
2032,1
2033,3
2034,3
2035,0
2036,1
2037,0
2038,0
2039,1
2040,1
2041,0
2042,2
2043,5
2044,0
2045,0
2046,2
2047,2
2048,3
2049,2
2050,2
2051,2
2052,1
2053,7
2054,2
2055,4
2056,0
2057,4
2058,3
2059,0
2060,5
2061,2
2062,1
2063,5
2064,2
2065,4
2066,3
2067,2
2068,1
2069,2
2070,1
2071,0
2072,4
2073,1
2074,3
2075,3
2076,3
2077,3
2078,5
2079,4
2080,3
2081,1
2082,0
2083,2
2084,3
2085,3
2086,2
2087,2
2088,4
2089,0
2090,0
2091,0
2092,0
2093,2
2094,2
2095,1
2096,3
2097,1
2098,0
2099,1
2100,1
2101,2
2102,3
2103,1
2104,1
2105,1
2106,0
2107,4
2108,1
2109,2
2110,4
2111,4
2112,5
2113,3
2114,0
2115,0
2116,0
2117,3
2118,0
2119,4
2120,2
2121,1
2122,4
2123,4
2124,1
2125,2
2126,3
2127,3
2128,2
2129,1
2130,2
2131,3
2132,3
2133,2
2134,1
2135,3
2136,2
2137,1
2138,3
2139,0
2140,1
2141,2
2142,1
2143,2
2144,3
2145,1
2146,4
2147,0
2148,1
2149,4
2150,1
2151,1
2152,1
2153,1
2154,4
2155,1
2156,0
2157,2
2158,0
2159,3
2160,2
2161,3
2162,1
2163,2
2164,2
2165,3
2166,1
2167,3
2168,1
2169,2
2170,1
2171,1
2172,1
2173,1
2174,1
2175,1
2176,2
2177,3
2178,4
2179,2
2180,3
2181,1
2182,2
2183,1
2184,2
2185,3
2186,2
2187,2
2188,0
2189,0
2190,4
2191,0
2192,1
2193,2
2194,3
2195,3
2196,0
2197,3
2198,3
2199,5
2200,2
2201,1
2202,2
2203,2
2204,0
2205,1
2206,1
2207,3
2208,0
2209,4
2210,2
2211,2
2212,1
2213,1
2214,3
2215,3
2216,1
2217,3
2218,3
2219,1
2220,2
2221,1
2222,2
2223,2
2224,1
2225,6
2226,1
2227,3
2228,1
2229,0
2230,1
2231,1
2232,0
2233,0
2234,1
2235,3
2236,1
2237,2
2238,1
2239,0
2240,1
2241,0
2242,1
2243,2
2244,0
2245,2
2246,2
2247,1
2248,2
2249,2
2250,2
2251,3
2252,1
2253,4
2254,1
2255,0
2256,1
2257,0
2258,0
2259,2
2260,2
2261,0
2262,3
2263,3
2264,3
2265,0
2266,1
2267,1
2268,2
2269,1
2270,1
2271,2
2272,1
2273,1
2274,2
2275,2
2276,3
2277,1
2278,1
2279,2
2280,4
2281,4
2282,3
2283,4
2284,1
2285,3
2286,1
2287,3
2288,2
2289,2
2290,5
2291,0
2292,3
2293,1
2294,1
2295,1
2296,1
2297,2
2298,1
2299,1
2300,3
2301,3
2302,2
2303,4
2304,2
2305,3
2306,2
2307,1
2308,1
2309,0
2310,1
2311,4
2312,3
2313,1
2314,1
2315,0
2316,3
2317,1
2318,2
2319,5
2320,0
2321,1
2322,1
2323,0
2324,1
2325,1
2326,1
2327,4
2328,2
2329,4
2330,1
2331,2
2332,1
2333,3
2334,0
2335,2
2336,1
2337,2
2338,2
2339,0
2340,3
2341,1
2342,2
2343,2
2344,2
2345,0
2346,3
2347,2
2348,3
2349,2
2350,0
2351,0
2352,3
2353,3
2354,2
2355,1
2356,0
2357,1
2358,2
2359,2
2360,1
2361,2
2362,0
2363,1
2364,2
2365,1
2366,2
2367,1
2368,2
2369,2
2370,2
2371,2
2372,2
2373,0
2374,2
2375,1
2376,3
2377,3
2378,3
2379,1
2380,2
2381,0
2382,4
2383,4
2384,2
2385,1
2386,1
2387,1
2388,2
2389,2
2390,1
2391,0
2392,1
2393,2
2394,2
2395,1
2396,4
2397,1
2398,0
2399,0
2400,1
2401,0
2402,3
2403,0
2404,2
2405,2
2406,0
2407,4
2408,7
2409,3
2410,4
2411,1
2412,2
2413,0
2414,4
2415,1
2416,0
2417,1
2418,3
2419,2
2420,1
2421,0
2422,2
2423,0
2424,0
2425,3
2426,1
2427,2
2428,3
2429,2
2430,1
2431,2
2432,2
2433,0
2434,4
2435,0
2436,2
2437,6
2438,2
2439,1
2440,1
2441,3
2442,1
2443,2
2444,1
2445,2
2446,0
2447,2
2448,1
2449,1
2450,2
2451,1
2452,2
2453,6
2454,1
2455,2
2456,2
2457,2
2458,0
2459,1
2460,1
2461,2
2462,1
2463,3
2464,1
2465,0
2466,0
2467,3
2468,3
2469,5
2470,2
2471,2
2472,2
2473,2
2474,2
2475,3
2476,2
2477,3
2478,4
2479,4
2480,3
2481,3
2482,2
2483,0
2484,2
2485,1
2486,3
2487,1
2488,2
2489,3
2490,3
2491,2
2492,2
2493,1
2494,0
2495,0
2496,0
2497,2
2498,3
2499,1
2500,2
2501,3
2502,3
2503,5
2504,0
2505,3
2506,0
2507,0
2508,4
2509,2
2510,2
2511,4
2512,1
2513,1
2514,1
2515,1
2516,2
2517,1
2518,1
2519,2
2520,2
2521,0
2522,2
2523,2
2524,2
2525,1
2526,1
2527,1
2528,2
2529,3
2530,2
2531,3
2532,3
2533,0
2534,4
2535,4
2536,2
2537,0
2538,0
2539,1
2540,0
2541,3
2542,0
2543,4
2544,1
2545,1
2546,1
2547,2
2548,6
2549,1
2550,3
2551,2
2552,0
2553,0
2554,3
2555,0
2556,0
2557,2
2558,2
2559,5
2560,2
2561,1
2562,1
2563,4
2564,0
2565,1
2566,2
2567,1
2568,1
2569,1
2570,4
2571,3
2572,0
2573,1
2574,0
2575,3
2576,3
2577,0
2578,4
2579,2
2580,0
2581,2
2582,1
2583,2
2584,1
2585,2
2586,1
2587,1
2588,0
2589,4
2590,3
2591,1
2592,4
2593,1
2594,5
2595,1
2596,1
2597,1
2598,1
2599,2
2600,1
2601,2
2602,2
2603,1
2604,3
2605,1
2606,1
2607,0
2608,3
2609,1
2610,2
2611,2
2612,3
2613,1
2614,1
2615,1
2616,3
2617,0
2618,2
2619,5
2620,1
2621,1
2622,1
2623,3
2624,0
2625,0
2626,1
2627,3
2628,0
2629,3
2630,0
2631,1
2632,4
2633,4
2634,1
2635,0
2636,2
2637,0
2638,0
2639,2
2640,1
2641,0
2642,0
2643,2
2644,3
2645,2
2646,1
2647,1
2648,3
2649,0
2650,1
2651,2
2652,3
2653,0
2654,3
2655,2
2656,1
2657,2
2658,5
2659,3
2660,1
2661,0
2662,3
2663,1
2664,6
2665,1
2666,1
2667,1
2668,2
2669,1
2670,1
2671,1
2672,4
2673,2
2674,0
2675,1
2676,3
2677,2
2678,7
2679,3
2680,1
2681,0
2682,2
2683,2
2684,1
2685,2
2686,0
2687,1
2688,5
2689,2
2690,2
2691,5
2692,1
2693,2
2694,2
2695,2
2696,1
2697,6
2698,2
2699,1
2700,4
2701,1
2702,1
2703,2
2704,1
2705,1
2706,1
2707,3
2708,3
2709,2
2710,1
2711,2
2712,2
2713,1
2714,3
2715,2
2716,2
2717,4
2718,4
2719,3
2720,2
2721,0
2722,1
2723,1
2724,3
2725,1
2726,0
2727,1
2728,2
2729,1
2730,2
2731,1
2732,3
2733,3
2734,1
2735,2
2736,2
2737,1
2738,0
2739,1
2740,0
2741,1
2742,3
2743,1
2744,3
2745,2
2746,2
2747,3
2748,2
2749,3
2750,2
2751,1
2752,2
2753,2
2754,2
2755,3
2756,1
2757,1
2758,4
2759,2
2760,3
2761,2
2762,2
2763,3
2764,3
2765,1
2766,2
2767,3
2768,4
2769,4
2770,1
2771,2
2772,2
2773,2
2774,0
2775,1
2776,3
2777,0
2778,3
2779,1
2780,3
2781,4
2782,1
2783,3
2784,3
2785,3
2786,4
2787,0
2788,3
2789,2
2790,0
2791,0
2792,1
2793,1
2794,3
2795,0
2796,0
2797,2
2798,1
2799,3
2800,0
2801,2
2802,2
2803,1
2804,2
2805,1
2806,0
2807,1
2808,3
2809,1
2810,2
2811,2
2812,2
2813,3
2814,0
2815,3
2816,1
2817,2
2818,0
2819,1
2820,2
2821,1
2822,2
2823,2
2824,3
2825,3
2826,1
2827,2
2828,0
2829,1
2830,3
2831,2
2832,2
2833,0
2834,4
2835,2
2836,0
2837,2
2838,1
2839,1
2840,1
2841,0
2842,3
2843,2
2844,1
2845,0
2846,2
2847,1
2848,0
2849,0
2850,4
2851,4
2852,1
2853,1
2854,1
2855,3
2856,2
2857,2
2858,1
2859,3
2860,2
2861,2
2862,0
2863,3
2864,2
2865,1
2866,1
2867,2
2868,6
2869,4
2870,2
2871,3
2872,3
2873,3
2874,1
2875,5
2876,0
2877,2
2878,4
2879,0
2880,2
2881,1
2882,2
2883,1
2884,1
2885,2
2886,2
2887,1
2888,0
2889,2
2890,3
2891,2
2892,1
2893,0
2894,1
2895,0
2896,4
2897,5
2898,1
2899,2
2900,1
2901,1
2902,1
2903,3
2904,3
2905,4
2906,2
2907,1
2908,1
2909,1
2910,0
2911,1
2912,4
2913,4
2914,1
2915,2
2916,0
2917,1
2918,4
2919,0
2920,1
2921,2
2922,0
2923,3
2924,0
2925,0
2926,1
2927,3
2928,1
2929,6
2930,3
2931,1
2932,4
2933,2
2934,3
2935,3
2936,0
2937,2
2938,0
2939,1
2940,2
2941,2
2942,3
2943,2
2944,1
2945,3
2946,2
2947,3
2948,3
2949,6
2950,4
2951,2
2952,3
2953,1
2954,2
2955,1
2956,1
2957,1
2958,2
2959,2
2960,1
2961,1
2962,1
2963,1
2964,0
2965,0
2966,4
2967,2
2968,1
2969,1
2970,0
2971,3
2972,4
2973,2
2974,4
2975,1
2976,1
2977,2
2978,1
2979,4
2980,1
2981,2
2982,3
2983,1
2984,1
2985,2
2986,2
2987,2
2988,2
2989,0
2990,3
2991,4
2992,0
2993,3
2994,1
2995,3
2996,0
2997,1
2998,3
2999,0
3000,4
3001,3
3002,0
3003,0
3004,1
3005,0
3006,0
3007,1
3008,0
3009,2
3010,0
3011,1
3012,2
3013,2
3014,5
3015,5
3016,0
3017,2
3018,1
3019,0
3020,0
3021,1
3022,1
3023,4
3024,0
3025,2
3026,4
3027,1
3028,5
3029,1
3030,1
3031,0
3032,4
3033,1
3034,0
3035,3
3036,0
3037,1
3038,3
3039,0
3040,0
3041,1
3042,1
3043,2
3044,2
3045,1
3046,1
3047,3
3048,1
3049,1
3050,2
3051,2
3052,3
3053,2
3054,1
3055,1
3056,3
3057,1
3058,2
3059,2
3060,1
3061,3
3062,3
3063,1
3064,0
3065,1
3066,2
3067,2
3068,0
3069,0
3070,0
3071,3
3072,2
3073,5
3074,4
3075,2
3076,3
3077,2
3078,2
3079,4
3080,1
3081,4
3082,1
3083,1
3084,5
3085,3
3086,0
3087,3
3088,0
3089,4
3090,2
3091,0
3092,4
3093,3
3094,5
3095,0
3096,3
3097,1
3098,0
3099,0
3100,3
3101,1
3102,1
3103,0
3104,1
3105,0
3106,3
3107,0
3108,3
3109,1
3110,2
3111,1
3112,2
3113,2
3114,1
3115,0
3116,0
3117,1
3118,3
3119,1
3120,0
3121,3
3122,0
3123,1
3124,0
3125,0
3126,1
3127,2
3128,1
3129,1
3130,1
3131,0
3132,1
3133,2
3134,3
3135,0
3136,1
3137,2
3138,1
3139,3
3140,3
3141,1
3142,0
3143,1
3144,2
3145,1
3146,4
3147,2
3148,2
3149,3
3150,2
3151,1
3152,3
3153,1
3154,0
3155,0
3156,2
3157,5
3158,1
3159,4
3160,2
3161,3
3162,0
3163,1
3164,1
3165,2
3166,2
3167,1
3168,2
3169,3
3170,0
3171,1
3172,2
3173,2
3174,1
3175,3
3176,1
3177,2
3178,0
3179,2
3180,3
3181,2
3182,2
3183,3
3184,3
3185,2
3186,0
3187,1
3188,3
3189,1
3190,4
3191,3
3192,0
3193,0
3194,1
3195,2
3196,1
3197,0
3198,4
3199,1
3200,3
3201,2
3202,1
3203,0
3204,0
3205,2
3206,2
3207,1
3208,1
3209,0
3210,1
3211,0
3212,3
3213,2
3214,1
3215,0
3216,2
3217,3
3218,2
3219,1
3220,1
3221,3
3222,9
3223,2
3224,5
3225,2
3226,3
3227,1
3228,2
3229,0
3230,0
3231,4
3232,1
3233,1
3234,1
3235,2
3236,1
3237,3
3238,0
3239,1
3240,3
3241,2
3242,1
3243,1
3244,6
3245,3
3246,1
3247,2
3248,1
3249,2
3250,2
3251,2
3252,1
3253,1
3254,1
3255,4
3256,1
3257,1
3258,0
3259,1
3260,3
3261,0
3262,1
3263,2
3264,2
3265,3
3266,3
3267,2
3268,0
3269,2
3270,2
3271,1
3272,0
3273,1
3274,5
3275,2
3276,2
3277,1
3278,4
3279,3
3280,0
3281,2
3282,1
3283,2
3284,0
3285,1
3286,1
3287,2
3288,2
3289,3
3290,2
3291,3
3292,1
3293,3
3294,5
3295,1
3296,2
3297,3
3298,3
3299,3
3300,2
3301,0
3302,2
3303,1
3304,0
3305,1
3306,2
3307,2
3308,1
3309,2
3310,0
3311,4
3312,4
3313,1
3314,3
3315,1
3316,4
3317,4
3318,1
3319,0
3320,1
3321,2
3322,3
3323,4
3324,4
3325,3
3326,4
3327,0
3328,2
3329,4
3330,2
3331,2
3332,2
3333,3
3334,2
3335,3
3336,0
3337,4
3338,0
3339,3
3340,1
3341,1
3342,1
3343,0
3344,4
3345,4
3346,0
3347,0
3348,2
3349,1
3350,1
3351,2
3352,2
3353,1
3354,2
3355,1
3356,3
3357,2
3358,6
3359,0
3360,2
3361,1
3362,4
3363,2
3364,1
3365,0
3366,0
3367,1
3368,1
3369,0
3370,0
3371,1
3372,2
3373,2
3374,4
3375,0
3376,0
3377,3
3378,0
3379,1
3380,1
3381,1
3382,4
3383,2
3384,1
3385,2
3386,1
3387,0
3388,3
3389,0
3390,2
3391,0
3392,1
3393,1
3394,0
3395,1
3396,0
3397,0
3398,2
3399,2
3400,2
3401,2
3402,1
3403,2
3404,1
3405,3
3406,4
3407,3
3408,1
3409,1
3410,1
3411,3
3412,2
3413,1
3414,1
3415,3
3416,3
3417,1
3418,4
3419,1
3420,0
3421,0
3422,4
3423,2
3424,1
3425,1
3426,0
3427,1
3428,5
3429,1
3430,3
3431,1
3432,2
3433,1
3434,0
3435,2
3436,0
3437,0
3438,1
3439,2
3440,2
3441,1
3442,4
3443,1
3444,3
3445,0
3446,0
3447,4
3448,2
3449,0
3450,2
3451,3
3452,2
3453,3
3454,1
3455,2
3456,0
3457,2
3458,1
3459,3
3460,3
3461,1
3462,0
3463,1
3464,1
3465,1
3466,1
3467,1
3468,2
3469,3
3470,3
3471,1
3472,2
3473,0
3474,0
3475,5
3476,0
3477,2
3478,4
3479,1
3480,2
3481,2
3482,1
3483,1
3484,1
3485,2
3486,0
3487,2
3488,1
3489,3
3490,3
3491,4
3492,1
3493,1
3494,1
3495,3
3496,1
3497,2
3498,1
3499,2
3500,1
3501,4
3502,0
3503,1
3504,3
3505,2
3506,2
3507,2
3508,3
3509,4
3510,1
3511,0
3512,4
3513,1
3514,3
3515,2
3516,0
3517,2
3518,2
3519,1
3520,2
3521,3
3522,1
3523,0
3524,1
3525,2
3526,1
3527,3
3528,2
3529,2
3530,0
3531,0
3532,3
3533,1
3534,1
3535,2
3536,0
3537,4
3538,3
3539,4
3540,1
3541,2
3542,3
3543,2
3544,1
3545,3
3546,1
3547,2
3548,1
3549,3
3550,1
3551,1
3552,0
3553,1
3554,3
3555,2
3556,1
3557,2
3558,3
3559,1
3560,2
3561,5
3562,2
3563,0
3564,2
3565,1
3566,1
3567,3
3568,5
3569,3
3570,1
3571,1
3572,1
3573,2
3574,2
3575,2
3576,1
3577,2
3578,0
3579,3
3580,2
3581,1
3582,2
3583,2
3584,1
3585,0
3586,0
3587,2
3588,2
3589,1
3590,2
3591,0
3592,4
3593,2
3594,1
3595,4
3596,3
3597,2
3598,1
3599,1
3600,1
3601,4
3602,2
3603,1
3604,0
3605,2
3606,0
3607,1
3608,0
3609,0
3610,1
3611,2
3612,1
3613,1
3614,1
3615,2
3616,1
3617,1
3618,0
3619,2
3620,3
3621,2
3622,3
3623,4
3624,4
3625,5
3626,2
3627,1
3628,0
3629,2
3630,2
3631,2
3632,2
3633,5
3634,0
3635,0
3636,4
3637,3
3638,3
3639,1
3640,1
3641,1
3642,0
3643,1
3644,0
3645,2
3646,1
3647,1
3648,5
3649,4
3650,3
3651,3
3652,4
3653,1
3654,3
3655,4
3656,3
3657,3
3658,1
3659,1
3660,0
3661,3
3662,3
3663,1
3664,0
3665,0
3666,1
3667,1
3668,1
3669,1
3670,2
3671,0
3672,2
3673,1
3674,1
3675,1
3676,2
3677,5
3678,2
3679,0
3680,1
3681,1
3682,3
3683,2
3684,1
3685,2
3686,0
3687,2
3688,1
3689,2
3690,2
3691,1
3692,1
3693,2
3694,0
3695,3
3696,4
3697,1
3698,2
3699,0
3700,0
3701,2
3702,2
3703,1
3704,0
3705,2
3706,1
3707,2
3708,1
3709,0
3710,2
3711,2
3712,0
3713,1
3714,2
3715,0
3716,0
3717,3
3718,1
3719,2
3720,3
3721,0
3722,0
3723,3
3724,1
3725,3
3726,0
3727,3
3728,1
3729,4
3730,0
3731,1
3732,1
3733,2
3734,2
3735,1
3736,2
3737,2
3738,2
3739,1
3740,1
3741,2
3742,4
3743,1
3744,0
3745,1
3746,1
3747,1
3748,5
3749,3
3750,2
3751,1
3752,0
3753,2
3754,2
3755,1
3756,1
3757,4
3758,0
3759,1
3760,0
3761,1
3762,2
3763,1
3764,1
3765,2
3766,1
3767,1
3768,1
3769,1
3770,0
3771,3
3772,1
3773,0
3774,4
3775,0
3776,1
3777,1
3778,2
3779,2
3780,0
3781,2
3782,0
3783,1
3784,3
3785,2
3786,1
3787,2
3788,3
3789,4
3790,0
3791,1
3792,2
3793,4
3794,0
3795,1
3796,4
3797,3
3798,1
3799,2
3800,2
3801,1
3802,1
3803,3
3804,1
3805,2
3806,3
3807,0
3808,1
3809,1
3810,0
3811,1
3812,1
3813,0
3814,4
3815,2
3816,0
3817,1
3818,1
3819,1
3820,0
3821,3
3822,1
3823,1
3824,3
3825,2
3826,4
3827,4
3828,1
3829,1
3830,1
3831,1
3832,3
3833,0
3834,2
3835,1
3836,0
3837,2
3838,7
3839,2
3840,3
3841,2
3842,1
3843,0
3844,3
3845,4
3846,1
3847,2
3848,2
3849,3
3850,3
3851,2
3852,2
3853,1
3854,2
3855,1
3856,1
3857,3
3858,2
3859,1
3860,3
3861,2
3862,1
3863,1
3864,2
3865,3
3866,6
3867,1
3868,1
3869,1
3870,1
3871,0
3872,1
3873,4
3874,1
3875,5
3876,2
3877,2
3878,0
3879,1
3880,0
3881,2
3882,1
3883,4
3884,1
3885,3
3886,2
3887,2
3888,1
3889,1
3890,3
3891,5
3892,0
3893,2
3894,2
3895,1
3896,1
3897,2
3898,0
3899,1
3900,0
3901,2
3902,3
3903,0
3904,0
3905,2
3906,0
3907,2
3908,1
3909,3
3910,2
3911,0
3912,0
3913,0
3914,1
3915,4
3916,1
3917,2
3918,2
3919,2
3920,1
3921,1
3922,0
3923,2
3924,3
3925,0
3926,0
3927,2
3928,2
3929,2
3930,1
3931,1
3932,0
3933,1
3934,2
3935,1
3936,2
3937,0
3938,3
3939,1
3940,1
3941,1
3942,1
3943,3
3944,2
3945,0
3946,1
3947,0
3948,1
3949,2
3950,0
3951,4
3952,0
3953,2
3954,1
3955,2
3956,1
3957,1
3958,3
3959,2
3960,4
3961,1
3962,0
3963,4
3964,2
3965,4
3966,1
3967,1
3968,2
3969,1
3970,2
3971,0
3972,1
3973,1
3974,3
3975,2
3976,2
3977,5
3978,1
3979,2
3980,3
3981,4
3982,3
3983,2
3984,1
3985,0
3986,1
3987,1
3988,1
3989,0
3990,3
3991,1
3992,0
3993,2
3994,2
3995,3
3996,2
3997,3
3998,0
3999,1
4000,2
4001,1
4002,3
4003,4
4004,2
4005,1
4006,2
4007,2
4008,0
4009,1
4010,5
4011,2
4012,1
4013,3
4014,4
4015,1
4016,0
4017,0
4018,1
4019,1
4020,2
4021,3
4022,5
4023,0
4024,1
4025,1
4026,0
4027,0
4028,1
4029,2
4030,1
4031,0
4032,1
4033,0
4034,3
4035,2
4036,3
4037,3
4038,2
4039,1
4040,1
4041,2
4042,0
4043,0
4044,1
4045,3
4046,2
4047,2
4048,1
4049,0
4050,0
4051,3
4052,3
4053,0
4054,4
4055,3
4056,0
4057,2
4058,1
4059,1
4060,2
4061,3
4062,1
4063,4
4064,2
4065,2
4066,4
4067,3
4068,2
4069,4
4070,6
4071,1
4072,2
4073,1
4074,1
4075,2
4076,0
4077,2
4078,2
4079,2
4080,3
4081,1
4082,2
4083,3
4084,1
4085,2
4086,0
4087,4
4088,1
4089,1
4090,2
4091,1
4092,1
4093,1
4094,1
4095,2
4096,2
4097,2
4098,0
4099,2
4100,2
4101,2
4102,3
4103,3
4104,1
4105,1
4106,1
4107,2
4108,2
4109,1
4110,0
4111,2
4112,4
4113,1
4114,1
4115,3
4116,1
4117,0
4118,1
4119,2
4120,1
4121,1
4122,0
4123,3
4124,2
4125,2
4126,4
4127,0
4128,2
4129,0
4130,2
4131,0
4132,3
4133,3
4134,2
4135,1
4136,0
4137,2
4138,2
4139,3
4140,0
4141,0
4142,0
4143,5
4144,1
4145,0
4146,1
4147,2
4148,2
4149,1
4150,3
4151,2
4152,2
4153,1
4154,0
4155,1
4156,3
4157,3
4158,2
4159,2
4160,2
4161,1
4162,4
4163,1
4164,1
4165,4
4166,0
4167,1
4168,1
4169,0
4170,3
4171,0
4172,1
4173,2
4174,6
4175,2
4176,3
4177,1
4178,2
4179,1
4180,2
4181,0
4182,1
4183,1
4184,0
4185,0
4186,1
4187,1
4188,0
4189,4
4190,1
4191,0
4192,4
4193,2
4194,2
4195,2
4196,3
4197,2
4198,1
4199,2
4200,4
4201,2
4202,0
4203,0
4204,3
4205,3
4206,3
4207,1
4208,1
4209,2
4210,3
4211,0
4212,1
4213,1
4214,1
4215,3
4216,3
4217,3
4218,0
4219,4
4220,3
4221,1
4222,0
4223,2
4224,2
4225,0
4226,2
4227,1
4228,0
4229,5
4230,0
4231,1
4232,3
4233,1
4234,2
4235,0
4236,1
4237,3
4238,0
4239,2
4240,2
4241,2
4242,0
4243,1
4244,0
4245,3
4246,1
4247,1
4248,2
4249,1
4250,1
4251,2
4252,1
4253,2
4254,0
4255,1
4256,1
4257,1
4258,1
4259,2
4260,0
4261,2
4262,2
4263,0
4264,3
4265,1
4266,0
4267,3
4268,2
4269,4
4270,1
4271,5
4272,0
4273,0
4274,1
4275,2
4276,3
4277,0
4278,1
4279,2
4280,2
4281,4
4282,0
4283,2
4284,0
4285,2
4286,5
4287,1
4288,0
4289,0
4290,0
4291,5
4292,6
4293,1
4294,2
4295,1
4296,1
4297,1
4298,2
4299,4
4300,2
4301,1
4302,2
4303,0
4304,0
4305,2
4306,3
4307,1
4308,2
4309,0
4310,4
4311,1
4312,1
4313,3
4314,0
4315,2
4316,6
4317,1
4318,2
4319,2
4320,0
4321,0
4322,0
4323,0
4324,2
4325,2
4326,0
4327,3
4328,1
4329,2
4330,4
4331,0
4332,2
4333,1
4334,1
4335,2
4336,0
4337,1
4338,1
4339,1
4340,2
4341,0
4342,3
4343,1
4344,1
4345,2
4346,0
4347,4
4348,4
4349,1
4350,2
4351,1
4352,6
4353,3
4354,2
4355,1
4356,1
4357,4
4358,2
4359,2
4360,4
4361,0
4362,2
4363,2
4364,2
4365,2
4366,2
4367,0
4368,0
4369,2
4370,1
4371,1
4372,3
4373,3
4374,1
4375,3
4376,0
4377,2
4378,1
4379,3
4380,1
4381,2
4382,1
4383,1
4384,0
4385,3
4386,1
4387,1
4388,1
4389,0
4390,2
4391,1
4392,1
4393,1
4394,1
4395,2
4396,5
4397,5
4398,2
4399,3
4400,1
4401,2
4402,1
4403,0
4404,1
4405,0
4406,4
4407,0
4408,3
4409,0
4410,2
4411,3
4412,2
4413,2
4414,4
4415,3
4416,4
4417,3
4418,0
4419,1
4420,3
4421,2
4422,1
4423,4
4424,3
4425,1
4426,0
4427,1
4428,1
4429,3
4430,0
4431,1
4432,0
4433,1
4434,0
4435,2
4436,1
4437,2
4438,0
4439,0
4440,1
4441,0
4442,3
4443,2
4444,1
4445,1
4446,4
4447,1
4448,2
4449,1
4450,1
4451,3
4452,1
4453,3
4454,1
4455,1
4456,2
4457,4
4458,4
4459,1
4460,3
4461,1
4462,3
4463,1
4464,0
4465,1
4466,5
4467,0
4468,0
4469,0
4470,2
4471,3
4472,2
4473,2
4474,6
4475,0
4476,0
4477,1
4478,1
4479,1
4480,1
4481,1
4482,1
4483,1
4484,0
4485,1
4486,1
4487,0
4488,4
4489,1
4490,2
4491,0
4492,3
4493,1
4494,2
4495,2
4496,2
4497,3
4498,0
4499,1
4500,2
4501,0
4502,3
4503,3
4504,1
4505,2
4506,1
4507,4
4508,2
4509,2
4510,1
4511,3
4512,0
4513,3
4514,2
4515,0
4516,2
4517,2
4518,2
4519,2
4520,0
4521,2
4522,1
4523,2
4524,2
4525,2
4526,1
4527,1
4528,1
4529,2
4530,0
4531,5
4532,2
4533,1
4534,2
4535,0
4536,1
4537,2
4538,0
4539,1
4540,2
4541,2
4542,3
4543,1
4544,1
4545,4
4546,1
4547,0
4548,2
4549,2
4550,0
4551,2
4552,2
4553,2
4554,2
4555,2
4556,0
4557,3
4558,1
4559,2
4560,4
4561,6
4562,2
4563,3
4564,1
4565,3
4566,2
4567,3
4568,2
4569,1
4570,4
4571,3
4572,3
4573,1
4574,3
4575,0
4576,0
4577,2
4578,2
4579,1
4580,1
4581,4
4582,1
4583,0
4584,4
4585,0
4586,2
4587,2
4588,1
4589,1
4590,1
4591,2
4592,0
4593,2
4594,2
4595,2
4596,1
4597,0
4598,2
4599,1
4600,4
4601,1
4602,0
4603,2
4604,1
4605,2
4606,0
4607,2
4608,1
4609,3
4610,0
4611,1
4612,0
4613,2
4614,2
4615,2
4616,0
4617,0
4618,3
4619,2
4620,2
4621,2
4622,1
4623,2
4624,3
4625,1
4626,1
4627,2
4628,3
4629,4
4630,1
4631,2
4632,4
4633,2
4634,0
4635,0
4636,1
4637,2
4638,2
4639,1
4640,4
4641,0
4642,4
4643,0
4644,3
4645,3
4646,0
4647,2
4648,2
4649,2
4650,1
4651,1
4652,4
4653,1
4654,2
4655,3
4656,3
4657,0
4658,1
4659,3
4660,1
4661,2
4662,2
4663,4
4664,2
4665,0
4666,0
4667,1
4668,4
4669,3
4670,3
4671,4
4672,0
4673,3
4674,2
4675,3
4676,0
4677,1
4678,2
4679,0
4680,2
4681,1
4682,1
4683,0
4684,0
4685,4
4686,2
4687,2
4688,0
4689,3
4690,3
4691,3
4692,3
4693,2
4694,3
4695,3
4696,1
4697,2
4698,1
4699,3
4700,1
4701,0
4702,1
4703,0
4704,1
4705,1
4706,1
4707,0
4708,3
4709,5
4710,2
4711,2
4712,2
4713,2
4714,0
4715,1
4716,2
4717,2
4718,2
4719,3
4720,3
4721,0
4722,2
4723,3
4724,3
4725,1
4726,2
4727,2
4728,0
4729,2
4730,1
4731,1
4732,3
4733,2
4734,1
4735,1
4736,2
4737,3
4738,1
4739,1
4740,0
4741,1
4742,0
4743,6
4744,0
4745,1
4746,0
4747,0
4748,3
4749,1
4750,2
4751,0
4752,0
4753,2
4754,3
4755,1
4756,2
4757,1
4758,2
4759,1
4760,1
4761,4
4762,0
4763,1
4764,1
4765,0
4766,1
4767,2
4768,1
4769,3
4770,2
4771,1
4772,2
4773,2
4774,2
4775,5
4776,2
4777,3
4778,2
4779,2
4780,2
4781,1
4782,3
4783,1
4784,1
4785,1
4786,3
4787,1
4788,2
4789,2
4790,3
4791,1
4792,0
4793,3
4794,2
4795,3
4796,4
4797,1
4798,0
4799,1
4800,2
4801,2
4802,1
4803,1
4804,2
4805,1
4806,1
4807,2
4808,1
4809,3
4810,1
4811,1
4812,3
4813,3
4814,2
4815,2
4816,1
4817,1
4818,0
4819,2
4820,3
4821,2
4822,1
4823,0
4824,2
4825,1
4826,2
4827,5
4828,1
4829,4
4830,1
4831,0
4832,1
4833,5
4834,1
4835,2
4836,0
4837,1
4838,1
4839,1
4840,3
4841,4
4842,2
4843,2
4844,0
4845,3
4846,1
4847,1
4848,4
4849,0
4850,1
4851,2
4852,3
4853,1
4854,1
4855,2
4856,2
4857,0
4858,1
4859,4
4860,1
4861,0
4862,1
4863,2
4864,2
4865,3
4866,2
4867,2
4868,3
4869,1
4870,1
4871,2
4872,2
4873,1
4874,1
4875,1
4876,1
4877,0
4878,0
4879,1
4880,0
4881,1
4882,1
4883,4
4884,4
4885,4
4886,1
4887,3
4888,2
4889,0
4890,2
4891,1
4892,3
4893,2
4894,2
4895,0
4896,2
4897,2
4898,2
4899,1
4900,2
4901,3
4902,0
4903,1
4904,2
4905,1
4906,2
4907,0
4908,2
4909,2
4910,0
4911,1
4912,2
4913,4
4914,2
4915,2
4916,0
4917,2
4918,2
4919,2
4920,1
4921,3
4922,1
4923,4
4924,1
4925,0
4926,1
4927,2
4928,3
4929,1
4930,3
4931,1
4932,2
4933,0
4934,0
4935,2
4936,0
4937,1
4938,1
4939,2
4940,2
4941,3
4942,1
4943,2
4944,0
4945,0
4946,0
4947,3
4948,2
4949,2
4950,3
4951,1
4952,1
4953,1
4954,0
4955,3
4956,3
4957,2
4958,1
4959,1
4960,1
4961,2
4962,0
4963,2
4964,4
4965,2
4966,4
4967,3
4968,1
4969,2
4970,1
4971,1
4972,2
4973,2
4974,0
4975,1
4976,2
4977,2
4978,2
4979,5
4980,1
4981,1
4982,1
4983,1
4984,1
4985,2
4986,1
4987,2
4988,1
4989,2
4990,4
4991,1
4992,0
4993,3
4994,1
4995,1
4996,0
4997,4
4998,1
4999,0
5000,3
5001,1
5002,3
5003,3
5004,3
5005,1
5006,3
5007,1
5008,1
5009,1
5010,2
5011,5
5012,6
5013,6
5014,0
5015,4
5016,4
5017,3
5018,3
5019,1
5020,1
5021,1
5022,0
5023,1
5024,2
5025,1
5026,3
5027,2
5028,2
5029,0
5030,3
5031,1
5032,3
5033,1
5034,3
5035,4
5036,0
5037,3
5038,0
5039,2
5040,4
5041,3
5042,0
5043,1
5044,0
5045,1
5046,2
5047,4
5048,1
5049,2
5050,1
5051,0
5052,4
5053,3
5054,1
5055,2
5056,1
5057,0
5058,2
5059,1
5060,2
5061,1
5062,3
5063,1
5064,2
5065,0
5066,1
5067,1
5068,1
5069,2
5070,2
5071,2
5072,1
5073,2
5074,0
5075,2
5076,1
5077,2
5078,0
5079,2
5080,2
5081,1
5082,0
5083,1
5084,4
5085,3
5086,4
5087,0
5088,2
5089,3
5090,1
5091,0
5092,0
5093,1
5094,4
5095,3
5096,1
5097,2
5098,1
5099,4
5100,5
5101,1
5102,2
5103,1
5104,0
5105,0
5106,5
5107,0
5108,1
5109,2
5110,2
5111,2
5112,1
5113,2
5114,1
5115,1
5116,1
5117,2
5118,1
5119,0
5120,0
5121,2
5122,1
5123,3
5124,3
5125,0
5126,1
5127,2
5128,1
5129,1
5130,1
5131,4
5132,1
5133,0
5134,0
5135,1
5136,2
5137,2
5138,1
5139,1
5140,3
5141,0
5142,4
5143,0
5144,1
5145,2
5146,4
5147,1
5148,2
5149,2
5150,3
5151,1
5152,2
5153,2
5154,3
5155,2
5156,2
5157,0
5158,0
5159,3
5160,2
5161,2
5162,1
5163,1
5164,2
5165,2
5166,0
5167,2
5168,2
5169,3
5170,2
5171,2
5172,3
5173,0
5174,2
5175,4
5176,6
5177,1
5178,2
5179,1
5180,2
5181,1
5182,3
5183,1
5184,0
5185,3
5186,1
5187,3
5188,2
5189,4
5190,2
5191,0
5192,2
5193,2
5194,0
5195,3
5196,3
5197,0
5198,1
5199,0
5200,4
5201,1
5202,3
5203,4
5204,0
5205,0
5206,0
5207,4
5208,4
5209,2
5210,3
5211,1
5212,0
5213,0
5214,2
5215,2
5216,1
5217,6
5218,0
5219,2
5220,1
5221,2
5222,0
5223,3
5224,0
5225,4
5226,2
5227,1
5228,2
5229,2
5230,1
5231,2
5232,1
5233,1
5234,7
5235,1
5236,4
5237,3
5238,0
5239,2
5240,1
5241,3
5242,0
5243,0
5244,0
5245,2
5246,1
5247,1
5248,2
5249,0
5250,2
5251,0
5252,1
5253,1
5254,5
5255,0
5256,2
5257,1
5258,0
5259,3
5260,4
5261,2
5262,1
5263,0
5264,1
5265,2
5266,1
5267,3
5268,1
5269,2
5270,1
5271,1
5272,1
5273,2
5274,3
5275,2
5276,1
5277,3
5278,2
5279,3
5280,0
5281,0
5282,2
5283,0
5284,3
5285,1
5286,0
5287,1
5288,2
5289,1
5290,1
5291,3
5292,2
5293,2
5294,3
5295,3
5296,6
5297,3
5298,3
5299,2
5300,3
5301,0
5302,3
5303,1
5304,3
5305,1
5306,3
5307,0
5308,5
5309,1
5310,3
5311,1
5312,1
5313,0
5314,2
5315,3
5316,1
5317,1
5318,2
5319,1
5320,0
5321,2
5322,1
5323,2
5324,1
5325,1
5326,2
5327,2
5328,1
5329,2
5330,7
5331,3
5332,2
5333,2
5334,3
5335,1
5336,3
5337,1
5338,1
5339,3
5340,1
5341,1
5342,5
5343,0
5344,4
5345,1
5346,3
5347,2
5348,2
5349,2
5350,3
5351,3
5352,1
5353,1
5354,1
5355,2
5356,4
5357,5
5358,0
5359,1
5360,2
5361,1
5362,3
5363,1
5364,3
5365,1
5366,1
5367,4
5368,3
5369,0
5370,0
5371,2
5372,1
5373,2
5374,0
5375,4
5376,3
5377,0
5378,2
5379,0
5380,1
5381,3
5382,2
5383,4
5384,1
5385,2
5386,1
5387,1
5388,0
5389,2
5390,1
5391,1
5392,0
5393,0
5394,1
5395,1
5396,4
5397,4
5398,0
5399,1
5400,1
5401,1
5402,1
5403,1
5404,3
5405,5
5406,1
5407,1
5408,1
5409,1
5410,1
5411,1
5412,3
5413,2
5414,2
5415,4
5416,1
5417,3
5418,1
5419,2
5420,1
5421,2
5422,1
5423,3
5424,3
5425,1
5426,1
5427,0
5428,0
5429,2
5430,6
5431,3
5432,4
5433,1
5434,1
5435,2
5436,2
5437,4
5438,0
5439,1
5440,0
5441,3
5442,2
5443,1
5444,2
5445,0
5446,1
5447,5
5448,2
5449,4
5450,0
5451,2
5452,4
5453,2
5454,2
5455,4
5456,2
5457,0
5458,1
5459,2
5460,1
5461,1
5462,4
5463,1
5464,1
5465,2
5466,2
5467,4
5468,2
5469,2
5470,4
5471,2
5472,0
5473,1
5474,3
5475,2
5476,2
5477,5
5478,1
5479,2
5480,0
5481,2
5482,0
5483,2
5484,3
5485,1
5486,1
5487,4
5488,2
5489,1
5490,1
5491,1
5492,1
5493,2
5494,0
5495,2
5496,2
5497,2
5498,1
5499,0
5500,0
5501,1
5502,1
5503,3
5504,1
5505,1
5506,2
5507,1
5508,1
5509,3
5510,1
5511,2
5512,1
5513,0
5514,2
5515,1
5516,1
5517,1
5518,2
5519,5
5520,3
5521,4
5522,1
5523,1
5524,2
5525,1
5526,2
5527,2
5528,1
5529,1
5530,1
5531,2
5532,0
5533,2
5534,3
5535,4
5536,1
5537,6
5538,2
5539,1
5540,5
5541,3
5542,1
5543,2
5544,2
5545,0
5546,3
5547,0
5548,0
5549,2
5550,1
5551,1
5552,0
5553,1
5554,2
5555,4
5556,1
5557,1
5558,2
5559,1
5560,1
5561,2
5562,0
5563,3
5564,1
5565,0
5566,0
5567,2
5568,1
5569,5
5570,0
5571,3
5572,2
5573,3
5574,1
5575,2
5576,1
5577,3
5578,2
5579,1
5580,2
5581,3
5582,1
5583,1
5584,0
5585,1
5586,2
5587,1
5588,2
5589,1
5590,0
5591,3
5592,0
5593,2
5594,2
5595,2
5596,1
5597,1
5598,3
5599,3
5600,1
5601,0
5602,2
5603,2
5604,1
5605,1
5606,2
5607,2
5608,2
5609,0
5610,2
5611,2
5612,5
5613,2
5614,1
5615,0
5616,2
5617,2
5618,1
5619,1
5620,3
5621,2
5622,1
5623,1
5624,1
5625,1
5626,1
5627,2
5628,2
5629,1
5630,3
5631,0
5632,2
5633,3
5634,0
5635,0
5636,0
5637,1
5638,0
5639,1
5640,3
5641,4
5642,1
5643,1
5644,3
5645,1
5646,2
5647,2
5648,1
5649,0
5650,2
5651,2
5652,4
5653,1
5654,3
5655,1
5656,0
5657,3
5658,2
5659,8
5660,2
5661,0
5662,2
5663,2
5664,3
5665,0
5666,1
5667,0
5668,3
5669,3
5670,2
5671,2
5672,3
5673,0
5674,2
5675,2
5676,3
5677,0
5678,0
5679,1
5680,0
5681,3
5682,1
5683,1
5684,0
5685,0
5686,2
5687,3
5688,3
5689,2
5690,2
5691,2
5692,1
5693,3
5694,2
5695,2
5696,0
5697,2
5698,2
5699,0
5700,2
5701,2
5702,2
5703,2
5704,1
5705,3
5706,0
5707,2
5708,1
5709,3
5710,1
5711,1
5712,3
5713,0
5714,4
5715,2
5716,2
5717,4
5718,2
5719,3
5720,3
5721,6
5722,1
5723,1
5724,1
5725,2
5726,1
5727,0
5728,2
5729,2
5730,1
5731,1
5732,3
5733,3
5734,2
5735,0
5736,1
5737,3
5738,2
5739,5
5740,3
5741,2
5742,3
5743,3
5744,2
5745,1
5746,0
5747,1
5748,0
5749,2
5750,1
5751,0
5752,2
5753,3
5754,2
5755,0
5756,2
5757,2
5758,2
5759,2
5760,1
5761,0
5762,1
5763,0
5764,1
5765,1
5766,1
5767,1
5768,3
5769,3
5770,4
5771,3
5772,4
5773,0
5774,3
5775,3
5776,2
5777,0
5778,4
5779,2
5780,3
5781,5
5782,0
5783,0
5784,0
5785,2
5786,2
5787,2
5788,3
5789,0
5790,0
5791,3
5792,1
5793,2
5794,2
5795,4
5796,1
5797,0
5798,0
5799,1
5800,2
5801,1
5802,0
5803,2
5804,1
5805,4
5806,1
5807,0
5808,4
5809,3
5810,1
5811,1
5812,3
5813,1
5814,1
5815,1
5816,0
5817,0
5818,1
5819,1
5820,0
5821,2
5822,0
5823,2
5824,2
5825,0
5826,0
5827,1
5828,1
5829,1
5830,1
5831,7
5832,4
5833,2
5834,1
5835,1
5836,2
5837,2
5838,2
5839,0
5840,1
5841,4
5842,4
5843,2
5844,0
5845,1
5846,1
5847,2
5848,0
5849,1
5850,2
5851,3
5852,1
5853,0
5854,1
5855,1
5856,3
5857,2
5858,2
5859,0
5860,1
5861,4
5862,0
5863,0
5864,1
5865,0
5866,2
5867,0
5868,3
5869,1
5870,1
5871,0
5872,1
5873,3
5874,0
5875,3
5876,0
5877,3
5878,2
5879,1
5880,3
5881,3
5882,1
5883,0
5884,2
5885,2
5886,0
5887,3
5888,1
5889,1
5890,1
5891,1
5892,2
5893,1
5894,1
5895,1
5896,3
5897,5
5898,2
5899,2
5900,2
5901,2
5902,2
5903,2
5904,0
5905,1
5906,0
5907,1
5908,0
5909,4
5910,1
5911,3
5912,1
5913,0
5914,0
5915,2
5916,2
5917,1
5918,1
5919,2
5920,2
5921,2
5922,2
5923,0
5924,3
5925,3
5926,5
5927,2
5928,0
5929,2
5930,3
5931,3
5932,0
5933,0
5934,2
5935,3
5936,1
5937,1
5938,0
5939,1
5940,1
5941,5
5942,0
5943,3
5944,3
5945,2
5946,4
5947,3
5948,2
5949,2
5950,1
5951,0
5952,4
5953,1
5954,2
5955,2
5956,0
5957,4
5958,0
5959,2
5960,1
5961,2
5962,4
5963,1
5964,0
5965,4
5966,0
5967,0
5968,2
5969,2
5970,3
5971,0
5972,5
5973,3
5974,3
5975,2
5976,0
5977,2
5978,3
5979,4
5980,2
5981,2
5982,3
5983,2
5984,0
5985,1
5986,1
5987,0
5988,3
5989,0
5990,0
5991,1
5992,3
5993,0
5994,4
5995,2
5996,3
5997,1
5998,0
5999,4
6000,6
6001,1
6002,2
6003,1
6004,2
6005,3
6006,0
6007,2
6008,3
6009,1
6010,2
6011,5
6012,2
6013,1
6014,1
6015,2
6016,1
6017,0
6018,2
6019,3
6020,2
6021,2
6022,3
6023,0
6024,3
6025,1
6026,3
6027,2
6028,2
6029,1
6030,1
6031,5
6032,1
6033,1
6034,2
6035,1
6036,1
6037,0
6038,3
6039,1
6040,2
6041,2
6042,2
6043,1
6044,3
6045,1
6046,2
6047,4
6048,3
6049,2
6050,4
6051,3
6052,3
6053,0
6054,3
6055,4
6056,1
6057,1
6058,2
6059,0
6060,2
6061,2
6062,1
6063,0
6064,2
6065,0
6066,2
6067,1
6068,2
6069,3
6070,1
6071,0
6072,3
6073,3
6074,2
6075,2
6076,2
6077,1
6078,3
6079,0
6080,3
6081,1
6082,3
6083,3
6084,1
6085,1
6086,3
6087,1
6088,0
6089,3
6090,1
6091,2
6092,2
6093,2
6094,3
6095,3
6096,2
6097,1
6098,3
6099,4
6100,4
6101,2
6102,0
6103,2
6104,1
6105,1
6106,3
6107,2
6108,0
6109,0
6110,1
6111,0
6112,1
6113,1
6114,1
6115,1
6116,2
6117,1
6118,0
6119,5
6120,0
6121,2
6122,3
6123,1
6124,3
6125,3
6126,2
6127,3
6128,2
6129,4
6130,1
6131,2
6132,1
6133,2
6134,1
6135,1
6136,3
6137,2
6138,1
6139,0
6140,1
6141,1
6142,0
6143,2
6144,2
6145,3
6146,1
6147,1
6148,4
6149,2
6150,1
6151,1
6152,0
6153,4
6154,0
6155,3
6156,2
6157,0
6158,1
6159,3
6160,2
6161,2
6162,0
6163,4
6164,2
6165,1
6166,1
6167,4
6168,0
6169,3
6170,1
6171,0
6172,1
6173,0
6174,0
6175,2
6176,2
6177,3
6178,2
6179,1
6180,1
6181,3
6182,0
6183,3
6184,1
6185,2
6186,0
6187,2
6188,1
6189,3
6190,3
6191,2
6192,1
6193,4
6194,1
6195,0
6196,2
6197,0
6198,2
6199,1
6200,3
6201,1
6202,1
6203,1
6204,6
6205,1
6206,2
6207,3
6208,0
6209,3
6210,2
6211,1
6212,0
6213,2
6214,0
6215,2
6216,2
6217,0
6218,0
6219,1
6220,2
6221,1
6222,1
6223,1
6224,3
6225,1
6226,0
6227,2
6228,4
6229,1
6230,2
6231,1
6232,0
6233,1
6234,1
6235,2
6236,3
6237,3
6238,1
6239,2
6240,2
6241,1
6242,1
6243,1
6244,2
6245,2
6246,3
6247,2
6248,3
6249,0
6250,2
6251,0
6252,1
6253,2
6254,2
6255,2
6256,1
6257,1
6258,6
6259,0
6260,1
6261,4
6262,2
6263,2
6264,1
6265,2
6266,3
6267,3
6268,3
6269,1
6270,2
6271,3
6272,1
6273,2
6274,2
6275,2
6276,3
6277,0
6278,1
6279,1
6280,1
6281,0
6282,2
6283,1
6284,2
6285,2
6286,3
6287,1
6288,4
6289,1
6290,1
6291,0
6292,1
6293,2
6294,3
6295,3
6296,2
6297,1
6298,5
6299,1
6300,1
6301,2
6302,1
6303,1
6304,1
6305,1
6306,4
6307,0
6308,1
6309,1
6310,3
6311,1
6312,0
6313,3
6314,0
6315,1
6316,3
6317,0
6318,0
6319,1
6320,2
6321,2
6322,5
6323,1
6324,2
6325,3
6326,2
6327,3
6328,1
6329,2
6330,3
6331,2
6332,5
6333,4
6334,3
6335,3
6336,1
6337,3
6338,3
6339,4
6340,1
6341,3
6342,4
6343,3
6344,2
6345,0
6346,2
6347,2
6348,0
6349,2
6350,1
6351,4
6352,4
6353,4
6354,2
6355,2
6356,1
6357,2
6358,2
6359,1
6360,2
6361,3
6362,0
6363,4
6364,1
6365,3
6366,0
6367,3
6368,0
6369,1
6370,2
6371,3
6372,1
6373,5
6374,2
6375,0
6376,2
6377,3
6378,1
6379,1
6380,2
6381,1
6382,1
6383,2
6384,3
6385,2
6386,2
6387,1
6388,2
6389,2
6390,1
6391,2
6392,1
6393,1
6394,5
6395,4
6396,2
6397,3
6398,1
6399,2
6400,4
6401,1
6402,3
6403,1
6404,2
6405,1
6406,3
6407,2
6408,3
6409,1
6410,3
6411,1
6412,3
6413,0
6414,3
6415,2
6416,3
6417,2
6418,0
6419,0
6420,2
6421,2
6422,0
6423,2
6424,2
6425,1
6426,1
6427,2
6428,1
6429,1
6430,2
6431,2
6432,1
6433,2
6434,1
6435,3
6436,1
6437,1
6438,2
6439,2
6440,2
6441,4
6442,2
6443,0
6444,0
6445,3
6446,2
6447,1
6448,1
6449,1
6450,0
6451,3
6452,0
6453,1
6454,1
6455,4
6456,4
6457,0
6458,1
6459,1
6460,1
6461,3
6462,4
6463,2
6464,1
6465,1
6466,2
6467,1
6468,1
6469,2
6470,3
6471,1
6472,3
6473,1
6474,1
6475,3
6476,0
6477,0
6478,0
6479,0
6480,2
6481,4
6482,1
6483,0
6484,0
6485,1
6486,2
6487,2
6488,2
6489,0
6490,1
6491,4
6492,2
6493,1
6494,1
6495,3
6496,1
6497,1
6498,0
6499,1
6500,0
6501,2
6502,2
6503,2
6504,3
6505,1
6506,3
6507,5
6508,0
6509,4
6510,2
6511,3
6512,3
6513,2
6514,2
6515,0
6516,1
6517,1
6518,4
6519,3
6520,1
6521,3
6522,2
6523,0
6524,2
6525,0
6526,2
6527,4
6528,6
6529,2
6530,4
6531,1
6532,1
6533,1
6534,2
6535,3
6536,1
6537,3
6538,0
6539,1
6540,1
6541,1
6542,8
6543,1
6544,1
6545,1
6546,0
6547,3
6548,0
6549,0
6550,0
6551,1
6552,1
6553,1
6554,2
6555,1
6556,0
6557,3
6558,0
6559,1
6560,2
6561,3
6562,2
6563,0
6564,1
6565,1
6566,2
6567,0
6568,0
6569,2
6570,2
6571,0
6572,2
6573,3
6574,0
6575,0
6576,1
6577,4
6578,2
6579,5
6580,3
6581,0
6582,0
6583,3
6584,0
6585,3
6586,3
6587,2
6588,0
6589,3
6590,3
6591,0
6592,4
6593,2
6594,2
6595,3
6596,0
6597,3
6598,3
6599,1
6600,3
6601,1
6602,1
6603,2
6604,2
6605,3
6606,3
6607,2
6608,0
6609,2
6610,1
6611,2
6612,2
6613,1
6614,3
6615,0
6616,3
6617,1
6618,1
6619,0
6620,1
6621,1
6622,1
6623,2
6624,2
6625,1
6626,1
6627,3
6628,3
6629,4
6630,1
6631,2
6632,1
6633,1
6634,4
6635,2
6636,2
6637,2
6638,0
6639,2
6640,3
6641,3
6642,1
6643,1
6644,0
6645,3
6646,0
6647,1
6648,2
6649,5
6650,1
6651,2
6652,2
6653,1
6654,1
6655,3
6656,1
6657,1
6658,0
6659,1
6660,3
6661,2
6662,3
6663,2
6664,3
6665,3
6666,4
6667,2
6668,5
6669,0
6670,3
6671,2
6672,1
6673,3
6674,4
6675,2
6676,4
6677,0
6678,0
6679,1
6680,1
6681,4
6682,3
6683,2
6684,2
6685,1
6686,2
6687,2
6688,1
6689,5
6690,2
6691,2
6692,1
6693,1
6694,2
6695,3
6696,0
6697,0
6698,2
6699,2
6700,2
6701,0
6702,2
6703,5
6704,0
6705,1
6706,0
6707,2
6708,1
6709,4
6710,2
6711,2
6712,2
6713,3
6714,3
6715,4
6716,2
6717,2
6718,2
6719,0
6720,2
6721,1
6722,1
6723,2
6724,1
6725,3
6726,3
6727,2
6728,3
6729,1
6730,2
6731,1
6732,3
6733,4
6734,0
6735,0
6736,2
6737,1
6738,3
6739,2
6740,5
6741,2
6742,1
6743,0
6744,5
6745,1
6746,3
6747,1
6748,0
6749,2
6750,2
6751,3
6752,1
6753,3
6754,2
6755,0
6756,0
6757,2
6758,3
6759,4
6760,6
6761,1
6762,2
6763,0
6764,1
6765,0
6766,1
6767,4
6768,1
6769,2
6770,2
6771,4
6772,2
6773,1
6774,2
6775,1
6776,0
6777,1
6778,1
6779,2
6780,2
6781,2
6782,2
6783,4
6784,1
6785,0
6786,1
6787,2
6788,0
6789,0
6790,1
6791,1
6792,2
6793,4
6794,1
6795,3
6796,3
6797,1
6798,4
6799,1
6800,1
6801,1
6802,1
6803,4
6804,2
6805,0
6806,2
6807,3
6808,2
6809,5
6810,3
6811,2
6812,0
6813,2
6814,0
6815,4
6816,2
6817,2
6818,2
6819,0
6820,3
6821,2
6822,1
6823,2
6824,3
6825,3
6826,2
6827,1
6828,3
6829,2
6830,2
6831,3
6832,1
6833,1
6834,3
6835,1
6836,1
6837,1
6838,2
6839,2
6840,2
6841,4
6842,4
6843,1
6844,1
6845,0
6846,1
6847,1
6848,2
6849,2
6850,1
6851,2
6852,1
6853,1
6854,4
6855,0
6856,1
6857,4
6858,3
6859,2
6860,1
6861,1
6862,2
6863,2
6864,3
6865,2
6866,4
6867,4
6868,2
6869,3
6870,2
6871,1
6872,2
6873,2
6874,2
6875,2
6876,1
6877,3
6878,3
6879,3
6880,3
6881,2
6882,2
6883,3
6884,1
6885,2
6886,5
6887,0
6888,6
6889,2
6890,2
6891,6
6892,2
6893,1
6894,1
6895,0
6896,3
6897,0
6898,2
6899,0
6900,2
6901,1
6902,0
6903,2
6904,3
6905,2
6906,3
6907,2
6908,1
6909,3
6910,0
6911,0
6912,0
6913,2
6914,4
6915,3
6916,2
6917,1
6918,1
6919,4
6920,0
6921,3
6922,1
6923,1
6924,2
6925,2
6926,2
6927,1
6928,5
6929,3
6930,0
6931,2
6932,0
6933,2
6934,0
6935,2
6936,0
6937,3
6938,1
6939,1
6940,1
6941,3
6942,1
6943,3
6944,1
6945,4
6946,2
6947,2
6948,1
6949,1
6950,2
6951,3
6952,0
6953,3
6954,1
6955,4
6956,1
6957,3
6958,2
6959,1
6960,1
6961,0
6962,1
6963,2
6964,1
6965,1
6966,1
6967,1
6968,3
6969,1
6970,0
6971,2
6972,2
6973,1
6974,4
6975,1
6976,1
6977,2
6978,0
6979,3
6980,4
6981,1
6982,2
6983,0
6984,0
6985,2
6986,0
6987,3
6988,2
6989,3
6990,2
6991,3
6992,3
6993,3
6994,2
6995,0
6996,3
6997,2
6998,2
6999,1
7000,1
7001,3
7002,2
7003,0
7004,1
7005,3
7006,0
7007,3
7008,0
7009,1
7010,5
7011,1
7012,3
7013,0
7014,0
7015,1
7016,0
7017,1
7018,4
7019,1
7020,0
7021,1
7022,0
7023,1
7024,0
7025,1
7026,6
7027,3
7028,2
7029,1
7030,1
7031,3
7032,1
7033,3
7034,3
7035,3
7036,4
7037,1
7038,2
7039,1
7040,0
7041,3
7042,4
7043,2
7044,0
7045,0
7046,1
7047,0
7048,1
7049,4
7050,3
7051,1
7052,0
7053,4
7054,3
7055,2
7056,1
7057,1
7058,3
7059,1
7060,0
7061,0
7062,3
7063,3
7064,4
7065,2
7066,1
7067,1
7068,3
7069,2
7070,0
7071,2
7072,0
7073,1
7074,0
7075,2
7076,1
7077,1
7078,0
7079,1
7080,1
7081,2
7082,1
7083,2
7084,2
7085,3
7086,4
7087,1
7088,3
7089,4
7090,1
7091,0
7092,4
7093,3
7094,1
7095,1
7096,2
7097,2
7098,2
7099,3
7100,4
7101,1
7102,1
7103,1
7104,4
7105,3
7106,1
7107,2
7108,5
7109,1
7110,2
7111,3
7112,5
7113,0
7114,2
7115,0
7116,4
7117,0
7118,2
7119,0
7120,0
7121,1
7122,2
7123,1
7124,2
7125,1
7126,1
7127,3
7128,1
7129,7
7130,0
7131,1
7132,3
7133,3
7134,2
7135,1
7136,2
7137,2
7138,1
7139,0
7140,3
7141,0
7142,0
7143,0
7144,1
7145,2
7146,2
7147,0
7148,4
7149,2
7150,1
7151,1
7152,2
7153,1
7154,1
7155,4
7156,2
7157,3
7158,0
7159,2
7160,0
7161,1
7162,1
7163,3
7164,0
7165,0
7166,1
7167,0
7168,1
7169,1
7170,1
7171,1
7172,0
7173,0
7174,0
7175,4
7176,1
7177,1
7178,0
7179,2
7180,4
7181,5
7182,1
7183,0
7184,0
7185,2
7186,0
7187,1
7188,1
7189,0
7190,2
7191,2
7192,1
7193,4
7194,1
7195,0
7196,2
7197,0
7198,3
7199,1
7200,2
7201,1
7202,1
7203,0
7204,2
7205,0
7206,1
7207,0
7208,0
7209,1
7210,3
7211,5
7212,3
7213,2
7214,3
7215,2
7216,1
7217,3
7218,3
7219,1
7220,1
7221,1
7222,2
7223,3
7224,4
7225,1
7226,3
7227,2
7228,2
7229,0
7230,2
7231,3
7232,3
7233,3
7234,3
7235,1
7236,1
7237,3
7238,2
7239,2
7240,0
7241,2
7242,2
7243,1
7244,2
7245,1
7246,0
7247,2
7248,0
7249,1
7250,3
7251,2
7252,2
7253,2
7254,2
7255,0
7256,0
7257,2
7258,1
7259,1
7260,2
7261,2
7262,1
7263,2
7264,1
7265,1
7266,2
7267,4
7268,0
7269,1
7270,2
7271,1
7272,2
7273,6
7274,0
7275,1
7276,0
7277,4
7278,1
7279,1
7280,0
7281,0
7282,2
7283,1
7284,2
7285,3
7286,1
7287,2
7288,1
7289,2
7290,2
7291,0
7292,4
7293,3
7294,2
7295,2
7296,2
7297,0
7298,1
7299,2
7300,0
7301,2
7302,2
7303,1
7304,3
7305,2
7306,2
7307,1
7308,0
7309,0
7310,0
7311,2
7312,0
7313,5
7314,2
7315,1
7316,0
7317,0
7318,0
7319,2
7320,3
7321,0
7322,1
7323,3
7324,1
7325,2
7326,0
7327,3
7328,1
7329,1
7330,1
7331,2
7332,2
7333,1
7334,3
7335,2
7336,3
7337,6
7338,1
7339,2
7340,0
7341,3
7342,5
7343,1
7344,1
7345,3
7346,3
7347,1
7348,1
7349,2
7350,0
7351,1
7352,2
7353,1
7354,2
7355,4
7356,2
7357,0
7358,5
7359,1
7360,2
7361,5
7362,1
7363,2
7364,1
7365,1
7366,1
7367,2
7368,1
7369,4
7370,2
7371,0
7372,1
7373,2
7374,1
7375,3
7376,5
7377,2
7378,1
7379,1
7380,2
7381,2
7382,1
7383,2
7384,0
7385,1
7386,2
7387,2
7388,0
7389,1
7390,1
7391,1
7392,0
7393,2
7394,0
7395,1
7396,2
7397,3
7398,2
7399,0
7400,1
7401,4
7402,0
7403,0
7404,1
7405,2
7406,1
7407,2
7408,1
7409,1
7410,3
7411,4
7412,2
7413,0
7414,2
7415,0
7416,0
7417,1
7418,0
7419,0
7420,2
7421,1
7422,1
7423,2
7424,4
7425,5
7426,1
7427,1
7428,2
7429,2
7430,2
7431,4
7432,1
7433,1
7434,2
7435,0
7436,4
7437,1
7438,0
7439,0
7440,4
7441,0
7442,5
7443,3
7444,0
7445,1
7446,3
7447,1
7448,0
7449,0
7450,2
7451,3
7452,3
7453,2
7454,2
7455,0
7456,2
7457,1
7458,1
7459,0
7460,2
7461,1
7462,0
7463,3
7464,1
7465,1
7466,0
7467,0
7468,2
7469,1
7470,3
7471,5
7472,0
7473,0
7474,1
7475,2
7476,1
7477,1
7478,1
7479,2
7480,1
7481,1
7482,0
7483,2
7484,1
7485,0
7486,3
7487,2
7488,3
7489,0
7490,3
7491,4
7492,1
7493,2
7494,3
7495,2
7496,0
7497,0
7498,1
7499,1
7500,0
7501,3
7502,1
7503,1
7504,3
7505,2
7506,0
7507,3
7508,1
7509,1
7510,0
7511,0
7512,2
7513,0
7514,1
7515,2
7516,2
7517,4
7518,1
7519,2
7520,0
7521,1
7522,2
7523,4
7524,2
7525,1
7526,3
7527,2
7528,6
7529,1
7530,2
7531,1
7532,4
7533,1
7534,2
7535,1
7536,3
7537,0
7538,1
7539,3
7540,1
7541,2
7542,1
7543,2
7544,3
7545,3
7546,1
7547,2
7548,1
7549,2
7550,2
7551,1
7552,4
7553,2
7554,2
7555,1
7556,1
7557,0
7558,1
7559,1
7560,3
7561,1
7562,3
7563,1
7564,2
7565,3
7566,0
7567,1
7568,0
7569,1
7570,0
7571,3
7572,0
7573,2
7574,1
7575,1
7576,1
7577,2
7578,3
7579,2
7580,3
7581,3
7582,0
7583,2
7584,2
7585,7
7586,4
7587,1
7588,1
7589,2
7590,0
7591,5
7592,2
7593,3
7594,1
7595,1
7596,1
7597,2
7598,0
7599,1
7600,3
7601,2
7602,3
7603,1
7604,2
7605,2
7606,0
7607,0
7608,3
7609,0
7610,2
7611,0
7612,1
7613,1
7614,5
7615,1
7616,2
7617,4
7618,5
7619,2
7620,1
7621,2
7622,1
7623,1
7624,2
7625,1
7626,0
7627,4
7628,8
7629,1
7630,4
7631,2
7632,2
7633,1
7634,2
7635,2
7636,1
7637,1
7638,0
7639,4
7640,2
7641,2
7642,4
7643,1
7644,4
7645,3
7646,1
7647,1
7648,2
7649,0
7650,2
7651,0
7652,1
7653,1
7654,1
7655,4
7656,1
7657,0
7658,3
7659,3
7660,1
7661,3
7662,5
7663,1
7664,0
7665,3
7666,5
7667,2
7668,1
7669,2
7670,1
7671,1
7672,3
7673,0
7674,5
7675,0
7676,1
7677,1
7678,1
7679,1
7680,0
7681,0
7682,3
7683,2
7684,2
7685,1
7686,1
7687,3
7688,1
7689,0
7690,2
7691,1
7692,2
7693,1
7694,2
7695,5
7696,0
7697,3
7698,3
7699,1
7700,1
7701,0
7702,2
7703,1
7704,5
7705,3
7706,0
7707,5
7708,1
7709,0
7710,0
7711,0
7712,1
7713,0
7714,0
7715,2
7716,3
7717,0
7718,2
7719,1
7720,1
7721,4
7722,3
7723,1
7724,2
7725,3
7726,3
7727,0
7728,3
7729,2
7730,1
7731,1
7732,3
7733,2
7734,1
7735,0
7736,0
7737,1
7738,0
7739,3
7740,2
7741,1
7742,2
7743,0
7744,1
7745,1
7746,1
7747,2
7748,2
7749,1
7750,3
7751,3
7752,4
7753,0
7754,0
7755,2
7756,3
7757,1
7758,1
7759,5
7760,3
7761,0
7762,3
7763,0
7764,1
7765,2
7766,1
7767,4
7768,2
7769,1
7770,1
7771,5
7772,4
7773,2
7774,0
7775,0
7776,2
7777,2
7778,2
7779,3
7780,1
7781,2
7782,3
7783,1
7784,2
7785,3
7786,1
7787,4
7788,0
7789,1
7790,1
7791,2
7792,0
7793,4
7794,2
7795,2
7796,3
7797,2
7798,2
7799,1
7800,2
7801,3
7802,2
7803,1
7804,2
7805,1
7806,3
7807,2
7808,0
7809,1
7810,3
7811,1
7812,0
7813,5
7814,3
7815,0
7816,2
7817,1
7818,2
7819,3
7820,1
7821,2
7822,3
7823,5
7824,2
7825,3
7826,2
7827,1
7828,3
7829,1
7830,1
7831,0
7832,2
7833,5
7834,1
7835,0
7836,4
7837,0
7838,0
7839,1
7840,0
7841,2
7842,3
7843,3
7844,1
7845,2
7846,1
7847,4
7848,2
7849,1
7850,3
7851,1
7852,2
7853,2
7854,2
7855,0
7856,2
7857,3
7858,1
7859,1
7860,1
7861,4
7862,2
7863,4
7864,4
7865,1
7866,2
7867,5
7868,0
7869,1
7870,2
7871,3
7872,2
7873,0
7874,3
7875,0
7876,2
7877,4
7878,1
7879,2
7880,0
7881,4
7882,2
7883,0
7884,1
7885,3
7886,2
7887,3
7888,2
7889,1
7890,0
7891,3
7892,1
7893,3
7894,1
7895,0
7896,0
7897,2
7898,3
7899,0
7900,1
7901,1
7902,4
7903,3
7904,4
7905,1
7906,1
7907,4
7908,1
7909,2
7910,0
7911,0
7912,2
7913,2
7914,1
7915,4
7916,0
7917,4
7918,0
7919,2
7920,0
7921,2
7922,1
7923,5
7924,0
7925,3
7926,3
7927,0
7928,2
7929,2
7930,1
7931,5
7932,3
7933,1
7934,0
7935,4
7936,1
7937,3
7938,1
7939,1
7940,2
7941,2
7942,1
7943,2
7944,2
7945,2
7946,2
7947,1
7948,1
7949,1
7950,2
7951,3
7952,1
7953,3
7954,3
7955,2
7956,1
7957,4
7958,3
7959,0
7960,0
7961,4
7962,0
7963,4
7964,1
7965,3
7966,1
7967,1
7968,1
7969,2
7970,3
7971,0
7972,1
7973,0
7974,2
7975,2
7976,2
7977,0
7978,2
7979,3
7980,1
7981,2
7982,1
7983,2
7984,3
7985,2
7986,0
7987,2
7988,1
7989,6
7990,4
7991,3
7992,0
7993,1
7994,1
7995,1
7996,0
7997,3
7998,3
7999,1
8000,0
8001,0
8002,0
8003,0
8004,1
8005,0
8006,0
8007,1
8008,1
8009,2
8010,2
8011,2
8012,3
8013,0
8014,2
8015,0
8016,2
8017,1
8018,3
8019,2
8020,4
8021,0
8022,3
8023,0
8024,1
8025,1
8026,2
8027,2
8028,1
8029,1
8030,3
8031,3
8032,3
8033,2
8034,0
8035,4
8036,1
8037,1
8038,2
8039,1
8040,1
8041,5
8042,1
8043,0
8044,3
8045,0
8046,1
8047,1
8048,0
8049,3
8050,0
8051,1
8052,1
8053,1
8054,1
8055,3
8056,1
8057,1
8058,2
8059,2
8060,2
8061,3
8062,5
8063,1
8064,1
8065,7
8066,1
8067,3
8068,4
8069,1
8070,1
8071,0
8072,2
8073,2
8074,0
8075,2
8076,3
8077,0
8078,2
8079,2
8080,0
8081,0
8082,1
8083,3
8084,2
8085,5
8086,4
8087,1
8088,1
8089,2
8090,1
8091,3
8092,3
8093,2
8094,2
8095,5
8096,1
8097,1
8098,1
8099,5
8100,0
8101,2
8102,2
8103,5
8104,2
8105,2
8106,2
8107,2
8108,4
8109,0
8110,0
8111,1
8112,0
8113,1
8114,0
8115,1
8116,2
8117,1
8118,1
8119,1
8120,1
8121,3
8122,1
8123,1
8124,1
8125,0
8126,2
8127,1
8128,1
8129,0
8130,3
8131,0
8132,1
8133,1
8134,1
8135,2
8136,1
8137,1
8138,0
8139,2
8140,2
8141,1
8142,1
8143,3
8144,0
8145,1
8146,3
8147,2
8148,2
8149,1
8150,1
8151,0
8152,5
8153,0
8154,4
8155,3
8156,3
8157,1
8158,1
8159,2
8160,3
8161,1
8162,3
8163,2
8164,1
8165,1
8166,1
8167,3
8168,1
8169,2
8170,1
8171,3
8172,2
8173,1
8174,2
8175,1
8176,1
8177,1
8178,3
8179,1
8180,1
8181,3
8182,5
8183,0
8184,1
8185,0
8186,4
8187,2
8188,3
8189,5
8190,4
8191,3
8192,1
8193,1
8194,2
8195,1
8196,2
8197,1
8198,3
8199,1
8200,4
8201,3
8202,5
8203,1
8204,3
8205,1
8206,0
8207,0
8208,0
8209,0
8210,3
8211,1
8212,1
8213,2
8214,2
8215,0
8216,1
8217,2
8218,2
8219,2
8220,1
8221,0
8222,6
8223,4
8224,0
8225,1
8226,2
8227,2
8228,2
8229,4
8230,1
8231,0
8232,3
8233,0
8234,1
8235,2
8236,2
8237,2
8238,1
8239,2
8240,2
8241,3
8242,3
8243,0
8244,0
8245,0
8246,1
8247,1
8248,2
8249,4
8250,1
8251,0
8252,2
8253,2
8254,3
8255,1
8256,3
8257,4
8258,0
8259,1
8260,2
8261,3
8262,0
8263,1
8264,3
8265,2
8266,4
8267,4
8268,0
8269,2
8270,2
8271,1
8272,1
8273,6
8274,2
8275,2
8276,3
8277,5
8278,2
8279,5
8280,1
8281,3
8282,1
8283,1
8284,4
8285,1
8286,1
8287,3
8288,0
8289,3
8290,3
8291,2
8292,0
8293,1
8294,3
8295,5
8296,1
8297,2
8298,2
8299,1
8300,2
8301,0
8302,4
8303,2
8304,3
8305,0
8306,3
8307,2
8308,1
8309,0
8310,2
8311,3
8312,1
8313,4
8314,0
8315,4
8316,4
8317,6
8318,1
8319,1
8320,5
8321,3
8322,1
8323,1
8324,4
8325,2
8326,3
8327,1
8328,4
8329,2
8330,4
8331,1
8332,2
8333,1
8334,3
8335,2
8336,1
8337,3
8338,0
8339,3
8340,5
8341,3
8342,2
8343,2
8344,0
8345,4
8346,2
8347,3
8348,0
8349,1
8350,1
8351,4
8352,2
8353,1
8354,2
8355,2
8356,1
8357,2
8358,1
8359,1
8360,3
8361,3
8362,0
8363,5
8364,3
8365,0
8366,1
8367,3
8368,4
8369,3
8370,3
8371,3
8372,0
8373,2
8374,3
8375,2
8376,3
8377,1
8378,4
8379,2
8380,2
8381,4
8382,2
8383,0
8384,0
8385,1
8386,1
8387,1
8388,1
8389,0
8390,2
8391,1
8392,2
8393,2
8394,1
8395,2
8396,1
8397,1
8398,4
8399,1
8400,3
8401,2
8402,1
8403,1
8404,3
8405,2
8406,2
8407,3
8408,1
8409,1
8410,1
8411,1
8412,2
8413,2
8414,3
8415,0
8416,2
8417,2
8418,1
8419,1
8420,1
8421,4
8422,3
8423,1
8424,0
8425,2
8426,1
8427,1
8428,3
8429,1
8430,2
8431,2
8432,2
8433,1
8434,4
8435,1
8436,0
8437,2
8438,0
8439,0
8440,3
8441,1
8442,2
8443,3
8444,1
8445,2
8446,0
8447,2
8448,1
8449,0
8450,0
8451,0
8452,4
8453,1
8454,0
8455,1
8456,2
8457,2
8458,1
8459,2
8460,1
8461,2
8462,1
8463,1
8464,3
8465,2
8466,2
8467,1
8468,3
8469,0
8470,2
8471,3
8472,0
8473,1
8474,1
8475,2
8476,4
8477,1
8478,3
8479,1
8480,3
8481,2
8482,4
8483,4
8484,3
8485,1
8486,2
8487,1
8488,2
8489,3
8490,1
8491,0
8492,0
8493,3
8494,2
8495,2
8496,3
8497,3
8498,2
8499,2
8500,2
8501,2
8502,0
8503,1
8504,1
8505,4
8506,2
8507,1
8508,1
8509,1
8510,3
8511,1
8512,2
8513,1
8514,0
8515,2
8516,2
8517,1
8518,1
8519,2
8520,4
8521,1
8522,2
8523,1
8524,2
8525,1
8526,3
8527,0
8528,2
8529,0
8530,2
8531,2
8532,3
8533,1
8534,1
8535,3
8536,2
8537,1
8538,1
8539,1
8540,1
8541,1
8542,1
8543,2
8544,0
8545,0
8546,1
8547,2
8548,1
8549,1
8550,2
8551,3
8552,2
8553,1
8554,2
8555,4
8556,1
8557,2
8558,1
8559,1
8560,5
8561,2
8562,2
8563,4
8564,1
8565,1
8566,2
8567,2
8568,2
8569,2
8570,3
8571,1
8572,0
8573,1
8574,0
8575,1
8576,3
8577,0
8578,0
8579,1
8580,2
8581,3
8582,1
8583,1
8584,2
8585,0
8586,2
8587,1
8588,3
8589,1
8590,1
8591,4
8592,3
8593,2
8594,2
8595,0
8596,3
8597,0
8598,3
8599,1
8600,2
8601,5
8602,0
8603,2
8604,2
8605,3
8606,1
8607,2
8608,2
8609,2
8610,1
8611,3
8612,0
8613,1
8614,1
8615,1
8616,1
8617,1
8618,1
8619,2
8620,2
8621,0
8622,1
8623,2
8624,1
8625,0
8626,1
8627,1
8628,1
8629,1
8630,2
8631,1
8632,0
8633,5
8634,3
8635,1
8636,2
8637,2
8638,1
8639,3
8640,1
8641,4
8642,1
8643,2
8644,1
8645,1
8646,1
8647,2
8648,3
8649,2
8650,1
8651,1
8652,0
8653,1
8654,1
8655,0
8656,2
8657,3
8658,1
8659,8
8660,4
8661,1
8662,4
8663,3
8664,2
8665,2
8666,3
8667,1
8668,1
8669,1
8670,1
8671,3
8672,5
8673,1
8674,2
8675,0
8676,3
8677,5
8678,2
8679,2
8680,5
8681,0
8682,4
8683,0
8684,3
8685,2
8686,2
8687,2
8688,1
8689,1
8690,0
8691,3
8692,2
8693,1
8694,2
8695,1
8696,1
8697,0
8698,1
8699,2
8700,2
8701,1
8702,2
8703,2
8704,2
8705,3
8706,1
8707,0
8708,3
8709,1
8710,0
8711,1
8712,5
8713,1
8714,1
8715,0
8716,1
8717,2
8718,0
8719,3
8720,1
8721,1
8722,2
8723,1
8724,3
8725,1
8726,1
8727,0
8728,0
8729,1
8730,2
8731,3
8732,2
8733,2
8734,1
8735,1
8736,2
8737,2
8738,0
8739,0
8740,0
8741,2
8742,0
8743,0
8744,2
8745,3
8746,1
8747,2
8748,2
8749,0
8750,1
8751,3
8752,1
8753,2
8754,1
8755,1
8756,0
8757,0
8758,5
8759,2
8760,2
8761,3
8762,2
8763,2
8764,1
8765,2
8766,3
8767,0
8768,1
8769,1
8770,0
8771,0
8772,2
8773,2
8774,1
8775,3
8776,1
8777,0
8778,3
8779,2
8780,1
8781,0
8782,4
8783,1
8784,1
8785,3
8786,1
8787,0
8788,1
8789,3
8790,2
8791,1
8792,2
8793,1
8794,1
8795,2
8796,3
8797,3
8798,1
8799,0
8800,0
8801,1
8802,1
8803,4
8804,2
8805,3
8806,0
8807,1
8808,1
8809,2
8810,3
8811,3
8812,1
8813,4
8814,0
8815,1
8816,1
8817,1
8818,1
8819,0
8820,1
8821,1
8822,1
8823,1
8824,2
8825,2
8826,2
8827,3
8828,4
8829,3
8830,1
8831,1
8832,3
8833,2
8834,3
8835,2
8836,1
8837,3
8838,1
8839,1
8840,2
8841,3
8842,3
8843,0
8844,4
8845,2
8846,2
8847,3
8848,2
8849,2
8850,1
8851,3
8852,2
8853,3
8854,1
8855,3
8856,2
8857,0
8858,1
8859,0
8860,1
8861,0
8862,1
8863,1
8864,1
8865,1
8866,4
8867,2
8868,1
8869,1
8870,2
8871,3
8872,4
8873,6
8874,2
8875,4
8876,3
8877,1
8878,2
8879,0
8880,3
8881,1
8882,1
8883,3
8884,1
8885,2
8886,2
8887,1
8888,3
8889,2
8890,2
8891,3
8892,0
8893,3
8894,1
8895,1
8896,3
8897,2
8898,0
8899,2
8900,5
8901,2
8902,5
8903,3
8904,0
8905,1
8906,1
8907,1
8908,1
8909,1
8910,2
8911,0
8912,2
8913,0
8914,2
8915,3
8916,1
8917,0
8918,1
8919,0
8920,4
8921,1
8922,1
8923,2
8924,2
8925,3
8926,1
8927,1
8928,2
8929,0
8930,1
8931,1
8932,0
8933,1
8934,1
8935,1
8936,2
8937,2
8938,4
8939,0
8940,1
8941,2
8942,4
8943,1
8944,1
8945,4
8946,2
8947,1
8948,5
8949,2
8950,1
8951,3
8952,1
8953,1
8954,3
8955,2
8956,0
8957,0
8958,0
8959,0
8960,2
8961,0
8962,4
8963,2
8964,1
8965,3
8966,3
8967,1
8968,1
8969,3
8970,2
8971,0
8972,2
8973,0
8974,3
8975,0
8976,2
8977,0
8978,2
8979,1
8980,1
8981,0
8982,1
8983,2
8984,1
8985,1
8986,3
8987,0
8988,3
8989,2
8990,1
8991,1
8992,6
8993,2
8994,1
8995,1
8996,1
8997,3
8998,3
8999,2
9000,1
9001,2
9002,0
9003,3
9004,5
9005,3
9006,2
9007,1
9008,0
9009,1
9010,1
9011,1
9012,0
9013,1
9014,2
9015,3
9016,2
9017,2
9018,1
9019,2
9020,1
9021,2
9022,0
9023,2
9024,0
9025,0
9026,0
9027,0
9028,4
9029,1
9030,2
9031,8
9032,2
9033,2
9034,4
9035,2
9036,3
9037,1
9038,1
9039,1
9040,3
9041,0
9042,2
9043,1
9044,0
9045,3
9046,2
9047,2
9048,2
9049,4
9050,0
9051,2
9052,1
9053,6
9054,3
9055,4
9056,2
9057,1
9058,6
9059,5
9060,1
9061,2
9062,3
9063,2
9064,2
9065,1
9066,1
9067,2
9068,2
9069,2
9070,2
9071,3
9072,4
9073,1
9074,2
9075,5
9076,1
9077,2
9078,2
9079,1
9080,0
9081,1
9082,2
9083,2
9084,4
9085,1
9086,1
9087,1
9088,1
9089,1
9090,4
9091,0
9092,1
9093,1
9094,1
9095,1
9096,2
9097,2
9098,0
9099,1
9100,2
9101,4
9102,0
9103,0
9104,0
9105,3
9106,1
9107,5
9108,2
9109,0
9110,5
9111,1
9112,5
9113,2
9114,3
9115,4
9116,0
9117,1
9118,4
9119,0
9120,2
9121,0
9122,0
9123,2
9124,1
9125,2
9126,2
9127,2
9128,5
9129,1
9130,2
9131,2
9132,0
9133,1
9134,1
9135,2
9136,3
9137,1
9138,2
9139,3
9140,2
9141,2
9142,0
9143,3
9144,0
9145,1
9146,0
9147,1
9148,0
9149,4
9150,1
9151,1
9152,3
9153,5
9154,1
9155,2
9156,3
9157,1
9158,4
9159,0
9160,1
9161,1
9162,1
9163,5
9164,2
9165,3
9166,1
9167,1
9168,0
9169,3
9170,0
9171,3
9172,1
9173,4
9174,5
9175,1
9176,2
9177,2
9178,0
9179,1
9180,1
9181,0
9182,2
9183,0
9184,3
9185,1
9186,2
9187,1
9188,1
9189,1
9190,5
9191,1
9192,0
9193,3
9194,1
9195,1
9196,3
9197,1
9198,1
9199,1
9200,1
9201,2
9202,2
9203,1
9204,4
9205,1
9206,3
9207,2
9208,3
9209,1
9210,0
9211,1
9212,2
9213,3
9214,3
9215,3
9216,1
9217,1
9218,3
9219,0
9220,2
9221,3
9222,3
9223,2
9224,1
9225,0
9226,1
9227,5
9228,2
9229,5
9230,3
9231,1
9232,2
9233,0
9234,0
9235,2
9236,1
9237,2
9238,2
9239,0
9240,0
9241,0
9242,3
9243,3
9244,2
9245,2
9246,1
9247,2
9248,1
9249,0
9250,3
9251,2
9252,2
9253,0
9254,0
9255,2
9256,4
9257,4
9258,1
9259,0
9260,0
9261,4
9262,2
9263,1
9264,3
9265,1
9266,5
9267,3
9268,1
9269,1
9270,0
9271,5
9272,3
9273,3
9274,1
9275,3
9276,3
9277,5
9278,2
9279,2
9280,1
9281,2
9282,2
9283,5
9284,2
9285,2
9286,3
9287,2
9288,1
9289,5
9290,4
9291,2
9292,1
9293,1
9294,3
9295,3
9296,1
9297,2
9298,3
9299,1
9300,0
9301,1
9302,1
9303,2
9304,5
9305,1
9306,3
9307,0
9308,1
9309,3
9310,1
9311,7
9312,2
9313,2
9314,4
9315,3
9316,1
9317,0
9318,2
9319,2
9320,1
9321,1
9322,2
9323,0
9324,1
9325,0
9326,3
9327,2
9328,1
9329,0
9330,1
9331,3
9332,1
9333,0
9334,3
9335,3
9336,4
9337,1
9338,0
9339,1
9340,4
9341,1
9342,3
9343,1
9344,2
9345,2
9346,1
9347,2
9348,4
9349,3
9350,1
9351,2
9352,2
9353,3
9354,1
9355,1
9356,4
9357,3
9358,2
9359,1
9360,1
9361,2
9362,1
9363,2
9364,1
9365,3
9366,0
9367,2
9368,4
9369,3
9370,2
9371,1
9372,1
9373,2
9374,4
9375,2
9376,1
9377,2
9378,5
9379,1
9380,1
9381,3
9382,4
9383,1
9384,3
9385,1
9386,1
9387,1
9388,0
9389,1
9390,1
9391,0
9392,0
9393,0
9394,4
9395,2
9396,2
9397,0
9398,4
9399,1
9400,3
9401,1
9402,1
9403,3
9404,2
9405,4
9406,1
9407,6
9408,1
9409,2
9410,2
9411,3
9412,2
9413,2
9414,1
9415,3
9416,1
9417,2
9418,1
9419,1
9420,0
9421,1
9422,2
9423,1
9424,0
9425,1
9426,1
9427,1
9428,0
9429,1
9430,2
9431,2
9432,0
9433,0
9434,1
9435,2
9436,0
9437,2
9438,1
9439,1
9440,2
9441,1
9442,3
9443,2
9444,0
9445,0
9446,2
9447,1
9448,1
9449,1
9450,2
9451,2
9452,0
9453,2
9454,3
9455,1
9456,2
9457,3
9458,5
9459,0
9460,4
9461,2
9462,3
9463,0
9464,1
9465,1
9466,2
9467,1
9468,3
9469,4
9470,4
9471,4
9472,2
9473,2
9474,0
9475,1
9476,4
9477,3
9478,2
9479,3
9480,1
9481,1
9482,0
9483,4
9484,2
9485,1
9486,4
9487,2
9488,4
9489,2
9490,1
9491,0
9492,1
9493,4
9494,2
9495,1
9496,2
9497,2
9498,1
9499,1
9500,4
9501,3
9502,2
9503,2
9504,0
9505,3
9506,2
9507,0
9508,0
9509,2
9510,1
9511,2
9512,3
9513,2
9514,1
9515,2
9516,3
9517,3
9518,3
9519,4
9520,3
9521,0
9522,1
9523,2
9524,3
9525,2
9526,1
9527,3
9528,1
9529,1
9530,3
9531,1
9532,1
9533,4
9534,3
9535,1
9536,2
9537,2
9538,1
9539,1
9540,2
9541,1
9542,4
9543,1
9544,0
9545,3
9546,3
9547,1
9548,0
9549,2
9550,2
9551,1
9552,1
9553,1
9554,2
9555,5
9556,3
9557,2
9558,2
9559,1
9560,5
9561,1
9562,0
9563,1
9564,1
9565,2
9566,1
9567,2
9568,1
9569,1
9570,2
9571,4
9572,5
9573,4
9574,5
9575,2
9576,3
9577,1
9578,3
9579,4
9580,0
9581,3
9582,1
9583,2
9584,1
9585,1
9586,2
9587,2
9588,3
9589,1
9590,1
9591,1
9592,0
9593,0
9594,0
9595,5
9596,4
9597,2
9598,0
9599,1
9600,0
9601,1
9602,3
9603,0
9604,2
9605,0
9606,4
9607,1
9608,0
9609,1
9610,2
9611,1
9612,0
9613,3
9614,2
9615,1
9616,4
9617,2
9618,0
9619,5
9620,2
9621,1
9622,2
9623,0
9624,3
9625,3
9626,0
9627,2
9628,1
9629,2
9630,2
9631,2
9632,1
9633,2
9634,2
9635,1
9636,0
9637,5
9638,4
9639,2
9640,4
9641,1
9642,1
9643,1
9644,0
9645,1
9646,0
9647,3
9648,2
9649,2
9650,7
9651,1
9652,0
9653,3
9654,2
9655,1
9656,1
9657,0
9658,4
9659,1
9660,4
9661,2
9662,2
9663,3
9664,1
9665,2
9666,0
9667,1
9668,2
9669,2
9670,0
9671,3
9672,2
9673,4
9674,1
9675,2
9676,1
9677,0
9678,0
9679,1
9680,0
9681,1
9682,1
9683,1
9684,2
9685,1
9686,2
9687,1
9688,2
9689,2
9690,2
9691,2
9692,3
9693,2
9694,2
9695,2
9696,1
9697,3
9698,0
9699,2
9700,3
9701,2
9702,1
9703,2
9704,1
9705,2
9706,1
9707,1
9708,2
9709,2
9710,4
9711,2
9712,2
9713,1
9714,3
9715,2
9716,1
9717,1
9718,3
9719,1
9720,0
9721,2
9722,1
9723,3
9724,1
9725,2
9726,1
9727,2
9728,1
9729,2
9730,4
9731,0
9732,5
9733,2
9734,1
9735,0
9736,2
9737,0
9738,2
9739,3
9740,1
9741,2
9742,1
9743,2
9744,1
9745,2
9746,2
9747,2
9748,3
9749,4
9750,2
9751,2
9752,5
9753,2
9754,2
9755,3
9756,2
9757,2
9758,1
9759,2
9760,3
9761,2
9762,2
9763,1
9764,3
9765,0
9766,2
9767,0
9768,3
9769,1
9770,2
9771,0
9772,1
9773,2
9774,0
9775,2
9776,2
9777,0
9778,1
9779,0
9780,1
9781,2
9782,4
9783,0
9784,7
9785,2
9786,1
9787,0
9788,2
9789,1
9790,2
9791,1
9792,1
9793,1
9794,0
9795,1
9796,1
9797,0
9798,1
9799,2
9800,0
9801,3
9802,2
9803,1
