5721884,50.0
5698157,50.0
781571,150.0
779823,100.0
778115,50.0
781574,50.0
781575,50.0
781576,300.0
5517299,50.0
5410155,50.0
3619125,0.04
5035584,50.0
781381,100.0
777991,100.0
5065737,50.0
3120211,50.0
3878481,100.0
5025708,50.0
5358871,50.0
3619463,50.0
781279,50.0
3619467,50.0
3619464,50.0
3620000,50.0
3620001,100.0
775539,0.0
781572,50.0
775436,50.0
3619833,50.0
5024974,0.97
648599,50.0
780859,100.0
3123509,50.0
3879062,50.0
779044,100.0
3619991,50.0
781207,0.0
3877468,100.0
3620132,50.0
744910,50.0
751797,100.0
778506,50.0
781612,50.0
781615,50.0
781617,100.0
781616,50.0
781619,100.0
781618,100.0
624654,50.0
779635,2250.0
3619641,50.0
3877599,50.0
3619529,50.0
3619523,50.0
3619522,50.0
781534,150.0
781536,150.0
781537,0.0
781539,200.0
3878932,50.0
780691,50.0
781580,400.0
3619634,50.0
3619632,50.0
3619631,50.0
3877283,100.0
3138490,50.0
3619639,50.0
762350,0.01
3881647,50.0
5057131,50.0
6045706,50.0
3878432,100.0
780528,50.0
5849949,50.0
740282,50.0
780999,4351.0
777819,50.0
781677,100.0
709989,400.0
159054,200.0
781248,50.0
781249,100.0
3132775,50.0
781322,50.0
781670,400.0
781329,200.0
781643,100.07000000000001
3619948,50.0
3620874,50.0
3619947,50.0
3619946,50.0
780624,200.0
3877865,50.0
779672,50.0
781598,50.0
646450,50.0
780148,50.0
5069155,50.0
3876872,50.0
780140,350.0
565146,50.0
5177682,50.0
3886407,50.0
4422069,50.0
3136275,50.0
5069610,50.0
781668,200.0
781669,0.0
5028289,50.0
781660,200.0
781661,50.0
781662,300.0
781663,200.0
781664,50.0
781665,300.0
781666,300.0
781667,300.0
3619772,100.0
3876888,50.0
1030361,50.0
480020,50.0
3619574,50.0
5034512,100.0
3619678,50.0
3619672,100.0
4769618,50.0
3134077,50.0
3619674,2327.0
3878974,49.0
3877291,50.0
3621007,50.0
774730,450.0
781567,200.0
781564,200.0
781563,50.0
781562,50.0
780763,100.0
4310022,50.0
3619707,0.01
3879276,50.0
3619701,100.0
4168525,50.0
689732,3457.7
3879279,50.0
5069923,50.0
3133003,50.0
4117939,50.0
781369,100.0
778088,200.0
3878992,50.0
5057105,50.0
6171459,50.0
3878877,50.0
5062563,50.0
3878010,100.0
3619821,50.0
3619826,50.0
3619824,50.0
780667,50.0
780840,100.0
3883088,50.0
3879015,50.0
3877451,50.0
3877456,50.0
4239958,0.98
781747,695.0
781628,300.0
781629,300.0
781624,100.0
781625,400.0
781626,100.0
781627,300.0
781620,300.0
781621,250.0
781622,100.0
781623,100.0
780201,50.0
780612,100.0
632354,50.0
4269163,50.0
780192,100.0
3126424,50.0
3619532,50.0
3619533,50.0
3619534,50.0
781520,300.0
781529,100.0
780335,50.0
5104,0.0
3877982,50.0
3876853,50.0
3879331,50.0
5034936,50.0
3619626,100.0
3619748,50.0
3879149,50.0
5672716,50.0
3619746,50.0
3619745,50.0
3619744,100.0
779710,100.0
5006564,50.0
781005,150.0
10476,5150.0
781415,50.0
781410,150.0
3877671,50.0
3877261,100.0
3878684,50.0
3878686,50.0
3878937,50.0
3878832,50.0
3878525,100.0
3878939,50.0
779406,50.0
133545,50.0
3880040,50.0
780776,3501.0
3136882,50.0
3621943,50.0
781310,50.0
781252,50.0
3619812,50.0
3619811,100.0
396744,0.0
775108,150.0
781705,200.0
3886572,50.0
5046081,100.0
780159,100.0
781685,200.0
3879287,100.0
5691783,50.0
3876945,50.0
106788,400.0
5040704,100.0
780805,50.0
3619711,1626.0
5058353,50.0
781676,100.0
781674,200.0
781673,350.0
781672,150.0
781671,50.0
780684,100.0
5048340,50.0
781679,100.0
781678,100.0
3619030,0.0
1283897,50.0
3619788,50.0
3619782,50.0
3880381,50.0
5065129,50.0
712530,401.0
5016782,50.0
778234,4400.0
780777,550.0
781689,3500.0
781683,200.0
781680,450.0
3619749,50.0
3877911,100.0
3619715,50.0
3619716,0.0
3877912,100.0
3119423,50.0
3619846,50.0
3619842,50.0
779444,50.0
781354,100.0
675433,50.0
3620180,50.0
3878892,50.0
634957,200.0
749728,100.0
780500,350.0
626540,50.0
4386064,50.0
778555,50.0
689312,400.0
3879002,50.0
3879003,50.0
3879008,49.0
3619709,50.0
5033778,50.0
289574,50.0
392188,50.0
5051861,50.0
781639,200.0
781638,200.0
4274096,49.989999999999995
781633,300.0
781632,100.0
781631,50.0
781630,1300.0
781637,200.0
781636,400.0
781635,1250.0
781634,500.0
738198,100.0
780244,150.0
4194947,50.0
618782,50.0
705742,50.0
6099178,48.0
779657,1100.0
778317,150.0
754435,50.0
3619502,50.0
3879640,1.0
3619509,50.0
3619508,50.0
3877237,50.0
3619675,50.0
5065904,50.0
5058271,50.0
781084,0.0
738229,50.0
5016474,50.0
3880815,50.0
780303,50.0
781648,50.0
781649,500.0
781646,1799.98
781647,200.0
781644,1399.99
781645,50.0
781642,600.0
4241826,50.0
781640,200.0
781641,200.0
5070777,50.0
4709101,0.0
629167,50.0
3880460,50.0
87414,50.0
3619758,50.0
3619759,50.0
643474,50.0
3619750,50.0
3619752,50.0
773445,50.0
3619755,50.0
62691,10600.0
5053580,50.0
3878990,100.0
6296133,100.0
781544,0.0
4920,1150.0
4409998,0.0
3877336,50.0
3119674,50.0
727888,800.0
5801521,0.0
733029,600.0
3877014,50.0
3878929,50.0
601548,50.0
940040,50.0
781061,50.0
780883,50.0
781305,100.0
781302,250.0
3619806,50.0
3619807,50.0
780641,50.0
780867,100.0
780645,250.0
3877278,50.0
3619988,50.0
780165,50.0
3879072,50.0
3877471,50.0
781602,200.0
781600,150.0
780347,50.0
781604,400.0
5069679,50.0
780348,200.0
691721,50.0
5070631,50.0
3877839,50.0
3620466,50.0
3877832,50.0
3619794,50.0
3619796,100.0
3619658,50.0
611026,3000.0500000000006
3619793,50.0
5018405,50.0
3619493,50.0
4440457,50.0
751827,100.0
3619557,50.0
3619555,100.0
3619498,50.0
735750,150.0
781118,500.0
717909,50.0
4194603,50.0
780747,50.0
781693,4650.0
781695,150.0
5025323,50.0
781592,50.0
5023459,50.0
781596,150.0
3876974,50.0
3879257,50.0
3619728,50.0
3877354,50.0
781599,50.0
694811,100.0
583180,100.0
731348,50.0
4313625,100.0
3878036,50.0
4178827,50.0
5058164,50.0
3878421,100.0
580301,100.0
3619764,50.0
781586,50.0
780122,100.0
3619727,50.0
776258,50.0
776257,100.0
3619584,50.0
3877534,50.0
3619582,50.0
781336,0.0
781234,50.0
780221,50.0
780229,100.0
780387,100.0
3877384,50.0
3877380,50.0
3877382,50.0
3619513,50.0
4314948,50.0
3619511,50.0
4376727,100.0
2972311,50.0
781155,0.0
3877961,50.0
781094,150.0
775759,50.0
781659,100.0
781658,200.0
3877908,50.0
781655,50.0
781654,200.0
781657,200.0
781656,400.0
781651,200.0
781650,200.0
781653,200.0
781652,104.0
3619765,50.0
3877313,100.0
3619760,100.0
3619763,0.0
3879744,50.0
3619567,50.0
3619565,50.0
5547067,50.0
212703,50.0
3619604,100.0
5095111,50.0
3619602,50.0
3619603,49.0
