3943400,50.0
3944975,50.0
3944425,50.0
3635977,50.0
778115,1300.0
3944422,50.0
782162,1200.0
4082121,50.0
3943366,50.0
776436,50.0
3635532,50.0
776743,100.0
776742,200.0
3943065,50.0
3942899,50.0
3635435,0.0
3945371,50.0
3149853,50.0
3946650,50.0
3942451,50.0
898705,50.0
2288457,50.0
755193,2200.0
3944876,50.0
3629703,50.0
3635981,50.0
3942442,50.0
769601,50.0
779689,400.0
648599,50.0
780674,450.0
756023,50.0
3944256,50.0
3635659,50.0
780984,200.0
3636270,50.0
3636272,50.0
3636274,50.0
3942692,50.0
535668,50.0
3946978,50.0
3942241,50.0
3944615,50.0
778230,50.0
636015,100.0
3642544,50.0
3944755,50.0
3636112,50.0
3640502,50.0
3945807,50.0
3943605,50.0
782173,200.0
5191102,50.0
782178,100.0
1161809,50.0
362333,900.0
3943441,50.0
3635833,50.0
782251,50.0
782252,300.0
782253,100.0
782254,50.0
782255,2500.0
782256,400.0
782257,200.0
782258,100.0
780594,150.0
780690,200.0
3636060,50.0
3636063,50.0
3636062,50.0
3636065,50.0
3636064,50.0
5232968,50.0
5920754,50.0
3634061,50.0
3629938,50.0
3635660,50.0
3636382,50.0
3970089,50.0
5318010,50.0
3945132,50.0
4981440,50.0
3635776,50.0
3944574,50.0
3946624,50.0
2900253,50.0
3639117,50.0
1214481,50.0
3942251,50.0
4954316,50.0
782261,200.0
3943150,50.0
4775461,50.0
782230,50.0
3943655,50.0
3946937,50.0
779672,350.0
758760,50.0
5436157,50.0
3635605,50.0
3635606,50.0
3635601,50.0
778076,200.0
5989249,50.0
780140,350.0
4189711,50.0
782034,100.0
782033,800.0
782217,50.0
782212,50.0
3943273,50.0
2846165,50.0
780244,500.0
216809,50.0
3636025,50.0
782196,300.0
3944622,50.0
734873,0.0
3636022,50.0
4739717,50.0
3943475,50.0
3635739,50.0
541128,50.0
780560,200.0
3635906,50.0
3944434,50.0
3599733,0.0
3943775,50.0
3635908,50.0
638926,50.0
780763,400.0
3635864,50.0
3943377,50.0
1231526,50.0
1082455,50.0
592459,50.0
3943059,50.0
3943504,50.0
3944445,50.0
3944440,50.0
3945619,50.0
6321744,50.0
782113,300.0
3639575,50.0
201031,1.0
3944222,50.0
3942222,50.0
3635644,50.0
3942227,50.0
3635647,50.0
2382704,50.0
1040548,50.0
646450,50.0
3351844,50.0
3000906,50.0
781747,50.0
781740,50.0
2394957,50.0
780610,550.0
780192,600.0
782148,700.0
782144,50.0
208902,250.0
782140,50.0
4752812,50.0
3944550,50.0
3943739,50.0
3636076,50.0
4539833,50.0
782249,300.0
782248,1600.0
782247,200.0
782246,200.0
782245,500.0
782244,150.0
782243,200.0
782242,1400.0
5143091,50.0
782240,50.0
734362,50.0
3169712,50.0
3943865,50.0
780721,500.0
451886,50.0
1234659,50.0
5700372,50.0
3943011,50.0
779710,350.0
3944854,50.0
1119038,50.0
10476,350.0
3635740,50.0
779921,200.0
748459,300.0
3636099,50.0
3637000,50.0
3637005,50.0
3630473,50.0
3636088,50.0
3636083,50.0
3636081,50.0
3943995,50.0
3636085,100.0
3636084,50.0
6096152,50.0
3635683,50.0
3636289,50.0
3943649,50.0
3636091,50.0
3636280,50.0
3943642,50.0
3943644,50.0
3945218,50.0
1220058,50.0
3943091,50.0
781252,400.0
3636074,50.0
734233,100.0
5115135,50.0
3945792,50.0
3636070,50.0
781704,50.0
3635631,50.0
3650969,50.0
3635634,50.0
3635636,50.0
3944179,50.0
3944274,50.0
3945491,50.0
782241,1100.0
782021,100.0
3636079,50.0
3631335,50.0
2979135,100.0
782202,50.0
3945418,50.0
781671,100.0
3627224,50.0
3636038,0.0
780274,250.0
3643908,50.0
3636138,50.0
781773,100.0
3636035,50.0
3945646,50.0
3630554,50.0
777636,750.0
777635,50.0
3943464,50.0
779809,50.0
3635913,50.0
3643760,50.0
3636024,50.0
3635918,50.0
3636049,50.0
2964472,50.0
3635850,50.0
3636043,50.0
3636041,49.989999999999995
781994,50.0
3943686,50.0
781990,150.0
781991,150.0
5183324,50.0
3943121,50.0
3942436,50.0
3942341,50.0
3942345,50.0
3943515,50.0
3944455,50.0
3944453,50.0
62691,13550.0
4352510,49.0
1154537,50.0
3635676,50.0
3635670,50.0
19857,50.0
778555,550.0
3945518,50.0
3945692,50.0
3943631,50.0
210014,150.0
1221841,50.0
3945328,50.0
755483,50.0
4105869,50.0
3142443,50.0
620141,50.0
782136,250.0
782125,50.0
782120,100.0
782132,50.0
754435,150.0
3636106,50.0
3674410,50.0
753325,650.0
782150,50.0
782154,50.0
3618587,50.0
782238,1350.0
782239,1050.0
782233,1800.0
1154882,50.0
782237,1100.0
782234,400.0
3630503,50.0
3944113,50.0
3629667,650.0
773445,100.0
3943007,50.0
3943559,50.0
3635758,50.0
3635759,50.0
3945116,50.0
3944418,50.0
3635968,50.0
3635880,50.0
596468,50.0
727888,2150.0
3944416,50.0
146518,150.0
3944436,50.0
3636093,50.0
3636094,50.0
3636095,50.0
3639031,50.0
781498,250.0
3630313,50.0
3942378,50.0
3946732,50.0
3635528,0.0
3943079,50.0
3635526,50.0
3636078,50.0
3943488,50.0
689312,2400.0
3945161,50.0
4439750,50.0
780641,700.0
782042,50.0
771810,100.0
3635628,50.0
3635626,50.0
3942205,50.0
780165,300.0
3944249,50.0
782250,249.0
3133939,50.0
3945482,50.0
3654925,50.0
3636436,50.0
5078556,50.0
4088967,50.0
782259,100.0
4083651,50.0
735710,50.0
774088,0.0
782161,50.0
782168,150.0
3942267,50.0
3635719,50.0
781937,50.0
736253,50.0
3635711,50.0
3635716,50.0
1116919,50.0
3635715,50.0
3635842,50.0
3635843,50.0
3635841,50.0
3635924,50.0
3942309,50.0
3635921,50.0
3635920,50.0
3636059,50.0
3945029,50.0
781696,50.0
3943215,50.0
781595,50.0
3942408,50.0
3943130,50.0
583180,250.0
3829009,50.0
3635768,50.0
3635767,50.0
3619497,50.0
3636283,50.0
3635761,50.0
3635760,50.0
731348,150.0
3635630,50.0
3630494,50.0
3636285,50.0
3946617,50.0
5030835,50.0
775394,50.0
3942535,50.0
3944949,50.0
1211339,50.0
3945561,50.0
3635667,50.0
3635664,50.0
4309342,50.0
5250700,50.0
3635669,50.0
3942328,50.0
3945234,50.0
3942910,50.0
3944767,50.0
780221,300.0
782137,200.0
3945735,50.0
780387,300.0
4682501,50.0
3942391,50.0
417358,200.0
3942829,50.0
782009,50.0
3631299,50.0
2106498,100.0
3636017,50.0
782189,300.0
742593,100.0
3627202,50.0
772470,50.0
6143437,50.0
5195070,50.0
3619601,50.0
