5256843,2
4637734,2
2539395,0
3523979,2
1100627,1
3289551,2
6288763,2
3508946,3
3508947,2
5819778,3
3508945,2
3508942,2
3508943,2
3635970,2
3508941,2
3289254,2
775400,1
3509683,2
5849509,3
3508948,0
3508949,0
3504924,3
3505350,2
3300762,2
3601169,2
5849691,2
3300766,2
4669139,2
3290201,0
3295322,2
1150956,2
3573894,2
5442209,0
3292536,2
4188258,2
3330790,1
3271640,0
1285257,2
4220001,2
1207798,0
3667074,2
6145578,2
775039,2
741266,2
3509107,2
3504052,0
4852059,2
3688,0
5378078,2
775037,1
3506254,2
460601,0
3289074,2
775034,1
750031,0
5905428,2
774620,2
6161717,2
3637053,2
3300291,3
5851383,2
5857099,0
4489938,2
36255,0
774623,0
3300618,2
4924765,0
4554293,2
3300614,2
3589531,0
3506336,0
775031,2
3190756,2
740244,0
3316462,2
1192166,2
6306459,2
5830092,0
3508940,2
3506041,2
3508561,2
3512010,2
3304827,1
774396,42
5843174,0
5902656,2
3290595,2
5883930,2
5722439,0
3073716,2
5833965,2
1668287,0
3504554,2
4525715,2
5853887,3
5869368,2
704704,0
3508799,2
3503329,0
773654,3
3508798,2
5546726,2
3504704,2
3815887,2
3506257,2
5879755,2
492242,20
4578719,2
3505203,2
5876200,2
3311482,2
5766736,2
4722054,3
17032,0
3508794,2
3509300,0
5832967,2
5919032,2
6157795,2
3309686,2
5899638,2
5861553,2
166931,6
5848488,2
4418650,2
2633176,0
3506063,2
3219428,1
3506067,2
3506066,2
3506065,0
3274965,2
3241184,2
772638,1
737598,2
5835429,2
3293273,2
4398328,2
3316730,2
3302295,2
755292,1
1375662,2
3391247,0
773723,0
741048,1
3548604,2
5848809,3
5865252,2
3507346,2
3293293,2
5887655,0
356892,0
5753939,2
3790645,2
736572,1
3509099,2
3509098,2
774753,2
5865843,2
5845387,2
3509097,2
3305241,0
5910312,2
3636069,2
3505467,0
3505464,2
5862184,2
3313643,2
3505463,2
3545907,0
5771866,2
3301402,2
5855244,2
18852,0
5825337,2
4333100,2
773835,2
773836,0
773830,1
3506668,2
5852021,2
773833,0
3506665,1
3506664,2
3506667,2
4744629,2
701530,0
3506660,2
3506663,2
3506662,1
3506845,3
5816651,2
5816300,0
3506846,2
3506841,2
3506840,2
3505648,2
3506842,2
3505646,2
3505647,2
3508236,3
548110,1
3505866,2
3508231,2
3505864,2
3508233,2
5901626,2
774966,1
774965,2
3506684,2
5887098,2
774962,2
774961,2
774960,2
1399835,2
1196076,2
3506689,1
6093433,2
5603438,2
3505791,2
5181,13
469872,0
3505795,0
3505796,2
3505797,2
3505798,2
775165,1
775167,1
3506747,2
417358,1
5866681,2
5905093,0
3508303,2
6102277,2
5813530,2
775369,1
6322760,2
6185918,2
5871533,0
3502928,0
5862785,2
3504681,2
3248112,2
5829224,0
5812957,2
5908097,2
775181,1
3507983,2
5850269,2
5862803,2
3509431,2
3509430,2
3509433,2
3509432,2
3509434,2
3509437,2
3509436,2
3509438,2
3508517,2
6155660,2
5915156,2
21317,3
3505074,2
3362069,2
3297807,2
3493355,0
3544006,2
5882750,1
5827862,0
774322,0
757253,0
3504225,2
5794409,0
3089616,1
3509205,2
5850193,2
741389,0
3283280,0
770416,0
5525641,2
848714,2
5919633,2
5917415,2
3654825,2
621237,1
291606,0
5817793,2
5838941,2
3508052,2
3505069,2
3508154,2
3658666,2
774297,1
5873584,2
3299141,1
3505886,3
5921285,2
5910093,2
3416096,0
3493238,2
3299149,2
659633,0
6193436,2
761578,1
3330057,2
5849049,2
6226077,2
5876892,2
3505409,2
3652711,2
5887050,2
3089605,2
1081990,2
2941324,2
3004218,1
774035,0
774742,2
774741,1
1459155,2
774747,1
774746,2
774745,1
774744,2
3507231,2
5905634,2
774749,1
774748,2
5831730,1
3508156,2
774587,0
774586,0
5809903,2
5823566,2
1362413,2
4306781,0
5346767,2
3312974,2
774588,0
774175,1
3310453,3
3298385,2
4165313,2
5364082,2
3310457,2
748643,0
3310454,2
3311103,2
5915452,2
5027727,2
5819408,2
5826527,2
729813,93
3806588,2
630464,1
3310297,2
3310296,2
3507839,2
3507525,2
3507524,2
3507527,2
5920710,2
675962,3
3507523,2
6237352,2
4479933,0
3507304,2
5880219,2
3507306,2
3507653,2
3507303,2
3507650,2
3096230,2
5851841,2
3507309,2
3507308,2
898976,0
5874254,0
3721403,2
3508937,0
3508936,2
3506769,2
3508939,2
3508938,2
5283585,2
4339718,2
3650420,3
3301881,2
774371,2
5813254,1
3290212,2
3290745,1
3539943,2
6118557,2
5076131,2
3507789,0
3507788,2
7527,0
3552172,2
734606,2
3292522,2
5873683,1
3507787,2
3507786,0
2047040,2
3570001,2
5992541,0
3498350,0
774790,1
5888663,2
5827275,3
4185032,2
5905412,2
6014945,2
5831559,0
5868777,2
5849499,2
5858056,0
3508841,2
3508840,2
6185368,0
39007,0
5788090,2
4878333,2
5832041,2
5609692,1
4761545,2
5855013,2
3508606,2
5115298,2
3555214,2
359970,5
5886049,2
3517298,2
4807544,2
3507978,2
222793,4
3505946,2
3312120,2
3508490,2
5902628,2
5218040,0
4453213,2
623403,1
774901,1
589184,1
773642,14
773641,2
774812,1
5847072,2
773130,1
773645,5
6012401,0
3756913,2
3290560,1
3650540,2
3508572,2
618967,0
3311361,2
3507879,2
3498003,0
6050657,2
3504334,2
774889,2
1998778,2
5879510,2
3549055,2
5906507,0
3682523,2
4052715,2
5848479,2
3301689,2
5886466,2
493424,0
5935507,1
772190,0
3313007,2
6104869,2
3506071,2
3446718,2
5329650,2
4501115,2
6200543,2
5926418,1
771862,2
3506079,2
5813237,1
3313723,2
6197708,2
3293264,2
3338760,0
5861491,0
3302268,2
3316709,2
652471,1
5080024,2
3913648,2
4958036,2
3293284,2
5821434,2
3299978,2
870040,1
772993,0
3506211,2
3506212,2
751020,0
33446,29
4592218,0
5899489,2
775770,1
3407177,1
10397,2
760500,0
5838067,2
6136995,2
3638058,2
5821127,2
5905392,1
5978103,2
3505410,2
337821,8
3313653,2
5848583,2
5693705,2
3505418,2
5864664,2
774959,4
5876666,2
3307699,2
6092020,2
5856029,0
773820,0
3504391,2
3504199,2
775068,1
3307163,2
518185,0
3506670,2
3509151,2
3506676,2
3509157,2
3506674,2
3506675,2
3509332,2
3508208,2
3505639,2
402591,0
3509334,2
4636287,2
3304452,2
5913838,1
3509338,2
3509339,0
3505325,2
3505636,2
3508207,2
3505634,1
774912,1
774913,3
774910,2
774911,2
774916,2
774917,1
774914,10
774915,3
3065687,2
774918,2
774919,1
641696,1
5773413,3
5870012,2
5855344,2
5945744,2
751650,0
708378,0
3509349,2
774957,1
5831892,2
5905745,1
5846846,2
3506226,1
6102266,2
5920107,1
4547089,1
5871541,2
3505256,2
3505523,2
4969937,2
3506220,2
3299552,2
774359,2
3505745,2
775196,1
775190,1
3504698,2
3504699,2
3508165,2
3507617,2
5872088,2
774751,2
774356,0
3505072,2
3508685,0
3508684,1
3508687,2
3508686,2
4906033,2
3507037,0
3509427,2
3509425,1
5911344,0
5862710,0
3942060,0
6258244,0
774955,2
774828,1
774829,2
774826,1
774827,1
774824,3
774825,2
774822,2
774823,2
774820,3
774821,2
5824664,2
3290649,2
4916123,2
3504237,2
1501895,0
1384708,0
4300145,2
3234589,2
5075470,2
643799,0
3504292,2
5982306,2
699571,0
5903399,1
3504343,2
3504344,2
5442697,2
5904598,2
3340566,2
5912483,1
3505058,2
3614220,2
5837709,2
5819322,2
3061385,0
5892233,2
5845749,2
3297901,2
5914627,2
3553623,2
3508456,0
774946,4
3508457,1
774777,2
3891192,2
3287168,2
3314168,2
5876317,2
3288656,2
774775,1
4367008,1
4456339,2
5908117,0
11,0
72713,0
3313863,2
5920381,2
2112653,0
5863404,2
3334431,2
747842,0
3298276,2
639042,4
5895376,2
40426,7
3018566,2
3876856,2
5903487,0
5474425,0
3305780,2
5763122,0
3134065,2
1153761,2
3546030,1
740311,27
3497344,0
6332481,2
3506836,0
2965234,1
3507538,2
3507539,2
3579233,2
774132,0
3507532,2
3507533,2
3507530,2
5900053,2
3507534,2
3507535,2
3507312,2
3663119,2
3507311,2
3507316,2
696356,0
4569685,2
3507315,2
3649080,2
3507318,2
3574289,2
6081335,2
736368,0
5863719,0
6118937,2
5894625,2
684729,0
1145501,2
3314947,2
1188132,0
3295629,2
2532619,1
5904704,2
3500446,0
189701,1
4740096,1
3507792,2
3507793,0
3507791,2
2168842,0
3504905,1
3504902,2
5911729,2
3504901,0
5920142,2
3507227,2
3507225,1
91854,0
3304432,2
3507220,2
5833230,2
3507279,2
5878827,2
3508516,2
5863391,2
5771482,0
3507228,2
5356119,2
3286963,2
576716,0
774781,1
3515932,2
1257281,2
5885496,2
5918025,2
3507275,2
5827206,2
3314027,2
3504599,2
3290488,2
343592,0
3507003,2
774838,2
5888050,3
3507904,2
3508858,2
5873940,0
5831096,2
3294102,2
5854960,2
5915097,2
3508857,2
4968468,2
5922890,2
5310792,2
5845259,2
4773491,2
35807,0
774834,3
3312070,2
3507272,2
4694277,1
3002944,2
5855002,1
3342055,0
689312,20
5856611,2
3389329,0
6234072,1
740860,0
3315835,2
3315833,2
5860716,4
1576258,6
2637144,2
3294074,2
5858876,2
6216639,2
5898129,2
3833852,2
4403970,2
3508169,2
3290550,2
5842370,2
3300921,2
688071,0
2943235,0
5826860,2
6156197,2
240947,3
5827848,2
3506449,2
5913991,1
773693,2
3508210,2
3294659,0
5865018,2
3507190,2
5879522,2
3977728,2
3503942,0
3506703,2
1674,4
2980348,2
3313713,2
3285005,0
153130,0
772180,0
1222428,2
3300294,1
5032564,2
3503015,0
5918984,0
773741,1
773746,1
771855,1
4976847,2
5889129,1
3506044,1
3506064,2
690566,0
339842,0
4960066,3
3506042,2
3293499,2
5827429,3
3508824,2
3504751,2
69199,0
3507293,2
4390871,2
3316712,2
5899508,2
3302273,2
3298689,2
6199379,2
5687133,0
6236757,1
3299941,2
773963,0
3299943,2
4325459,1
5034924,2
4792280,2
774970,2
3232265,1
3505729,2
3296431,2
5921817,2
5848599,2
3268231,0
3505404,2
3505406,2
457463,0
3505408,1
3306774,2
6024856,1
4430276,1
1412998,0
3302419,3
5843071,2
5338268,2
3307170,2
6113279,2
5644024,0
5898274,1
6161460,2
3506531,2
3506530,2
3506533,2
3506532,1
3506535,0
3506534,2
5813178,1
3506539,2
3506538,2
3505624,2
3616501,2
3637233,2
3509181,1
774900,1
774903,2
774902,1
774905,2
774904,1
774907,3
774906,1
774909,5
774908,2
10502,0
3303051,2
3508503,2
6142691,2
297837,0
5076366,2
3301515,2
5864727,1
3508176,0
5868383,2
346558,8
5855359,2
763554,1
3506225,2
3506224,2
3505669,2
3302307,2
6148890,0
3506223,2
3307775,2
3635352,2
5813008,2
3506229,2
269233,2
775346,1
5871557,0
5829202,2
3508171,0
3514189,2
3678002,2
3291080,1
3519483,2
5707596,2
5919166,2
6217491,2
3508693,2
3508690,1
3509458,1
4193626,1
5827993,2
5822163,2
3272710,2
3509457,2
5708435,2
3315651,2
774839,2
4377265,0
3305049,2
774835,1
5904563,2
774837,2
774836,2
774831,2
774830,4
774833,2
774832,1
3508216,2
3508217,2
3508214,2
3508215,1
3505332,2
3505333,2
3505330,2
3505331,2
5904712,2
3504181,0
3504201,2
3504200,2
3508218,2
3508219,2
3317970,1
6031064,2
137447,0
3504572,2
3504571,2
5751766,0
1349379,2
770153,2
5874925,2
5862165,2
5882797,0
3315716,2
3552770,2
5819335,1
6128949,2
3651550,1
5883955,2
5829445,2
6222712,2
5873415,2
5971864,2
3507893,2
3490927,0
3507646,2
3313892,2
6225449,2
3314376,2
3314377,2
2014385,2
3188590,0
3314372,2
671775,0
775239,1
3508429,1
6166889,2
774349,2
774348,0
3507495,2
5346747,2
3314396,2
750993,0
3507491,2
750995,0
3314392,2
3507492,2
3508956,0
5904637,2
5919844,2
3507499,1
3507498,1
774011,0
5915472,2
3507511,2
455969,0
584316,0
3314843,2
5910986,0
758632,0
5127051,2
5812996,2
3299234,2
207489,1
3299231,2
5906527,0
5726583,1
748662,24
611026,0
5833548,2
774883,1
2101937,0
5861204,2
774884,2
5831620,2
28721,9
3507814,2
6086306,0
3507816,2
3507671,2
3507670,2
6214129,2
1394842,0
774886,4
3507676,2
3330617,2
3662986,2
771619,0
3292948,2
4523768,1
5885312,2
3311380,2
774658,0
774759,2
5385304,2
3508918,2
5243942,2
747296,3
774651,1
3677694,2
774655,0
774654,0
3721425,2
3973403,3
3289828,2
5859914,2
3479913,2
3504970,2
3677452,2
5898871,2
3507252,0
3507251,2
5906459,0
6237245,2
575728,0
3507125,2
3507258,2
838523,0
5891514,2
3509104,2
3314394,2
3310723,2
2374130,2
3669739,1
3310728,2
6198981,2
5891268,3
737173,0
5864676,2
3032790,2
4565410,2
3507496,2
672040,0
5836914,0
3507073,2
3504982,2
3507070,2
888622,0
5831573,2
3507490,1
3507321,2
5832067,2
1379629,2
774402,0
3509067,2
5902741,2
3883506,2
5873959,2
5819633,2
5564250,2
5849958,1
4725003,2
5740928,2
5993949,2
5910961,2
774016,5
3506669,2
5858705,2
3295668,2
5833957,0
3507557,2
774689,9
3307051,2
3295662,2
3506701,2
6218903,2
3313418,2
154025,10
2939921,0
3505673,2
3507880,2
773111,2
5900840,0
3755067,2
5876044,3
4724718,2
3507109,2
13510,6
3517672,1
3311867,2
3178149,0
5882132,2
5781433,0
750365,1
6064664,2
3289427,2
3288919,2
5858881,0
5912618,2
3064000,0
3304006,2
5406019,2
4409265,2
3507995,2
3083169,0
3672089,2
3040612,2
5370743,0
6332813,2
1861817,0
742747,0
734814,0
5923140,2
4062711,2
6080011,2
3504750,2
704416,0
704417,0
5645619,2
3617060,1
5817069,2
3506058,0
773756,2
3506052,0
3506053,3
6251854,2
3506051,2
3506057,0
3506054,2
3293449,2
3316098,2
3496423,0
773594,0
3320794,2
3508179,2
3505316,1
3299874,2
3305213,2
6001276,2
772979,0
3505310,2
5854180,2
3506848,2
5324369,2
3505640,2
6114531,0
6292296,1
3508178,2
3505641,2
5845082,0
5833820,2
774967,3
610711,0
3505434,2
5851058,2
3309491,1
3506685,2
5905373,2
609211,4
3506452,2
3316160,2
3506450,2
3506451,2
774963,12
3309301,2
3572380,2
3506458,2
3506459,2
3504311,2
3233883,0
4624118,2
3506529,0
3527220,2
5915114,2
3506525,1
3300655,2
3416048,0
3313680,2
774938,2
774939,1
3509198,0
3509199,2
774934,2
3509197,1
774936,1
772881,0
3509192,2
774931,3
3509190,2
774933,2
3289322,2
5871564,0
6252749,1
3923188,2
3099312,2
3300284,2
5919375,2
6186980,0
1125858,2
157646,0
3506963,2
90724,1
3506230,2
3506231,2
774969,1
4751305,3
3505503,2
774968,2
3505504,2
3505507,1
3505506,2
5919397,2
6325399,2
3505763,2
2969493,2
3505989,2
3504701,2
3505769,2
5837654,0
1363169,2
3508462,0
3505291,1
5893436,2
3505793,0
3505297,2
4653169,2
5920943,2
3509442,2
3509178,2
5851488,2
3509447,2
774808,2
6105566,0
5770445,2
774800,1
5812699,2
774802,4
774803,1
6313985,2
3492415,0
774806,2
774807,2
3508263,2
3508262,2
768807,3
5905197,2
3505347,0
3505610,2
3505345,2
3508264,1
3504213,2
3505349,2
3505348,2
3504740,2
5878178,2
3505781,0
5922614,0
778023,1
4646290,2
3504567,2
3504561,2
774248,0
3504563,2
3301532,2
571921,1
757519,2
5920126,2
3493207,0
5852838,4
5912469,2
219581,7
748909,2
4986656,2
3505678,2
774703,43
3504895,3
5819181,2
6078431,2
4653762,2
3334636,2
3508302,0
774332,0
3481639,0
5919151,2
5919622,2
3301303,2
3301650,2
5408385,2
757316,0
4426661,2
775221,1
774798,3
774799,1
4770568,0
3507486,1
3507487,2
6308273,2
774791,2
774792,2
774793,2
774794,2
774795,2
774796,1
774797,25
3507655,2
5871537,0
5902357,2
5849094,2
3305441,2
767883,2
6059566,2
3508487,0
3508486,2
3315148,2
5571778,2
5812980,0
5866098,2
5244859,2
5920725,2
5866095,2
5906514,2
5857202,1
3315637,2
1319545,2
3507808,2
3505968,2
3504363,1
3974915,2
3313284,2
6314280,2
423880,0
5900031,2
3504368,0
5846983,2
3310260,2
4565951,2
3310263,4
5532952,2
3289214,2
3766472,2
5884471,2
5863774,2
3507667,2
3507664,2
4708467,1
6126248,2
4449811,2
3401835,0
792545,0
5775829,2
774464,0
6233374,2
729341,0
3028397,0
5642475,2
4051132,1
3508902,2
3504685,2
5856482,2
760646,1
639024,6
774368,0
3507883,2
769880,1
5849275,2
5627846,2
4583785,2
3506132,2
5825914,2
3507240,2
23393,0
3505698,2
5831767,2
3507249,2
774656,8
5413491,2
398471,6
3296876,2
2940507,2
5885271,2
5045452,2
3290453,0
1247840,2
5885278,3
5883907,0
5863351,2
3508875,2
5924626,2
3507060,2
3507061,2
3507062,1
3507063,2
3507064,2
1654050,2
3507066,2
5638826,2
5832072,2
714588,0
5842551,2
665649,0
673184,0
5904335,2
2951145,2
3295477,2
5824560,1
3290151,2
96429,0
3165295,2
3303867,1
3276025,0
3497543,0
5400557,2
4903772,1
5904483,2
3663139,2
6181538,2
1874557,0
3311510,0
4470615,2
6291046,2
3313464,2
4599919,2
5833771,2
6264449,2
5861606,2
3507114,2
3507116,2
3507117,2
3507110,2
3507111,2
3507112,2
3507113,2
3504974,2
3508535,2
3307208,2
732324,0
1048949,2
5818669,2
6111261,2
5870567,2
749183,0
3984094,2
5858893,2
1,10
5899294,2
5581629,2
396612,4
3508518,0
3508531,2
5891498,1
3300276,2
774789,1
3987966,2
5891492,1
802992,0
69027,0
3316377,2
3292648,2
6225817,2
3486944,0
3017623,2
5887922,2
5996411,2
145349,0
4752681,2
3509173,2
2817989,0
4512646,2
5865425,2
5860024,2
704400,2
3506616,2
772396,4
736055,0
5836994,0
1357884,2
6071782,1
5918969,2
3302251,2
5340703,2
4180567,2
731986,4
4376355,0
4639292,3
3583631,1
3368028,2
3591653,3
735242,0
4348952,2
1073339,2
773786,0
773787,5
5875879,2
85491,0
3506739,2
3507173,2
3506737,2
3506088,2
3509055,2
3506734,2
3555449,2
5820998,2
6113096,0
3379784,2
5863561,2
3312708,2
774743,2
5185456,2
3661248,3
3548901,0
5743519,2
5844387,2
5828083,0
772566,1
3313603,2
3505423,2
6047326,2
754778,0
774998,1
3506423,2
3506422,1
5903968,2
3506427,2
3506426,2
3509200,2
5893117,2
3506429,1
3506428,3
5888609,2
4652886,2
5852786,2
3506558,2
4527783,2
3505194,2
3505195,2
5778720,0
3505199,2
3506557,1
6298053,2
3506554,2
5914294,2
774929,3
944558,0
5919662,2
5816180,0
774922,1
774921,2
3305337,2
455736,2
3299868,2
774925,2
774924,3
3505517,0
774991,2
3306330,2
3505510,2
1262502,2
4416844,2
4780774,2
18964,0
3301536,2
3505518,0
3504147,0
3502969,0
3509299,2
3509298,2
4537826,2
5851469,2
3509297,2
3307797,0
3509291,2
762368,1
4644020,2
3505998,2
3376168,2
5670937,1
3711606,2
5892463,2
3505777,1
3505990,2
3299850,2
3505996,2
3505997,2
3508474,2
3505995,2
774817,4
5833724,2
774815,2
774814,2
774813,7
3506952,2
774811,2
774810,5
3508674,2
6015503,2
3505284,2
3505285,2
3508670,1
3508671,2
3506959,2
774818,1
751931,0
5817489,2
3293761,2
5853352,2
3293494,2
669157,0
3505602,2
3505603,2
3505352,2
3505601,2
3505606,2
3505607,2
3505604,2
6191450,1
775036,3
1187584,2
3505608,2
775035,1
775032,2
775033,2
775030,2
3877108,2
3504553,1
3504552,1
3504555,2
479366,0
6236503,2
3311960,2
5829469,2
5700117,2
3614563,2
5829665,2
202276,0
3537140,2
5892062,2
3508986,2
5332181,2
5857830,2
5070404,2
4689584,2
3504483,1
5002078,2
3506002,2
3504487,1
3292149,2
3504484,2
4592738,2
3504489,0
3504488,2
3292140,2
5523765,2
1143445,1
747898,1
3504172,2
5276582,0
3504170,1
3506736,3
3504174,1
29956,0
6208585,2
3301648,2
3119273,0
6210971,2
5853600,2
5856305,2
4453923,2
3506260,2
3288446,2
3507474,2
3507472,2
3507471,2
3539859,0
5836519,2
5886619,2
3312847,2
4871731,2
3509602,1
154966,0
5873507,2
3507873,1
5900004,2
3507871,2
3288593,2
3507877,2
3304772,2
3505972,2
3507874,2
5672810,0
3507878,2
4619127,2
3508499,1
3315607,1
3299382,1
3507094,3
3552322,2
4363469,2
3504398,1
3504397,2
5920446,2
3652331,2
4586019,2
775089,2
774495,1
2996310,2
5856496,2
3297976,2
774671,5
2402004,1
5863765,0
3674788,2
5657616,0
3289889,2
5907272,2
5723048,0
903147,2
3507615,2
3507614,2
5912703,2
3505887,2
5875271,2
774470,4
3504952,3
5856940,2
6133836,3
3296818,2
3507585,0
5347258,2
3292562,2
6222428,2
3292560,2
4584949,0
3305836,2
3292564,3
5867445,3
774787,2
3085630,2
774785,2
774784,1
774783,2
774782,2
4194696,2
774780,1
1786966,2
3507906,0
3507905,2
3507276,2
3507903,2
5866350,1
3507901,2
774788,2
3507055,2
3507054,2
3507057,0
3507056,2
3310812,2
3507050,2
3507053,2
3649996,2
1059360,2
2975438,2
3506673,2
3507058,2
3507729,3
5832554,2
3508524,2
3198040,0
3479295,2
3507292,3
6026241,1
5389202,0
3288848,1
638700,1
793094,2
5888895,0
3156322,0
3290638,2
4367824,2
5853039,2
4570098,2
3509959,2
774713,4
6145818,2
774513,0
570864,0
1346956,0
5845042,1
24639,4
747703,2
3505814,1
3300460,2
3300860,2
5658521,1
6134332,2
3311505,2
4202095,2
372118,13
3292180,2
3289155,2
5762464,0
5860585,2
1732857,0
5885518,2
773179,0
5259992,2
5244665,2
3636286,2
3507107,2
5245391,2
3363875,2
334466,3
5903599,2
3290039,2
3507195,2
3311345,2
3316795,2
3545175,2
368407,2
3505683,2
3290522,0
686730,0
3739641,2
3290526,2
4733333,3
3310811,2
5861054,2
12189,0
4977029,2
2940113,0
3303057,2
700273,0
4076855,2
5859374,1
5095,1
1403234,2
774740,2
3293954,2
6226548,0
448248,0
3545311,2
6289577,2
5863833,0
3286702,0
3536601,2
5906484,0
2696704,1
3312073,2
6206003,2
3302224,2
3503570,2
3509281,1
6316801,2
5835698,2
5834581,2
6099577,1
3507230,2
3505842,2
5892896,2
3274739,0
3507108,3
3290458,2
3294734,2
5824144,2
5831040,2
5820476,2
3506098,2
3506099,2
5500967,2
3509046,2
3506727,2
773799,1
3503599,0
5873154,2
3538601,0
4415416,2
6210694,2
3508504,1
6141314,2
5865193,3
3306730,2
3288910,2
3508763,2
5861472,2
3496499,0
3041252,2
3545797,0
1615477,2
4752189,2
6096403,2
5874208,0
3313615,2
3297391,2
3506430,1
3506431,2
758362,0
765514,0
3309495,2
5423656,2
5848944,0
3506438,2
618582,0
605014,0
3505840,2
5887864,0
5893253,2
3307632,2
3505169,2
5878756,0
3505166,2
3505165,2
5874427,2
3504799,2
3506546,2
5898538,2
1092463,2
758916,0
3371871,1
3508529,1
3305304,2
3502783,0
3508565,2
1229328,2
6140102,2
6146095,2
3505560,2
775096,1
774772,1
3505569,1
708538,0
4416875,2
5877648,3
5827048,1
3293778,2
1355233,2
3299933,2
5826617,0
4411776,2
3572743,2
3503603,0
3506671,2
773959,4
3293773,3
772134,0
3293777,2
769991,5
3509460,2
3509461,1
3506601,2
5680357,0
5267709,2
3504797,2
4612218,2
5852926,2
3315078,2
5892476,2
3505704,2
3508649,2
774863,2
3532729,2
638620,1
774866,1
3506941,2
774864,1
774865,2
3843926,2
774868,20
3508390,2
735007,2
3311745,2
3304542,0
5674007,1
774862,2
5819402,2
5919733,2
5821493,1
613615,0
756625,1
4693363,0
774860,2
772046,1
774861,1
775029,1
775028,2
18572,2
775025,1
5779604,2
775027,4
775026,4
775021,2
775020,1
133009,1
775022,1
3601284,2
6307922,0
3443501,1
5908339,1
3504549,2
3504546,0
774261,0
5849146,2
3504545,2
5922632,2
5905829,2
665432,3
774267,0
5829674,2
774979,6
3233308,2
4751614,2
5920857,2
771620,0
3315720,0
3308468,1
710697,0
3505389,2
5872725,2
3504490,1
3504492,1
638628,2
3504494,2
638719,2
5871991,2
5563352,2
3292173,2
638714,2
5844174,2
3504161,0
6069561,2
6069560,2
5872205,0
774319,0
5915823,2
5531130,2
3308188,2
667593,0
520783,5
774310,0
3482092,0
4503526,2
5827094,2
633,0
3491792,0
5831606,2
6062601,2
3507464,1
3507466,2
4418161,2
3318373,0
3507462,1
3217672,2
3315616,3
3506683,2
6241055,2
5862299,2
5833369,0
5922430,2
6185734,0
774949,2
3900041,2
5903209,2
4764381,2
3507862,1
953464,2
3507864,0
3505944,1
3507867,2
3507868,0
3507869,2
6138370,1
751879,2
3507832,0
5849226,0
774945,1
3551581,1
637729,1
5854147,2
4795170,0
4922142,1
3315656,1
110545,1
1061180,2
3504646,2
774180,1
3507656,2
5884459,1
774941,2
3289894,2
774685,0
5862430,2
3507307,2
3289234,2
774681,0
3507654,2
3504946,2
3504947,2
683013,0
538629,2
3507301,2
774942,19
3507594,2
5866872,2
774786,1
3305792,2
5885859,2
6274563,2
5885850,2
759042,2
5854425,2
3497411,0
4407147,1
3525309,2
3507268,2
3507918,2
5075160,2
6081485,0
3507914,2
3505369,0
3507260,2
3507261,2
3507267,2
3507264,1
2950451,2
3507734,2
3507735,1
5952484,2
3507737,2
5837359,2
3506055,0
3507044,2
775066,2
3305987,2
3507048,0
3507049,2
3360542,2
5817821,2
3507285,2
3507286,2
3507287,2
3508814,2
3508815,2
775024,1
3508818,2
3508819,2
5935000,2
3507289,2
3509026,2
5818705,2
4131238,0
6032710,2
5872925,1
5842603,2
3506114,2
730946,0
4401634,2
5259453,2
1491650,2
2225080,0
5859896,2
774735,1
775023,1
696390,37
1649238,1
3989508,0
3315475,1
3303068,2
5886833,2
3569375,2
774383,0
5881519,1
3313282,2
1815535,1
5922736,2
5833905,1
5913156,1
6137305,2
670457,0
775047,2
4257936,2
3289633,2
5904809,2
3256352,1
5884850,2
3507138,2
3507136,0
3505013,2
3507134,2
773147,1
1717684,0
5869874,2
5860591,2
22675,0
755207,2
3504548,0
3314436,3
3506122,2
5899476,2
2826737,2
5918809,2
774632,1
6283576,0
665434,5
774400,4
5279459,2
3382013,2
3291025,2
56253,0
5849410,2
775038,2
3310802,2
349599,0
3310807,2
3297094,1
5861061,2
4521273,1
3549641,2
3604905,2
1252868,2
3307086,2
5871171,2
5891908,2
4872399,0
6140546,0
774973,1
633837,2
3507510,0
3470140,0
3312067,0
3509396,2
459958,0
5884926,2
4401972,1
5863383,2
3313595,2
4847128,2
3605052,2
3423587,0
5063525,2
3479317,2
3650301,2
3274726,0
6001661,2
3619383,2
5905434,0
3695714,2
5004972,1
3509078,2
6228766,1
1382511,2
4440170,0
914538,2
3506710,2
3506713,2
3299443,2
3509075,2
3506714,2
3509077,2
3509076,2
3402468,0
3505045,2
3489423,0
4081112,2
3126900,2
3337988,2
5881072,2
309761,0
5919940,2
93837,0
5827895,2
3309662,2
3315690,2
4804364,2
5888829,2
772547,3
773329,18
4235883,2
6030721,2
5887902,2
4175765,2
3506158,2
2941697,2
3506156,1
5879567,2
3506154,0
3506152,2
3506150,2
3509130,2
1547663,2
1183318,0
5861838,2
5862505,2
3683178,2
3307628,2
3505171,1
3505172,2
5862814,3
774283,1
1932,10
3504493,1
3509401,2
3566378,3
5897180,2
6295516,2
3508672,1
3505570,0
3307790,1
6196007,2
3297074,1
774996,3
6303797,2
5627420,0
3505578,0
3504497,1
3306682,2
4640588,1
3502729,0
6268762,1
742557,0
5827600,2
3506326,2
5861831,1
768722,2
3313212,2
3505718,2
3306666,2
3508223,2
3508655,1
5950887,2
5838363,2
5920915,1
769985,0
3505713,2
3505715,2
3505716,2
3505717,2
774871,1
3508389,2
774873,2
774872,1
774875,2
5340288,2
774877,2
774876,2
774879,2
774878,2
552944,1
3943037,0
3504712,1
3504711,2
774992,2
5904324,2
3504716,2
3301247,0
5854132,2
774819,1
4806438,2
775019,1
3506576,2
3509387,3
5836487,1
3506573,2
775010,2
3505373,2
775012,1
3505371,2
775014,2
4892553,1
775016,4
775017,1
5837750,2
3504028,0
3307958,2
3504538,2
5921629,2
1078093,3
5650950,2
3504533,0
3504532,2
3504531,1
5883916,2
5812881,2
3504536,2
531141,0
3505396,2
5829642,2
5563033,2
5872105,2
3316661,2
3505398,2
775243,1
3040365,2
6180139,0
3288602,1
3564851,2
3505967,2
3313771,1
5878983,2
2075786,0
5854049,2
3505435,2
5877569,2
5829241,2
3504158,0
5837110,2
3504628,2
3504155,0
3504626,2
3504625,2
470396,5
3504623,2
3291167,2
3504153,0
3504152,0
3504447,1
3504446,2
3505436,2
5897803,0
3504442,1
3504441,2
3507453,2
3507452,2
5891502,2
3507457,2
5883004,2
3508228,2
3505355,2
3504332,2
3508726,2
3501671,0
3508725,2
3508723,1
3507319,2
3508721,2
457027,2
5816943,2
3234485,2
5905419,1
3507857,2
3508523,3
3101,0
3128330,2
3636405,2
1084096,2
6301169,2
5863738,2
5765946,0
842515,0
195878,0
3288733,1
3508522,2
5920240,1
5863748,2
5856961,2
5884118,2
4674582,2
774695,1
3507460,1
3292262,1
774696,5
774693,1
3507537,2
5872875,2
1617570,0
3288127,2
3404191,2
3504144,0
5849358,2
774455,0
5849709,2
10476,4
3451844,2
403488,0
5874989,2
3308713,1
5857368,2
3651310,2
3665860,2
1356397,2
3784678,2
724290,2
3825273,0
1434494,0
6024933,0
5884065,2
3295538,0
3506040,0
3763596,3
5831757,2
6112638,2
3507226,2
5907323,0
3289557,2
3507709,2
3507708,2
3506831,2
3315611,2
3509217,2
3682601,2
5798522,0
774994,2
3509216,0
732976,3
3290613,2
5819675,1
3304367,2
5562787,2
774899,2
5685316,2
4896653,0
132102,4
4418191,2
5996850,2
3504842,2
3695683,0
2378824,0
3539816,2
6117814,0
5252797,2
3507636,2
3508530,2
3507633,2
3506527,1
3659769,2
5135916,2
3310695,2
3524620,2
5845321,2
3169206,2
723494,1
38952,5
3308136,2
3313453,2
5817628,1
4819914,2
5899395,2
3321421,2
684935,0
3507149,0
3507148,2
5827544,0
5875065,2
639564,1
4376829,0
3334767,2
5911357,1
3507140,3
3507147,2
3507146,2
3507145,2
5900017,2
3554983,0
3290501,2
3290506,2
3062110,2
6294138,2
5903577,2
2856037,0
6111074,2
5845334,2
5996645,0
393273,0
5227861,2
8630,1
5860696,2
1726020,4
3086444,1
3291054,2
3495662,0
3589154,2
5834125,2
1726601,0
3311413,2
1229123,2
5868265,2
5409791,2
4717200,2
6387,2
5890996,2
5856179,2
3509174,2
5873396,2
5857481,2
4327779,1
5711875,2
6226798,0
774995,2
5137754,2
3286997,2
6113970,0
3749,0
2902808,2
3507277,2
3313587,2
774993,2
3132321,2
741545,6
4429152,2
5919241,2
2413373,2
6099557,0
3316214,2
3316213,2
5746577,0
3241595,0
4423322,2
791883,0
3391566,0
4777568,1
3507401,2
1114931,2
5914550,2
5820709,2
5534852,2
775058,2
3508237,3
3307180,2
3275403,0
727321,0
5903950,2
3884818,0
5869710,0
3506382,2
3506383,2
3506380,2
3506381,1
5824013,2
3506387,2
3506384,3
3506385,2
775054,2
3506418,2
4460257,2
3506148,1
3506149,2
3508361,2
3507979,2
5897170,2
5879533,2
3506416,1
775056,1
19969,0
5893271,2
6192465,2
3221464,2
3312767,0
4081,0
3099281,2
5911636,2
5816154,0
3505144,0
5022683,2
5891145,2
3508860,2
5897193,2
5850372,2
5849540,1
3508559,1
667835,0
3505549,2
3505548,2
3683132,2
3505547,2
5849565,2
5817508,0
3296595,2
1213438,2
3509066,1
5856196,2
704062,0
3506702,2
3509063,2
772682,0
3309728,2
693293,0
3309724,2
3505168,2
3292911,3
3506708,2
2858979,2
3508621,2
3507603,2
721362,3
3509484,2
3509485,1
6198070,1
3292268,2
5827942,1
3507605,2
3313022,2
5252539,2
774848,2
6100615,2
3299684,2
5860847,2
774844,2
774845,2
774846,2
774847,2
774840,2
774841,2
6019645,2
774843,2
775007,2
775006,1
775005,1
775004,2
3306582,2
3504705,2
775001,1
775000,2
3504708,2
3504709,2
775130,1
775009,2
775008,1
5843794,2
3506563,2
5933140,2
3506561,2
597371,0
3506564,2
5853023,2
5856229,2
418669,0
5257353,1
3491076,0
3505031,2
3505030,2
3308524,2
3505032,2
3505035,2
3505034,2
3505037,2
3505036,2
3505039,2
3504521,2
6302879,2
5915809,1
3504526,1
273504,0
5841684,2
4749357,2
3508505,2
4510467,2
3505819,2
3505818,2
3508536,2
3493240,0
6328144,2
3508533,2
3505812,2
3505811,2
3505810,2
3318170,2
6156285,1
3670752,2
756156,8
3505820,2
1016477,2
3313337,2
5849207,2
3508501,2
3508560,2
3307974,2
5829252,2
5812703,2
3504148,0
774999,2
3504638,1
6300463,2
278186,11
3504635,2
3504636,2
3504141,0
3504630,2
3504631,2
3504632,2
3301614,2
756378,0
5919255,1
3504453,2
5883011,2
774515,0
3504458,1
5251348,2
762975,1
6190138,0
5867459,2
3544834,2
3508753,2
3508752,2
5822718,2
3508750,2
5824944,2
5904180,2
3310222,2
5906800,2
5891299,0
4742859,2
4740530,0
3505290,2
3292026,0
3507847,2
3507844,1
3110,0
3309694,2
3508346,2
3308095,2
5814717,2
686431,0
4379999,0
4674775,2
774208,1
3504038,0
4397395,0
756206,1
630187,4
3122203,2
4936073,2
5824496,2
3504171,1
3505161,2
5906811,1
3508347,2
3507848,0
5853917,2
672307,0
3509441,2
738734,0
774426,10
289552,0
5240968,2
6185669,2
5915510,2
2939400,0
1501368,1
763932,0
4573771,2
5891872,0
4694744,1
3315076,2
6476,0
5857376,2
5070617,2
4486071,2
3507445,2
2456187,1
3507507,2
5105453,2
1264153,2
3288419,2
3292336,2
3289540,2
5936729,2
5866145,2
3507505,2
3312260,2
774809,2
3296830,2
775003,1
467418,2
3311087,2
5524294,1
5907331,2
774736,2
774737,2
774734,2
5814444,2
774732,2
774733,2
774731,2
3432453,0
679968,0
775138,1
774738,1
774739,1
1629235,0
3598590,0
3789545,2
3507310,2
775002,2
3507807,2
3677535,2
6294728,2
3504208,2
4595372,2
774885,2
5832238,2
3507623,2
3508528,2
3272491,0
3508689,2
3507517,2
3334529,2
691567,0
5065720,2
2044124,0
4868492,2
774804,2
4459635,1
5729138,0
5860208,2
774805,2
774842,2
3240184,2
3507150,3
3507151,1
3289164,2
3507153,2
3495763,0
3507155,2
3507156,2
3507731,2
3505343,2
5347517,2
2638014,1
3505342,2
5848473,2
1252348,2
743646,1
5891742,0
3508229,2
2921794,2
5832121,3
2454926,2
3507554,2
3295346,2
5033102,2
5922722,0
354762,3
3505346,2
4399108,2
5839562,2
63626,1
3290082,2
6209275,2
773717,6
5924881,2
6028992,1
774779,1
4526970,2
5834794,2
772329,0
4649566,2
4248543,2
3550239,1
5840625,2
729332,0
3504210,2
3505561,2
3507320,2
5315293,2
774755,2
1479586,3
5794363,0
3508801,2
5884941,2
6021490,1
69943,0
6090036,2
4599403,0
3300529,1
3507280,2
3316206,2
3508185,0
5647207,2
57743,0
3587516,2
4639053,2
5848576,2
2264897,0
3435666,0
3293261,2
3307962,2
5138251,2
3507283,2
3508226,2
5849432,2
3508761,2
3763920,2
3293695,2
3888818,2
3292801,2
3632073,2
3293699,2
4687724,2
3307966,2
3293503,2
5874239,2
3508764,2
5846583,2
3503847,0
5835551,2
3592506,0
5824002,2
3109663,2
3504728,1
3974155,2
774935,2
3289241,2
3290448,2
1112190,2
3139300,2
739856,0
187,0
5832780,2
3506350,3
5277931,0
1637409,2
5816149,0
3507876,0
3508958,2
5845524,2
3504568,2
3293321,2
3505483,2
3509123,2
3505485,2
3505486,2
3505487,2
3505196,2
4628977,2
3303963,2
1334373,1
3303961,2
6147592,2
6187629,1
5104,139
5870082,2
2264944,1
3505558,2
3506875,2
5864547,2
2550693,2
3296580,2
772458,1
3493623,2
730893,1
3505557,0
3798037,0
774937,1
3505274,2
3506777,2
773157,1
6232695,2
3309734,2
5893292,2
3298312,1
3506176,2
3507273,2
1241779,2
761388,1
5252251,2
743669,0
5368908,3
3348274,1
3304515,0
3645857,2
3504424,2
3301594,2
774930,2
774859,2
774858,1
774853,2
774852,2
4439455,2
774850,2
774857,2
774856,2
774855,2
774990,2
775072,4
775073,3
775070,3
775071,2
3504739,2
3504738,2
775074,2
260012,0
3508168,1
5831078,2
5882281,2
5871594,2
3504733,1
3537013,2
3683151,2
769509,0
4551618,0
3506599,2
3505481,2
3312850,2
3506595,2
4485515,1
5871428,2
5869041,2
3506591,2
743283,2
6125937,2
3504284,2
5822875,0
3509124,2
3504281,2
3504280,2
5819396,2
3505029,2
321,18
3506603,2
774932,3
3504289,2
3504288,2
773912,0
3509347,2
2159709,2
5816367,2
3505808,2
3505809,2
3505790,2
3458497,0
5838786,2
3505805,2
3510220,1
3505807,2
3505800,2
3505801,2
3505802,2
3505803,2
3144199,2
493188,0
428898,0
3934275,0
3313327,2
20302,600
774989,1
774988,2
3505730,2
3795014,1
6213882,2
3505735,0
774981,5
775107,1
3504603,2
774982,2
3504605,2
774984,1
774987,2
3504606,0
3504461,2
3504460,2
3504463,2
3504465,2
3504464,2
3504467,2
3504466,2
3504469,2
6304319,2
5822111,2
5017764,2
5639900,0
774502,19
6293865,0
3504190,2
3504193,1
3504195,0
3504194,2
3504197,2
3504196,2
5821832,2
3508741,0
3508742,2
3508743,2
6137878,2
3299097,2
3505939,1
3509904,2
774186,0
3289144,0
5056677,2
407104,3
3292747,1
4452673,0
3505335,1
3504517,2
5111369,2
774215,5
5717096,2
3504045,0
6182148,2
3504519,2
5860899,2
746628,0
3507891,2
4047558,2
5866844,0
3507892,2
3614606,1
3507894,2
3507897,2
3507548,2
3507899,2
3507898,2
3507545,2
690147,2
3507542,2
3507541,2
3507540,2
5903327,0
3973932,2
1398133,3
5754,16
5814522,2
1337312,2
756503,0
774437,13
5892806,2
3294964,2
5804069,0
5882487,2
5880046,3
772457,1
3507036,2
3307996,2
715169,0
774770,2
3291100,2
3299427,2
5674223,0
3315798,2
3504265,2
4263632,2
3314847,2
882493,2
3317587,0
774890,1
5863125,3
3301700,2
5639877,2
774694,1
5915742,2
3507763,0
3507762,2
774771,2
3507092,2
3507095,2
5883056,1
3507765,0
3100657,2
641708,1
774724,0
5849937,2
774146,0
774721,0
774720,0
3506068,2
5819655,2
5727857,2
5869870,1
3761907,2
5507906,2
772518,1
3289060,2
3308426,2
3298122,2
5845002,2
3773226,2
3504310,2
3298129,2
3507133,1
3296938,2
4449506,2
5247137,2
774063,4
772925,5
3507386,2
4790897,2
5028573,0
6314595,2
5489309,2
3507160,2
118131,0
5846286,2
3507168,2
3003234,2
3288102,2
3507367,2
3507366,2
750112,0
5903553,1
4327901,2
4542073,2
3504318,1
3509019,2
3507368,2
5856436,1
773828,0
2072620,2
3661966,2
5259005,3
3289283,0
5918035,2
2006361,2
3289286,1
6073798,2
3506677,2
5836732,2
750021,3
3680836,2
5842476,2
2246355,2
6294933,2
3310785,0
703636,0
3301328,2
3505329,2
5868058,3
3506505,2
2292,0
5820124,2
3304723,2
6087885,2
3412634,0
3504448,1
5857140,2
4734865,0
3307182,0
3290285,2
3295684,2
3505850,1
5912719,2
6161243,2
5884955,2
684864,0
3505633,2
5916404,0
3287136,1
3680974,3
5812066,1
573018,0
3300552,2
3505323,2
3300554,2
3298621,2
3507806,2
5706932,2
5912599,2
5868336,2
3505637,2
759889,1
3299226,2
6228735,2
6135094,2
3478072,1
5921861,2
3505327,2
5884855,0
5945077,2
5633490,2
5834564,2
5887557,2
3506164,3
3617179,1
3505961,0
3506160,2
1041373,2
5907574,0
2967856,2
230057,1
675501,34
5018265,2
5885774,2
4167423,0
4743320,2
3506918,2
3290300,2
3316300,1
3290303,2
586121,0
3583202,2
773845,1
3273052,1
3732094,1
3506618,2
3505484,2
3506349,2
3506614,2
3506344,2
3506617,2
3506342,1
5879623,2
3371521,2
3666803,2
3504537,2
5350542,0
767486,3
5074183,2
5354605,0
741635,0
3508488,2
774851,2
6146296,2
774420,0
3239540,0
773991,1
667341,0
3506299,2
5652287,1
89904,0
3636163,2
3307071,2
4047141,2
3506763,1
3506765,2
5970036,2
6054870,2
774854,2
3619756,1
773446,0
3505971,2
3505583,2
3505582,0
3508789,2
3309567,2
3233524,2
3505588,2
6152662,2
744887,0
3509739,2
3312536,2
3506909,1
775104,2
3612585,2
5826369,0
5816636,2
3509062,2
3466188,0
3893449,2
3506904,2
3506906,0
3505201,2
775061,2
775060,2
775063,2
775062,2
775065,2
661646,2
775067,2
5814862,2
4350771,2
3291145,1
3504720,1
775075,2
6232334,0
3504727,1
3504724,1
3504725,2
3301459,2
5520763,2
4997785,2
798131,2
3192035,1
3301457,1
5479114,2
3504293,2
3504290,2
5882252,2
3504296,2
3504297,2
3504294,2
3504295,2
3507480,2
3505052,1
1148011,2
3507985,2
4961583,2
285894,18
3505838,2
5826509,2
3509357,2
3509350,2
3509351,2
3509352,2
5816608,2
3505831,3
5837092,2
3508513,2
3505832,2
3307651,2
3505834,2
3505837,2
3505836,2
5919645,2
3504617,2
5848034,2
5833200,2
3311948,2
2684381,2
3290493,2
739152,0
2102387,1
6308988,2
3505794,2
775282,1
3635444,2
5846968,1
4103105,2
3508195,0
3508197,2
5837146,2
3508190,2
4446786,2
5885438,2
3507665,0
2178135,0
6128194,1
5908207,2
774668,0
3504474,4
3504475,2
4449301,2
5849032,0
4827270,2
3505255,2
5920782,2
3508174,2
3508173,2
4560986,2
4937202,2
3504189,2
3504186,0
3678251,2
3504184,2
3504185,2
3504182,2
3504183,2
3504180,2
4694612,2
4898352,2
774466,1
5016182,0
6222714,2
3299080,2
610879,0
5199584,2
3287017,2
3696416,2
3312063,2
6249277,2
3303025,2
3297526,2
774880,2
774881,2
774882,2
3504501,2
4375953,2
3504055,0
3160933,0
774887,1
774888,1
774225,0
5775412,1
5922679,2
5877391,2
5885771,2
3292790,1
774406,2
3507558,2
5823934,2
3507888,2
88428,1
3507886,2
3507555,2
3507556,2
3507885,2
3507550,2
3507551,2
3507552,2
3507881,0
5849329,2
3301287,2
5831785,2
5915782,2
533000,1
6069056,2
4739343,2
3301428,2
3290865,2
5858924,0
4731413,2
738201,0
5915720,2
3653080,2
5841701,2
731431,0
679358,5
4483442,2
3504736,2
3547438,2
3334323,2
5823592,0
3461858,0
774701,0
3510768,2
3314875,2
3504979,2
3502273,0
774700,0
3294980,2
3507509,2
774103,0
737383,6
712253,0
608638,0
6022208,0
3507771,2
770253,0
3295106,2
4577450,2
6127798,2
774710,0
5902114,2
3504870,3
3504871,2
4123403,2
774715,0
3662860,2
26426,0
5905646,2
5234013,2
2413167,2
5763304,2
6206426,2
4332110,0
3506917,2
3168927,1
3506545,0
72485,0
5841069,2
3506824,1
5905110,2
3292793,2
7420,4
3508681,2
789125,2
4541303,2
180417,0
3031015,1
3667763,2
3504299,2
3509061,2
6047323,0
3507171,2
3507177,2
4669898,2
3506916,0
3507178,2
3507179,2
4946904,2
1113948,2
3505804,2
3507371,2
3507372,2
2140304,0
3619239,2
3600122,2
3286874,2
316965,0
3501901,0
3502898,0
3508983,1
3508980,2
5856402,2
6335260,2
3508987,1
3506915,2
734289,0
3508520,2
3587975,2
3506547,2
5915176,0
618816,0
3508521,2
3506711,2
1227923,0
3310799,2
4990674,2
5832109,2
3506726,0
3291178,2
3290243,2
3509348,1
3290797,3
5891760,2
3290246,1
3294098,2
5492946,2
3507865,2
3313795,2
3290869,0
276959,0
3294093,2
5860080,2
4852492,2
5833878,2
816505,2
4924439,2
5254525,2
3506717,2
3289032,2
3315136,2
6256321,2
5871130,2
3578915,2
2131437,2
774624,0
5890963,2
5521116,2
3505067,3
3506575,2
3630009,2
3269755,0
5903637,2
6265552,2
647725,0
669121,0
19227,0
1482662,0
1821063,0
771675,0
2832945,2
774719,2
6136742,2
3031362,1
5990068,2
744523,0
5821359,0
3294783,2
5845838,2
5868341,2
759774,4
3509177,2
716702,0
5451561,2
3507999,0
6186641,2
5823434,2
5892155,2
4920603,2
3506113,2
3506112,2
5887462,0
3507152,0
3211533,2
3128250,0
6227614,2
3506119,2
3506118,2
4613224,2
3289631,2
744455,0
3654269,2
3549354,2
1941401,2
5641332,1
3725574,2
3506016,2
5897259,1
773873,0
5859347,2
3509100,2
3506623,2
5546017,0
3509105,2
3506624,2
3506627,2
3506626,2
5859185,1
3313174,2
5430109,2
3314297,2
774980,2
760447,0
649178,1
3593256,2
774983,2
493297,0
5874543,2
3384044,1
5834191,2
774985,2
2418532,0
3191138,2
772475,3
5855191,2
6119614,2
3293238,2
5857433,2
3291146,2
4978777,1
3509034,2
5817178,2
775101,1
5832540,1
743512,1
3508873,2
6004677,2
3307716,2
772378,7
3506931,2
23435,0
108627,0
3307713,2
3505596,2
3506391,2
3505226,3
3505595,2
6261354,2
3505222,2
5892136,2
5064002,0
3506393,2
4889006,2
6139613,2
3309083,0
3504496,2
753260,0
3104204,0
775059,1
735243,0
5838077,2
5848330,2
775055,2
774849,2
775057,2
775050,2
775051,3
775052,1
3507065,2
4969636,0
3372352,0
2361680,2
3797102,0
3504468,2
772010,1
3928797,2
4423888,2
3507157,2
723697,0
3301200,2
142685,0
3505827,2
3505824,2
3505825,2
3505822,2
3505823,2
3504269,2
6297343,2
3504267,2
3504266,2
4412305,2
3504264,3
3504263,2
3504262,2
3505829,2
6050031,2
5871183,2
743242,0
3305131,1
5254518,2
3306467,2
3509366,2
3509368,2
5836659,2
5567227,1
740288,4
3504287,2
3504662,2
773922,0
3506406,1
483384,0
3696296,2
3508749,1
5419545,2
3311503,2
3301629,2
749627,1
772704,1
5827911,2
3508189,2
3508740,2
3508183,1
3508180,2
3310265,1
3508186,2
3508187,3
3504286,2
3298309,2
3508762,2
6281629,2
3504409,2
775117,1
5850024,0
6023769,0
3502938,0
775053,1
4281126,3
5849005,1
3507229,2
6248837,0
3508164,2
5837310,2
3508166,2
1714543,2
5278699,2
3505178,2
3378486,0
5571812,1
6198356,2
3297538,2
5812910,2
4433863,1
3620130,3
5920936,1
3149038,2
769401,0
4731394,0
5884276,2
774986,2
774898,2
774897,2
774896,5
5327136,2
774894,2
774893,5
774892,1
774891,1
4650883,2
3504317,1
774412,0
5884390,0
3504314,2
3504313,0
4531120,2
3509771,2
5920402,2
5822176,2
3505170,0
5883092,2
3292780,2
5317525,0
5849485,2
5873662,0
3310090,2
5849481,2
14585,0
3504283,2
3508981,2
3097167,2
6116026,2
3292650,2
5920688,2
5854094,3
5852882,3
3467481,0
3506424,2
6309806,2
6156590,2
3294942,2
774099,1
1231584,2
681308,0
774526,1
5646725,2
3288179,2
3662454,2
774521,0
4457042,2
3314314,2
3666937,2
3507987,1
3288206,1
3299155,2
3288200,2
3507982,0
6237771,2
2189567,0
5859308,3
3507989,2
729599,1
1117246,2
774709,0
774708,0
4598620,2
774706,0
3290650,2
3505799,2
774702,0
5582434,2
773591,4
4612604,2
3504043,0
5854875,2
1068842,2
3504514,2
3619163,2
3296959,2
3610978,2
1409269,0
5836494,1
5885979,3
3286725,0
3508984,2
5838062,2
3310419,2
5722039,2
3505040,2
3444329,2
3891,0
5880120,2
5833357,2
3544927,2
5860258,2
3507187,2
3507186,2
774216,0
5904856,2
3293134,3
3507180,2
6225137,2
3505865,2
577163,0
3507345,2
3507344,2
5857116,0
4306216,2
3506962,2
3457077,2
3505575,2
5381602,1
4684316,2
5846303,2
3508976,2
3508975,2
3508974,2
708906,0
5856638,2
3508971,2
3508970,2
770265,2
3507067,2
774461,0
3505042,2
774363,0
5832171,1
5052610,0
3290785,0
640,0
3609247,2
772532,0
6093990,2
5731522,2
712290,0
5894650,2
3107941,1
3153394,2
1952327,2
3505043,2
3313548,2
5875156,1
5858181,2
5876055,2
3507895,2
3297078,2
5918916,0
773286,2
3504149,0
6107547,2
3506805,0
1314829,2
3610571,2
3503249,2
641503,2
5885281,2
3297980,2
5885287,2
5858658,2
942453,2
3505044,2
3507547,2
3508557,2
4819774,2
5437303,2
1482658,2
786337,0
5878364,2
3508360,2
3507544,2
774115,0
3509176,2
5843122,2
6136006,2
774964,2
3794227,2
716514,0
3286843,2
5853944,2
3506658,2
3288922,2
5921889,2
3508160,2
586500,0
5832053,2
5860749,2
5856082,1
3506100,2
773605,0
244581,0
6205184,2
5645212,0
5902914,2
736750,2
3147939,2
3505943,2
5872898,2
3540556,2
5881387,1
93311,3
5066322,2
498342,0
3309707,2
3316678,1
3303712,2
3504677,2
5868924,2
3504788,2
5868429,2
5323023,2
5852708,2
5878068,2
3512674,2
3505942,0
3326882,0
739396,4
4556625,2
4884619,2
5242338,2
5872009,2
3508876,1
3507141,2
4415011,2
3505966,2
3290923,2
108706,1
5869916,0
734873,0
3303951,2
3297028,1
3571502,2
5933298,2
3504992,2
3505657,1
4099839,2
3769264,2
3505656,2
2779478,2
3509730,2
3508227,2
3506748,2
3290538,2
5865911,2
5766499,2
3505306,1
3509022,1
5832250,2
90217,0
3509021,2
2106556,2
3312981,2
772646,0
3506745,0
5617628,0
3509203,2
5869005,2
3506921,2
3307725,2
3509207,1
3509204,0
5841088,2
4484245,0
6296117,2
3505213,2
3293185,0
3506258,2
3506259,2
3505217,2
3505216,2
5899607,2
3301465,0
5887668,2
5915834,2
5807007,1
746020,2
5784603,2
5856265,2
152136,0
2985072,2
775048,1
5021460,2
2002539,2
774870,2
3505695,1
3505694,0
775041,2
775040,2
4731891,2
3332140,0
775045,22
3149238,0
3509116,2
3310448,2
3505109,0
3505108,2
1222626,2
3307120,2
4559851,2
3306706,1
4327860,2
3307659,0
3309297,2
3306702,2
774874,1
3505677,2
3505852,2
3505675,2
3291454,2
3504278,1
3505672,2
3930363,0
3505670,0
769964,2
3491998,0
4391746,2
3504277,2
6268849,2
3504271,2
3504272,2
3504273,2
3509310,0
700614,1
6147630,1
5816064,2
774867,2
743258,1
6212912,2
659061,2
3267007,1
5862665,1
5184139,2
775064,2
3504670,2
3504671,2
1159039,2
6105833,2
774958,3
5741333,2
3504678,0
3504679,2
774954,2
6232005,0
774952,1
774953,2
774950,1
774951,1
5921659,2
3089719,2
3581586,2
775106,1
6191675,2
5946890,2
6171272,2
1167360,2
4827754,2
276455,0
774978,1
4563045,2
5882836,2
3504667,2
5571382,1
774392,2
774393,17
729129,0
3508209,2
3504414,2
774399,0
3504417,2
4749265,2
3508153,2
2248297,2
3508155,2
5430748,2
3508157,3
3297986,2
4417899,2
681944,0
3508404,2
3410372,2
5892300,2
548231,0
3652456,2
3293943,2
4514013,1
212661,0
3505784,2
5833740,2
5883630,2
4258728,2
5905840,2
3505070,2
2954206,2
773800,3
4874920,0
3501029,0
5906361,2
3504304,1
3504305,2
4464681,2
3504307,2
3504300,2
3504301,1
3504302,1
1418883,0
774179,0
3504308,1
3504309,2
5823955,2
342885,0
774976,1
5827125,2
3533118,2
3708693,0
3574957,0
5856953,2
3507317,2
3508751,2
775018,1
6003455,2
6254122,2
5816807,2
5915790,2
3507972,2
3507973,1
5872755,2
5999259,2
771706,23
1259979,2
5830714,2
3808478,2
3507400,3
5825034,2
4969669,0
3507093,2
711744,0
3507994,2
3277953,0
4683861,1
3507991,2
3507992,3
3507993,2
712272,0
774895,24
639807,0
3507998,2
5899684,2
3507649,2
6320262,1
5878184,2
774778,2
5126716,2
3504629,2
775011,2
3509260,2
774773,1
3504896,2
3108945,2
774776,2
3504891,2
774774,2
3504893,2
3296942,2
775013,2
760318,0
5836586,2
3505376,2
2938802,2
3362814,1
5836580,0
775015,1
3506005,2
5920746,2
774726,0
5727066,2
3906281,2
5672868,0
3310404,2
5273882,2
5469304,2
4109482,0
5225458,2
5043000,2
3595755,2
3305995,1
3310796,2
4608417,2
3320380,1
3134441,2
2988901,2
5870882,2
687522,0
3507191,2
383686,0
723438,0
5250409,2
6294180,2
3507356,2
3507357,2
3507354,2
3507355,2
267429,1
3505806,2
3316808,2
4689162,2
3300707,2
3505873,2
774641,0
3508968,2
3508969,2
3508964,2
3508965,2
3508967,2
5033497,0
3508962,3
13716,0
3982672,2
5831581,2
3250000,2
1070759,2
5919670,2
3505826,2
348546,2
3315689,2
5831588,2
2992089,2
3504023,0
3307951,2
4625917,0
6145555,2
4312691,2
3504202,2
5034116,2
5883,2
3636857,2
6269015,2
2940968,2
5863538,2
5860622,2
3836176,2
1454028,2
728314,0
4628257,2
3854453,2
3288836,2
3645159,2
3504270,2
6003117,2
3509405,2
4871331,2
5885292,2
3589791,1
3224337,2
3506837,2
5842536,2
3509407,2
6318637,1
3494653,0
3295229,2
3509400,2
3508892,1
5890237,2
4734294,2
3504904,1
224319,24
3506328,2
5868164,2
5734365,2
4882920,1
3303819,2
3506329,2
4994503,2
3506083,2
774728,0
3818084,2
4696569,2
2995815,0
668187,2
2995811,0
1163492,2
6007,2
6075881,2
3508422,2
27023,0
3999458,0
9875,0
770051,3
3506134,1
3506131,2
5915701,2
759290,2
3851182,2
3509056,2
3507222,2
544966,0
5044965,2
5858830,2
5868296,2
1105382,2
3273069,0
5855918,2
3541186,2
4411474,2
3506733,1
5904420,2
3506325,2
5017601,0
5904499,2
6192425,0
3311165,2
5820376,1
311307,0
6329675,1
3507302,2
3257155,2
775069,2
6148748,2
5874403,2
4352700,1
3506120,2
2955795,2
774997,2
3295489,2
5874561,2
4943159,1
3996955,2
3010105,0
5829689,2
5764580,2
5820107,2
2968645,2
3506001,2
3307002,2
3510078,2
4464767,3
3307005,2
3506006,2
4113040,0
3310714,2
3506263,2
3019642,2
5845543,1
3288329,2
3342018,1
1575477,2
3505816,2
3507167,2
5634162,0
3060510,2
6246619,0
3506199,2
4147857,2
3228629,0
3509561,2
5856272,2
3085393,2
3505688,2
771457,0
1639150,2
4969325,2
3508401,2
3505682,2
5838053,2
3505680,2
3505681,2
3505686,2
3505687,2
3505684,2
3505685,2
2980830,2
3506311,0
5871488,2
5893369,2
3504252,2
5850552,2
5686680,0
5878275,2
3553696,0
3505841,2
3505666,2
3505660,2
6268501,2
3505846,2
3313765,2
5915762,2
3505849,2
5827803,1
5895349,2
3505668,2
3504796,2
3504246,2
5895659,2
3504627,2
3509309,2
3509308,2
749647,0
3504154,0
5661691,0
496436,5
5915167,2
3504157,0
3287080,1
6180359,2
5407485,2
3504156,0
3505844,2
774948,1
5845566,2
774944,2
774947,1
4605517,2
3504641,2
774940,2
774943,2
3504642,0
3505207,2
3505204,2
3505205,2
3306353,3
3504621,2
3505200,2
3308828,0
6036682,0
3505208,2
3505209,2
3288688,2
3526019,2
3301377,2
3755376,0
774386,0
812165,2
1603684,2
5912521,1
3292070,2
6213154,2
747364,0
5238171,2
5827563,0
3507131,2
3504443,1
771770,3
4439160,2
466029,0
4228386,0
3311862,0
3313218,2
2148281,2
5872624,2
5886820,2
3509361,2
5844156,0
4461904,2
5833750,2
5853425,2
667210,0
5127577,0
3505062,2
3505063,2
3505060,2
3505061,2
3370850,2
5946379,2
3506038,3
3126624,3
3504324,0
3290251,2
3506039,0
5837996,2
3504333,2
5595192,2
3506940,2
5823123,0
3504336,2
774166,0
4031493,2
493692,0
6281996,2
3504209,2
3504323,2
3506034,2
4371382,0
3505372,3
4414316,2
3998265,2
3507456,2
3509020,0
3289107,0
1390343,2
5873252,1
3509363,2
3299161,2
6236968,2
3506746,2
3315206,2
5872744,2
484976,2
1178064,2
3504425,2
6330814,2
5920597,2
773598,0
3504421,2
3506744,2
3504423,2
3504422,2
3952307,2
3506033,2
5964854,2
5872686,2
770667,0
4636817,2
5811687,0
3509362,2
3361843,2
3505218,2
5920173,1
1075888,2
5811835,0
3288222,2
3307723,2
774769,1
774768,2
4228475,2
774801,1
774761,5
774760,2
774763,1
774762,7
774765,2
774764,4
774767,2
774766,1
3044118,2
3745283,2
3507697,2
3507696,0
5837842,2
3310180,2
5822540,2
6136566,2
3305414,2
5598386,2
3507502,2
3507500,2
6010695,1
3507506,2
5462035,1
3289801,2
5832481,1
775044,2
3267038,2
3064756,2
3505212,2
5577553,2
5139147,3
5237179,0
3505214,2
4492690,2
5866596,2
6082376,2
1591586,2
3506555,2
3363755,2
3505028,2
3505772,2
3289245,2
1042559,2
3289243,2
3300735,2
5905721,2
3508959,2
3300772,2
3504415,2
6185055,2
3306585,0
4408117,2
6232645,0
4764668,2
3508950,2
5890337,2
3508955,2
3508954,1
1977303,0
5836488,2
774928,2
3310053,2
755546,0
730006,0
3507854,2
5831599,0
4739395,2
2379462,2
770176,2
5758217,3
5834746,2
3316811,2
5864338,2
3505546,1
3507764,2
3315216,2
3508960,2
3295537,2
3474151,0
774923,3
3507035,2
3507034,2
3507033,2
3507032,2
3507031,2
3507030,2
5863526,1
774869,2
6206086,2
5729143,2
5860188,2
3507039,2
3289064,0
2928661,0
3505785,2
774920,1
5743295,2
3301623,2
774927,3
3505286,2
774926,1
3505502,2
3505027,2
1250508,2
4575767,1
27640,0
2330459,2
5115289,2
3305333,2
3290692,1
5868751,2
3504437,2
3504624,2
774288,1
3505482,2
775049,2
5886846,2
5860761,2
3289664,2
775419,2
3288131,2
4427717,2
5914566,0
5271894,3
5838048,2
3509404,2
3487643,2
773663,0
774577,4
5648394,2
5886222,0
5860299,2
3669172,1
4301936,2
753629,1
5902647,2
4215358,2
775043,2
3860939,0
773483,0
775042,2
3654900,2
759285,0
5858840,3
633930,2
3506493,2
3504520,2
4502167,0
5242643,1
6005662,3
5918549,0
5031967,2
773804,2
6252377,0
775046,2
5848495,2
5912658,2
3505693,2
3313184,2
4058797,2
5919365,2
3509406,2
3313182,2
409129,1
2955310,2
5242794,2
773489,0
3313748,2
3293645,2
748821,2
3460890,0
5813218,1
3299276,2
773480,1
3506018,2
5834664,2
3428472,2
3503518,0
736783,2
3316721,2
1953855,2
4549140,0
2025812,0
3293488,2
5871180,2
773711,7
6037824,2
3502939,0
742527,2
3296681,2
6180953,2
3305099,2
3505635,2
3504649,0
3505344,3
54515,0
3289239,2
5813524,2
3506920,2
6227137,2
5922182,2
3316816,2
3507181,2
3506820,2
3504348,2
3774937,2
3289717,2
4669180,0
3505280,2
5850546,2
2694202,2
4448321,2
18866,0
5882038,2
5270145,2
5832517,2
4551393,2
5579052,1
774972,2
3505479,2
3505478,2
3509172,3
3506653,1
3506654,2
5856044,2
6274301,2
4440244,0
772824,1
3509179,0
4215900,2
5878262,2
3505281,2
3505477,3
3505476,1
3505651,2
3504789,2
5223832,2
5838085,2
3508558,3
3505309,2
3505676,2
3505875,2
3505658,2
3508225,2
3508224,2
3505871,2
3294619,1
3504786,2
3504787,2
5021829,2
3834271,2
5588693,0
86578,0
3509402,2
3504525,1
3532323,3
3509312,2
3509313,0
5833610,2
3313353,1
5075890,2
3505783,2
3505782,2
3504658,2
3504659,2
3505855,2
5877020,2
3491599,0
3504652,2
774971,6
3505789,1
3505788,2
774974,2
774975,2
714260,4
6190372,3
5871521,2
3505776,2
5812033,0
3505277,2
3505276,2
5829746,1
3504275,2
128028,0
3505279,2
3505278,2
5779939,1
6196256,2
3299285,2
33513,0
5875450,3
3508556,2
3508476,1
5912537,2
4413116,2
3326755,0
579074,0
3505857,2
3924727,1
3504527,1
3505679,2
3298579,2
5911326,0
3599276,2
3505771,2
3509408,2
1222150,2
696224,55
3313229,2
3506957,3
5832624,2
774816,3
3308649,2
3197144,2
2781465,0
3371,0
3504256,2
3504257,2
4783822,2
5892221,2
5899437,2
3282820,2
3854287,2
5873321,2
772929,0
6322574,3
746570,2
5837293,2
3504259,2
5857396,2
774977,2
341783,9
3505288,2
3504328,2
3243462,2
3504326,0
3504327,2
3504700,2
3504325,2
2253201,2
3506735,2
3504320,2
3504321,1
5815665,2
6336667,1
713281,1
5818140,2
6055368,1
3505287,2
1079175,2
3194821,2
3299378,1
1933528,2
4694722,2
4881931,1
2964980,1
4498117,2
3505775,2
4604923,2
3297586,2
5845764,2
3505282,2
3506091,2
3505854,2
5883760,2
3120835,2
5584728,1
5595229,2
3509355,2
3551573,0
5833885,0
4124825,2
3504438,1
3506958,2
6164484,2
4805200,2
5921564,2
774754,1
5829296,2
774756,2
774757,2
774750,2
3289325,1
774752,2
3289327,1
6237215,2
5608106,2
5016578,2
774758,2
5876531,2
3505033,2
4456067,0
15270,0
5832490,2
774594,2
774592,0
119698,0
3305401,2
3611147,2
5872611,2
3305409,2
5819417,2
3292224,2
775129,1
3507684,1
3507685,2
3507686,0
4462712,2
3288280,1
5822552,2
5328774,2
3506951,2
5832498,0
774956,2
3509749,2
3507514,2
5841106,1
3507516,2
5831614,2
3289237,0
3505412,2
2724075,2
5920761,2
3504732,2
3313710,2
