1570604,2
1575233,2
2194737,0
1570607,2
1570600,2
1570601,0
1570602,2
1492778,0
1570608,2
1570606,1
55290,2
1568513,2
1570603,2
1568515,2
1568514,2
1568517,1
5166216,0
260520,0
5175205,2
5018386,0
6214819,0
6214818,0
1570609,2
571432,0
5167927,0
74017,0
631450,0
6792,0
3998114,0
602350,0
1567857,0
5188125,2
5165299,0
5165565,0
16257,0
16254,0
16259,2
5174757,2
3925061,0
5183785,2
5183784,2
5183789,1
586377,0
1569000,2
1569001,2
1569003,2
1569004,2
1569005,2
5057215,2
1569007,2
1569008,2
1569009,2
4098336,0
628846,0
523440,0
24880,0
617643,0
5055141,2
5159234,0
581709,0
633327,2
4476238,2
5184928,2
64453,0
633323,2
633322,2
633321,2
633320,2
5184922,2
5184923,2
5184921,0
204642,0
203612,0
588756,0
362659,0
3790645,0
415997,0
5145929,0
618251,0
2621963,0
570563,2
170932,0
2224238,0
14622,0
5085842,2
5085849,0
4411520,2
936939,0
600583,0
619391,0
1568357,0
1568356,2
1568350,2
30410,0
5086799,2
118806,2
347572,0
633245,1
1516821,0
462878,0
361986,0
5092505,2
1439590,0
1565050,0
5185575,2
40742,0
504974,0
2022374,2
621233,2
27615,0
1564187,0
514,0
69705,3
29101,0
4402348,2
842874,0
360656,0
8017,0
87571,0
1569584,0
1569587,2
1569586,2
1569581,2
1569583,2
1569582,2
629143,0
1569588,1
4483505,0
590201,0
373204,0
5173728,2
55331,0
117060,0
591910,1
580217,1
120609,0
4275569,0
1570376,2
187251,0
212569,0
348749,0
594233,0
348745,0
4986323,0
5122161,0
2784602,0
603742,0
4441530,0
86228,0
1568997,1
5058100,2
5111235,2
1568983,1
1568986,0
1568987,2
1568984,4
5094628,2
1568988,2
1568989,2
553733,0
1572453,2
1572452,2
98451,1
1572450,2
1572457,2
1572456,2
1572455,2
1572454,2
424152,2
5602447,0
13537,0
605742,0
1014264,1
623403,0
613082,0
11754,0
539869,0
20886,2
5173898,2
1568049,0
5033100,1
143991,0
5171941,1
146310,0
185907,0
613554,0
49171,0
348129,0
5172419,2
4041892,0
1570257,0
633178,2
633179,2
1412779,0
10397,0
633172,1
633173,2
633170,0
633171,0
633176,2
633177,2
633174,3
633175,2
5094848,2
44653,0
5104484,2
1570703,2
1484329,0
566554,0
269485,0
6811,0
3853262,0
15703,0
6814,0
123558,0
1566244,0
1566243,0
63279,0
5075894,0
1565517,0
4638283,2
63276,0
5710449,0
179449,0
1467679,0
5176672,2
960904,0
1120753,0
233290,0
4292129,2
7666,0
5169294,2
5169297,0
553132,0
466299,2
5169298,2
4996495,0
1537315,0
5075298,2
4054094,0
627135,0
5309720,2
1568164,0
628528,0
1568160,0
1568161,0
1568162,0
1568163,0
628520,0
1568168,0
1568169,0
268463,0
8715,2
1570913,2
1570916,1
1570917,2
1570918,2
3386781,0
4826890,2
625755,0
1560365,0
5070181,2
5042936,2
1571475,2
612702,0
1571539,2
1571538,2
1571535,2
1571534,0
1571537,2
1571536,2
1571533,2
529188,0
492275,0
1570628,2
1570629,2
1570626,2
1570627,1
1570624,2
1231403,0
1570622,2
1570623,2
1565853,0
1568570,2
1568575,2
1568574,2
1566764,0
425852,0
1565858,0
7118,0
1566766,0
4530103,2
1066549,0
5626166,2
4554836,2
5182545,2
5051790,8
18797,0
1571399,0
74032,0
560821,0
97130,0
1567323,0
1567322,0
1567321,0
1567327,0
24881,2
1572843,2
536581,0
807167,0
603973,0
1726273,0
602082,0
617085,2
622960,0
622969,0
149260,0
182431,0
1315982,0
624740,0
1566749,0
1566038,0
1566036,0
5057231,2
1566032,0
4696236,0
6218664,0
49095,0
905427,0
633341,2
633340,2
633343,2
633342,2
5080837,2
1399677,0
633347,2
633346,2
633349,3
633348,1
5249030,0
162341,0
4592260,2
5164633,0
1568431,2
622299,2
1377824,0
481147,0
633326,2
633325,2
4340448,1
633324,2
587337,0
70642,0
4411548,2
627512,2
627518,0
1568378,2
5011247,0
1568371,2
1568373,2
1568374,3
1331038,0
1568376,2
1561915,0
1050967,0
604332,0
633329,2
36174,0
36175,0
604339,0
18091,0
230085,0
4973089,0
5181576,2
41545,0
1000450,0
5181579,2
5092525,2
5187822,0
4600671,1
4532852,2
1151,0
97913,0
107115,0
632606,0
4955697,2
31743,0
76204,0
1567518,0
5038250,0
6075488,2
5101339,2
1570316,2
630289,0
1569569,2
1569568,2
4988556,0
1569566,2
257674,0
1075444,0
4017220,0
633554,2
4517990,0
5187642,2
267693,0
4900969,0
5187649,2
5025444,2
5070641,2
1572258,2
4297,0
5195289,1
28653,0
842851,0
5185864,2
632754,0
632757,0
632750,0
632753,0
73051,0
31963,1
4746,0
1571250,2
1571251,2
1571700,0
1571701,2
1571706,2
1571707,0
1571257,2
1571258,2
1571259,2
1571708,2
1571709,2
1568960,2
1413563,0
1568963,2
1572479,7
1572475,1
632570,0
1572471,2
632574,0
632576,0
558584,0
2184,11
457693,0
13511,0
13510,0
607559,2
5184736,0
5184734,2
5184732,0
5184738,2
86865,0
64000,0
4426689,2
5181017,1
488939,0
633488,0
633489,0
25566,0
633482,0
633483,0
633480,0
633481,0
633486,0
633487,0
633484,0
633485,0
1571874,0
1571875,2
1571877,2
1571870,2
1571873,2
357224,0
1571878,2
4935751,0
5172430,2
5172432,2
632283,1
5172437,2
5185482,2
5185480,2
200572,0
5185485,2
633154,0
633156,0
633157,0
3327228,0
633153,0
633158,0
633159,0
7946,0
1566481,0
218327,0
4254651,2
4201052,0
6296311,110
619541,0
12207,0
12203,0
70363,0
1561218,0
414953,0
1568358,2
5113067,2
29358,0
396555,0
1565588,0
4064081,0
1570449,2
408761,0
5176651,2
625866,0
119237,0
26839,0
4368441,2
14189,2
1705,0
5169273,2
5169271,2
808777,0
209958,0
604678,1
553233,0
5070435,0
168540,0
631828,0
4275933,2
11138,0
17982,0
1568149,0
17988,0
1568143,0
1568140,0
1568141,0
4320673,0
34321,0
13869,0
1197710,0
361758,2
1570391,2
1513732,0
1150184,0
606414,0
1570648,2
33851,0
1570646,2
4588797,0
101726,0
8199,1
441484,2
325490,0
39381,2
6112590,2
1348868,0
266001,0
425169,0
5186669,0
1567657,0
3958281,0
4371008,0
1412517,0
5188168,2
4465412,2
231123,0
1568641,2
1569798,2
1569799,2
1571115,2
1571112,2
5094479,0
1568645,0
1571119,2
1571790,2
6024292,0
238,0
1568646,0
1569148,2
56781,0
49521,0
121569,0
5185076,2
21657,0
1475497,0
1566660,0
500135,0
1572398,2
1572399,2
5187367,2
124394,0
1572390,2
1572391,0
1572392,1
1572393,2
1572394,2
1555334,0
1572396,2
1572397,2
633369,2
633368,2
633363,2
633362,2
633361,2
633360,2
633367,2
633366,51
633365,2
633364,2
513270,0
1574425,1
556668,0
149005,0
1572134,2
1572135,2
1572136,2
1572137,2
1572130,2
1572131,2
1572132,2
1572138,2
1053140,0
162148,0
628888,0
522865,0
36773,0
101989,0
573956,0
5053585,2
268672,0
534659,0
598945,0
5032191,2
552964,0
27827,0
2771772,0
4101561,0
618859,0
5079253,2
4998149,2
5072531,2
68861,0
1569407,2
1569401,2
1569402,2
1569403,2
7144,0
1569408,2
2577850,2
8501,1
12874,0
1567826,0
1567827,0
4022933,0
5141753,0
1571740,2
365406,0
629101,0
1569549,2
1569548,2
2881,0
1569541,2
1569540,2
1570097,2
1570096,5
1569545,2
1569544,2
1569547,2
1569546,2
5065913,2
70493,0
1570895,2
1570897,2
1570896,0
5187627,0
5187629,2
1570899,2
1570898,2
1568172,0
5070666,0
5069969,2
554105,0
1572374,2
624970,2
624971,0
4760,0
5173328,1
4368264,2
26294,0
1568946,2
1568947,2
1568945,2
579926,0
1568940,2
6317627,0
93179,2
1568948,2
1568949,2
1571279,2
1571273,2
1571270,0
1571271,2
1571276,2
16025,0
1571274,0
1571275,2
107588,0
56862,0
17374,0
1572378,2
240687,0
23908,2
997900,0
632777,2
632778,0
1519048,0
611734,0
50895,0
1356065,0
25501,1
16688,0
1571854,0
1571855,2
1571852,0
357247,0
1571851,2
632805,0
632804,0
632806,0
5172983,2
5172457,2
632808,0
633604,1
5070872,2
2702,0
579215,0
1013712,0
617291,0
3693762,2
6259,0
1562012,0
6250,0
4952938,2
629690,0
9710,0
9715,0
9714,0
836,0
3472,0
19990,0
182363,0
6260299,0
871607,2
5180526,2
903187,0
432506,0
609163,1
5169253,2
630264,0
616162,2
136814,0
1381543,0
1570588,2
385655,0
5087545,2
14302,2
1568235,2
1589,0
5184152,2
5184150,2
1043194,0
3325535,0
5659,3
5656,2
598157,0
5655,2
4716379,0
252199,0
819257,0
631381,0
617770,0
35202,0
27023,0
23221,0
5973348,0
6213829,0
30952,0
606698,0
5083247,2
19486,0
631164,0
19489,0
1567670,0
373180,1
8312,0
602333,0
5188187,2
107938,0
1570661,2
1570666,2
1570667,2
1570665,2
92701,0
35259,0
1570668,1
1570669,2
92707,0
5990,0
181274,0
1571133,0
1571139,0
1571138,2
5623579,2
12075,0
622927,0
5257534,0
4149709,0
142416,0
561886,0
5177226,2
1566423,0
1568508,2
633473,0
253804,4
24824,0
24826,0
4121416,0
5141060,0
4526912,2
632127,0
116491,0
605644,0
5165589,0
4492453,0
94131,0
94132,0
51276,0
1572118,2
4430506,2
1572116,2
1572117,2
1572114,2
1572115,2
1572112,2
17141,0
1572111,2
25197,0
36759,0
1566071,0
919,0
9547,0
3418519,0
105426,0
1565254,0
1568337,2
14821,0
1568331,2
1568333,2
1568332,2
462335,0
2418775,0
5184897,0
5184894,2
5181600,2
5184890,2
5184891,0
218284,0
1346097,0
1293954,0
5186035,2
84509,0
5184098,2
484976,2
4543007,2
1294692,0
415757,0
71556,0
4101545,0
34283,0
34286,0
626201,0
5079279,2
5072518,1
630711,0
1561404,0
4488136,0
4488134,0
1851396,2
31703,0
1569428,2
1569429,2
1569426,2
1569427,2
1569424,2
1569425,1
1569422,2
1569423,2
1569420,2
1569421,2
584426,0
479496,0
76243,0
76241,0
1569522,2
1569520,0
5179643,2
1569525,2
5837371,0
4545051,0
50307,0
6319355,2
2893982,2
6142899,2
47273,0
22343,0
5183042,1
114393,0
100683,0
1570876,2
26502,1
2098206,0
5189116,2
5026696,2
1197908,0
577051,4
4289236,2
1568920,2
1568922,2
1568923,2
4281745,2
5186632,2
1283688,0
5040532,2
5186639,2
5697684,1
4224172,0
580856,0
60211,0
592997,0
575902,2
1568985,0
64773,2
151817,0
151818,0
494511,0
579617,0
632711,0
29212,0
632714,1
4924484,0
493424,0
633448,2
633449,2
633446,2
633447,2
633444,1
633445,2
633442,2
633443,2
633440,2
192,0
1705944,2
2119585,0
1571839,0
627036,0
401436,0
1558094,0
5172478,2
571590,0
4460329,2
97707,0
193676,0
632822,0
624049,0
633198,2
633199,2
633190,2
633191,2
633192,1
633193,0
633194,2
633195,4
633196,2
633197,3
1566448,0
4330300,0
121248,0
1566193,0
7904,4
1570246,2
5104427,2
1570241,0
5173878,2
9735,0
1266944,0
5180726,2
1566222,0
4425477,2
5185556,2
5185551,2
5185558,2
4624706,1
856,2
626783,0
626787,0
4954612,0
274649,0
1555166,0
5169231,2
1684926,3
609103,0
568500,0
2511827,2
1242637,0
4394509,2
4397550,2
14366,0
5184173,2
4301894,2
1564591,0
1564592,0
5032969,0
4178474,0
361934,9
5514428,0
1570672,2
85935,0
462044,0
5760478,2
218726,0
5064702,2
129626,0
5177708,2
266776,0
1569465,2
38835,0
27041,0
627811,2
1561617,0
12400,0
30931,0
30934,0
1569035,2
31514,0
50795,2
7755,0
1570469,1
574081,0
5065873,2
1569036,2
1571485,2
1571484,2
1571487,2
1571486,0
1571489,2
1571488,2
32540,0
446148,0
373168,0
6716,3
1567612,0
1567616,0
6710,0
1567614,0
1514872,0
2147928,0
19202,0
531141,2
110404,0
551788,0
588428,0
263927,0
465060,2
603622,0
632459,0
1572358,2
5098041,2
1572355,2
1572356,2
1572357,2
1572351,2
1572352,2
90423,0
5155457,0
90424,0
4930296,0
93454,0
93453,2
57743,0
17437,0
5027138,2
1286792,0
578310,0
345529,0
4433,0
1572174,2
36731,0
2080364,0
218123,0
1566058,0
6277602,0
5181623,2
1565503,0
167294,0
62371,0
1565506,0
633275,2
633274,4
633277,2
633276,2
633271,2
633270,2
633273,3
633272,2
633279,2
633278,2
1573089,2
444236,0
69828,0
428668,0
12985,0
5021789,2
552929,0
10476,0
4544696,2
373160,0
5182822,2
57969,0
626225,4
30235,0
34263,0
7102,0
107170,0
7106,0
1569449,2
1569440,2
1569442,2
1569443,2
1569444,2
1569445,2
5175553,0
607992,2
497404,0
1686,2
5053764,2
1564363,0
5754196,0
1505276,0
1569509,3
1569508,0
4953708,0
29985,0
800783,0
1574026,1
28051,0
28052,0
4416023,2
5167682,0
789918,0
502149,0
5185884,2
31188,0
114376,0
1570853,1
1570852,2
5189130,2
1568711,2
28637,0
28638,2
5189139,2
1567860,0
1567861,0
1567862,0
1567863,0
1567864,0
1567865,0
106948,0
1567867,0
1567868,0
1570146,2
1570145,2
1570144,2
1570143,2
1570142,2
1570141,1
317,0
92803,0
1570149,2
1570148,2
628233,0
114119,0
5525115,3
5106832,0
974217,0
5081318,2
1568903,2
1568900,2
1568901,2
631767,0
5182624,0
4291796,2
215440,0
616030,0
590646,0
4371380,2
1567280,0
140138,0
1567282,0
511138,0
5184758,2
3086318,0
632731,0
633468,0
633469,0
2681262,0
633460,2
633461,2
633462,2
633463,4
633464,2
633465,2
633466,0
2294,2
4335792,0
80679,0
632596,0
632594,0
632592,0
4493404,2
1567135,0
632849,0
632848,1
56356,0
632840,0
632842,0
632844,2
9133,2
621006,4
297223,0
1571622,2
10315,0
10317,0
19648,0
618785,0
4812794,0
1564950,0
473563,0
69054,0
26120,0
4426628,2
588670,2
406681,0
69058,0
1563633,0
597693,0
1569299,2
1569298,2
597697,53
1569296,1
1569291,2
1569290,2
1569293,2
1569292,2
491177,0
21317,0
5185572,2
5185570,0
17593,0
1572549,1
1304874,0
5019436,0
4594,0
274842,0
44521,0
36075,0
4527144,2
2977644,1
33934,0
37290,0
37291,0
522035,0
18648,0
33938,0
6305808,0
1480732,0
91168,0
6289649,0
5155983,0
143617,0
611337,0
5181477,2
504897,0
4142434,0
604528,2
1236020,0
1560810,0
600068,2
612781,0
6182825,0
4461229,2
630693,0
630690,0
613875,0
613874,0
5099557,2
5185613,2
5093155,2
1570448,2
531855,0
1570442,2
1570443,2
6319707,0
7730,0
1570446,2
1570447,2
1570445,2
1567634,0
1567631,0
59485,0
4280645,0
40089,0
107973,2
5173913,1
541663,0
4470256,0
632697,0
632691,0
1462493,0
26334,0
5784,0
1572376,2
1572377,2
424899,0
1572372,1
1572370,2
1572371,2
5068556,2
424895,0
1572379,2
4972694,0
447955,0
442477,0
5070334,2
5080700,2
1571175,0
1571174,2
1571177,2
1571176,2
1571171,0
1571170,2
1571173,0
1571172,2
1571179,0
1571178,2
1572152,2
1572150,2
1572151,2
17454,0
1572155,2
1572158,0
1572159,16
13347,0
1157597,0
1557762,0
955,1
86485,0
4427725,0
24869,0
2370508,0
5181649,2
1053386,2
454067,0
633259,2
633258,2
633257,2
633256,2
633255,2
633254,1
633253,2
633252,2
633251,2
633250,4
16851,0
5174155,2
5174156,2
133636,2
1163783,0
9677,0
1570521,2
5812440,0
1562247,0
1562246,0
1570520,2
1565564,0
1979937,0
892721,0
4758774,2
548488,0
1569460,2
1569461,1
1569464,2
7129,2
107197,0
5121979,0
7120,0
7121,0
849082,0
887029,0
1666,0
1660,0
4583151,0
1359080,0
1570525,2
24276,0
66250,0
1570524,2
590807,0
5079945,2
5079230,1
109975,0
1401,0
1404,0
5087317,0
4214,0
620797,2
4016029,0
1655568,0
628373,3
1568730,2
1568733,2
5056107,2
1568735,8
1568734,2
1568739,2
1568738,2
5186982,2
1567848,0
339251,0
38262,0
477582,0
4603902,0
336,0
1568656,0
1568654,0
1568655,0
1568652,0
1568653,0
1568650,0
1568651,0
1568658,0
1571789,2
598325,0
51431,0
5182608,0
301107,2
215462,0
240666,3
5069985,2
624910,0
497347,0
2092123,0
510402,0
449358,0
16199,0
32355,0
5029443,2
632862,0
5170874,2
632866,0
5170870,2
1374548,2
1569925,2
1569924,2
1569920,1
1482126,0
1569929,2
10933,0
5170877,2
1483296,0
9110,0
1463107,0
1563920,0
5185375,2
5185377,2
12288,0
4427801,0
5185372,0
632864,0
633402,2
633403,2
633400,2
633401,2
633406,2
4585385,0
5187208,2
633405,1
5187207,2
633408,2
633409,2
5187202,2
5187203,0
5173834,2
271308,0
4229197,2
632315,0
5185519,2
632311,2
5185510,2
5185511,2
5185512,0
5185514,2
5185516,0
5185517,2
2353543,2
484033,0
1561316,0
1571163,0
4520369,0
5173741,2
90216,2
622402,0
1653248,1
52707,0
1562388,0
526864,0
60610,0
116863,0
5091846,2
628586,0
27435,0
4490305,0
836520,0
4927826,0
5954016,2
30685,4
5190518,2
601245,2
617865,0
2091967,0
600041,3
416089,0
540593,0
12999,0
629763,0
630327,0
4296330,0
355946,0
178227,2
511389,1
455,0
59287,0
55845,0
86774,0
1570315,2
1388681,0
5185370,2
549616,0
5042998,2
5093176,2
50283,0
1570625,1
1567387,0
35211,0
4494487,2
5029329,2
561756,1
2034312,0
2475013,0
631323,0
28771,0
4804260,2
590497,0
469411,0
3074354,1
611907,2
632674,0
5183748,2
26351,0
1568579,1
428027,0
615595,0
13717,0
1571373,2
1571372,0
1571377,0
1571376,2
1571374,2
1571379,2
1571378,2
633407,2
1572310,2
632418,0
1572313,2
1572314,2
1572315,2
1572316,1
5164938,0
3627,6
632415,0
167710,0
442450,20
460394,0
104422,0
4747499,0
5070315,2
1571199,2
1571198,0
1571197,2
1571196,2
1571192,2
1571191,0
1571190,2
94195,0
98241,0
4263687,0
13364,2
1571995,2
1571994,2
1571993,2
598494,0
74149,0
5051040,2
456579,0
874754,0
1301394,0
5184833,0
5168928,2
633238,2
633231,1
633230,2
633233,2
633232,1
633235,2
633234,2
616812,0
633236,2
117307,0
5186094,2
5186091,2
5076258,2
4415002,1
5081584,2
5875189,0
629516,0
5006798,0
583676,0
285264,2
5053507,0
5021477,2
71247,0
1475500,0
4232671,0
8963,0
1562261,0
5075889,0
603681,1
520783,0
5180028,2
487568,0
5179624,2
5187876,0
1571557,2
5179620,0
40619,0
6163269,2
851569,0
187163,0
2804,0
5189719,2
4348933,0
626264,0
626267,0
1570819,2
1570817,2
5075003,2
631862,0
5065086,2
631864,0
258764,0
612668,0
1568753,2
1504897,0
1568751,0
1568750,2
1568755,2
6206245,0
1570109,0
5177883,2
113096,0
5484284,2
1570100,2
1570106,2
1570105,2
5882,0
5889,0
5186659,0
4520133,2
1571715,2
4517795,2
19773,2
73743,0
1571711,2
5244204,0
5877,0
1571712,2
217668,0
1698095,0
5094140,0
5172108,2
1568974,2
109042,0
1571719,2
27290,0
92666,0
9885,0
279204,2
449371,0
631687,0
4486914,2
3862994,0
94311,0
142821,0
632886,0
632881,0
632880,2
632883,0
632291,0
1569909,2
247050,0
510740,0
5185350,2
632087,0
24989,0
632081,0
568754,0
5026727,2
1571265,2
208187,0
2193,0
633428,2
633429,2
633424,2
633425,2
633426,2
633427,2
633420,2
633421,2
633422,2
633423,2
5185533,2
5185530,0
21353,0
5185537,2
5185198,0
5185538,2
4033197,0
1572056,7
1572055,2
1572051,2
1572050,2
1572059,0
1572058,2
5122560,0
57515,0
623556,0
1570058,2
538005,0
1078807,0
4354669,2
2270828,2
1570500,2
1565484,0
1565485,0
1566287,0
1566285,0
582260,0
6327260,0
1565738,0
575339,0
1391908,0
211894,0
520898,0
1570468,2
5016944,0
5016946,0
5179458,2
4411229,0
864289,0
1542326,0
402912,0
1566821,0
4213858,2
1569349,1
571297,0
192983,0
560334,2
15380,0
5188453,2
4957808,0
5187468,2
1570541,2
26760,0
574067,0
47577,0
5908245,0
1569020,2
5101184,0
1570540,2
111339,2
1569734,2
1566744,0
5047387,1
591873,2
322089,0
119692,0
4390,0
1514942,2
471,2
3191,0
1369,2
632651,0
279698,0
1570594,1
1570596,2
1570597,2
1570590,2
1570591,2
1570592,2
1570598,2
1570599,2
11381,0
1464672,0
19155,0
625259,0
19156,0
1571351,2
1571350,0
19152,0
3523770,0
1572330,2
1572336,2
1572337,2
5095019,2
1572335,2
4322820,1
5070370,2
5070379,2
248598,0
628022,4
235415,0
6235876,0
581210,1
2135869,0
3994978,0
616600,2
25119,0
260457,1
1299672,0
5186306,2
128277,0
632432,0
633345,2
633344,101
633213,1
633212,4
633211,2
633210,1
633217,2
633216,2
633215,2
633214,2
4295590,7
633219,2
633218,2
40358,0
1563883,0
1563886,0
1563884,0
1563885,0
39921,0
3898508,0
345085,0
5029704,2
1569981,1
1569980,1
614315,0
5116469,2
1573241,2
57982,0
1570987,2
1569984,0
1569138,2
1570985,2
4464121,1
1569130,2
1569131,2
5053526,2
5068668,2
5050335,0
62869,0
41238,0
5479367,0
3013760,0
601690,0
943992,0
4881140,0
84589,0
2714232,0
5178199,2
608440,3
516977,0
5083169,2
29963,0
5187896,0
5187894,2
5187893,2
480418,0
5187891,2
5065312,2
5189261,1
1071321,0
5065318,2
28568,0
146588,0
33698,0
632008,0
5458,0
513213,0
94838,1
5700647,2
633164,0
30528,2
4448469,0
1570299,2
5103571,2
1570292,2
1570291,2
5083303,2
4117095,0
1568777,2
1568776,2
148890,0
1568778,2
631843,0
530828,0
949480,0
3868125,0
5171545,2
5171546,2
5171541,2
347620,0
591469,2
5171549,2
126265,0
126262,0
1568610,2
1568615,2
886080,0
29610,0
550848,0
5011142,0
25945,0
3813348,0
1549644,0
601986,0
1567995,0
1149921,0
115806,0
1569691,0
1569690,2
1570126,2
1569695,2
1569694,2
1569697,2
1570122,2
1569699,2
1569698,2
1570129,2
1570128,2
376,0
1571654,0
1571655,2
1571656,0
1571657,2
1571650,2
1571651,0
1571652,2
1571653,2
1571658,2
1571659,2
546227,0
19652,0
537884,0
1571633,2
1412781,0
393277,2
1569963,2
1569962,2
5187793,2
4524920,2
1569965,1
1569964,2
5185331,2
5185336,0
1570317,0
5185338,2
5183953,2
65469,0
1572293,2
5056398,2
593350,0
1568584,1
22709,0
204890,0
1569859,2
404987,0
2929991,0
519838,0
1572071,2
1572073,2
249462,0
1572075,2
1572074,2
1572077,2
1572079,2
1572078,2
431536,0
162021,0
626708,0
4920183,0
13441,0
1537427,0
13442,0
1566112,0
1566117,0
1566116,0
1566115,0
1220579,0
1566119,0
1566118,0
5080025,1
606541,0
1024186,0
300115,2
597184,2
618542,0
1571249,1
1568182,0
6296797,0
633007,0
633004,0
633005,0
633003,1
633000,0
633008,0
633009,0
557032,0
7320,0
613724,0
10083,0
5021534,2
5929354,0
5057987,0
5170554,2
5170557,2
1564266,0
1132994,0
1569361,1
1569360,2
1569363,1
1569362,0
1569365,2
233721,0
33804,0
7064,0
7063,0
5075270,2
6288611,0
78018,0
583551,0
1233026,0
15903,2
8159,0
630584,0
1570350,2
1570351,2
18763,0
1209894,0
4929293,0
5016748,0
1569750,2
1569751,1
1569752,2
1569753,2
1569754,2
1569756,2
40429,0
9982,0
633538,2
5173901,2
4808756,2
41547,0
1386,0
1387,0
1380,1
1382,2
1100648,0
318191,0
603115,0
4322613,0
631180,0
631185,0
322105,2
1571408,0
593636,0
1571401,0
1571400,2
593639,0
6318017,2
55031,0
4491702,0
5034153,2
5070356,2
5070350,2
1568409,2
23861,2
632633,0
632631,0
632635,0
5184454,2
5184450,0
186933,0
633582,2
633581,2
633580,2
633587,2
633586,2
493523,0
25133,0
633589,2
633588,2
4970145,0
616628,0
576390,0
5164961,0
967772,0
608800,0
581796,2
6186438,2
413878,0
6688,0
5172312,2
6685,0
49873,0
404242,2
2421,0
19826,0
959235,0
297348,0
392009,0
7846,0
4796116,0
5030486,0
5021702,2
1569117,2
1569112,2
1569113,2
1569111,2
10167,0
623983,1
629554,0
5185477,2
5185475,2
5185473,2
5185471,2
5185470,0
63465,0
33059,0
610709,2
1811,0
1566963,0
6278688,0
3908594,0
587796,0
1572716,2
1602,0
13271,0
5070510,2
5070519,0
5475,0
3326,0
5156473,0
339054,0
34885,0
18167,0
238217,0
5186929,2
5186924,0
5186921,2
629439,2
3540,0
1559,0
613977,0
538,0
1545102,0
542496,0
607268,0
5184204,0
4341397,0
1406591,0
606794,2
5188000,2
5188003,0
1570723,2
1570722,2
1570721,2
1570720,2
1570727,2
1570726,2
1570729,2
1570728,2
1571092,2
1571093,0
1571090,2
1571091,2
1571096,2
1571097,2
1571094,2
1571095,0
585136,0
34625,0
5047755,2
624607,0
6319003,2
3291168,2
1571898,0
1571899,2
571574,0
1571678,2
1568890,1
1571893,2
1571890,0
1571891,2
1571896,2
32661,0
1571894,2
1571671,2
4696683,0
6164,0
1569945,2
1569944,2
1569947,2
1569946,2
1569941,2
1569940,0
1569943,0
1569942,2
1569949,2
5141564,0
16616,0
5185916,2
5185910,2
603568,2
617252,0
5014087,0
5185646,2
5185311,0
5185642,2
5185643,2
1572278,2
1572276,2
1572274,2
1572273,2
1572272,2
1572271,2
2212,0
2210,0
3779492,0
4803554,2
2783077,0
791028,0
165927,0
98545,0
632375,2
33352,0
1568214,0
1572019,0
1572018,2
1572013,2
1572012,2
1572011,2
4430465,2
1572017,2
1572016,2
1572015,2
1572014,2
4090008,0
584749,1
320197,0
2422829,0
5490240,0
1563456,0
1565449,0
4440728,0
633396,2
633397,2
633394,3
633395,2
633392,2
633393,3
633390,2
633391,2
4083657,0
5859220,0
633398,2
633399,2
828648,0
828649,3
1570034,2
4930261,0
1062894,0
3043694,0
1507208,0
3261135,0
633021,0
633022,0
633023,0
3743331,0
633029,0
6113154,2
63097,0
1566799,0
5021511,0
33425,0
5086765,2
5043004,2
76346,0
1564794,0
5057178,2
6326245,0
5187900,2
37962,0
5101232,0
126012,0
126010,1
126011,0
126014,3
2982,0
126018,2
136636,0
606309,0
1569778,2
1569772,2
1569773,2
1569770,2
1569771,2
1569776,2
1569777,2
1569774,2
1569775,2
302997,0
5096766,2
5187643,0
383829,0
73119,0
551271,0
174968,0
234630,0
572145,0
89139,0
1571467,2
1571466,0
1150291,0
229472,0
394799,0
5096587,2
633414,2
1514458,1
616398,0
1083917,0
1568429,8
1568428,2
6318692,0
5021353,2
351411,0
544966,0
4890861,0
1568427,2
1568426,2
5184438,0
632618,0
614739,0
5184431,0
632964,0
308123,2
5172084,2
120621,0
5172086,2
632961,0
633569,2
633568,2
633565,2
633564,2
633567,2
633566,2
633561,2
633560,2
633563,2
633562,1
1571287,2
1571286,2
1571285,2
1571284,2
1571283,0
1571282,2
1571281,2
16580,2
1571288,2
5164941,0
21892,0
5074091,1
9264,0
16360,0
16367,0
87230,0
5021728,2
633239,1
5101790,2
5614163,0
5183850,2
563113,0
5030462,0
5183858,2
26267,0
153024,2
6036971,0
5173935,2
545587,0
9591,0
4959556,2
595932,0
63408,0
5185457,0
595934,0
1572484,2
1572485,2
1572486,2
1572487,2
1572480,2
1572482,2
1572483,2
1562795,0
4752193,0
5168926,0
488105,0
48322,0
5178227,2
86529,0
3214632,0
4638091,1
254744,0
455737,2
508836,0
3240,1
1540261,0
70758,0
71408,0
5070537,2
554637,0
92148,0
1568224,0
3302,0
1571384,2
1353227,2
331201,0
142426,0
3700477,0
87655,0
5171509,0
620472,0
5171501,0
5171502,0
5171505,0
4413145,2
1227,2
620,0
47674,0
5189484,9
15554,0
611047,0
2819756,0
5184220,2
5042676,2
1571253,2
1570709,2
1570258,1
1570705,2
1570704,2
1570707,2
1570706,2
1570251,2
1570702,2
117997,0
82380,0
6265098,0
629218,0
5057974,2
629212,0
629215,2
7569,0
1568962,2
5034786,2
1571618,2
1571619,0
286800,0
1571617,2
5183627,2
5183622,2
13894,0
1359156,0
16733,0
1572474,2
75403,0
5062845,2
617273,0
617276,0
1572470,2
1572259,2
77666,0
5127531,0
1572252,2
548980,0
1572254,2
1507914,0
1572256,2
386069,2
5058031,0
4645745,0
1572034,2
1572037,0
632399,0
1572033,2
1572032,2
97656,2
1572039,2
1572038,2
400783,0
3597696,0
11666,0
420693,0
35706,0
5185662,2
5185660,2
1570516,1
5181101,2
2843465,0
6035438,0
1570042,2
4526344,2
1570511,2
5982997,0
1570513,2
1538058,1
5033253,2
5185591,2
5185593,2
5185595,0
135887,0
5185598,2
5185599,0
618582,0
1761029,0
204327,0
621684,2
1573344,1
633048,0
633049,0
623821,0
623820,0
633043,0
629455,0
633046,0
537688,0
1569099,2
1569098,2
1569091,2
1569090,2
1569095,2
5016453,0
12316,0
627302,0
1562302,0
568115,0
33150,0
5053463,1
30179,0
569534,0
1569325,2
1569324,2
6102288,2
1569322,2
5187999,0
34915,0
531563,0
1128428,0
5184126,2
5192089,1
615174,0
604458,0
5169567,2
617911,0
611719,0
591892,1
562612,0
1354531,0
1568054,0
1568055,0
1568050,0
1568058,0
11066,0
34451,0
5096038,0
1712596,0
5096030,2
4080,0
1570066,0
525613,0
4063678,0
322143,0
66842,0
1571449,0
3487354,0
19139,0
19136,0
517485,0
540373,0
5179448,1
4189968,0
1568443,0
1568442,0
1568441,2
1568440,2
1568444,1
1568448,1
627940,0
5759653,0
1554252,2
581207,2
819671,0
632940,0
1569992,2
5188216,2
632946,1
632947,0
618499,0
5182470,2
3953721,2
5182477,2
5182474,0
1571879,2
28821,0
80737,2
1571914,2
1571913,2
1571911,2
1571910,2
23377,0
98711,0
632499,0
631294,0
5185489,0
4342585,2
92012,0
1568462,2
633379,2
7805,0
908299,0
277998,0
633376,2
5192039,1
15213,0
627967,0
633547,2
633546,2
633545,1
633544,2
633543,2
5187356,2
633541,2
633540,2
1519612,0
5173910,2
633549,2
633548,2
618117,0
57343,0
57345,0
116383,0
633621,1
6105351,2
28131,0
633723,1
1561399,2
4457920,2
4146187,0
6147684,0
1932,1
475837,0
5005590,0
58167,0
170829,0
5005599,0
1572127,1
1386477,0
4347404,2
1572121,2
5167317,0
470552,0
143865,0
20037,0
547641,0
1569006,2
5186963,2
6267357,0
41617,1
5092455,0
5171523,0
5171521,0
5171526,0
5171528,0
547397,0
601589,0
1219737,1
1347842,0
6123071,2
5079471,2
611060,0
630400,0
5042650,0
1570271,2
1570270,2
1570272,2
1571588,2
1571589,2
4371349,2
117603,0
1571584,2
1571586,2
1571587,0
1570181,2
1570180,2
1570186,0
1570184,2
1570188,2
4486991,0
26474,2
5187774,2
383988,0
5187779,0
201357,0
1569988,2
1570989,2
1570988,0
5025313,2
1570983,2
1570982,2
1570981,2
1569985,0
1570986,0
1569987,2
1570984,2
1571056,2
1571057,2
1571050,2
342961,0
1561217,0
1571059,2
1572231,2
1572230,2
1572236,0
1572235,2
1572234,2
497894,0
1572238,2
497892,0
5173270,2
567257,0
51204,11
73303,0
5849827,2
5155538,0
1571632,0
32621,0
1571630,2
1571631,2
1571636,0
1571637,2
1571634,2
1568589,2
1416395,0
1568587,0
16178,0
1571639,2
1568583,2
1574601,2
1568853,2
479144,0
1477173,0
17220,0
518182,0
13423,0
101426,0
5185600,2
5185601,0
5185602,2
5185605,2
5185608,2
5185609,2
581072,0
124326,0
5181125,2
1563806,0
5184955,2
5184953,0
20621,0
542130,0
601008,0
5010547,0
633064,0
633066,0
633067,0
633060,0
633062,0
633063,0
20955,2
20954,0
1563586,0
7344,0
467258,0
3902592,0
623803,0
1563588,0
5081719,2
501173,2
4542879,2
1564800,0
568427,0
5042466,2
5139793,0
432855,0
5140492,0
1562188,0
5047394,2
5170892,2
1281937,0
2946,0
2944,0
132749,1
2940,0
2488142,0
5065886,2
445544,0
633524,1
5190595,0
1490982,0
2374,0
631962,0
633528,2
8643,0
577460,0
572102,0
1570518,2
1570046,2
1570515,2
1570044,2
1570517,2
1570510,1
1570043,2
1570512,2
1570041,2
5017905,0
1311646,1
1439039,0
5184383,0
103655,0
5184388,2
25823,0
4230095,0
631319,2
60826,0
4530448,2
1277514,0
1568468,1
581264,0
612516,0
1568465,2
1568466,2
509375,0
631296,2
632922,0
632923,0
632920,0
632926,0
632927,0
4579370,0
4260624,2
1567582,0
632928,0
1567587,0
1567584,0
39274,0
527452,0
5259947,0
631038,0
1571939,0
1571938,2
1015103,0
42505,0
1571935,2
1571937,2
1571936,0
5023812,0
6668,0
5101635,0
6664,0
4926164,0
393265,0
4676336,0
1416562,0
32166,2
618687,0
833948,0
539896,0
1563805,0
622876,0
277976,0
6320033,2
633521,0
633520,0
633523,0
633522,0
633525,2
43904,0
633527,1
633526,2
614823,0
5011081,0
4291070,2
81222,0
5185415,2
3995483,0
342114,0
5185412,0
5185418,2
1563116,0
632210,0
632216,0
632218,0
350919,0
605068,0
633299,2
633298,2
623471,0
633293,2
633292,2
633291,2
633290,2
633297,2
633296,6
633295,2
633294,1
4592199,0
58106,0
5085358,2
3345415,0
1912,0
3283,0
2112,0
5104,0
4585645,2
143903,0
1937029,0
143909,0
10497,0
36397,0
36391,0
112283,0
14978,0
265440,0
4906049,2
14797,0
34864,0
1568586,2
629462,0
5006597,0
5168367,1
469900,0
604229,0
597824,0
4527933,2
3085321,0
5186942,2
345936,0
6868,0
6863,0
5171090,2
1568585,8
137913,0
664,0
15511,0
1570213,2
5083381,2
1570211,0
1570215,2
1570214,2
1570218,2
1572324,2
528669,0
5042635,2
34641,0
540238,0
548005,0
107305,0
548006,0
6112788,0
4345038,2
4340514,1
4531812,2
629252,2
5162620,0
4936108,0
5149305,0
1526548,0
5169576,2
607284,0
59979,2
434788,0
4651798,0
5169579,2
500218,0
411828,0
1140218,0
1487085,0
4424394,0
603050,2
1571034,2
1571035,0
1571036,2
5058806,2
4402238,2
801927,0
4818512,0
5047665,2
5058077,1
633305,2
1568877,2
1568872,2
1568873,2
1568871,0
623316,0
1568878,2
6160046,2
5046959,2
5153221,0
1496793,0
4519990,2
5186446,2
357444,2
5186443,2
5186442,0
632026,0
27326,0
27325,0
1571188,2
602900,0
1498999,0
4777094,0
4186243,0
2046421,0
386684,0
50464,0
618894,0
627168,0
627161,0
1522928,0
633086,0
203400,0
16462,0
1566081,0
1566080,0
1569059,2
357050,0
113347,0
10269,0
5065927,2
123421,0
5039600,0
1354909,0
468739,0
1566882,0
1566554,0
5019506,0
68450,0
5039247,2
4015416,3
275550,0
2962,0
5180908,2
536999,1
5378,0
556343,0
1071,1
626436,0
893536,0
620771,1
1560074,0
1560072,0
1560073,0
471272,0
50919,0
1560079,0
3137,2
1571987,2
631906,0
1570647,2
5096075,0
398237,0
68195,0
1568015,0
4136450,0
5153447,0
1570028,2
1570029,2
114568,0
66807,0
572123,0
4051198,0
1570024,2
1570025,2
1570027,0
533000,0
1144452,0
612732,0
5046183,2
372858,0
603343,0
1094581,0
3694195,0
410832,2
4595358,2
612534,119
5168542,0
500972,0
632909,0
462488,0
632901,0
1570536,2
4307532,2
1570534,2
1570535,2
4381651,0
5098336,2
1570538,2
1570539,2
1571953,2
1571951,2
1571950,2
1571957,2
1571772,0
1571955,2
1571954,0
292777,0
579660,0
1571779,2
579662,1
5172393,2
624103,2
428387,0
4420080,2
1569869,2
6288173,0
1569865,2
1569862,2
1569860,2
576174,0
32185,0
633208,2
181129,0
579406,0
5183836,2
5183833,2
12186,0
26207,0
1572057,2
633509,2
633508,2
633503,2
633502,0
633501,0
633500,0
633507,5
43430,0
633505,1
633504,0
5172939,2
17690,0
17695,0
17697,0
17699,0
1890,0
39931,0
4176301,0
71442,0
4396310,2
11721,0
623458,0
386765,0
2511265,0
97409,0
5085336,0
5181082,2
5181080,2
17070,0
36406,0
534347,0
6128473,2
9699,0
99141,0
9692,0
5187188,2
33322,0
1568244,2
1568247,2
33321,0
1568243,2
1568242,2
1414185,2
616942,0
4336535,2
415253,0
199189,0
5086825,2
1390384,0
138959,0
5175115,2
156212,0
99660,0
605955,0
1566940,0
29457,0
314478,2
1569269,2
18251,0
479615,0
5031740,2
621366,0
72166,0
5006314,0
475775,0
4064331,0
574140,0
399336,0
31670,0
493856,0
1570230,2
1612218,0
149419,0
318581,0
1570212,2
5038042,2
1569673,2
1568951,2
1569671,2
1569670,2
1569677,11
1569676,2
1569675,2
1569674,2
1569678,2
5070482,2
72811,0
1571261,2
5083387,2
640,7
5189426,2
28497,0
615683,1
5183649,2
1569128,2
1383830,0
1570491,2
1570490,2
1570493,1
1572469,2
1570495,2
4475613,2
1570497,1
1570496,1
5083507,2
1570944,2
73696,0
330397,0
276145,0
6063690,1
6272061,0
72345,0
6160281,2
1569121,2
1567930,0
1571012,2
1571013,0
1571010,2
1571011,0
1571016,2
1571017,2
1571014,2
1571015,0
633441,2
6193006,0
5070033,1
31896,0
5070039,2
623668,0
1568810,1
625994,0
51728,0
594541,0
5035837,2
1905202,0
468062,0
5080088,2
25018,0
616165,0
25015,0
5033092,0
75970,0
577327,0
413955,4
1093440,0
1570522,2
633318,2
633319,2
633316,2
633317,2
633314,2
481392,0
633312,2
633313,2
633310,2
633311,1
5174760,2
585628,0
5174764,2
5174768,2
1548133,0
1572093,2
1572092,2
1572091,2
1572097,1
1572096,2
1572095,2
5175603,2
1572099,1
1572098,2
323065,0
539426,0
1573327,1
564712,0
1569077,5
1569076,2
473129,0
459342,0
5184918,2
1569383,2
1569382,2
1569381,2
1566571,0
65230,2
49822,0
633207,2
49825,2
5185208,2
17483,0
1340418,0
271057,0
4307946,0
2908,0
21653,0
112981,0
124710,0
5169307,0
5169304,2
1572432,2
530712,0
5161323,0
1568381,2
1568382,2
554735,0
1568385,2
1564710,0
33869,0
5175585,0
5175580,2
5175582,2
1568039,0
5175588,2
4985502,0
2583915,0
4520056,2
589386,0
5103744,2
5184346,2
4341072,1
876009,0
5184341,2
5102298,2
1689756,0
59046,0
186579,0
186578,0
614403,0
5075655,0
630785,0
25863,0
630034,0
631258,0
631255,0
2502139,0
1567891,0
109634,0
5172003,2
1567895,0
1567894,0
1567549,0
1567896,0
446217,0
5099195,2
1040165,0
1567540,0
422993,0
12577,0
1570550,2
1570551,133
1570552,0
1570553,0
1570554,0
630252,0
1570008,2
1570009,2
1571753,2
1571979,2
1571978,2
1571757,0
1571756,2
1571207,2
1571206,2
1571205,2
1571204,0
1571202,0
1571973,2
1571972,2
88777,0
111518,0
1567097,0
5105747,1
633404,2
629991,0
632814,0
1569808,2
1569809,0
1085572,0
304216,0
1569800,2
240707,0
377930,1
498005,0
1569807,2
19558,0
489587,0
21013,0
632783,0
615464,2
1557754,0
633816,1
603719,2
632938,1
5162513,0
632527,0
2713,0
1572408,2
1572409,2
1572404,0
633147,0
1572406,0
1572407,2
1572400,1
1572401,1
1572402,0
1572403,0
11708,0
1164122,0
11701,0
11702,0
122633,0
4505911,2
1488075,0
5141,0
4551431,2
3085108,0
6035645,0
1562601,0
5056456,2
633125,0
4286532,2
633127,0
633126,0
633120,0
633123,0
6053211,0
633128,1
20504,0
20505,0
7243,0
1346327,0
622523,1
414905,0
6824,0
626063,0
4015620,0
637955,2
1276999,0
436345,0
5032282,2
1566965,0
1566962,0
1569243,1
1569241,2
14933,0
14934,0
5082169,0
1564035,0
1564038,0
5180001,3
475798,0
1564520,0
1564521,0
44088,1
4917550,0
1572255,2
5175134,2
5175130,2
5175139,2
47411,0
585198,2
4985243,0
6265019,2
1555845,0
89322,45
883859,0
585196,0
507448,0
5142178,0
9867,0
1572257,2
472369,0
628883,0
5102190,2
600290,0
1570968,2
1998803,0
1448490,0
13816,0
1570963,2
615690,2
1570964,0
1570967,0
1570966,2
5189662,2
5189661,2
28164,0
1571560,2
542692,2
1571568,2
1571569,2
34684,0
6122280,2
1570613,2
1570612,2
1570611,2
1570610,2
4458094,2
217460,0
11556,0
623609,0
577101,0
533638,2
1571691,0
1571692,2
1568839,2
1568528,2
1568529,2
1571697,2
1571698,2
1571699,2
625469,0
1568836,2
1568837,2
1568522,2
1568523,2
1568740,2
5166201,0
1568741,2
5182577,0
5182576,2
2234658,0
5186402,2
631444,0
5186406,2
5186405,0
5186408,2
5172741,2
4517882,2
198926,0
1567378,0
1534994,0
5201610,2
633338,2
633339,2
1573128,2
633331,1
633332,2
633333,2
633334,1
633335,2
633336,2
633337,1
16263,0
5174745,2
198829,0
55828,0
5140081,0
512866,0
5892,0
1569013,2
1569012,2
9261,0
1569010,2
1569017,2
1569016,2
1569015,2
1569014,2
982,0
1569019,2
587360,0
587363,0
1083117,0
63032,0
63036,0
5030619,2
600902,0
5101507,0
1510267,0
5030612,1
488577,0
5184930,2
5184932,0
1552865,0
5187919,2
428914,3
618363,0
5187912,2
5187910,0
5187916,2
5187917,0
5187914,0
1547549,0
226134,0
21597,0
5185225,2
5185222,2
6235664,0
5161526,0
75047,0
4463982,2
5186444,0
5660595,2
2925,0
604106,0
600596,0
1568604,2
5169325,0
1556185,0
554713,0
633542,2
347584,0
1564735,0
13040,0
4340615,2
1564732,0
4866104,0
5070789,2
33513,0
30887,0
18048,0
35197,0
421996,1
20241,0
20242,0
633511,2
468703,0
1162,0
21222,0
3656244,0
629014,2
630018,0
620731,0
1568855,0
5160077,0
630015,0
3277886,0
8553,0
1567561,0
5184497,2
629179,1
630278,0
1570578,2
1570579,1
50422,0
1567741,0
1567743,0
576426,0
1571732,0
1571735,2
1571734,2
1569822,0
1569826,2
1569827,2
1569829,1
872815,2
4220003,0
5192709,2
5058110,2
4730,0
4655260,0
4738,0
558862,0
154096,0
1568995,2
1568994,2
5856,0
1568996,1
1568991,2
1568990,2
1568993,2
1568999,2
1568998,1
354677,0
4492740,0
1572426,2
1572424,2
1572425,0
1572422,1
408029,0
1572420,7
1572421,2
632509,0
5172973,2
1572428,2
166802,0
2224505,0
605778,0
632323,0
4865134,2
5051843,0
581171,1
7880,0
364950,0
246400,0
4344377,2
578711,0
104,0
1408279,1
36447,0
21291,0
46315,0
4572896,0
6320949,2
6336584,0
5181225,2
633108,0
633107,2
633106,0
5113296,2
633100,0
5094837,0
12234,0
12232,0
552382,0
384158,0
5086863,2
6803,0
4943541,0
2205375,0
571198,0
1569225,2
584733,0
4372420,0
4165953,0
629045,0
6308484,0
4425350,0
1203347,0
607731,0
888825,0
32309,0
397259,0
1568174,0
1568173,0
28367,0
1568170,0
4071502,0
4097933,0
1570902,2
1570901,2
1570900,2
1570906,11
1570905,2
1570904,2
1570908,2
1571500,0
1571501,2
1571502,2
5027729,2
1571506,2
1571507,2
1571508,2
1571509,0
3256842,0
529196,0
1570631,2
1570630,2
1570633,2
110546,0
1570635,2
1570634,2
1570636,2
1492764,0
35208,0
1568506,2
1568504,2
1568503,2
5027890,2
5992,0
5999,0
616297,0
616294,0
598213,0
51273,0
1401853,0
529998,0
355115,0
22278,0
5182551,2
5186424,0
5186427,2
1214420,0
5167930,0
198949,0
4465911,0
1536578,0
4371036,2
39009,0
448827,0
444829,0
603964,0
240618,0
16240,0
1515042,0
618320,0
26482,0
5183791,1
5050251,2
5147346,0
4115824,0
1569543,2
5057202,2
31499,0
1569039,2
1569038,2
1563057,0
4519355,2
5057208,2
1569034,2
1569037,2
582192,0
1569031,1
1569032,2
617653,0
5076592,2
619961,0
4009877,0
633352,4
633353,2
633350,2
633351,2
633356,2
633357,1
633354,2
633355,2
633358,2
633359,1
1556741,0
1001934,0
5170625,2
5017767,0
16493,0
622283,0
568879,0
622754,0
628700,0
54989,0
622759,0
936928,0
1568348,2
1565229,0
1979980,0
1568343,2
614076,0
469862,0
113892,0
582334,0
4835041,0
582339,2
1565045,0
20269,2
421202,0
270948,0
5064098,2
1347103,0
4195205,0
495717,0
340289,0
4281841,2
1353757,0
611166,0
109456,0
629032,2
630076,0
72711,0
1567500,0
1567505,0
629157,2
177805,0
629154,0
8537,0
6221213,0
630294,0
95201,0
4170158,2
4251163,2
4530220,0
570831,0
4242361,0
5162730,0
77293,0
69402,0
4289,0
5052660,2
5185879,2
5185878,2
28641,0
212579,0
469896,2
1566957,0
5183323,2
632744,0
632745,0
632742,0
1569275,2
388,0
119447,0
1571243,1
1571714,0
1571717,2
1571716,2
16015,0
1571710,0
1571713,2
1571244,2
1568977,2
1568976,2
1568975,2
1571248,2
11296,0
1571718,0
5487711,4
1568970,2
1572440,2
1572442,2
1572443,2
1572445,2
1572446,2
1572447,2
1572448,2
632563,0
7860,0
13522,0
13523,0
4631,1
13521,0
13529,0
11743,2
11748,3
1106179,0
7868,0
93347,0
627627,0
454790,0
13292,0
1556683,0
572402,0
1571867,2
1571864,2
1571863,0
1571862,2
1571860,2
80179,0
1571869,0
1571868,2
5172957,2
5185495,2
5185497,2
4120106,2
612156,0
20095,0
633169,0
633168,4
633161,0
633160,0
633163,0
633162,0
633165,0
613401,0
633167,0
633166,0
1563999,0
1475787,0
5173326,2
3925550,0
622562,0
6229,0
535109,0
90113,2
237188,0
1566920,0
367354,0
1566927,0
1566252,0
1414345,0
4619086,0
426091,0
8853,0
5170146,2
4428811,0
5176667,2
71995,0
1120744,0
5174809,0
5174803,2
5169280,2
452636,0
5075284,11
4413545,2
4545498,2
5110276,1
91767,0
1568150,0
1568153,0
1568155,0
615233,0
1568157,0
1568156,0
1568159,0
1571277,2
4165975,0
394611,2
16201,0
1570389,0
1570921,0
1570920,2
1570922,2
584316,0
1018974,2
455965,0
1571529,0
5906525,2
5045816,2
1571520,2
625133,2
6327721,2
115261,0
1497046,0
5177202,1
1514993,0
1568566,2
1568567,2
1568568,2
503380,0
4461163,2
613392,0
613393,0
544885,0
1571388,2
1571386,2
1571387,0
5167952,0
1571385,2
1571382,2
1571383,2
1571380,0
1571381,2
5188175,2
5188177,2
1522547,0
1567330,0
25360,0
629838,1
5749640,2
1569783,0
5047374,2
9979,0
2549073,0
956373,0
5094466,2
1529370,0
1563665,0
1524254,0
458582,0
366188,0
561856,0
4542629,2
293453,0
358081,0
5165779,0
506434,0
1566001,0
1566004,0
5057224,2
5030652,19
535593,2
1572382,2
1572381,2
1572380,1
1572386,2
1572384,2
633378,2
5165557,0
201880,0
633374,2
633375,2
5187352,2
633377,1
633370,2
633371,2
633372,2
633373,2
415806,0
58045,0
1558766,0
1558761,0
342388,0
52565,0
1572126,1
1572125,0
1572124,0
1572123,1
1572122,2
5049,1
1572120,2
1572129,0
1572128,2
575019,0
9514,0
4497469,2
1568366,2
58225,0
1568360,2
1568361,2
197798,0
628720,0
895188,0
1568368,2
1568369,2
586816,371
4340387,2
254130,0
5186001,2
125389,0
1553156,0
33551,0
584410,0
5178165,2
451530,0
467857,0
59570,0
889786,0
1569417,2
1569415,2
5075633,0
537202,2
630050,0
1569419,2
1569418,2
1500128,0
6312856,0
5096618,2
76239,0
1567520,0
1567831,0
1564330,0
1564332,0
1564336,0
360117,0
1374913,0
1569578,1
35906,0
1569577,2
1569571,2
1569572,2
23066,0
1634260,0
16686,0
136128,0
543842,0
5187636,2
5187634,0
624187,0
591947,2
4466528,2
5070650,1
5162718,0
2546476,0
5116831,2
317872,0
23393,0
612535,0
611851,0
632764,2
5187892,0
468494,0
31953,2
86257,0
468491,2
5187181,2
5034779,2
5049816,2
5390624,2
5172456,2
55652,0
1571269,2
1571268,2
4341363,2
19025,2
1568950,2
1571267,2
1571266,1
32273,0
1571263,0
1571262,2
1572468,2
56650,0
1572463,2
1574045,1
4109991,0
1572467,2
1572464,2
1572465,2
352967,0
5100168,2
13504,0
13505,0
1563202,0
2671372,2
1384532,0
1570537,0
628622,0
4396390,2
5184723,2
81396,0
86875,0
153115,0
20700,0
5011687,0
1571850,2
633499,0
633498,0
1571004,0
633491,0
633490,0
633493,0
633492,0
633495,0
633494,0
633497,0
633496,0
1571841,2
1571840,2
1571842,2
32412,0
632817,0
448185,0
4440620,0
632812,0
632813,0
632811,0
5189654,2
632549,0
633142,1
633141,1
2716,0
633146,0
633144,0
5168388,0
633149,0
633148,0
800752,0
29562,0
7955,2
1571774,2
1013707,0
1571773,0
10344,0
223614,0
1571771,2
1571770,2
121294,0
6242751,1
4286755,0
9700,0
1571778,2
1566270,0
543219,0
5104219,2
824,8
5042690,2
615286,0
5186397,2
5175196,2
36298,0
5169264,2
5169266,9
788289,0
508906,0
5076837,2
5076830,2
14339,0
1568139,0
1568138,0
1568137,0
1568135,0
4636909,1
175990,0
5176648,0
1570419,2
1292332,0
35062,0
5078473,9
625116,0
900424,2
337473,2
631846,2
188147,0
5938069,0
5053591,2
93911,0
339364,0
606423,0
616706,0
240726,0
1569866,2
511646,3
5099580,2
2346617,0
5099589,2
1568545,2
11,304
1527085,0
627842,0
4991973,0
11290,0
406470,0
1567310,0
629858,0
2137798,0
1570675,2
1570674,2
1570677,2
1570676,2
1570670,2
1570673,2
35240,0
1571104,0
1571105,2
1571106,0
1571100,2
1571101,2
1571102,2
1571103,2
19259,0
5171548,2
354205,1
215377,0
411918,0
5011761,0
1476598,0
200003,0
5164666,0
799352,0
1572100,2
1572102,2
1572105,2
1572104,2
1572107,2
1572106,2
1572108,2
4100172,0
13318,0
13311,0
13310,0
13313,0
1566063,0
1566062,0
1566060,0
1566064,1
582156,0
587307,0
926,0
1772520,0
58791,2
106699,0
5181617,2
5218575,0
36125,0
582488,0
459708,0
354148,0
9392,0
9390,0
633506,2
18572,1
565519,2
15124,0
384257,2
34291,0
39541,0
629072,0
4473347,2
1569433,2
493975,0
1569435,2
1569434,2
1569437,2
1569439,2
7156,0
5053730,0
5064120,2
5101360,0
585218,2
76254,0
1569556,0
532948,0
1569552,2
1569553,2
1569550,2
1569551,2
1564356,0
1564355,0
1569559,0
5039261,2
1570082,2
154957,0
1452,3
2241883,0
5189815,2
5065901,2
383538,0
1569883,0
1570887,2
385072,0
4583211,0
1570888,2
653947,2
562763,0
4855685,0
628302,0
291437,0
291436,0
5189104,2
630967,0
624960,1
1568931,2
1568930,2
5186622,2
1568935,2
5186620,0
89204,0
5040836,2
89206,0
1568938,2
449879,0
5186629,2
19008,0
5156843,0
2995631,0
5100185,0
618935,0
5186562,2
536494,2
632700,0
4294469,2
594287,0
492835,0
631618,2
627044,0
3694827,0
632834,1
632836,2
632837,0
17368,0
10321,0
10320,0
10322,0
633619,1
10326,2
10329,0
4464834,2
1378793,0
1570125,1
5140258,0
1021610,0
1569692,2
4526225,0
1564905,0
5180885,2
5180887,2
4764609,0
9720,0
1569696,2
5185544,0
1566211,0
5961936,0
5185548,0
845,0
1948187,2
33383,0
8892,0
5113275,2
1569438,0
41326,0
4463828,2
604511,0
5032660,2
5169248,2
353169,2
554490,0
1242604,0
1523512,0
5070469,2
1568111,0
1568112,0
58581,0
3834573,0
5184147,2
5046201,2
371131,0
5176625,2
4985577,0
5155265,0
1560867,0
3918242,0
5086957,2
1388451,0
23740,0
631376,0
291313,2
125155,0
5099567,2
1569557,0
1575113,2
1570472,2
1570471,1
1570470,2
95383,1
19491,0
5373728,0
95247,0
1566894,0
8301,0
10299,0
458630,0
458631,0
1567660,0
4332598,2
1570605,0
56404,0
629305,0
1568245,2
4252372,0
1569558,0
5003835,0
617057,0
1568246,2
19278,1
1571129,2
1571122,2
16776,0
1571121,0
2915049,0
1569960,2
69259,0
1519282,0
616187,0
17518,0
615564,1
1551507,0
1572349,2
1572348,0
1572347,2
1572346,2
1572345,0
1572344,2
2469442,2
633841,1
2546,0
5187396,1
57207,2
472099,0
444888,0
58008,0
196826,0
4759679,1
1572698,1
222713,2
1572163,1
1572167,1
1572166,2
1572164,0
906,0
1572294,2
1969403,0
152419,0
27907,0
1566042,0
1568328,1
1562218,0
1565534,0
1568323,2
1572292,1
1568327,2
1568324,2
1568325,2
633266,1
633267,2
633264,2
633265,2
633262,2
633263,2
4692589,0
633261,2
633268,2
633269,1
113380,0
133669,2
6201527,0
1568046,0
517430,0
1569183,2
574366,0
475384,0
627563,0
5079269,2
3688971,0
630763,0
1542296,0
295354,0
123311,0
107149,0
1569459,2
1569453,2
1569452,2
1569450,2
1569456,2
537247,0
1569454,2
1694,0
261594,0
33590,2
360150,0
1564373,0
30027,0
1569535,0
1569536,0
1569539,2
24241,0
2087968,0
6117506,0
1562761,0
630180,0
31192,0
615778,0
4224,0
1570866,2
1570867,2
5189124,2
5189126,1
20,4
5189123,2
5185893,2
1786939,0
1567873,0
1567872,0
1567871,0
1567870,0
630986,0
5098225,0
630981,2
1569260,2
43343,0
5177389,2
13685,0
1568919,2
4369571,2
7850,0
1572072,1
5192524,2
5169744,1
4341326,2
244550,0
999534,2
95548,0
592983,2
64760,2
1549364,2
5157775,0
181650,0
632725,0
633459,2
633458,2
633455,0
592670,1
633457,2
633456,1
633451,2
633450,2
633453,0
633452,0
1571804,0
1571807,0
1571801,2
1571800,0
80667,0
1571802,0
1571808,2
328487,0
5164876,0
4908863,0
632588,0
632852,0
632853,2
632584,0
632854,0
1566457,0
10309,2
510986,0
1573772,2
5185385,2
5185384,2
1562511,0
627798,0
283818,0
26134,0
180,4
26131,0
20839,0
614919,0
1566230,0
1566114,0
5186625,0
4302521,2
5185560,2
5185564,2
5185566,2
5870085,0
4884623,0
4930290,0
5175597,2
865,0
633187,2
633186,2
5173733,2
633184,0
633183,1
12134,0
633181,1
5173736,2
5173739,2
1568939,2
633189,2
633188,2
108645,0
5029611,0
6119895,0
4126043,0
5169229,0
412102,0
114097,1
477051,0
18304,0
4916190,0
5070444,2
37289,0
14379,0
92700,0
533976,0
33900,0
5189351,2
14377,0
1569109,2
4426839,0
20302,5
91757,0
5176609,2
2288942,0
1146478,0
591374,0
5155992,0
5176607,2
549155,0
625154,0
5002102,0
5168172,0
1566624,0
560363,2
466973,0
34484,0
15420,0
15359,0
1567463,0
2964209,0
1561603,0
5075199,2
574091,0
92483,0
1583200,0
1570450,2
1570321,0
1571329,2
1571498,2
234112,0
32884,0
1571325,2
1571494,2
1571495,2
1571492,2
1571493,0
1571490,2
1571491,0
4465449,2
6701,2
6703,0
373171,0
8322,3
4468452,0
39080,0
1571140,2
1571141,0
1571142,2
1571145,0
1030816,0
4542684,0
5058277,2
26302,0
461298,0
631137,0
631138,0
1451297,0
632110,0
448202,0
4533716,2
21877,0
1571625,2
1572361,0
1572360,2
1572363,0
1572362,2
1572365,2
1572364,1
1572367,0
1572366,2
2562,0
633862,1
1568494,2
520983,0
1568496,2
292568,0
1568491,0
1568492,1
1568499,2
230967,0
1572145,2
5028,0
1572147,2
1572146,2
1572141,2
1572140,2
1572143,2
4344214,2
1572149,2
1572148,2
5026,0
240067,0
13358,0
1984206,2
4847989,1
36255,1
6321310,2
345259,2
5070488,2
376838,0
618070,0
4200691,2
4046447,0
594637,0
5061440,2
633240,2
633241,2
633242,2
633243,2
633244,2
352526,0
633246,2
633247,2
633248,2
633249,2
4394938,2
4573778,2
6188553,0
5174144,2
5174148,2
453860,0
46734,0
343090,0
2684850,0
512174,0
39647,0
39644,0
561140,0
1063548,0
1063546,0
574305,0
1063542,0
5184925,0
473742,0
1562234,0
58934,0
1290233,0
627589,0
33756,0
6301976,0
600620,0
7110,0
432495,0
7114,0
7119,0
29199,0
1354619,0
49935,0
4554731,2
1674,1
4486251,2
1672,0
30041,0
252003,0
1569519,2
5087186,2
5187827,2
1569511,1
209821,0
5963154,0
1546321,0
463514,0
463518,0
76071,0
1247113,0
1570846,2
1570845,2
1570840,2
1570849,2
4955737,0
1570946,2
5058463,2
2586146,0
13917,0
4322500,2
3903751,0
631839,0
1568708,2
1567859,0
103477,0
1567856,0
106951,0
4541161,2
1567853,0
1567852,0
309,9
1570150,2
1570151,2
4609344,0
5685349,2
1568649,0
1568648,0
598338,2
1571799,2
19047,0
1424118,0
1571791,2
1568644,0
1568647,0
1571792,1
632912,0
61044,1
613012,0
2779,1
4795951,0
6229295,0
12564,82
23955,0
5195452,1
5184743,2
1255346,0
401196,0
5098328,0
1571019,0
486970,0
1566800,0
791053,0
1045045,0
16182,0
972764,0
2042430,0
5186296,2
632876,0
255842,0
97758,0
12740,2
7282,0
6136567,0
1563915,0
1572119,2
1571766,2
52554,0
1571767,0
5185369,2
5185360,2
5104413,2
4566262,2
1466221,0
1572113,2
20818,0
633476,0
633475,0
633474,0
5144687,0
633472,0
633471,0
633470,0
1559115,0
633479,0
633478,0
4411492,2
1569288,2
1569289,2
6267,0
1569282,2
4515195,2
4520434,2
1569286,2
1569285,0
5185508,2
5185503,2
1558604,0
5185500,2
166979,0
3429,2
3423,0
3425,0
5070800,2
605422,0
597978,0
1548251,0
554453,0
4126203,0
36061,0
5023785,8
4664177,0
3890320,0
71004,0
900958,0
1566079,0
17917,0
421544,0
41498,2
272663,1
34932,0
601255,0
587994,0
542988,0
543637,0
4238224,0
4409547,2
5415711,3
355608,3
561354,0
5093786,2
178569,0
6203075,2
532539,0
26751,0
630538,0
1570309,2
1560827,0
5093167,2
1570301,2
1570300,2
1570303,2
4604914,0
373150,0
20109,0
106935,0
189787,0
307178,0
1569708,0
2141219,0
1569704,1
19527,0
632687,0
632689,1
3465,0
461635,0
630828,0
1456261,0
4420258,2
4070,2
5149291,0
3967,0
616163,2
1572303,2
4014768,0
1572307,0
1572306,2
632469,0
1572304,1
35404,0
605639,0
6313228,2
6317024,0
12194,0
5070327,2
1571162,2
19231,0
1571161,0
1571166,2
1571164,2
1571165,0
1571168,2
1571169,0
3220660,2
184918,0
4424823,2
4257567,2
4295092,2
560987,3
2320554,0
24872,0
24870,0
608872,2
4483958,0
633228,2
633229,2
2046064,0
633222,2
633223,2
633220,2
633221,2
633226,2
633227,124
633224,1
633225,2
5232701,0
5186089,0
5094973,2
5186085,2
4411068,1
5010474,0
5085038,2
799330,2
5076247,2
517474,0
4289740,2
36984,0
5185190,2
5185191,0
5021469,2
4091620,0
566759,0
4542946,0
1562708,0
33000,0
8974,0
5054401,2
851791,0
1569496,3
7132,0
149555,0
5053757,2
1352289,0
5197749,132
607943,3
633315,2
4564793,2
265926,0
5179616,2
1436,0
600447,2
5189708,0
28007,0
5167653,0
38781,0
68540,0
1570820,2
1570824,2
3700,0
4428029,2
38253,0
6019910,1
1568724,2
1568725,2
1568722,2
540443,0
8597,0
4616148,0
1570176,1
1570177,2
1570174,0
4637803,2
1570173,2
1571088,2
1568623,2
1568622,2
1568621,2
5897,0
132758,0
5186648,0
1536355,0
5183039,2
22335,0
2381580,0
5182610,0
1356568,0
5182615,0
1060611,0
296538,0
2282737,0
624717,0
406604,0
386540,0
1567168,0
5045433,0
561933,0
632897,0
632894,0
632895,0
632893,0
1569936,2
1569937,2
1569931,2
1569933,1
1569938,5
1569939,0
224319,2
5173,0
1475761,0
579510,2
5185348,2
627288,2
632099,0
2841550,1
633411,2
633410,2
633413,1
633412,2
633415,2
498356,0
633417,2
633416,2
633419,2
633418,1
26173,0
2241,0
5185527,2
5185520,2
5185523,2
507986,0
596311,0
75630,0
149764,0
60597,0
172023,0
1573913,1
33491,0
176794,0
181384,0
1571663,2
1568888,2
1571665,2
5161147,0
1571888,2
626088,0
20692,0
4697164,0
20696,0
20694,0
1571885,2
1621824,0
1553677,0
112155,0
18617,0
5176628,2
5181446,2
1568885,2
1571882,2
5795082,0
2607670,2
146259,0
5174201,0
50902,0
360297,2
15649,0
630331,0
495232,0
156476,2
1486930,0
1358,0
5038360,2
6959,3
5101246,2
15464,0
15466,0
5456078,0
39337,15
5031564,2
617989,0
5042706,2
590313,2
373132,0
9063,0
792328,0
461387,0
1569387,2
502589,2
110582,0
5070771,2
632985,0
1571018,2
1569725,1
468860,0
457315,0
3186,0
5189060,2
5189061,2
1921322,0
1564347,0
53495,0
632665,0
632664,0
5184459,2
632660,0
5166511,0
1570585,2
567966,0
5083410,0
1570582,2
1570581,2
1570580,2
69948,0
3103118,0
5095281,2
4018,0
603126,0
361651,0
1571365,2
19435,0
5028196,2
1569977,2
633583,2
1572329,2
1572328,2
448713,0
1572320,2
1572322,2
5033732,2
577610,0
404830,3
397735,0
633585,2
633584,164
5184466,2
617564,0
494469,0
65622,0
1571184,2
1571185,0
1571186,2
1571180,2
1571181,0
1571182,2
1571183,2
6235863,0
4223282,0
4490481,2
1572187,2
542357,2
36215,0
5182158,2
1571984,0
1571985,2
1571986,0
6228460,2
1571980,2
571814,0
5186317,2
7253,8
1571988,2
5186311,2
544970,0
24856,0
24857,0
633204,2
633205,1
633206,1
2474,0
633200,2
633201,2
633202,2
633203,2
4414947,0
1556161,0
633209,2
1563896,0
510355,0
254190,0
1563899,0
1563898,0
218213,0
117316,0
5445629,2
1002736,2
5025812,2
1573588,1
374724,0
444109,2
1569129,2
9318,1
1569127,2
1569125,2
1569123,2
1569122,2
9311,0
610755,0
5021489,2
62850,0
619344,0
1562273,0
5001226,0
4394340,2
1564600,0
1564605,0
5921631,0
3210,0
1223576,0
1546308,0
4461598,2
5179637,2
4591808,1
528496,0
5025743,2
1494006,0
4109001,0
487755,2
1186,0
3371,0
1222551,0
34219,0
5079974,2
31685,0
1570776,2
1570777,2
628389,0
1568748,1
1568749,1
46,4
1557612,0
1568742,2
1568744,2
256608,0
1568746,2
5176050,2
5171553,2
591473,1
5171550,1
4286279,2
1570118,2
1570119,2
31351,0
1570111,2
5065891,2
1568603,2
6546,0
27757,0
6548,0
5185871,0
206903,0
4991859,0
5188586,2
1568383,2
613057,0
1558865,0
5172110,2
297346,0
286163,2
2971631,2
343,0
1571647,2
1571646,0
1571645,2
1571644,2
1571643,0
1571642,2
1571641,0
1571640,2
1571649,2
1571648,2
5076219,2
98488,0
1569918,2
240616,0
1569917,2
5187780,2
5187785,0
5185322,0
5185321,2
5185320,0
579577,0
5183940,2
424901,0
5183948,2
1496352,0
26153,2
59913,0
633439,2
633438,2
633433,2
633432,2
633431,1
633430,2
633437,2
633436,2
633435,2
633434,2
348607,0
622380,0
513127,0
618575,0
5861551,2
5022748,2
1572047,0
1494586,0
1572041,0
56406,0
1572048,2
17875,0
4818,0
5157689,1
535236,0
1574268,1
58677,0
569810,0
1571336,0
1566631,0
237147,0
1566296,0
1566297,0
345408,0
340438,0
1568196,0
5113588,2
4301800,0
1524714,0
5180031,2
4412763,2
5171492,2
1564297,0
1569354,2
1569355,2
1569356,2
1569357,2
1569350,2
1569351,2
1569352,2
1569353,2
1569358,1
1569359,1
630643,0
5057148,1
5007353,0
4491641,0
1571120,2
5141628,0
1564472,0
1564470,0
5093129,2
4836627,0
4542371,2
6233234,0
8385,0
1569742,2
1569741,2
4195142,0
1569744,0
1569749,2
5070759,1
1514955,0
5038342,2
1374,1010
5065133,0
1503806,0
5183779,0
5183773,0
1575088,1
630863,0
344052,0
5748003,0
4651392,2
631198,0
5184344,2
1571348,2
1571349,2
1571343,0
521235,0
19145,0
1571344,2
1571345,2
629929,0
5070363,2
565957,0
145103,0
1598432,0
1565913,0
1869867,0
632646,0
632643,0
632642,0
5184446,2
5184448,2
4082474,2
611959,0
632649,0
633594,2
633595,2
633596,1
633597,2
633590,2
633591,2
633592,2
633593,1
633598,1
909246,0
631730,0
515873,0
351586,0
633014,0
7,12
632420,0
5168409,0
5172304,1
1573074,1
2458,1
633777,1
927018,0
194008,0
4459630,2
7854,0
1618028,0
588565,0
4556192,2
1317913,2
537711,2
10408,0
70721,0
1573259,2
1045553,0
3262380,2
1569100,2
1294330,0
1569104,1
75267,0
491663,1
37013,0
5053535,0
5184860,0
349231,2
4914749,0
5178219,2
62875,0
624516,0
137075,0
5958256,0
3233,0
3230,0
6109699,0
3235,0
546492,0
3239,0
1960,0
621716,0
6128199,1
1571838,2
2877,0
5187889,2
5187885,2
5083155,2
5065304,2
479686,0
5165593,0
529565,0
1567892,0
1467706,0
5150621,0
626295,0
109631,0
626296,2
5079915,0
5172005,2
385509,1
330054,2
571944,0
381086,1
1568769,2
4541109,0
954275,0
1570483,2
1570953,2
916126,0
5186684,2
5078536,2
550859,0
1571085,0
1571087,0
1571086,2
1571081,2
1571083,0
1571082,2
1571089,0
815108,0
78872,0
78877,2
594794,0
279231,0
5058792,2
115877,0
145350,0
1570136,1
1570137,2
1569688,2
1569686,2
1569687,2
1569684,2
1569685,2
31379,0
1571661,2
1571660,0
1568889,2
1571662,2
1571889,2
1571664,2
5219126,2
1571669,0
1571668,2
1571887,2
1571886,0
1571883,2
4267894,2
6178,0
1571573,2
12720,0
35749,0
486480,0
5185900,2
5566671,0
5185657,2
5185653,2
4201084,2
5185650,0
1572283,2
1572280,2
1572281,2
1572286,2
1572284,2
1572285,2
1572289,2
1571754,2
81352,0
626901,0
4223385,0
204715,0
5011136,0
5026711,2
571468,0
489436,0
556732,0
2828594,0
1571201,2
1572068,2
1572066,2
1572064,0
1571200,0
1572062,2
1572063,0
1572060,0
1572061,0
555182,2
1340597,0
1563464,0
579558,0
623505,0
622109,0
363079,1
1571231,2
222161,0
1446058,0
626599,0
15936,0
146073,0
30989,0
1460804,0
5101678,2
2252942,0
1091724,0
618809,2
1563683,0
15938,2
4973391,0
1562157,0
633015,0
5163933,0
633016,0
633011,0
459422,0
633019,0
633018,3
5178027,2
248322,0
523484,0
418120,0
1568827,2
1043655,0
311553,0
1255383,0
174208,0
5057167,2
407340,0
1566813,0
1376346,0
30763,0
15931,0
6999,0
532594,2
5035457,0
6997,0
8147,0
630599,0
331510,0
1784552,0
2990,0
50277,0
5041060,2
47834,0
633260,1
40438,0
1569768,2
580165,0
40437,0
613971,0
5070736,2
106894,0
575497,0
5038322,2
394502,0
1394,0
147833,0
50983,0
51055,0
1571414,2
19160,0
51052,0
1571411,2
132478,0
6318578,0
1567687,0
576527,0
2806964,2
5070344,2
3011530,0
1568410,2
1384650,0
632992,0
632990,0
632996,1
5184423,2
632999,0
5184420,2
241958,1
626786,0
633578,1
633579,2
633576,1
633577,2
633574,7
633575,2
633572,2
633573,2
633570,1
633571,2
1170802,0
866418,0
608812,1
366343,0
5164956,0
1569769,2
632190,0
580167,0
550620,0
623199,2
2436,0
16823,2
5094990,2
19839,2
6341,0
1566647,0
1566649,0
1566648,0
10176,0
135794,0
4371555,2
4059906,0
1804,0
1564092,0
4105259,0
449950,0
1809,0
4990,0
5178231,2
622445,0
113458,0
510704,0
1758299,0
412043,0
157137,0
632253,2
90724,0
5202951,2
4327950,0
5113486,2
630118,0
5070503,2
917501,0
1565662,0
1562818,0
5169470,1
5025309,2
20040,0
4370975,2
1516903,0
285610,0
78740,0
1571264,2
3880980,0
803485,0
4194166,2
521086,26
1568780,1
5056191,0
1568783,2
540425,0
5171518,0
5083136,0
5171513,0
5171511,0
5171516,0
1542497,1
792123,0
382770,0
136019,0
359210,0
8286,0
8288,0
497601,0
6500,34
1570730,2
31170,0
620646,0
3561566,0
1570734,2
1570735,2
1570736,2
1570737,1
3694577,0
5043085,2
1571064,2
1571060,0
1567230,0
476358,0
5568649,2
7559,0
35878,0
4541520,0
581951,0
341447,0
1571412,2
464329,0
1569953,2
1569950,2
1569951,2
1569956,2
1569957,2
1569954,2
1569955,2
1569958,2
1569959,10
4211523,2
1566704,0
1462987,0
5011114,0
1572268,2
5137385,2
1572264,2
1572265,2
1572260,2
353824,0
1572262,2
5011119,0
240962,0
5165490,0
1,0
386072,2
5169582,2
603315,0
17507,0
389953,1
632387,0
1572008,2
1572009,2
1572002,2
1572004,2
1572006,2
1572007,2
5184177,2
5182581,0
1566120,0
1566121,0
27950,0
1565475,0
1565476,0
633385,2
633384,1
633387,2
572771,0
633381,2
1569455,2
633383,1
633382,1
5034948,2
633389,1
120983,0
601036,0
5185583,2
1571892,0
545451,0
4525132,0
5185587,2
5185586,0
5185589,0
5184181,2
1571672,2
1571897,2
4892685,0
1571670,2
633038,0
633037,0
633036,0
1571895,0
633032,0
72219,0
633030,1
7319,0
982732,0
194214,0
627447,0
71373,3
198504,0
5021501,0
1563900,0
5187981,0
5075939,0
71081,0
12888,0
1569310,2
620872,0
1569317,2
5175200,2
3685482,0
5175204,2
631794,0
2859525,0
1571884,0
4025239,0
30701,0
5101224,2
95343,0
426458,0
126007,0
126008,0
421041,0
1569391,2
1562609,0
1569948,2
4926062,0
1569395,2
1568047,0
5167151,0
625147,0
1568043,0
220774,0
1568040,0
4592496,2
556273,0
1568048,0
5184428,2
1566568,0
4893413,0
1570076,2
1570075,2
1570079,2
1570078,2
127456,0
7375,2
1571474,0
4490883,0
1571476,2
5181209,2
4987995,1
5184426,0
3876599,0
5184348,0
1568432,2
1568430,2
503292,0
542297,0
623755,1
1568439,2
5109611,2
448519,0
632975,0
611991,0
632977,0
632600,0
632970,0
632605,0
632972,0
633558,1
633559,2
1451323,0
452976,0
613286,2
1017139,0
633550,2
633551,2
633552,2
633553,2
3784830,0
633555,2
633556,2
633557,2
6255247,0
1571290,2
1571292,2
544990,0
1542654,0
5185315,0
504023,0
21885,0
1258289,0
1522103,0
579107,1
1563835,0
210297,0
2571580,0
464077,0
4192570,2
4460584,0
622803,0
4291514,2
153050,0
3908941,0
5173929,2
1569149,1
618101,2
1569145,2
1569144,2
1569147,2
1569146,2
113615,0
5185449,2
4225933,2
341116,2
4979,0
4972,0
5011639,0
481207,0
190218,0
158631,0
5086567,2
5748353,2
18992,0
18990,0
18999,0
844410,0
27,22
5486,0
1568236,2
1568231,2
2171706,0
611467,0
604271,0
1619818,2
3743285,0
5191249,2
5186971,2
5186975,2
528653,0
6322202,0
4344717,0
5171535,0
5171536,0
5171530,0
5171532,0
343740,1
1481994,0
5171538,0
629679,0
5087161,2
5179693,2
604056,0
631,34
5035793,2
6523,0
4555549,0
1293528,0
63221,0
2221976,0
1570718,2
1570719,2
1570248,2
1570712,2
1570713,2
1570710,2
1570711,2
1570240,2
1570717,2
1570714,2
1570715,2
1571049,0
1571048,2
117618,0
1571041,0
1571040,2
1571591,0
1571045,2
1571047,2
1571594,2
6200858,2
629201,0
8402,0
1572010,2
4293765,2
560842,0
4514569,2
5065879,2
189517,0
1571332,0
26468,0
5165925,0
4457988,2
5087831,0
96284,0
96286,1
24640,0
1572246,2
1572247,2
1572244,2
1572245,2
22773,0
1572243,2
1572240,2
1572241,2
59452,0
438750,0
524417,0
154493,0
5173266,2
4464051,2
623322,0
555232,0
603338,0
1568591,2
1568590,2
1571627,0
1568592,2
1226413,0
1571620,2
1571623,2
1568848,1
1568846,2
1568845,2
1571629,0
1571628,2
1568841,0
1568840,2
1572022,2
1572023,2
1572020,2
1572021,2
1572026,2
1572027,2
1572024,2
1572028,2
1263240,3
4568,0
467655,2
589046,0
4423310,2
5185611,0
5185610,2
5185618,2
5181111,2
530092,1
5181114,2
3179916,0
17781,0
3781300,0
25200,0
153262,0
17772,0
618593,0
80046,0
4748815,0
5085404,0
1570498,1
608579,2
454629,2
633051,0
633053,0
3731046,0
633057,0
633056,0
1569088,2
1569089,2
5978457,1
1569085,2
1569086,2
1569087,2
1565411,0
1565410,0
535253,0
398773,2
1564236,0
59160,0
30141,0
6132423,2
1569331,2
29095,0
5187964,0
5290364,2
49872,1
2734234,0
2884967,0
6559,3
4016192,0
119378,0
971763,0
24342,0
4638698,1
2953,0
5345,0
617905,0
6120223,0
126025,0
4806720,2
2083636,2
1571956,0
562600,0
5763469,2
1568065,0
4092,1
4090,0
577475,0
1570506,2
6007054,0
1570502,2
1570501,1
1575020,1
165078,0
590280,0
2335534,0
1571458,2
1571452,0
1571453,2
1571450,2
1571451,2
1571456,2
1571457,2
1571454,2
1571455,2
606355,0
4605353,2
5034186,1
3360536,1
4293248,2
1568450,0
1568453,0
612507,0
5056244,2
1568458,1
1568459,2
632954,0
256514,0
5172506,2
5334795,0
855298,0
1095951,0
5062424,2
630889,0
631752,0
497218,0
1571909,2
1571904,2
1571905,0
1571906,2
1571901,2
286710,0
6174262,0
632485,1
6655,0
559780,0
6651,0
1569857,2
1569856,2
1569855,2
1569854,2
154792,0
624426,0
4950979,0
63638,0
633027,0
297663,0
563160,2
622867,0
2877077,0
4149602,0
633532,2
633533,2
633530,1
633531,2
633536,2
633537,1
633534,1
633535,2
6161261,2
633539,2
5173907,2
5173904,2
49601,0
358466,0
632221,0
21202,0
633288,2
633289,2
633284,2
633285,2
633286,2
633287,2
633280,2
633281,2
633282,2
633283,2
1571803,2
426803,0
5085369,0
3801050,2
5170284,2
5139,0
3295,0
1903,0
4490510,2
589674,0
90093,0
1568217,0
58352,0
1568212,0
1568213,0
1568211,0
14784,0
1568218,0
1568219,0
5056408,1
1565627,0
352434,0
5171886,1
1571624,0
572929,0
487286,2
85809,0
5175149,2
5186953,2
459615,4
5086813,0
446222,0
5031721,0
5031729,2
278186,2
6300469,0
1571566,2
47600,0
1564577,0
5186897,0
633130,0
97837,0
5079466,2
1570266,2
1570264,2
1570265,2
5180071,2
630167,0
630160,0
4345120,0
475720,2
1567279,0
8420,0
633678,1
1567275,0
1567274,0
1567902,0
4854596,0
545020,1
365324,0
54323,0
50007,0
100471,2
393481,0
107317,0
5084446,0
126810,0
4042773,0
1591403,2
158015,0
435422,0
374881,0
3854526,0
507250,0
1569991,2
1570998,2
1570999,2
1570990,0
1570991,2
1570992,2
381641,0
1570994,2
1570995,2
1570996,2
1570997,0
1571023,2
1571022,2
1571021,0
1571020,2
1571024,0
5103308,2
1572226,2
1572227,0
1572228,0
1572229,2
626967,0
1732379,0
5011151,0
438776,0
35220,0
4161411,0
116613,2
19729,0
5070047,1
1571962,2
1571747,0
581667,3
1568863,2
573332,0
573334,0
1568867,2
1004118,0
3135906,0
56983,0
56980,0
4548,5
1571212,0
19093,0
4544,0
4547,0
633529,2
532725,0
124334,0
5181130,2
5184941,2
456737,0
948026,0
1571690,2
2621,0
633076,0
2624,0
633078,4
629469,0
396216,0
1569831,2
5090422,2
610675,0
33161,0
441306,2
5388390,2
5021548,2
1568524,2
4347317,2
1562350,0
10272,0
1568520,2
1568521,2
521085,0
5187943,2
1668035,0
528087,2
20491,0
5061725,2
22896,0
180518,0
565092,0
617924,0
483120,0
71847,0
2977,0
5162767,0
1565296,0
160107,0
5169353,0
5079855,2
3942163,0
917737,0
1486770,0
5169687,2
631911,0
11058,0
91771,1
72813,1
122325,0
122326,0
521105,0
5168968,2
1568000,0
5870083,0
4514935,2
5103717,2
114578,0
1570033,2
1570032,2
1570031,2
1570030,2
1570037,0
1570036,2
1570035,2
1570526,2
5175604,2
5757,0
5175602,2
5175601,0
5759,2
5175608,2
5184378,2
417890,0
591203,0
113398,0
6116332,3
357665,0
466803,0
1570514,2
276560,0
616855,0
2029746,0
51697,0
51694,0
4989326,0
1568470,1
1565996,0
632933,0
632937,0
627976,0
633185,1
5172077,0
74,26
7430,0
7432,0
5173735,2
633182,2
1282645,0
409326,0
633180,4
4441562,0
515747,0
1536660,0
1567738,0
1572961,1
98744,0
3038629,0
1569871,0
1569870,2
484000,0
100866,0
181131,0
187839,0
566468,0
40440,0
4924117,0
622842,0
610442,0
4986382,0
586055,0
586051,0
5183807,2
124839,2
633518,0
633519,0
633514,0
633515,0
633516,0
633517,0
633510,1
240081,0
633512,2
633513,2
5185400,1
1558054,0
602491,0
784226,2
2109,0
623461,2
562817,2
5114,0
535910,0
540830,0
2977264,0
1570731,2
1570732,0
633330,2
1570733,2
5010924,0
5157833,0
36411,0
5157839,0
5056462,2
1568275,2
1553739,0
4347435,2
48535,0
48536,0
510955,0
999959,0
6092021,2
470586,0
469916,0
5179523,2
2447196,0
3795299,0
1553086,0
632612,1
1218438,0
3816165,2
1569277,2
3864646,0
5174746,2
1569270,2
633454,0
1569279,2
1967340,0
5870077,0
5110192,0
4507668,2
5741188,0
72154,0
123757,0
1570204,2
1570205,2
1570206,2
4545242,2
5093024,2
1479380,1
79459,0
585146,0
1567925,0
1567924,0
1567927,0
1567926,0
320103,0
580510,2
178884,0
28483,2
1529,0
1544629,0
1572429,2
22223,0
257018,5
5025322,2
107176,0
1571009,2
1571008,0
1571559,2
1571558,2
1571005,2
1571556,0
1571007,2
1571006,0
1571001,2
1571000,0
1571003,2
1571002,0
1566773,0
1566772,0
1572201,0
1566770,0
1574672,2
31888,0
5058085,2
4464015,2
1568802,2
1568805,2
1568808,0
6126,2
51738,0
1146109,0
5435511,1
260567,0
1603628,2
128831,0
617796,0
602644,0
27333,0
633899,1
633898,1
550219,1
1558194,0
2649,0
633099,0
633098,2
633094,0
633097,0
633091,0
633090,0
633092,0
618086,0
1569044,0
1569040,2
1569041,2
1569042,13
1569043,2
5140506,0
5184967,2
5184964,2
5184965,2
5184962,2
5184961,2
5187922,2
5187921,0
1566895,0
5187927,2
10298,0
588196,0
10292,0
5185216,2
571267,0
5185218,0
600890,0
4995314,0
1418179,0
1569952,2
5087266,2
40705,0
24300,0
1568393,2
1568397,2
1568396,2
1568395,2
1568394,2
4394423,2
471246,0
31275,0
521127,0
5175590,2
1490953,0
5175599,2
1569506,2
4910537,0
1943857,0
91755,0
570135,0
632968,0
31414,1
5027678,2
598038,2
5172082,1
23097,0
144872,1
5102285,0
2245640,0
5184435,2
4009068,0
23891,0
1530761,0
415819,2
259583,0
632913,0
960536,0
632910,0
528738,0
1570015,2
1570542,2
1570017,2
1570016,1
5057885,2
1570549,2
1570018,2
1571941,0
1571942,2
1571943,0
1571944,2
1571945,2
1571948,2
1571949,0
631793,0
1571768,2
5084180,0
1567717,0
1567715,0
4968529,0
1806856,0
1884827,0
561613,0
5101647,2
5052618,1
240719,0
1569813,2
1569812,2
1569811,2
1569810,2
5052612,1
1569814,2
576164,0
1571280,0
5051837,0
12198,0
12199,0
3804149,0
12197,0
5117291,0
1572261,2
615458,0
22757,0
493591,0
25495,0
4930373,0
6165668,0
1572419,2
1572418,1
1572417,2
1572416,1
1572415,2
1572414,2
1572413,0
1572412,0
1572411,2
5155314,2
5070921,2
372198,0
11713,0
4492535,2
4256376,2
93311,1
57628,0
6074418,0
1574819,1
1562090,0
1562095,0
5085325,2
81895,0
620107,0
130,0
4861488,0
5181077,2
5181075,2
5181074,2
5181070,2
6073829,0
379508,0
9688,0
63493,0
5157812,0
5056448,1
5056444,2
633137,2
633134,0
34839,0
633131,0
1559656,0
246674,0
613478,0
5094800,2
5189135,2
613471,0
3399928,0
480739,0
269199,0
3824067,0
198111,0
6855,0
6854,0
6856,0
5086856,0
1571902,2
161409,0
517011,0
800473,0
5187995,2
381862,0
1566970,0
63231,0
1566974,0
1569257,2
1569259,2
1569258,2
1571903,2
4391687,0
14293,0
14923,2
31057,0
169479,0
4165902,0
109817,0
6036670,2
5055930,1
548231,0
1570228,2
1570229,2
955122,0
5042357,2
1570222,2
1570223,2
1570220,2
1570221,2
1570226,2
1570227,3
1570224,2
1570225,2
1717191,0
1569237,2
88917,0
5621602,0
4591950,0
1569667,2
9875,0
555609,0
11157,0
5070494,2
1571499,2
1571496,2
1571497,0
5189412,2
5189415,2
1571326,2
443584,0
5042974,2
1461576,1
1571322,2
1570488,2
1570489,2
1570486,2
4566085,2
1570484,2
1570482,2
3103076,2
1570481,0
3885,0
403705,0
5028526,0
1571579,2
1571578,2
1564733,0
1571571,2
1571570,0
1567949,0
1571572,0
1571575,2
1571574,2
1571577,2
1571576,2
1946457,0
5070002,2
1571683,0
1571682,2
1571681,0
1571689,0
1571688,2
1568530,2
1493955,0
4033099,0
4541219,0
61408,0
5016738,0
547582,0
6170796,2
4529555,2
1568678,0
1549038,0
1567365,0
4833351,0
614869,0
632076,0
1542780,0
5186615,2
633309,2
633308,2
422600,0
633304,1
633307,2
633306,2
633301,2
633300,2
633303,1
633302,2
2988585,0
4254488,2
6007,0
4924093,0
546328,2
1572080,2
1572082,1
1572084,0
1572085,2
1568377,2
5050260,2
997,0
996,0
10728,0
1566701,0
628829,0
10727,0
4462595,2
54841,2
583707,0
309785,2
633386,2
5042373,0
586574,2
633380,2
1566563,0
1569392,2
615917,2
1566566,0
5187908,2
5187907,2
5174199,2
5187903,2
5187902,2
3849479,0
84320,0
633388,1
4422289,2
2661,2
528845,2
168716,0
2939,0
2937,0
5028232,2
86787,0
1500929,0
628775,0
5085864,2
172924,0
2802949,0
1159400,0
4322330,2
1854691,1
5092563,0
106748,2
5185582,2
575430,0
20237,0
27511,1
222330,0
29831,0
156675,0
4281872,2
330266,0
549063,0
5184336,2
421186,0
132102,0
4341042,1
633477,0
3956871,0
29163,0
5160065,0
388303,0
630795,0
5083968,0
4132726,0
3444472,0
1568862,2
275152,0
5059521,2
1567889,0
1567555,0
1567884,0
1567550,0
119065,3
5141739,0
1264034,0
3344673,0
1571218,2
1571748,2
1571749,0
1571746,2
1571963,2
1571216,2
6318334,2
1571210,0
1571211,0
1571964,0
1571741,0
144324,0
69435,0
1569833,2
1569832,2
1569839,2
24725,0
616366,0
302862,0
580231,0
4924151,0
3844172,0
576185,0
494590,0
632798,0
632793,0
632792,0
4705,0
633034,0
4700,0
5173347,2
5173616,2
4101196,0
172490,1
631042,0
1874276,0
400035,1
1572431,1
1572430,2
633467,2
1572369,2
13551,0
612296,0
612294,0
5051859,0
1568349,0
121588,2
20752,0
1568883,2
185695,1
59819,0
4417219,1
633328,2
490608,0
612121,1
612123,0
1568882,2
5236020,0
4986831,0
633110,0
633111,0
633112,0
633115,1
633116,0
633118,0
1556505,0
509918,0
622556,0
139039,0
387118,0
4018803,0
5172494,2
512049,0
5178691,2
113785,0
478661,0
587580,0
1565804,0
1569233,2
1566912,0
537423,0
1566917,0
1569236,2
1569235,2
1569234,2
4869434,0
543249,0
4486052,2
543240,0
5613057,0
470326,0
5079376,2
630495,0
438052,0
1565650,0
465763,0
4889567,0
487999,0
5029,0
1572144,2
331678,0
1254536,0
133998,0
1568223,0
1572142,2
7469,0
1568222,0
818892,0
1570976,2
1570977,0
1570974,0
1570972,0
1570973,2
1570970,2
1570971,2
1570978,2
1570979,2
1571513,0
1571512,2
1571511,2
1571517,0
1571516,2
1571515,0
1571514,2
1571518,2
633237,1
5099288,2
91275,0
