3646624,1
3646626,1
781879,1
781878,1
3989217,1
3646623,1
5555522,1
782355,1
782354,1
782357,1
782356,2
782350,1
782353,1
782352,1
782358,1
583180,1
624654,1
3988515,1
780553,1
3865522,1
664116,1
3865694,1
634731,1
3989455,1
630880,1
3988984,1
3988451,1
627593,1
3646867,1
778555,1
3989163,1
3646863,1
3646617,1
3744544,1
782225,1
3646868,1
771810,1
3988976,1
781565,1
626423,1
781631,1
638926,1
3868025,1
3989192,1
3865550,1
3989195,1
3989445,1
3989440,1
3836552,1
3868319,1
3825503,1
775436,1
633739,1
3646813,1
3646810,1
3646817,1
216809,1
3646815,1
648599,1
716222,1
3646819,1
3989270,1
1848916,1
52497,1
3866475,1
3646806,1
3988471,1
3988377,1
3988390,1
3988648,1
3988373,1
782097,1
3989472,1
782101,1
3868492,1
3868367,1
716829,1
3988396,1
3646804,1
3646805,1
3761851,1
3646807,1
3646809,1
3989443,1
693135,1
3988791,1
781503,1
3865370,1
3646824,1
3988367,1
1780671,1
3988565,1
3988717,1
3988359,1
3867996,1
631156,1
3646787,1
3870911,1
3989311,1
3646835,1
3646834,1
3646836,1
3646831,1
3646833,1
3646832,1
3871037,1
5606980,1
3988784,1
3760595,1
780205,1
3753326,1
626540,1
3868173,1
3868342,1
780190,1
661002,1
3867867,1
3646842,1
3989413,1
620812,1
662635,1
3646822,1
3989122,1
3646820,1
3646821,1
781605,1
3646827,1
654331,1
3646825,1
4742538,1
64334,1
3989486,1
681488,1
3989488,1
3646801,1
3988661,1
6324705,1
3866489,1
3868356,1
3646793,1
3866847,1
2763487,1
679459,1
2297413,1
3988962,1
781835,1
3646789,1
3789443,1
3989017,1
3646784,1
3646782,1
637126,1
2722014,1
780720,1
782238,1
3809066,1
3868285,1
3646858,1
3646857,1
3646856,1
3646854,1
3646852,1
3866532,1
3646850,1
3988726,1
623516,1
3707580,1
629167,1
3988538,1
3989503,1
3646798,1
3988604,1
3646621,1
3646791,1
2735316,1
3714726,1
3989225,1
3646635,1
3646634,1
3646633,1
637992,1
782100,1
3646826,1
776255,1
3646639,1
3866898,1
646450,1
666421,1
3646848,1
716221,1
3698148,1
781542,1
3646846,1
3646847,1
4866003,1
670117,1
3988919,1
3988622,1
6174150,1
732554,1
3698900,1
3989500,1
3988993,1
3646647,1
3988449,1
782036,1
3988615,1
637493,1
