0,14
1,247
2,23
3,23
4,71
5,1
6,0
7,0
9,1
10,1
11,1
12,1
13,1
14,1
15,1
16,2
17,2
18,1
19,0
20,1
21,2
22,2
23,1
24,1
25,0
26,1
27,1
28,0
29,2
30,1
31,1
32,1
33,1
35,2
36,0
37,1
38,1
39,0
40,2
41,0
42,1
43,2
45,1
46,1
47,1
48,1
49,1
51,1
52,1
53,1
54,1
57,2
58,0
59,2
63,2
64,2
65,1
67,1
68,0
69,1
70,1
71,1
73,1
74,1
75,0
76,1
77,1
78,1
80,2
81,1
82,1
83,1
84,0
85,0
86,1
89,1
90,0
91,0
92,1
94,1
95,0
96,0
97,1
98,0
99,1
100,1
101,0
103,1
104,1
107,2
108,1
110,1
111,0
112,1
113,1
114,1
115,1
116,0
117,0
118,1
119,0
120,1
121,0
122,1
123,0
124,1
125,1
126,0
127,1
129,1
130,0
131,1
132,1
133,0
134,0
135,1
136,0
137,1
138,1
139,0
141,2
143,1
144,2
145,2
146,1
147,1
148,1
149,1
150,2
151,1
152,1
153,1
154,1
155,1
156,1
158,1
159,0
160,0
161,1
162,0
163,1
164,0
165,1
166,1
167,1
168,0
169,1
170,0
171,1
172,0
174,1
175,2
176,1
177,2
179,2
180,0
182,1
183,0
184,1
186,1
187,1
188,1
189,1
190,1
192,1
195,1
196,2
197,1
198,2
199,0
200,1
202,1
203,1
204,1
205,1
206,0
207,1
208,0
210,1
211,1
212,1
213,1
214,1
215,0
216,2
217,2
218,1
219,0
220,3
221,0
222,0
223,0
224,1
226,1
227,1
228,1
229,0
232,2
234,1
235,1
236,1
237,1
238,1
239,0
241,1
242,1
243,0
244,1
246,1
249,0
250,0
251,2
252,1
253,0
254,1
255,0
256,0
257,1
258,1
259,1
260,1
261,2
262,0
263,1
264,1
266,0
267,1
269,1
271,1
273,2
274,1
275,1
276,0
277,1
278,2
279,0
281,0
282,1
283,1
284,0
286,1
288,0
289,0
290,0
291,1
292,1
293,1
294,1
295,1
296,0
297,0
298,0
299,0
300,1
301,2
302,1
303,1
304,1
305,1
307,1
308,2
309,1
310,1
311,1
312,1
313,1
315,3
316,2
317,0
320,3
321,1
322,1
323,0
324,1
325,0
326,1
328,1
329,0
330,1
331,0
332,1
334,1
335,1
336,1
337,1
338,1
339,0
341,0
344,0
347,1
348,1
349,0
350,1
351,1
352,1
353,2
354,1
355,1
356,1
357,1
358,1
359,1
360,1
361,0
362,0
363,1
364,2
366,0
367,1
368,0
370,1
372,0
373,1
374,1
375,1
376,1
377,2
379,1
380,1
381,0
382,2
383,2
384,1
386,0
388,0
389,1
390,1
392,1
393,1
394,1
395,1
396,1
397,2
398,1
399,1
400,1
402,2
403,0
405,0
407,1
409,0
411,1
412,1
413,0
414,1
415,0
416,0
418,1
419,1
420,0
421,1
422,1
423,0
424,1
425,0
427,2
428,1
429,0
430,2
431,0
432,1
434,1
435,1
439,1
440,3
441,0
442,1
444,2
445,0
446,1
448,1
449,0
451,1
452,0
454,1
455,1
456,0
457,1
458,0
460,1
461,1
462,0
463,1
464,1
465,1
466,0
467,0
468,0
469,1
470,0
471,1
472,0
475,1
476,1
477,0
478,0
479,1
480,1
481,0
482,1
483,0
485,1
486,0
487,1
488,0
489,1
490,1
492,1
493,2
494,1
495,1
496,0
497,0
499,0
500,1
501,1
502,1
503,1
505,1
506,2
507,1
508,2
509,0
510,1
511,1
512,1
513,1
514,1
515,1
516,1
517,0
518,1
519,1
520,1
522,0
523,2
524,0
525,2
526,0
527,1
528,1
529,0
530,1
531,1
533,1
535,1
536,0
537,0
538,1
539,2
540,1
541,1
542,0
543,0
544,0
545,0
546,1
547,2
548,1
549,0
551,0
552,0
