0,3
1,0
2,3
3,0
4,1
5,0
6,0
7,1
8,2
9,0
10,2
11,2
12,0
13,0
14,1
15,1
16,2
17,1
18,3
19,4
20,1
21,1
22,1
23,0
24,2
25,1
26,1
27,2
28,2
29,1
30,3
31,0
32,1
33,0
34,1
35,0
36,0
37,1
38,2
39,0
40,1
41,0
42,1
43,1
44,1
45,0
46,0
47,1
48,0
49,2
50,0
51,3
52,3
53,0
54,3
55,2
56,2
57,0
58,3
59,2
60,2
61,3
62,1
63,2
64,2
65,1
66,2
67,1
68,3
69,0
70,3
71,3
72,2
73,1
74,0
75,0
76,1
77,1
78,1
79,2
80,1
81,1
82,1
83,2
84,0
85,2
86,0
87,2
88,0
89,3
90,0
91,1
92,2
93,2
94,1
95,1
96,1
97,2
98,0
99,0
100,0
101,2
102,0
103,1
104,0
105,1
106,1
107,1
108,0
109,4
110,3
111,1
112,1
113,1
114,2
115,0
116,1
117,0
118,3
119,3
120,1
121,1
122,0
123,0
124,0
125,1
126,1
127,0
128,3
129,0
130,2
131,1
132,3
133,3
134,1
135,2
136,1
137,2
138,0
139,0
140,2
141,1
142,1
143,0
144,2
145,0
146,2
147,0
148,1
149,0
150,0
151,0
152,2
153,1
154,3
155,1
156,0
157,0
158,1
159,2
160,3
161,2
162,1
163,0
164,2
165,0
166,0
167,2
168,1
169,0
170,0
171,1
172,0
173,1
174,2
175,1
176,1
177,0
178,1
179,1
180,0
181,0
182,2
183,3
184,0
185,0
186,2
187,1
188,0
189,3
190,1
191,1
192,0
193,0
194,2
195,3
196,1
197,0
198,0
199,0
200,0
201,1
202,0
203,0
204,0
205,1
206,1
207,0
208,2
209,1
210,0
211,3
212,3
213,1
214,1
215,0
216,1
217,1
218,1
219,0
220,1
221,1
222,1
223,1
224,0
225,2
226,0
227,1
228,2
229,0
230,2
231,1
232,0
233,1
234,0
235,1
236,0
237,4
238,1
239,0
240,2
241,0
242,1
243,0
244,0
245,0
246,0
247,4
248,0
249,2
250,0
251,2
252,2
253,3
254,3
255,0
256,1
257,1
258,0
259,2
260,1
261,1
262,0
263,0
264,3
265,1
266,1
267,0
268,0
269,0
270,3
271,2
272,2
273,1
274,3
275,0
276,1
277,1
278,2
279,1
280,0
281,1
282,0
283,0
284,2
285,5
286,0
287,4
288,1
289,1
290,1
291,2
292,0
293,0
294,1
295,1
296,0
297,1
298,2
299,1
300,2
301,1
302,2
303,2
304,0
305,1
306,2
307,1
308,2
309,1
310,1
311,0
312,0
313,1
314,2
315,0
316,3
317,1
318,2
319,0
320,2
321,5
322,0
323,0
324,2
325,1
326,2
327,2
328,2
329,0
330,1
331,1
332,1
333,2
334,1
335,0
336,1
337,0
338,2
339,1
340,1
341,1
342,2
343,3
344,5
345,0
346,0
347,0
348,2
349,1
350,5
351,2
352,0
353,2
354,3
355,3
356,1
357,0
358,2
359,1
360,5
361,0
362,2
363,1
364,2
365,2
366,4
367,0
368,0
369,0
370,1
371,0
372,0
373,4
374,2
375,3
376,0
377,0
378,2
379,1
380,1
381,1
382,0
383,1
384,2
385,0
386,1
387,1
388,2
389,0
390,0
391,0
392,1
393,1
394,3
395,0
396,0
397,2
398,1
399,0
400,1
401,1
402,0
403,3
404,1
405,1
406,1
407,2
408,1
409,0
410,2
411,0
412,1
413,0
414,0
415,0
416,4
417,0
418,1
419,2
420,1
421,2
422,0
423,1
424,0
425,0
426,1
427,0
428,1
429,1
430,3
431,1
432,0
433,2
434,1
435,1
436,1
437,0
438,0
439,1
440,1
441,1
442,2
443,1
444,1
445,1
446,0
447,2
448,1
449,0
450,1
451,1
452,1
453,0
454,0
455,4
456,3
457,1
458,0
459,1
460,0
461,3
462,2
463,3
464,3
465,1
466,0
467,0
468,1
469,0
470,1
471,0
472,1
473,1
474,1
475,2
476,2
477,1
478,0
479,2
480,1
481,4
482,1
483,0
484,1
485,2
486,1
487,0
488,0
489,0
490,1
491,0
492,1
493,1
494,1
495,1
496,2
497,2
498,1
499,2
500,0
501,0
502,1
503,0
504,1
505,1
506,0
507,0
508,0
509,0
510,0
511,1
512,3
513,2
514,2
515,1
516,0
517,1
518,3
519,0
520,2
521,2
522,1
523,1
524,2
525,3
526,0
527,0
528,0
529,1
