0,10
1,8
2,7
3,6
4,4
5,4
6,10
7,6
8,6
9,6
10,8
11,3
12,9
13,6
14,9
15,7
16,8
17,6
18,9
19,5
20,3
21,1
22,3
23,7
24,5
25,3
26,5
27,1
28,5
29,3
30,4
31,14
32,3
33,5
34,14
35,3
36,1
37,9
38,4
39,4
40,4
41,4
42,4
43,2
44,9
45,6
46,4
47,5
48,7
49,8
50,4
51,3
52,4
53,2
54,9
55,3
56,2
57,6
58,7
59,1
60,7
61,4
62,5
63,2
64,6
65,2
66,2
67,3
68,4
69,2
70,7
71,6
72,2
73,3
74,5
75,8
76,0
77,8
78,7
79,7
80,2
81,5
82,6
83,5
84,6
85,4
86,8
87,2
88,7
89,2
90,4
91,5
92,5
93,2
94,0
95,3
96,7
97,2
98,4
99,5
100,2
101,3
102,6
103,4
104,6
105,7
106,3
107,1
108,6
109,5
110,9
111,7
112,3
113,0
114,8
115,6
116,4
117,5
118,4
119,3
120,8
121,7
122,2
123,6
124,5
125,5
126,3
127,6
128,2
129,8
130,2
131,3
132,3
133,6
134,7
135,5
136,8
137,9
138,9
139,3
140,4
141,5
142,6
143,8
144,4
145,4
146,5
147,1
148,5
149,9
150,6
151,2
152,2
153,9
154,3
155,5
156,5
157,4
158,2
159,4
160,4
161,4
162,1
163,5
164,5
165,5
166,4
167,2
168,2
169,4
170,3
171,7
172,2
173,3
174,5
175,4
176,7
177,5
178,4
179,4
180,10
181,1
182,5
183,2
184,9
185,5
186,3
187,4
188,4
189,4
190,3
191,3
192,3
193,6
194,5
195,6
196,4
197,5
198,6
199,4
200,10
201,2
202,7
203,3
204,3
205,2
206,5
207,8
208,1
209,3
210,7
211,2
212,2
213,4
214,3
215,7
216,2
217,1
218,1
219,4
220,4
221,4
222,5
223,6
224,4
225,3
226,3
227,5
228,4
229,3
230,5
231,2
232,2
233,5
234,5
235,3
236,3
237,3
238,2
239,5
240,5
241,3
242,4
243,1
244,2
245,4
246,2
247,2
248,2
249,5
250,2
251,3
252,2
253,6
254,4
255,8
256,3
257,3
258,12
259,5
260,3
261,2
262,13
263,6
264,1
265,3
266,8
267,4
268,6
269,3
270,4
271,7
272,4
273,3
274,5
275,2
276,9
277,2
278,1
279,3
280,3
281,5
282,1
283,0
284,4
285,2
286,2
287,3
288,2
289,5
290,1
291,3
292,5
293,4
294,4
295,2
296,3
297,3
298,6
299,1
300,3
301,5
302,4
303,3
304,3
305,4
306,2
307,7
308,16
309,2
310,1
311,2
312,2
313,9
314,3
315,1
316,1
317,4
318,4
319,2
320,5
321,8
322,6
323,3
324,5
325,6
326,6
327,0
328,6
329,4
330,5
331,6
332,0
333,2
334,1
335,3
336,16
337,5
338,6
339,11
340,8
341,3
342,2
343,2
344,4
345,1
346,7
347,7
348,5
349,9
350,2
351,3
352,3
353,1
354,5
355,7
356,2
357,1
358,4
359,6
360,4
361,1
362,3
363,4
364,1
365,5
366,0
367,3
368,3
369,1
370,7
371,0
372,4
373,4
374,2
375,9
376,3
377,13
378,2
379,1
380,2
381,5
382,4
383,3
384,4
385,4
386,1
387,4
388,6
389,6
390,2
391,9
392,4
393,7
394,4
395,2
396,7
397,2
398,4
399,3
400,4
401,1
402,1
403,4
404,1
405,5
406,1
407,0
408,1
409,4
410,5
411,2
412,3
413,5
414,1
415,5
416,2
417,1
418,2
419,2
420,2
421,2
422,1
423,2
424,6
425,6
426,1
427,3
428,1
429,4
430,6
431,6
432,1
433,4
434,3
435,3
436,5
437,2
438,3
439,2
440,3
441,5
442,1
443,3
444,3
445,2
446,3
447,2
448,2
449,1
450,5
451,2
452,2
453,2
454,4
455,5
456,2
457,9
458,1
459,4
460,5
461,4
462,3
463,10
464,4
465,5
466,5
467,4
468,4
469,2
470,1
471,21
472,3
473,5
474,6
475,3
476,10
477,4
478,2
479,2
480,13
481,2
482,2
483,2
484,2
485,3
486,5
487,1
488,1
489,5
490,2
491,5
492,1
493,2
494,6
495,2
496,4
497,1
498,2
499,1
500,1
501,0
502,5
503,3
504,1
505,4
506,4
507,4
508,3
509,6
510,2
511,4
512,5
513,1
514,6
515,1
516,0
517,3
518,2
519,2
520,22
521,3
522,0
523,3
524,3
525,4
526,1
527,2
528,1
529,4
530,6
531,2
532,6
533,1
534,2
535,8
536,8
537,6
538,7
539,4
540,3
541,1
542,3
543,15
544,2
545,1
546,6
547,1
548,2
549,3
550,8
551,2
552,4
553,3
554,2
555,6
556,2
557,2
558,2
559,4
560,2
561,1
562,3
563,3
564,4
565,3
566,0
567,3
568,2
569,2
570,6
571,9
572,8
573,2
574,2
575,5
576,2
577,3
578,10
579,2
580,7
581,5
582,7
583,3
584,2
585,1
586,1
587,2
588,0
589,2
590,0
591,1
592,13
593,3
594,3
595,4
596,2
597,5
598,3
599,6
600,3
601,2
602,1
603,8
604,3
605,2
606,1
607,2
608,2
609,2
610,2
611,4
612,4
613,2
614,5
615,10
616,7
617,2
618,0
619,1
620,0
621,9
622,2
623,3
624,4
625,4
626,2
627,1
628,3
629,0
630,6
631,1
632,2
633,4
634,1
635,4
636,1
637,2
638,5
639,0
640,6
641,3
642,4
643,3
644,2
645,4
646,3
647,2
648,1
649,2
650,4
651,2
652,1
653,3
654,4
655,2
656,2
657,2
658,1
659,1
660,2
661,4
662,2
663,3
664,1
665,4
666,5
667,1
668,4
669,4
670,5
671,2
672,2
673,3
674,1
675,4
676,5
677,2
678,0
679,5
680,4
681,7
682,8
683,1
684,5
685,1
686,0
687,2
688,2
689,2
690,0
691,1
692,2
693,0
694,2
695,1
696,0
697,2
698,7
699,4
700,0
701,1
702,4
703,1
704,5
705,0
706,3
707,2
708,9
709,2
710,4
711,5
712,2
713,3
714,3
715,2
716,7
717,2
718,1
719,3
720,2
721,5
722,2
723,1
724,3
725,4
726,2
727,3
728,12
729,8
730,1
731,3
732,2
733,0
734,3
735,2
736,7
737,1
738,4
739,1
740,1
741,3
742,4
743,1
744,2
745,2
746,2
747,3
748,1
749,1
750,1
751,3
752,20
753,2
754,4
755,6
756,1
757,5
758,1
759,3
760,3
761,4
762,4
763,1
764,3
765,6
766,2
767,0
768,7
769,3
770,1
771,1
772,18
773,3
774,0
775,1
776,1
777,2
778,1
779,2
780,2
781,2
782,0
783,5
784,3
785,3
786,3
787,1
788,0
789,1
790,3
791,2
792,4
793,1
794,4
795,3
796,0
797,4
798,0
799,6
800,2
801,3
802,5
803,1
804,1
805,1
806,3
807,1
808,2
809,6
810,3
811,4
812,3
813,3
814,6
815,3
816,4
817,5
818,3
819,2
820,9
821,5
822,7
823,7
824,1
825,2
826,2
827,2
828,4
829,5
830,2
831,1
832,2
833,2
834,4
835,5
836,1
837,4
838,3
839,3
840,1
841,3
842,1
843,2
844,2
845,3
846,2
847,0
848,2
849,0
850,2
851,1
852,2
853,2
854,1
855,3
856,1
857,2
858,2
859,2
860,7
861,3
862,0
863,1
864,2
865,2
866,1
867,5
868,4
869,4
870,2
871,3
872,16
873,5
874,1
875,3
876,1
877,0
878,3
879,1
880,3
881,4
882,3
883,3
884,2
885,3
886,5
887,2
888,3
889,1
890,1
891,5
892,1
893,1
894,2
895,3
896,2
897,2
898,0
899,6
900,6
901,1
902,3
903,2
904,3
905,2
906,2
907,1
908,1
909,2
910,4
911,0
912,3
913,5
914,2
915,0
916,3
917,2
918,2
919,1
920,2
921,3
922,2
923,4
924,1
925,0
926,4
927,5
928,0
929,5
930,2
931,3
932,0
933,1
934,11
935,1
936,4
937,2
938,1
939,1
940,1
941,5
942,2
943,0
944,2
945,5
946,3
947,0
948,1
949,2
950,3
951,3
952,2
953,5
954,1
955,2
956,6
957,8
958,3
959,3
960,5
961,2
962,1
963,2
964,11
965,1
966,0
967,5
968,2
969,3
970,1
971,2
972,3
973,0
974,2
975,4
976,1
977,4
978,4
979,3
980,5
981,2
982,2
983,1
984,3
985,11
986,2
987,1
988,1
989,1
990,2
991,0
992,2
993,4
994,1
995,1
996,1
997,1
998,0
999,4
1000,3
1001,2
1002,1
1003,1
1004,1
1005,6
1006,3
1007,2
1008,2
1009,1
1010,3
1011,0
1012,4
1013,13
1014,3
1015,2
1016,2
1017,4
1018,3
1019,0
1020,1
1021,0
1022,0
1023,2
1024,1
1025,2
1026,2
1027,2
1028,4
1029,1
1030,1
1031,4
1032,1
1033,2
1034,0
1035,1
1036,1
1037,0
1038,12
1039,2
1040,5
1041,4
1042,2
1043,1
1044,0
1045,3
1046,1
1047,2
1048,2
1049,0
1050,0
1051,2
1052,4
1053,4
1054,2
1055,9
1056,3
1057,3
1058,2
1059,2
1060,2
1061,4
1062,4
1063,2
1064,0
1065,4
1066,11
1067,2
1068,2
1069,4
1070,5
1071,1
1072,0
1073,2
1074,2
1075,1
1076,3
1077,1
1078,7
1079,4
1080,3
1081,3
1082,3
1083,5
1084,2
1085,2
1086,3
1087,0
1088,3
1089,4
1090,0
1091,0
1092,1
1093,0
1094,4
1095,5
1096,3
1097,1
1098,4
1099,1
1100,6
1101,1
1102,2
1103,3
1104,2
1105,3
1106,0
1107,1
1108,4
1109,3
1110,1
1111,2
1112,2
1113,2
1114,3
1115,3
1116,1
1117,26
1118,5
1119,5
1120,4
1121,1
1122,3
1123,1
1124,2
1125,3
1126,3
1127,3
1128,2
1129,1
1130,2
1131,2
1132,0
1133,6
1134,3
1135,5
1136,2
1137,2
1138,5
1139,3
1140,1
1141,1
1142,1
1143,1
1144,2
1145,1
1146,1
1147,2
1148,0
1149,5
1150,0
1151,0
1152,0
1153,0
1154,1
1155,3
1156,2
1157,3
1158,2
1159,2
1160,9
1161,0
1162,3
1163,3
1164,4
1165,2
1166,2
1167,1
1168,4
1169,2
1170,6
1171,4
1172,4
1173,0
1174,7
1175,0
1176,4
1177,6
1178,2
1179,0
1180,3
1181,4
1182,8
1183,2
1184,1
1185,4
1186,4
1187,1
1188,4
1189,1
1190,38
1191,1
1192,3
1193,2
1194,3
1195,1
1196,1
1197,2
1198,2
1199,8
1200,2
1201,2
1202,1
1203,3
1204,1
1205,2
1206,6
1207,6
1208,3
1209,1
1210,2
1211,3
1212,2
1213,1
1214,0
1215,1
1216,4
1217,4
1218,0
1219,2
1220,8
1221,3
1222,1
1223,5
1224,3
1225,3
1226,1
1227,0
1228,4
1229,2
1230,3
1231,2
1232,13
1233,0
1234,2
1235,2
1236,2
1237,3
1238,3
1239,2
1240,6
1241,3
1242,2
1243,4
1244,3
1245,3
1246,2
1247,2
1248,4
1249,1
1250,3
1251,0
1252,2
1253,6
1254,0
1255,0
1256,2
1257,1
1258,2
1259,2
1260,4
1261,1
1262,1
1263,0
1264,0
1265,0
1266,1
1267,7
1268,0
1269,0
1270,1
1271,2
1272,0
1273,2
1274,3
1275,3
1276,0
1277,0
1278,2
1279,0
1280,1
1281,5
1282,15
1283,6
1284,9
1285,2
1286,7
1287,0
1288,2
1289,3
1290,4
1291,4
1292,3
1293,2
1294,1
1295,6
1296,1
1297,4
1298,3
1299,5
1300,3
1301,2
1302,0
1303,2
1304,2
1305,35
1306,4
1307,1
1308,2
1309,3
1310,2
1311,0
1312,1
1313,1
1314,1
1315,1
1316,0
1317,2
1318,4
1319,0
1320,3
1321,1
1322,4
1323,1
1324,0
1325,5
1326,2
1327,6
1328,0
1329,1
1330,2
1331,2
1332,1
1333,6
1334,0
1335,1
1336,1
1337,3
1338,0
1339,0
1340,1
1341,1
1342,1
1343,3
1344,4
1345,9
1346,5
1347,1
1348,1
1349,3
1350,0
1351,3
1352,3
1353,7
1354,3
1355,3
1356,1
1357,3
1358,5
1359,1
1360,2
1361,10
1362,1
1363,27
1364,2
1365,5
1366,1
1367,1
1368,2
1369,3
1370,0
1371,2
1372,4
1373,2
1374,3
1375,2
1376,5
1377,0
1378,1
1379,2
1380,2
1381,3
1382,4
1383,0
1384,0
1385,1
1386,2
1387,4
1388,0
1389,13
1390,1
1391,1
1392,29
1393,4
1394,4
1395,3
1396,3
1397,0
1398,3
1399,1
1400,3
1401,5
1402,1
1403,1
1404,3
1405,2
1406,2
1407,3
1408,50
1409,4
1410,1
1411,8
1412,4
1413,1
1414,1
1415,6
1416,3
1417,1
1418,4
1419,0
1420,3
1421,1
1422,2
1423,2
1424,5
1425,2
1426,5
1427,2
1428,11
1429,3
1430,1
1431,3
1432,1
1433,1
1434,3
1435,2
1436,1
1437,2
1438,1
1439,3
1440,1
1441,4
1442,0
1443,3
1444,0
1445,0
1446,1
1447,1
1448,5
1449,3
1450,1
1451,1
1452,1
1453,1
1454,2
1455,25
1456,4
1457,5
1458,1
1459,0
1460,0
1461,1
1462,2
1463,2
1464,1
1465,1
1466,0
1467,1
1468,3
1469,1
1470,3
1471,3
1472,4
1473,2
1474,3
1475,0
1476,2
1477,1
1478,0
1479,2
1480,0
1481,1
1482,1
1483,3
1484,0
1485,1
1486,1
1487,0
1488,0
1489,1
1490,11
1491,3
1492,5
1493,3
1494,1
1495,3
1496,4
1497,2
1498,10
1499,0
1500,1
1501,7
1502,14
1503,0
1504,2
1505,0
1506,2
1507,1
1508,2
1509,0
1510,0
1511,2
1512,4
1513,1
1514,1
1515,2
1516,2
1517,3
1518,0
1519,0
1520,2
1521,4
1522,0
1523,3
1524,0
1525,1
1526,1
1527,2
1528,1
1529,2
1530,4
1531,0
1532,3
1533,0
1534,3
1535,2
1536,1
1537,2
1538,2
1539,2
1540,1
1541,0
1542,2
1543,2
1544,1
1545,1
1546,2
1547,2
1548,1
1549,1
1550,1
1551,1
1552,2
1553,1
1554,3
1555,1
1556,5
1557,7
1558,0
1559,21
1560,2
1561,1
1562,3
1563,1
1564,1
1565,2
1566,1
1567,5
1568,2
1569,2
1570,3
1571,2
1572,2
1573,7
1574,1
1575,1
1576,4
1577,5
1578,0
1579,0
1580,2
1581,2
1582,2
1583,3
1584,2
1585,2
1586,2
1587,4
1588,3
1589,2
1590,25
1591,0
1592,5
1593,2
1594,2
1595,2
1596,1
1597,3
1598,2
1599,1
1600,1
1601,1
1602,1
1603,4
1604,1
1605,3
1606,4
1607,1
1608,1
1609,9
1610,18
1611,2
1612,4
1613,2
1614,1
1615,2
1616,1
1617,0
1618,6
1619,1
1620,3
1621,4
1622,6
1623,6
1624,2
1625,0
1626,0
1627,0
1628,1
1629,3
1630,7
1631,2
1632,2
1633,2
1634,2
1635,8
1636,1
1637,10
1638,15
1639,2
1640,6
1641,6
1642,0
1643,0
1644,1
1645,1
1646,0
1647,3
1648,6
1649,2
1650,1
1651,1
1652,3
1653,5
1654,1
1655,1
1656,2
1657,1
1658,0
1659,1
1660,3
1661,1
1662,1
1663,2
1664,1
1665,3
1666,1
1667,9
1668,0
1669,2
1670,0
1671,1
1672,0
1673,0
1674,1
1675,4
1676,0
1677,2
1678,1
1679,1
1680,4
1681,0
1682,2
1683,2
1684,2
1685,1
1686,2
1687,6
1688,1
1689,3
1690,2
1691,1
1692,4
1693,3
1694,1
1695,2
1696,4
1697,4
1698,2
1699,1
1700,1
1701,3
1702,1
1703,2
1704,3
1705,4
1706,1
1707,2
1708,0
1709,1
1710,6
1711,2
1712,0
1713,3
1714,7
1715,1
1716,1
1717,0
1718,3
1719,1
1720,1
1721,4
1722,1
1723,4
1724,2
1725,1
1726,1
1727,2
1728,2
1729,4
1730,2
1731,7
1732,3
1733,1
1734,1
1735,4
1736,4
1737,0
1738,1
1739,2
1740,1
1741,1
1742,2
1743,1
1744,3
1745,2
1746,1
1747,2
1748,0
1749,2
1750,0
1751,5
1752,4
1753,1
1754,3
1755,2
1756,0
1757,2
1758,4
1759,0
1760,1
1761,3
1762,0
1763,0
1764,3
1765,1
1766,1
1767,3
1768,2
1769,1
1770,1
1771,3
1772,0
1773,12
1774,3
1775,1
1776,1
1777,4
1778,2
1779,1
1780,4
1781,2
1782,31
1783,4
1784,2
1785,4
1786,1
1787,1
1788,2
1789,1
1790,2
1791,1
1792,0
1793,2
1794,22
1795,2
1796,0
1797,6
1798,0
1799,0
1800,1
1801,0
1802,0
1803,2
1804,30
1805,2
1806,1
1807,1
1808,0
1809,1
1810,2
1811,30
1812,3
1813,3
1814,1
1815,0
1816,0
1817,5
1818,3
1819,1
1820,5
1821,4
1822,1
1823,1
1824,3
1825,2
1826,1
1827,2
1828,1
1829,6
1830,2
1831,1
1832,4
1833,0
1834,0
1835,3
1836,3
1837,3
1838,1
1839,1
1840,1
1841,2
1842,6
1843,0
1844,1
1845,1
1846,2
1847,1
1848,1
1849,4
1850,0
1851,0
1852,0
1853,3
1854,0
1855,2
1856,1
1857,3
1858,3
1859,2
1860,4
1861,2
1862,1
1863,2
1864,0
1865,1
1866,4
1867,1
1868,1
1869,2
1870,2
1871,3
1872,4
1873,2
1874,6
1875,4
1876,2
1877,5
1878,4
1879,2
1880,1
1881,2
1882,1
1883,3
1884,1
1885,2
1886,1
1887,0
1888,1
1889,3
1890,3
1891,6
1892,6
1893,3
1894,3
1895,0
1896,2
1897,2
1898,5
1899,1
1900,4
1901,0
1902,0
1903,0
1904,1
1905,0
1906,3
1907,1
1908,2
1909,1
1910,1
1911,3
1912,1
1913,1
1914,2
1915,1
1916,2
1917,0
1918,1
1919,3
1920,1
1921,1
1922,0
1923,5
1924,2
1925,0
1926,0
1927,1
1928,0
1929,0
1930,2
1931,1
1932,0
1933,4
1934,1
1935,3
1936,1
1937,1
1938,1
1939,0
1940,2
1941,7
1942,2
1943,1
1944,0
1945,2
1946,1
1947,15
1948,0
1949,4
1950,5
1951,3
1952,4
1953,1
1954,2
1955,0
1956,3
1957,26
1958,4
1959,3
1960,1
1961,2
1962,5
1963,3
1964,1
1965,5
1966,1
1967,0
1968,4
1969,3
1970,3
1971,7
1972,0
1973,3
1974,1
1975,2
1976,2
1977,0
1978,3
1979,4
1980,4
1981,5
1982,1
1983,2
1984,1
1985,2
1986,1
1987,0
1988,2
1989,0
1990,3
1991,2
1992,15
1993,12
1994,0
1995,0
1996,4
1997,1
1998,2
1999,4
2000,1
2001,0
2002,1
2003,15
2004,0
2005,3
2006,1
2007,0
2008,2
2009,0
2010,0
2011,2
2012,0
2013,1
2014,2
2015,0
2016,1
2017,20
2018,1
2019,3
2020,35
2021,4
2022,0
2023,0
2024,1
2025,0
2026,2
2027,2
2028,2
2029,15
2030,9
2031,1
2032,0
2033,1
2034,1
2035,1
2036,2
2037,1
2038,0
2039,13
2040,6
2041,1
2042,2
2043,2
2044,0
2045,0
2046,1
2047,1
2048,32
2049,3
2050,23
2051,1
2052,0
2053,1
2054,2
2055,1
2056,1
2057,3
2058,3
2059,0
2060,0
2061,1
2062,1
2063,0
2064,2
2065,1
2066,0
2067,1
2068,0
2069,3
2070,0
2071,0
2072,2
2073,0
2074,2
2075,2
2076,1
2077,39
2078,1
2079,12
2080,0
2081,3
2082,0
2083,3
2084,1
2085,1
2086,0
2087,0
2088,30
2089,5
2090,11
2091,0
2092,2
2093,0
2094,3
2095,3
2096,2
2097,0
2098,0
2099,2
2100,1
2101,2
2102,1
2103,1
2104,2
2105,3
2106,36
2107,2
2108,1
2109,4
2110,5
2111,0
2112,12
2113,4
2114,1
2115,1
2116,2
2117,5
2118,1
2119,3
2120,1
2121,0
2122,2
2123,1
2124,0
2125,2
2126,1
2127,54
2128,1
2129,1
2130,2
2131,2
2132,1
2133,3
2134,18
2135,1
2136,3
2137,1
2138,1
2139,4
2140,3
2141,0
2142,1
2143,1
2144,0
2145,2
2146,5
2147,0
2148,0
2149,2
2150,0
2151,2
2152,3
2153,2
2154,1
2155,0
2156,6
2157,0
2158,1
2159,10
2160,1
2161,1
2162,0
2163,1
2164,0
2165,1
2166,1
2167,0
2168,1
2169,0
2170,5
2171,2
2172,1
2173,0
2174,2
2175,0
2176,2
2177,1
2178,0
2179,1
2180,1
2181,0
2182,2
2183,4
2184,2
2185,0
2186,3
2187,3
2188,1
2189,2
2190,1
2191,9
2192,1
2193,4
2194,2
2195,9
2196,3
2197,1
2198,4
2199,0
2200,1
2201,1
2202,0
2203,2
2204,0
2205,2
2206,2
2207,2
2208,4
2209,2
2210,0
2211,1
2212,1
2213,0
2214,3
2215,1
2216,2
2217,5
2218,0
2219,8
2220,47
2221,3
2222,3
2223,6
2224,1
2225,4
2226,1
2227,1
2228,2
2229,2
2230,0
2231,3
2232,2
2233,3
2234,1
2235,1
2236,5
2237,2
2238,5
2239,1
2240,5
2241,1
2242,3
2243,1
2244,5
2245,1
2246,2
2247,13
2248,3
2249,0
2250,1
2251,0
2252,2
2253,0
2254,0
2255,1
2256,3
2257,2
2258,0
2259,0
2260,1
2261,0
2262,0
2263,0
2264,0
2265,6
2266,1
2267,1
2268,1
2269,1
2270,3
2271,16
2272,0
2273,1
2274,2
2275,1
2276,0
2277,1
2278,2
2279,2
2280,1
2281,2
2282,56
2283,0
2284,3
2285,0
2286,1
2287,1
2288,5
2289,4
2290,3
2291,2
2292,2
2293,0
2294,0
2295,1
2296,4
2297,3
2298,0
2299,0
2300,2
2301,0
2302,0
2303,4
2304,3
2305,1
2306,2
2307,50
2308,5
2309,1
2310,3
2311,1
2312,4
2313,3
2314,1
2315,0
2316,1
2317,2
2318,0
2319,0
2320,1
2321,1
2322,1
2323,0
2324,1
2325,1
2326,0
2327,2
2328,0
2329,9
2330,1
2331,1
2332,1
2333,0
2334,1
2335,3
2336,1
2337,1
2338,1
2339,2
2340,1
2341,4
2342,3
2343,1
2344,2
2345,0
2346,3
2347,1
2348,0
2349,0
2350,1
2351,0
2352,1
2353,0
2354,1
2355,2
2356,0
2357,1
2358,2
2359,1
2360,0
2361,2
2362,0
2363,3
2364,3
2365,4
2366,1
2367,1
2368,1
2369,0
2370,2
2371,1
2372,1
2373,0
2374,1
2375,2
2376,2
2377,0
2378,0
2379,0
2380,2
2381,1
2382,0
2383,3
2384,0
2385,43
2386,0
2387,0
2388,4
2389,0
2390,1
2391,2
2392,0
2393,0
2394,3
2395,2
2396,18
2397,0
2398,1
2399,0
2400,1
2401,1
2402,1
2403,0
2404,1
2405,0
2406,2
2407,3
2408,0
2409,0
2410,1
2411,2
2412,2
2413,1
2414,1
2415,1
2416,0
2417,1
2418,3
2419,0
2420,1
2421,2
2422,0
2423,0
2424,0
2425,2
2426,3
2427,3
2428,2
2429,0
2430,8
2431,1
2432,0
2433,0
2434,54
2435,1
2436,3
2437,3
2438,1
2439,1
2440,2
2441,1
2442,1
2443,1
2444,7
2445,8
2446,0
2447,2
2448,3
2449,1
2450,5
2451,1
2452,1
2453,1
2454,1
2455,0
2456,1
2457,0
2458,1
2459,3
2460,1
2461,1
2462,3
2463,2
2464,0
2465,0
2466,2
2467,1
2468,1
2469,1
2470,2
2471,1
2472,1
2473,5
2474,0
2475,0
2476,0
2477,3
2478,1
2479,2
2480,3
2481,0
2482,0
2483,2
2484,0
2485,1
2486,5
2487,0
2488,10
2489,1
2490,6
2491,1
2492,1
2493,1
2494,0
2495,1
2496,0
2497,2
2498,2
2499,0
2500,2
2501,18
2502,1
2503,1
2504,2
2505,1
2506,0
2507,55
2508,3
2509,2
2510,3
2511,0
2512,1
2513,7
2514,1
2515,1
2516,7
2517,0
2518,14
2519,1
2520,1
2521,2
2522,1
2523,1
2524,0
2525,0
2526,1
2527,0
2528,0
2529,0
2530,0
2531,1
2532,0
2533,3
2534,2
2535,2
2536,1
2537,0
2538,1
2539,1
2540,1
2541,2
2542,2
2543,1
2544,3
2545,0
2546,2
2547,0
2548,0
2549,2
2550,3
2551,1
2552,2
2553,2
2554,0
2555,1
2556,46
2557,0
2558,0
2559,1
2560,3
2561,3
2562,3
2563,0
2564,0
2565,1
2566,5
2567,1
2568,2
2569,1
2570,17
2571,1
2572,0
2573,2
2574,0
2575,4
2576,0
2577,0
2578,1
2579,7
2580,2
2581,0
2582,3
2583,4
2584,0
2585,1
2586,1
2587,1
2588,6
2589,2
2590,2
2591,0
2592,1
2593,0
2594,7
2595,5
2596,0
2597,16
2598,1
2599,0
2600,2
2601,0
2602,1
2603,56
2604,1
2605,1
2606,1
2607,1
2608,1
2609,1
2610,0
2611,1
2612,1
2613,0
2614,0
2615,0
2616,5
2617,14
2618,0
2619,1
2620,1
2621,0
2622,4
2623,2
2624,2
2625,0
2626,2
2627,0
2628,1
2629,7
2630,1
2631,0
2632,0
2633,3
2634,3
2635,1
2636,1
2637,25
2638,1
2639,0
2640,1
2641,3
2642,1
2643,1
2644,2
2645,2
2646,0
2647,3
2648,0
2649,0
2650,0
2651,0
2652,1
2653,2
2654,1
2655,1
2656,1
2657,2
2658,0
2659,3
2660,1
2661,1
2662,1
2663,1
2664,2
2665,1
2666,1
2667,5
2668,3
2669,2
2670,3
2671,0
2672,1
2673,1
2674,1
2675,2
2676,1
2677,2
2678,0
2679,1
2680,3
2681,7
2682,2
2683,4
2684,0
2685,2
2686,1
2687,0
2688,6
2689,0
2690,35
2691,3
2692,1
2693,1
2694,3
2695,2
2696,6
2697,1
2698,5
2699,2
2700,0
2701,2
2702,8
2703,1
2704,1
2705,5
2706,0
2707,10
2708,2
2709,0
2710,0
2711,0
2712,1
2713,1
2714,2
2715,1
2716,2
2717,0
2718,1
2719,0
2720,2
2721,0
2722,0
2723,3
2724,0
2725,1
2726,5
2727,0
2728,2
2729,1
2730,2
2731,1
2732,1
2733,1
2734,2
2735,1
2736,0
2737,1
2738,2
2739,2
2740,4
2741,1
2742,3
2743,4
2744,0
2745,42
2746,2
2747,1
2748,2
2749,0
2750,1
2751,1
2752,13
2753,1
2754,1
2755,2
2756,14
2757,0
2758,4
2759,2
2760,0
2761,0
2762,0
2763,4
2764,0
2765,3
2766,0
2767,4
2768,1
2769,1
2770,2
2771,4
2772,2
2773,3
2774,1
2775,3
2776,2
2777,1
2778,0
2779,1
2780,0
2781,1
2782,1
2783,0
2784,0
2785,1
2786,1
2787,1
2788,59
2789,3
2790,0
2791,2
2792,1
2793,2
2794,1
2795,1
2796,0
2797,0
2798,1
2799,0
2800,1
2801,0
2802,1
2803,1
2804,10
2805,0
2806,0
2807,0
2808,0
2809,0
2810,2
2811,3
2812,2
2813,7
2814,0
2815,1
2816,1
2817,5
2818,1
2819,1
2820,2
2821,0
2822,0
2823,5
2824,0
2825,1
2826,0
2827,2
2828,1
2829,1
2830,0
2831,4
2832,2
2833,3
2834,8
2835,1
2836,0
2837,0
2838,3
2839,0
2840,3
2841,0
2842,2
2843,0
2844,0
2845,0
2846,3
2847,2
2848,30
2849,1
2850,0
2851,0
2852,1
2853,11
2854,1
2855,0
2856,1
2857,0
2858,0
2859,2
2860,4
2861,1
2862,1
2863,0
2864,1
2865,2
2866,1
2867,0
2868,1
2869,1
2870,0
2871,4
2872,1
2873,0
2874,0
2875,1
2876,1
2877,4
2878,0
2879,0
2880,54
2881,0
2882,2
2883,1
2884,0
2885,4
2886,0
2887,4
2888,0
2889,0
2890,0
2891,2
2892,1
2893,0
2894,1
2895,3
2896,1
2897,1
2898,77
2899,1
2900,1
2901,1
2902,0
2903,24
2904,0
2905,3
2906,0
2907,2
2908,0
2909,1
2910,5
2911,3
2912,4
2913,1
2914,5
2915,1
2916,0
2917,1
2918,3
2919,1
2920,0
2921,2
2922,0
2923,3
2924,3
2925,1
2926,0
2927,2
2928,1
2929,1
2930,1
2931,20
2932,1
2933,0
2934,0
2935,0
2936,1
2937,12
2938,0
2939,4
2940,1
2941,0
2942,0
2943,1
2944,0
2945,0
2946,0
2947,1
2948,0
2949,1
2950,1
2951,0
2952,6
2953,0
2954,0
2955,1
2956,0
2957,1
2958,1
2959,15
2960,0
2961,1
2962,0
2963,1
2964,0
2965,1
2966,8
2967,1
2968,1
2969,3
2970,0
2971,0
2972,1
2973,1
2974,4
2975,63
2976,0
2977,1
2978,2
2979,0
2980,3
2981,1
2982,2
2983,12
2984,4
2985,2
2986,0
2987,0
2988,3
2989,1
2990,0
2991,0
2992,4
2993,4
2994,0
2995,0
2996,0
2997,0
2998,2
2999,2
3000,1
3001,33
3002,5
3003,0
3004,1
3005,5
3006,0
3007,3
3008,0
3009,2
3010,3
3011,0
3012,0
3013,3
3014,0
3015,0
3016,1
3017,1
3018,1
3019,1
3020,1
3021,5
3022,0
3023,1
3024,8
3025,6
3026,0
3027,0
3028,0
3029,6
3030,0
3031,1
3032,0
3033,0
3034,1
3035,0
3036,2
3037,1
3038,1
3039,4
3040,0
3041,0
3042,8
3043,4
3044,2
3045,0
3046,2
3047,2
3048,1
3049,0
3050,2
3051,3
3052,2
3053,1
3054,1
3055,2
3056,1
3057,1
3058,0
3059,2
3060,1
3061,4
3062,4
3063,0
3064,2
3065,2
3066,3
3067,3
3068,8
3069,0
3070,0
3071,19
3072,0
3073,1
3074,1
3075,2
3076,2
3077,1
3078,1
3079,0
3080,0
3081,1
3082,0
3083,2
3084,2
3085,1
3086,3
3087,3
3088,0
3089,2
3090,3
3091,1
3092,2
3093,0
3094,0
3095,3
3096,1
3097,0
3098,11
3099,0
3100,0
3101,1
3102,2
3103,1
3104,4
3105,1
3106,0
3107,0
3108,35
3109,1
3110,1
3111,1
3112,1
3113,1
3114,0
3115,0
3116,1
3117,0
3118,0
3119,3
3120,0
3121,3
3122,2
3123,0
3124,2
3125,0
3126,1
3127,0
3128,1
3129,1
3130,1
3131,0
3132,1
3133,0
3134,2
3135,0
3136,1
3137,0
3138,2
3139,1
3140,0
3141,1
3142,41
3143,2
3144,2
3145,2
3146,2
3147,1
3148,2
3149,3
3150,3
3151,4
3152,1
3153,0
3154,1
3155,0
3156,2
3157,0
3158,2
3159,0
3160,2
3161,0
3162,15
3163,3
3164,54
3165,0
3166,0
3167,1
3168,1
3169,0
3170,0
3171,0
3172,4
3173,0
3174,4
3175,2
3176,0
3177,0
3178,0
3179,0
3180,1
3181,1
3182,0
3183,1
3184,6
3185,0
3186,2
3187,1
3188,0
3189,3
3190,0
3191,2
3192,1
3193,1
3194,2
3195,1
3196,1
3197,2
3198,0
3199,0
3200,0
3201,0
3202,1
3203,1
3204,1
3205,0
3206,1
3207,0
3208,0
3209,0
3210,1
3211,0
3212,0
3213,1
3214,1
3215,2
3216,0
3217,1
3218,0
3219,2
3220,5
3221,0
3222,0
3223,1
3224,1
3225,0
3226,0
3227,1
3228,4
3229,3
3230,0
3231,0
3232,1
3233,2
3234,0
3235,3
3236,3
3237,1
3238,2
3239,0
3240,2
3241,7
3242,3
3243,0
3244,3
3245,3
3246,0
3247,0
3248,43
3249,1
3250,2
3251,4
3252,0
3253,1
3254,2
3255,0
3256,0
3257,2
3258,0
3259,0
3260,1
3261,1
3262,2
3263,1
3264,1
3265,1
3266,3
3267,1
3268,2
3269,0
3270,6
3271,0
3272,1
3273,0
3274,0
3275,1
3276,1
3277,6
3278,1
3279,1
3280,0
3281,0
3282,3
3283,0
3284,0
3285,0
3286,0
3287,2
3288,1
3289,1
3290,0
3291,0
3292,0
3293,1
3294,6
3295,0
3296,4
3297,0
3298,1
3299,0
3300,1
3301,1
3302,11
3303,1
3304,0
3305,7
3306,0
3307,2
3308,1
3309,1
3310,0
3311,0
3312,2
3313,0
3314,0
3315,1
3316,0
3317,3
3318,0
3319,0
3320,0
3321,0
3322,1
3323,0
3324,1
3325,0
3326,3
3327,0
3328,1
3329,1
3330,0
3331,0
3332,5
3333,2
3334,4
3335,1
3336,0
3337,0
3338,0
3339,0
3340,2
3341,1
3342,1
3343,4
3344,0
3345,0
3346,1
3347,9
3348,2
3349,1
3350,1
3351,0
3352,1
3353,0
3354,3
3355,0
3356,1
3357,0
3358,0
3359,0
3360,0
3361,1
3362,2
3363,0
3364,1
3365,2
3366,2
3367,3
3368,1
3369,0
3370,0
3371,2
3372,0
3373,0
3374,1
3375,0
3376,6
3377,1
3378,2
3379,0
3380,0
3381,0
3382,4
3383,0
3384,1
3385,0
3386,1
3387,4
3388,2
3389,0
3390,1
3391,1
3392,0
3393,0
3394,1
3395,1
3396,2
3397,0
3398,5
3399,0
3400,0
3401,0
3402,1
3403,0
3404,2
3405,2
3406,0
3407,0
3408,0
3409,0
3410,2
3411,0
3412,0
3413,24
3414,1
3415,0
3416,0
3417,1
3418,2
3419,3
3420,0
3421,0
3422,0
3423,2
3424,0
3425,0
3426,2
3427,10
3428,0
3429,2
3430,1
3431,0
3432,0
3433,1
3434,1
3435,0
3436,1
3437,0
3438,0
3439,1
3440,1
3441,4
3442,0
3443,0
3444,2
3445,2
3446,1
3447,2
3448,1
3449,0
3450,1
3451,0
3452,0
3453,20
3454,0
3455,0
3456,1
3457,2
3458,2
3459,0
3460,1
3461,1
3462,0
3463,0
3464,3
3465,0
3466,0
3467,1
3468,0
3469,0
3470,2
3471,2
3472,1
3473,2
3474,0
3475,0
3476,0
3477,1
3478,5
3479,0
3480,0
3481,1
3482,2
3483,0
3484,14
3485,1
3486,21
3487,0
3488,0
3489,1
3490,0
3491,1
3492,0
3493,3
3494,30
3495,1
3496,3
3497,0
3498,1
3499,1
3500,4
3501,0
3502,0
3503,0
3504,1
3505,2
3506,2
3507,1
3508,3
3509,1
3510,0
3511,1
3512,4
3513,0
3514,0
3515,0
3516,2
3517,0
3518,0
3519,0
3520,5
3521,53
3522,0
3523,0
3524,0
3525,2
3526,0
3527,15
3528,1
3529,1
3530,0
3531,1
3532,1
3533,0
3534,0
3535,0
3536,1
3537,23
3538,1
3539,0
3540,2
3541,0
3542,0
3543,0
3544,0
3545,1
3546,1
3547,0
3548,22
3549,2
3550,1
3551,0
3552,0
3553,23
3554,1
3555,1
3556,0
3557,2
3558,0
3559,1
3560,3
3561,1
3562,1
3563,1
3564,1
3565,0
3566,12
3567,0
3568,0
3569,0
3570,2
3571,0
3572,0
3573,4
3574,2
3575,0
3576,1
3577,0
3578,0
3579,0
3580,1
3581,1
3582,0
3583,0
3584,0
3585,1
3586,2
3587,1
3588,5
3589,1
3590,0
3591,0
3592,20
3593,17
3594,0
3595,0
3596,0
3597,1
3598,1
3599,4
3600,1
3601,0
3602,0
3603,1
3604,1
3605,0
3606,0
3607,0
3608,0
3609,1
3610,2
3611,7
3612,1
3613,1
3614,0
3615,0
3616,0
3617,0
3618,0
3619,0
3620,1
3621,1
3622,0
3623,4
3624,2
3625,1
3626,1
3627,1
3628,4
3629,0
3630,1
3631,6
3632,1
3633,0
3634,0
3635,0
3636,7
3637,0
3638,1
3639,0
3640,0
3641,2
3642,1
3643,2
3644,6
3645,1
3646,1
3647,1
3648,0
3649,0
3650,0
3651,1
3652,2
3653,68
3654,1
3655,0
3656,1
3657,0
3658,1
3659,1
3660,0
3661,1
3662,0
3663,3
3664,0
3665,0
3666,0
3667,0
3668,2
3669,1
3670,0
3671,1
3672,0
3673,5
3674,1
3675,1
3676,0
3677,1
3678,1
3679,0
3680,0
3681,0
3682,1
3683,0
3684,3
3685,1
3686,0
3687,0
3688,0
3689,0
3690,0
3691,0
3692,1
3693,4
3694,27
3695,1
3696,0
3697,1
3698,0
3699,1
3700,1
3701,0
3702,0
3703,0
3704,0
3705,1
3706,4
3707,0
3708,48
3709,0
3710,1
3711,2
3712,0
3713,0
3714,1
3715,2
3716,0
3717,2
3718,4
3719,0
3720,2
3721,0
3722,3
3723,0
3724,1
3725,3
3726,2
3727,1
3728,0
3729,4
3730,9
3731,3
3732,1
3733,0
3734,1
3735,1
3736,1
3737,3
3738,1
3739,1
3740,0
3741,0
3742,1
3743,1
3744,1
3745,0
3746,1
3747,1
3748,2
3749,0
3750,13
3751,0
3752,2
3753,0
3754,2
3755,1
3756,0
3757,0
3758,0
3759,2
3760,4
3761,0
3762,1
3763,11
3764,1
3765,1
3766,2
3767,2
3768,1
3769,0
3770,1
3771,0
3772,1
3773,0
3774,1
3775,1
3776,1
3777,2
3778,1
3779,0
3780,1
3781,1
3782,3
3783,0
3784,1
3785,0
3786,1
3787,1
3788,2
3789,4
3790,1
3791,13
3792,2
3793,0
3794,0
3795,0
3796,0
3797,1
3798,5
3799,104
3800,1
3801,5
3802,0
3803,0
3804,1
3805,1
3806,2
3807,0
3808,2
3809,0
3810,1
3811,1
3812,6
3813,1
3814,1
3815,1
3816,0
3817,0
3818,12
3819,0
3820,1
3821,1
3822,0
3823,46
3824,0
3825,3
3826,1
3827,0
3828,0
3829,1
3830,0
3831,0
3832,1
3833,1
3834,4
3835,0
3836,0
3837,3
3838,1
3839,1
3840,2
3841,4
3842,1
3843,0
3844,5
3845,2
3846,0
3847,0
3848,1
3849,1
3850,1
3851,0
3852,3
3853,4
3854,0
3855,1
3856,1
3857,1
3858,0
3859,0
3860,0
3861,6
3862,0
3863,1
3864,2
3865,0
3866,1
3867,1
3868,0
3869,1
3870,0
3871,0
3872,0
3873,1
3874,1
3875,1
3876,8
3877,0
3878,0
3879,0
3880,1
3881,1
3882,1
3883,1
3884,2
3885,8
3886,0
3887,0
3888,3
3889,0
3890,0
3891,0
3892,0
3893,1
3894,2
3895,3
3896,2
3897,0
3898,1
3899,0
3900,1
3901,0
3902,0
3903,0
3904,2
3905,1
3906,1
3907,2
3908,0
3909,0
3910,0
3911,1
3912,0
3913,1
3914,0
3915,1
3916,2
3917,1
3918,0
3919,0
3920,1
3921,1
3922,8
3923,0
3924,0
3925,0
3926,0
3927,1
3928,3
3929,1
3930,0
3931,0
3932,0
3933,0
3934,6
3935,0
3936,0
3937,1
3938,0
3939,2
3940,1
3941,3
3942,1
3943,1
3944,2
3945,0
3946,0
3947,2
3948,0
3949,1
3950,1
3951,2
3952,0
3953,2
3954,1
3955,73
3956,2
3957,0
3958,2
3959,1
3960,0
3961,1
3962,2
3963,1
3964,1
3965,0
3966,1
3967,1
3968,2
3969,1
3970,1
3971,1
3972,0
3973,1
3974,12
3975,0
3976,0
3977,4
3978,2
3979,5
3980,0
3981,63
3982,2
3983,0
3984,0
3985,1
3986,1
3987,0
3988,0
3989,0
3990,1
3991,0
3992,8
3993,1
3994,0
3995,0
3996,0
3997,3
3998,1
3999,13
4000,0
4001,15
4002,0
4003,1
4004,0
4005,1
4006,6
4007,1
4008,1
4009,2
4010,1
4011,1
4012,5
4013,1
4014,4
4015,2
4016,1
4017,2
4018,1
4019,0
4020,0
4021,0
4022,3
4023,0
4024,0
4025,0
4026,4
4027,0
4028,0
4029,2
4030,1
4031,0
4032,0
4033,1
4034,1
4035,0
4036,2
4037,0
4038,0
4039,2
4040,2
4041,0
4042,1
4043,0
4044,0
4045,3
4046,0
4047,0
4048,1
4049,0
4050,1
4051,0
4052,0
4053,9
4054,0
4055,0
4056,2
4057,2
4058,1
4059,0
4060,1
4061,7
4062,0
4063,0
4064,2
4065,0
4066,1
4067,1
4068,0
4069,0
4070,2
4071,2
4072,0
4073,1
4074,0
4075,1
4076,1
4077,1
4078,1
4079,0
4080,1
4081,1
4082,0
4083,0
4084,9
4085,0
4086,0
4087,0
4088,1
4089,0
4090,0
4091,0
4092,5
4093,1
4094,1
4095,1
4096,8
4097,0
4098,1
4099,1
4100,1
4101,4
4102,0
4103,1
4104,1
4105,0
4106,0
4107,16
4108,0
4109,1
4110,1
4111,0
4112,2
4113,2
4114,1
4115,0
4116,0
4117,0
4118,0
4119,2
4120,1
4121,1
4122,0
4123,0
4124,0
4125,1
4126,0
4127,0
4128,5
4129,13
4130,1
4131,1
4132,2
4133,0
4134,2
4135,1
4136,0
4137,0
4138,1
4139,0
4140,0
4141,0
4142,1
4143,0
4144,0
4145,1
4146,1
4147,0
4148,0
4149,0
4150,1
4151,0
4152,0
4153,0
4154,0
4155,0
4156,0
4157,1
4158,1
4159,1
4160,1
4161,0
4162,0
4163,1
4164,1
4165,2
4166,0
4167,0
4168,1
4169,0
4170,0
4171,1
4172,1
4173,1
4174,0
4175,1
4176,1
4177,3
4178,0
4179,0
4180,0
4181,0
4182,0
4183,0
4184,0
4185,0
4186,1
4187,2
4188,0
4189,0
4190,2
4191,0
4192,19
4193,0
4194,1
4195,0
4196,9
4197,1
4198,2
4199,0
4200,0
4201,2
4202,1
4203,2
4204,0
4205,2
4206,1
4207,1
4208,0
4209,1
4210,1
4211,0
4212,0
4213,1
4214,0
4215,0
4216,1
4217,0
4218,1
4219,0
4220,1
4221,0
4222,6
4223,3
4224,5
4225,0
4226,2
4227,0
4228,0
4229,3
4230,0
4231,1
4232,2
4233,0
4234,1
4235,1
4236,8
4237,0
4238,0
4239,0
4240,1
4241,0
4242,1
4243,2
4244,10
4245,1
4246,2
4247,2
4248,0
4249,1
4250,8
4251,2
4252,0
4253,0
4254,1
4255,0
4256,0
4257,0
4258,3
4259,0
4260,1
4261,0
4262,0
4263,0
4264,10
4265,1
4266,0
4267,0
4268,0
4269,0
4270,0
4271,1
4272,0
4273,1
4274,1
4275,2
4276,2
4277,0
4278,6
4279,1
4280,0
4281,0
4282,6
4283,0
4284,0
4285,0
4286,1
4287,2
4288,2
4289,0
4290,1
4291,1
4292,4
4293,0
4294,21
4295,1
4296,0
4297,1
4298,1
4299,0
4300,0
4301,0
4302,0
4303,0
4304,0
4305,0
4306,6
4307,3
4308,18
4309,5
4310,5
4311,0
4312,0
4313,0
4314,0
4315,0
4316,0
4317,0
4318,0
4319,0
4320,3
4321,5
4322,0
4323,0
4324,3
4325,1
4326,0
4327,1
4328,1
4329,0
4330,0
4331,0
4332,5
4333,0
4334,1
4335,0
4336,1
4337,17
4338,1
4339,1
4340,3
4341,0
4342,5
4343,0
4344,0
4345,1
4346,6
4347,1
4348,0
4349,0
4350,0
4351,0
4352,2
4353,5
4354,0
4355,0
4356,16
4357,0
4358,0
4359,1
4360,1
4361,1
4362,1
4363,0
4364,2
4365,0
4366,0
4367,0
4368,2
4369,1
4370,0
4371,2
4372,0
4373,7
4374,0
4375,0
4376,0
4377,1
4378,1
4379,2
4380,0
4381,0
4382,1
4383,1
4384,4
4385,1
4386,0
4387,0
4388,0
4389,2
4390,4
4391,1
4392,1
4393,1
4394,0
4395,0
4396,1
4397,0
4398,6
4399,1
4400,0
4401,0
4402,0
4403,3
4404,0
4405,0
4406,0
4407,0
4408,1
4409,2
4410,89
4411,1
4412,1
4413,1
4414,3
4415,0
4416,1
4417,0
4418,26
4419,4
4420,0
4421,4
4422,0
4423,0
4424,0
4425,0
4426,3
4427,0
4428,0
4429,26
4430,1
4431,0
4432,22
4433,0
4434,0
4435,0
4436,1
4437,0
4438,0
4439,21
4440,0
4441,1
4442,2
4443,4
4444,2
4445,1
4446,0
4447,0
4448,0
4449,1
4450,0
4451,0
4452,0
4453,2
4454,1
4455,3
4456,1
4457,1
4458,0
4459,1
4460,0
4461,0
4462,0
4463,1
4464,0
4465,1
4466,16
4467,1
4468,0
4469,0
4470,0
4471,1
4472,1
4473,13
4474,0
4475,8
4476,3
4477,0
4478,0
4479,4
4480,1
4481,0
4482,0
4483,0
4484,10
4485,0
4486,1
4487,0
4488,1
4489,0
4490,1
4491,0
4492,1
4493,0
4494,31
4495,0
4496,0
4497,0
4498,1
4499,0
4500,1
4501,0
4502,0
4503,0
4504,4
4505,1
4506,1
4507,0
4508,1
4509,0
4510,2
4511,5
4512,1
4513,0
4514,0
4515,0
4516,0
4517,0
4518,0
4519,1
4520,1
4521,4
4522,0
4523,5
4524,14
4525,0
4526,0
4527,0
4528,1
4529,1
4530,0
4531,2
4532,1
4533,0
4534,1
4535,2
4536,22
4537,1
4538,0
4539,1
4540,4
4541,2
4542,1
4543,2
4544,1
4545,0
4546,0
4547,0
4548,0
4549,4
4550,1
4551,106
4552,0
4553,2
4554,1
4555,36
4556,0
4557,24
4558,0
4559,2
4560,1
4561,7
4562,1
4563,1
4564,0
4565,0
4566,0
4567,0
4568,7
4569,1
4570,1
4571,0
4572,0
4573,0
4574,0
4575,1
4576,1
4577,4
4578,0
4579,0
4580,1
4581,0
4582,0
4583,5
4584,2
4585,0
4586,0
4587,0
4588,2
4589,0
4590,0
4591,0
4592,0
4593,0
4594,0
4595,0
4596,1
4597,1
4598,0
4599,0
4600,0
4601,7
4602,2
4603,0
4604,0
4605,8
4606,2
4607,2
4608,0
4609,0
4610,0
4611,1
4612,4
4613,10
4614,1
4615,0
4616,0
4617,0
4618,0
4619,1
4620,0
4621,2
4622,10
4623,0
4624,1
4625,1
4626,1
4627,0
4628,0
4629,0
4630,0
4631,1
4632,3
4633,8
4634,0
4635,1
4636,1
4637,1
4638,0
4639,2
4640,0
4641,0
4642,1
4643,1
4644,1
4645,0
4646,0
4647,0
4648,2
4649,1
4650,0
4651,0
4652,0
4653,3
4654,1
4655,1
4656,0
4657,1
4658,0
4659,0
4660,5
4661,4
4662,2
4663,0
4664,0
4665,0
4666,1
4667,0
4668,0
4669,3
4670,0
4671,0
4672,0
4673,0
4674,4
4675,7
4676,0
4677,0
4678,0
4679,0
4680,2
4681,0
4682,1
4683,0
4684,0
4685,0
4686,2
4687,1
4688,1
4689,2
4690,0
4691,0
4692,0
4693,2
4694,0
4695,1
4696,1
4697,0
4698,0
4699,0
4700,1
4701,0
4702,2
4703,0
4704,0
4705,0
4706,2
4707,22
4708,0
4709,0
4710,0
4711,1
4712,1
4713,0
4714,15
4715,0
4716,15
4717,0
4718,0
4719,18
4720,0
4721,0
4722,0
4723,1
4724,0
4725,1
4726,0
4727,1
4728,0
4729,0
4730,2
4731,1
4732,2
4733,2
4734,0
4735,2
4736,1
4737,13
4738,0
4739,0
4740,2
4741,23
4742,0
4743,2
4744,1
4745,0
4746,0
4747,2
4748,0
4749,0
4750,1
4751,0
4752,0
4753,0
4754,0
4755,0
4756,0
4757,0
4758,0
4759,0
4760,1
4761,0
4762,1
4763,0
4764,0
4765,1
4766,0
4767,0
4768,0
4769,0
4770,1
4771,0
4772,0
4773,1
4774,1
4775,0
4776,1
4777,0
4778,2
4779,0
4780,18
4781,1
4782,0
4783,0
4784,0
4785,2
4786,0
4787,0
4788,0
4789,18
4790,0
4791,7
4792,1
4793,11
4794,0
4795,1
4796,0
4797,1
4798,0
4799,1
4800,0
4801,0
4802,1
4803,3
4804,45
4805,3
4806,4
4807,0
4808,12
4809,0
4810,1
4811,1
4812,1
4813,0
4814,2
4815,8
4816,1
4817,0
4818,10
4819,0
4820,31
4821,0
4822,0
4823,168
4824,1
4825,1
4826,1
4827,1
4828,1
4829,2
4830,0
4831,0
4832,2
4833,3
4834,1
4835,1
4836,0
4837,0
4838,4
4839,3
4840,125
4841,3
4842,0
4843,6
4844,0
4845,0
4846,3
4847,3
4848,0
4849,1
4850,0
4851,0
4852,0
4853,0
4854,2
4855,1
4856,0
4857,2
4858,3
4859,0
4860,0
4861,0
4862,3
4863,1
4864,1
4865,0
4866,0
4867,1
4868,3
4869,0
4870,7
4871,0
4872,0
4873,2
4874,0
4875,2
4876,0
4877,0
4878,0
4879,0
4880,3
4881,5
4882,0
4883,0
4884,0
4885,0
4886,0
4887,0
4888,9
4889,0
4890,1
4891,1
4892,1
4893,5
4894,1
4895,5
4896,0
4897,0
4898,1
4899,0
4900,0
4901,1
4902,0
4903,2
4904,2
4905,0
4906,0
4907,3
4908,0
4909,0
4910,3
4911,1
4912,0
4913,1
4914,1
4915,1
4916,1
4917,0
4918,1
4919,1
4920,2
4921,2
4922,1
4923,0
4924,1
4925,0
4926,0
4927,1
4928,0
4929,1
4930,0
4931,1
4932,0
4933,2
4934,0
4935,2
4936,0
4937,0
4938,0
4939,0
4940,1
4941,2
4942,24
4943,4
4944,0
4945,12
4946,1
4947,0
4948,64
4949,3
4950,0
4951,0
4952,0
4953,0
4954,0
4955,0
4956,1
4957,1
4958,2
4959,1
4960,1
4961,0
4962,0
4963,0
4964,1
4965,39
4966,0
4967,8
4968,0
4969,0
4970,13
4971,6
4972,0
4973,3
4974,0
4975,0
4976,1
4977,3
4978,1
4979,2
4980,1
4981,4
4982,0
4983,0
4984,0
4985,4
4986,2
4987,0
4988,0
4989,0
4990,0
4991,0
4992,0
4993,0
4994,0
4995,1
4996,0
4997,1
4998,4
4999,1
5000,0
5001,1
5002,3
5003,2
5004,0
5005,2
5006,0
5007,0
5008,0
5009,0
5010,1
5011,0
5012,2
5013,1
5014,0
5015,0
5016,4
5017,1
5018,54
5019,1
5020,0
5021,1
5022,1
5023,0
5024,1
5025,0
5026,0
5027,0
5028,0
5029,1
5030,4
5031,0
5032,0
5033,0
5034,0
5035,0
5036,0
5037,0
5038,0
5039,1
5040,0
5041,1
5042,2
5043,1
5044,1
5045,0
5046,0
5047,1
5048,0
5049,0
5050,1
5051,0
5052,1
5053,1
5054,0
5055,0
5056,0
5057,0
5058,0
5059,3
5060,0
5061,0
5062,0
5063,1
5064,0
5065,6
5066,0
5067,0
5068,0
5069,0
5070,0
5071,1
5072,0
5073,0
5074,0
5075,0
5076,0
5077,1
5078,0
5079,0
5080,1
5081,74
5082,1
5083,0
5084,0
5085,1
5086,1
5087,0
5088,3
5089,2
5090,0
5091,0
5092,1
5093,0
5094,1
5095,11
5096,3
5097,1
5098,3
5099,1
5100,0
5101,0
5102,0
5103,0
5104,0
5105,0
5106,0
5107,0
5108,1
5109,0
5110,0
5111,0
5112,0
5113,0
5114,0
5115,0
5116,2
5117,0
5118,1
5119,2
5120,2
5121,0
5122,8
5123,0
5124,3
5125,0
5126,39
5127,0
5128,3
5129,1
5130,1
5131,1
5132,3
5133,0
5134,0
5135,0
5136,0
5137,1
5138,3
5139,0
5140,3
5141,3
5142,0
5143,2
5144,0
5145,0
5146,0
5147,0
5148,1
5149,1
5150,0
5151,10
5152,7
5153,0
5154,0
5155,2
5156,0
5157,0
5158,1
5159,0
5160,1
5161,0
5162,0
5163,0
5164,0
5165,1
5166,0
5167,2
5168,0
5169,0
5170,0
5171,0
5172,2
5173,0
5174,0
5175,0
5176,0
5177,0
5178,0
5179,0
5180,0
5181,0
5182,1
5183,0
5184,0
5185,2
5186,11
5187,3
5188,0
5189,0
5190,0
5191,0
5192,1
5193,0
5194,1
5195,0
5196,6
5197,0
5198,1
5199,4
5200,0
5201,0
5202,1
5203,2
5204,0
5205,0
5206,0
5207,0
5208,1
5209,1
5210,0
5211,1
5212,0
5213,3
5214,1
5215,0
5216,0
5217,0
5218,0
5219,0
5220,2
5221,0
5222,3
5223,0
5224,0
5225,2
5226,1
5227,2
5228,1
5229,0
5230,0
5231,0
5232,29
5233,0
5234,1
5235,5
5236,0
5237,0
5238,0
5239,0
5240,59
5241,0
5242,0
5243,0
5244,0
5245,0
5246,0
5247,1
5248,1
5249,1
5250,0
5251,1
5252,1
5253,1
5254,0
5255,0
5256,0
5257,0
5258,0
5259,0
5260,0
5261,0
5262,127
5263,1
5264,3
5265,0
5266,0
5267,0
5268,1
5269,1
5270,17
5271,1
5272,0
5273,1
5274,0
5275,0
5276,18
5277,0
5278,0
5279,0
5280,1
5281,0
5282,0
5283,0
5284,0
5285,0
5286,0
5287,0
5288,0
5289,1
5290,9
5291,1
5292,1
5293,0
5294,0
5295,1
5296,1
5297,0
5298,0
5299,1
5300,1
5301,0
5302,1
5303,0
5304,2
5305,0
5306,0
5307,0
5308,0
5309,0
5310,0
5311,2
5312,0
5313,4
5314,0
5315,8
5316,1
5317,0
5318,0
5319,0
5320,0
5321,5
5322,0
5323,0
5324,0
5325,0
5326,0
5327,0
5328,0
5329,1
5330,0
5331,0
5332,20
5333,1
5334,1
5335,1
5336,1
5337,0
5338,0
5339,3
5340,1
5341,0
5342,0
5343,3
5344,0
5345,6
5346,0
5347,0
5348,0
5349,0
5350,1
5351,1
5352,0
5353,3
5354,1
5355,0
5356,0
5357,0
5358,44
5359,0
5360,0
5361,2
5362,0
5363,0
5364,0
5365,0
5366,0
5367,1
5368,7
5369,0
5370,0
5371,0
5372,0
5373,0
5374,0
5375,2
5376,0
5377,0
5378,1
5379,13
5380,1
5381,0
5382,0
5383,0
5384,0
5385,1
5386,0
5387,7
5388,0
5389,9
5390,1
5391,0
5392,0
5393,1
5394,4
5395,0
5396,1
5397,0
5398,2
5399,1
5400,3
5401,0
5402,0
5403,0
5404,0
5405,1
5406,94
5407,0
5408,0
5409,0
5410,1
5411,1
5412,1
5413,2
5414,0
5415,0
5416,0
5417,0
5418,1
5419,0
5420,3
5421,126
5422,2
5423,1
5424,1
5425,0
5426,0
5427,0
5428,1
5429,4
5430,2
5431,0
5432,2
5433,0
5434,1
5435,84
5436,0
5437,0
5438,0
5439,188
5440,1
5441,9
5442,3
5443,0
5444,0
5445,0
5446,0
5447,3
5448,0
5449,1
5450,0
5451,0
5452,0
5453,1
5454,40
5455,2
5456,0
5457,1
5458,0
5459,5
5460,0
5461,24
5462,0
5463,82
5464,3
5465,0
5466,3
5467,0
5468,9
5469,0
5470,0
5471,0
5472,1
5473,0
5474,3
5475,0
5476,0
5477,0
5478,1
5479,0
5480,0
5481,0
5482,2
5483,0
5484,1
5485,0
5486,0
5487,0
5488,0
5489,1
5490,1
5491,0
5492,0
5493,1
5494,2
5495,0
5496,1
5497,0
5498,0
5499,1
5500,1
5501,0
5502,0
5503,0
5504,1
5505,0
5506,1
5507,0
5508,55
5509,0
5510,1
5511,1
5512,152
5513,1
5514,1
5515,15
5516,1
5517,0
5518,0
5519,0
5520,0
5521,0
5522,0
5523,2
5524,1
5525,0
5526,2
5527,0
5528,1
5529,0
5530,0
5531,7
5532,0
5533,0
5534,0
5535,0
5536,0
5537,0
5538,6
5539,0
5540,0
5541,0
5542,0
5543,0
5544,0
5545,5
5546,0
5547,2
5548,4
5549,1
5550,0
5551,0
5552,0
5553,0
5554,0
5555,1
5556,0
5557,0
5558,1
5559,0
5560,0
5561,0
5562,3
5563,1
5564,1
5565,0
5566,0
5567,0
5568,0
5569,0
5570,0
5571,0
5572,0
5573,0
5574,0
5575,0
5576,0
5577,0
5578,0
5579,0
5580,0
5581,0
5582,2
5583,0
5584,0
5585,0
5586,3
5587,0
5588,0
5589,0
5590,0
5591,0
5592,0
5593,0
5594,2
5595,0
5596,0
5597,0
5598,0
5599,1
5600,0
5601,0
5602,1
5603,1
5604,0
5605,0
5606,1
5607,0
5608,0
5609,0
5610,1
5611,0
5612,0
5613,2
5614,0
5615,0
5616,0
5617,28
5618,1
5619,0
5620,0
5621,1
5622,2
5623,0
5624,0
5625,0
5626,0
5627,1
5628,0
5629,0
5630,1
5631,0
5632,0
5633,0
5634,0
5635,0
5636,0
5637,0
5638,0
5639,0
5640,0
5641,8
5642,17
5643,1
5644,1
5645,9
5646,8
5647,10
5648,0
5649,2
5650,0
5651,0
5652,0
5653,0
5654,0
5655,0
5656,0
5657,0
5658,0
5659,0
5660,0
5661,0
5662,93
5663,0
5664,0
5665,4
5666,0
5667,0
5668,0
5669,1
5670,0
5671,1
5672,0
5673,0
5674,1
5675,0
5676,0
5677,0
5678,1
5679,0
5680,1
5681,0
5682,0
5683,1
5684,0
5685,0
5686,0
5687,3
5688,8
5689,7
5690,1
5691,3
5692,7
5693,6
5694,1
5695,33
5696,0
5697,0
5698,10
5699,0
5700,0
5701,0
5702,0
5703,0
5704,0
5705,0
5706,0
5707,5
5708,0
5709,0
5710,0
5711,0
5712,0
5713,0
5714,0
5715,0
5716,1
5717,0
5718,0
5719,0
5720,0
5721,0
5722,0
5723,0
5724,3
5725,0
5726,0
5727,0
5728,0
5729,0
5730,3
5731,0
5732,0
5733,3
5734,1
5735,0
5736,0
5737,0
5738,1
5739,0
5740,9
5741,0
5742,0
5743,4
5744,0
5745,0
5746,0
5747,0
5748,0
5749,2
5750,0
5751,0
5752,0
5753,0
5754,0
5755,0
5756,5
5757,0
5758,0
5759,2
5760,0
5761,0
5762,0
5763,0
5764,0
5765,9
5766,2
5767,3
5768,1
5769,0
5770,0
5771,0
5772,0
5773,3
5774,90
5775,0
5776,0
5777,0
5778,0
5779,0
5780,6
5781,0
5782,1
5783,0
5784,2
5785,0
5786,1
5787,0
5788,0
5789,3
5790,0
5791,4
5792,0
5793,0
5794,0
5795,0
5796,0
5797,0
5798,1
5799,0
5800,2
5801,0
5802,0
5803,0
5804,0
5805,1
5806,0
5807,0
5808,2
5809,1
5810,0
5811,4
5812,0
5813,0
5814,3
5815,0
5816,0
5817,0
5818,1
5819,0
5820,0
5821,0
5822,3
5823,0
5824,0
5825,0
5826,0
5827,0
5828,2
5829,0
5830,0
5831,0
5832,0
5833,1
5834,0
5835,0
5836,0
5837,0
5838,0
5839,0
5840,0
5841,3
5842,0
5843,1
5844,0
5845,0
5846,95
5847,0
5848,0
5849,0
5850,1
5851,0
5852,0
5853,0
5854,0
5855,0
5856,1
5857,0
5858,0
5859,0
5860,0
5861,0
5862,0
5863,0
5864,0
5865,0
5866,14
5867,0
5868,0
5869,2
5870,2
5871,1
5872,0
5873,0
5874,2
5875,0
5876,2
5877,2
5878,2
5879,0
5880,0
5881,7
5882,0
5883,0
5884,0
5885,0
5886,1
5887,3
5888,0
5889,0
5890,0
5891,2
5892,0
5893,4
5894,0
5895,1
5896,0
5897,0
5898,0
5899,0
5900,0
5901,0
5902,0
5903,3
5904,0
5905,0
5906,0
5907,0
5908,2
5909,0
5910,0
5911,0
5912,0
5913,1
5914,0
5915,0
5916,3
5917,1
5918,1
5919,0
5920,0
5921,0
5922,0
5923,1
5924,0
5925,1
5926,0
5927,0
5928,0
5929,3
5930,0
5931,7
5932,0
5933,0
5934,0
5935,7
5936,0
5937,0
5938,0
5939,0
5940,0
5941,0
5942,0
5943,0
5944,0
5945,1
5946,0
5947,0
5948,0
5949,1
5950,0
5951,0
5952,0
5953,3
5954,5
5955,0
5956,0
5957,1
5958,0
5959,0
5960,67
5961,9
5962,0
5963,9
5964,2
5965,0
5966,0
5967,0
5968,0
5969,0
5970,0
5971,0
5972,0
5973,0
5974,0
5975,1
5976,1
5977,21
5978,0
5979,0
5980,0
5981,1
5982,0
5983,0
5984,0
5985,0
5986,0
5987,0
5988,0
5989,0
5990,0
5991,0
5992,3
5993,13
5994,0
5995,1
5996,0
5997,0
5998,1
5999,8
6000,2
6001,0
6002,1
6003,0
6004,0
6005,0
6006,0
6007,0
6008,0
6009,8
6010,3
6011,0
6012,0
6013,0
6014,2
6015,0
6016,0
6017,7
6018,94
6019,1
6020,0
6021,0
6022,69
6023,0
6024,0
6025,0
6026,4
6027,1
6028,0
6029,0
6030,0
6031,0
6032,0
6033,0
6034,11
6035,0
6036,1
6037,0
6038,0
6039,0
6040,0
6041,1
6042,1
6043,0
6044,0
6045,0
6046,1
6047,1
6048,0
6049,0
6050,0
6051,0
6052,0
6053,6
6054,0
6055,0
6056,0
6057,0
6058,0
6059,0
6060,0
6061,1
6062,0
6063,0
6064,1
6065,0
6066,0
6067,0
6068,0
6069,0
6070,1
6071,0
6072,0
6073,27
6074,1
6075,6
6076,0
6077,0
6078,5
6079,0
6080,0
6081,0
6082,0
6083,0
6084,3
6085,1
6086,0
6087,0
6088,10
6089,0
6090,0
6091,0
6092,7
6093,0
6094,0
6095,2
6096,0
6097,1
6098,0
6099,0
6100,0
6101,18
6102,2
6103,0
6104,0
6105,1
6106,0
6107,0
6108,6
6109,0
6110,0
6111,1
6112,0
6113,4
6114,1
6115,0
6116,1
6117,11
6118,0
6119,0
6120,3
6121,0
6122,1
6123,0
6124,0
6125,1
6126,1
6127,1
6128,0
6129,0
6130,7
6131,0
6132,0
6133,0
6134,0
6135,0
6136,0
6137,0
6138,1
6139,1
6140,0
6141,1
6142,0
6143,8
6144,7
6145,0
6146,1
6147,1
6148,0
6149,0
6150,0
6151,0
6152,2
6153,1
6154,0
6155,0
6156,0
6157,0
6158,0
6159,0
6160,0
6161,0
6162,0
6163,0
6164,3
6165,0
6166,1
6167,1
6168,0
6169,2
6170,0
6171,0
6172,0
6173,0
6174,1
6175,3
6176,0
6177,0
6178,1
6179,0
6180,0
6181,0
6182,0
6183,0
6184,0
6185,5
6186,0
6187,0
6188,29
6189,0
6190,1
6191,2
6192,0
6193,0
6194,0
6195,0
6196,0
6197,0
6198,2
6199,0
6200,0
6201,0
6202,0
6203,0
6204,1
6205,0
6206,0
6207,1
6208,2
6209,0
6210,1
6211,0
6212,0
6213,1
6214,0
6215,1
6216,0
6217,0
6218,0
6219,1
6220,3
6221,0
6222,0
6223,2
6224,0
6225,0
6226,34
6227,9
6228,0
6229,0
6230,1
6231,0
6232,0
6233,0
6234,0
6235,0
6236,0
6237,5
6238,0
6239,0
6240,0
6241,0
6242,0
6243,0
6244,0
6245,0
6246,0
6247,0
6248,4
6249,2
6250,1
6251,2
6252,0
6253,0
6254,0
6255,2
6256,0
6257,2
6258,0
6259,0
6260,0
6261,0
6262,5
6263,0
6264,6
6265,0
6266,0
6267,0
6268,0
6269,0
6270,1
6271,0
6272,3
6273,0
6274,12
6275,0
6276,8
6277,1
6278,0
6279,0
6280,0
6281,0
6282,6
6283,0
6284,0
6285,0
6286,5
6287,0
6288,0
6289,0
6290,0
6291,0
6292,2
6293,2
6294,0
6295,0
