0,2
1,2
2,2
3,1
4,3
5,1
6,2
7,3
8,0
9,1
10,2
11,3
12,1
13,2
14,1
15,2
16,0
17,6
18,0
19,3
20,2
21,2
22,4
23,3
24,1
25,0
26,2
27,0
28,1
29,3
30,2
31,0
32,3
33,1
34,4
35,1
36,1
37,0
38,2
39,2
40,1
41,1
42,2
43,0
44,2
45,1
46,0
47,3
48,4
49,1
50,0
51,1
52,2
53,2
54,2
55,1
56,1
57,1
58,1
59,1
60,1
61,1
62,2
63,3
64,1
65,1
66,2
67,2
68,1
69,1
70,2
71,0
72,0
73,1
74,4
75,1
76,2
77,1
78,0
79,2
80,3
81,1
82,1
83,2
84,2
85,1
86,1
87,3
88,1
89,0
90,2
91,2
92,0
93,0
94,0
95,1
96,2
97,1
98,1
99,4
100,1
101,4
102,2
103,2
104,0
105,3
106,0
107,1
108,1
109,3
110,3
111,2
112,1
113,3
114,0
115,2
116,2
117,0
118,3
119,0
120,2
121,1
122,2
123,0
124,3
125,2
126,3
127,3
128,1
129,1
130,2
131,1
132,4
133,3
134,3
135,3
136,3
137,5
138,2
139,1
140,0
141,0
142,4
143,2
144,2
145,0
146,1
147,5
148,2
149,4
150,3
151,1
152,1
153,3
154,0
155,3
156,3
157,0
158,4
159,2
160,1
161,3
162,3
163,3
164,2
165,1
166,2
167,1
168,3
169,3
170,2
171,3
172,1
173,4
174,2
175,4
176,1
177,2
178,2
179,3
180,5
181,1
182,4
183,1
184,2
185,1
186,3
187,2
188,6
189,3
190,2
191,3
192,1
193,2
194,1
195,2
196,4
197,1
198,1
199,4
200,0
201,2
202,1
203,2
204,0
205,1
206,2
207,0
208,1
209,4
210,0
211,1
212,3
213,1
214,1
215,0
216,1
217,2
218,0
219,3
220,0
221,1
222,1
223,2
224,2
225,4
226,4
227,3
228,1
229,0
230,1
231,0
232,0
233,5
234,6
235,1
236,4
237,2
238,2
239,0
240,1
241,1
242,1
243,1
244,2
245,1
246,1
247,4
248,1
249,2
250,1
251,0
252,1
253,3
254,3
255,0
256,2
257,1
258,1
259,0
260,1
261,3
262,1
263,4
264,1
265,5
266,2
267,3
268,4
269,2
270,2
271,2
272,2
273,2
274,0
275,1
276,2
277,2
278,4
279,1
280,0
281,3
282,5
283,3
284,4
285,3
286,2
287,3
288,1
289,0
290,2
291,0
292,0
293,1
294,5
295,3
296,4
297,2
298,3
299,2
300,0
301,3
302,5
303,1
304,1
