781381,1
4912015,1
3873717,1
778115,1
4902351,1
781477,1
4896652,1
689312,0
3872833,1
6121476,1
780645,1
774730,1
3873482,1
777636,1
3618659,1
3618689,1
3618655,1
6291414,1
781518,1
781519,1
653900,1
781512,1
781513,1
781510,1
781511,1
781282,4
781206,0
781207,0
780777,1
3872817,1
781363,1
3088376,1
4901539,1
3618804,1
3088672,1
778234,5
5606560,1
780665,1
780840,1
781354,1
3527845,1
3618657,1
3618877,1
781503,1
781502,1
781505,9
781504,2
781507,1
781506,1
3618739,1
781509,3
780500,3
781508,4
780999,4
3618737,1
3872866,1
62691,4
3088388,1
732554,1
3873457,1
3618726,1
3618727,1
1101154,1
781433,3
781500,5
780612,1
781438,1
3618683,1
774700,1
6207321,1
780691,1
780190,1
3872874,1
781522,1
781521,1
781529,1
780122,1
493297,1
779151,1
776257,1
781236,3
3872848,1
777819,2
3872717,1
781489,1
779710,1
738229,1
3873146,1
10476,0
6035840,1
780631,1
3873149,1
781497,1
779044,1
3088731,1
781329,1
3618662,1
3088035,1
780624,2
6264458,1
4920,1
6261211,1
733029,2
3618674,1
781496,1
781495,4
781493,1
781492,1
781491,1
