3785735,1
4883457,2
3785732,0
3792023,2
3792028,1
778118,0
726546,0
726547,0
726544,0
726545,0
726542,0
726543,0
1802395,2
3787397,1
726548,0
726549,0
3785602,1
3480528,0
3785604,2
3785609,2
3847149,1
774649,0
5782465,1
778774,4
2449253,2
780006,0
3599131,2
74018,1
3599137,1
3599139,2
2482672,1
3597869,0
779893,1
3597865,0
3597864,1
3597867,2
86965,0
2108057,2
5014723,2
1283611,1
3596841,1
3791075,2
3596847,2
3597886,1
780175,1
3597884,0
3597883,2
3597882,2
3597880,2
780152,2
780179,3
1534235,0
51845,1
4682757,2
3793067,2
2545753,2
3598878,2
3598877,2
3598876,0
1771553,2
4633251,0
3598872,2
3598870,0
745783,0
2461975,0
780353,4
780352,2
780351,2
5520686,0
780357,3
780356,6
780355,3
780354,1
780359,4
780358,4
6112215,0
2444292,2
5500994,3
1548079,2
3788991,0
3597644,2
6141384,0
3597646,2
741041,1
3597643,0
154728,1
3598983,1
3598982,1
3598981,1
3597648,0
3598985,2
3598984,1
3793516,1
6005237,2
3787535,1
3789571,1
1832540,1
3787482,2
3786953,1
3600885,1
3744952,1
3787392,0
5145211,2
5186124,2
773343,0
3791681,2
3791687,1
779704,0
3791136,2
780307,1
3777561,0
5951350,1
3787805,2
3788506,1
3788508,2
3786820,1
3786822,2
774969,0
3786826,0
712807,0
2290495,2
780301,6
4351514,2
4634141,2
3790084,2
3791229,2
3790080,1
3790082,1
780305,5
3598278,1
3791359,1
3791358,1
6236778,2
1296055,1
275344,0
2019491,2
3598273,2
3598272,1
3598274,0
3598277,0
3598276,2
3784540,2
780308,1
3784545,2
780309,1
3784548,2
5295816,1
3789124,1
756098,1
3788341,1
3788345,2
4363134,2
3731627,1
779674,5
3598472,1
3598471,1
3598470,1
779671,0
3598474,2
3598479,2
3598478,2
775981,0
3119275,1
76084,1
4428019,1
3785428,1
3785966,0
3788233,2
3788230,0
3785962,1
3786608,1
3595830,0
1418948,0
4017642,0
2302604,2
5599743,0
3788723,2
3792656,1
3792301,2
3598542,1
3598051,1
3598050,1
109668,1
3786545,2
3598055,0
3786541,2
3598506,1
3599583,1
3598501,1
3598546,1
2297680,2
2052632,2
3596904,1
3598012,0
1888182,0
3595346,0
3598181,2
5995479,2
3598187,0
3598186,2
3598185,2
3594236,0
3598189,0
3115493,0
3785709,1
3785702,2
777109,0
3785706,1
4691519,2
3734271,0
2450500,0
6251412,2
6072852,0
1211348,0
767942,2
6134777,2
3785635,2
3785637,1
689732,1
4873437,0
3785410,1
3791118,2
1865627,1
754259,2
3597863,0
3599126,2
3599127,1
4436471,1
2894754,2
779883,1
3597878,2
3597879,0
3597872,2
3597870,2
3597871,0
4371035,2
3559842,2
4393795,2
3598391,2
742658,1
780100,1
780106,1
6015942,1
3597898,2
732224,2
2441184,1
3785561,1
5639621,2
3787696,1
845825,0
3793070,2
5450916,2
3598868,2
3598869,2
3793076,2
3669231,0
3598862,2
6079294,2
3010337,0
3786053,1
3374937,0
3786056,2
4388237,0
4140869,0
2977574,2
723710,0
6003943,0
4042438,1
5611120,0
778916,0
6264252,2
780170,1
1636399,2
778910,0
780292,1
780293,1
3597650,2
3597651,0
2869862,2
2486745,1
780294,9
780295,2
3598990,0
3598992,1
3597659,2
3598994,2
3598995,1
3598996,2
5942608,2
3786948,2
772990,1
3786942,2
1387874,2
5229713,1
3789449,1
4209462,2
510248,1
463102,1
1599101,2
3784166,1
2621972,1
777970,0
618816,3
3241644,0
3598972,2
3792900,2
3974512,0
743435,0
3786833,0
3786830,2
2561192,2
779711,1
3791121,2
6092133,2
3787833,2
3490758,0
3787836,0
3788532,2
780436,1
5542295,2
780432,1
765866,12
3598978,2
1201882,0
3791348,1
3720230,1
5229441,1
701464,0
3791341,2
3791342,0
3791344,2
487334,1
3791346,2
6129483,0
3785887,2
747339,1
3784571,0
4544351,1
780415,6
3789135,1
5926393,1
3598163,1
3576758,1
3789915,0
636980,1
3598165,0
779085,2
3598164,2
3598460,0
3598461,1
3598462,2
3598463,1
3598464,2
780287,2
3598467,2
3598468,0
3598469,0
29598,1
3598641,2
3788242,1
2670309,0
3788246,2
5453565,2
3996672,2
3788248,2
3786611,0
3598266,1
3598267,2
3598264,0
3598262,1
3598263,2
3598260,1
3598261,2
3825516,2
3598268,2
3598269,1
3792312,0
3598491,0
3792310,1
3791820,1
3786530,0
3598518,1
3598519,2
4520361,2
3598515,2
3598516,2
6311797,1
3792797,2
3792795,0
3784750,2
3791908,2
3791909,1
2442610,2
740310,0
3788414,2
3596914,0
3598192,2
4453559,0
747682,0
3598199,1
2394305,2
5109825,2
3187401,2
6093042,1
2463086,1
5658991,0
3599483,1
780350,3
3591491,1
3782537,0
3792005,1
3783808,0
744019,2
2942064,0
3786448,0
3786442,0
3786440,1
5608628,0
5948997,1
3791180,0
2551344,2
2473910,0
3785620,2
3785626,1
4062327,0
5353402,1
3599159,0
3785396,1
3785394,1
777208,1
3599153,2
1682912,2
3785399,1
3599157,2
3599155,0
738868,0
3786193,1
3596869,2
3786197,2
3785716,2
3785717,1
3785715,2
3785712,1
3785710,1
2532819,2
3793448,1
3983501,2
780114,0
780119,0
689312,3
3789554,0
3809398,1
3598859,0
3598858,2
3597791,0
3786063,1
3793044,0
5311379,2
3793046,0
3598855,1
3598854,3
3598857,0
3598856,1
3786264,0
780215,0
779984,1
779985,1
3787956,0
781730,1
5242410,2
3787952,0
2461006,0
3678481,1
3597657,0
2829511,2
2451556,1
718136,2
2431288,0
780281,3
780280,1
780283,4
780282,1
5857693,0
780284,3
4358786,2
780286,1
780289,2
780288,2
3302272,0
1287601,2
3787484,2
4449600,0
5984826,2
5265436,0
3598147,1
2385547,1
2368328,2
2661432,2
2165986,1
1776893,2
777152,1
3793225,1
3793224,1
1598775,0
3598457,1
779279,1
582549,1
6149853,1
774900,0
3599246,2
3598321,1
3787829,0
3787827,2
5302288,0
3787821,2
780425,1
780424,2
780427,1
780421,2
780420,2
780423,1
780422,1
3597805,1
346558,0
763554,1
3787645,2
4051638,2
3791206,0
3791201,2
3791752,0
3791751,0
753570,1
779477,1
4619518,1
3789462,2
2727092,0
3784569,2
3788410,2
3784561,0
3788418,0
3786995,2
2394792,1
3581291,2
775528,0
6171901,1
3786894,2
768816,0
2538039,2
3598286,2
5087758,2
3789437,0
3789433,2
3789431,2
3163290,0
3792496,0
3598459,2
3598458,1
3792493,2
3732207,2
3598455,1
1279812,2
3598325,3
3598456,2
3598450,2
3598453,0
3598452,2
3533195,0
365281,1
779507,1
779502,0
2425091,1
3788255,0
985473,2
3788251,2
5830750,0
2390780,2
3788257,0
3786663,0
1389542,2
3785981,1
3598213,1
3598211,2
3598210,0
3598217,1
655076,1
3598215,1
3598214,2
3792811,1
3792810,1
3598219,2
3890238,0
3789836,2
3792670,1
3785984,2
3599034,2
3599036,2
3599037,2
3599038,0
3599039,0
778639,3
2480464,1
3598529,2
3598528,0
3598038,2
3598520,2
3598031,0
3598522,2
3598524,2
3598526,2
3787039,2
3787038,0
3784745,2
3787032,2
3787035,2
611026,1
3792252,1
3792257,1
644191,0
3792259,2
3789269,2
2455624,2
3063684,2
1723709,0
469689,1
5296245,1
3598146,1
3598145,0
3598144,2
3598143,1
3783830,2
3598141,2
3599492,1
3782521,0
3598149,0
3598148,1
1471491,0
3786455,0
3786451,2
3786452,2
2993052,0
187894,2
3784636,2
3599113,2
3598355,2
3784633,0
1964287,0
3784631,1
5544487,1
3617606,2
3792779,2
5749733,2
3786184,1
3596788,2
3785369,1
3598829,1
3599141,2
3599142,3
2794215,1
3786188,2
3783902,2
201155,3
4707798,2
195648,1
3785763,2
3591570,0
3785761,1
1197097,1
2194397,0
4491604,1
4404191,1
3605790,2
780120,0
2591528,2
3598846,1
3598847,2
3598845,2
3598843,1
3598840,0
1815092,0
2519688,2
3598848,1
3786072,2
3597781,2
3597783,2
5428479,1
3597789,0
3793057,0
3793054,2
779999,2
3784965,0
779993,1
615528,1
779997,2
780388,4
780389,1
1526822,1
780380,2
780381,3
780382,1
780383,1
773683,3
780385,2
780386,1
780387,1
740779,0
1371765,0
1239252,1
4783106,1
2388867,0
3598030,2
2466993,1
2400307,0
778936,0
4264176,2
3793451,0
3118588,2
2459739,2
6292763,2
2637020,1
3793528,1
781091,1
509622,0
775759,3
780255,0
780253,1
4295658,0
780251,1
780258,2
780259,1
778805,0
547153,0
2476999,2
3974578,1
3793230,1
3793231,1
4980910,2
903126,2
742185,0
3793238,2
224319,48
5239325,2
5137813,0
5802644,2
3790981,2
2465003,1
3787851,2
3787856,2
780410,2
780411,2
780412,2
780413,3
1099585,2
3794085,1
780416,2
780417,2
780418,2
780419,2
5919377,2
1268016,0
2001313,2
3790615,1
3790614,0
3790617,1
3791749,2
3790612,2
3791747,0
3791743,2
779463,0
3791560,0
779468,0
5972476,2
3795042,1
3780620,0
3794539,1
4132448,2
6071800,2
3787457,1
5633862,2
775537,2
3787450,2
731010,0
3786985,2
3786983,2
2226338,0
6153481,2
3789425,2
2550326,2
779268,2
3598448,0
4265360,2
3598442,1
3598440,0
3598441,0
3598447,2
3598444,0
3598445,2
3996655,2
2498823,2
4273889,2
2532585,2
3953248,2
779512,2
595113,1
3788268,1
3792800,0
744910,1
3788260,2
3785992,2
3598200,2
3598201,0
3598202,2
3598204,2
3598205,2
3598207,2
3598208,1
982592,2
3788285,1
3785647,1
6261410,1
4987876,2
3599004,2
6088726,0
3598539,2
3787026,2
3598029,1
6085339,1
3597692,2
3786517,2
3785315,1
3598959,0
3791969,2
1867761,2
3791963,0
393756,0
1700263,1
1402917,1
3599086,1
3792247,0
3788600,2
3598142,0
2548881,2
3447295,0
4382361,2
6034913,1
3598154,0
3598156,2
3605815,1
3598150,3
577428,0
3598152,1
755006,3
3598158,2
3598159,1
3791814,2
2758803,2
3791811,1
3589285,0
3599089,0
3786462,2
3790991,2
631894,4
3599174,0
3964852,2
4063470,0
3774987,2
3599172,2
2916697,2
776312,1
3791356,1
3596799,1
3902329,2
3596791,1
3795307,1
5586533,2
3596796,2
3596797,0
2133254,2
2459948,1
3596888,0
3596889,1
4184820,2
2571867,0
779853,2
3596880,1
779857,1
5163245,2
3605323,1
3785776,1
3785778,2
3786730,2
3781857,0
3784828,2
4872735,1
780131,2
3598833,0
3598832,2
3598830,2
3598837,0
3598836,2
3598834,1
2652319,1
3598838,2
3781070,0
3045105,2
3786087,1
5448778,2
3121274,1
749187,0
3786080,2
1813868,2
3786240,1
3786242,2
3784917,0
705832,1
3597934,1
3597933,1
3793082,2
635194,0
3597752,2
4585849,1
16365,2
1257484,1
4464824,2
762382,1
670501,0
780379,2
5334301,2
3598948,0
3598947,2
5692744,2
4947581,0
6092940,1
773784,1
3583419,0
3792846,1
780277,2
780245,0
780246,2
6110861,2
1996456,1
780249,5
780248,1
617119,0
780372,3
4563103,1
2506619,1
780397,2
780396,1
780395,3
780394,3
780393,3
780392,1
780391,3
780390,1
6158044,2
780399,2
780398,2
3787597,2
1714325,1
2084510,0
2317784,2
4987427,2
3786863,1
3403040,1
1654537,1
927378,2
3787843,2
2454464,0
1802847,1
3099367,0
780409,2
3789258,2
780407,2
3789256,2
780405,1
3789254,2
780403,1
780402,1
780401,4
780400,2
2035070,2
6147798,2
3791776,2
3598473,2
5542224,0
779458,1
3791554,2
3791556,2
3791559,0
3791005,2
3791002,2
779320,0
5958353,2
3788472,2
797030,0
3791483,1
143733,0
469943,0
3793317,2
779213,1
4174259,1
3791175,2
5812354,1
779218,1
3598308,2
1293150,0
3792478,2
3598300,2
3598302,2
3598305,1
3598304,1
3598307,1
109329,0
779523,0
3786885,2
3788273,1
3788277,2
5925241,1
3788078,1
3789072,1
3598234,2
3598231,2
3791392,0
3598233,1
3598232,0
3598543,2
1401149,2
3598541,0
3598010,0
3598545,2
3598544,0
3599012,0
3599013,1
3599010,2
3599011,0
3792616,1
3792614,1
5854560,2
6185747,2
3598786,0
779142,2
778321,2
3786504,2
3787694,5
322310,1
2335468,1
1758854,2
4334930,2
2036703,2
3785837,0
3785834,2
3792279,2
3785831,2
5154948,2
3792275,2
3792271,1
5328509,2
3785838,0
3792725,2
3792056,1
3708351,2
2410036,0
3598160,2
2108347,2
2520739,0
5432678,2
3786473,0
3598169,1
3598168,0
3197474,0
4765397,0
3598490,2
3598495,0
3598494,2
3791826,2
3791829,1
707474,0
1288690,1
4344894,2
3599789,1
3288288,0
747234,1
5065000,1
780193,2
3608539,1
779845,1
779843,1
2256132,2
3785691,1
3788239,1
2495882,1
3785694,2
776785,0
2489920,1
3787279,1
2432388,0
5576102,2
6127671,2
2442424,2
6215333,1
3802851,2
3598377,2
3598821,2
3598822,1
3598823,2
3598824,1
3598825,1
3598826,2
3598827,0
3598828,2
777329,2
1378363,1
780123,2
5283661,0
3786099,2
2563556,2
3786090,2
2593443,2
3597924,1
5115132,0
5530823,2
2300711,1
3597744,2
3597745,1
3597746,2
6204189,2
3597741,1
3597742,1
3597743,1
3789240,2
3597748,2
3793093,1
6151871,0
2507068,2
3658,1
3950626,2
3533178,0
5242934,1
773778,1
3598958,2
3597693,0
3597699,2
4315726,0
742611,0
2361640,2
781671,1
3790167,2
3792712,3
1605026,2
780270,2
780271,2
780272,3
780273,2
780274,1
780275,2
780276,2
1093823,0
780278,1
780279,2
2430333,0
1148149,2
1826,0
192679,2
4762916,0
3786873,0
3786876,1
4171712,0
715331,1
3598111,2
3791767,3
3791764,1
3598504,1
3789247,2
780476,1
6195227,2
3794992,1
3794045,1
3794041,1
779443,0
2560797,2
3791543,0
5481295,0
4126816,2
4785406,0
780404,1
3119140,0
3787474,2
3794191,1
3787479,2
2432957,1
3791164,2
1777825,2
775791,2
780223,1
757538,2
778554,0
3786652,2
1993415,2
4635240,0
6129043,1
3790942,2
3790949,2
3784245,2
4457164,2
3598228,0
2158595,2
5462019,2
699156,0
2536641,2
3598227,2
771765,1
1931786,0
756315,2
780384,1
782125,1
3762696,0
3792607,1
4153360,2
738198,1
3787045,2
3791945,2
2072361,0
6261365,2
746048,0
4780625,1
3784794,1
3598316,2
3598317,2
4316580,2
3598312,1
3598311,1
3792914,2
3792917,0
3785828,2
3792911,1
2472604,0
3792734,0
5215713,0
3792044,2
397512,3
2381073,2
3786403,1
3792285,2
720753,4
3786405,1
3598179,1
3598177,1
3598173,1
3598171,2
3667638,0
3791838,0
3598489,1
3598487,2
3598484,2
4479251,2
3598482,0
3598483,2
2389409,1
1865853,2
710671,6
1278172,1
3788138,1
777066,2
2474918,1
3599199,1
2646284,2
3599192,1
3785704,2
3785689,1
2884569,2
779836,2
779837,1
3785680,1
3785682,2
779839,1
3594918,0
3785685,1
3599200,2
4468466,2
3786318,2
3785758,2
3787260,1
3785751,2
405661,2
3785754,2
3784808,1
699616,1
3598602,1
3554648,0
3784806,2
3398801,0
4892147,0
3598819,1
3598818,0
3599220,3
3598815,1
3598814,2
3598817,2
3598811,3
3599223,2
3598813,2
755202,0
6247295,0
5275112,2
732584,0
3786223,2
3786221,2
3597771,1
3597773,1
3597772,2
1396329,2
3597774,2
2543224,0
780083,0
1756287,2
2487533,2
3785222,1
3761521,0
3598961,2
3598960,1
266999,1
3598965,2
4472295,1
3598966,2
2546508,0
800828,0
2260424,0
3946865,0
779385,2
3793377,2
739279,1
404116,2
5397989,2
2466882,0
2492874,2
5511679,1
3793378,2
3788698,1
780269,1
780268,1
780267,2
780266,2
780265,1
93837,2
780263,0
780262,1
780261,1
730980,0
5232316,2
113047,0
6080190,0
5070288,2
3790941,2
3787861,2
4994597,2
3787868,2
711331,0
1670127,0
6276113,0
3789278,0
780461,1
775305,1
694792,2
3789275,2
780254,0
3798011,1
3213837,2
3761458,0
5011956,1
3789239,2
3707044,0
3791028,2
3699044,2
3771318,1
3791023,2
3789874,2
3790009,0
3791535,1
779307,1
3784320,0
663299,1
3784325,1
780316,3
6032086,0
3789471,2
780314,1
3789474,0
3786529,2
3788378,2
3791154,2
5837754,3
779544,4
3791440,0
757543,0
779549,0
779018,0
778014,1
3659535,1
3789989,2
1852842,1
1354123,2
779782,3
3788591,2
6184123,2
4296258,2
3788045,1
3695568,0
3792851,2
2383722,1
2344860,1
3789069,2
3599040,1
5372265,0
3482082,0
690135,1
3789501,1
3788587,2
4770331,0
3792179,2
3598423,0
3598565,0
3598567,1
3598566,3
777655,1
3695704,1
3784782,2
777219,11
3598006,2
779499,1
3788638,0
3598365,0
3598364,2
3594459,0
3594458,1
3599360,2
3599361,1
6304150,1
6237077,0
3599366,2
2387321,0
3785390,1
3596877,0
3598108,2
4332252,2
3598100,1
3598107,2
3598105,0
403488,0
3791849,1
3791848,2
2603920,2
3791843,2
3791840,1
3791845,2
3791844,1
4385983,1
3788128,0
3788125,1
3788123,1
3785323,1
5346906,0
3785320,1
3599188,2
5095661,2
1494210,0
3599186,0
5783545,1
779820,0
779822,0
779825,1
3594926,0
3599214,2
3217448,0
3598437,1
3595435,0
3599213,2
1787987,2
3786308,0
1831404,1
6025688,1
5398082,2
6194973,2
776436,0
3650794,2
2392017,0
2241522,2
2384919,2
1550186,0
3785788,2
773150,1
3598807,1
2590906,1
3597902,2
3597903,1
3597901,1
2427600,0
703228,0
69497,0
2106971,0
1482505,0
4519641,2
2437648,1
46725,1
4424953,2
780079,1
780075,2
781057,1
3785255,1
3598979,3
780981,1
3793381,0
3793384,2
3784811,2
4426775,0
3790545,0
4277922,2
3784034,2
4431355,2
5242775,0
780218,3
780219,2
780414,2
780210,1
780211,2
780217,0
1747856,2
736715,1
2312582,2
780183,0
780181,0
780186,1
780187,1
780184,0
5065907,1
2361060,1
3785945,0
2395145,2
3598906,0
1761791,1
3787896,2
3787893,1
3784039,1
780326,2
780327,2
780324,4
780457,1
780322,2
780323,3
780320,2
780321,3
780328,2
780329,3
3791709,2
780060,1
2312101,1
1224361,1
762350,0
3786780,0
779959,1
2558353,2
3791058,2
3786789,2
4286340,2
3683094,1
3784317,2
3784311,2
780522,1
3789464,2
3475593,0
4532395,2
411107,1
3786401,1
4953537,0
3791149,2
40117,0
3791146,1
6279589,0
3791454,1
112176,2
2297433,2
778572,1
3368720,2
3789991,2
768203,1
3599076,2
3788023,2
3518740,0
3787525,0
3599077,1
780264,4
4459221,2
3788028,0
3784265,0
3792289,0
3791036,2
3786602,0
3789519,2
4051879,1
3789516,0
3789510,1
3789511,2
3781810,0
771742,1
5306510,0
3598570,0
2175626,2
2501400,1
5032966,2
3791406,0
2382943,2
4590843,1
3784869,2
1790294,1
3784868,2
3598488,0
3788462,2
2593282,0
3787663,2
3792447,1
4338304,2
3598376,2
3792441,1
3598378,0
3788336,2
4466558,2
3763432,0
5129994,0
3599354,1
3599357,0
3590727,0
3599350,2
3599353,2
3599352,0
3598118,2
3598119,0
4247026,2
778756,2
3786424,0
3598113,1
3786420,2
1311645,0
1788280,0
4721649,0
3784687,2
6258144,0
965117,2
3784680,2
3792623,3
2443183,2
3788132,1
3792626,1
3788153,2
3787791,0
4674113,0
3788156,2
777518,1
3787455,1
3598605,1
3789016,2
3689421,1
3598603,2
779814,3
755178,0
779816,2
3599222,2
3599224,2
3599227,2
3786338,2
3787246,0
3783793,0
3786330,2
3789544,1
5669333,2
3599072,2
5726049,0
4387550,0
3888499,1
3785357,1
4437511,1
1702877,2
2476013,0
5965757,2
4882677,1
3798826,0
3785792,0
2114405,0
4862421,1
3597972,1
3786206,1
3786200,2
779961,1
3933093,1
1640175,2
2649024,1
2366267,1
2459505,1
3606518,2
3597719,2
3597718,2
780198,1
5648188,2
3597710,1
3545180,1
3545182,0
780068,0
780065,2
780067,1
780066,1
3605435,2
3937394,0
775436,0
3793284,1
3791060,2
3784862,2
2449360,2
5390447,1
3784865,2
5719459,0
1805810,1
3597804,0
3597802,1
3597801,0
4146186,2
3583695,0
1705483,1
3793355,2
2381363,3
2258355,1
2201596,2
2286664,2
4931725,1
2286663,0
2153498,2
3793283,2
3902203,0
3597653,1
3793289,2
780195,0
780290,2
780196,2
6304332,2
780291,1
4388285,2
3597656,2
780297,0
1208410,1
3787889,2
3597655,2
780443,1
780442,1
780441,1
780336,4
780331,2
780330,2
3784043,2
780332,2
5536754,1
3598900,1
780339,2
780298,1
2557888,0
4883935,0
4567241,0
780299,3
4352234,1
780682,1
730893,0
1573085,0
3791732,1
4572140,1
3653645,0
778987,2
772690,1
3583323,2
3817428,1
2579359,2
3790025,0
3790020,2
10476,1
676085,1
2454593,2
3786934,2
2719525,2
3784307,0
3784304,1
6039118,0
3789457,1
3789489,2
3789453,0
24728,0
1202593,2
3635269,1
3597658,2
62374,0
26796,0
3791468,2
3784276,2
3784270,2
3791196,0
3791199,1
4024692,1
3788031,2
1072848,2
780334,2
3787538,2
780337,6
3786496,1
3785995,0
3789520,2
3789522,2
5190522,3
3789527,0
780335,1
3598324,1
780445,1
3792547,2
3614984,2
3598299,0
781208,1
5313517,2
3683442,0
3598290,2
6241062,2
3598296,1
3787659,2
2435834,2
780448,1
3762735,0
3787650,0
3544863,0
780338,3
3792432,0
3785879,1
2454577,1
5104,19
1189585,0
4322349,2
3792439,3
3785870,2
3594437,0
3785874,2
3598125,2
3598127,0
3598121,2
3598120,1
3598123,2
3782543,0
3598129,2
5072122,0
3599432,2
4379339,1
3791865,1
3786439,0
3791860,2
779611,2
3786436,2
3786434,2
738090,0
2438022,1
3077817,0
3578650,0
3784697,0
5404768,2
3576147,0
4499102,1
3599503,1
3792388,2
2478346,1
3792385,1
1567869,0
3792387,1
712530,31
5468110,1
3785908,0
3599236,2
3792164,2
3599234,2
3785308,0
3599231,1
3792750,2
3785652,1
3599238,2
3786325,2
51697,0
1635842,1
779804,2
3598810,2
6017871,1
5012437,1
780333,1
5192824,0
2238009,0
727840,1
3599552,2
6186489,1
779970,1
6120667,1
3598028,2
1422888,1
716540,1
3786219,2
3597858,1
6134227,2
3785499,2
3785495,3
2433452,2
3587697,0
755546,0
3597700,2
277140,1
3785477,1
3785476,2
3598912,2
3598914,2
3598915,2
3786514,1
1963005,0
780055,3
6021411,0
3598809,2
6105815,2
3598432,2
3596816,2
3784872,2
3784874,0
2330213,1
3786108,1
3784879,2
3786105,2
3786102,0
3597811,1
3596818,2
780234,0
780235,1
780236,1
780237,1
780232,0
3597633,2
780238,1
3597639,2
5585223,2
2947538,2
4509715,0
6231097,0
3793294,1
6088611,0
3793296,2
3793299,0
2453488,0
3281160,1
6192443,2
3583536,0
2476915,2
780300,1
3784053,2
4722026,0
780303,1
780304,4
3784057,1
780306,1
3784055,0
4543038,0
3597775,1
780102,0
5585310,0
4539821,0
3784306,2
2477157,2
2404666,1
3968461,0
3794001,1
3790057,1
3317016,1
3398540,0
4876330,1
3786926,2
6003944,2
4144499,2
3786923,2
1855688,2
3791615,0
3789442,2
3789335,1
3789440,1
1805199,2
4434507,2
3120203,2
3388150,2
3786695,0
3786692,2
3791479,1
3791476,1
779571,2
779570,0
3791472,0
779576,2
3786698,5
4282010,2
779774,4
3791184,2
2446485,0
912744,1
3789534,2
780088,0
3789533,1
3789530,2
3787506,2
3787509,2
2436320,1
4616030,2
3788553,1
3864649,1
3599258,2
779373,1
3789845,2
3789020,2
4928581,1
3792554,1
3792557,0
3792883,2
3787646,2
3598289,3
5317947,2
2821928,1
3598281,2
3598282,1
779112,1
3598284,2
833566,1
2126031,0
3598287,2
3599092,0
528989,0
3802207,1
3786748,2
3599090,2
3598157,0
3792427,2
3599096,0
3598356,1
3785867,0
3598133,1
3598130,2
2547905,1
3305530,2
88428,0
3783889,2
5509975,2
5935916,2
779600,0
1981240,1
2368295,2
779609,2
3599098,2
779593,1
778659,0
4069075,1
3785913,4
774700,2
3599531,1
2432535,2
3599243,2
3599242,2
2430001,2
5698944,1
3785649,1
780325,1
2258947,2
3599249,2
3599248,2
6230208,0
3785643,2
3599087,2
2010869,0
3599081,2
3599082,1
3598624,2
3792378,2
3599088,1
4851547,2
780285,0
5373178,2
4495376,1
2290981,2
5047052,2
5062360,0
2487282,2
714718,0
777378,0
85538,1
554043,0
2292232,2
780347,1
3292792,0
779905,1
1827988,1
3599390,1
3597958,1
2482709,1
3597957,0
1757004,0
744671,0
3580153,0
4380607,1
5221771,1
1758991,0
929510,2
3599413,1
6035154,2
780043,2
780042,0
780040,1
4885552,1
732063,2
3785464,1
2131439,1
3385717,2
3788210,2
3784995,0
3700309,1
3793113,2
3999314,2
3793118,0
3596804,2
4339455,0
3784848,2
3596803,1
744212,2
3597823,1
3597824,2
2036116,2
3784192,2
780226,4
780225,1
780224,1
5201600,0
196855,1
5955816,3
3791832,2
1775688,2
2546288,2
4920,2
4997579,1
4747160,0
4316045,2
2486007,2
2459175,1
3793029,1
755426,1
6118105,1
6053562,1
2364606,1
3785171,1
3793243,0
3791044,2
723048,1
172054,1
5148733,2
780319,2
780318,1
780317,3
6313643,0
780315,3
6092302,0
780313,3
780312,2
780311,3
780310,2
373954,0
678698,0
5431690,0
5752750,1
2516305,2
3759092,0
6105282,2
284764,0
4583749,0
3787426,2
6005279,2
3787428,0
3786915,2
4332752,2
6162758,2
779666,1
3793272,2
3137967,1
5117085,0
3596794,1
5138877,2
1120256,0
3485828,4
3789175,2
1869310,1
3789491,1
3789494,1
3789496,2
3791401,0
3791400,2
6124423,2
3791405,2
779297,1
3789542,0
3788019,0
3789546,1
3789013,1
2473287,2
3788010,1
3787512,1
3788541,1
487383,0
3222577,0
775439,0
3789837,2
169881,4
3791061,2
779341,0
3791063,2
3791313,2
3787863,0
1961769,0
3792562,2
3792565,0
3787633,2
3791086,2
780450,1
5638069,0
4041870,1
3786771,3
3777694,0
3785856,2
3785851,2
3785859,2
2022087,0
6263086,0
3792419,2
3792416,2
5280386,0
3798904,0
2474532,0
3788241,2
3598383,2
3598382,2
750126,1
3598384,0
3598439,2
3598389,2
3787184,2
5614886,0
3392583,1
4153423,1
3598431,0
97975,1
3788161,2
3788165,0
5093163,2
777618,1
3785924,2
3785927,2
3785929,0
3784432,0
2474449,2
3599253,1
3599254,0
5555712,0
3599257,2
3782458,0
3792180,0
3783989,2
3599093,1
3598659,2
778651,0
3599095,2
3786348,2
681944,1
751352,7
3598657,2
3598655,2
3598654,2
747762,1
3786581,2
3787292,2
3787297,1
4642323,2
2432613,0
5866555,2
92224,0
2591942,1
73433,0
3744628,0
2549691,2
779915,2
779917,1
779916,2
2480911,2
3785871,1
3787365,2
32206,0
5509901,1
3588161,0
4996511,2
6081768,2
777813,2
2413858,2
5769385,2
780039,0
4227002,2
3785175,1
3598939,2
3793000,1
6173694,0
3608625,1
3598936,0
3598937,1
3598931,2
3783895,1
3597830,0
5715197,2
6104700,2
3784985,2
3007733,2
3713321,2
3784858,2
3596835,2
3596834,1
3784851,2
5208272,1
3784181,2
3784188,2
3793322,1
3792765,2
780146,1
780147,1
780145,0
780143,1
773601,1
4936247,2
3793036,0
666904,1
4046931,2
3793256,2
3598048,2
3620928,2
780368,3
780369,2
4324202,1
2313819,2
780362,1
780363,3
780360,4
2854256,2
780366,2
780367,3
780364,4
780365,1
3596831,2
2666045,1
1998302,0
5010471,0
3596833,1
563189,0
3791020,2
4465891,0
772646,0
1003629,2
3761933,0
3786245,2
4777982,3
2565524,1
1311869,2
5239230,1
3792791,2
844628,2
2438591,0
778867,4
3794243,1
3061454,0
3784695,2
4180680,2
3430205,1
2564148,2
5336433,1
3791411,1
1626968,1
3537481,1
3791415,2
3789480,2
3791417,2
780624,1
5124396,1
779281,9
3597753,2
3784693,2
3785907,1
3786564,2
63231,1
3789558,2
3786810,1
3788663,1
3285295,0
13021,1
1167368,0
3789824,1
778419,0
3789826,2
3790072,2
3791072,2
779352,0
2555221,2
522163,1
2830130,2
778407,1
3791095,2
3791096,0
3787625,2
3791093,2
4428117,2
2448282,2
3788373,1
3785843,2
3785840,2
3785841,0
3785846,2
3788376,1
746757,0
3594405,0
3786767,1
2026644,2
3786761,2
2436294,1
3792402,2
3789177,0
3792382,0
3920359,2
6335067,0
3792996,2
3792997,1
2451916,2
5793264,1
1245868,0
779628,2
3791892,0
3787195,0
3787754,2
3788191,2
549617,3
3792577,1
774557,0
3792571,1
3788207,2
3785937,0
3785935,2
777606,1
3785930,33
3599269,2
3792194,2
3599267,0
3599263,2
3599262,1
3943903,0
3788994,0
3787283,2
3599069,1
778669,0
3598645,2
778390,0
6116160,2
5178887,2
2343478,2
3786571,2
4255191,0
3792753,0
3365244,2
2490717,2
4281391,1
2375900,2
2891603,2
2433425,1
777391,3
5300277,2
4155451,1
3610364,2
779929,1
453076,1
3787371,2
3619628,1
3785661,1
3786487,2
65706,1
780025,4
3785280,1
3599116,1
3599114,0
6265576,2
3599112,1
4275770,0
3785314,2
3786449,0
2693093,0
3599289,1
3786397,0
3786396,2
3596822,2
3596823,2
3786399,1
2586454,0
2482476,2
3597661,0
5743591,2
3784881,2
3784885,2
2431642,2
3784887,0
780155,1
1724343,1
780156,1
780153,1
2482181,2
6007,1
5141041,0
3598891,1
3598892,2
4633278,2
3698975,1
3598899,1
1265938,0
3786020,1
3793001,2
1779745,1
4594263,2
3793005,2
4768113,0
3793006,0
2448707,1
3793266,2
3793268,1
3787992,2
780378,3
766165,0
3787995,0
780371,3
780370,0
780373,1
739563,1
780375,3
780374,2
780377,3
780376,2
6158753,2
534363,0
4623836,2
3793314,2
6101748,2
3793647,1
3793646,2
3793645,1
3790957,2
780241,1
900205,0
4249012,1
2492811,1
5614458,0
3791079,1
3786976,2
3788351,2
3786979,2
2447013,2
3791244,2
6039152,0
373825,1
779480,1
780361,1
4047529,2
778877,1
5423573,2
2384562,2
781994,1
3194547,1
6002111,2
2581434,3
3786802,2
444069,2
5958476,2
3789568,2
3381994,1
3787575,1
3789819,1
727153,0
3593524,0
3793264,1
3789585,1
3789583,2
3785933,2
3598259,1
3598258,2
3598257,2
3598256,1
779383,1
4528551,2
5322094,2
3787617,1
779432,1
5387781,0
3788362,2
3788363,0
3788366,2
3788367,1
2107186,1
3786712,0
3786710,2
2211328,1
3598898,1
2007820,1
3791425,2
3594106,0
1225267,1
943087,0
3791420,0
3791423,0
3791422,2
2335310,1
3791428,2
4177024,2
3559857,0
3583319,1
4478570,0
3792212,1
365551,1
434182,1
779653,0
2335559,2
779656,0
3786627,3
3786625,0
2670357,2
3786622,2
3788185,1
721000,1
3792698,0
3789615,2
3598099,0
3598098,0
3598094,0
2597088,1
3598096,0
3598091,1
3596868,2
3598093,0
3598092,1
502617,0
1772979,1
3598670,1
722922,1
3599272,2
3599273,2
6148340,2
3599274,0
3598076,0
1799582,0
3599078,1
3598072,0
3598071,2
3598070,2
2427680,1
3792321,2
3598153,2
3599070,1
3598079,2
1393989,2
3787224,2
2000117,2
2442628,2
3784700,0
6050739,0
3785729,2
3785728,2
3785727,3
3785725,0
3785724,2
3785721,1
6068331,2
4146181,2
1249186,2
774610,0
732864,1
779932,0
755292,0
3785313,1
6208950,2
3787388,2
3783879,2
3785491,1
733029,22
3792688,1
2877428,0
3786492,0
3784983,2
952633,2
3773483,0
780019,1
780011,0
1698898,0
3787840,1
2599731,0
3785431,1
4623463,0
3785436,0
3785434,0
5935139,2
3597851,2
3597853,0
3597854,0
3597855,2
3597856,2
3597857,0
5847120,2
780020,1
4521390,1
3786380,2
3605573,2
744550,1
3785303,0
780168,1
3380134,1
3785545,1
3785540,1
780160,1
3230471,1
3785849,1
780302,0
736779,0
3784891,2
3784037,0
3598880,1
1242540,1
3793013,2
3598911,2
5546734,1
3598888,1
780408,1
6010956,2
3597908,1
2387087,2
3848194,2
3788227,2
780406,3
1328443,0
780344,2
780345,3
780346,2
5081187,0
780340,2
780341,2
780342,1
780343,3
6071629,1
2027055,2
3793275,2
780348,1
780349,3
5941249,2
735859,0
5350507,1
3784031,1
3598285,1
3598036,0
3607845,2
2333281,2
6192083,2
3793308,1
780057,0
6056691,0
3597793,0
6175205,2
5606563,2
3597792,2
3791781,3
3790305,2
3597635,2
2427655,2
2263582,1
3939250,2
2407106,1
2499731,2
6223248,0
2374426,2
2606925,1
2342812,1
4100664,1
2550845,1
5599303,2
779736,3
2363155,2
5329784,1
3787814,2
3786818,0
578013,0
3787542,0
6139718,2
3788518,1
3787549,0
3787818,1
3599042,0
2255562,1
6149080,2
4311537,0
2033707,2
3596815,2
3789574,1
775393,1
1593993,2
736981,0
1091807,1
3598104,2
3599827,2
779465,0
1333074,1
3791413,2
780296,1
3784876,2
3791414,2
5677691,1
3598247,0
3590350,0
3784551,2
3784556,1
3784554,1
3784559,2
3786708,1
3788359,0
3788358,2
1345663,0
705552,1
3788354,2
3786702,0
3786704,2
2454508,1
2336160,0
3786707,0
240947,1
4441609,0
3597634,2
2432784,2
3792813,1
2304195,2
3597636,1
6244408,0
2456769,0
779646,3
6156474,2
3786632,2
747229,5
1626466,1
4113328,1
3167309,0
6193440,2
3785959,2
495558,1
178447,1
3598083,1
3598080,0
3788730,1
3598086,1
3788736,2
3598084,2
3598085,0
4580121,1
3598668,2
2374684,0
780239,1
3598064,2
3598065,1
1810076,1
3599043,2
2532707,2
778604,1
5326963,0
3791925,2
526436,1
777486,0
734130,1
728676,1
3788571,2
3784779,2
3599449,1
725630,0
777717,1
225662,1
3597637,2
