0,5
1,52
2,5
3,43
4,2
5,38
6,24
7,31
8,11
9,50
10,38
11,28
12,53
13,11
14,41
15,9
16,21
17,29
18,26
19,15
20,25
21,23
22,36
23,5
24,30
25,28
26,7
27,12
28,6
29,17
30,19
31,17
32,28
33,19
34,10
35,17
36,3
37,21
38,33
39,17
40,20
41,18
42,24
43,13
44,8
45,47
46,23
47,9
48,1
49,16
50,11
51,20
52,10
53,13
54,2
55,6
56,19
57,22
58,7
59,9
60,16
61,21
62,8
63,5
64,18
65,1
66,4
67,1
68,37
69,15
70,24
71,4
72,10
73,16
74,13
75,12
76,30
77,29
78,11
79,13
80,36
81,15
82,13
83,6
84,5
85,4
86,13
87,4
88,18
89,26
90,5
91,16
92,4
93,13
94,27
95,6
96,13
97,2
98,6
99,6
100,7
101,6
102,6
103,3
104,5
105,7
106,14
107,20
108,21
109,15
110,12
111,5
112,12
113,11
114,4
115,5
116,15
117,36
118,17
119,1
120,27
121,20
122,1
123,2
124,1
125,2
126,5
127,28
128,4
129,2
130,9
131,12
132,5
133,1
134,21
135,13
136,4
137,2
138,4
139,34
140,13
141,11
142,7
143,8
144,3
145,12
146,7
147,10
148,4
149,15
150,13
151,1
152,15
153,15
154,9
155,6
156,4
157,5
158,9
159,2
160,8
161,9
162,39
163,4
164,20
165,40
166,6
167,3
168,4
169,24
170,9
171,22
172,4
173,5
174,25
175,1
176,2
177,8
178,1
179,1
180,1
181,34
182,3
183,1
184,3
185,6
186,16
187,2
188,3
189,8
190,14
191,3
192,12
193,14
194,4
195,4
196,7
197,14
198,7
199,10
200,4
201,2
202,1
203,13
204,8
205,1
206,57
207,7
208,8
209,9
210,4
211,3
212,3
213,10
214,12
215,5
216,5
217,18
218,6
219,8
220,12
221,1
222,2
223,10
224,3
225,29
226,10
227,2
228,4
229,15
230,3
231,18
232,2
233,5
234,2
235,15
236,7
237,5
238,6
239,1
240,1
241,1
242,3
243,6
244,2
245,18
246,40
247,2
248,17
249,1
250,8
251,16
252,4
253,1
254,3
255,7
256,9
257,6
258,6
259,2
260,18
261,3
262,36
263,4
264,4
265,14
266,4
267,7
268,6
269,1
270,6
271,6
272,4
273,8
274,4
275,9
276,10
277,8
278,1
279,8
280,9
281,1
282,14
283,1
284,6
285,3
286,1
287,4
288,2
289,1
290,33
291,1
292,4
293,9
294,1
295,21
296,1
297,3
298,11
299,4
300,2
301,10
302,16
303,9
304,59
305,1
306,12
307,8
308,9
309,6
310,11
311,1
312,1
313,2
314,3
315,42
316,2
317,5
318,2
319,9
320,2
321,6
322,1
323,1
324,3
325,8
326,4
327,1
328,6
329,1
330,7
331,8
332,2
333,1
334,16
335,1
336,5
337,1
338,3
339,5
340,5
341,5
342,15
343,5
344,1
345,4
346,23
347,2
348,2
349,2
350,15
351,1
352,2
353,6
354,8
355,3
356,24
357,2
358,9
359,4
360,1
361,4
362,2
363,5
364,4
365,3
366,3
367,2
368,4
369,21
370,3
371,2
372,8
373,2
374,9
375,1
376,1
377,2
378,1
379,1
380,2
381,14
382,5
383,20
384,1
385,32
386,3
387,2
388,5
389,1
390,1
391,12
392,6
393,1
394,1
395,2
396,5
397,5
398,6
399,8
400,1
401,3
402,12
403,4
404,4
405,7
406,2
407,6
408,3
409,4
410,7
411,3
412,2
413,8
414,3
415,7
416,1
417,3
418,3
419,1
420,3
421,7
422,2
423,5
424,7
425,4
426,2
427,2
428,3
429,1
430,2
431,1
432,25
433,16
434,1
435,2
436,7
437,4
438,1
439,5
440,1
441,6
442,2
443,11
444,3
445,3
446,4
447,3
448,1
449,9
450,1
451,5
452,11
453,3
454,10
455,8
456,1
457,8
458,4
459,2
460,3
461,4
462,30
463,4
464,1
465,10
466,3
467,3
468,1
469,29
470,1
471,3
472,5
473,1
474,1
475,14
476,8
477,1
478,9
479,12
480,9
481,3
482,1
483,4
484,1
485,2
486,4
487,20
488,3
489,10
490,3
491,1
492,18
493,19
494,12
495,4
496,1
497,9
498,6
499,7
500,18
501,2
502,7
503,3
504,1
505,3
506,2
507,6
508,6
509,22
510,1
511,2
512,1
513,11
514,24
515,4
516,6
517,1
518,13
519,15
520,27
521,1
522,6
523,3
524,7
525,1
526,1
527,1
528,3
529,1
530,2
531,3
532,3
533,2
534,17
535,1
536,1
537,1
538,2
539,2
540,1
541,5
542,1
543,20
544,2
545,3
546,1
547,4
548,1
549,3
550,1
551,5
552,1
553,7
554,3
555,55
556,1
557,1
558,2
559,9
560,9
561,7
562,9
563,20
564,3
565,7
566,9
567,2
568,3
569,13
570,1
571,4
572,2
573,7
574,20
575,4
576,3
577,1
578,1
579,4
580,4
581,1
582,66
583,5
584,4
585,2
586,8
587,4
588,7
589,2
590,3
591,3
592,12
593,1
594,6
595,1
596,1
597,5
598,4
599,10
600,2
601,1
602,1
603,1
604,1
605,1
606,3
607,8
608,4
609,1
610,1
611,7
612,1
613,2
614,3
615,6
616,13
617,3
618,1
619,1
620,7
621,1
622,1
623,4
624,1
625,5
626,4
627,1
628,1
629,1
630,3
631,2
632,6
633,2
634,3
635,11
636,1
637,3
638,5
639,9
640,7
641,1
642,3
643,1
644,3
645,22
646,9
647,3
648,2
649,1
650,1
651,1
652,4
653,1
654,2
655,5
656,1
657,1
658,1
659,2
660,4
661,1
662,7
663,1
664,2
665,2
666,2
667,1
668,3
669,2
670,1
671,2
672,12
673,5
674,6
675,3
676,1
677,3
678,1
679,2
680,2
681,4
682,1
683,1
684,2
685,1
686,2
687,3
688,1
689,5
690,1
691,9
692,14
693,7
694,1
695,3
696,2
697,5
698,1
699,11
700,10
701,5
702,10
703,5
704,1
705,2
706,3
707,3
708,10
709,1
710,1
711,11
712,2
713,2
714,4
715,2
716,12
717,2
718,1
719,2
720,7
721,2
722,4
723,3
724,8
725,3
726,2
727,1
728,2
729,1
730,2
731,5
732,4
733,1
734,1
735,1
736,2
737,5
738,4
739,8
740,3
741,4
742,1
743,9
744,1
745,1
746,1
747,1
748,4
749,5
750,11
751,3
752,1
753,1
754,5
755,9
756,36
757,4
758,3
759,2
760,3
761,5
762,1
763,7
764,6
765,2
766,10
767,2
768,2
769,3
770,1
771,10
772,1
773,1
774,2
775,3
776,2
777,2
778,5
779,1
780,1
781,14
782,6
783,2
784,2
785,4
786,3
787,2
788,3
789,1
790,1
791,1
792,1
793,2
794,10
795,3
796,1
797,6
798,2
799,1
800,1
801,7
802,1
803,5
804,1
805,1
806,6
807,12
808,1
809,1
810,6
811,1
812,2
813,2
814,1
815,1
816,1
817,1
818,7
819,7
820,1
821,1
822,6
823,4
824,45
825,30
826,2
827,21
828,2
829,5
830,2
831,4
832,6
833,3
834,1
835,2
836,5
837,4
838,2
839,30
840,1
841,25
842,1
843,3
844,3
845,2
846,1
847,2
848,4
849,1
850,3
851,2
852,2
853,2
854,17
855,43
856,1
857,1
858,6
859,1
860,5
861,5
862,2
863,3
864,6
865,5
866,11
867,1
868,2
869,2
870,1
871,2
872,2
873,4
874,8
875,6
876,1
877,1
878,6
879,1
880,2
881,4
882,7
883,3
884,4
885,1
886,2
887,1
888,2
889,11
890,8
891,1
892,1
893,1
894,1
895,1
896,5
897,2
898,4
899,2
900,1
901,1
902,2
903,1
904,2
905,3
906,2
907,6
908,2
909,7
910,6
911,3
912,1
913,1
914,3
915,9
916,2
917,2
918,1
919,2
920,3
921,1
922,9
923,9
924,1
925,8
926,1
927,5
928,44
929,21
930,1
931,14
932,4
933,1
934,2
935,1
936,3
937,1
938,2
939,1
940,2
941,4
942,1
943,1
944,1
945,1
946,2
947,2
948,6
949,2
950,1
951,1
952,11
953,1
954,3
955,1
956,4
957,4
958,2
959,1
960,31
961,2
962,1
963,1
964,5
965,7
966,5
967,3
968,1
969,2
970,2
971,1
972,3
973,1
974,1
975,2
976,29
977,3
978,1
979,2
980,3
981,1
982,1
983,1
984,1
985,1
986,5
987,3
988,1
989,1
990,4
991,5
992,2
993,19
994,5
995,1
996,1
997,6
998,6
999,2
1000,4
1001,4
1002,1
1003,3
1004,6
1005,2
1006,4
1007,3
1008,8
1009,2
1010,5
1011,1
1012,6
1013,1
1014,4
1015,1
1016,2
1017,2
1018,1
1019,4
1020,3
1021,50
1022,2
1023,3
1024,3
1025,2
1026,1
1027,2
1028,4
1029,1
1030,2
1031,1
1032,3
1033,1
1034,1
1035,1
1036,8
1037,1
1038,4
1039,1
1040,5
1041,1
1042,1
1043,17
1044,4
1045,1
1046,1
1047,4
1048,13
1049,1
1050,6
1051,6
1052,2
1053,2
1054,2
1055,4
1056,4
1057,1
1058,1
1059,2
1060,2
1061,2
1062,2
1063,1
1064,1
1065,2
1066,1
1067,1
1068,1
1069,3
1070,2
1071,10
1072,8
1073,2
1074,1
1075,1
1076,1
1077,1
1078,3
1079,3
1080,1
1081,1
1082,2
1083,1
1084,4
1085,1
1086,5
1087,1
1088,2
1089,1
1090,2
1091,1
1092,1
1093,5
1094,5
1095,6
1096,5
1097,4
1098,2
1099,2
1100,1
1101,1
1102,4
1103,2
1104,1
1105,3
1106,1
1107,4
1108,2
1109,1
1110,3
1111,1
1112,4
1113,2
1114,1
1115,1
1116,1
1117,2
1118,6
1119,1
1120,1
1121,1
1122,2
1123,2
1124,5
1125,6
1126,1
1127,1
1128,1
1129,2
1130,1
1131,3
1132,1
1133,1
1134,2
1135,2
1136,10
1137,3
1138,3
1139,1
1140,2
1141,3
1142,1
1143,3
1144,14
1145,1
1146,24
1147,5
1148,2
1149,3
1150,1
1151,1
1152,7
1153,2
1154,13
1155,1
1156,4
1157,4
1158,1
1159,3
1160,2
1161,15
1162,1
1163,1
1164,1
1165,1
1166,1
1167,1
1168,5
1169,1
1170,3
1171,2
1172,1
1173,3
1174,3
1175,1
1176,2
1177,1
1178,3
1179,1
1180,1
1181,4
1182,1
1183,1
1184,1
1185,5
1186,2
1187,2
1188,1
1189,1
1190,2
1191,1
1192,1
1193,2
1194,8
1195,1
1196,3
1197,2
1198,2
1199,2
1200,1
1201,1
1202,2
1203,1
1204,2
1205,4
1206,1
1207,9
1208,1
1209,1
1210,2
1211,2
1212,2
1213,1
1214,8
1215,1
1216,55
1217,2
1218,1
1219,2
1220,3
1221,2
1222,1
1223,1
1224,8
1225,7
1226,3
1227,18
1228,2
1229,24
1230,1
1231,1
1232,3
1233,1
1234,5
1235,1
1236,4
1237,3
1238,1
1239,2
1240,1
1241,1
1242,7
1243,1
1244,4
1245,5
1246,1
1247,2
1248,1
1249,1
1250,1
1251,12
1252,1
1253,5
1254,2
1255,1
1256,4
1257,10
1258,1
1259,1
1260,1
1261,4
1262,2
1263,3
1264,2
1265,2
1266,1
1267,1
1268,2
1269,2
1270,1
1271,2
1272,1
1273,1
1274,2
1275,1
1276,8
1277,2
1278,1
1279,1
1280,1
1281,1
1282,3
1283,1
1284,2
1285,5
1286,3
1287,15
1288,2
1289,10
1290,2
1291,2
1292,5
1293,1
1294,18
1295,1
1296,1
1297,1
1298,1
1299,2
1300,1
1301,1
1302,4
1303,1
1304,2
1305,1
1306,3
1307,3
1308,1
1309,43
1310,13
1311,2
1312,1
1313,3
1314,1
1315,1
1316,2
1317,1
1318,4
1319,1
1320,4
1321,2
1322,1
1323,2
1324,2
1325,5
1326,43
1327,4
1328,3
1329,1
1330,1
1331,8
1332,1
1333,1
1334,6
1335,19
1336,3
1337,2
1338,2
1339,4
1340,3
1341,1
1342,4
1343,1
1344,1
1345,1
1346,2
1347,4
1348,4
1349,1
1350,1
1351,1
1352,1
1353,2
1354,1
1355,2
1356,7
1357,2
1358,5
1359,1
1360,1
1361,1
1362,1
1363,1
1364,6
1365,2
1366,1
1367,1
1368,1
1369,1
1370,1
1371,1
1372,24
1373,1
1374,2
1375,1
1376,1
1377,1
1378,2
1379,4
1380,5
1381,3
1382,1
1383,1
1384,1
1385,5
1386,2
1387,1
1388,4
1389,1
1390,4
1391,4
1392,1
1393,1
1394,3
1395,3
1396,1
1397,17
1398,2
1399,6
1400,1
1401,1
1402,1
1403,1
1404,17
1405,32
1406,1
1407,1
1408,2
1409,1
1410,2
1411,1
1412,1
1413,2
1414,1
1415,1
1416,2
1417,3
1418,5
1419,1
1420,1
1421,2
1422,9
1423,2
1424,1
1425,1
1426,11
1427,1
1428,1
1429,1
1430,1
1431,1
1432,1
1433,1
1434,1
1435,2
1436,2
1437,1
1438,1
1439,1
1440,2
1441,7
1442,3
1443,1
1444,3
1445,4
1446,1
1447,6
1448,5
1449,18
1450,1
1451,2
1452,5
1453,1
1454,15
1455,1
1456,1
1457,23
1458,2
1459,1
1460,1
1461,1
1462,1
1463,39
1464,1
1465,1
1466,4
1467,2
1468,10
1469,1
1470,1
1471,1
1472,17
1473,3
1474,1
1475,1
1476,1
1477,1
1478,2
1479,1
1480,47
1481,1
1482,2
1483,2
1484,1
1485,1
1486,1
1487,2
1488,1
1489,20
1490,1
1491,3
1492,1
1493,1
1494,1
1495,3
1496,1
1497,2
1498,1
1499,2
1500,2
1501,1
1502,1
1503,2
1504,3
1505,1
1506,2
1507,2
1508,1
1509,1
1510,1
1511,1
1512,1
1513,1
1514,2
1515,2
1516,1
1517,4
1518,3
1519,2
1520,2
1521,11
1522,2
1523,1
1524,10
1525,1
1526,3
1527,4
1528,1
1529,3
1530,1
1531,1
1532,17
1533,1
1534,1
1535,4
1536,1
1537,1
1538,1
1539,2
1540,1
1541,1
1542,10
1543,1
1544,1
1545,2
1546,1
1547,1
1548,3
1549,2
1550,1
1551,3
1552,3
1553,2
1554,1
1555,3
1556,2
1557,14
1558,1
1559,4
1560,1
1561,5
1562,4
1563,1
1564,6
1565,1
1566,1
1567,1
1568,2
1569,11
1570,1
1571,3
1572,1
1573,1
1574,2
1575,2
1576,1
1577,1
1578,2
1579,10
1580,1
1581,3
1582,8
1583,3
1584,1
1585,1
1586,2
1587,1
1588,1
1589,1
1590,2
1591,1
1592,1
1593,1
1594,3
1595,1
1596,2
1597,2
1598,12
1599,1
1600,2
1601,4
1602,1
1603,1
1604,6
1605,9
1606,1
1607,1
1608,9
1609,1
1610,4
1611,5
1612,3
1613,1
1614,1
1615,1
1616,1
1617,12
1618,3
1619,3
1620,2
1621,1
1622,1
1623,2
1624,1
1625,1
1626,3
1627,4
1628,3
1629,1
1630,1
1631,2
1632,1
1633,4
1634,1
1635,6
1636,1
1637,9
1638,4
1639,2
1640,1
1641,1
1642,1
1643,1
1644,3
1645,1
1646,1
1647,1
1648,2
1649,1
1650,2
1651,2
1652,2
1653,1
1654,1
1655,1
1656,4
1657,1
1658,3
1659,1
1660,8
1661,1
1662,2
1663,4
1664,2
1665,1
1666,1
1667,1
1668,1
1669,3
1670,5
1671,9
1672,2
1673,1
1674,1
1675,2
1676,1
1677,2
1678,1
1679,3
1680,1
1681,1
1682,42
1683,4
1684,4
1685,5
1686,1
1687,1
1688,1
1689,3
1690,1
1691,1
1692,1
1693,10
1694,2
1695,1
1696,2
1697,2
1698,8
1699,1
1700,1
1701,5
1702,1
1703,8
1704,4
1705,1
1706,4
1707,1
1708,3
1709,1
1710,1
1711,2
1712,2
1713,3
1714,1
1715,4
1716,3
1717,1
1718,3
1719,34
1720,1
1721,1
1722,1
1723,13
1724,10
1725,1
1726,1
1727,21
1728,3
1729,1
1730,1
1731,4
1732,1
1733,1
1734,11
1735,1
1736,6
1737,1
1738,3
1739,4
1740,1
1741,1
1742,3
1743,1
1744,1
1745,1
1746,2
1747,1
1748,1
1749,2
1750,16
1751,1
1752,1
1753,1
1754,1
1755,6
1756,1
1757,1
1758,1
1759,1
1760,1
1761,1
1762,7
1763,2
1764,1
1765,1
1766,1
1767,1
1768,4
1769,2
1770,1
1771,3
1772,1
1773,1
1774,1
1775,8
1776,1
1777,2
1778,3
1779,1
1780,1
1781,6
1782,2
1783,2
1784,3
1785,1
1786,2
1787,1
1788,2
1789,1
1790,2
1791,19
1792,1
1793,2
1794,2
1795,3
1796,4
1797,3
1798,1
1799,1
1800,3
1801,1
1802,1
1803,3
1804,5
1805,1
1806,1
1807,1
1808,3
1809,1
1810,2
1811,2
1812,1
1813,1
1814,4
1815,1
1816,20
1817,3
1818,1
1819,1
1820,1
1821,1
1822,1
1823,3
1824,2
1825,5
1826,1
1827,2
1828,1
1829,8
1830,8
1831,3
1832,1
1833,1
1834,1
1835,1
1836,4
1837,1
1838,1
1839,1
1840,3
1841,1
1842,2
1843,1
1844,1
1845,5
1846,1
1847,2
1848,1
1849,1
1850,24
1851,1
1852,2
1853,3
1854,2
1855,5
1856,1
1857,1
1858,3
1859,2
1860,1
1861,2
1862,1
1863,1
1864,1
1865,1
1866,45
1867,3
1868,1
1869,2
1870,3
1871,2
1872,3
1873,2
1874,1
1875,1
1876,4
1877,1
1878,3
1879,1
1880,2
1881,1
1882,3
1883,2
1884,1
1885,1
1886,3
1887,3
1888,1
1889,2
1890,2
1891,1
1892,2
1893,1
1894,3
1895,2
1896,1
1897,1
1898,2
1899,1
1900,1
1901,1
1902,1
1903,2
1904,1
1905,4
1906,1
1907,1
1908,2
1909,2
1910,1
1911,1
1912,3
1913,2
1914,1
1915,1
1916,18
1917,2
1918,1
1919,1
1920,2
1921,2
1922,1
1923,1
1924,1
1925,1
1926,3
1927,2
1928,1
1929,2
1930,2
1931,2
1932,1
1933,1
1934,1
1935,2
1936,8
1937,3
1938,1
1939,1
1940,2
1941,3
1942,1
1943,1
1944,5
1945,2
1946,1
1947,1
1948,1
1949,7
1950,1
1951,1
1952,1
1953,1
1954,2
1955,1
1956,1
1957,1
1958,2
1959,4
1960,6
1961,2
1962,3
1963,2
1964,5
1965,1
1966,11
1967,1
1968,38
1969,3
1970,1
1971,1
1972,1
1973,12
1974,2
1975,1
1976,1
1977,3
1978,35
1979,2
1980,3
1981,2
1982,4
1983,1
1984,1
1985,1
1986,1
1987,4
1988,4
1989,1
1990,4
1991,5
1992,3
1993,3
1994,1
1995,1
1996,1
1997,1
1998,2
1999,1
2000,1
2001,1
2002,1
2003,1
2004,2
2005,1
2006,1
2007,20
2008,1
2009,1
2010,1
2011,1
2012,1
2013,4
2014,1
2015,1
2016,1
2017,5
2018,1
2019,2
2020,1
2021,6
2022,1
2023,3
2024,2
2025,2
2026,1
2027,1
2028,2
2029,8
2030,1
2031,1
2032,1
2033,1
2034,1
2035,4
2036,1
2037,2
2038,2
2039,3
2040,2
2041,1
2042,1
2043,2
2044,1
2045,2
2046,3
2047,1
2048,5
2049,1
2050,2
2051,1
2052,1
2053,1
2054,1
2055,1
2056,1
2057,1
2058,1
2059,1
2060,1
2061,1
2062,8
2063,1
2064,9
2065,2
2066,7
2067,1
2068,2
2069,6
2070,4
2071,2
2072,2
2073,1
2074,1
2075,1
2076,3
2077,2
2078,1
2079,1
2080,2
2081,1
2082,2
2083,2
2084,1
2085,2
2086,2
2087,1
2088,3
2089,2
2090,2
2091,1
2092,1
2093,3
2094,28
2095,2
2096,1
2097,1
2098,2
2099,3
2100,8
2101,5
2102,7
2103,1
2104,1
2105,1
2106,6
2107,1
2108,1
2109,1
2110,2
2111,1
2112,11
2113,9
2114,3
2115,1
2116,1
2117,1
2118,1
2119,2
2120,1
2121,2
2122,1
2123,1
2124,1
2125,3
2126,2
2127,1
2128,3
2129,1
2130,1
2131,1
2132,1
2133,1
2134,1
2135,3
2136,25
2137,2
2138,2
2139,3
2140,1
2141,3
2142,3
2143,2
2144,19
2145,4
2146,1
2147,2
2148,8
2149,1
2150,1
2151,1
2152,2
2153,2
2154,1
2155,1
2156,4
2157,1
2158,1
2159,2
2160,1
2161,1
2162,1
2163,2
2164,26
2165,4
2166,2
2167,2
2168,3
2169,1
2170,1
2171,1
2172,1
2173,1
2174,1
2175,1
2176,39
2177,1
2178,5
2179,1
2180,2
2181,1
2182,1
2183,1
2184,1
2185,1
2186,1
2187,1
2188,1
2189,1
2190,2
2191,1
2192,1
2193,1
2194,8
2195,3
2196,1
2197,2
2198,1
2199,7
2200,1
2201,4
2202,1
2203,2
2204,1
2205,3
2206,5
2207,1
2208,1
2209,1
2210,1
2211,8
2212,1
2213,4
2214,3
2215,3
2216,3
2217,32
2218,4
2219,1
2220,1
2221,1
2222,2
2223,4
2224,1
2225,1
2226,1
2227,3
2228,1
2229,1
2230,1
2231,1
2232,1
2233,2
2234,1
2235,1
2236,3
2237,1
2238,2
2239,2
2240,2
2241,1
2242,2
2243,1
2244,1
2245,1
2246,1
2247,3
2248,1
2249,1
2250,2
2251,1
2252,1
2253,2
2254,1
2255,1
2256,2
2257,3
2258,1
2259,1
2260,1
2261,2
2262,1
2263,1
2264,2
2265,1
2266,1
2267,4
2268,1
2269,1
2270,2
2271,1
2272,2
2273,2
2274,2
2275,1
2276,1
2277,1
2278,1
2279,1
2280,1
2281,1
2282,3
2283,1
2284,1
2285,1
2286,1
2287,1
2288,1
2289,1
2290,1
2291,1
2292,3
2293,2
2294,1
2295,5
2296,2
2297,2
2298,1
2299,9
2300,1
2301,1
2302,2
2303,1
2304,3
2305,1
2306,2
2307,1
2308,11
2309,1
2310,1
2311,1
2312,17
2313,1
2314,2
2315,2
2316,1
2317,3
2318,1
2319,1
2320,1
2321,1
2322,1
2323,1
2324,1
2325,1
2326,2
2327,4
2328,2
2329,1
2330,3
2331,1
2332,1
2333,1
2334,1
2335,2
2336,1
2337,1
2338,1
2339,1
2340,1
2341,1
2342,1
2343,2
2344,3
2345,1
2346,1
2347,1
2348,1
2349,16
2350,6
2351,1
2352,1
2353,4
2354,1
2355,1
2356,1
2357,1
2358,1
2359,1
2360,3
2361,5
2362,1
2363,1
2364,1
2365,3
2366,2
2367,2
2368,2
2369,1
2370,1
2371,1
2372,3
2373,1
2374,1
2375,1
2376,1
2377,1
2378,10
2379,41
2380,1
2381,1
2382,3
2383,1
2384,1
2385,23
2386,1
2387,1
2388,1
2389,1
2390,2
2391,1
2392,1
2393,1
2394,1
2395,1
2396,11
2397,1
2398,1
2399,2
2400,1
2401,4
2402,13
2403,1
2404,7
2405,1
2406,2
2407,20
2408,1
2409,1
2410,26
2411,2
2412,1
2413,1
2414,12
2415,1
2416,2
2417,1
2418,4
2419,1
2420,1
2421,1
2422,1
2423,1
2424,1
2425,2
2426,1
2427,1
2428,4
2429,6
2430,1
2431,3
2432,3
2433,2
2434,6
2435,4
2436,2
2437,1
2438,1
2439,1
2440,1
2441,1
2442,3
2443,3
2444,1
2445,3
2446,1
2447,3
2448,1
2449,14
2450,1
2451,1
2452,1
2453,2
2454,1
2455,1
2456,2
2457,1
2458,1
2459,1
2460,1
2461,1
2462,1
2463,1
2464,1
2465,1
2466,2
2467,1
2468,1
2469,1
2470,6
2471,1
2472,1
2473,8
2474,2
2475,1
2476,2
2477,3
2478,3
2479,1
2480,1
2481,1
2482,34
2483,4
2484,1
2485,1
2486,1
2487,5
2488,1
2489,1
2490,1
2491,1
2492,1
2493,1
2494,2
2495,1
2496,2
2497,1
2498,1
2499,1
2500,1
2501,1
2502,35
2503,8
2504,1
2505,1
2506,2
2507,1
2508,6
2509,1
2510,2
2511,1
2512,1
2513,1
2514,1
2515,1
2516,11
2517,1
2518,1
2519,1
2520,1
2521,5
2522,1
2523,4
2524,1
2525,2
2526,1
2527,2
2528,3
2529,1
2530,1
2531,3
2532,1
2533,2
2534,1
2535,1
2536,2
2537,24
2538,2
2539,1
2540,1
2541,1
2542,1
2543,2
2544,1
2545,1
2546,1
2547,9
2548,1
2549,1
2550,8
2551,1
2552,1
2553,1
2554,1
2555,1
2556,2
2557,1
2558,18
2559,1
2560,1
2561,1
2562,1
2563,1
2564,1
2565,1
2566,1
2567,1
2568,1
2569,1
2570,5
2571,2
2572,2
2573,1
2574,1
2575,1
2576,1
2577,2
2578,1
2579,2
2580,1
2581,1
2582,2
2583,1
2584,5
2585,1
2586,1
2587,1
2588,1
2589,1
2590,1
2591,3
2592,2
2593,2
2594,1
2595,1
2596,2
2597,3
2598,4
2599,1
2600,2
2601,1
2602,1
2603,1
2604,1
2605,25
2606,1
2607,1
2608,2
2609,1
2610,1
2611,11
2612,2
2613,2
2614,1
2615,10
2616,1
2617,1
2618,1
2619,1
2620,3
2621,1
2622,1
2623,1
2624,1
2625,1
2626,1
2627,2
2628,3
2629,2
2630,1
2631,1
2632,1
2633,1
2634,2
2635,6
2636,4
2637,3
2638,6
2639,1
2640,1
2641,1
2642,1
2643,3
2644,24
2645,1
2646,1
2647,29
2648,1
2649,1
2650,2
2651,1
2652,3
2653,1
2654,2
2655,2
2656,1
2657,2
2658,2
2659,2
2660,1
2661,1
2662,1
2663,1
2664,2
2665,1
2666,3
2667,3
2668,1
2669,3
2670,1
2671,1
2672,1
2673,1
2674,1
2675,1
2676,1
2677,18
2678,2
2679,1
2680,1
2681,1
2682,1
2683,3
2684,3
2685,1
2686,4
2687,1
2688,1
2689,4
2690,1
2691,3
2692,1
2693,1
2694,1
2695,31
2696,1
2697,1
2698,1
2699,1
2700,1
2701,2
2702,1
2703,1
2704,1
2705,1
2706,5
2707,2
2708,13
2709,1
2710,1
2711,1
2712,1
2713,6
2714,1
2715,1
2716,2
2717,1
2718,2
2719,1
2720,1
2721,1
2722,1
2723,1
2724,2
2725,1
2726,1
2727,1
2728,2
2729,4
2730,1
2731,2
2732,7
2733,1
2734,1
2735,1
2736,1
2737,21
2738,1
2739,2
2740,2
2741,1
2742,1
2743,1
2744,1
2745,1
2746,1
2747,1
2748,1
2749,1
2750,2
2751,2
2752,1
2753,1
2754,2
2755,1
2756,1
2757,7
2758,1
2759,1
2760,1
2761,1
2762,1
2763,2
2764,1
2765,1
2766,1
2767,1
2768,1
2769,1
2770,1
2771,1
2772,1
2773,3
2774,1
2775,1
2776,1
2777,2
2778,2
2779,1
2780,25
2781,1
2782,1
2783,2
2784,1
2785,1
2786,1
2787,4
2788,2
2789,1
2790,2
2791,1
2792,1
2793,2
2794,1
2795,2
2796,2
2797,2
2798,1
2799,1
2800,2
2801,1
2802,1
2803,3
2804,3
2805,1
2806,1
2807,2
2808,1
2809,9
2810,1
2811,1
2812,1
2813,1
2814,1
2815,1
2816,1
2817,1
2818,1
2819,2
2820,1
2821,1
2822,5
2823,1
2824,1
2825,1
2826,1
2827,2
2828,1
2829,1
2830,16
2831,1
2832,4
2833,1
2834,1
2835,1
2836,1
2837,15
2838,1
2839,1
2840,1
2841,1
2842,4
2843,1
2844,1
2845,1
2846,2
2847,1
2848,1
2849,13
2850,22
2851,4
2852,3
2853,1
2854,2
2855,1
2856,20
2857,2
2858,2
2859,4
2860,7
2861,1
2862,6
2863,1
2864,1
2865,1
2866,2
2867,1
2868,1
2869,1
2870,1
2871,1
2872,1
2873,1
2874,1
2875,1
2876,4
2877,1
2878,1
2879,1
2880,9
2881,1
2882,1
2883,13
2884,2
2885,1
2886,20
2887,2
2888,1
2889,8
2890,4
2891,1
2892,2
2893,1
2894,1
2895,1
2896,1
2897,1
2898,1
2899,1
2900,2
2901,1
2902,1
2903,1
2904,1
2905,5
2906,1
2907,1
2908,1
2909,1
2910,1
2911,1
2912,1
2913,1
2914,1
2915,1
2916,1
2917,1
2918,1
2919,1
2920,1
2921,1
2922,1
2923,1
2924,2
2925,2
2926,3
2927,1
2928,1
2929,3
2930,2
2931,2
2932,1
2933,1
2934,11
2935,1
2936,1
2937,1
2938,1
2939,2
2940,1
2941,2
2942,1
2943,24
2944,1
2945,1
2946,1
2947,1
2948,2
2949,1
2950,6
2951,1
2952,1
2953,14
2954,2
2955,1
2956,1
2957,1
2958,1
2959,2
2960,5
2961,1
2962,1
2963,1
2964,2
2965,1
2966,1
2967,13
2968,1
2969,1
2970,1
2971,1
2972,11
2973,1
2974,1
2975,1
2976,1
2977,1
2978,1
2979,2
2980,1
2981,1
2982,8
2983,1
2984,1
2985,1
2986,1
2987,2
2988,1
2989,1
2990,1
2991,1
2992,1
2993,1
2994,1
2995,1
2996,3
2997,1
2998,1
2999,1
3000,25
3001,1
3002,1
3003,1
3004,1
3005,1
3006,1
3007,23
3008,2
3009,3
3010,2
3011,1
3012,1
3013,1
3014,1
3015,1
3016,2
3017,1
3018,1
3019,2
3020,1
3021,2
3022,1
3023,6
3024,1
3025,2
3026,1
3027,3
3028,7
3029,1
3030,22
3031,1
3032,5
3033,1
3034,2
3035,1
3036,1
3037,2
3038,1
3039,1
3040,1
3041,1
3042,7
3043,3
3044,18
3045,1
3046,2
3047,1
3048,2
3049,1
3050,1
3051,1
3052,1
3053,1
3054,1
3055,2
3056,1
3057,2
3058,2
3059,1
3060,1
3061,1
3062,1
3063,2
3064,2
3065,1
3066,1
3067,1
3068,1
3069,1
3070,2
3071,1
3072,1
3073,1
3074,14
3075,8
3076,1
3077,1
3078,2
3079,1
3080,1
3081,16
3082,2
3083,1
3084,1
3085,1
3086,1
3087,1
3088,4
3089,1
3090,1
3091,1
3092,1
3093,1
3094,1
3095,1
3096,1
3097,2
3098,1
3099,1
3100,1
3101,1
3102,1
3103,1
3104,1
3105,2
3106,1
3107,1
3108,1
3109,1
3110,1
3111,7
3112,1
3113,1
3114,1
3115,1
3116,1
3117,1
3118,1
3119,1
3120,1
3121,1
3122,1
3123,1
3124,1
3125,1
3126,1
3127,2
3128,1
3129,1
3130,1
3131,1
3132,1
3133,1
3134,1
3135,1
3136,1
3137,1
3138,1
3139,1
3140,1
3141,3
3142,1
3143,1
3144,1
3145,1
3146,3
3147,1
3148,1
3149,1
3150,1
3151,10
3152,2
3153,2
3154,1
3155,1
3156,1
3157,1
3158,2
3159,3
3160,1
3161,1
3162,2
3163,1
3164,1
3165,1
3166,1
3167,1
3168,2
3169,1
3170,1
3171,1
3172,1
3173,1
3174,2
3175,1
3176,1
3177,1
3178,1
3179,1
3180,1
3181,1
3182,1
3183,1
3184,1
3185,1
3186,1
3187,6
3188,1
3189,1
3190,2
3191,2
3192,1
3193,1
3194,1
3195,1
3196,1
3197,1
3198,1
3199,1
3200,1
3201,1
3202,1
3203,2
3204,1
3205,1
3206,2
3207,1
3208,1
3209,1
3210,1
3211,1
3212,1
3213,1
3214,1
3215,1
3216,2
3217,2
3218,1
3219,1
3220,1
3221,2
3222,1
3223,1
3224,1
3225,1
3226,1
3227,1
3228,1
3229,2
3230,1
3231,1
3232,1
3233,1
3234,1
3235,1
3236,1
3237,1
3238,1
3239,1
3240,1
3241,1
3242,8
3243,1
3244,1
3245,2
3246,1
3247,1
3248,1
3249,1
3250,1
3251,4
3252,1
3253,1
3254,1
3255,2
3256,1
3257,1
3258,1
3259,2
3260,1
3261,2
3262,1
3263,8
3264,1
3265,1
3266,1
3267,1
3268,4
3269,1
3270,1
3271,2
3272,10
3273,1
3274,1
3275,1
3276,1
3277,1
3278,1
3279,1
3280,1
3281,1
3282,3
3283,1
3284,1
3285,1
3286,8
3287,1
3288,1
3289,1
3290,3
3291,2
3292,1
3293,1
3294,2
3295,1
3296,1
3297,2
3298,1
3299,4
3300,1
3301,1
3302,1
3303,1
3304,1
3305,2
3306,2
3307,1
3308,2
3309,1
3310,2
3311,1
3312,14
3313,2
3314,1
3315,1
3316,1
3317,3
3318,2
3319,1
3320,1
3321,1
3322,1
3323,1
3324,1
3325,1
3326,1
3327,8
3328,1
3329,1
3330,1
3331,1
3332,1
3333,1
3334,2
3335,1
3336,7
3337,1
3338,3
3339,1
3340,1
3341,1
3342,4
3343,1
3344,1
3345,2
3346,9
3347,1
3348,1
3349,2
3350,2
3351,1
3352,1
3353,1
3354,1
3355,1
3356,1
3357,1
3358,1
3359,1
3360,1
3361,1
3362,1
3363,1
3364,1
3365,1
3366,2
3367,1
3368,4
3369,1
3370,1
3371,5
3372,1
3373,1
3374,1
3375,1
3376,1
3377,1
3378,1
3379,1
3380,1
3381,1
3382,1
3383,1
3384,11
3385,1
3386,1
3387,4
3388,1
3389,1
3390,14
3391,1
3392,1
3393,7
3394,1
3395,5
3396,1
3397,1
3398,2
3399,1
3400,1
3401,1
3402,1
3403,1
3404,1
3405,1
3406,1
3407,1
3408,1
3409,2
3410,1
3411,1
3412,1
3413,1
3414,1
3415,2
3416,1
3417,7
3418,1
3419,1
3420,1
3421,8
3422,1
3423,1
3424,1
3425,1
3426,10
3427,1
3428,1
3429,1
3430,2
3431,1
3432,1
3433,1
3434,1
3435,5
3436,1
3437,1
3438,1
3439,1
3440,1
3441,1
3442,1
3443,1
3444,2
3445,1
3446,2
3447,11
3448,1
3449,1
3450,1
3451,3
3452,6
3453,1
3454,1
3455,1
3456,1
3457,3
3458,1
3459,1
3460,1
3461,1
3462,1
3463,1
3464,1
3465,1
3466,1
3467,11
3468,1
3469,1
3470,1
3471,1
3472,1
3473,2
3474,1
3475,1
3476,1
3477,1
3478,1
3479,1
3480,2
3481,1
3482,1
3483,1
3484,1
3485,1
3486,2
3487,1
3488,2
3489,1
3490,1
3491,1
3492,1
3493,2
3494,1
3495,1
3496,2
3497,1
3498,1
3499,8
3500,1
3501,1
3502,1
3503,1
3504,1
3505,1
3506,1
3507,1
3508,1
3509,3
3510,1
3511,1
3512,4
3513,1
3514,2
3515,1
3516,1
3517,1
3518,1
3519,1
3520,1
3521,2
3522,1
3523,1
3524,1
3525,1
3526,1
3527,2
3528,1
3529,1
3530,1
3531,1
3532,1
3533,1
3534,2
3535,1
3536,1
3537,1
3538,6
3539,2
3540,1
3541,1
3542,1
3543,1
3544,1
3545,1
3546,1
3547,1
3548,1
3549,1
3550,1
3551,1
3552,1
3553,1
3554,1
3555,1
3556,1
3557,1
3558,1
3559,1
3560,1
3561,1
3562,1
3563,2
3564,1
3565,1
3566,1
3567,1
3568,1
3569,1
3570,1
3571,1
3572,1
3573,1
3574,1
3575,1
3576,1
3577,1
3578,4
3579,9
3580,1
3581,1
3582,1
3583,1
3584,1
3585,1
3586,1
3587,1
3588,1
3589,1
3590,1
3591,1
3592,1
3593,1
3594,1
3595,1
3596,1
3597,1
3598,1
3599,1
3600,5
3601,1
3602,1
3603,1
3604,1
3605,1
3606,1
3607,1
3608,2
3609,1
3610,1
3611,1
3612,1
3613,1
3614,4
3615,1
3616,1
3617,1
3618,1
3619,1
3620,1
3621,1
3622,1
3623,2
3624,1
3625,1
3626,1
3627,5
3628,1
3629,1
3630,1
3631,1
3632,1
3633,1
3634,1
3635,1
3636,1
3637,1
3638,1
3639,1
3640,1
3641,1
3642,1
3643,1
3644,1
3645,1
3646,3
3647,1
3648,1
3649,1
3650,2
3651,4
3652,2
3653,1
3654,1
3655,1
3656,1
3657,1
3658,1
3659,1
3660,2
3661,1
3662,3
3663,1
3664,1
3665,1
3666,1
3667,1
3668,1
3669,1
3670,1
3671,1
3672,1
3673,1
3674,1
3675,1
3676,1
3677,1
3678,1
3679,1
3680,1
3681,1
3682,1
3683,1
3684,1
3685,1
3686,1
3687,1
3688,1
3689,1
3690,1
3691,1
3692,2
3693,1
3694,1
3695,1
3696,1
3697,1
3698,1
3699,1
3700,1
3701,1
3702,1
3703,1
3704,1
3705,1
3706,1
3707,1
3708,1
3709,3
3710,1
3711,1
3712,1
3713,1
3714,1
3715,1
3716,1
3717,1
3718,1
3719,1
3720,1
3721,1
3722,1
3723,1
3724,1
3725,1
3726,1
3727,1
3728,1
3729,1
3730,1
3731,1
3732,1
3733,1
3734,1
3735,1
3736,1
3737,1
3738,1
3739,1
3740,1
3741,1
3742,1
3743,1
3744,1
3745,1
3746,1
3747,1
3748,1
3749,1
3750,1
3751,1
3752,1
3753,1
3754,1
3755,1
3756,1
3757,1
3758,1
3759,1
3760,1
3761,1
3762,1
3763,1
3764,1
3765,1
3766,1
3767,1
