3631432,1
3631431,1
778115,1
3631434,1
3925806,1
3631530,1
3631531,1
795143,1
630880,1
776436,1
776743,1
776742,1
291068,1
3635439,1
3631385,1
3924448,1
3925746,1
757345,1
775539,0
631859,1
781375,1
6230898,1
782078,1
779689,1
648599,1
780674,1
782074,1
782077,1
3927087,1
6218544,1
1504823,1
3631901,1
3925063,1
3925064,1
780984,1
1080535,1
744910,1
6223563,1
6079280,1
535668,1
635352,1
3926934,1
746623,1
3631344,1
756239,1
3631349,1
3631757,1
3925788,1
3631619,1
782150,1
6228687,1
3631613,1
730278,1
3926681,1
5237816,1
3862628,1
6204852,1
3925842,1
106788,2
6249058,1
780594,1
3932561,1
3925230,1
6227033,1
731623,1
781945,1
6229287,1
3631502,1
6246250,1
745827,1
3631377,1
782021,1
748264,1
5336496,1
6229355,1
782025,1
5101637,1
750067,1
3926631,1
159054,1
3926977,1
781322,1
3927055,1
635393,1
3501027,1
782108,1
3631795,1
3366395,1
6223166,1
779672,1
758760,1
3927378,1
781717,1
781863,1
782107,1
4706351,1
778076,1
670117,1
3631893,1
3631895,1
3631329,1
3631287,1
3926379,1
3631281,1
3631282,1
3926375,1
782036,1
3926376,1
3631327,1
3631325,1
782033,1
3926151,1
780244,1
759895,2
781661,1
734873,0
3631769,1
3925276,1
3631762,1
3631760,1
3926652,1
3925579,1
6246594,1
3925879,1
780560,1
6237900,1
781562,1
655614,1
780763,1
5702767,1
636567,1
781969,1
3925290,1
5055800,1
3631861,1
3927008,1
3925905,1
5797627,1
3631255,1
6245225,1
3631396,1
3925909,1
3631497,1
3631491,1
3631493,1
3631492,1
3692270,1
6220438,1
725511,1
624824,1
777636,1
639948,1
674865,1
3631698,1
3493379,1
3924629,1
3493279,1
3498870,1
6212614,1
4024126,1
3926530,1
3926929,1
3926432,1
3926538,1
623014,1
636487,1
3924802,1
3144286,1
780205,1
5962412,1
780192,1
6223702,1
3924807,1
780927,1
782148,2
782149,2
782144,1
782145,2
782146,1
208902,0
3631378,1
782141,1
3926328,1
782143,1
781958,1
781953,1
3926069,1
64334,1
782147,1
780721,1
3631738,1
3631739,1
3925547,1
6211664,1
782142,1
3925222,1
3924799,1
800432,1
6231149,1
3509335,1
761581,1
3925824,1
10476,1
3631514,1
781550,1
779921,1
3631451,1
3631903,1
3631452,1
6223456,1
5749503,1
3924667,1
3926470,1
637992,1
6224852,1
6210863,1
782034,1
759340,1
3924462,1
3925482,1
3926325,1
3631813,1
3924468,1
635384,1
6232033,1
3925649,1
3926966,1
781252,1
626423,1
6213144,1
3927049,1
734233,1
3926316,1
3926314,1
3926312,1
3926707,1
6221853,1
780159,1
6238913,1
6216125,1
6225290,1
6249416,1
3631889,1
5867988,1
6216085,1
3631339,1
3926404,1
3631330,1
782022,1
3503800,1
3631333,1
3631334,1
3631336,1
3926543,1
3925187,1
3926635,1
781675,1
778188,0
6134193,1
6230103,1
780274,1
781773,1
3925260,1
6215345,1
3631773,1
782115,1
3925508,1
782113,1
782112,1
782111,1
2220424,1
5653008,1
3925505,1
6245121,1
6242745,1
3925981,1
3926137,1
3631859,1
6230212,1
6241243,1
6218149,1
781689,1
3507223,1
6230511,1
6227400,1
781991,1
3500331,1
3924746,1
3631858,1
3924745,1
3927031,1
3631854,1
3924748,1
3631856,1
3631851,1
3631852,1
3924584,1
3631245,1
3631248,1
781428,1
3631482,1
3631485,1
3631488,1
3631562,1
3631567,1
780792,1
62691,2
757201,1
3631684,1
778555,1
689312,1
675179,1
3924734,1
210014,1
6209991,1
6229182,1
3925737,1
755483,1
5700410,1
3926914,1
620812,1
6292580,1
782128,1
782129,1
782127,1
782124,1
781739,1
782122,1
3926675,2
782120,1
782089,1
782088,1
782133,1
782084,1
3925135,1
6206293,1
3631341,1
3496415,1
782159,1
3631342,1
782017,1
782153,2
782152,2
782151,2
6211073,1
782157,2
782156,2
782155,2
782154,1
3926076,1
4616154,1
781648,1
781645,1
636533,1
1783525,1
87414,1
643474,1
289574,1
3926188,1
582549,1
3631446,1
3631447,1
781542,1
761773,1
3631448,1
6205915,1
727888,1
3631422,1
146518,1
3631424,1
3924558,1
3925149,1
781498,1
3924476,1
6230743,1
6248229,1
3924473,1
3924776,1
3631233,1
6239297,1
3631237,1
3631236,1
6211438,1
3926309,1
782042,1
740282,1
3927158,1
780165,1
3631305,1
3631306,1
3631301,1
3631300,1
3631302,1
6212733,1
6209807,1
623516,1
1405925,1
3926601,1
3925191,1
5745074,1
6248637,1
3927320,1
6222902,1
3631663,1
3631340,1
3925519,1
782160,1
782166,1
777624,1
3925851,1
736253,1
5680440,1
781503,1
710378,1
781692,1
6208997,1
781594,1
3631849,1
583180,1
3631279,1
781432,1
3631275,1
3631274,1
3631277,1
3631478,1
3631476,1
3631475,1
6222123,1
781026,1
775394,1
5628636,1
3926580,1
6236767,1
3924722,1
782158,1
735662,1
3631833,1
86103,1
3631438,1
3631582,1
263310,1
3927365,1
780221,1
782139,1
782138,1
782135,1
782134,1
782137,1
782136,1
3926760,1
782132,1
3631785,1
3631786,1
5652176,1
3811967,1
3924452,1
417358,0
1642990,1
3929870,1
3631297,1
3631296,1
782003,1
3926343,1
3631293,1
3631292,1
782009,1
1164415,1
3631350,1
3631351,1
475327,1
775759,1
5700097,1
781655,1
6209022,1
735446,1
781401,1
5847646,1
3631666,1
212703,1
