3959065,1
782217,1
1667876,1
3639507,1
1645109,1
530273,1
781704,1
631859,1
713808,1
3639499,1
3718391,1
1659385,1
782190,1
782244,1
3639147,1
3959718,1
3720628,1
776849,1
689312,1
664116,1
781562,1
3959794,1
3721012,1
3960351,1
782021,1
3720309,1
2977012,1
3958990,1
3959075,1
778555,1
782048,1
781671,1
776742,1
3719653,1
754435,1
782042,1
780560,1
623466,1
781773,1
3959387,1
3639153,1
3958656,1
3958927,1
3650571,1
3958658,1
3959705,1
3959267,1
3959781,1
3958716,1
3960031,1
777635,1
782294,1
1643489,1
3959789,1
782291,2
782292,1
782293,1
3959369,1
3959689,1
640624,1
210014,1
3959683,1
749069,1
3959364,1
3959686,1
3719024,1
52497,0
623516,1
781375,1
710116,1
782279,1
3958484,1
3959179,1
3639168,1
3719944,1
3639166,1
776436,1
3958488,1
3719541,1
782288,1
535668,1
3713205,1
777636,1
3719956,1
639948,1
781991,1
781611,1
3959561,1
3940752,1
3958502,1
3639181,1
3639180,1
1649240,1
1636583,1
3714789,1
3717131,1
3714064,1
3886609,1
3639115,1
3873811,1
3953940,1
3639146,1
1642194,1
3959602,1
644340,1
3959607,1
646450,1
3639170,1
3959154,1
3639176,1
3639177,1
3959921,1
782170,1
3715399,1
62691,1
768828,1
782178,1
623014,1
3639506,1
362333,1
631156,1
1666307,1
3959224,1
3712844,1
3959226,1
634731,1
636015,1
3720182,1
4890483,1
5034148,1
3959583,1
617082,1
3959587,1
3959589,1
3713634,1
4110958,1
706247,1
4107011,1
3959610,1
3720501,1
3721347,1
3960318,1
3959398,1
633864,1
3959619,1
732426,1
661002,1
3958667,1
1678504,1
3960178,1
3639217,1
4800371,1
3959357,1
782148,1
3960393,1
775394,1
782144,1
3959295,1
3715142,1
781699,1
620812,1
3719821,1
4896628,1
781730,1
571921,1
662635,1
3718423,1
782125,1
3712853,1
64334,1
3639179,1
778115,1
4789352,1
782243,1
4890494,1
3715623,1
3639527,1
4938390,1
3879887,1
3639528,1
754439,1
4794468,1
3639205,1
3960172,1
3639118,1
3639201,1
3721194,1
1660018,1
3639114,1
4932813,1
782150,1
3678164,1
5009454,1
4968601,1
3960094,1
782136,1
3721175,1
782132,1
782033,1
782239,1
1629846,1
3714775,1
779921,1
2136426,1
3959732,1
1659624,1
3959734,1
3717087,1
3639539,1
3959636,1
782237,1
3959403,1
3639544,1
643474,1
3959291,1
3960168,1
3959372,1
3959408,1
776743,1
626540,1
1146896,1
637992,1
3639119,1
3959250,1
3719841,1
781595,1
3959376,1
3713466,1
4805047,1
3717116,1
3959812,1
3639169,1
778076,1
1649738,1
4805409,1
3530174,1
3959123,1
3719476,1
732554,1
3958494,1
772470,1
3639175,1
3715837,1
3959554,1
626423,1
775108,1
3639540,1
782034,1
771810,1
3713317,1
781498,1
3987577,1
1660799,1
