0,1
1,0
2,3
3,4
4,1
5,2
6,0
7,1
8,0
9,1
10,1
11,0
12,2
13,2
14,0
15,4
16,1
17,1
18,1
19,0
20,3
21,2
22,2
23,3
24,2
25,5
26,3
27,3
28,1
29,2
30,0
31,0
32,1
33,2
34,2
35,1
36,4
37,2
38,3
39,3
40,0
41,0
42,2
43,2
44,1
45,2
46,1
47,3
48,0
49,0
50,0
51,1
52,2
53,0
54,1
55,2
56,0
57,1
58,1
59,3
60,1
61,0
62,2
63,2
64,1
65,2
66,2
67,3
68,0
69,1
70,0
71,1
72,0
73,2
74,2
75,1
76,0
77,3
78,1
79,0
80,3
81,0
82,1
83,1
84,2
85,1
86,3
87,2
88,1
89,2
90,1
91,0
92,1
93,0
94,1
95,5
96,4
97,2
98,2
99,3
100,0
101,2
102,1
103,2
104,0
105,2
106,0
107,2
108,3
109,3
110,1
111,4
112,0
113,3
114,1
115,0
116,2
117,3
118,1
119,2
120,0
121,1
122,1
123,1
124,3
125,0
126,3
127,2
128,1
129,2
130,0
131,1
132,1
133,0
134,0
135,1
136,1
137,3
138,1
139,1
140,1
141,0
142,2
143,5
144,0
145,1
146,2
147,0
148,4
149,2
150,1
151,3
152,3
153,3
154,1
155,1
156,4
157,4
158,1
159,2
160,3
161,1
162,2
163,2
164,3
165,1
166,1
167,1
168,2
169,1
170,1
171,4
172,1
173,0
174,1
175,1
176,2
177,1
178,1
179,1
180,1
181,2
182,2
183,2
184,1
185,1
186,1
187,2
188,0
189,2
190,4
191,1
192,1
193,2
194,5
195,1
196,2
197,4
198,2
199,2
200,2
201,0
202,1
203,0
204,1
205,2
206,2
207,3
208,2
209,2
210,3
211,2
212,3
213,0
214,0
215,0
216,1
217,2
218,4
219,1
220,1
221,3
222,2
223,2
224,2
225,2
226,2
227,4
228,2
229,1
230,0
231,2
232,1
233,1
234,0
235,2
236,2
237,2
238,1
239,2
240,4
241,2
242,2
243,3
244,3
245,0
246,4
247,0
248,1
249,3
250,2
251,3
252,0
253,0
254,0
255,1
256,1
257,2
258,1
259,0
260,4
261,0
262,1
263,1
264,0
265,3
266,2
267,2
268,1
269,3
270,4
271,1
272,1
273,2
274,0
275,1
276,2
277,4
278,2
279,3
280,3
281,0
282,1
283,2
284,2
285,1
286,1
287,1
288,3
289,0
290,1
291,2
292,2
293,2
294,1
295,3
296,4
297,2
298,1
299,2
300,2
301,3
302,0
303,2
304,1
305,1
306,2
307,1
308,5
309,3
310,1
311,0
312,1
313,1
314,2
315,1
316,2
317,0
318,1
319,1
320,2
321,2
322,1
323,3
324,2
325,4
326,3
327,4
328,1
329,0
330,1
331,2
332,3
333,2
334,1
335,1
336,1
337,3
338,1
339,1
340,0
341,0
342,2
343,0
344,2
345,2
346,0
347,0
348,2
349,2
350,1
351,0
352,1
353,2
354,1
355,2
356,0
357,4
358,2
359,1
360,3
361,1
362,1
363,0
364,0
365,2
366,1
367,3
368,4
369,0
370,3
371,0
372,2
373,1
374,0
375,6
376,3
377,3
378,1
379,0
380,0
381,3
382,0
383,1
384,3
385,0
386,1
387,1
388,3
389,1
390,0
391,2
392,2
393,2
394,3
395,0
396,0
397,6
398,1
399,1
400,0
401,1
402,1
403,2
404,1
405,0
406,3
407,2
408,0
409,0
410,2
411,0
412,1
413,0
414,0
415,1
416,0
417,0
418,1
419,2
420,0
421,2
422,2
423,2
424,0
425,0
426,1
427,3
428,2
429,3
430,1
431,3
432,3
433,0
434,0
435,1
436,3
437,3
438,3
439,2
440,4
441,2
442,1
443,3
444,2
445,1
446,3
447,0
448,0
449,1
450,1
451,3
452,3
453,2
454,3
455,4
456,2
457,1
458,1
459,0
460,2
461,4
462,1
463,0
464,0
465,1
466,1
467,0
468,2
469,0
470,0
471,1
472,1
473,1
474,2
475,1
476,1
477,0
478,1
479,2
480,2
481,2
482,0
483,1
484,0
485,4
486,1
487,3
488,3
489,3
490,3
491,3
492,1
493,4
494,1
495,0
496,2
497,3
498,1
499,0
500,3
501,1
502,0
503,4
504,2
505,1
506,0
507,1
508,2
509,1
510,2
511,2
512,2
513,1
514,1
515,1
516,2
517,1
518,2
519,4
520,2
521,2
522,0
523,3
524,1
525,1
526,1
527,3
528,3
529,4
530,4
531,1
532,2
533,2
534,1
535,1
536,0
537,1
538,0
539,1
540,2
541,1
542,0
543,1
544,1
545,4
546,0
547,0
548,2
549,1
550,4
551,1
552,1
553,0
554,2
555,0
556,0
557,2
558,3
559,2
560,1
561,2
562,4
563,1
564,3
565,1
566,0
567,1
568,1
569,0
570,2
571,1
572,1
573,1
574,2
575,2
576,3
577,2
578,3
579,0
580,3
581,2
582,1
583,4
584,0
585,0
586,0
587,1
588,2
589,3
590,1
591,4
592,2
593,1
594,3
595,2
596,2
597,0
598,2
599,2
600,1
601,1
602,2
603,0
604,0
605,1
606,1
607,1
608,0
609,2
610,2
611,0
612,1
613,2
614,0
615,1
616,0
617,1
618,1
619,0
620,1
621,0
622,2
623,1
624,0
625,2
626,0
627,5
628,1
629,2
630,1
631,3
632,0
633,1
634,2
635,0
636,2
637,1
638,1
639,4
640,3
641,1
642,2
643,1
644,0
645,0
646,5
647,0
648,1
649,3
650,1
651,1
652,0
653,1
654,1
655,0
656,1
657,2
658,2
659,3
660,1
661,4
662,1
663,1
664,2
665,3
666,2
667,5
668,0
669,1
670,1
671,1
672,3
673,4
674,1
675,0
676,2
677,1
678,2
679,3
680,2
681,3
682,1
683,0
684,3
685,0
686,0
687,0
688,2
689,1
690,0
691,3
692,0
693,2
694,0
695,2
696,1
697,2
698,1
699,3
700,3
701,0
702,0
703,3
704,2
705,2
706,0
707,3
708,4
709,1
710,1
711,1
712,3
713,2
714,1
715,2
716,0
717,3
718,1
719,3
720,2
721,4
722,1
723,2
724,4
725,0
726,1
727,2
728,3
729,3
730,1
731,2
732,1
733,1
734,2
735,0
736,2
737,0
738,1
739,3
740,0
741,1
742,3
743,2
744,1
745,2
746,3
747,2
748,0
749,2
750,3
751,1
752,3
753,0
754,2
755,1
756,1
757,1
758,1
759,2
760,1
761,2
762,3
763,1
764,1
765,2
766,0
767,3
768,0
769,3
770,2
771,3
772,1
773,5
774,1
775,4
776,1
777,2
778,1
779,2
780,2
781,0
782,1
783,2
784,2
785,2
786,2
787,1
788,2
789,0
790,0
791,2
792,0
793,3
794,1
795,2
796,0
797,0
798,1
799,3
800,2
801,1
802,1
803,2
804,2
805,2
806,1
807,2
808,0
809,3
810,2
811,1
812,3
813,1
814,0
815,1
816,3
817,3
818,2
819,1
820,2
821,1
822,0
823,2
824,0
825,2
826,0
827,3
828,1
829,1
830,1
831,3
832,2
833,1
834,3
835,1
836,3
837,2
838,1
839,1
840,2
841,0
842,0
843,1
844,1
845,1
846,0
847,1
848,0
849,0
850,4
851,2
852,0
853,1
854,3
855,0
856,1
857,2
858,1
859,3
860,0
861,2
862,2
863,2
864,0
865,1
866,0
867,1
868,1
869,1
870,1
871,1
872,0
873,2
874,2
875,0
876,0
877,3
878,2
879,1
880,1
881,1
882,1
883,3
884,0
885,0
886,1
887,0
888,3
889,2
890,2
891,4
892,1
893,0
894,0
895,4
896,1
897,0
898,2
899,1
900,0
901,1
902,2
903,1
904,0
905,1
906,1
907,4
908,0
909,0
910,2
911,3
912,1
913,0
914,2
915,0
916,2
917,2
918,3
919,3
920,0
921,1
922,0
923,0
924,2
925,2
926,2
927,3
928,2
929,2
930,1
931,2
932,1
933,1
934,1
935,2
936,2
937,0
938,2
939,1
940,4
941,0
942,1
943,2
944,2
945,0
946,2
947,2
948,2
949,3
950,1
951,3
952,1
953,1
954,1
955,3
956,2
957,2
958,1
959,2
960,0
961,1
962,2
963,0
964,0
965,3
966,5
967,0
968,1
969,3
970,3
971,1
972,1
973,1
974,1
975,0
976,1
977,2
978,1
979,3
980,1
981,1
982,2
983,2
984,0
985,3
986,4
987,2
988,2
989,0
990,0
991,1
992,1
993,1
994,2
995,1
996,2
997,1
998,1
999,1
1000,3
1001,1
1002,3
1003,2
1004,0
1005,1
1006,2
1007,3
1008,1
1009,0
1010,3
1011,2
1012,1
1013,1
1014,2
1015,1
1016,0
1017,2
1018,1
1019,0
1020,2
1021,2
1022,1
1023,0
1024,2
1025,3
1026,3
1027,1
1028,4
1029,2
1030,1
1031,1
1032,1
1033,1
1034,1
1035,0
1036,0
1037,1
1038,0
1039,0
1040,3
1041,1
1042,0
1043,2
1044,2
1045,4
1046,0
1047,3
1048,0
1049,1
1050,1
1051,2
1052,2
1053,3
1054,2
1055,1
1056,2
1057,0
1058,3
1059,4
1060,1
1061,2
1062,2
1063,5
1064,3
1065,3
1066,3
1067,1
1068,0
1069,1
1070,4
1071,1
1072,1
1073,1
1074,2
1075,1
1076,2
1077,1
1078,1
1079,0
1080,3
1081,2
1082,1
1083,1
1084,2
1085,1
1086,0
1087,3
1088,1
1089,2
1090,3
1091,1
1092,3
1093,5
1094,3
1095,1
1096,4
1097,1
1098,2
1099,2
1100,0
1101,2
1102,1
1103,1
1104,3
1105,1
1106,1
1107,2
1108,0
1109,1
1110,2
1111,1
1112,0
1113,0
1114,0
1115,1
1116,1
1117,2
1118,0
1119,3
1120,1
1121,1
1122,1
1123,3
1124,1
1125,1
1126,1
1127,2
1128,2
1129,3
1130,1
1131,4
1132,1
1133,2
1134,4
1135,2
1136,2
1137,0
1138,1
1139,0
1140,1
1141,1
1142,4
1143,1
1144,0
1145,1
1146,0
1147,2
1148,0
1149,4
1150,1
1151,2
1152,2
1153,0
1154,1
1155,2
1156,0
1157,0
1158,5
1159,1
1160,2
1161,0
1162,3
1163,0
1164,0
1165,0
1166,2
1167,1
1168,1
1169,2
1170,2
1171,2
1172,1
1173,2
1174,1
1175,2
1176,2
1177,1
1178,1
1179,1
1180,0
1181,1
1182,2
1183,0
1184,6
1185,1
1186,1
1187,1
1188,2
1189,1
1190,1
1191,2
1192,2
1193,2
1194,3
1195,0
1196,2
1197,3
1198,2
1199,2
1200,0
1201,2
1202,2
1203,4
1204,0
1205,0
1206,2
1207,0
1208,5
1209,1
1210,0
1211,2
1212,3
1213,4
1214,1
1215,0
1216,2
1217,0
1218,1
1219,3
1220,1
1221,0
1222,2
1223,0
1224,2
1225,3
1226,1
1227,2
1228,1
1229,0
1230,1
1231,0
1232,3
1233,2
1234,0
1235,0
1236,2
1237,4
1238,2
1239,4
1240,0
1241,1
1242,0
1243,1
1244,1
1245,4
1246,1
1247,1
1248,2
1249,1
1250,2
1251,1
1252,0
1253,1
1254,1
1255,3
1256,1
1257,1
1258,0
1259,4
1260,1
1261,2
1262,3
1263,2
1264,0
1265,2
1266,0
1267,1
1268,0
1269,0
1270,0
1271,0
1272,1
1273,0
1274,2
1275,3
1276,0
1277,2
1278,1
1279,2
1280,0
1281,0
1282,1
1283,2
1284,2
1285,0
1286,5
1287,0
1288,4
1289,1
1290,2
1291,0
1292,2
1293,2
1294,0
1295,3
1296,0
1297,4
1298,2
1299,3
1300,2
1301,1
1302,3
1303,5
1304,1
1305,1
1306,5
1307,1
1308,1
1309,3
1310,0
1311,1
1312,0
1313,0
1314,1
1315,1
1316,1
1317,2
1318,1
1319,2
1320,2
1321,1
1322,0
1323,1
1324,0
1325,2
1326,2
1327,3
1328,1
1329,0
1330,1
1331,1
1332,1
1333,4
1334,0
1335,0
1336,1
1337,0
1338,2
1339,0
1340,1
1341,0
1342,1
1343,0
1344,2
1345,1
1346,2
1347,0
1348,0
1349,1
1350,0
1351,2
1352,2
1353,3
1354,2
1355,3
1356,4
1357,0
1358,0
1359,1
1360,2
1361,2
1362,0
1363,1
1364,3
1365,1
1366,0
1367,1
1368,0
1369,1
1370,1
1371,4
1372,3
1373,2
1374,2
1375,2
1376,1
1377,2
1378,1
1379,1
1380,3
1381,3
1382,3
1383,0
1384,4
1385,0
1386,2
1387,2
1388,2
1389,4
1390,0
1391,4
1392,0
1393,1
1394,0
1395,3
1396,4
1397,1
1398,2
1399,1
1400,1
1401,2
1402,2
1403,1
1404,0
1405,0
1406,3
1407,1
1408,1
1409,0
1410,2
1411,0
1412,2
1413,0
1414,1
1415,2
1416,0
1417,2
1418,2
1419,1
1420,0
1421,2
1422,2
1423,1
1424,0
1425,0
1426,1
1427,0
1428,1
1429,0
1430,1
1431,2
1432,2
1433,0
1434,2
1435,2
1436,2
1437,1
1438,3
1439,1
1440,2
1441,3
1442,0
1443,1
1444,0
1445,4
1446,1
1447,2
1448,2
1449,0
1450,0
1451,0
1452,0
1453,2
1454,0
1455,3
1456,1
1457,1
1458,0
1459,1
1460,2
1461,3
1462,0
1463,1
1464,1
1465,2
1466,1
1467,1
1468,0
1469,0
1470,1
1471,2
1472,1
1473,0
1474,4
1475,2
1476,0
1477,3
1478,1
1479,2
1480,1
1481,1
1482,2
1483,1
1484,1
1485,4
1486,1
1487,3
1488,2
1489,1
1490,1
1491,2
1492,1
1493,1
1494,4
1495,2
1496,3
1497,1
1498,2
1499,1
1500,2
1501,0
1502,2
1503,2
1504,0
1505,2
1506,1
1507,1
1508,1
1509,0
1510,0
1511,1
1512,2
1513,0
1514,5
1515,1
1516,1
1517,4
1518,3
1519,2
1520,0
1521,1
1522,1
1523,2
1524,0
1525,2
1526,0
1527,1
1528,4
1529,1
1530,4
1531,1
1532,3
1533,4
1534,3
1535,3
1536,3
1537,1
1538,1
1539,1
1540,2
1541,3
1542,2
1543,0
1544,2
1545,1
1546,2
1547,3
1548,0
1549,1
1550,6
1551,0
1552,1
1553,4
1554,2
1555,3
1556,2
1557,1
1558,0
1559,3
1560,0
1561,2
1562,1
1563,1
1564,3
1565,0
1566,3
1567,1
1568,1
1569,3
1570,0
1571,0
1572,2
1573,2
1574,3
1575,2
1576,3
1577,1
1578,1
1579,2
1580,1
1581,3
1582,5
1583,0
1584,4
1585,1
1586,1
1587,1
1588,1
1589,1
1590,2
1591,0
1592,2
1593,1
1594,1
1595,1
1596,1
1597,2
1598,0
1599,0
1600,4
1601,0
1602,1
1603,2
1604,0
1605,2
1606,1
1607,0
1608,2
1609,0
1610,1
1611,0
1612,2
1613,0
1614,2
1615,1
1616,3
1617,2
1618,1
1619,0
1620,0
1621,2
1622,2
1623,2
1624,1
1625,1
1626,1
1627,7
1628,1
1629,0
1630,1
1631,3
1632,1
1633,1
1634,2
1635,2
1636,0
1637,0
1638,3
1639,1
1640,2
1641,1
1642,1
1643,4
1644,0
1645,1
1646,1
1647,2
1648,1
1649,3
1650,0
1651,2
1652,3
1653,3
1654,0
1655,3
1656,0
1657,1
1658,1
1659,0
1660,2
1661,0
1662,1
1663,3
1664,0
1665,1
1666,2
1667,0
1668,7
1669,1
1670,1
1671,1
1672,1
1673,1
1674,1
1675,6
1676,0
1677,1
1678,1
1679,3
1680,2
1681,1
1682,3
1683,1
1684,2
1685,0
1686,0
1687,1
1688,1
1689,1
1690,0
1691,0
1692,4
1693,3
1694,7
1695,1
1696,5
1697,2
1698,5
1699,2
1700,1
1701,1
1702,1
1703,2
1704,4
1705,4
1706,1
1707,2
1708,2
1709,0
1710,3
1711,1
1712,2
1713,1
1714,2
1715,5
1716,1
1717,5
1718,3
1719,1
1720,0
1721,2
1722,0
1723,0
1724,3
1725,1
1726,0
1727,2
1728,2
1729,0
1730,2
1731,0
1732,2
1733,0
1734,2
1735,3
1736,0
1737,1
1738,1
1739,1
1740,2
1741,5
1742,2
1743,1
1744,2
1745,2
1746,2
1747,2
1748,2
1749,5
1750,3
1751,2
1752,1
1753,1
1754,1
1755,3
1756,3
1757,4
1758,0
1759,2
1760,2
1761,2
1762,1
1763,0
1764,1
1765,3
1766,2
1767,4
1768,2
1769,1
1770,3
1771,2
1772,0
1773,1
1774,1
1775,2
1776,2
1777,3
1778,1
1779,3
1780,3
1781,1
1782,1
1783,0
1784,4
1785,1
1786,0
1787,0
1788,1
1789,3
1790,1
1791,1
1792,5
1793,1
1794,1
1795,1
1796,2
1797,1
1798,4
1799,1
1800,1
1801,2
1802,1
1803,1
1804,4
1805,2
1806,2
1807,2
1808,1
1809,1
1810,2
1811,4
1812,2
1813,3
1814,2
1815,1
1816,1
1817,2
1818,0
1819,4
1820,2
1821,1
1822,2
1823,2
1824,0
1825,1
1826,2
1827,3
1828,2
1829,3
1830,1
1831,0
1832,2
1833,1
1834,0
1835,3
1836,2
1837,1
1838,1
1839,2
1840,1
1841,1
1842,2
1843,0
1844,0
1845,2
1846,1
1847,1
1848,3
1849,0
1850,0
1851,1
1852,3
1853,2
1854,0
1855,2
1856,1
1857,5
1858,2
1859,0
1860,0
1861,0
1862,2
1863,3
1864,1
1865,2
1866,3
1867,1
1868,0
1869,0
1870,1
1871,0
1872,3
1873,0
1874,3
1875,2
1876,3
1877,2
1878,1
1879,3
1880,1
1881,3
1882,0
1883,1
1884,1
1885,1
1886,4
1887,1
1888,1
1889,1
1890,0
1891,0
1892,1
1893,2
1894,3
1895,3
1896,2
1897,2
1898,1
1899,4
1900,3
1901,1
1902,1
1903,0
1904,1
1905,3
1906,2
1907,1
1908,2
1909,1
1910,1
1911,2
1912,2
1913,1
1914,1
1915,1
1916,2
1917,1
1918,3
1919,2
1920,2
1921,2
1922,0
1923,2
1924,1
1925,0
1926,3
1927,3
1928,2
1929,1
1930,1
1931,3
1932,4
1933,2
1934,2
1935,0
1936,1
1937,2
1938,2
1939,2
1940,4
1941,2
1942,1
1943,2
1944,1
1945,2
1946,2
1947,0
1948,2
1949,5
1950,1
1951,0
1952,1
1953,1
1954,3
1955,4
1956,1
1957,1
1958,2
1959,0
1960,1
1961,1
1962,3
1963,4
1964,2
1965,0
1966,1
1967,0
1968,2
1969,0
1970,3
1971,1
1972,1
1973,0
1974,2
1975,1
1976,1
1977,3
1978,2
1979,0
1980,1
1981,0
1982,3
1983,2
1984,1
1985,4
1986,3
1987,6
1988,2
1989,4
1990,3
1991,1
1992,2
1993,1
1994,1
1995,2
1996,2
1997,2
1998,2
1999,0
2000,1
2001,4
2002,3
2003,3
2004,1
2005,3
2006,1
2007,0
2008,0
2009,2
2010,0
2011,5
2012,0
2013,2
2014,1
2015,1
2016,0
2017,2
2018,2
2019,3
2020,1
2021,0
2022,3
2023,3
2024,5
2025,2
2026,2
2027,2
2028,2
2029,0
2030,1
2031,2
2032,1
2033,2
2034,0
2035,1
2036,2
2037,4
2038,2
2039,1
2040,1
2041,0
2042,2
2043,2
2044,0
2045,1
2046,3
2047,2
2048,0
2049,1
2050,0
2051,1
2052,2
2053,1
2054,1
2055,2
2056,1
2057,2
2058,1
2059,0
2060,1
2061,2
2062,2
2063,0
2064,0
2065,0
2066,0
2067,2
2068,1
2069,3
2070,0
2071,1
2072,0
2073,2
2074,2
2075,1
2076,1
2077,1
2078,3
2079,4
2080,1
2081,2
2082,2
2083,0
2084,1
2085,0
2086,0
2087,1
2088,4
2089,1
2090,2
2091,0
2092,1
2093,1
2094,1
2095,3
2096,2
2097,1
2098,3
2099,0
2100,0
2101,2
2102,0
2103,1
2104,0
2105,2
2106,2
2107,1
2108,5
2109,2
2110,2
2111,2
2112,2
2113,3
2114,0
2115,3
2116,1
2117,2
2118,2
2119,1
2120,0
2121,0
2122,1
2123,1
2124,1
2125,2
2126,0
2127,2
2128,1
2129,1
2130,4
2131,0
2132,1
2133,0
2134,2
2135,1
2136,1
2137,1
2138,2
2139,2
2140,3
2141,3
2142,1
2143,0
2144,3
2145,0
2146,1
2147,1
2148,0
2149,0
2150,2
2151,1
2152,3
2153,1
2154,2
2155,1
2156,2
2157,1
2158,3
2159,2
2160,1
2161,0
2162,0
2163,2
2164,1
2165,2
2166,2
2167,2
2168,1
2169,2
2170,0
2171,2
2172,3
2173,2
2174,2
2175,3
2176,2
2177,2
2178,1
2179,1
2180,1
2181,0
2182,2
2183,2
2184,1
2185,2
2186,5
2187,1
2188,2
2189,0
2190,2
2191,1
2192,0
2193,1
2194,2
2195,0
2196,0
2197,1
2198,2
2199,2
2200,1
2201,3
2202,1
2203,0
2204,1
2205,1
2206,4
2207,0
2208,2
2209,4
2210,2
2211,1
2212,0
2213,2
2214,1
2215,2
2216,1
2217,5
2218,0
2219,4
2220,1
2221,1
2222,3
2223,0
2224,1
2225,2
2226,1
2227,0
2228,2
2229,1
2230,1
2231,1
2232,2
2233,0
2234,0
2235,5
2236,1
2237,0
2238,0
2239,3
2240,1
2241,1
2242,0
2243,3
2244,0
2245,2
2246,1
2247,1
2248,0
2249,0
2250,1
2251,1
2252,1
2253,1
2254,2
2255,5
2256,1
2257,4
2258,4
2259,1
2260,0
2261,1
2262,1
2263,1
2264,1
2265,0
2266,1
2267,2
2268,3
2269,0
2270,2
2271,2
2272,1
2273,0
2274,1
2275,2
2276,0
2277,3
2278,2
2279,0
2280,2
2281,1
2282,1
2283,0
2284,4
2285,1
2286,3
2287,4
2288,3
2289,1
2290,2
2291,1
2292,1
2293,4
2294,1
2295,2
2296,4
2297,2
2298,1
2299,3
2300,1
2301,0
2302,2
2303,4
2304,1
2305,3
2306,2
2307,1
2308,2
2309,2
2310,0
2311,1
2312,0
2313,0
2314,0
2315,0
2316,1
2317,1
2318,1
2319,0
2320,1
2321,4
2322,1
2323,1
2324,1
2325,3
2326,3
2327,3
2328,2
2329,0
2330,2
2331,2
2332,0
2333,1
2334,3
2335,4
2336,1
2337,0
2338,1
2339,2
2340,1
2341,2
2342,1
2343,2
2344,2
2345,0
2346,3
2347,0
2348,5
2349,1
2350,0
2351,1
2352,3
2353,0
2354,3
2355,1
2356,2
2357,0
2358,1
2359,1
2360,1
2361,4
2362,0
2363,2
2364,1
2365,2
2366,0
2367,0
2368,3
2369,2
2370,2
2371,1
2372,3
2373,1
2374,3
2375,0
2376,2
2377,2
2378,3
2379,2
2380,0
2381,3
2382,0
2383,2
2384,1
2385,3
2386,6
2387,4
2388,3
2389,1
2390,1
2391,1
2392,2
2393,1
2394,1
2395,2
2396,5
2397,1
2398,0
2399,0
2400,1
2401,2
2402,0
2403,1
2404,3
2405,1
2406,3
2407,1
2408,0
2409,0
2410,2
2411,2
2412,2
2413,2
2414,1
2415,4
2416,1
2417,0
2418,0
2419,0
2420,2
2421,2
2422,1
2423,0
2424,1
2425,1
2426,1
2427,2
2428,0
2429,0
2430,2
2431,2
2432,1
2433,0
2434,1
2435,2
2436,2
2437,2
2438,2
2439,1
2440,2
2441,0
2442,1
2443,1
2444,1
2445,1
2446,4
2447,1
2448,1
2449,2
2450,1
2451,1
2452,0
2453,2
2454,1
2455,2
2456,3
2457,0
2458,1
2459,1
2460,3
2461,0
2462,1
2463,3
2464,1
2465,0
2466,1
2467,2
2468,2
2469,0
2470,1
2471,2
2472,2
2473,0
2474,2
2475,2
2476,2
2477,2
2478,1
2479,0
2480,2
2481,2
2482,1
2483,1
2484,1
2485,1
2486,2
2487,1
2488,3
2489,0
2490,1
2491,3
2492,1
2493,2
2494,2
2495,3
2496,3
2497,2
2498,0
2499,1
2500,1
2501,4
2502,4
2503,2
2504,4
2505,5
2506,5
2507,2
2508,4
2509,1
2510,1
2511,2
2512,2
2513,3
2514,3
2515,4
2516,2
2517,0
2518,3
2519,0
2520,0
2521,0
2522,2
2523,1
2524,1
2525,3
2526,4
2527,3
2528,0
2529,1
2530,0
2531,2
2532,2
2533,3
2534,2
2535,7
2536,3
2537,0
2538,2
2539,2
2540,1
2541,1
2542,2
2543,3
2544,1
2545,2
2546,1
2547,2
2548,2
2549,3
2550,1
2551,1
2552,1
2553,1
2554,1
2555,1
2556,1
2557,0
2558,1
2559,3
2560,1
2561,1
2562,2
2563,0
2564,3
2565,0
2566,1
2567,0
2568,0
2569,0
2570,1
2571,0
2572,2
2573,1
2574,2
2575,0
2576,0
2577,0
2578,0
2579,4
2580,1
2581,3
2582,1
2583,1
2584,2
2585,1
2586,1
2587,0
2588,2
2589,1
2590,1
2591,1
2592,1
2593,0
2594,3
2595,1
2596,2
2597,2
2598,1
2599,1
2600,4
2601,1
2602,0
2603,4
2604,0
2605,3
2606,3
2607,1
2608,1
2609,0
2610,3
2611,1
2612,2
2613,2
2614,1
2615,3
2616,0
2617,1
2618,2
2619,3
2620,1
2621,1
2622,1
2623,1
2624,1
2625,1
2626,1
2627,2
2628,2
2629,1
2630,5
2631,0
2632,2
2633,0
2634,1
2635,1
2636,2
2637,3
2638,1
2639,1
2640,3
2641,0
2642,0
2643,3
2644,2
2645,0
2646,2
2647,6
2648,2
2649,2
2650,2
2651,1
2652,1
2653,3
2654,0
2655,2
2656,2
2657,1
2658,1
2659,1
2660,1
2661,0
2662,0
2663,1
2664,5
2665,0
2666,5
2667,3
2668,1
2669,2
2670,1
2671,0
2672,2
2673,0
2674,2
2675,3
2676,2
2677,1
2678,4
2679,2
2680,3
2681,0
2682,3
2683,3
2684,3
2685,0
2686,2
2687,1
2688,1
2689,1
2690,1
2691,2
2692,1
2693,1
2694,2
2695,0
2696,2
2697,2
2698,0
2699,2
2700,2
2701,1
2702,1
2703,1
2704,2
2705,0
2706,0
2707,2
2708,3
2709,0
2710,1
2711,1
2712,0
2713,3
2714,4
2715,1
2716,1
2717,2
2718,3
2719,2
2720,2
2721,1
2722,1
2723,0
2724,2
2725,1
2726,0
2727,2
2728,0
2729,1
2730,1
2731,2
2732,0
2733,0
2734,1
2735,2
2736,0
2737,1
2738,1
2739,0
2740,1
2741,0
2742,2
2743,2
2744,0
2745,2
2746,2
2747,0
2748,4
2749,1
2750,1
2751,1
2752,1
2753,0
2754,2
2755,2
2756,1
2757,4
2758,3
2759,1
2760,1
2761,2
2762,2
2763,2
2764,1
2765,0
2766,4
2767,2
2768,0
2769,1
2770,1
2771,1
2772,1
2773,3
2774,0
2775,0
2776,0
2777,2
2778,3
2779,4
2780,2
2781,4
2782,1
2783,1
2784,1
2785,2
2786,4
2787,2
2788,0
2789,2
2790,0
2791,3
2792,1
2793,0
2794,0
2795,1
2796,1
2797,2
2798,2
2799,3
2800,2
2801,4
2802,1
2803,1
2804,1
2805,5
2806,3
2807,0
2808,0
2809,2
2810,2
2811,3
2812,0
2813,3
2814,2
2815,1
2816,1
2817,2
2818,2
2819,0
2820,1
2821,1
2822,1
2823,1
2824,4
2825,2
2826,0
2827,0
2828,0
2829,1
2830,0
2831,0
2832,0
2833,1
2834,2
2835,0
2836,0
2837,1
2838,0
2839,3
2840,1
2841,4
2842,0
2843,3
2844,1
2845,2
2846,0
2847,1
2848,1
2849,1
2850,3
2851,1
2852,2
2853,1
2854,2
2855,0
2856,0
2857,0
2858,2
2859,5
2860,1
2861,1
2862,1
2863,0
2864,2
2865,1
2866,1
2867,0
2868,2
2869,1
2870,0
2871,2
2872,1
2873,0
2874,1
2875,3
2876,1
2877,4
2878,1
2879,2
2880,2
2881,1
2882,2
2883,2
2884,1
2885,0
2886,1
2887,0
2888,0
2889,0
2890,1
2891,3
2892,5
2893,4
2894,3
2895,1
2896,0
2897,1
2898,1
2899,0
2900,2
2901,1
2902,1
2903,1
2904,4
2905,1
2906,0
2907,2
2908,2
2909,0
2910,2
2911,3
2912,0
2913,2
2914,3
2915,3
2916,0
2917,3
2918,2
2919,2
2920,1
2921,2
2922,0
2923,1
2924,1
2925,5
2926,2
2927,2
2928,3
2929,3
2930,0
2931,2
2932,1
2933,3
2934,0
2935,1
2936,2
2937,1
2938,1
2939,3
2940,1
2941,0
2942,2
2943,1
2944,3
2945,3
2946,2
2947,3
2948,1
2949,0
2950,1
2951,1
2952,1
2953,3
2954,4
2955,3
2956,1
2957,1
2958,1
2959,4
2960,0
2961,3
2962,3
2963,2
2964,1
2965,1
2966,1
2967,1
2968,1
2969,2
2970,2
2971,2
2972,1
2973,1
2974,0
2975,3
2976,1
2977,1
2978,3
2979,0
2980,1
2981,1
2982,4
2983,3
2984,4
2985,0
2986,1
2987,1
2988,1
2989,2
2990,1
2991,0
2992,1
2993,3
2994,1
2995,1
2996,4
2997,1
2998,1
2999,1
3000,2
3001,5
3002,3
3003,4
3004,2
3005,1
3006,0
3007,3
3008,4
3009,2
3010,2
3011,1
3012,1
3013,4
3014,0
3015,1
3016,3
3017,1
3018,1
3019,1
3020,3
3021,0
3022,1
3023,0
3024,3
3025,3
3026,2
3027,0
3028,2
3029,2
3030,3
3031,0
3032,3
3033,1
3034,0
3035,3
3036,1
3037,0
3038,4
3039,0
3040,0
3041,2
3042,1
3043,0
3044,0
3045,2
3046,1
3047,3
3048,2
3049,0
3050,0
3051,5
3052,0
3053,3
3054,2
3055,2
3056,1
3057,2
3058,2
3059,2
3060,0
3061,2
3062,2
3063,1
3064,3
3065,2
3066,1
3067,0
3068,0
3069,2
3070,3
3071,3
3072,1
3073,1
3074,0
3075,1
3076,0
3077,1
3078,2
3079,1
3080,2
3081,2
3082,1
3083,3
3084,0
3085,1
3086,1
3087,3
3088,2
3089,0
3090,2
3091,2
3092,4
3093,1
3094,2
3095,3
3096,0
3097,1
3098,2
3099,2
3100,1
3101,1
3102,1
3103,2
3104,3
3105,3
3106,3
3107,1
3108,3
3109,2
3110,0
3111,5
3112,2
3113,2
3114,1
3115,1
3116,1
3117,3
3118,1
3119,1
3120,3
3121,1
3122,5
3123,2
3124,0
3125,4
3126,1
3127,1
3128,0
3129,2
3130,3
3131,2
3132,1
3133,2
3134,3
3135,2
3136,1
3137,1
3138,0
3139,0
3140,2
3141,1
3142,2
3143,3
3144,2
3145,1
3146,3
3147,1
3148,3
3149,2
3150,1
3151,1
3152,2
3153,2
3154,4
3155,1
3156,1
3157,2
3158,2
3159,1
3160,2
3161,2
3162,2
3163,1
3164,2
3165,2
3166,0
3167,4
3168,1
3169,2
3170,3
3171,3
3172,2
3173,1
3174,1
3175,0
3176,0
3177,1
3178,0
3179,2
3180,1
3181,1
3182,2
3183,0
3184,3
3185,3
3186,2
3187,0
3188,1
3189,0
3190,3
3191,2
3192,0
3193,1
3194,0
3195,1
3196,2
3197,3
3198,4
3199,2
3200,1
3201,3
3202,3
3203,1
3204,0
3205,2
3206,1
3207,1
3208,0
3209,1
3210,1
3211,1
3212,1
3213,1
3214,1
3215,0
3216,0
3217,0
3218,0
3219,1
3220,2
3221,2
3222,3
3223,1
3224,1
3225,1
3226,1
3227,2
3228,0
3229,1
3230,0
3231,0
3232,0
3233,0
3234,2
3235,0
3236,0
3237,3
3238,0
3239,2
3240,2
3241,2
3242,1
3243,1
3244,0
3245,2
3246,0
3247,1
3248,2
3249,1
3250,2
3251,0
3252,1
3253,1
3254,0
3255,2
3256,1
3257,1
3258,0
3259,2
3260,4
3261,0
3262,4
3263,1
3264,1
3265,0
3266,3
3267,3
3268,0
3269,0
3270,2
3271,1
3272,4
3273,0
3274,2
3275,1
3276,0
3277,3
3278,2
3279,1
3280,3
3281,3
3282,4
3283,2
3284,5
3285,0
3286,0
3287,1
3288,3
3289,2
3290,1
3291,1
3292,1
3293,2
3294,2
3295,0
3296,1
3297,2
3298,3
3299,1
3300,2
3301,0
3302,2
3303,1
3304,2
3305,0
3306,0
3307,3
3308,1
3309,2
3310,3
3311,1
3312,1
3313,2
3314,1
3315,3
3316,1
3317,0
3318,1
3319,1
3320,4
3321,0
3322,1
3323,0
3324,0
3325,1
3326,1
3327,1
3328,1
3329,2
3330,0
3331,1
3332,3
3333,1
3334,3
3335,2
3336,0
3337,3
3338,2
3339,0
3340,0
3341,1
3342,0
3343,2
3344,1
3345,1
3346,1
3347,2
3348,1
3349,3
3350,1
3351,0
3352,2
3353,1
3354,0
3355,3
3356,2
3357,2
3358,3
3359,1
3360,0
3361,2
3362,0
3363,4
3364,2
3365,1
3366,1
3367,1
3368,2
3369,1
3370,3
3371,2
3372,1
3373,1
3374,1
3375,0
3376,3
3377,2
3378,1
3379,2
3380,0
3381,0
3382,2
3383,4
3384,3
3385,1
3386,0
3387,4
3388,1
3389,1
3390,4
3391,1
3392,2
3393,3
3394,0
3395,3
3396,3
3397,0
3398,1
3399,1
3400,2
3401,4
3402,1
3403,3
3404,4
3405,0
3406,1
3407,1
3408,1
3409,0
3410,1
3411,1
3412,1
3413,0
3414,0
3415,2
3416,0
3417,3
3418,1
3419,2
3420,1
3421,1
3422,2
3423,3
3424,1
3425,1
3426,2
3427,3
3428,1
3429,1
3430,2
3431,1
3432,3
3433,2
3434,0
3435,3
3436,3
3437,2
3438,1
3439,2
3440,3
3441,1
3442,2
3443,4
3444,1
3445,3
3446,0
3447,2
3448,0
3449,0
3450,0
3451,1
3452,1
3453,1
3454,0
3455,2
3456,1
3457,1
3458,2
3459,1
3460,4
3461,0
3462,0
3463,2
3464,0
3465,2
3466,2
3467,3
3468,2
3469,1
3470,1
3471,2
3472,1
3473,0
3474,0
3475,1
3476,0
3477,0
3478,1
3479,0
3480,0
3481,2
3482,0
3483,2
3484,2
3485,1
3486,1
3487,1
3488,2
3489,0
3490,1
3491,2
3492,1
3493,3
3494,0
3495,4
3496,0
3497,0
3498,2
3499,2
3500,1
3501,3
3502,2
3503,2
3504,0
3505,2
3506,2
3507,4
3508,2
3509,1
3510,1
3511,0
3512,1
3513,0
3514,1
3515,0
3516,1
3517,1
3518,1
3519,0
3520,3
3521,1
3522,1
3523,0
3524,0
3525,2
3526,0
3527,4
3528,3
3529,0
3530,1
3531,1
3532,1
3533,1
3534,0
3535,3
3536,1
3537,1
3538,2
3539,0
3540,2
3541,1
3542,5
3543,2
3544,1
3545,3
3546,5
3547,1
3548,3
3549,2
3550,1
3551,1
3552,2
3553,3
3554,0
3555,1
3556,0
3557,2
3558,0
3559,2
3560,1
3561,1
3562,1
3563,3
3564,1
3565,2
3566,3
3567,1
3568,1
3569,1
3570,4
3571,5
3572,2
3573,1
3574,6
3575,0
3576,1
3577,5
3578,1
3579,0
3580,1
3581,1
3582,1
3583,0
3584,2
3585,2
3586,1
3587,3
3588,4
3589,3
3590,1
3591,1
3592,1
3593,0
3594,2
3595,3
3596,0
3597,0
3598,0
3599,0
3600,1
3601,4
3602,1
3603,2
3604,1
3605,6
3606,0
3607,0
3608,0
3609,1
3610,0
3611,1
3612,2
3613,1
3614,1
3615,2
3616,1
3617,1
3618,3
3619,1
3620,0
3621,3
3622,1
3623,0
3624,3
3625,0
3626,3
3627,1
3628,3
3629,2
3630,3
3631,2
3632,2
3633,2
3634,0
3635,2
3636,1
3637,2
3638,2
3639,0
3640,2
3641,1
3642,2
3643,1
3644,0
3645,4
3646,4
3647,1
3648,2
3649,1
3650,2
3651,0
3652,1
3653,0
3654,1
3655,1
3656,1
3657,2
3658,4
3659,0
3660,3
3661,3
3662,0
3663,2
3664,1
3665,2
3666,1
3667,1
3668,1
3669,1
3670,1
3671,1
3672,2
3673,1
3674,3
3675,2
3676,1
3677,3
3678,1
3679,2
3680,2
3681,4
3682,0
3683,3
3684,0
3685,0
3686,1
3687,1
3688,2
3689,1
3690,6
3691,1
3692,1
3693,2
3694,1
3695,0
3696,2
3697,3
3698,3
3699,2
3700,0
3701,2
3702,2
3703,3
3704,1
3705,3
3706,2
3707,2
3708,1
3709,4
3710,2
3711,0
3712,0
3713,1
3714,0
3715,0
3716,0
3717,1
3718,1
3719,2
3720,3
3721,2
3722,1
3723,0
3724,0
3725,1
3726,1
3727,1
3728,2
3729,0
3730,1
3731,2
3732,2
3733,0
3734,3
3735,1
3736,1
3737,2
3738,2
3739,1
3740,2
3741,5
3742,1
3743,0
3744,1
3745,1
3746,0
3747,2
3748,0
3749,0
3750,4
3751,0
3752,1
3753,0
3754,1
3755,2
3756,2
3757,0
3758,0
3759,0
3760,0
3761,1
3762,2
3763,2
3764,1
3765,0
3766,3
3767,3
3768,3
3769,1
3770,3
3771,2
3772,2
3773,2
3774,1
3775,1
3776,2
3777,1
3778,2
3779,1
3780,0
3781,0
3782,2
3783,4
3784,2
3785,2
3786,2
3787,2
3788,3
3789,1
3790,3
3791,3
3792,3
3793,3
3794,2
3795,1
3796,0
3797,4
3798,0
3799,4
3800,4
3801,2
3802,1
3803,0
3804,2
3805,4
3806,1
3807,4
3808,2
3809,2
3810,0
3811,1
3812,1
3813,0
3814,2
3815,0
3816,1
3817,1
3818,5
3819,2
3820,1
3821,2
3822,3
3823,0
3824,0
3825,2
3826,3
3827,2
3828,2
3829,1
3830,0
3831,3
3832,1
3833,3
3834,0
3835,1
3836,5
3837,2
3838,2
3839,2
3840,1
3841,2
3842,3
3843,0
3844,1
3845,1
3846,2
3847,1
3848,1
3849,0
3850,1
3851,2
3852,1
3853,3
3854,5
3855,2
3856,2
3857,0
3858,0
3859,1
3860,7
3861,1
3862,3
3863,1
3864,2
3865,3
3866,4
3867,2
3868,2
3869,4
3870,1
3871,1
3872,1
3873,2
3874,1
3875,1
3876,0
3877,2
3878,0
3879,2
3880,3
3881,2
3882,1
3883,1
3884,3
3885,1
3886,5
3887,1
3888,2
3889,3
3890,1
3891,1
3892,1
3893,3
3894,1
3895,3
3896,0
3897,0
3898,2
3899,3
3900,0
3901,1
3902,2
3903,1
3904,1
3905,2
3906,1
3907,0
3908,0
3909,1
3910,1
3911,1
3912,2
3913,1
3914,1
3915,1
3916,2
3917,0
3918,2
3919,2
3920,2
3921,0
3922,2
3923,0
3924,1
3925,1
3926,0
3927,0
3928,0
3929,0
3930,2
3931,1
3932,1
3933,1
3934,1
3935,2
3936,1
3937,3
3938,3
3939,2
3940,1
3941,1
3942,3
3943,1
3944,0
3945,3
3946,1
3947,1
3948,0
3949,2
3950,1
3951,2
3952,2
3953,1
3954,2
3955,1
3956,1
3957,2
3958,1
3959,2
3960,1
3961,2
3962,4
3963,1
3964,2
3965,1
3966,2
3967,1
3968,2
3969,1
3970,1
3971,0
3972,0
3973,1
3974,1
3975,0
3976,1
3977,1
3978,2
3979,0
3980,0
3981,2
3982,1
3983,3
3984,2
3985,2
3986,0
3987,2
3988,2
3989,4
3990,1
3991,0
3992,1
3993,1
3994,2
3995,1
3996,0
3997,2
3998,1
3999,4
4000,1
4001,2
4002,1
4003,1
4004,2
4005,3
4006,2
4007,2
4008,3
4009,3
4010,3
4011,2
4012,2
4013,3
4014,1
4015,0
4016,2
4017,1
4018,0
4019,1
4020,1
4021,3
4022,5
4023,2
4024,0
4025,1
4026,1
4027,1
4028,0
4029,3
4030,3
4031,1
4032,3
4033,0
4034,3
4035,2
4036,3
4037,1
4038,2
4039,2
4040,1
4041,0
4042,3
4043,5
4044,1
4045,0
4046,1
4047,2
4048,3
4049,0
4050,3
4051,0
4052,2
4053,2
4054,2
4055,4
4056,1
4057,1
4058,2
4059,0
4060,0
4061,2
4062,2
4063,0
4064,3
4065,4
4066,2
4067,0
4068,2
4069,0
4070,2
4071,2
4072,2
4073,0
4074,2
4075,1
4076,0
4077,6
4078,4
4079,0
4080,3
4081,0
4082,3
4083,1
4084,0
4085,1
4086,1
4087,4
4088,2
4089,1
4090,2
4091,1
4092,1
4093,3
4094,1
4095,1
4096,2
4097,2
4098,4
4099,3
4100,3
4101,3
4102,0
4103,1
4104,1
4105,4
4106,1
4107,2
4108,1
4109,1
4110,0
4111,0
4112,0
4113,0
4114,0
4115,1
4116,2
4117,3
4118,0
4119,2
4120,2
4121,2
4122,1
4123,3
4124,1
4125,2
4126,5
4127,2
4128,0
4129,2
4130,2
4131,1
4132,1
4133,1
4134,3
4135,0
4136,2
4137,0
4138,0
4139,1
4140,0
4141,2
4142,3
4143,2
4144,1
4145,1
4146,2
4147,1
4148,4
4149,1
4150,0
4151,0
4152,0
4153,2
4154,2
4155,3
4156,1
4157,1
4158,1
4159,3
4160,0
4161,1
4162,2
4163,1
4164,3
4165,4
4166,2
4167,3
4168,3
4169,1
4170,0
4171,2
4172,0
4173,3
4174,0
4175,3
4176,1
4177,2
4178,1
4179,4
4180,2
4181,1
4182,0
4183,1
4184,1
4185,2
4186,1
4187,2
4188,3
4189,2
4190,2
4191,3
4192,2
4193,1
4194,1
4195,2
4196,1
4197,2
4198,2
4199,1
4200,2
4201,2
4202,3
4203,1
4204,1
4205,1
4206,0
4207,3
4208,1
4209,2
4210,2
4211,4
4212,1
4213,1
4214,3
4215,1
4216,1
4217,1
4218,2
4219,0
4220,1
4221,2
4222,4
4223,0
4224,1
4225,1
4226,2
4227,4
4228,3
4229,4
4230,4
4231,1
4232,1
4233,2
4234,0
4235,3
4236,1
4237,4
4238,1
4239,2
4240,1
4241,1
4242,2
4243,1
4244,0
4245,1
4246,2
4247,1
4248,3
4249,1
4250,0
4251,1
4252,1
4253,2
4254,3
4255,1
4256,1
4257,1
4258,0
4259,0
4260,1
4261,1
4262,1
4263,0
4264,1
4265,1
4266,1
4267,0
4268,1
4269,1
4270,0
4271,5
4272,2
4273,2
4274,4
4275,0
4276,1
4277,2
4278,0
4279,0
4280,2
4281,2
4282,1
4283,3
4284,3
4285,0
4286,2
4287,1
4288,0
4289,3
4290,1
4291,1
4292,1
4293,0
4294,2
4295,3
4296,1
4297,0
4298,1
4299,0
4300,1
4301,0
4302,0
4303,1
4304,2
4305,1
4306,3
4307,3
4308,1
4309,2
4310,0
4311,0
4312,2
4313,6
4314,1
4315,1
4316,0
4317,1
4318,2
4319,1
4320,0
4321,0
4322,1
4323,0
4324,0
4325,2
4326,6
4327,0
4328,2
4329,2
4330,0
4331,3
4332,1
4333,1
4334,0
4335,3
4336,0
4337,3
4338,2
4339,3
4340,2
4341,0
4342,0
4343,1
4344,1
4345,0
4346,0
4347,1
4348,3
4349,1
4350,1
4351,4
4352,0
4353,3
4354,2
4355,3
4356,1
4357,2
4358,1
4359,1
4360,1
4361,1
4362,0
4363,0
4364,1
4365,1
4366,0
4367,1
4368,3
4369,1
4370,2
4371,3
4372,2
4373,1
4374,2
4375,0
4376,2
4377,1
4378,3
4379,1
4380,0
4381,1
4382,0
4383,1
4384,2
4385,1
4386,1
4387,1
4388,1
4389,1
4390,1
4391,1
4392,2
4393,1
4394,1
4395,1
4396,1
4397,0
4398,0
4399,2
4400,1
4401,2
4402,2
4403,1
4404,1
4405,0
4406,0
4407,2
4408,0
4409,4
4410,0
4411,1
4412,3
4413,1
4414,2
4415,1
4416,1
4417,0
4418,1
4419,4
4420,2
4421,0
4422,1
4423,1
4424,0
4425,0
4426,1
4427,0
4428,0
4429,0
4430,4
4431,0
4432,3
4433,1
4434,0
4435,2
4436,2
4437,1
4438,1
4439,0
4440,2
4441,2
4442,1
4443,0
4444,2
4445,0
4446,0
4447,1
4448,3
4449,1
4450,2
4451,0
4452,0
4453,2
4454,0
4455,2
4456,2
4457,3
4458,0
4459,0
4460,1
4461,0
4462,2
4463,3
4464,1
4465,2
4466,2
4467,0
4468,0
4469,3
4470,1
4471,0
4472,1
4473,2
4474,2
4475,0
4476,1
4477,1
4478,1
4479,0
4480,2
4481,0
4482,0
4483,2
4484,1
4485,1
4486,4
4487,0
4488,1
4489,1
4490,2
4491,0
4492,0
4493,4
4494,1
4495,0
4496,0
4497,3
4498,0
4499,1
4500,0
4501,3
4502,1
4503,4
4504,1
4505,2
4506,0
4507,2
4508,1
4509,0
4510,2
4511,1
4512,2
4513,3
4514,0
4515,1
4516,1
4517,1
4518,2
4519,1
4520,0
4521,1
4522,1
4523,2
4524,0
4525,2
4526,4
4527,3
4528,2
4529,1
4530,1
4531,1
4532,1
4533,5
4534,0
4535,2
4536,0
4537,3
4538,3
4539,1
4540,1
4541,2
4542,0
4543,0
4544,0
4545,1
4546,3
4547,3
4548,1
4549,0
4550,2
4551,2
4552,3
4553,1
4554,0
4555,3
4556,1
4557,1
4558,5
4559,0
4560,0
4561,2
4562,0
4563,2
4564,2
4565,2
4566,2
4567,1
4568,0
4569,1
4570,2
4571,0
4572,2
4573,3
4574,3
4575,2
4576,2
4577,3
4578,1
4579,3
4580,3
4581,1
4582,3
4583,1
4584,1
4585,3
4586,2
4587,0
4588,2
4589,4
4590,1
4591,1
4592,1
4593,1
4594,3
4595,0
4596,1
4597,2
4598,0
4599,1
4600,0
4601,2
4602,1
4603,2
4604,2
4605,1
4606,2
4607,3
4608,0
4609,4
4610,1
4611,1
4612,3
4613,3
4614,2
4615,0
4616,2
4617,1
4618,1
4619,0
4620,0
4621,2
4622,4
4623,3
4624,3
4625,3
4626,3
4627,0
4628,0
4629,1
4630,0
4631,0
4632,1
4633,1
4634,3
4635,0
4636,0
4637,0
4638,1
4639,0
4640,1
4641,0
4642,1
4643,1
4644,2
4645,2
4646,3
4647,0
4648,0
4649,2
4650,5
4651,3
4652,1
4653,1
4654,1
4655,0
4656,4
4657,1
4658,0
4659,0
4660,2
4661,2
4662,3
4663,1
4664,2
4665,2
4666,3
4667,1
4668,2
4669,1
4670,0
4671,1
4672,3
4673,3
4674,1
4675,3
4676,1
4677,3
4678,2
4679,2
4680,0
4681,4
4682,0
4683,1
4684,3
4685,3
4686,5
4687,0
4688,0
4689,0
4690,1
4691,1
4692,0
4693,0
4694,2
4695,3
4696,1
4697,1
4698,1
4699,2
4700,2
4701,2
4702,2
4703,1
4704,0
4705,0
4706,2
4707,0
4708,0
4709,0
4710,2
4711,3
4712,0
4713,1
4714,4
4715,1
4716,0
4717,3
4718,2
4719,2
4720,3
4721,4
4722,1
4723,0
4724,2
4725,2
4726,1
4727,4
4728,1
4729,0
4730,1
4731,1
4732,0
4733,2
4734,3
4735,3
4736,3
4737,0
4738,1
4739,0
4740,1
4741,2
4742,1
4743,3
4744,3
4745,1
4746,0
4747,2
4748,0
4749,2
4750,2
4751,0
4752,3
4753,4
4754,1
4755,1
4756,3
4757,2
4758,0
4759,4
4760,3
4761,3
4762,4
4763,2
4764,1
4765,2
4766,6
4767,2
4768,1
4769,0
4770,0
4771,2
4772,1
4773,0
4774,0
4775,1
4776,2
4777,1
4778,2
4779,0
4780,4
4781,0
4782,2
4783,0
4784,2
4785,0
4786,0
4787,2
4788,1
4789,0
4790,2
4791,2
4792,3
4793,3
4794,2
4795,4
4796,1
4797,0
4798,1
4799,1
4800,0
4801,4
4802,0
4803,3
4804,0
4805,0
4806,2
4807,3
4808,1
4809,3
4810,2
4811,0
4812,0
4813,3
4814,1
4815,2
4816,0
4817,4
4818,1
4819,4
4820,2
4821,3
4822,1
4823,1
4824,0
4825,2
4826,2
4827,4
4828,2
4829,1
4830,0
4831,2
4832,2
4833,1
4834,0
4835,3
4836,1
4837,1
4838,2
4839,0
4840,0
4841,0
4842,2
4843,6
4844,2
4845,1
4846,2
4847,2
4848,4
4849,0
4850,1
4851,1
4852,0
4853,5
4854,0
4855,3
4856,0
4857,0
4858,1
4859,1
4860,1
4861,1
4862,2
4863,2
4864,1
4865,3
4866,2
4867,2
4868,4
4869,2
4870,2
4871,1
4872,1
4873,3
4874,1
4875,0
4876,1
4877,0
4878,0
4879,4
4880,2
4881,1
4882,1
4883,6
4884,1
4885,2
4886,2
4887,1
4888,1
4889,0
4890,1
4891,0
4892,1
4893,2
4894,1
4895,2
4896,0
4897,2
4898,1
4899,0
4900,1
4901,1
4902,1
4903,1
4904,0
4905,2
4906,4
4907,1
4908,3
4909,4
4910,1
4911,3
4912,2
4913,2
4914,2
4915,2
4916,1
4917,1
4918,1
4919,0
4920,0
4921,1
4922,2
4923,0
4924,0
4925,0
4926,1
4927,0
4928,1
4929,3
4930,1
4931,2
4932,0
4933,1
4934,2
4935,1
4936,1
4937,2
4938,0
4939,3
4940,1
4941,1
4942,1
4943,1
4944,0
4945,1
4946,0
4947,2
4948,0
4949,5
4950,3
4951,1
4952,2
4953,3
4954,1
4955,3
4956,2
4957,0
4958,1
4959,4
4960,1
4961,1
4962,0
4963,0
4964,1
4965,1
4966,0
4967,0
4968,0
4969,2
4970,3
4971,2
4972,2
4973,0
4974,2
4975,1
4976,0
4977,2
4978,1
4979,0
4980,0
4981,1
4982,2
4983,1
4984,0
4985,2
4986,1
4987,2
4988,3
4989,2
4990,1
4991,0
4992,3
4993,2
4994,1
4995,2
4996,0
4997,1
4998,3
4999,1
5000,1
5001,1
5002,1
5003,3
5004,1
5005,0
5006,3
5007,3
5008,4
5009,1
5010,0
5011,4
5012,1
5013,0
5014,1
5015,2
5016,3
5017,4
5018,2
5019,3
5020,0
5021,1
5022,3
5023,2
5024,0
5025,2
5026,2
5027,1
5028,2
5029,3
5030,1
5031,1
5032,1
5033,2
5034,3
5035,3
5036,1
5037,4
5038,2
5039,2
5040,1
5041,2
5042,2
5043,0
5044,1
5045,3
5046,0
5047,1
5048,2
5049,0
5050,0
5051,2
5052,3
5053,1
5054,1
5055,2
5056,1
5057,2
5058,0
5059,3
5060,3
5061,4
5062,2
5063,2
5064,3
5065,1
5066,2
5067,2
5068,0
5069,4
5070,1
5071,1
5072,2
5073,1
5074,3
5075,2
5076,2
5077,2
5078,0
5079,1
5080,2
5081,1
5082,0
5083,2
5084,1
5085,2
5086,5
5087,0
5088,6
5089,7
5090,1
5091,0
5092,3
5093,0
5094,2
5095,0
5096,3
5097,0
5098,2
5099,0
5100,3
5101,1
5102,2
5103,0
5104,0
5105,1
5106,3
5107,2
5108,2
5109,4
5110,1
5111,2
5112,0
5113,1
5114,3
5115,2
5116,1
5117,2
5118,1
5119,2
5120,1
5121,2
5122,0
5123,0
5124,3
5125,2
5126,4
5127,2
5128,1
5129,3
5130,2
5131,3
5132,3
5133,0
5134,0
5135,0
5136,3
5137,5
5138,0
5139,2
5140,0
5141,3
5142,1
5143,1
5144,1
5145,3
5146,3
5147,0
5148,0
5149,4
5150,2
5151,7
5152,2
5153,1
5154,3
5155,2
5156,3
5157,0
5158,0
5159,1
5160,3
5161,1
5162,4
5163,1
5164,0
5165,3
5166,0
5167,3
5168,0
5169,2
5170,0
5171,3
5172,3
5173,2
5174,2
5175,0
5176,0
5177,1
5178,3
5179,1
5180,1
5181,0
5182,2
5183,4
5184,2
5185,2
5186,3
5187,4
5188,1
5189,1
5190,0
5191,3
5192,2
5193,2
5194,3
5195,1
5196,2
5197,4
5198,1
5199,1
5200,0
5201,1
5202,0
5203,0
5204,0
5205,0
5206,3
5207,4
5208,1
5209,0
5210,2
5211,2
5212,0
5213,2
5214,1
5215,1
5216,0
5217,1
5218,2
5219,1
5220,1
5221,3
5222,1
5223,1
5224,1
5225,2
5226,1
5227,4
5228,2
5229,3
5230,1
5231,0
5232,0
5233,4
5234,1
5235,2
5236,2
5237,0
5238,3
5239,2
5240,3
5241,3
5242,1
5243,1
5244,1
5245,0
5246,2
5247,1
5248,0
5249,2
5250,1
5251,1
5252,2
5253,3
5254,2
5255,0
5256,2
5257,1
5258,4
5259,1
5260,2
5261,1
5262,0
5263,4
5264,1
5265,1
5266,0
5267,2
5268,0
5269,1
5270,3
5271,0
5272,1
5273,2
5274,3
5275,2
5276,0
5277,3
5278,0
5279,0
5280,1
5281,2
5282,1
5283,1
5284,2
5285,1
5286,1
5287,0
5288,0
5289,4
5290,1
5291,2
5292,6
5293,3
5294,1
5295,0
5296,2
5297,0
5298,0
5299,1
5300,1
5301,3
5302,1
5303,1
5304,2
5305,2
5306,2
5307,0
5308,2
5309,1
5310,1
5311,2
5312,5
5313,1
5314,3
5315,1
5316,1
5317,0
5318,2
5319,2
5320,1
5321,2
5322,0
5323,0
5324,0
5325,2
5326,1
5327,2
5328,2
5329,4
5330,4
5331,3
5332,3
5333,1
5334,1
5335,2
5336,0
5337,0
5338,2
5339,1
5340,4
5341,3
5342,2
5343,1
5344,2
5345,1
5346,1
5347,4
5348,1
5349,2
5350,0
5351,2
5352,1
5353,4
5354,2
5355,3
5356,1
5357,1
5358,1
5359,2
5360,2
5361,3
5362,0
5363,3
5364,1
5365,5
5366,2
5367,1
5368,0
5369,3
5370,1
5371,1
5372,2
5373,1
5374,3
5375,2
5376,2
5377,1
5378,0
5379,0
5380,1
5381,1
5382,0
5383,1
5384,4
5385,1
5386,1
5387,5
5388,1
5389,2
5390,2
5391,3
5392,0
5393,3
5394,2
5395,2
5396,1
5397,2
5398,1
5399,1
5400,1
5401,1
5402,0
5403,0
5404,2
5405,0
5406,2
5407,1
5408,1
5409,1
5410,2
5411,0
5412,2
5413,1
5414,1
5415,2
5416,2
5417,0
5418,1
5419,1
5420,0
5421,2
5422,0
5423,3
5424,2
5425,0
5426,3
5427,2
5428,1
5429,1
5430,3
5431,1
5432,2
5433,0
5434,2
5435,2
5436,2
5437,1
5438,2
5439,1
5440,4
5441,1
5442,1
5443,3
5444,1
5445,1
5446,2
5447,2
5448,1
5449,3
5450,0
5451,3
5452,1
5453,1
5454,3
5455,1
5456,0
5457,0
5458,4
5459,1
5460,4
5461,5
5462,1
5463,1
5464,0
5465,1
5466,3
5467,1
5468,3
5469,2
5470,2
5471,6
5472,1
5473,1
5474,2
5475,1
5476,4
5477,0
5478,1
5479,1
5480,3
5481,1
5482,0
5483,2
5484,0
5485,3
5486,1
5487,2
5488,0
5489,2
5490,2
5491,1
5492,4
5493,2
5494,2
5495,0
5496,2
5497,1
5498,2
5499,0
5500,0
5501,2
5502,1
5503,1
5504,2
5505,0
5506,1
5507,1
5508,0
5509,1
5510,1
5511,3
5512,0
5513,1
5514,2
5515,0
5516,0
5517,0
5518,0
5519,3
5520,2
5521,0
5522,3
5523,0
5524,3
5525,1
5526,4
5527,1
5528,4
5529,0
5530,1
5531,3
5532,3
5533,3
5534,3
5535,2
5536,3
5537,1
5538,0
5539,2
5540,2
5541,1
5542,3
5543,1
5544,3
5545,2
5546,1
5547,2
5548,0
5549,1
5550,1
5551,1
5552,0
5553,1
5554,1
5555,3
5556,1
5557,2
5558,1
5559,1
5560,1
5561,2
5562,1
5563,1
5564,0
5565,3
5566,0
5567,2
5568,1
5569,1
5570,1
5571,1
5572,0
5573,2
5574,1
5575,3
5576,2
5577,1
5578,2
5579,2
5580,2
5581,1
5582,0
5583,2
5584,0
5585,0
5586,4
5587,2
5588,0
5589,0
5590,1
5591,2
5592,1
5593,1
5594,0
5595,1
5596,1
5597,0
5598,3
5599,1
5600,0
5601,0
5602,1
5603,0
5604,0
5605,1
5606,4
5607,2
5608,3
5609,2
5610,4
5611,1
5612,2
5613,1
5614,2
5615,0
5616,0
5617,0
5618,0
5619,3
5620,3
5621,0
5622,2
5623,0
5624,0
5625,0
5626,1
5627,0
5628,2
5629,2
5630,0
5631,1
5632,3
5633,3
5634,2
5635,1
5636,1
5637,1
5638,1
5639,4
5640,2
5641,4
5642,2
5643,1
5644,2
5645,0
5646,1
5647,2
5648,1
5649,1
5650,2
5651,2
5652,3
5653,2
5654,1
5655,0
5656,2
5657,1
5658,3
5659,1
5660,0
5661,1
5662,3
5663,1
5664,1
5665,1
5666,2
5667,1
5668,0
5669,1
5670,1
5671,1
5672,1
5673,2
5674,1
5675,2
5676,2
5677,1
5678,2
5679,1
5680,3
5681,3
5682,1
5683,0
5684,3
5685,2
5686,4
5687,2
5688,1
5689,1
5690,1
5691,2
5692,2
5693,2
5694,1
5695,0
5696,2
5697,3
5698,2
5699,3
5700,1
5701,2
5702,0
5703,2
5704,0
5705,2
5706,2
5707,2
5708,3
5709,3
5710,3
5711,4
5712,3
5713,1
5714,1
5715,2
5716,0
5717,1
5718,3
5719,2
5720,0
5721,0
5722,0
5723,3
5724,0
5725,3
5726,1
5727,0
5728,2
5729,0
5730,2
5731,0
5732,2
5733,2
5734,4
5735,2
5736,0
5737,4
5738,1
5739,0
5740,3
5741,1
5742,1
5743,2
5744,3
5745,0
5746,0
5747,1
5748,2
5749,1
5750,1
5751,0
5752,2
5753,0
5754,0
5755,4
5756,4
5757,1
5758,2
5759,2
5760,1
5761,2
5762,3
5763,2
5764,2
5765,1
5766,2
5767,1
5768,2
5769,0
5770,4
5771,0
5772,3
5773,3
5774,0
5775,0
5776,0
5777,0
5778,2
5779,2
5780,0
5781,2
5782,5
5783,2
5784,0
5785,1
5786,3
5787,0
5788,6
5789,2
5790,0
5791,2
5792,0
5793,1
5794,2
5795,0
5796,0
5797,3
5798,2
5799,1
5800,2
5801,3
5802,0
5803,2
5804,3
5805,0
5806,2
5807,3
5808,3
5809,1
5810,0
5811,0
5812,2
5813,3
5814,1
5815,3
5816,0
5817,1
5818,0
5819,2
5820,2
5821,1
5822,1
5823,0
5824,2
5825,0
5826,0
5827,0
5828,1
5829,1
5830,2
5831,0
5832,1
5833,1
5834,0
5835,0
5836,1
5837,2
5838,1
5839,0
5840,0
5841,0
5842,4
5843,4
5844,1
5845,0
5846,0
5847,1
5848,0
5849,1
5850,2
5851,0
5852,1
5853,1
5854,2
5855,1
5856,2
5857,1
5858,0
5859,0
5860,1
5861,3
5862,0
5863,3
5864,2
5865,1
5866,1
5867,1
5868,2
5869,2
5870,1
5871,1
5872,4
5873,0
5874,1
5875,3
5876,3
5877,0
5878,0
5879,1
5880,4
5881,2
5882,1
5883,0
5884,4
5885,2
5886,2
5887,0
5888,4
5889,2
5890,1
5891,0
5892,0
5893,2
5894,2
5895,1
5896,4
5897,0
5898,4
5899,2
5900,3
5901,2
5902,1
5903,1
5904,1
5905,2
5906,3
5907,0
5908,3
5909,2
5910,1
5911,2
5912,0
5913,2
5914,0
5915,1
5916,2
5917,2
5918,2
5919,1
5920,2
5921,1
5922,1
5923,3
5924,3
5925,1
5926,1
5927,2
5928,1
5929,3
5930,2
5931,3
5932,0
5933,1
5934,0
5935,0
5936,1
5937,3
5938,1
5939,1
5940,2
5941,1
5942,2
5943,3
5944,0
5945,1
5946,2
5947,3
5948,2
5949,3
5950,1
5951,3
5952,0
5953,1
5954,2
5955,2
5956,3
5957,1
5958,1
5959,2
5960,1
5961,1
5962,1
5963,3
5964,1
5965,0
5966,2
5967,0
5968,1
5969,5
5970,2
5971,1
5972,2
5973,0
5974,3
5975,2
5976,2
5977,1
5978,1
5979,2
5980,2
5981,3
5982,3
5983,1
5984,3
5985,1
5986,3
5987,2
5988,2
5989,0
5990,2
5991,3
5992,1
5993,0
5994,3
5995,0
5996,2
5997,0
5998,2
5999,4
6000,0
6001,1
6002,2
6003,1
6004,2
6005,0
6006,4
6007,0
6008,2
6009,2
6010,1
6011,2
6012,1
6013,1
6014,2
6015,4
6016,2
6017,1
6018,1
6019,1
6020,2
6021,2
6022,0
6023,1
6024,3
6025,1
6026,0
6027,1
6028,2
6029,0
6030,3
6031,3
6032,1
6033,3
6034,2
6035,1
6036,0
6037,0
6038,1
6039,1
6040,3
6041,0
6042,0
6043,0
6044,0
6045,2
6046,0
6047,2
6048,1
6049,1
6050,2
6051,2
6052,1
6053,4
6054,0
6055,1
6056,0
6057,1
6058,2
6059,2
6060,1
6061,3
6062,0
6063,2
6064,2
6065,0
6066,2
6067,1
6068,1
6069,5
6070,2
6071,1
6072,0
6073,3
6074,2
6075,1
6076,2
6077,2
6078,0
6079,2
6080,1
6081,1
6082,3
6083,3
6084,2
6085,3
6086,0
6087,1
6088,0
6089,2
6090,1
6091,0
6092,2
6093,3
6094,1
6095,0
6096,0
6097,0
6098,3
6099,3
6100,2
6101,2
6102,3
6103,1
6104,4
6105,3
6106,1
6107,1
6108,1
6109,0
6110,3
6111,3
6112,1
6113,1
6114,1
6115,1
6116,3
6117,3
6118,0
6119,1
6120,0
6121,5
6122,2
6123,1
6124,1
6125,2
6126,0
6127,4
6128,3
6129,2
6130,2
6131,1
6132,0
6133,2
6134,2
6135,1
6136,3
6137,1
6138,2
6139,5
6140,0
6141,1
6142,2
6143,1
6144,1
6145,2
6146,2
6147,1
6148,2
6149,1
6150,3
6151,1
6152,1
6153,0
6154,1
6155,2
6156,3
6157,2
6158,1
6159,0
6160,2
6161,2
6162,2
6163,4
6164,2
6165,3
6166,0
6167,2
6168,2
6169,2
6170,1
6171,1
6172,0
6173,1
6174,0
6175,3
6176,1
6177,3
6178,0
6179,2
6180,2
6181,3
6182,2
6183,3
6184,2
6185,2
6186,1
6187,0
6188,2
6189,0
6190,0
6191,4
6192,0
6193,1
6194,0
6195,2
6196,1
6197,0
6198,2
6199,0
6200,1
6201,2
6202,2
6203,3
6204,0
6205,4
6206,5
6207,2
6208,1
6209,4
6210,3
6211,0
6212,3
6213,2
6214,1
6215,1
6216,2
6217,3
6218,2
6219,1
6220,1
6221,0
6222,1
6223,0
6224,1
6225,1
6226,1
6227,1
6228,3
6229,0
6230,1
6231,4
6232,3
6233,0
6234,2
6235,2
6236,2
6237,2
6238,3
6239,1
6240,1
6241,2
6242,1
6243,4
6244,2
6245,1
6246,2
6247,1
6248,0
6249,2
6250,2
6251,1
6252,0
6253,3
6254,1
6255,1
6256,2
6257,0
6258,2
6259,2
6260,1
6261,2
6262,0
6263,2
6264,1
6265,1
6266,1
6267,1
6268,1
6269,1
6270,0
6271,2
6272,2
6273,0
6274,1
6275,0
6276,2
6277,4
6278,0
6279,3
6280,2
6281,1
6282,1
6283,0
6284,2
6285,6
6286,3
6287,0
6288,4
6289,2
6290,0
6291,0
6292,2
6293,1
6294,3
6295,1
6296,2
6297,0
6298,2
6299,2
6300,3
6301,4
6302,2
6303,0
6304,3
6305,2
6306,2
6307,1
6308,1
6309,0
6310,1
6311,1
6312,3
6313,1
6314,2
6315,4
6316,1
6317,1
6318,0
6319,1
6320,4
6321,2
6322,0
6323,2
6324,0
6325,0
6326,0
6327,2
6328,1
6329,0
6330,2
6331,3
6332,2
6333,2
6334,1
6335,3
6336,2
6337,0
6338,2
6339,3
6340,0
6341,1
6342,2
6343,1
6344,3
6345,0
6346,0
6347,3
6348,2
6349,2
6350,1
6351,2
6352,0
6353,0
6354,1
6355,1
6356,1
6357,1
6358,1
6359,1
6360,1
6361,2
6362,2
6363,2
6364,0
6365,1
6366,1
6367,1
6368,2
6369,3
6370,1
6371,3
6372,3
6373,2
6374,1
6375,1
6376,1
6377,0
6378,1
6379,0
6380,0
6381,1
6382,3
6383,1
6384,1
6385,0
6386,2
6387,0
6388,3
6389,4
6390,1
6391,0
6392,0
6393,3
6394,0
6395,1
6396,4
6397,2
6398,1
6399,1
6400,3
6401,0
6402,0
6403,3
6404,0
6405,0
6406,1
6407,3
6408,1
6409,0
6410,2
6411,1
6412,1
6413,0
6414,1
6415,0
6416,4
6417,1
6418,1
6419,1
6420,1
6421,1
6422,1
6423,2
6424,4
6425,1
6426,2
6427,2
6428,1
6429,2
6430,2
6431,0
6432,1
6433,1
6434,1
6435,2
6436,3
6437,1
6438,1
6439,3
6440,2
6441,1
6442,0
6443,0
6444,1
6445,0
6446,3
6447,2
6448,1
6449,2
6450,3
6451,2
6452,2
6453,3
6454,2
6455,4
6456,2
6457,2
6458,0
6459,2
6460,4
6461,2
6462,0
6463,1
6464,0
6465,0
6466,0
6467,2
6468,1
6469,1
6470,2
6471,1
6472,2
6473,2
6474,0
6475,1
6476,3
6477,1
6478,0
6479,0
6480,1
6481,0
6482,1
6483,4
6484,1
6485,3
6486,2
6487,0
6488,0
6489,1
6490,2
6491,1
6492,1
6493,1
6494,3
6495,0
6496,1
6497,2
6498,2
6499,1
6500,0
6501,1
6502,4
6503,2
6504,2
6505,3
6506,2
6507,1
6508,0
6509,0
6510,2
6511,2
6512,3
6513,0
6514,0
6515,2
6516,1
6517,0
6518,1
6519,3
6520,0
6521,5
6522,2
6523,4
6524,2
6525,2
6526,2
6527,2
6528,3
6529,4
6530,2
6531,1
6532,0
6533,0
6534,0
6535,3
6536,4
6537,0
6538,1
6539,1
6540,0
6541,1
6542,0
6543,0
6544,2
6545,3
6546,2
6547,2
6548,3
6549,0
6550,1
6551,0
6552,3
6553,1
6554,3
6555,3
6556,2
6557,0
6558,1
6559,1
6560,1
6561,0
6562,1
6563,0
6564,1
6565,3
6566,1
6567,2
6568,2
6569,0
6570,4
6571,1
6572,0
6573,1
6574,1
6575,1
6576,2
6577,0
6578,4
6579,1
6580,1
6581,0
6582,0
6583,0
6584,4
6585,2
6586,0
6587,1
6588,0
6589,2
6590,2
6591,0
6592,1
6593,1
6594,0
6595,3
6596,3
6597,1
6598,2
6599,3
6600,2
6601,2
6602,3
6603,5
6604,0
6605,1
6606,0
6607,0
6608,1
6609,0
6610,1
6611,1
6612,1
6613,1
6614,2
6615,1
6616,0
6617,2
6618,2
6619,2
6620,0
6621,1
6622,2
6623,3
6624,4
6625,3
6626,3
6627,0
6628,0
6629,2
6630,3
6631,1
6632,2
6633,2
6634,0
6635,3
6636,2
6637,3
6638,0
6639,2
6640,1
6641,2
6642,1
6643,1
6644,3
6645,1
6646,2
6647,0
6648,1
6649,0
6650,1
6651,1
6652,1
6653,0
6654,2
6655,0
6656,1
6657,2
6658,0
6659,0
6660,0
6661,2
6662,1
6663,2
6664,0
6665,1
6666,1
6667,2
6668,3
6669,2
6670,1
6671,2
6672,0
6673,4
6674,1
6675,1
6676,1
6677,1
6678,2
6679,2
6680,4
6681,0
6682,2
6683,0
6684,2
6685,1
6686,2
6687,3
6688,0
6689,2
6690,2
6691,0
6692,2
6693,5
6694,1
6695,0
6696,1
6697,1
6698,6
6699,4
6700,2
6701,3
6702,1
6703,1
6704,1
6705,2
6706,0
6707,1
6708,0
6709,2
6710,4
6711,0
6712,0
6713,3
6714,0
6715,1
6716,3
6717,1
6718,1
6719,0
6720,0
6721,2
6722,1
6723,0
6724,1
6725,0
6726,3
6727,0
6728,4
6729,0
6730,2
6731,3
6732,0
6733,1
6734,2
6735,2
6736,2
6737,2
6738,0
6739,0
6740,2
6741,1
6742,1
6743,2
6744,1
6745,2
6746,3
6747,2
6748,0
6749,2
6750,1
6751,1
6752,2
6753,5
6754,1
6755,0
6756,1
6757,2
6758,1
6759,1
6760,2
6761,1
6762,1
6763,1
6764,4
6765,1
6766,3
6767,2
6768,1
6769,1
6770,0
6771,0
6772,0
6773,5
6774,1
6775,1
6776,0
6777,3
6778,2
6779,0
6780,2
6781,3
6782,0
6783,1
6784,1
6785,1
6786,4
6787,0
6788,0
6789,1
6790,1
6791,2
6792,2
6793,4
6794,3
6795,0
6796,1
6797,2
6798,2
6799,2
6800,2
6801,2
6802,4
6803,1
6804,2
6805,0
6806,1
6807,2
6808,3
6809,0
6810,2
6811,4
6812,0
6813,3
6814,0
6815,2
6816,1
6817,0
6818,0
6819,2
6820,1
6821,2
6822,0
6823,2
6824,0
6825,0
6826,1
6827,0
6828,5
6829,0
6830,0
6831,1
6832,0
6833,0
6834,2
6835,4
6836,1
6837,2
6838,0
6839,2
6840,0
6841,1
6842,0
6843,1
6844,3
6845,3
6846,5
6847,1
6848,2
6849,0
6850,4
6851,1
6852,2
6853,3
6854,4
6855,1
6856,2
6857,0
6858,3
6859,1
6860,2
6861,1
6862,2
6863,1
6864,1
6865,5
6866,1
6867,1
6868,0
6869,1
6870,3
6871,1
6872,0
6873,0
6874,2
6875,0
6876,3
6877,1
6878,1
6879,1
6880,1
6881,1
6882,0
6883,4
6884,3
6885,3
6886,1
6887,2
6888,0
6889,0
6890,1
6891,2
6892,2
6893,1
6894,1
6895,1
6896,2
6897,1
6898,4
6899,2
6900,0
6901,1
6902,0
6903,1
6904,0
6905,1
6906,3
6907,0
6908,2
6909,5
6910,2
6911,1
6912,1
6913,2
6914,3
6915,3
6916,3
6917,1
6918,1
6919,2
6920,1
6921,2
6922,3
6923,1
6924,2
6925,3
6926,1
6927,0
6928,0
6929,0
6930,2
6931,2
6932,3
6933,0
6934,1
6935,2
6936,2
6937,1
6938,0
6939,2
6940,1
6941,1
6942,1
6943,1
6944,1
6945,3
6946,2
6947,0
6948,2
6949,0
6950,1
6951,1
6952,1
6953,4
6954,3
6955,5
6956,0
6957,2
6958,1
6959,2
6960,3
6961,1
6962,2
6963,2
6964,2
6965,0
6966,3
6967,3
6968,4
6969,1
6970,1
6971,0
6972,5
6973,2
6974,6
6975,2
6976,1
6977,0
6978,2
6979,1
6980,3
6981,0
6982,0
6983,2
6984,2
6985,2
6986,4
6987,0
6988,4
6989,0
6990,1
6991,0
6992,3
6993,2
6994,1
6995,3
6996,0
6997,2
6998,1
6999,1
7000,3
7001,1
7002,2
7003,1
7004,3
7005,1
7006,1
7007,2
7008,1
7009,1
7010,1
7011,2
7012,3
7013,2
7014,1
7015,1
7016,2
7017,1
7018,3
7019,0
7020,1
7021,1
7022,2
7023,1
7024,3
7025,1
7026,1
7027,3
7028,2
7029,3
7030,7
7031,2
7032,2
7033,4
7034,0
7035,1
7036,0
7037,0
7038,1
7039,0
7040,1
7041,1
7042,2
7043,1
7044,0
7045,3
7046,1
7047,2
7048,2
7049,2
7050,1
7051,2
7052,0
7053,1
7054,4
7055,2
7056,1
7057,2
7058,1
7059,3
7060,1
7061,0
7062,1
7063,4
7064,1
7065,0
7066,0
7067,1
7068,3
7069,0
7070,3
7071,1
7072,2
7073,2
7074,1
7075,2
7076,2
7077,2
7078,0
7079,2
7080,1
7081,2
7082,3
7083,3
7084,0
7085,1
7086,2
7087,3
7088,2
7089,0
7090,1
7091,1
7092,3
7093,2
7094,4
7095,1
7096,1
7097,1
7098,1
7099,2
7100,0
7101,3
7102,1
7103,2
7104,0
7105,1
7106,4
7107,3
7108,0
7109,0
7110,1
7111,2
7112,3
7113,0
7114,1
7115,0
7116,1
7117,2
7118,0
7119,0
7120,2
7121,2
7122,2
7123,3
7124,0
7125,2
7126,2
7127,1
7128,5
7129,1
7130,3
7131,1
7132,1
7133,3
7134,2
7135,2
7136,2
7137,2
7138,1
7139,1
7140,2
7141,1
7142,0
7143,1
7144,1
7145,2
7146,3
7147,3
7148,0
7149,1
7150,2
7151,0
7152,3
7153,2
7154,0
7155,0
7156,0
7157,2
7158,0
7159,1
7160,4
7161,0
7162,4
7163,5
7164,2
7165,1
7166,1
7167,1
7168,1
7169,0
7170,1
7171,3
7172,1
7173,4
7174,1
7175,2
7176,0
7177,1
7178,1
7179,0
7180,2
7181,1
7182,1
7183,2
7184,2
7185,0
7186,0
7187,1
7188,0
7189,1
7190,3
7191,1
7192,0
7193,0
7194,3
7195,0
7196,2
7197,2
7198,2
7199,4
7200,1
7201,4
7202,1
7203,1
7204,0
7205,1
7206,1
7207,1
7208,2
7209,1
7210,1
7211,1
7212,2
7213,2
7214,1
7215,5
7216,1
7217,5
7218,2
7219,0
7220,1
7221,0
7222,2
7223,0
7224,2
7225,0
7226,1
7227,0
7228,0
7229,3
7230,1
7231,2
7232,2
7233,3
7234,0
7235,0
7236,1
7237,4
7238,1
7239,1
7240,1
7241,0
7242,2
7243,2
7244,0
7245,2
7246,1
7247,1
7248,3
7249,3
7250,2
7251,2
7252,1
7253,2
7254,2
7255,1
7256,3
7257,3
7258,2
7259,1
7260,2
7261,5
7262,1
7263,0
7264,1
7265,1
7266,4
7267,1
7268,0
7269,4
7270,1
7271,1
7272,3
7273,1
7274,0
7275,2
7276,4
7277,4
7278,1
7279,2
7280,0
7281,0
7282,2
7283,2
7284,1
7285,1
7286,0
7287,0
7288,1
7289,2
7290,1
7291,0
7292,1
7293,5
7294,5
7295,1
7296,1
7297,2
7298,0
7299,1
7300,1
7301,1
7302,0
7303,3
7304,0
7305,0
7306,2
7307,2
7308,2
7309,3
7310,3
7311,0
7312,2
7313,2
7314,1
7315,0
7316,2
7317,0
7318,1
7319,2
7320,2
7321,1
7322,4
7323,2
7324,0
7325,1
7326,3
7327,2
7328,0
7329,1
7330,0
7331,1
7332,0
7333,0
7334,1
7335,0
7336,1
7337,0
7338,2
7339,0
7340,0
7341,0
7342,2
7343,1
7344,0
7345,1
7346,1
7347,3
7348,3
7349,3
7350,0
7351,0
7352,0
7353,1
7354,2
7355,4
7356,1
7357,2
7358,1
7359,3
7360,2
7361,1
7362,2
7363,1
7364,1
7365,3
7366,2
7367,2
7368,1
7369,0
7370,4
7371,2
7372,2
7373,1
7374,1
7375,1
7376,0
7377,3
7378,0
7379,0
7380,0
7381,2
7382,1
7383,1
7384,2
7385,2
7386,1
7387,1
7388,2
7389,0
7390,3
7391,3
7392,3
7393,3
7394,2
7395,2
7396,1
7397,1
7398,2
7399,1
7400,0
7401,1
7402,4
7403,0
7404,1
7405,0
7406,3
7407,2
7408,2
7409,0
7410,2
7411,2
7412,3
7413,3
7414,2
7415,0
7416,1
7417,2
7418,2
7419,1
7420,0
7421,1
7422,1
7423,3
7424,4
7425,2
7426,0
7427,2
7428,0
7429,1
7430,3
7431,4
7432,0
7433,1
7434,1
7435,2
7436,2
7437,1
7438,1
7439,0
7440,5
7441,2
7442,1
7443,0
7444,1
7445,3
7446,0
7447,2
7448,1
7449,2
7450,3
7451,2
7452,3
7453,4
7454,2
7455,0
7456,2
7457,2
7458,0
7459,1
7460,2
7461,1
7462,1
7463,3
7464,1
7465,1
7466,1
7467,2
7468,5
7469,3
7470,0
7471,1
7472,2
7473,3
7474,0
7475,2
7476,3
7477,0
7478,0
7479,0
7480,2
7481,1
7482,0
7483,2
7484,3
7485,0
7486,1
7487,3
7488,2
7489,3
7490,2
7491,4
7492,1
7493,2
7494,3
7495,1
7496,0
7497,0
7498,4
7499,2
7500,2
7501,1
7502,0
7503,3
7504,1
7505,3
7506,1
7507,5
7508,3
7509,1
7510,0
7511,1
7512,2
7513,1
7514,2
7515,2
7516,2
7517,1
7518,1
7519,1
7520,1
7521,1
7522,4
7523,3
7524,5
7525,1
7526,1
7527,1
7528,3
7529,4
7530,0
7531,1
7532,3
7533,2
7534,2
7535,1
7536,0
7537,1
7538,2
7539,0
7540,2
7541,1
7542,1
7543,1
7544,3
7545,0
7546,5
7547,3
7548,2
7549,2
7550,3
7551,0
7552,2
7553,2
7554,2
7555,3
7556,2
7557,3
7558,0
7559,2
7560,5
7561,1
7562,2
7563,0
7564,3
7565,1
7566,2
7567,3
7568,1
7569,1
7570,2
7571,3
7572,2
7573,2
7574,2
7575,1
7576,2
7577,3
7578,3
7579,2
7580,3
7581,2
7582,1
7583,1
7584,1
7585,1
7586,2
7587,1
7588,2
7589,3
7590,2
7591,2
7592,2
7593,1
7594,1
7595,3
7596,1
7597,1
7598,0
7599,0
7600,3
7601,1
7602,0
7603,0
7604,0
7605,2
7606,2
7607,1
7608,1
7609,3
7610,0
7611,4
7612,0
7613,1
7614,3
7615,1
7616,3
7617,1
7618,1
7619,3
7620,2
7621,2
7622,4
7623,3
7624,3
7625,2
7626,2
7627,0
7628,2
7629,5
7630,1
7631,2
7632,4
7633,0
7634,0
7635,1
7636,0
7637,3
7638,1
7639,1
7640,1
7641,0
7642,1
7643,1
7644,1
7645,3
7646,1
7647,1
7648,3
7649,1
7650,3
7651,0
7652,2
7653,1
