0,2
1,3
2,2
3,1
4,2
5,2
6,2
7,2
8,0
9,2
10,1
11,1
12,5
13,3
14,7
15,2
16,2
17,3
18,1
19,3
20,1
21,2
22,3
23,1
24,3
25,1
26,0
27,0
28,1
29,1
30,1
31,3
32,4
33,4
34,1
35,1
36,1
37,3
38,1
39,3
40,0
41,2
42,0
43,1
44,2
45,1
46,4
47,4
48,3
49,2
50,0
51,8
52,0
53,1
54,1
55,2
56,2
57,2
58,2
59,2
60,1
61,2
62,1
63,2
64,1
65,3
66,3
67,2
68,1
69,4
70,4
71,2
72,2
73,2
74,0
75,1
76,1
77,1
78,0
79,4
80,0
81,2
82,3
83,0
84,4
85,1
86,1
87,3
88,0
89,1
90,5
91,1
92,2
93,1
94,1
95,5
96,4
97,1
98,2
99,1
100,0
101,0
102,3
103,3
104,3
105,3
106,1
107,2
108,2
109,1
110,1
111,3
112,4
113,4
114,3
115,3
116,3
117,0
118,3
119,0
120,1
121,1
122,1
123,0
124,0
125,3
126,1
127,4
128,0
129,4
130,0
131,1
132,4
133,0
134,3
135,1
136,3
137,1
138,0
139,0
140,3
141,3
142,0
143,2
144,0
145,2
146,2
147,3
148,3
149,1
150,1
151,2
152,1
153,2
154,1
155,2
156,2
157,2
158,0
159,2
160,4
161,0
162,2
163,1
164,0
165,0
166,4
167,4
168,2
169,2
170,3
171,1
172,3
173,1
174,1
175,2
176,0
177,3
178,2
179,0
180,6
181,0
182,1
183,2
184,1
185,1
186,3
187,2
188,5
189,3
190,0
191,2
192,2
193,1
194,1
195,4
196,2
197,2
198,4
199,1
200,2
201,2
202,2
203,2
204,3
205,0
206,0
207,2
208,2
209,4
210,3
211,1
212,1
213,3
214,1
215,1
216,1
217,1
218,2
219,2
220,5
221,0
222,1
223,4
224,1
225,2
226,1
227,2
228,0
229,1
230,0
231,3
232,2
233,2
234,1
235,1
236,0
237,3
238,3
239,5
240,2
241,1
242,1
243,2
244,4
245,2
246,2
247,2
248,2
249,1
250,1
251,0
252,1
253,3
254,2
255,3
256,7
257,0
258,4
259,1
260,0
261,3
262,2
263,1
264,2
265,1
266,1
267,1
268,3
269,3
270,4
271,1
272,2
273,2
274,4
275,2
276,2
277,0
278,3
279,4
280,1
281,2
282,1
283,2
284,2
285,0
286,2
287,5
288,3
289,0
290,3
291,0
292,3
293,1
294,3
295,3
296,1
297,2
298,2
299,1
300,2
301,1
302,4
303,1
304,3
305,3
306,1
307,5
308,1
309,0
310,5
311,1
312,3
313,2
314,0
315,2
316,1
317,3
318,3
319,4
320,3
321,1
322,1
323,1
324,3
325,1
326,4
327,3
328,1
329,0
330,1
331,4
332,1
333,2
334,2
335,4
336,2
337,2
338,1
339,4
340,1
341,2
342,2
343,2
344,4
345,1
346,0
347,0
348,2
349,1
350,3
351,1
352,1
353,1
354,2
355,2
356,0
357,0
358,2
359,0
360,2
361,1
362,1
363,1
364,5
365,2
366,3
367,2
368,0
369,0
370,1
371,3
372,2
373,2
374,1
375,0
376,1
377,3
378,1
379,2
380,0
381,1
382,2
383,1
384,0
385,2
386,3
387,1
388,2
389,3
390,2
391,1
392,0
393,0
394,1
395,2
396,2
397,1
398,0
399,3
400,2
401,0
402,3
403,2
404,2
405,0
406,1
407,5
408,2
409,0
410,2
411,0
412,2
413,3
414,2
415,2
416,1
417,3
418,3
419,2
420,1
421,1
422,1
423,3
424,1
425,1
426,1
427,1
428,2
429,2
430,2
431,1
432,2
433,1
434,0
435,0
436,2
437,4
438,4
439,0
440,1
441,0
442,2
443,1
444,1
445,1
446,3
447,3
448,1
449,0
450,1
451,1
452,3
453,2
454,1
455,2
456,3
457,2
458,1
459,4
460,1
461,1
462,3
463,2
464,2
465,2
466,1
467,1
468,3
469,0
470,1
471,4
472,0
473,0
474,0
475,1
476,2
477,1
478,0
479,1
480,1
481,1
482,2
483,3
484,0
485,1
486,2
487,3
488,2
489,3
490,1
491,3
492,1
493,5
494,3
495,1
496,0
497,5
498,1
499,5
500,5
501,1
502,2
503,1
504,1
505,0
506,2
507,1
508,0
509,1
510,4
511,3
512,0
513,2
514,3
515,3
516,0
517,1
518,1
519,2
520,0
521,1
522,3
523,0
524,3
525,4
526,0
527,1
528,0
529,3
530,1
531,0
532,4
533,2
534,2
535,1
536,5
537,2
538,1
539,4
540,3
541,0
542,3
543,0
544,2
545,1
546,3
547,1
548,3
549,2
550,2
551,2
552,2
553,3
554,1
555,1
556,3
557,0
558,2
559,3
560,3
561,2
562,1
563,1
564,2
565,1
566,1
567,2
568,2
569,2
570,3
571,2
572,1
573,3
574,2
575,1
576,2
577,1
578,2
579,1
580,1
581,4
582,1
583,0
584,4
585,2
586,4
587,1
588,0
589,1
590,0
591,2
592,4
593,2
594,5
595,2
596,2
597,1
598,1
599,2
600,0
601,1
602,0
603,4
604,2
605,2
606,3
607,2
608,1
609,7
610,1
611,4
612,1
613,0
614,0
615,1
616,2
617,2
618,1
619,2
620,4
621,0
622,2
623,1
624,0
625,1
626,1
627,2
628,5
629,3
630,0
631,1
632,0
633,2
634,1
635,1
636,1
637,2
638,1
639,1
640,2
641,1
642,2
643,1
644,3
645,5
646,2
647,2
648,1
649,2
650,2
651,2
652,0
653,1
654,4
655,1
656,3
657,3
658,0
659,2
660,2
661,2
662,0
663,1
664,2
665,0
666,0
667,1
668,2
669,1
670,2
671,0
672,2
673,0
674,4
675,2
676,3
677,1
678,1
679,2
680,1
681,2
682,4
683,5
684,4
685,2
686,2
687,2
688,1
689,2
690,4
691,2
692,3
693,2
694,1
695,2
696,2
697,3
698,6
699,2
700,0
701,2
702,1
703,3
704,1
705,2
706,0
707,1
708,4
709,1
710,3
711,0
712,2
713,0
714,0
715,1
716,1
717,4
718,1
719,1
720,1
721,3
722,1
723,4
724,1
725,2
726,2
727,2
728,3
729,3
730,1
731,1
732,4
733,0
734,2
735,0
736,3
737,1
738,2
739,1
740,6
741,2
742,2
743,1
744,2
745,2
746,3
747,3
748,0
749,2
750,1
751,2
752,4
753,2
754,3
755,0
756,2
757,2
758,4
759,0
760,0
761,2
762,2
763,0
764,1
765,2
766,3
767,3
768,0
769,1
770,1
771,2
772,1
773,3
774,1
775,1
776,3
777,2
778,1
779,3
780,3
781,2
782,0
783,2
784,0
785,1
786,1
787,0
788,1
789,2
790,3
791,2
792,4
793,3
794,0
795,2
796,0
797,0
798,2
799,0
800,1
801,1
802,0
803,2
804,4
805,0
806,2
807,3
808,1
809,0
810,2
811,0
812,0
813,2
814,2
815,3
816,0
817,3
818,2
819,0
820,0
821,2
822,1
823,1
824,1
825,1
826,0
827,1
828,1
829,3
830,2
831,2
832,1
833,4
834,3
835,1
836,1
837,2
838,0
839,0
840,1
841,4
842,1
843,2
844,1
845,0
846,2
847,2
848,4
849,1
850,2
851,1
852,0
853,2
854,1
855,1
856,1
857,2
858,3
859,1
860,0
861,3
862,2
863,4
864,3
865,3
866,0
867,0
868,1
869,3
870,2
871,2
872,1
873,2
874,3
875,2
876,2
877,0
878,2
879,3
880,3
881,1
882,3
883,0
884,4
885,3
886,3
887,1
888,3
889,3
890,0
891,2
892,1
893,3
894,3
895,0
896,0
897,3
898,2
899,1
900,1
901,1
902,4
903,2
904,3
905,1
906,0
907,0
908,3
909,4
910,2
911,0
912,5
913,1
914,0
915,1
916,3
917,1
918,1
919,1
920,1
921,2
922,2
923,0
924,4
925,4
926,2
927,3
928,2
929,0
930,1
931,0
932,1
933,4
934,2
935,0
936,1
937,2
938,3
939,2
940,3
941,2
942,2
943,0
944,0
945,4
946,1
947,0
948,1
949,1
950,1
951,2
952,2
953,1
954,1
955,2
956,1
957,3
958,1
959,2
960,0
961,1
962,1
963,2
964,3
965,3
966,2
967,1
968,0
969,1
970,3
971,1
972,1
973,1
974,0
975,2
976,2
977,3
978,0
979,0
980,3
981,1
982,3
983,3
984,1
985,2
986,2
987,4
988,3
989,1
990,2
991,0
992,1
993,1
994,0
995,1
996,1
997,1
998,4
999,1
1000,0
1001,2
1002,1
1003,1
1004,2
1005,4
1006,1
1007,2
1008,2
1009,2
1010,3
1011,3
1012,3
1013,2
1014,2
1015,5
1016,3
1017,2
1018,1
1019,3
1020,2
1021,1
1022,3
1023,1
1024,2
1025,2
1026,1
1027,4
1028,1
1029,2
1030,3
1031,2
1032,0
1033,4
1034,1
1035,1
1036,1
1037,2
1038,1
1039,2
1040,2
1041,1
1042,1
1043,4
1044,1
1045,6
1046,2
1047,2
1048,2
1049,2
1050,1
1051,4
1052,2
1053,2
1054,2
1055,3
1056,3
1057,1
1058,1
1059,2
1060,2
1061,3
1062,0
1063,1
1064,1
1065,1
1066,3
1067,2
1068,2
1069,2
1070,2
1071,2
1072,0
1073,1
1074,0
1075,0
1076,2
1077,2
1078,4
1079,2
1080,2
1081,2
1082,1
1083,0
1084,1
1085,3
1086,4
1087,2
1088,0
1089,3
1090,3
1091,3
1092,2
1093,1
1094,0
1095,0
1096,2
1097,2
1098,4
1099,1
1100,0
1101,1
1102,3
1103,4
1104,3
1105,6
1106,3
1107,5
1108,2
1109,1
1110,4
1111,2
1112,3
1113,4
1114,2
1115,3
1116,2
1117,3
1118,0
1119,2
1120,2
1121,3
1122,3
1123,0
1124,2
1125,2
1126,2
1127,2
1128,0
1129,1
1130,1
1131,0
1132,1
1133,2
1134,3
1135,2
1136,0
1137,1
1138,2
1139,3
1140,0
1141,3
1142,0
1143,2
1144,6
1145,2
1146,0
1147,1
1148,3
1149,4
1150,1
1151,2
1152,2
1153,0
1154,1
1155,0
1156,0
1157,0
1158,0
1159,1
1160,0
1161,0
1162,2
1163,1
1164,1
1165,3
1166,2
1167,1
1168,0
1169,2
1170,3
1171,1
1172,2
1173,4
1174,0
1175,2
1176,1
1177,1
1178,2
1179,2
1180,2
1181,2
1182,4
1183,1
1184,3
1185,1
1186,2
1187,5
1188,2
1189,2
1190,1
1191,0
1192,1
1193,2
1194,2
1195,3
1196,3
1197,4
1198,2
1199,3
1200,3
1201,0
1202,1
1203,0
1204,1
1205,2
1206,3
1207,2
1208,2
1209,1
1210,2
1211,0
1212,3
1213,0
1214,0
1215,2
1216,0
1217,0
1218,0
1219,4
1220,0
1221,6
1222,3
1223,0
1224,0
1225,4
1226,1
1227,1
1228,2
1229,4
1230,0
1231,1
1232,0
1233,2
1234,0
1235,2
1236,2
1237,1
1238,0
1239,3
1240,3
1241,3
1242,4
1243,1
1244,2
1245,3
1246,2
1247,1
1248,3
1249,0
1250,1
1251,2
1252,2
1253,3
1254,1
1255,1
1256,2
1257,2
1258,1
1259,1
1260,2
1261,0
1262,1
1263,1
1264,3
1265,6
1266,2
1267,3
1268,2
1269,3
1270,2
1271,0
1272,5
1273,1
1274,1
1275,4
1276,2
1277,2
1278,0
1279,1
1280,3
1281,5
1282,1
1283,2
1284,1
1285,2
1286,1
1287,2
1288,1
1289,2
1290,0
1291,3
1292,3
1293,2
1294,2
1295,3
1296,2
1297,2
1298,0
1299,2
1300,1
1301,0
1302,4
1303,1
1304,1
1305,1
1306,1
1307,1
1308,3
1309,1
1310,1
1311,1
1312,1
1313,2
1314,4
1315,2
1316,1
1317,3
1318,2
1319,2
1320,4
1321,1
1322,2
1323,2
1324,1
1325,0
1326,5
1327,1
1328,0
1329,0
1330,4
1331,2
1332,2
1333,0
1334,3
1335,1
1336,2
1337,2
1338,1
1339,1
1340,7
1341,2
1342,1
1343,4
1344,4
1345,0
1346,1
1347,2
1348,1
1349,0
1350,1
1351,2
1352,1
1353,3
1354,1
1355,0
1356,0
1357,5
1358,2
1359,1
1360,1
1361,2
1362,1
1363,4
1364,1
1365,3
1366,0
1367,3
1368,1
1369,1
1370,2
1371,2
1372,5
1373,2
1374,4
1375,3
1376,1
1377,0
1378,0
1379,1
1380,3
1381,1
1382,0
1383,2
1384,1
1385,3
1386,4
1387,2
1388,2
1389,0
1390,2
1391,1
1392,1
1393,5
1394,7
1395,2
1396,0
1397,2
1398,1
1399,1
1400,2
1401,4
1402,1
1403,2
1404,2
1405,1
1406,0
1407,0
1408,4
1409,1
1410,2
1411,1
1412,1
1413,2
1414,4
1415,1
1416,1
1417,1
1418,1
1419,1
1420,1
1421,3
1422,2
1423,6
1424,2
1425,1
1426,2
1427,4
1428,1
1429,1
1430,0
1431,4
1432,2
1433,3
1434,2
1435,2
1436,4
1437,2
1438,1
1439,2
1440,1
1441,3
1442,1
1443,3
1444,3
1445,1
1446,2
1447,1
1448,1
1449,3
1450,1
1451,2
1452,1
1453,0
1454,3
1455,2
1456,2
1457,1
1458,0
1459,1
1460,1
1461,1
1462,2
1463,2
1464,2
1465,1
1466,2
1467,3
1468,2
1469,3
1470,0
1471,4
1472,4
1473,3
1474,5
1475,4
1476,3
1477,1
1478,2
1479,3
1480,1
1481,2
1482,2
1483,1
1484,1
1485,0
1486,3
1487,4
1488,0
1489,2
1490,1
1491,1
1492,1
1493,0
1494,0
1495,1
1496,4
1497,3
1498,1
1499,2
1500,2
1501,2
1502,2
1503,2
1504,1
1505,1
1506,1
1507,2
1508,2
1509,2
1510,0
1511,4
1512,2
1513,1
1514,1
1515,1
1516,1
1517,5
1518,0
1519,3
1520,2
1521,1
1522,3
1523,0
1524,4
1525,6
1526,0
1527,0
1528,1
1529,1
1530,1
1531,3
1532,1
1533,0
1534,2
1535,2
1536,3
1537,3
1538,1
1539,1
1540,1
1541,1
1542,2
1543,0
1544,0
1545,2
1546,1
1547,0
1548,2
1549,0
1550,2
1551,2
1552,0
1553,1
1554,2
1555,2
1556,2
1557,2
1558,3
1559,1
1560,1
1561,4
1562,0
1563,1
1564,2
1565,1
1566,5
1567,2
1568,2
1569,3
1570,2
1571,4
1572,3
1573,4
1574,0
1575,1
1576,3
1577,1
1578,0
1579,1
1580,1
1581,1
1582,1
1583,2
1584,1
1585,0
1586,2
1587,1
1588,1
1589,2
1590,2
1591,1
1592,2
1593,1
1594,2
1595,1
1596,2
1597,2
1598,1
1599,1
1600,3
1601,1
1602,2
1603,2
1604,0
1605,3
1606,3
1607,1
1608,1
1609,2
1610,0
1611,2
1612,1
1613,0
1614,2
1615,1
1616,3
1617,0
1618,3
1619,2
1620,1
1621,1
1622,2
1623,2
1624,1
1625,1
1626,2
1627,1
1628,0
1629,2
1630,3
1631,0
1632,1
1633,4
1634,3
1635,1
1636,5
1637,0
1638,2
1639,4
1640,3
1641,1
1642,1
1643,3
1644,1
1645,3
1646,2
1647,1
1648,2
1649,2
1650,2
1651,2
1652,3
1653,2
1654,3
1655,3
1656,2
1657,0
1658,1
1659,2
1660,1
1661,2
1662,1
1663,1
1664,1
1665,2
1666,1
1667,1
1668,1
1669,2
1670,1
1671,1
1672,5
1673,1
1674,0
1675,0
1676,2
1677,2
1678,3
1679,3
1680,0
1681,0
1682,3
1683,1
1684,3
1685,2
1686,3
1687,0
1688,3
1689,0
1690,0
1691,6
1692,0
1693,2
1694,2
1695,3
1696,2
1697,1
1698,2
1699,4
1700,2
1701,1
1702,1
1703,2
1704,1
1705,0
1706,0
1707,2
1708,1
1709,3
1710,1
1711,1
1712,4
1713,6
1714,2
1715,3
1716,2
1717,2
1718,4
1719,0
1720,2
1721,3
1722,1
1723,3
1724,0
1725,3
1726,3
1727,1
1728,0
1729,3
1730,2
1731,3
1732,1
1733,0
1734,3
1735,2
1736,0
1737,2
1738,0
1739,0
1740,3
1741,4
1742,7
1743,3
1744,0
1745,3
1746,2
1747,1
1748,0
1749,0
1750,4
1751,2
1752,5
1753,2
1754,4
1755,2
1756,1
1757,1
1758,2
1759,3
1760,3
1761,1
1762,3
1763,6
1764,3
1765,1
1766,3
1767,3
1768,0
1769,1
1770,0
1771,1
1772,2
1773,1
1774,3
1775,0
1776,3
1777,2
1778,5
1779,0
1780,2
1781,2
1782,2
1783,0
1784,2
1785,0
1786,0
1787,2
1788,4
1789,0
1790,3
1791,2
1792,0
1793,1
1794,0
1795,2
1796,4
1797,0
1798,4
1799,1
1800,1
1801,3
1802,2
1803,3
1804,2
1805,0
1806,1
1807,1
1808,1
1809,1
1810,1
1811,2
1812,3
1813,4
1814,0
1815,0
1816,5
1817,1
1818,6
1819,0
1820,0
1821,1
1822,2
1823,1
1824,1
1825,0
1826,1
1827,0
1828,0
1829,2
1830,3
1831,0
1832,2
1833,0
1834,0
1835,4
1836,2
1837,1
1838,1
1839,0
1840,3
1841,1
1842,2
1843,1
1844,6
1845,1
1846,4
1847,0
1848,0
1849,1
1850,3
1851,3
1852,0
1853,6
1854,3
1855,3
1856,1
1857,0
1858,0
1859,3
1860,1
1861,1
1862,3
1863,0
1864,3
1865,1
1866,2
1867,1
1868,0
1869,3
1870,1
1871,1
1872,2
1873,1
1874,2
1875,1
1876,2
1877,0
1878,1
1879,2
1880,0
1881,2
1882,3
1883,3
1884,2
1885,4
1886,1
1887,1
1888,1
1889,1
1890,1
1891,3
1892,1
1893,2
1894,0
1895,2
1896,1
1897,3
1898,2
1899,1
1900,1
1901,2
1902,1
1903,2
1904,1
1905,3
1906,3
1907,1
1908,1
1909,4
1910,3
1911,1
1912,0
1913,1
1914,2
1915,2
1916,0
1917,3
1918,0
1919,1
1920,1
1921,0
1922,4
1923,4
1924,3
1925,1
1926,1
1927,2
1928,2
1929,2
1930,2
1931,3
1932,2
1933,2
1934,1
1935,0
1936,2
1937,2
1938,3
1939,3
1940,2
1941,3
1942,1
1943,3
1944,3
1945,4
1946,2
1947,1
1948,0
1949,4
1950,0
1951,1
1952,2
1953,1
1954,2
1955,1
1956,0
1957,1
1958,5
1959,2
1960,1
1961,2
1962,2
1963,2
1964,3
1965,5
1966,1
1967,1
1968,3
1969,3
1970,0
1971,3
1972,3
1973,1
1974,0
1975,1
1976,1
1977,3
1978,1
1979,0
1980,1
1981,2
1982,2
1983,3
1984,3
1985,2
1986,2
1987,2
1988,3
1989,2
1990,3
1991,1
1992,1
1993,0
1994,2
1995,2
1996,3
1997,4
1998,1
1999,2
2000,3
2001,1
2002,2
2003,0
2004,3
2005,1
2006,2
2007,0
2008,3
2009,5
2010,2
2011,4
2012,1
2013,2
2014,2
2015,2
2016,3
2017,5
2018,3
2019,0
2020,1
2021,0
2022,2
2023,1
2024,1
2025,3
2026,2
2027,3
2028,1
2029,1
2030,2
2031,1
2032,0
2033,3
2034,4
2035,1
2036,1
2037,0
2038,1
2039,0
2040,2
2041,2
2042,3
2043,3
2044,1
2045,3
2046,5
2047,1
2048,0
2049,2
2050,2
2051,0
2052,1
2053,1
2054,2
2055,2
2056,2
2057,3
2058,4
2059,3
2060,1
2061,2
2062,2
2063,2
2064,1
2065,1
2066,2
2067,2
2068,1
2069,1
2070,0
2071,1
2072,3
2073,0
2074,0
2075,2
2076,2
2077,2
2078,3
2079,5
2080,1
2081,4
2082,2
2083,2
2084,1
2085,6
2086,1
2087,0
2088,1
2089,1
2090,5
2091,3
2092,2
2093,0
2094,1
2095,0
2096,1
2097,1
2098,5
2099,1
2100,1
2101,3
2102,3
2103,1
2104,1
2105,2
2106,2
2107,2
2108,1
2109,2
2110,1
2111,2
2112,4
2113,1
2114,2
2115,4
2116,2
2117,2
2118,1
2119,0
2120,2
2121,0
2122,0
2123,3
2124,3
2125,2
2126,2
2127,2
2128,2
2129,3
2130,1
2131,1
2132,3
2133,2
2134,1
2135,2
2136,1
2137,0
2138,1
2139,0
2140,0
2141,1
2142,2
2143,1
2144,3
2145,3
2146,2
2147,0
2148,3
2149,2
2150,0
2151,3
2152,2
2153,5
2154,4
2155,2
2156,2
2157,3
2158,3
2159,1
2160,1
2161,4
2162,1
2163,3
2164,1
2165,2
2166,1
2167,1
2168,3
2169,3
2170,0
2171,1
2172,3
2173,0
2174,0
2175,2
2176,1
2177,2
2178,3
2179,2
2180,1
2181,1
2182,2
2183,2
2184,3
2185,1
2186,1
2187,2
2188,2
2189,3
2190,1
2191,2
2192,0
2193,0
2194,1
2195,1
2196,3
2197,1
2198,4
2199,2
2200,1
2201,2
2202,1
2203,2
2204,1
2205,4
2206,3
2207,1
2208,3
2209,0
2210,2
2211,1
2212,1
2213,1
2214,2
2215,5
2216,3
2217,5
2218,3
2219,1
2220,0
2221,2
2222,0
2223,0
2224,1
2225,2
2226,1
2227,2
2228,0
2229,1
2230,4
2231,1
2232,1
2233,2
2234,1
2235,2
2236,5
2237,3
2238,2
2239,2
2240,5
2241,2
2242,2
2243,2
2244,1
2245,0
2246,2
2247,1
2248,2
2249,6
2250,4
2251,1
2252,2
2253,2
2254,1
2255,2
2256,2
2257,1
2258,3
2259,0
2260,2
2261,2
2262,0
2263,2
2264,5
2265,1
2266,2
2267,0
2268,1
2269,1
2270,2
2271,0
2272,1
2273,1
2274,0
2275,2
2276,3
2277,0
2278,3
2279,4
2280,3
2281,3
2282,3
2283,3
2284,1
2285,1
2286,3
2287,3
2288,2
2289,4
2290,2
2291,2
2292,1
2293,2
2294,2
2295,1
2296,0
2297,3
2298,2
2299,2
2300,1
2301,2
2302,0
2303,3
2304,1
2305,2
2306,4
2307,0
2308,2
2309,1
2310,1
2311,1
2312,3
2313,3
2314,1
2315,0
2316,1
2317,2
2318,1
2319,2
2320,1
2321,1
2322,1
2323,1
2324,1
2325,1
2326,1
2327,3
2328,1
2329,1
2330,3
2331,1
2332,1
2333,0
2334,4
2335,2
2336,4
2337,3
2338,4
2339,2
2340,3
2341,2
2342,2
2343,0
2344,4
2345,3
2346,1
2347,1
2348,1
2349,3
2350,3
2351,1
2352,3
2353,4
2354,2
2355,0
2356,1
2357,1
2358,3
2359,2
2360,1
2361,0
2362,2
2363,3
2364,2
2365,0
2366,2
2367,1
2368,2
2369,2
2370,2
2371,0
2372,4
2373,2
2374,0
2375,1
2376,0
2377,3
2378,4
2379,0
2380,2
2381,2
2382,5
2383,1
2384,1
2385,2
2386,3
2387,2
2388,3
2389,4
2390,1
2391,2
2392,3
2393,2
2394,2
2395,0
2396,2
2397,1
2398,3
2399,3
2400,0
2401,4
2402,0
2403,2
2404,6
2405,1
2406,3
2407,0
2408,2
2409,3
2410,3
2411,3
2412,1
2413,0
2414,0
2415,3
2416,4
2417,3
2418,1
2419,2
2420,3
2421,0
2422,0
2423,1
2424,2
2425,2
2426,1
2427,2
2428,4
2429,3
2430,2
2431,3
2432,3
2433,3
2434,1
2435,0
2436,3
2437,2
2438,1
2439,5
2440,2
2441,1
2442,1
2443,2
2444,4
2445,5
2446,1
2447,1
2448,2
2449,1
2450,1
2451,4
2452,1
2453,3
2454,4
2455,3
2456,1
2457,2
2458,0
2459,0
2460,6
2461,2
2462,1
2463,0
2464,2
2465,0
2466,3
2467,1
2468,0
2469,2
2470,1
2471,1
2472,1
2473,2
2474,0
2475,1
2476,2
2477,1
2478,2
2479,1
2480,2
2481,1
2482,2
2483,1
2484,1
2485,4
2486,1
2487,3
2488,4
2489,2
2490,1
2491,0
2492,1
2493,0
2494,3
2495,1
2496,4
2497,2
2498,0
2499,0
2500,1
2501,4
2502,0
2503,4
2504,1
2505,1
2506,1
2507,3
2508,0
2509,1
2510,2
2511,3
2512,2
2513,0
2514,2
2515,1
2516,1
2517,1
2518,2
2519,1
2520,3
2521,3
2522,3
2523,4
2524,1
2525,2
2526,2
2527,0
2528,2
2529,1
2530,2
2531,0
2532,3
2533,3
2534,2
2535,1
2536,0
2537,0
2538,1
2539,2
2540,1
2541,3
2542,5
2543,2
2544,1
2545,3
2546,1
2547,2
2548,2
2549,3
2550,2
2551,3
2552,3
2553,1
2554,1
2555,2
2556,1
2557,2
2558,0
2559,4
2560,3
2561,0
2562,1
2563,0
2564,0
2565,2
2566,1
2567,2
2568,1
2569,0
2570,2
2571,2
2572,0
2573,3
2574,5
2575,0
2576,3
2577,3
2578,2
2579,1
2580,0
2581,2
2582,1
2583,1
2584,2
2585,4
2586,3
2587,3
2588,5
2589,2
2590,0
2591,5
2592,0
2593,0
2594,3
2595,0
2596,2
2597,5
2598,2
2599,1
2600,0
2601,1
2602,8
2603,3
2604,2
2605,2
2606,2
2607,1
2608,3
2609,1
2610,5
2611,4
2612,1
2613,4
2614,2
2615,0
2616,0
2617,1
2618,2
2619,3
2620,2
2621,1
2622,3
2623,3
2624,0
2625,1
2626,1
2627,0
2628,1
2629,2
2630,2
2631,0
2632,1
2633,0
2634,0
2635,2
2636,4
2637,1
2638,3
2639,2
2640,5
2641,0
2642,2
2643,1
2644,0
2645,0
2646,2
2647,0
2648,1
2649,1
2650,2
2651,0
2652,1
2653,1
2654,1
2655,3
2656,2
2657,2
2658,0
2659,2
2660,2
2661,1
2662,1
2663,0
2664,1
2665,1
2666,0
2667,0
2668,2
2669,2
2670,2
2671,2
2672,3
2673,3
2674,0
2675,2
2676,2
2677,3
2678,1
2679,1
2680,1
2681,3
2682,2
2683,1
2684,2
2685,4
2686,0
2687,2
2688,2
2689,3
2690,0
2691,2
2692,4
2693,0
2694,2
2695,0
2696,5
2697,1
2698,3
2699,2
2700,0
2701,0
2702,1
2703,3
2704,5
2705,1
2706,4
2707,1
2708,1
2709,2
2710,1
2711,1
2712,2
2713,3
2714,0
2715,2
2716,2
2717,1
2718,1
2719,2
2720,1
2721,1
2722,3
2723,0
2724,0
2725,2
2726,2
2727,1
2728,1
2729,2
2730,1
2731,5
2732,3
2733,0
2734,0
2735,1
2736,4
2737,1
2738,1
2739,1
2740,2
2741,1
2742,4
2743,0
2744,2
2745,4
2746,0
2747,3
2748,1
2749,3
2750,5
2751,0
2752,1
2753,2
2754,2
2755,3
2756,0
2757,5
2758,1
2759,0
2760,0
2761,2
2762,2
2763,3
2764,0
2765,2
2766,3
2767,0
2768,3
2769,1
2770,2
2771,0
2772,2
2773,1
2774,3
2775,0
2776,3
2777,3
2778,4
2779,2
2780,2
2781,2
2782,3
2783,0
2784,2
2785,1
2786,0
2787,3
2788,2
2789,1
2790,2
2791,2
2792,1
2793,2
2794,3
2795,3
2796,4
2797,4
2798,2
2799,4
2800,2
2801,3
2802,3
2803,0
2804,1
2805,1
2806,2
2807,2
2808,0
2809,0
2810,3
2811,0
2812,1
2813,1
2814,2
2815,0
2816,3
2817,2
2818,1
2819,4
2820,2
2821,0
2822,1
2823,0
2824,0
2825,1
2826,1
2827,2
2828,2
2829,3
2830,2
2831,1
2832,2
2833,2
2834,3
2835,2
2836,1
2837,0
2838,3
2839,1
2840,3
2841,3
2842,3
2843,2
2844,0
2845,0
2846,2
2847,0
2848,3
2849,2
2850,2
2851,2
2852,0
2853,2
2854,5
2855,3
2856,1
2857,3
2858,1
2859,1
2860,4
2861,4
2862,5
2863,1
2864,2
2865,2
2866,4
2867,1
2868,5
2869,3
2870,2
2871,1
2872,3
2873,2
2874,1
2875,0
2876,3
2877,1
2878,1
2879,1
2880,4
2881,1
2882,0
2883,1
2884,1
2885,1
2886,2
2887,2
2888,2
2889,1
2890,2
2891,2
2892,2
2893,1
2894,3
2895,2
2896,2
2897,0
2898,2
2899,4
2900,2
2901,1
2902,1
2903,1
2904,0
2905,1
2906,2
2907,1
2908,3
2909,1
2910,0
2911,2
2912,1
2913,3
2914,4
2915,0
2916,0
2917,0
2918,1
2919,3
2920,4
2921,2
2922,3
2923,3
2924,1
2925,0
2926,5
2927,1
2928,1
2929,1
2930,0
2931,1
2932,2
2933,3
2934,0
2935,1
2936,0
2937,0
2938,2
2939,2
2940,1
2941,2
2942,2
2943,1
2944,3
2945,3
2946,2
2947,1
2948,0
2949,0
2950,5
2951,3
2952,3
2953,0
2954,4
2955,3
2956,1
2957,4
2958,3
2959,0
2960,2
2961,0
2962,2
2963,0
2964,4
2965,3
2966,1
2967,2
2968,2
2969,3
2970,3
2971,2
2972,2
2973,1
2974,4
2975,4
2976,4
2977,3
2978,2
2979,2
2980,3
2981,1
2982,3
2983,1
2984,1
2985,2
2986,0
2987,3
2988,1
2989,2
2990,0
2991,3
2992,0
2993,6
2994,3
2995,1
2996,1
2997,1
2998,1
2999,3
3000,0
3001,1
3002,3
3003,0
3004,3
3005,4
3006,4
3007,2
3008,4
3009,3
3010,4
3011,3
3012,3
3013,6
3014,0
3015,1
3016,2
3017,3
3018,3
3019,3
3020,4
3021,4
3022,1
3023,2
3024,2
3025,3
3026,0
3027,3
3028,1
3029,0
3030,2
3031,3
3032,2
3033,5
3034,0
3035,1
3036,2
3037,3
3038,3
3039,0
3040,1
3041,1
3042,1
3043,2
3044,1
3045,2
3046,1
3047,2
3048,0
3049,1
3050,3
3051,0
3052,2
3053,3
3054,4
3055,3
3056,1
3057,2
3058,3
3059,3
3060,3
3061,2
3062,4
3063,2
3064,1
3065,3
3066,3
3067,5
3068,1
3069,5
3070,0
3071,2
3072,0
3073,0
3074,5
3075,2
3076,5
3077,3
3078,4
3079,3
3080,4
3081,1
3082,2
3083,2
3084,1
3085,3
3086,0
3087,2
3088,3
3089,3
3090,3
3091,3
3092,0
3093,0
3094,0
3095,1
3096,1
3097,2
3098,5
3099,4
3100,4
3101,3
3102,3
3103,0
3104,0
3105,1
3106,2
3107,2
3108,2
3109,3
3110,1
3111,4
3112,2
3113,2
3114,2
3115,1
3116,1
3117,2
3118,0
3119,4
3120,5
3121,3
3122,2
3123,0
3124,1
3125,2
3126,3
3127,1
3128,1
3129,3
3130,2
3131,4
3132,0
3133,2
3134,0
3135,0
3136,1
3137,4
3138,1
3139,2
3140,2
3141,3
3142,2
3143,2
3144,1
3145,0
3146,2
3147,3
3148,5
3149,2
3150,1
3151,3
3152,4
3153,2
3154,0
3155,3
3156,0
3157,2
3158,3
3159,4
3160,3
3161,2
3162,2
3163,2
3164,0
3165,3
3166,3
3167,1
3168,2
3169,2
3170,1
3171,3
3172,2
3173,3
3174,3
3175,1
3176,1
3177,2
3178,1
3179,1
3180,4
3181,3
3182,3
3183,0
3184,0
3185,0
3186,4
3187,3
3188,3
3189,4
3190,1
3191,3
3192,2
3193,4
3194,2
3195,2
3196,2
3197,3
3198,0
3199,3
3200,1
3201,4
3202,1
3203,2
3204,2
3205,1
3206,2
3207,1
3208,0
3209,1
3210,2
3211,2
3212,1
3213,1
3214,0
3215,1
3216,3
3217,1
3218,2
3219,0
3220,0
3221,2
3222,0
3223,3
3224,5
3225,4
3226,1
3227,1
3228,4
3229,1
3230,1
3231,2
3232,3
3233,2
3234,0
3235,1
3236,0
3237,3
3238,4
3239,0
3240,0
3241,0
3242,2
3243,1
3244,0
3245,0
3246,1
3247,1
3248,0
3249,2
3250,2
3251,2
3252,1
3253,0
3254,3
3255,2
3256,2
3257,1
3258,1
3259,0
3260,0
3261,2
3262,0
3263,0
3264,1
3265,0
3266,0
3267,2
3268,1
3269,1
3270,2
3271,5
3272,2
3273,0
3274,3
3275,1
3276,1
3277,3
3278,1
3279,3
3280,5
3281,4
3282,1
3283,0
3284,4
3285,2
3286,2
3287,3
3288,3
3289,1
3290,1
3291,1
3292,2
3293,3
3294,2
3295,1
3296,1
3297,3
3298,2
3299,4
3300,6
3301,2
3302,5
3303,2
3304,3
3305,2
3306,0
3307,2
3308,2
3309,2
3310,3
3311,1
3312,2
3313,2
3314,3
3315,2
3316,3
3317,4
3318,2
3319,2
3320,0
3321,4
3322,0
3323,1
3324,0
3325,3
3326,1
3327,1
3328,1
3329,1
3330,0
3331,1
3332,0
3333,0
3334,4
3335,2
3336,5
3337,2
3338,1
3339,2
3340,2
3341,4
3342,4
3343,3
3344,1
3345,2
3346,2
3347,1
3348,4
3349,0
3350,1
3351,1
3352,1
3353,1
3354,2
3355,2
3356,1
3357,2
3358,1
3359,2
3360,3
3361,2
3362,0
3363,2
3364,0
3365,4
3366,1
3367,2
3368,2
3369,0
3370,0
3371,2
3372,3
3373,0
3374,2
3375,1
3376,1
3377,2
3378,0
3379,3
3380,0
3381,1
3382,2
3383,0
3384,2
3385,2
3386,2
3387,1
3388,3
3389,4
3390,2
3391,0
3392,2
3393,3
3394,4
3395,2
3396,0
3397,1
3398,2
3399,2
3400,3
3401,0
3402,0
3403,3
3404,0
3405,1
3406,3
3407,0
3408,1
3409,1
3410,1
3411,4
3412,1
3413,3
3414,1
3415,2
3416,2
3417,2
3418,3
3419,1
3420,2
3421,4
3422,2
3423,1
3424,2
3425,2
3426,2
3427,2
3428,3
3429,2
3430,2
3431,2
3432,3
3433,1
3434,1
3435,2
3436,0
3437,0
3438,0
3439,0
3440,0
3441,0
3442,1
3443,2
3444,1
3445,1
3446,4
3447,3
3448,1
3449,1
3450,5
3451,1
3452,1
3453,2
3454,1
3455,3
3456,3
3457,1
3458,1
3459,0
3460,4
3461,3
3462,0
3463,2
3464,1
3465,2
3466,3
3467,1
3468,2
3469,1
3470,2
3471,1
3472,0
3473,1
3474,3
3475,2
3476,3
3477,2
3478,2
3479,2
3480,3
3481,2
3482,2
3483,4
3484,2
3485,1
3486,2
3487,3
3488,4
3489,3
3490,0
3491,2
3492,2
3493,3
3494,1
3495,1
3496,2
3497,2
3498,1
3499,2
3500,0
3501,1
3502,2
3503,3
3504,1
3505,4
3506,1
3507,0
3508,3
3509,2
3510,0
3511,4
3512,3
3513,0
3514,3
3515,2
3516,3
3517,3
3518,1
3519,2
3520,2
3521,4
3522,2
3523,2
3524,2
3525,3
3526,0
3527,1
3528,1
3529,3
3530,2
3531,2
3532,1
3533,1
3534,1
3535,2
3536,3
3537,3
3538,0
3539,2
3540,4
3541,2
3542,0
3543,1
3544,2
3545,2
3546,1
3547,4
3548,1
3549,5
3550,3
3551,1
3552,3
3553,1
3554,1
3555,2
3556,1
3557,5
3558,0
3559,0
3560,0
3561,2
3562,3
3563,0
3564,2
3565,0
3566,1
3567,3
3568,2
3569,2
3570,2
3571,3
3572,0
3573,2
3574,2
3575,1
3576,2
3577,0
3578,0
3579,3
3580,2
3581,1
3582,2
3583,4
3584,1
3585,0
3586,0
3587,1
3588,3
3589,0
3590,1
3591,3
3592,1
3593,2
3594,2
3595,2
3596,5
3597,2
3598,3
3599,1
3600,1
3601,0
3602,4
3603,3
3604,1
3605,0
3606,2
3607,2
3608,1
3609,3
3610,0
3611,1
3612,0
3613,4
3614,0
3615,1
3616,3
3617,0
3618,3
3619,4
3620,1
3621,1
3622,3
3623,0
3624,1
3625,1
3626,2
3627,2
3628,0
3629,0
3630,1
3631,2
3632,6
3633,3
3634,0
3635,1
3636,2
3637,0
3638,2
3639,1
3640,0
3641,2
3642,0
3643,1
3644,2
3645,3
3646,3
3647,2
3648,3
3649,2
3650,2
3651,3
3652,0
3653,0
3654,3
3655,1
3656,0
3657,1
3658,2
3659,2
3660,1
3661,2
3662,1
3663,3
3664,1
3665,0
3666,4
3667,2
3668,3
3669,1
3670,1
3671,2
3672,2
3673,0
3674,2
3675,4
3676,0
3677,4
3678,2
3679,1
3680,2
3681,1
3682,2
3683,3
3684,2
3685,2
3686,2
3687,2
3688,3
3689,1
3690,3
3691,1
3692,2
3693,1
3694,4
3695,3
3696,2
3697,3
3698,1
3699,1
3700,2
3701,3
3702,0
3703,1
3704,2
3705,1
3706,0
3707,2
3708,1
3709,1
3710,2
3711,2
3712,2
3713,1
3714,2
3715,1
3716,3
3717,2
3718,4
3719,3
3720,3
3721,0
3722,2
3723,0
3724,6
3725,2
3726,1
3727,0
3728,2
3729,2
3730,6
3731,1
3732,1
3733,3
3734,3
3735,2
3736,2
3737,3
3738,2
3739,4
3740,0
3741,2
3742,0
3743,2
3744,2
3745,2
3746,2
3747,0
3748,1
3749,2
3750,3
3751,3
3752,3
3753,0
3754,5
3755,1
3756,4
3757,2
3758,2
3759,0
3760,4
3761,4
3762,2
3763,2
3764,3
3765,5
3766,2
3767,0
3768,2
3769,3
3770,4
3771,1
3772,0
3773,3
3774,3
3775,1
3776,2
3777,2
3778,2
3779,1
3780,3
3781,3
3782,0
3783,1
3784,1
3785,4
3786,1
3787,1
3788,2
3789,1
3790,3
3791,0
3792,1
3793,3
3794,3
3795,3
3796,1
3797,2
3798,0
3799,1
3800,1
3801,2
3802,0
3803,4
3804,0
3805,1
3806,1
3807,2
3808,1
3809,4
3810,3
3811,2
3812,3
3813,2
3814,1
3815,0
3816,0
3817,0
3818,1
3819,2
3820,2
3821,2
3822,2
3823,3
3824,0
3825,1
3826,4
3827,3
3828,1
3829,2
3830,2
3831,2
3832,2
3833,2
3834,3
3835,0
3836,0
3837,0
3838,4
3839,0
3840,2
3841,2
3842,1
3843,0
3844,2
3845,3
3846,1
3847,0
3848,1
3849,1
3850,2
3851,2
3852,3
3853,3
3854,3
3855,2
3856,3
3857,4
3858,3
3859,8
3860,1
3861,2
3862,3
3863,2
3864,4
3865,2
3866,1
3867,1
3868,2
3869,1
3870,2
3871,3
3872,2
3873,4
3874,3
3875,1
3876,0
3877,2
3878,2
3879,1
3880,1
3881,1
3882,2
3883,5
3884,2
3885,2
3886,5
3887,1
3888,2
3889,2
3890,3
3891,1
3892,0
3893,3
3894,2
3895,2
3896,4
3897,0
3898,0
3899,2
3900,0
3901,3
3902,2
3903,3
3904,1
3905,0
3906,3
3907,4
3908,3
3909,5
3910,1
3911,1
3912,0
3913,3
3914,0
3915,3
3916,1
3917,1
3918,2
3919,1
3920,4
3921,1
3922,0
3923,3
3924,2
3925,1
3926,1
3927,1
3928,1
3929,1
3930,0
3931,0
3932,4
3933,1
3934,3
3935,3
3936,2
3937,1
3938,2
3939,1
3940,3
3941,2
3942,2
3943,3
3944,3
3945,0
3946,1
3947,1
3948,1
3949,3
3950,1
3951,2
3952,2
3953,3
3954,2
3955,2
3956,2
3957,1
3958,2
3959,1
3960,0
3961,3
3962,3
3963,3
3964,0
3965,3
3966,3
3967,1
3968,2
3969,1
3970,3
3971,2
3972,3
3973,1
3974,3
3975,1
3976,3
3977,0
3978,0
3979,3
3980,1
3981,2
3982,4
3983,2
3984,2
3985,1
3986,0
3987,1
3988,1
3989,1
3990,3
3991,4
3992,2
3993,3
3994,2
3995,2
3996,0
3997,2
3998,2
3999,3
4000,3
4001,1
4002,0
4003,4
4004,0
4005,1
4006,2
4007,1
4008,2
4009,1
4010,0
4011,2
4012,2
4013,4
4014,1
4015,1
4016,3
4017,3
4018,1
4019,0
4020,1
4021,0
4022,3
4023,1
4024,0
4025,0
4026,2
4027,1
4028,2
4029,4
4030,2
4031,2
4032,2
4033,1
4034,2
4035,5
4036,2
4037,3
4038,2
4039,1
4040,1
4041,1
4042,3
4043,0
4044,0
4045,1
4046,1
4047,3
4048,3
4049,2
4050,3
4051,1
4052,2
4053,2
4054,2
4055,1
4056,0
4057,2
4058,3
4059,2
4060,3
4061,2
4062,1
4063,2
4064,2
4065,0
4066,4
4067,0
4068,2
4069,0
4070,1
4071,2
4072,0
4073,1
4074,2
4075,3
4076,3
4077,2
4078,4
4079,3
4080,3
4081,1
4082,2
4083,2
4084,2
4085,0
4086,2
4087,1
4088,1
4089,4
4090,1
4091,1
4092,1
4093,2
4094,0
4095,0
4096,2
4097,2
4098,1
4099,1
4100,1
4101,0
4102,3
4103,2
4104,1
4105,1
4106,1
4107,1
4108,2
4109,2
4110,1
4111,3
4112,2
4113,1
4114,2
4115,3
4116,3
4117,3
4118,3
4119,3
4120,1
4121,1
4122,5
4123,2
4124,4
4125,1
4126,0
4127,0
4128,1
4129,1
4130,4
4131,3
4132,3
4133,2
4134,2
4135,1
4136,2
4137,0
4138,2
4139,0
4140,2
4141,1
4142,4
4143,2
4144,1
4145,1
4146,2
4147,4
4148,1
4149,4
4150,1
4151,0
4152,4
4153,1
4154,2
4155,1
4156,3
4157,1
4158,0
4159,0
4160,3
4161,5
4162,5
4163,1
4164,0
4165,2
4166,1
4167,0
4168,6
4169,1
4170,2
4171,2
4172,2
4173,3
4174,4
4175,1
4176,0
4177,1
4178,4
4179,4
4180,2
4181,3
4182,2
4183,1
4184,1
4185,0
4186,1
4187,0
4188,0
4189,3
4190,6
4191,1
4192,0
4193,1
4194,3
4195,1
4196,1
4197,2
4198,0
4199,0
4200,3
4201,0
4202,1
4203,3
4204,3
4205,0
4206,4
4207,3
4208,2
4209,1
4210,0
4211,2
4212,1
4213,2
4214,1
4215,0
4216,4
4217,1
4218,3
4219,4
4220,2
4221,4
4222,3
4223,2
4224,0
4225,1
4226,0
4227,1
4228,1
4229,0
4230,1
4231,1
4232,2
4233,0
4234,3
4235,4
4236,0
4237,1
4238,3
4239,4
4240,1
4241,2
4242,2
4243,3
4244,4
4245,1
4246,2
4247,0
4248,2
4249,1
4250,3
4251,1
4252,0
4253,3
4254,4
4255,2
4256,1
4257,3
4258,1
4259,1
4260,4
4261,2
4262,2
4263,5
4264,3
4265,0
4266,1
4267,2
4268,2
4269,1
4270,1
4271,0
4272,1
4273,4
4274,0
4275,3
4276,3
4277,3
4278,2
4279,1
4280,0
4281,1
4282,3
4283,1
4284,0
4285,3
4286,1
4287,1
4288,1
4289,0
4290,3
4291,2
4292,1
4293,0
4294,1
4295,3
4296,2
4297,2
4298,1
4299,2
4300,3
4301,3
4302,1
4303,1
4304,1
4305,4
4306,4
4307,0
4308,6
4309,0
4310,2
4311,2
4312,3
4313,3
4314,2
4315,3
4316,0
4317,1
4318,0
4319,1
4320,1
4321,3
4322,0
4323,0
4324,1
4325,0
4326,2
4327,3
4328,4
4329,2
4330,2
4331,2
4332,2
4333,0
4334,1
4335,3
4336,0
4337,7
4338,1
4339,0
4340,1
4341,2
4342,1
4343,2
4344,2
4345,3
4346,2
4347,2
4348,1
4349,1
4350,3
4351,1
4352,5
4353,1
4354,0
4355,2
4356,5
4357,1
4358,4
4359,2
4360,1
4361,2
4362,1
4363,4
4364,1
4365,2
4366,2
4367,2
4368,4
4369,3
4370,4
4371,2
4372,2
4373,1
4374,1
4375,1
4376,0
4377,0
4378,3
4379,3
4380,2
4381,4
4382,0
4383,1
4384,0
4385,2
4386,0
4387,1
4388,0
4389,1
4390,0
4391,2
4392,4
4393,0
4394,2
4395,1
4396,2
4397,1
4398,0
4399,2
4400,5
4401,2
4402,2
4403,2
4404,1
4405,3
4406,2
4407,2
4408,2
4409,0
4410,0
4411,2
4412,1
4413,2
4414,0
4415,0
4416,2
4417,0
4418,0
4419,2
4420,1
4421,0
4422,3
4423,2
4424,1
4425,5
4426,4
4427,3
4428,2
4429,2
4430,4
4431,2
4432,3
4433,3
4434,0
4435,2
4436,2
4437,2
4438,3
4439,2
4440,1
4441,0
4442,2
4443,1
4444,4
4445,2
4446,2
4447,1
4448,2
4449,2
4450,3
4451,0
4452,1
4453,1
4454,3
4455,1
4456,1
4457,0
4458,2
4459,1
4460,1
4461,1
4462,0
4463,2
4464,2
4465,1
4466,2
4467,0
4468,0
4469,1
4470,3
4471,3
4472,3
4473,1
4474,3
4475,2
4476,3
4477,3
4478,0
4479,2
4480,0
4481,2
4482,2
4483,2
4484,3
4485,2
4486,1
4487,1
4488,3
4489,1
4490,1
4491,0
4492,1
4493,6
4494,2
4495,1
4496,1
4497,2
4498,0
4499,2
4500,3
4501,3
4502,3
4503,0
4504,2
4505,0
4506,2
4507,0
4508,1
4509,0
4510,2
4511,3
4512,1
4513,2
4514,1
4515,3
4516,2
4517,5
4518,4
4519,4
4520,2
4521,2
4522,1
4523,1
4524,2
4525,0
4526,5
4527,3
4528,2
4529,1
4530,2
4531,3
4532,0
4533,1
4534,3
4535,1
4536,2
4537,3
4538,1
4539,0
4540,2
4541,0
4542,3
4543,1
4544,2
4545,3
4546,3
4547,0
4548,1
4549,4
4550,2
4551,0
4552,5
4553,1
4554,2
4555,2
4556,2
4557,1
4558,2
4559,2
4560,2
4561,1
4562,0
4563,3
4564,1
4565,0
4566,1
4567,2
4568,1
4569,2
4570,0
4571,0
4572,2
4573,2
4574,0
4575,2
4576,2
4577,1
4578,1
4579,2
4580,2
4581,0
4582,1
4583,0
4584,2
4585,5
4586,4
4587,1
4588,2
4589,0
4590,1
4591,2
4592,2
4593,0
4594,1
4595,4
4596,3
4597,3
4598,0
4599,1
4600,2
4601,2
4602,2
4603,1
4604,4
4605,1
4606,0
4607,5
4608,1
4609,1
4610,2
4611,2
4612,1
4613,4
4614,3
4615,2
4616,0
4617,1
4618,2
4619,1
4620,3
4621,1
4622,4
4623,0
4624,1
4625,1
4626,2
4627,3
4628,5
4629,2
4630,2
4631,1
4632,4
4633,5
4634,0
4635,3
4636,1
4637,4
4638,2
4639,2
4640,4
4641,2
4642,0
4643,5
4644,2
4645,1
4646,4
4647,2
4648,3
4649,0
4650,1
4651,2
4652,3
4653,1
4654,3
4655,2
4656,1
4657,2
4658,1
4659,1
4660,2
4661,4
4662,2
4663,0
4664,0
4665,1
4666,2
4667,1
4668,1
4669,2
4670,4
4671,2
4672,2
4673,2
4674,1
4675,3
4676,2
4677,2
4678,1
4679,0
4680,0
4681,2
4682,1
4683,1
4684,4
4685,5
4686,1
4687,2
4688,2
4689,3
4690,3
4691,1
4692,1
4693,1
4694,3
4695,1
4696,2
4697,1
4698,1
4699,1
4700,3
4701,2
4702,0
4703,2
4704,0
4705,2
4706,0
4707,3
4708,2
4709,1
4710,3
4711,1
4712,1
4713,1
4714,2
4715,1
4716,0
4717,1
4718,1
4719,0
4720,2
4721,3
4722,3
4723,2
4724,2
4725,0
4726,3
4727,1
4728,2
4729,0
4730,2
4731,1
4732,3
4733,1
4734,3
4735,2
4736,2
4737,1
4738,3
4739,3
4740,4
4741,2
4742,0
4743,1
4744,0
4745,0
4746,2
4747,2
4748,1
4749,0
4750,2
4751,2
4752,0
4753,0
4754,2
4755,0
4756,1
4757,2
4758,0
4759,2
4760,1
4761,4
4762,3
4763,1
4764,1
4765,1
4766,0
4767,1
4768,2
4769,7
4770,1
4771,1
4772,1
4773,1
4774,2
4775,2
4776,0
4777,1
4778,0
4779,0
4780,2
4781,2
4782,0
4783,3
4784,3
4785,1
4786,2
4787,3
4788,1
4789,1
4790,3
4791,0
4792,4
4793,0
4794,2
4795,2
4796,5
4797,1
4798,1
4799,1
4800,2
4801,2
4802,1
4803,6
4804,1
4805,2
4806,1
4807,4
4808,3
4809,2
4810,5
4811,1
4812,2
4813,2
4814,4
4815,3
4816,2
4817,2
4818,1
4819,0
4820,3
4821,2
4822,1
4823,2
4824,4
4825,2
4826,3
4827,2
4828,3
4829,3
4830,1
4831,1
4832,5
4833,2
4834,0
4835,3
4836,4
4837,2
4838,0
4839,2
4840,1
4841,0
4842,4
4843,3
4844,1
4845,2
4846,0
4847,1
4848,1
4849,1
4850,2
4851,1
4852,4
4853,3
4854,3
4855,2
4856,1
4857,3
4858,1
4859,0
4860,4
4861,5
4862,1
4863,4
4864,2
4865,2
4866,3
4867,1
4868,2
4869,1
4870,3
4871,0
4872,2
4873,1
4874,2
4875,0
4876,2
4877,1
4878,4
4879,5
4880,0
4881,3
4882,0
4883,1
4884,2
4885,2
4886,4
4887,1
4888,0
4889,1
4890,4
4891,0
4892,1
4893,3
4894,0
4895,2
4896,2
4897,0
4898,2
4899,3
4900,5
4901,0
4902,8
4903,0
4904,1
4905,2
4906,1
4907,0
4908,0
4909,2
4910,5
4911,2
4912,0
4913,3
4914,1
4915,0
4916,1
4917,1
4918,2
4919,1
4920,1
4921,5
4922,2
4923,0
4924,1
4925,3
4926,1
4927,3
4928,0
4929,3
4930,3
4931,0
4932,5
4933,3
4934,3
4935,0
4936,3
4937,1
4938,3
4939,3
4940,1
4941,1
4942,0
4943,3
4944,2
4945,2
4946,0
4947,3
4948,3
4949,2
4950,2
4951,3
4952,1
4953,3
4954,4
4955,1
4956,2
4957,0
4958,3
4959,1
4960,2
4961,4
4962,3
4963,0
4964,2
4965,1
4966,0
4967,1
4968,1
4969,1
4970,1
4971,2
4972,3
4973,0
4974,0
4975,1
4976,2
4977,2
4978,0
4979,1
4980,2
4981,3
4982,2
4983,1
4984,0
4985,1
4986,0
4987,0
4988,2
4989,2
4990,4
4991,1
4992,0
4993,0
4994,0
4995,2
4996,0
4997,3
4998,1
4999,3
5000,2
5001,1
5002,3
5003,2
5004,5
5005,3
5006,1
5007,1
5008,2
5009,4
5010,4
5011,4
5012,4
5013,3
5014,1
5015,2
5016,2
5017,1
5018,0
5019,1
5020,1
5021,3
5022,2
5023,5
5024,2
5025,0
5026,2
5027,0
5028,0
5029,1
5030,3
5031,3
5032,1
5033,2
5034,3
5035,1
5036,1
5037,2
5038,1
5039,0
5040,4
5041,2
5042,1
5043,3
5044,3
5045,1
5046,0
5047,0
5048,2
5049,1
5050,0
5051,0
5052,0
5053,2
5054,0
5055,1
5056,3
5057,3
5058,1
5059,4
5060,0
5061,4
5062,1
5063,2
5064,0
5065,1
5066,3
5067,3
5068,0
5069,2
5070,1
5071,2
5072,2
5073,0
5074,2
5075,2
5076,1
5077,3
5078,1
5079,0
5080,1
5081,4
5082,1
5083,5
5084,1
5085,1
5086,1
5087,0
5088,1
5089,3
5090,1
5091,3
5092,2
5093,1
5094,0
5095,3
5096,2
5097,3
5098,2
5099,0
5100,2
5101,0
5102,1
5103,3
5104,2
5105,4
5106,3
5107,2
5108,2
5109,6
5110,3
5111,2
5112,3
5113,1
5114,1
5115,5
5116,1
5117,2
5118,3
5119,0
5120,3
5121,2
5122,1
5123,2
5124,4
5125,0
5126,3
5127,0
5128,3
5129,2
5130,3
5131,1
5132,4
5133,1
5134,2
5135,4
5136,3
5137,0
5138,0
5139,0
5140,1
5141,1
5142,2
5143,3
5144,1
5145,0
5146,3
5147,0
5148,5
5149,3
5150,0
5151,3
5152,1
5153,3
5154,2
5155,4
5156,4
5157,1
5158,1
5159,0
5160,2
5161,3
5162,1
5163,4
5164,1
5165,4
5166,1
5167,0
5168,4
5169,2
5170,4
5171,3
5172,2
5173,0
5174,4
5175,1
5176,0
5177,2
5178,0
5179,3
5180,1
5181,2
5182,3
5183,3
5184,2
5185,1
5186,3
5187,5
5188,2
5189,2
5190,6
5191,1
5192,3
5193,0
5194,3
5195,3
5196,2
5197,2
5198,0
5199,1
5200,3
5201,4
5202,5
5203,1
5204,4
5205,2
5206,5
5207,4
5208,2
5209,2
5210,4
5211,4
5212,4
5213,6
5214,1
5215,0
5216,3
5217,2
5218,2
5219,3
5220,3
5221,3
5222,3
5223,2
5224,0
5225,2
5226,1
5227,0
5228,1
5229,0
5230,1
5231,3
5232,1
5233,2
5234,1
5235,4
5236,2
5237,1
5238,2
5239,2
5240,1
5241,2
5242,2
5243,2
5244,3
5245,2
5246,1
5247,1
5248,3
5249,2
5250,1
5251,1
5252,2
5253,7
5254,5
5255,2
5256,1
5257,2
5258,2
5259,4
5260,1
5261,0
5262,2
5263,3
5264,2
5265,1
5266,2
5267,3
5268,3
5269,6
5270,1
5271,2
5272,1
5273,3
5274,1
5275,1
5276,5
5277,0
5278,2
5279,1
5280,5
5281,2
5282,1
5283,3
5284,1
5285,1
5286,1
5287,3
5288,2
5289,0
5290,4
5291,1
5292,3
5293,2
5294,2
5295,2
5296,1
5297,4
5298,2
5299,3
5300,0
5301,2
5302,1
5303,3
5304,3
5305,2
5306,1
5307,1
5308,0
5309,1
5310,1
5311,0
5312,5
5313,1
5314,2
5315,0
5316,5
5317,5
5318,1
5319,0
5320,2
5321,8
5322,1
5323,1
5324,1
5325,1
5326,2
5327,3
5328,1
5329,1
5330,2
5331,1
5332,1
5333,1
5334,2
5335,0
5336,1
5337,1
5338,2
5339,2
5340,2
5341,3
5342,2
5343,1
5344,2
5345,3
5346,1
5347,2
5348,4
5349,4
5350,3
5351,1
5352,3
5353,1
5354,3
5355,1
5356,2
5357,1
5358,4
5359,2
5360,2
5361,1
5362,0
5363,5
5364,3
5365,1
5366,1
5367,5
5368,2
5369,2
5370,0
5371,4
5372,1
5373,2
5374,1
5375,1
5376,4
5377,2
5378,0
5379,1
5380,1
5381,4
5382,6
5383,2
5384,0
5385,5
5386,3
5387,3
5388,1
5389,3
5390,1
5391,1
5392,1
5393,2
5394,0
5395,2
5396,4
5397,0
5398,3
5399,6
5400,4
5401,2
5402,3
5403,2
5404,2
5405,4
5406,3
5407,3
5408,2
5409,2
5410,1
5411,1
5412,5
5413,1
5414,0
5415,1
5416,3
5417,1
5418,2
5419,5
5420,2
5421,2
5422,1
5423,2
5424,3
5425,2
5426,0
5427,3
5428,0
5429,3
5430,3
5431,1
5432,1
5433,2
5434,0
5435,2
5436,2
5437,2
5438,1
5439,1
5440,3
5441,5
5442,2
5443,1
5444,3
5445,2
5446,2
5447,1
5448,1
5449,1
5450,1
5451,0
5452,2
5453,2
5454,3
5455,2
5456,5
5457,0
5458,2
5459,3
5460,1
5461,1
5462,3
5463,1
5464,2
5465,3
5466,1
5467,0
5468,3
5469,2
5470,0
5471,3
5472,1
5473,3
5474,1
5475,0
5476,1
5477,3
5478,0
5479,1
5480,2
5481,1
5482,1
5483,0
5484,4
5485,0
5486,4
5487,1
5488,2
5489,2
5490,2
5491,1
5492,1
5493,1
5494,4
5495,3
5496,1
5497,0
5498,1
5499,1
5500,3
5501,2
5502,3
5503,1
5504,1
5505,4
5506,1
5507,0
5508,4
5509,0
5510,4
5511,0
5512,0
5513,3
5514,0
5515,0
5516,0
5517,3
5518,2
5519,1
5520,2
5521,2
5522,2
5523,3
5524,3
5525,3
5526,1
5527,4
5528,2
5529,1
5530,3
5531,0
5532,1
5533,1
5534,3
5535,4
5536,4
5537,3
5538,2
5539,2
5540,2
5541,0
5542,2
5543,0
5544,0
5545,2
5546,3
5547,1
5548,1
5549,0
5550,1
5551,1
5552,1
5553,1
5554,3
5555,0
5556,0
5557,1
5558,1
5559,3
5560,1
5561,1
5562,1
5563,0
5564,4
5565,8
5566,1
5567,3
5568,0
5569,2
5570,3
5571,1
5572,0
5573,2
5574,2
5575,0
5576,1
5577,1
5578,2
5579,4
5580,3
5581,1
5582,2
5583,2
5584,0
5585,0
5586,3
5587,3
5588,3
5589,2
5590,1
5591,1
5592,0
5593,1
5594,2
5595,0
5596,3
5597,1
5598,1
5599,1
5600,3
5601,1
5602,1
5603,1
5604,1
5605,1
5606,3
5607,1
5608,2
5609,3
5610,3
5611,3
5612,1
5613,0
5614,2
5615,5
5616,4
5617,2
5618,1
5619,1
5620,2
5621,3
5622,5
5623,6
5624,1
5625,2
5626,0
5627,4
5628,5
5629,4
5630,1
5631,4
5632,4
5633,0
5634,1
5635,3
5636,1
5637,1
5638,4
5639,3
5640,4
5641,3
5642,0
5643,2
5644,0
5645,3
5646,0
5647,1
5648,0
5649,3
5650,1
5651,1
5652,3
5653,3
5654,0
5655,1
5656,3
5657,3
5658,3
5659,0
5660,2
5661,2
5662,1
5663,2
5664,5
5665,3
5666,3
5667,2
5668,2
5669,1
5670,0
5671,2
5672,0
5673,1
5674,1
5675,3
5676,2
5677,3
5678,1
5679,1
5680,1
5681,0
5682,2
5683,0
5684,1
5685,1
5686,3
5687,0
5688,1
5689,1
5690,2
5691,1
5692,3
5693,1
5694,3
5695,1
5696,2
5697,2
5698,2
5699,3
5700,0
5701,1
5702,2
5703,2
5704,2
5705,4
5706,0
5707,3
5708,0
5709,2
5710,1
5711,0
5712,2
5713,2
5714,2
5715,2
5716,5
5717,2
5718,3
5719,3
5720,0
5721,3
5722,2
5723,1
5724,6
5725,1
5726,3
5727,2
5728,1
5729,0
5730,3
5731,2
5732,3
5733,1
5734,1
5735,2
5736,0
5737,2
5738,5
5739,0
5740,2
5741,2
5742,3
5743,0
5744,3
5745,0
5746,2
5747,3
5748,1
5749,1
5750,0
5751,2
5752,1
5753,3
5754,2
5755,4
5756,0
5757,1
5758,3
5759,0
5760,3
5761,2
5762,2
5763,2
5764,2
5765,2
5766,3
5767,0
5768,3
5769,1
5770,2
5771,3
5772,3
5773,2
5774,2
5775,3
5776,2
5777,0
5778,6
5779,2
5780,1
5781,1
5782,3
5783,3
5784,1
5785,1
5786,1
5787,2
5788,2
5789,1
5790,3
5791,2
5792,4
5793,2
5794,2
5795,2
5796,1
5797,0
5798,1
5799,5
5800,1
5801,0
5802,4
5803,0
5804,2
5805,1
5806,2
5807,1
5808,2
5809,2
5810,1
5811,1
5812,1
5813,1
5814,1
5815,1
5816,0
5817,3
5818,3
5819,6
5820,0
5821,3
5822,2
5823,2
5824,1
5825,4
5826,1
5827,6
5828,0
5829,1
5830,2
5831,3
5832,2
5833,2
5834,1
5835,2
5836,4
5837,2
5838,0
5839,4
5840,3
5841,0
5842,3
5843,1
5844,1
5845,3
5846,1
5847,3
5848,0
5849,1
5850,6
5851,1
5852,2
5853,3
5854,2
5855,4
5856,3
5857,2
5858,2
5859,1
5860,1
5861,0
5862,0
5863,0
5864,1
5865,2
5866,1
5867,1
5868,1
5869,0
5870,2
5871,3
5872,2
5873,4
5874,3
5875,4
5876,3
5877,2
5878,0
5879,1
5880,3
5881,0
5882,0
5883,1
5884,3
5885,0
5886,2
5887,4
5888,2
5889,0
5890,3
5891,1
5892,1
5893,1
5894,3
5895,1
5896,3
5897,2
5898,2
5899,0
5900,1
5901,3
5902,1
5903,1
5904,5
5905,0
5906,3
5907,0
5908,3
5909,2
5910,1
5911,4
5912,1
5913,0
5914,1
5915,4
5916,1
5917,0
5918,5
5919,3
5920,0
5921,2
5922,2
5923,3
5924,3
5925,1
5926,1
5927,1
5928,0
5929,1
5930,0
5931,1
5932,1
5933,0
5934,3
5935,1
5936,1
5937,3
5938,1
5939,2
5940,1
5941,3
5942,0
5943,7
5944,3
5945,2
5946,0
5947,0
5948,1
5949,2
5950,0
5951,4
5952,1
5953,2
5954,5
5955,4
5956,3
5957,4
5958,1
5959,0
5960,4
5961,0
5962,3
5963,5
5964,1
5965,2
5966,3
5967,0
5968,4
5969,3
5970,1
5971,0
5972,1
5973,4
5974,2
5975,4
5976,1
5977,2
5978,3
5979,2
5980,3
5981,0
5982,5
5983,1
5984,1
5985,2
5986,0
5987,0
5988,1
5989,2
5990,2
5991,1
5992,2
5993,1
5994,3
5995,3
5996,2
5997,1
5998,3
5999,0
6000,1
6001,1
6002,2
6003,0
6004,0
6005,0
6006,0
6007,0
6008,4
6009,2
6010,2
6011,2
6012,0
6013,1
6014,3
6015,3
6016,4
6017,3
6018,0
6019,4
6020,4
6021,2
6022,0
6023,3
6024,3
6025,2
6026,1
6027,1
6028,2
6029,1
6030,1
6031,2
6032,3
6033,3
6034,1
6035,1
6036,2
6037,1
6038,1
6039,3
6040,1
6041,2
6042,2
6043,3
6044,1
6045,1
6046,2
6047,2
6048,1
6049,1
6050,1
6051,2
6052,0
6053,1
6054,2
6055,0
6056,3
6057,3
6058,3
6059,1
6060,0
6061,0
6062,3
6063,3
6064,1
6065,2
6066,3
6067,1
6068,1
6069,1
6070,2
6071,1
6072,1
6073,0
6074,2
6075,3
6076,3
6077,1
6078,3
6079,3
6080,0
6081,1
6082,1
6083,2
6084,1
6085,3
6086,5
6087,5
6088,0
6089,1
6090,3
6091,0
6092,2
6093,1
6094,2
6095,5
6096,0
6097,3
6098,2
6099,2
6100,0
6101,2
6102,4
6103,4
6104,3
6105,0
6106,2
6107,2
6108,6
6109,1
6110,1
6111,0
6112,2
6113,2
6114,4
6115,1
6116,2
6117,1
6118,4
6119,2
6120,4
6121,0
6122,1
6123,1
6124,0
6125,3
6126,3
6127,3
6128,2
6129,3
6130,2
6131,0
6132,1
6133,1
6134,1
6135,0
6136,2
6137,3
6138,0
6139,1
6140,0
6141,1
6142,2
6143,0
6144,2
6145,2
6146,0
6147,3
6148,1
6149,1
6150,2
6151,0
6152,1
6153,1
6154,2
6155,2
6156,1
6157,1
6158,1
6159,1
6160,2
6161,1
6162,1
6163,2
6164,5
6165,2
6166,2
6167,1
6168,0
6169,1
6170,2
6171,2
6172,1
6173,2
6174,3
6175,1
6176,0
6177,2
6178,2
6179,2
6180,1
6181,0
6182,0
6183,0
6184,1
6185,4
6186,5
6187,0
6188,3
6189,2
6190,1
6191,3
6192,1
6193,0
6194,1
6195,0
6196,2
6197,2
6198,4
6199,3
6200,1
6201,3
6202,0
6203,1
6204,0
6205,2
6206,2
6207,2
6208,1
6209,3
6210,2
6211,1
6212,0
6213,1
6214,2
6215,0
6216,2
6217,0
6218,2
6219,2
6220,2
6221,2
6222,4
6223,2
6224,0
6225,0
6226,2
6227,3
6228,4
6229,4
6230,3
6231,2
6232,1
6233,4
6234,3
6235,3
6236,0
6237,2
6238,4
6239,5
6240,2
6241,0
6242,1
6243,2
6244,6
6245,2
6246,3
6247,1
6248,3
6249,3
6250,3
6251,4
6252,0
6253,0
6254,1
6255,2
6256,4
6257,1
6258,2
6259,4
6260,1
6261,2
6262,4
6263,4
6264,1
6265,6
6266,2
6267,1
6268,1
6269,1
6270,6
6271,2
6272,2
6273,1
6274,3
6275,2
6276,2
6277,4
6278,4
6279,3
6280,3
6281,2
6282,1
6283,1
6284,2
6285,0
6286,1
6287,0
6288,3
6289,4
6290,1
6291,4
6292,2
6293,2
6294,3
6295,2
6296,3
6297,1
6298,3
6299,0
6300,2
6301,2
6302,0
6303,2
6304,3
6305,2
6306,1
6307,3
6308,0
6309,4
6310,5
6311,3
6312,2
6313,0
6314,0
6315,1
6316,1
6317,3
6318,1
6319,2
6320,2
6321,2
6322,3
6323,1
6324,2
6325,1
6326,1
6327,3
6328,1
6329,1
6330,1
6331,4
6332,2
6333,0
6334,1
6335,2
6336,1
6337,1
6338,2
6339,1
6340,2
6341,3
6342,3
6343,4
6344,3
6345,3
6346,0
6347,5
6348,1
6349,1
6350,0
6351,2
6352,3
6353,2
6354,3
6355,1
6356,1
6357,2
6358,2
6359,2
6360,2
6361,0
6362,4
6363,1
6364,1
6365,2
6366,3
6367,1
6368,2
6369,3
6370,2
6371,1
6372,2
6373,2
6374,1
6375,1
6376,3
6377,1
6378,1
6379,2
6380,1
6381,3
6382,4
6383,3
6384,2
6385,3
6386,2
6387,1
6388,4
6389,2
6390,1
6391,3
6392,2
6393,1
6394,3
6395,2
6396,2
6397,3
6398,2
6399,2
6400,3
6401,2
6402,2
6403,0
6404,2
6405,2
6406,1
6407,1
6408,0
6409,1
6410,1
6411,2
6412,2
6413,1
6414,0
6415,4
6416,4
6417,2
6418,0
6419,2
6420,4
6421,0
6422,2
6423,0
6424,2
6425,4
6426,1
6427,1
6428,3
6429,1
6430,4
6431,2
6432,2
6433,4
6434,1
6435,2
6436,2
6437,3
6438,0
6439,4
6440,2
6441,0
6442,1
6443,6
6444,1
6445,4
6446,2
6447,5
6448,0
6449,3
6450,3
6451,3
6452,3
6453,1
6454,2
6455,4
6456,4
6457,0
6458,2
6459,0
6460,1
6461,3
6462,4
6463,1
6464,2
6465,2
6466,1
6467,0
6468,1
6469,3
6470,3
6471,3
6472,5
6473,1
6474,1
6475,3
6476,4
6477,3
6478,1
6479,2
6480,3
6481,3
6482,0
6483,3
6484,1
6485,2
6486,0
6487,1
6488,4
6489,2
6490,0
6491,4
6492,3
6493,0
6494,1
6495,3
6496,2
6497,6
6498,3
6499,1
6500,1
6501,1
6502,2
6503,0
6504,3
6505,0
6506,2
6507,1
6508,1
6509,0
6510,1
6511,3
6512,2
6513,4
6514,1
6515,2
6516,4
6517,3
6518,0
6519,1
6520,2
6521,3
6522,1
6523,3
6524,2
6525,2
6526,1
6527,0
6528,0
6529,0
6530,2
6531,0
6532,3
6533,3
6534,1
6535,1
6536,1
6537,1
6538,0
6539,5
6540,1
6541,3
6542,1
6543,1
6544,3
6545,2
6546,1
6547,0
6548,2
6549,6
6550,0
6551,3
6552,2
6553,0
6554,0
6555,2
6556,4
6557,2
6558,2
6559,3
6560,4
6561,3
6562,3
6563,0
6564,1
6565,0
6566,2
6567,0
6568,4
6569,3
6570,1
6571,2
6572,1
6573,4
6574,1
6575,0
6576,2
6577,6
6578,1
6579,2
6580,2
6581,2
6582,2
6583,3
6584,1
6585,2
6586,2
6587,5
6588,0
6589,4
6590,2
6591,1
6592,1
6593,1
6594,4
6595,2
6596,6
6597,2
6598,3
6599,1
6600,3
6601,0
6602,3
6603,2
6604,1
6605,2
6606,1
6607,4
6608,2
6609,1
6610,1
6611,2
6612,1
6613,2
6614,2
6615,3
6616,2
6617,2
6618,0
6619,3
6620,2
6621,1
6622,4
6623,3
6624,0
6625,2
6626,1
6627,1
6628,1
6629,0
6630,1
6631,0
6632,4
6633,1
6634,4
6635,0
6636,2
6637,5
6638,3
6639,4
6640,4
6641,0
6642,1
6643,2
6644,2
6645,1
6646,1
6647,1
6648,3
6649,2
6650,3
6651,1
