6062862,2
554735,0
6060114,2
6087808,0
4531468,2
4433566,2
4424327,2
774620,1
3364887,2
3520187,2
4766814,2
6085668,2
3517938,2
561702,0
6085067,2
3369247,2
6091803,2
3368333,2
3357948,0
3727488,2
6022712,2
462518,1
3502785,0
6231094,0
4609475,1
2535181,2
3529132,1
3520173,2
3688,1
3520174,2
6065895,2
4569172,2
4722252,2
6065899,0
460601,0
766145,0
1137118,1
3379053,2
3517735,2
3517731,2
3517730,1
3379028,2
3364951,2
4742441,2
479366,0
3364954,2
3515591,0
3517283,1
3517282,0
6086997,2
3517288,2
3380120,2
3380124,2
4704587,2
3512381,0
759774,1
3379058,2
4424811,2
4568832,2
704704,0
6075118,2
773654,1
3520777,2
5538393,0
6064949,2
3517609,2
6099657,0
3370908,2
3368117,2
3517600,2
3517603,2
3517602,1
6070982,2
3517607,2
6027447,0
17032,0
6099728,2
6069692,2
6099720,2
3366335,2
3517191,0
3952898,2
6096855,2
772630,0
6101015,2
3375254,2
3520602,2
3520601,2
3520600,2
6066566,2
772638,1
6079911,2
6079917,3
5101511,2
3520609,2
613520,0
6095551,1
3517514,1
3517517,2
3517516,2
3371777,2
4440468,1
3517513,2
3371774,1
900261,0
6057550,1
6075027,2
3517518,2
3518640,2
3518641,2
3518866,2
717691,0
3518644,2
3518645,2
3518647,2
3518648,2
3518649,2
6091655,0
3518868,2
4398478,2
6057155,2
6093332,2
775763,1
775761,1
775766,1
775525,2
3520409,2
6067791,2
4741450,0
6057936,2
3379740,0
6092298,2
6091259,2
5774245,2
4891840,2
773836,0
3514430,0
773830,1
5752334,2
3375892,2
6101659,2
5423595,2
3371592,2
3519601,2
3519600,2
6078419,2
3519604,2
3367850,2
768292,0
6084833,1
3361428,2
719977,4
4434227,2
3517865,3
6092124,2
3517867,0
3517866,2
3517860,1
3517863,0
3517862,2
6066174,2
4468494,2
3517869,0
3518263,2
5709073,0
6076645,2
775667,2
6053817,2
4434648,2
775664,2
3502923,0
775368,1
775369,1
775366,1
6074880,1
775365,0
6042488,2
6054687,2
775185,1
775661,2
3376120,2
4350184,2
775660,1
6062450,2
4412291,2
564143,0
5354605,0
3519117,2
3519116,2
3519114,2
3519113,2
3519112,2
3519111,2
6205166,2
3518468,0
3518469,2
3362066,2
775554,3
6082065,2
6065092,3
3372932,2
6067579,2
3518464,2
4069447,0
950169,0
5882750,0
6096700,2
3519590,2
3519596,2
3373045,2
3519594,2
3377019,2
3519599,0
3519598,2
775507,3
775504,15
775505,0
607440,0
6078742,2
774101,0
4720166,2
6078931,2
6190031,3
291606,0
6069649,2
3377630,2
3518515,2
3519029,2
3519028,2
3518511,2
4604955,2
3518513,2
3519023,2
3519022,2
3519021,2
3518997,2
3518518,2
3519026,2
761578,1
3380466,2
6086180,2
774561,1
4480673,0
3520177,2
774171,0
3520176,2
3365367,2
6075931,2
774587,0
3373866,2
3378210,2
6075939,2
4636016,2
6087936,2
3378219,2
6065431,2
6090049,3
6078344,2
6088810,0
6081508,2
6015016,0
4479332,0
3362553,2
6024848,2
3520948,2
3520949,2
6074336,2
3520944,1
1105462,2
3520077,2
3520940,2
675962,1
3520942,2
3520540,2
6067803,2
3520542,0
3520543,1
4405268,2
1544163,2
6087832,2
3372138,0
4684352,2
6093249,0
6088250,2
6085692,2
1542501,0
6069677,2
6093087,3
3357972,0
3519472,2
6089742,2
3519271,2
7527,0
3361084,2
4437700,2
3518661,2
3365878,2
5455767,0
6081890,2
3364306,2
3364098,2
6084633,2
4431623,2
4639245,2
3377561,2
6087903,2
3381225,2
3520162,3
3520160,2
3520161,2
4590435,2
3517728,0
3517729,2
3518751,2
3517720,2
3369235,2
4386074,0
4393794,0
6094527,3
6090517,2
3517292,2
3517293,2
6093865,2
3517296,2
3517294,2
3749,0
4630351,2
3517299,1
3518759,2
6056035,2
222793,0
19969,0
6088917,3
6056852,1
3518434,3
3520905,2
3517616,2
3517615,2
6089585,2
6090447,2
3520760,0
3520761,1
773641,1
3520763,2
773130,1
6012401,0
3519373,2
6079296,2
3359187,2
6098484,2
618967,0
6090289,2
3374936,2
2335464,2
775594,1
3446748,0
6056142,2
6090661,2
6099751,1
4600077,2
95786,0
3518617,3
4751961,2
3516906,0
6077358,2
56752,2
6091399,3
3517185,2
3517182,2
3516908,0
6063008,1
6076228,2
3517884,2
3375268,2
6076221,2
6079906,2
3517882,2
3517051,2
3517054,2
3517055,2
6090068,2
3517697,2
3517058,1
6085867,2
3375063,1
1794680,2
6057922,2
3518678,3
6070779,2
6091621,1
33446,11
4592218,0
613431,0
708396,0
6096935,2
775774,1
4686688,2
3518983,2
3336175,0
5464176,2
3518987,2
4736319,2
3518984,2
6086735,2
4619186,0
753603,0
2264865,2
618816,0
6061537,2
6062219,2
6072119,2
761589,1
654226,1
1405688,2
3519619,3
4575585,2
6093408,2
3518219,0
6167110,2
3517876,0
3520710,2
3517878,0
6093402,2
3380497,2
3518214,2
3918995,2
772776,2
735303,0
3380258,1
775173,0
3419400,0
3520886,2
3518187,2
6231473,1
3358878,1
6073881,2
3520224,2
3359781,2
6051647,2
3332501,2
4433316,2
3368692,1
775190,1
3960591,2
3377731,2
3517608,2
6087019,2
5216013,2
4751783,2
3518455,2
3372904,2
3520477,3
3519108,2
3518450,2
6076745,1
3518452,2
3519104,2
3520470,2
3519106,2
6077611,2
3519100,2
4665330,2
3519102,2
5057152,2
774827,2
3520473,1
6093362,2
746559,0
269233,0
4962413,2
3378771,2
3373500,2
3519583,3
3519584,2
775346,1
3519586,2
6083670,2
3519589,2
775513,0
775512,0
775515,0
775516,0
3519489,1
3377607,2
3821699,0
3518512,2
751014,0
6190047,2
6062739,2
3379752,2
26781,0
6092726,2
3519506,2
1606073,2
3519038,0
3519039,3
3518522,2
6086779,2
3518527,2
3518526,2
3518529,2
3518528,2
6293902,2
3519035,2
3519036,2
3519037,2
26426,4
751650,0
4289830,2
6076694,2
90217,0
3359325,0
3381323,2
6078158,2
4135583,0
6086794,2
6189669,2
6086790,2
3519957,2
3344734,0
6063486,2
3519484,2
3520328,2
3378206,1
40426,0
4568005,2
6081257,2
3521084,2
3521003,2
3362698,2
4989305,2
3519324,2
3519325,2
3519326,2
3519327,2
3519320,2
3379375,2
3519322,2
3519323,2
6065425,2
3519328,1
6012890,0
6092430,2
3520979,2
3520978,2
771457,0
775620,1
3517934,2
3520971,2
3520970,2
3520973,1
3520972,2
3520974,1
6086315,2
3520976,2
4571357,2
3520579,1
3520578,2
6086429,2
3520577,2
4566999,2
3520570,2
3520572,2
6068348,2
3379136,1
3519059,2
3520379,2
3520378,2
6068341,2
4139829,2
3485775,0
3374123,2
3518449,2
535827,0
6281922,2
2168842,0
5979315,2
4487217,2
3518339,2
6089389,2
741486,0
3507222,0
5999561,2
6097715,2
5771482,0
6087917,2
576716,0
6087912,2
3516599,0
5605010,1
5047504,1
3517816,2
6076033,2
3520118,2
6090675,2
3785394,1
6075625,1
1298261,2
6081884,2
5794878,2
4590401,2
3520289,2
6062998,2
6056204,2
6097573,2
23860,0
3520286,0
3520284,2
6068624,2
6093384,2
6213007,2
6067597,2
6070833,2
3374890,1
6088134,2
3517267,0
3517266,2
3517265,2
3376977,2
3517263,2
3374898,2
3517261,1
3517260,2
3520755,2
3520754,2
3520025,1
3520756,0
3520751,2
3520750,0
3520753,2
3520752,2
6068828,1
775282,1
3520759,0
3520758,2
736783,0
4433011,2
3371112,2
3517661,2
3520594,2
3520593,2
3520592,2
3520591,2
4508471,2
6065984,2
3520599,2
3520598,2
3517604,0
688071,0
4423226,2
3318612,0
746744,1
3363310,2
6053653,2
3519053,2
639807,0
3378252,2
3376813,2
3884818,0
6076211,2
4643435,2
3912300,2
2846476,2
6094952,2
3364446,2
6073874,0
4576356,2
3520621,2
3520620,1
6221440,2
3520622,1
6066506,2
6085858,2
141691,1
3517069,2
775441,1
6074538,2
69199,2
3517064,2
3517066,2
6090017,2
3517060,2
3517063,1
6074531,0
3517317,1
760516,1
3518668,2
3518669,2
3517313,2
3517311,0
3518662,2
3518663,2
3518844,2
4744773,0
3518666,2
3518667,2
3518664,2
3517318,2
3517085,1
775748,1
775749,1
3517080,2
137447,0
3380317,2
3367231,2
3517089,2
3517088,2
3518990,0
6086950,2
3518993,2
3518994,0
4567392,2
3518996,3
457463,0
6078885,2
4812929,2
6167547,2
6072472,2
3921631,0
3517511,1
6101408,2
3377592,2
3514982,0
6091860,2
4411540,2
3520449,2
4748455,2
774900,0
4576006,2
3517887,2
3517885,2
10502,1
3375852,2
4749101,2
3517881,2
3517880,4
3518198,2
3518199,2
297837,0
4628952,2
3373666,0
4390675,0
3517519,2
3518192,2
6070697,2
4480504,2
3518197,2
6073894,1
772164,2
775698,1
775699,3
609194,1
775692,1
775693,2
775690,2
775691,1
775696,2
775697,1
775694,2
775695,2
3376101,2
3519488,2
3376074,2
3519003,2
3519481,0
3519480,2
3519482,2
3519485,2
3519956,2
3519487,2
3519486,2
3518334,2
3518440,2
3518908,2
3518446,2
3518447,2
3518333,2
3519133,2
3519132,2
3519135,2
3519134,2
3519137,2
775524,1
3515302,0
775526,1
775527,1
3518680,3
775521,0
775522,2
775523,2
883149,0
775528,0
775529,4
303216,0
5660617,0
3376037,0
3367830,0
3373068,1
3376033,2
5344639,2
3367838,3
5572504,0
6085212,1
917333,2
6062721,3
6069330,2
3518642,2
1461632,2
3373318,2
3519557,2
3519004,2
3519554,3
3519001,2
3519552,3
3519551,2
569458,0
3519009,2
3519008,2
3519559,1
3518538,1
3518168,2
3518536,2
3518534,1
6093675,0
3518532,2
3518533,0
3518530,2
3518531,2
6059757,2
3361408,2
3366264,2
3518188,2
775239,1
6086167,2
4677706,2
6088308,2
3370984,2
750995,0
6088303,2
774011,0
6037577,0
775483,0
775834,2
584316,0
5035030,1
6085323,2
767883,1
3520966,2
3519310,2
3520964,2
3520965,2
4642384,2
3520963,2
3520960,2
4465652,2
4728006,2
4506898,2
611026,7
3520969,2
3362990,2
684864,4
3362999,2
28721,1
6086305,2
750663,1
6087069,2
3380225,2
4588785,2
2283077,2
4347826,2
3512804,0
6094545,2
4690374,2
774652,0
3520157,2
3365090,2
6100792,2
3519047,2
3360595,1
775125,0
3369292,2
3520155,2
2292059,2
6081239,2
3520154,2
6081231,2
3511040,0
6051784,2
772824,0
3360750,1
6081011,2
570864,0
3360573,2
6060011,2
6098221,2
3515259,0
775640,2
3520998,2
6095704,2
775643,1
6234284,0
3374080,2
3520105,2
4495389,2
6062989,2
4725827,2
6098685,2
6085142,0
6043845,0
3520291,0
6089871,2
3520293,2
4569742,2
3520297,2
3364928,2
774016,1
6079109,2
3516455,0
3516454,0
3520991,3
6098820,2
4742102,2
4719823,2
3517274,2
4567363,2
3517276,1
3517277,0
3517270,2
3517271,2
3517272,2
3517273,2
3520742,0
3520743,2
3520740,2
3520037,1
3520746,2
3520747,0
3520744,0
776258,1
3520748,2
3520749,1
3520039,1
6075128,0
13510,2
3520584,2
3520585,2
3380220,2
3517673,2
3520580,2
3517676,1
3371107,2
6064665,2
4895625,0
4639214,2
4554806,2
6098730,2
561699,0
3517650,2
3291019,3
5457469,2
773687,0
742747,0
5057220,2
3518681,2
3358412,1
3095318,0
6085535,2
6063067,2
6150584,1
6071015,2
5350033,2
6085846,2
773750,0
2073404,2
3520638,2
968051,0
6093186,2
3374669,2
3520632,2
3520633,2
6162040,2
6198859,2
773591,1
3517079,2
3106097,0
3517072,2
3371036,2
758632,1
3517076,2
3517074,2
3517075,2
773979,0
3519311,2
6057942,2
548110,18
4744983,2
6071384,2
772979,0
3518833,3
3518831,2
3518830,2
6054897,2
3517309,0
3518834,2
3517094,1
3517095,2
775759,1
3517097,2
3517091,2
3517093,2
3520962,2
6054595,2
3517099,2
3360806,2
3519317,2
3517864,3
6091281,2
5765058,2
3358521,2
6063113,2
4408136,1
609211,2
1872794,0
6075307,2
6065451,1
3518237,0
3368905,0
3372857,2
6072311,2
3518233,2
3518940,2
3519254,2
3368938,2
3518239,2
3518238,2
3518949,3
3416048,0
6057598,2
3517898,2
3517899,2
3517541,2
5764635,1
3517894,2
3517895,1
3517896,2
3517897,2
3517891,2
3517893,2
4619211,3
775355,4
2373060,0
6067616,2
6149043,2
157646,0
3517868,2
775689,2
90724,0
6091606,2
1918527,0
6093432,2
6096554,2
775680,1
775683,2
775682,2
775685,2
6096883,2
775687,1
775686,1
3519126,2
3519127,2
3519124,2
3519125,2
3519122,2
3519123,1
3519120,2
3519129,2
3518301,1
3518303,2
3518302,2
3518305,2
3518304,1
3518307,2
3518308,2
2075337,0
6061293,2
775533,2
775532,1
775531,2
775530,1
775537,2
775536,1
3367556,2
775534,1
691567,0
775538,2
768807,0
3763456,3
3517907,2
3367799,2
6068818,0
1761681,2
737383,0
20302,4
571921,0
3519544,2
3519013,2
3519546,2
3519547,2
3519540,2
219581,2
748909,1
3519018,2
3519019,2
3519549,2
3371094,2
841968,0
3518548,2
5994394,0
3518542,2
759483,0
3518540,2
3518547,1
3518546,2
5015903,3
4750854,2
3519497,2
3519494,2
3519495,2
3519493,2
3519490,2
690147,4
3519075,2
3519498,2
6068102,2
6075493,2
3370993,2
774063,1
4611419,2
6033804,0
6070323,2
6069760,0
3369192,2
4407981,2
3377570,2
3377576,3
3378221,2
3520913,2
4716313,1
3520916,2
3519308,2
3520914,2
3519306,2
3519307,2
3519304,1
3520918,2
3519302,2
3519300,2
3519301,2
5988582,2
6091836,2
6061574,0
6088202,2
6092100,2
6086443,2
3347175,0
769991,1
774668,0
5360704,0
6057266,2
3518656,1
6096148,2
3444570,0
3305530,0
4636443,2
4453598,2
6093271,2
552187,0
4592806,2
773991,0
6070037,0
775181,1
6070032,2
23393,0
6060719,2
3519071,1
3520829,2
3520828,1
3520827,2
3520826,2
3520825,2
3520824,2
3520823,2
3520822,2
3520821,1
3520820,2
3360564,2
3520134,2
3520131,2
3520130,2
3520132,0
3364044,2
3520139,2
3520138,2
31953,2
2454923,2
6095730,2
740288,0
673184,0
544966,1
1497286,2
6063445,1
96429,0
6089867,2
6060625,2
4410636,1
3515310,0
4082118,2
3517152,2
4424674,2
3517249,2
3517248,0
3517799,2
3363481,2
6070264,2
3374879,0
6120853,2
3517792,2
3517243,2
3517790,2
3517245,0
3517796,2
3517247,2
3517794,3
3520001,2
3519500,2
3520003,2
3520002,2
6098697,2
3520009,3
6075159,2
6086234,2
3517649,2
4493543,2
72485,0
4778412,2
3518583,2
6095602,2
3517641,2
3517640,2
4627866,2
1,2
396612,1
3524900,2
6093291,2
3520467,2
4654480,2
4464821,3
3519147,2
6099166,2
2840015,2
6077363,2
2069953,3
3517323,2
5341609,2
3768332,2
3374980,2
1495010,2
6090035,2
3520649,2
3520648,1
3379258,2
6085834,2
3520647,1
6043711,0
3375058,2
6064879,2
6056554,2
3519691,0
3518462,2
3371006,2
3517331,2
773787,1
3517332,0
3517335,2
3517337,2
3517336,0
772965,0
3518821,1
6057205,2
3518825,2
3518826,1
3518465,2
3371790,2
6084303,2
3379780,0
3360815,2
6079868,2
6096419,2
772566,3
6079863,2
775630,5
1542703,2
3517308,2
6086936,3
775632,2
6153014,1
6082460,2
6000842,2
2107230,2
3372661,0
3518224,0
6100184,2
6054319,2
3514214,0
1151587,2
3380202,0
3363117,2
5926673,2
3363112,2
3504143,0
6050321,0
3380208,2
775500,1
3358337,2
6086842,2
6084946,1
5785862,2
775328,1
3725155,2
775684,1
3519981,2
773416,0
6072254,2
6091347,1
4287790,2
6102500,2
3367526,2
3518845,2
4121659,2
6096566,2
3519152,2
3519151,0
3437895,1
3519154,1
3367961,2
3519576,2
6078522,2
724595,0
4591611,2
774813,1
3518318,2
3368808,0
3518316,2
3518317,2
3518314,2
3518315,2
774818,0
751931,0
3517936,2
6092075,2
6087300,2
3517932,0
6070787,2
3517930,1
6066647,0
3519712,2
3517939,2
6057998,2
195114,1
3505607,0
3367769,2
3521025,2
736598,0
775037,1
3367817,2
3367764,2
3359114,2
3373704,3
4660454,2
1596713,0
3504553,0
3373334,2
774255,0
6078780,2
1596719,0
4615890,2
2014038,0
774513,0
3519571,1
3519570,1
3519573,1
698385,0
3519575,2
3519574,2
3519577,2
768231,0
3519579,2
3519578,2
6055045,2
663106,0
3518558,2
3518559,2
685377,1
3518550,2
605014,0
3518552,2
3518553,2
3518554,2
3518555,2
3518556,2
6086149,2
775258,3
3519976,3
3520145,2
774329,2
775251,0
1662154,2
4448800,2
3369716,2
6089457,2
887461,2
4052901,2
3368962,2
774077,2
6057831,1
6093565,2
6178166,2
6069777,2
1625220,2
6069771,2
3520900,2
3867987,2
3520902,2
3520904,2
492242,0
6086324,2
6116265,2
3519371,2
3518966,2
1880748,2
3379817,2
751025,0
3366969,2
6060342,2
6081002,2
774491,0
3367618,2
72455,0
3520342,2
3520340,2
6088217,0
3519711,2
4479391,2
968826,0
3518516,2
6091917,2
6082913,2
3518517,2
1384708,1
774470,1
3372293,2
775131,1
4684460,2
761146,1
6088239,2
3370946,2
6086827,3
3519204,2
3519203,3
6054572,2
5938112,2
740724,1
6093042,2
552172,0
3519209,2
552171,0
189701,0
6092880,2
3903618,0
3629929,2
659633,3
3517750,2
3520122,2
3520123,2
3360553,2
6162203,0
6065054,2
3359665,2
3520124,2
1059360,0
6081070,2
3517314,2
3519292,2
6093659,2
3516850,0
761031,0
761030,0
3110,0
6085169,2
6051652,2
5029353,2
6074141,2
6088180,2
6068703,2
24639,0
747703,0
6052243,0
3370828,2
3515309,0
633930,2
4339687,1
3364278,2
3516879,0
4008635,2
3380194,2
3517780,2
3517782,2
3517783,2
3517784,2
5046827,2
3517786,2
3517787,2
372118,6
6074446,0
3379318,2
3520018,0
1524976,2
3520016,0
3520017,2
3520015,2
3520013,3
3520011,0
2939921,0
6087898,2
3363876,2
3520035,1
334466,1
3517653,2
3363879,0
3517657,2
3517654,1
3517655,2
6079015,1
6110507,1
6088698,0
3502638,0
4682307,2
3520990,2
773111,1
3520745,1
3520027,2
3360954,2
6085556,2
448248,0
3141285,1
2696704,0
6090026,2
3520650,2
3520653,3
5334318,0
3518817,3
3520656,2
6069980,2
3517257,0
3517254,2
3517252,2
4649581,2
4405680,2
3517251,2
3374515,2
3365638,3
3517850,2
4749088,2
3517258,2
3517259,2
4655570,2
3520316,2
4476280,1
3517327,1
3517324,2
3517325,2
6053228,2
6058821,2
4206930,2
3371786,2
5632961,0
6086929,2
6197457,3
3516892,0
3520024,2
3517677,2
6073420,2
6076317,2
765514,0
108706,0
3512681,0
618582,0
6085485,1
773315,0
4679854,2
414906,0
3518963,2
773739,0
6066264,2
3518964,2
3518967,2
6031082,0
3520427,1
5809903,0
5272831,2
6053530,1
3371871,2
9710,0
4431759,2
3519145,2
4396008,2
3373652,2
6073116,3
3358619,2
6073684,1
3373655,0
3518815,1
6002015,2
6072240,2
3518811,3
3518810,2
3518813,2
3518812,2
199595,0
4916001,2
6072248,2
773958,0
773408,0
4205658,1
6084997,2
97845,0
3519144,2
4409889,2
3519146,2
6055127,2
519514,2
3519149,2
6078530,2
4467753,2
6248219,1
3518499,1
6092663,2
4479146,1
3518368,2
3517319,2
3518491,2
3518362,2
3518493,1
3518360,2
3518495,1
3518494,3
3519542,2
3517920,2
3517923,2
3518498,2
6092068,2
3377881,2
6093594,2
772046,1
3518711,1
18572,0
768828,1
6058562,2
6068832,2
133009,0
3520868,2
2113071,0
665434,1
6069366,2
3377317,2
665432,1
564606,0
3518561,2
3518560,2
6069169,2
3519569,2
3519566,1
3519567,0
3519564,3
2773030,2
3519561,2
3518767,2
3518766,2
3518765,2
3518764,2
3518760,2
3317587,0
6101002,2
3518769,2
3519962,2
3094538,2
6062173,2
3377952,2
3519966,0
3519967,2
5915823,0
667593,0
520783,2
775245,1
6081818,2
775247,0
633,0
496663,0
6052274,2
6092109,2
6065462,2
6081804,1
6078647,1
6082033,2
6097114,0
4690541,2
775804,1
3520946,2
775718,3
3519368,2
3519369,2
3520939,2
3581665,2
6089598,1
3520934,2
3520937,2
2884110,0
3520931,2
6080014,1
3520933,2
3520932,2
512329,1
6089063,2
4886953,2
6086045,2
6061600,1
3520333,2
3360681,2
3520331,2
3520330,2
3520336,2
3520335,2
6086660,2
1451791,0
3520339,2
3520338,2
3517929,2
6069015,2
6055476,2
27023,0
1584862,2
4583214,2
774350,0
6050983,0
6096994,0
3519210,2
3518397,2
6075566,2
5818012,0
3497411,0
6081481,2
3520801,2
3520800,1
3520803,2
6086592,2
6092873,2
3520804,0
6100900,2
341783,1
3520489,2
3520481,2
3520480,2
3364067,2
3520482,3
3520248,2
3520733,2
3518490,2
117064,0
321,3
6091977,2
3516467,0
6091973,2
3360495,2
3381128,2
775389,1
696390,2
493188,0
405661,1
3519445,2
3516868,0
4725611,2
6096120,2
3519447,2
3520895,2
3520798,2
3379309,3
4408322,0
3518492,2
3520791,3
3520790,2
3520793,2
3520792,2
3520067,2
3520796,0
3520989,2
3518744,2
755207,0
6053062,2
6087880,2
3519442,1
3517078,2
6087886,0
6074548,2
4688158,2
417358,1
56253,0
3360383,2
3517682,1
3517684,2
3517686,3
3517137,2
4396358,2
3519286,2
3520153,1
6079201,2
3517070,2
4512625,2
5864504,3
6064810,2
3520466,2
3520465,2
3520463,2
3520462,2
3375036,2
3520460,2
3520469,2
3520468,2
3517223,2
3517220,2
3517227,2
6098144,2
6090345,2
6057764,2
3363737,2
3518563,2
4573306,2
3517352,2
5806095,1
3518562,2
6101092,2
6057224,2
6076324,2
6063147,2
3363176,2
775624,1
3378794,2
3519565,2
6063380,3
3517303,2
773329,13
3371669,2
3519556,2
6065920,2
6057354,2
3375494,2
6090692,2
6090165,2
6062299,1
3518798,1
6093459,2
3520416,2
466029,0
773975,1
3518974,0
3518972,2
3518973,2
3518970,2
3518971,2
1932,2
3518158,2
775499,0
3518154,2
775495,1
775496,2
3518157,2
4131477,2
3380222,2
4759228,2
6096500,2
3379280,2
775658,2
775659,3
775656,1
6083243,2
775654,2
775655,1
775652,2
775653,2
775650,3
775651,2
3518802,2
3518803,1
3518800,2
775758,1
3358196,2
3518807,2
3518804,1
1967049,2
6091364,2
3518809,2
3517883,2
768722,4
3518486,2
3518487,2
6059489,0
6091417,2
3518482,2
3518483,2
3518480,2
769985,1
775615,1
3519171,1
6071155,2
3518488,2
3518489,2
3518379,2
774879,1
28541,0
4395938,1
4605912,2
3517912,2
6082209,1
3517914,2
3517917,2
3517916,2
3517919,2
3517918,2
1356864,2
6059800,2
3519961,2
3372088,2
4238411,2
6059570,2
5812661,2
6062769,2
665428,0
6106042,3
3055261,2
6062761,2
3377303,2
6062764,2
3504026,0
775568,1
2388766,2
3518577,2
3518574,2
3519513,2
3519512,2
3519511,2
3519510,2
3519517,2
775243,1
5152430,2
5985693,0
6086122,2
3519688,2
3518770,2
4531564,2
3519683,3
758815,1
6070479,3
775476,0
3358527,2
6082122,2
3377948,2
3519998,2
775740,1
470396,0
6088547,2
3519992,2
775478,2
775479,0
6085360,0
771770,1
3521037,2
6065887,2
6052266,1
6323250,2
3362378,2
3519427,2
3519354,2
3519425,2
3519351,2
3519353,2
3519352,2
3360808,2
6070316,2
3519429,2
3519428,2
3520928,2
3520929,2
3519193,2
4749212,2
4628127,2
3520922,2
3520923,2
3520920,2
3520921,2
3520926,2
3520927,2
3520924,2
3520925,2
6086058,2
6087051,2
1748316,2
6089053,2
3520320,2
3520322,2
3520323,2
6086670,2
3520325,2
3520326,2
3520327,2
4513277,3
3520329,2
4433996,2
1418883,0
6093022,2
6069006,2
6085600,2
4564180,2
6050993,0
6033706,0
6093028,0
403488,0
3520816,3
3520814,2
3520815,2
3520812,0
3520813,2
3520810,2
3519229,2
3519228,2
6081277,2
6081902,2
27699,0
3520819,2
6077591,2
1434494,0
4684796,2
924329,2
6086270,1
734443,0
3366658,0
6111100,1
3520498,1
3520499,2
3519289,2
3520492,2
3520493,2
3520490,2
3520491,2
3520496,2
3520497,1
3520495,2
1197909,2
3518236,0
6094699,2
3369074,1
3520254,2
3518231,2
6052048,2
3520253,2
6085108,2
774330,0
747364,0
1565,0
3518232,2
6074164,2
1685924,2
6054336,2
3364101,2
6060612,2
760835,1
714588,0
6093397,2
38952,1
6061553,2
3837543,2
6079673,1
741389,0
1413655,2
3520079,2
3520071,2
3520074,2
3520075,2
773154,1
6085616,2
775559,3
3721150,2
3818258,2
6052137,2
3363857,2
3374337,2
4577493,2
354762,0
6081055,2
3519360,2
6050976,0
3369232,0
4747225,2
48298,0
8630,1
6097258,2
1726020,0
3517950,2
3520936,2
493424,0
3517698,2
3517696,2
4405795,2
3517695,2
3517692,2
3517290,2
3520930,2
3379203,2
3518818,2
6387,0
3379200,2
518185,0
3519366,2
4641260,2
6079215,2
4656885,2
6087982,0
6085778,2
3520471,2
3520472,2
3371077,2
3374823,2
6099286,1
3520479,2
6315635,2
3517232,2
3517233,2
787246,2
4735936,2
3517239,2
5313594,2
739152,4
3363702,2
6063272,2
3517346,2
6082469,2
6076330,2
6066913,1
636015,0
5370717,0
775581,1
5821387,2
773331,1
773882,0
3380153,2
735243,0
775729,1
3380159,2
4447742,2
3373678,2
6051823,2
5970470,0
6065931,2
4539517,2
6065938,2
689312,5
4493888,2
6101377,2
6091796,2
3518909,2
3368949,2
4017565,2
3518903,2
3368943,2
6051773,2
5925031,1
3518904,2
3518169,2
1106442,2
3363149,2
671775,0
3518161,2
3518160,2
3518163,0
6218169,2
775486,1
3518167,2
3519318,2
3358329,1
775649,1
775648,1
775688,2
775645,2
775644,1
775647,2
775646,2
775641,2
4542502,2
775315,0
775642,2
6085594,1
3520232,2
3359770,2
4411028,2
6090778,2
359970,1
4482510,2
3520152,2
1118247,0
3519168,2
3519169,2
3518341,2
3358381,1
6091426,2
3519162,2
1186150,2
564138,0
6073177,2
6062285,2
3519165,3
775681,2
3379707,0
3520891,2
3489423,0
3520444,2
3517908,2
3517909,2
3517906,2
3358325,1
3517904,2
3517902,2
3517903,0
3517900,2
775008,0
6067370,2
3376372,2
723697,0
4467172,2
3520762,2
769880,0
6083395,2
4646784,2
273504,0
3519508,2
3519509,2
4425294,2
1153703,2
3518589,2
3518588,2
4716513,0
3519501,2
6069142,2
6069497,2
3519505,2
6074905,2
3519507,2
3518740,1
3518743,2
774762,0
3518745,2
5945502,1
3518747,2
3518749,2
3518748,2
3519692,2
6076632,2
775464,0
3377938,2
3519988,2
775463,0
3519084,2
278186,34
757316,0
3519986,1
775469,1
3362141,2
3519982,2
3519983,2
209682,2
3521028,2
6075989,2
6219564,2
6070018,1
3361140,2
3521026,2
3521027,2
6069729,2
6072456,2
6059031,2
3519342,2
3519343,2
3519340,2
3519437,2
6077456,2
3519345,2
3519348,2
3519349,2
3519439,2
769308,1
3519186,2
3519187,2
4428583,2
462044,0
764114,0
3365841,2
764110,0
3362706,2
6051682,2
3518164,1
6062750,2
6068709,2
774208,1
6089041,2
3370822,2
6052637,2
3520319,2
3520318,2
3520315,1
3520314,3
2853028,2
6069032,1
381004,0
3519139,2
6011040,0
185345,0
289552,0
6075508,2
6086244,2
3520860,2
22,0
6081915,2
3519235,2
6092525,3
3519230,1
3519231,2
3518166,2
6112314,1
775487,0
3519641,2
6289082,2
6060445,2
4573361,2
6088551,2
6088557,2
6100704,2
4437776,2
6086615,2
6308990,2
3520268,2
6088393,2
206890,0
6062974,1
6091951,2
3520802,2
775535,2
3519291,2
6070106,2
3517826,1
6070102,2
3364545,2
3369139,2
3517149,2
4592990,0
3369130,2
3365991,3
6086483,2
775539,2
3369136,2
3520045,2
3520044,2
3520047,2
3520046,2
6051574,0
3515534,0
731614,0
3520527,1
531141,0
6088170,0
3517187,2
749147,0
457027,6
6079445,2
3519295,2
6085606,2
3554994,2
6063575,2
3517183,2
1569844,2
3515992,0
775596,2
775439,0
3360817,2
4655373,2
6081738,2
1038303,0
3519397,2
6252377,5
3374493,0
63626,0
6073632,2
775675,2
6079222,2
3517111,2
3517110,2
3517115,2
3517116,1
4704454,2
3520081,2
5022793,2
3520687,0
3520681,2
737514,0
2786437,0
2383794,2
6084644,0
3517599,2
3517598,2
3520446,2
3517595,0
3517594,2
3517597,2
3517596,2
3517591,2
3517590,2
3517593,2
3517592,2
3519140,2
761087,0
4678603,2
3517209,2
3517758,2
3517757,2
3517756,2
3517755,2
3374838,2
6090365,2
57743,0
4608154,2
4722953,2
3517577,2
3518008,2
3518009,2
5893088,2
118131,0
3363710,2
5764579,2
4316465,0
6151937,2
6057216,2
6073903,2
3372148,2
5791720,2
6024322,0
132102,1
690453,0
6091762,2
748178,0
3483935,0
6088609,2
187,0
4522521,0
3518176,2
3518177,2
3518174,2
3518175,2
3518173,2
3518170,2
3518910,2
3518911,2
3517057,1
6057819,1
6091789,2
6081795,2
4749769,2
3517625,2
4605738,1
6057398,2
3363153,1
5104,43
4799358,0
775679,5
6075033,1
3384062,2
3519398,2
775670,2
775671,2
775672,2
775673,2
775674,4
6086806,2
3798037,0
775677,1
772690,2
772925,1
3941521,2
85690,0
6268746,2
6069719,1
6091784,2
809232,2
4373086,3
4500618,2
3518358,2
3519543,2
4744646,2
775582,1
775583,2
775580,1
10476,4
775586,2
775587,2
775584,2
775585,2
4726198,1
775588,1
775589,2
775072,1
4657305,0
6083605,2
6062560,2
6059822,2
3379725,0
5217206,0
3519465,0
6051761,2
6108373,1
679358,1
3518677,2
2383209,0
6069156,1
3373576,0
3519537,2
3519536,2
3519531,2
3519530,2
3519533,2
3519532,2
3369159,2
3519539,2
3519538,2
3366412,2
3518673,2
3518594,2
6074911,2
6102749,2
6070294,2
3518591,2
6054060,1
3518593,2
3101892,2
3518758,2
3517800,0
3518756,2
3518757,2
3518754,2
3518753,2
3518750,1
3517808,0
775450,0
6067469,2
6100994,0
775453,0
775454,0
6086019,2
6058395,1
775105,0
774985,1
3518541,2
775101,1
6069733,2
3362352,2
3362357,2
3521011,2
3521010,2
3521012,2
3521015,2
3521017,2
3521016,2
1596685,2
3516869,0
154966,0
3518442,2
3521253,2
744523,0
3519496,2
6060528,2
3365872,2
106788,1
4438824,2
3450037,0
6082552,2
6062744,2
774216,0
3370815,2
3370817,2
746628,0
775678,2
6068046,3
729332,0
6054962,2
4607392,2
3520301,2
3520307,1
6070060,2
5754,1
6058079,2
4704489,2
774437,1
6076636,2
3519249,1
3520873,0
337821,0
3520876,0
3520877,2
3520878,0
3367077,1
3519247,1
3520146,2
3360733,2
4607465,2
6081459,2
3361155,2
6061453,2
6087015,2
772458,1
747296,1
3520507,2
775611,2
6077866,2
3520276,2
3377472,2
4401187,2
3520275,1
3520414,2
6100718,2
3520271,2
6079838,2
3520415,1
6100710,2
3340910,0
5237284,2
774724,1
774727,0
6088386,2
775676,2
561701,0
561700,0
3520500,2
3374220,2
6061821,2
774729,0
3520061,2
3361180,2
772518,1
5241672,2
3520060,2
6091946,2
3520795,2
6098157,0
6093317,2
4741764,2
3520980,2
730174,0
3520981,2
6060670,2
3373942,2
4761090,2
3520051,2
3520056,2
3520057,2
3520054,2
3520055,2
3520058,2
3520059,2
3521341,2
3335480,0
6067867,0
6089962,2
5929848,0
3520987,2
373714,1
3364383,2
3518618,2
3519264,1
3518445,1
2832252,1
4589569,2
6098551,2
755546,0
5989020,2
1004900,2
3372755,2
6056437,2
6092933,1
3517062,2
3520698,2
3520694,2
3520695,2
3520697,2
3518357,2
3517588,1
6051166,0
3520458,1
6090371,2
3520456,2
4401732,2
3517580,2
4599188,0
3520452,2
6069834,2
3520450,2
3520451,2
3517219,2
3517749,2
573018,0
3517745,2
3517210,2
3517211,2
6206686,2
3517214,1
1078598,0
3517564,2
17440,1
6262993,0
3517567,2
3517560,2
3517562,2
3517563,2
6078406,2
6090555,2
759889,1
3815921,2
4509714,2
1262464,2
6092797,2
771919,1
4426943,2
36255,3
3519309,2
5232345,2
6071156,0
3517104,2
3517105,2
3517103,2
3517100,2
3517101,2
586121,0
6065912,2
6065442,1
6074439,2
3517109,2
773845,1
3519305,2
6139172,3
3519473,2
3517240,2
128028,0
6005628,2
4704679,3
775666,1
775665,2
349599,1
775663,2
6065446,2
1604900,0
6058494,1
6086875,2
6084249,2
21317,0
775669,2
775668,1
6086818,2
5933720,2
3517879,3
3379400,2
3375199,1
313121,1
6060035,1
4461847,2
3517689,2
4559134,3
6057254,2
6093499,2
4141601,2
3358491,2
3519272,2
3368855,1
6065009,2
6051624,0
3518189,2
4448566,0
4653495,2
775591,1
775590,2
775593,2
775592,2
775595,2
6061935,2
775597,1
6068583,3
775599,2
775598,1
3144078,0
3518614,2
3518613,0
3518612,2
3518611,2
6082769,2
675501,0
711277,2
260012,0
4628815,2
3373748,1
3520741,2
3518298,2
6074232,2
3518181,2
6072485,2
6069121,2
3376098,2
3519527,2
6058231,2
3519525,2
6073029,2
3696605,0
6069128,2
6108357,2
6084868,2
6082490,2
3520213,2
6101820,2
6081986,0
3517815,2
6061738,2
3517817,2
3517810,2
3520216,2
3517812,2
4652816,1
3518721,2
775286,0
6076614,2
3518725,2
6054384,2
3358031,0
775449,0
775448,0
775115,0
6078869,2
6087288,2
757372,2
3367392,1
4412208,2
3367935,2
633837,0
2178135,0
775711,2
4768111,2
6085350,2
4506719,2
773663,0
3365863,2
4594834,2
6086399,2
3365868,2
3518437,2
3518435,2
6054494,2
3518433,2
3518432,2
3518431,1
3518430,2
6051641,2
3518439,2
3518438,1
774880,1
3517056,2
4514039,2
6083011,2
771619,0
3367643,2
3521020,2
4549547,2
6093376,2
3520999,2
6086628,2
774400,1
3521461,1
748950,1
3520993,2
3520992,2
6086621,2
1675431,2
3520997,2
6061203,2
3520995,2
3520403,2
6073017,2
6068297,1
6089088,2
6054141,2
533000,1
6093016,2
6069055,2
6081447,2
738201,0
730545,0
6307982,2
4629190,2
3519251,1
3360726,0
3517205,2
3519256,2
3519257,0
3521006,3
3362474,2
6089152,0
3368127,3
3521002,2
777624,1
3521000,2
3521001,2
6100439,2
6070855,2
3521008,2
3521009,2
3520202,2
3520201,2
3520209,2
3517224,2
6086538,2
6093305,2
3520412,2
6097777,1
6088374,2
3379086,2
6060645,2
6159344,2
6064173,2
3369114,1
6027164,0
3517207,2
6075411,2
3360582,2
3518456,2
957984,0
6100388,2
3377467,2
7420,2
770416,0
3518451,2
3518599,2
552188,0
6079427,2
3518453,2
6100162,2
3519101,3
3515552,0
766127,0
3518320,2
6081157,2
3520410,2
4506814,2
6062829,2
3518595,0
3520516,2
3520514,2
3520513,2
6087841,3
6088115,2
4413936,2
6091845,2
3519107,2
3520512,2
6091842,2
6085628,2
3379150,2
775662,1
3518459,2
6099320,2
6088280,2
6088287,2
6085620,2
4572219,0
3520411,2
3520192,2
3520191,2
3520196,2
3520195,2
3520194,2
6097205,3
3364354,2
3507249,0
6066589,2
276959,0
3519341,3
6090093,2
6069825,2
6069822,2
12189,0
6085724,2
6076056,2
739396,2
6075083,2
3517802,2
6071527,2
3520429,2
6088592,1
4649747,2
6067212,2
5155474,0
3520420,2
6197150,2
3520426,2
3520425,2
669121,0
19227,0
3517778,2
3418083,0
3107845,2
398471,1
737173,0
4646709,2
3364281,2
3358512,2
3364285,2
3374761,1
4622272,2
3517553,2
3517552,2
6053703,2
3517557,2
6057064,2
88428,0
4431811,2
745036,0
5824026,0
6079888,0
6079559,2
3517809,2
1156062,3
775622,3
3517241,2
6092148,2
6066920,0
3520737,0
775519,1
1188294,2
3520734,2
753649,1
3520731,1
3519581,2
6054506,1
6087977,2
3519582,0
3520739,2
4748142,2
3517171,2
3517170,2
5255008,2
6064987,2
3517175,1
6090417,2
3367842,2
3371429,3
4395111,2
6072141,2
6072145,2
6079005,2
6058252,2
6070026,2
5235147,0
775612,1
775613,2
775610,1
6109396,2
775616,2
775617,1
775614,2
3367924,2
775618,1
775619,2
3337301,0
6054866,2
4584715,2
6082277,2
6072540,2
3516973,0
6072549,0
772475,1
6080718,2
4662301,2
3367922,2
6062058,2
6010521,2
3451231,0
108627,0
6082095,2
6051634,2
3518458,2
6091932,2
6058134,2
6135663,2
773480,0
3517951,2
6057282,2
6066625,2
3518600,2
3518602,2
3518603,2
6089984,2
4481452,2
6080572,2
775726,1
775727,1
3519012,2
775725,1
775722,2
775723,1
775720,1
775721,2
4425447,2
6051703,2
3518936,2
3518937,1
3376986,2
772011,1
3518289,2
3518938,2
3518939,0
548094,0
589538,0
6085887,2
142685,0
6069131,2
3376055,2
3362604,2
3519089,2
3519088,2
3359196,2
3519085,1
4412658,2
3519086,2
3519081,2
3519080,3
3519083,2
3519082,2
6078458,2
6076450,2
3518288,2
4446261,2
3519646,2
3358113,0
3519643,3
3519642,2
6076608,0
4142951,2
3517823,1
6075055,1
483384,0
3517824,2
3517827,2
6057846,2
6057849,2
3517828,2
3518732,1
3359048,2
487383,0
775129,1
6073636,2
6152077,2
3374620,2
1132965,2
775432,0
775431,0
775437,0
771739,1
3519011,2
6089365,2
3364918,2
713281,1
6075887,1
6093510,2
3519391,2
3519462,2
3519461,2
3519460,0
3519467,2
3519466,1
6216107,1
4650407,1
2818489,2
3370871,0
3518427,2
3518420,2
3518421,2
3518733,2
6031831,0
320338,0
3518428,2
3518429,2
775546,2
775547,2
775544,1
775545,2
775542,2
775543,1
775540,2
775541,2
774896,1
774895,38
6082022,0
6227132,2
775548,1
775549,2
3520988,2
3490935,0
3521453,2
3362244,2
4453528,1
3518520,2
3521459,2
3518796,2
3520982,2
3369173,2
3520984,2
3520985,2
3520986,2
3518797,2
6069048,1
5205990,2
3519261,0
3519260,2
3519263,0
3519262,2
3518525,2
6069042,0
3518795,2
3519269,2
3519268,1
3519014,2
3519067,2
6094965,2
3519065,2
3519063,3
3519062,2
3519061,2
3519060,2
4452952,2
3361414,2
3518359,2
3365922,2
3519068,0
681308,0
667341,0
775714,1
3378485,2
774521,2
6093668,2
775498,0
3519015,2
3518159,0
3520210,2
3370726,2
3370724,0
3520215,3
3370721,2
3520217,2
6088562,2
6079641,2
3116257,2
6089187,2
1334592,0
6064767,2
6319884,2
3518155,2
3368976,2
3518156,2
3517515,2
4628074,1
4481412,2
774719,2
6060659,2
775491,1
3517793,2
6086898,2
3367658,2
5884157,2
3349261,0
3517791,2
6079434,2
5145561,2
6058182,2
3183484,0
3517244,2
577163,2
3520508,2
3467873,0
6100372,2
3520505,2
3520506,2
3517246,1
6087875,2
3520501,2
3520502,2
3520503,2
6091855,2
6061802,2
6072811,1
3520000,2
738967,1
6067217,2
775179,1
3485785,2
3520180,3
3520181,2
3520182,2
207489,0
5994763,0
3520186,2
775657,1
3520188,2
6098539,2
6081760,2
3519491,1
6081766,2
4452404,2
775307,0
4553383,2
3520185,2
5696166,2
489222,0
4512362,2
6089196,2
6090082,2
4737714,2
6085735,2
4626101,1
6076047,2
3520438,2
3517767,2
3520082,2
6056099,2
6058828,2
3520431,3
3520432,2
6052625,2
6084673,2
3517768,0
3520437,2
4400160,2
6072502,2
3374778,2
4980904,0
6070007,2
3374772,2
6079896,2
6051999,1
6088689,2
1936616,4
4599140,2
3517546,2
4687759,1
3517544,2
3518805,2
3517543,2
3518801,2
6180610,2
6079549,2
6063352,2
772241,0
2928462,0
3520725,2
383127,0
6096467,2
5278599,2
3520721,1
6101119,0
3520728,0
571642,1
3380114,2
3518426,2
93311,1
5829113,2
3517168,1
3435254,2
6057899,2
4431956,2
6064972,2
4717112,2
773711,0
4394782,2
4464712,1
3370696,1
3518484,2
3520230,2
6101334,2
775601,1
775600,0
775603,1
775602,1
775605,2
775604,2
775607,2
6069027,0
775609,2
775608,2
6067207,2
3359727,0
3516941,0
6081165,2
6080704,2
6076267,2
729599,2
4595710,0
6069037,2
6065177,1
3363747,2
563189,0
6058272,2
2154595,2
3378952,2
3512074,3
3378957,2
3369301,2
3518382,2
3520872,2
3518387,2
3373525,2
3518639,2
3517943,2
3517940,2
3519248,2
3371940,2
671643,0
6077023,2
6188993,2
3518631,2
3518630,2
3518633,2
3518632,2
3518635,2
3518634,2
3518637,2
3518636,2
3518271,2
6088295,2
775738,1
3519595,0
775735,2
775734,1
775736,1
775731,1
775730,1
775733,2
3363227,2
6069355,3
3518272,2
6096484,1
3517840,0
687989,2
5339689,2
3519098,2
3519099,2
744997,4
3519092,2
3519093,2
3519090,2
3519091,2
3519096,2
3519097,2
6083811,3
4412313,2
3518704,2
3518255,0
6076670,2
3518253,2
3518252,0
6076675,2
743258,1
6081926,2
597371,0
3520120,2
3519653,0
552944,0
6092178,2
775130,1
6062485,2
5437478,2
6057854,0
3518551,2
6253678,2
3517831,2
775429,1
775428,1
4509462,2
3517547,2
775420,1
775423,0
6059457,2
3520121,2
775424,0
6078844,2
6059981,1
3519387,2
774396,1
6096113,2
756639,1
775088,0
3519479,3
6054104,2
6066237,2
3519470,1
6058263,2
6075899,1
3519474,2
4386110,2
3519476,2
548231,1
6059186,0
3518413,2
3518412,2
3370864,2
3518414,1
6075387,1
4390835,0
737513,1
690259,0
6281728,2
775555,2
6054824,2
775557,1
775556,2
775551,2
775550,1
775553,2
775552,2
6062791,2
3362746,0
775558,2
6087007,2
3518299,0
4506679,2
6247415,2
774179,1
6089513,3
2274490,2
3369040,1
3518991,0
4631186,1
3990496,2
27640,0
3519587,0
3377649,2
4406290,2
9875,0
775957,1
3519074,0
4429515,2
3519076,0
3519077,2
3519070,0
3520270,2
3519072,1
3519073,1
428898,0
3519078,2
3519079,2
3519000,1
775390,0
3362630,2
6061464,1
3361106,2
6052961,2
4416148,2
711744,0
3788972,0
4603910,1
3520882,2
3520884,2
3370733,3
4715044,2
712272,0
6060816,2
3370738,2
3520726,2
3520222,2
6094402,2
774779,0
136071,0
6064799,2
3381367,2
773603,1
6088354,2
3518557,2
6063688,2
6062262,2
760318,0
4261758,0
12571,0
775707,2
3365245,2
6086602,2
738288,1
6088824,1
6086609,2
6085120,2
3520089,2
3520088,2
3365119,2
3360410,2
6085789,2
3520083,2
3516177,0
3520085,2
3520084,2
383686,1
3520538,2
2398226,0
6089995,2
3520533,0
3520532,2
461622,1
6085649,2
4345979,2
6043439,2
493692,0
3520129,0
6070090,2
3518165,3
6081772,2
5734585,2
3362715,2
4391528,0
6088001,2
3520404,2
3520407,2
4646920,2
3520401,1
6067230,2
3520151,2
6198609,2
6067239,2
3520408,2
728314,0
3365757,2
3517713,2
3517712,2
743618,1
6074458,2
712290,0
3517715,2
3517714,2
6075661,1
6099279,2
3517719,3
3803464,0
6095753,0
6070898,2
3519518,2
4513680,2
6051695,2
4589445,2
3363401,2
6056240,2
3357968,0
224319,13
3517538,2
6079570,2
6056062,2
3518829,2
3517533,2
3517532,2
3517530,2
3517537,2
3517536,2
3409456,0
6257109,0
4317914,2
6066949,2
6091940,2
6055060,2
6073942,2
3518578,2
6261343,2
6007,1
3520712,2
3520715,2
3520717,2
3520716,2
6088640,2
6065787,2
3518820,2
3517629,2
3517627,2
3517626,3
6090433,2
3517151,2
3517150,2
6064962,2
3368138,1
3517446,2
3518549,2
6070636,2
3368927,2
3519689,2
3517448,2
4509616,2
6086494,0
6096871,2
6061700,2
775638,2
775639,2
4767510,1
775634,2
775635,1
775636,1
775637,2
6084276,2
775631,1
3364409,2
775633,1
6076250,2
5913792,0
3519020,2
6076256,2
3478870,0
6228707,2
3520738,2
6060576,2
6317270,2
3518625,3
3518622,0
3518620,2
3518621,2
3518477,2
775606,2
5481202,2
3518628,3
3518629,2
4390895,0
4390896,2
5638321,2
3517825,2
6057912,0
6058598,1
775708,1
775709,3
6105621,0
775477,0
775700,2
775701,2
775702,1
775703,3
775704,2
775705,2
775706,1
735260,0
4328319,3
3371577,2
6102458,2
694178,0
6051720,2
6080603,2
3372374,2
3379767,0
3553696,0
3378708,1
4409497,2
3519999,2
6102670,2
6078957,2
6073054,2
6096298,2
3518247,2
3518240,0
4249870,0
3518249,2
2389052,2
6075277,2
6057829,2
3372683,2
775573,2
3517841,2
771130,1
774942,1
3358242,2
3317199,0
775387,0
3519991,2
4653194,2
3373627,2
6091478,2
775570,1
6073613,2
3364288,2
3519529,2
3378414,2
4425170,2
2034816,2
3519441,2
6062471,2
3362482,2
4418313,2
3517440,2
2115650,0
3519449,2
3520983,2
3517082,1
4473026,2
6052474,2
6062611,0
6087034,2
3370858,2
6062781,2
3370855,2
6086036,2
3370852,2
775560,3
775561,2
775562,1
775563,2
775564,3
775565,2
775566,1
775567,3
6062070,3
775569,2
6069680,2
6069686,2
4434481,2
6197652,2
3361177,2
4892848,2
3519446,1
6093898,2
3366934,2
3517584,2
6078769,2
6069667,1
6060785,2
6069139,2
3519288,2
3519287,2
6055378,0
4513968,2
3361984,2
6105076,1
4506699,2
3369072,2
3519040,2
744945,3
3519045,2
3519044,2
2597646,0
3519046,2
3519048,3
6092807,2
3369670,2
4945271,2
6067854,2
1278847,2
86415,0
772647,0
6080190,2
6061416,2
3520996,2
6100405,2
6088346,2
3361841,2
3361844,2
3520898,2
3520899,1
3520896,2
3520897,2
3520894,2
3520231,2
3520893,2
3520890,2
3381175,2
5883,0
6075444,2
6091901,2
6064788,2
3368415,2
3521004,0
6091908,2
6060806,2
3377621,2
3518227,2
776948,1
3519006,2
3377627,2
3360641,2
6062079,2
3518545,2
3517888,2
735692,0
3521005,2
775327,0
6061520,2
756799,0
3517250,2
6076939,2
6088832,2
3520526,2
4779115,1
3520524,2
6088126,2
3519195,2
3518478,1
3444721,0
6068333,1
3519194,2
6100358,1
4381848,0
734370,0
755292,0
3517942,1
6081747,2
3520765,1
3360823,2
6055400,2
4281473,0
3379167,0
6069986,2
4637493,1
4492648,2
3380171,2
6053851,2
3519444,0
3517946,2
5412919,0
4708832,1
3517947,2
172281,0
6069945,2
3519055,2
3517944,2
6099641,2
3364367,2
6071287,2
3101,1
3520144,2
750021,1
5413206,2
3520147,2
3520140,2
3520141,2
3520142,2
3520143,2
771986,0
3519051,2
764883,1
3517700,2
3517701,2
3517702,2
3517704,2
3517706,2
3517707,2
6090333,0
3517268,2
3520702,2
1659056,0
3364964,2
3520094,2
3356838,0
3520092,1
3368999,2
2292,0
4489922,2
3358314,1
4434053,2
3517529,2
3517264,0
5245204,2
3520938,2
3517520,1
744550,1
6114593,2
6087119,1
775461,1
3517525,1
3517526,1
3517527,2
6082476,2
5836873,2
3380133,2
4652905,2
6098865,2
4327660,2
6058903,2
6053691,2
4433597,2
3517711,2
6090424,2
3520709,2
6051885,2
3183445,0
5752141,2
3379372,2
3520700,2
3520701,2
6074478,0
3517638,2
6087059,2
3374918,2
3520023,0
3517637,2
3517630,2
3517631,2
3517632,2
3520022,2
3517455,2
3520021,0
4396855,2
773800,1
3517458,1
773804,0
775629,1
3566509,1
775623,1
3363322,2
775621,2
775732,2
775627,2
775626,2
775625,1
3365290,2
6091967,2
773489,0
5757114,2
3380006,2
3518895,1
3518896,2
6054830,2
773483,0
773482,0
6085882,2
3361710,2
6090510,2
3520029,2
6057051,2
773247,1
586500,2
3520028,2
6095568,1
3374623,2
6075050,2
4426062,2
3518653,2
3518651,2
1327447,2
3518872,2
4125503,0
3519703,2
3509770,0
3518658,2
6066362,2
775717,2
775716,1
775715,2
736504,2
775713,2
775712,2
6053933,1
775710,2
3517667,1
3358293,2
6093257,2
3519362,2
775719,1
6053248,2
2250110,0
4630048,2
98871,2
6096263,2
6065825,2
3517582,2
6067474,2
3517583,2
6054901,2
3517829,0
3519363,2
772532,0
772822,1
4619749,2
6098647,2
6073263,2
775089,1
4434319,2
3517586,2
3362976,2
6073126,2
3376060,1
6180323,2
3518270,2
86578,0
6246243,2
3518274,2
3518276,2
6054346,2
6090379,2
6086750,1
5139158,2
6028802,0
3518441,2
775400,1
775154,1
775405,0
6053809,2
3517851,0
775409,1
6092113,2
3517855,2
3517856,3
3517857,3
4695394,0
775396,1
751879,1
3373634,2
775728,1
4469554,2
3362496,2
3533015,2
29956,0
3519459,2
6082183,2
3517212,2
3519094,2
3517213,2
3517315,2
3519225,2
3519095,2
6091625,2
3517746,2
3519224,2
6087022,2
3517747,2
6122617,2
3519227,2
3377823,2
3518256,2
3518473,2
3367685,2
3518471,2
3518470,2
3094481,0
3518476,2
3518475,0
6089755,0
5269301,2
3377007,0
775579,1
775578,2
775577,1
775576,1
775575,2
775574,2
4409737,1
775572,2
775571,1
3367041,2
6060682,2
640,3
3517565,2
729813,0
3518319,2
774116,0
6069092,2
91782,0
3868283,0
3520818,2
3519294,2
6069658,2
3519296,2
3519297,2
3519290,2
112862,0
6068786,0
3519293,2
3518505,0
3518504,2
3518503,2
3518502,2
3518501,2
3518500,1
3519056,2
3519057,2
3519054,2
3377072,2
6081407,2
3518509,1
3518508,0
6089354,2
775724,2
3519652,2
6069784,2
4496655,0
6155896,2
6069789,2
3520773,1
6061405,2
6089359,2
774757,1
775628,2
6088336,2
3363733,2
6086573,2
3517568,2
3517935,0
6075905,3
3837282,2
1175881,2
774592,0
4550286,3
3368423,1
3517838,2
3520953,2
3517839,2
3520952,2
3521137,1
6094341,1
3520951,2
3520958,0
3520957,2
3520956,2
3520954,2
5999692,0
3517834,1
750365,0
3520950,1
