3839897,50.0
3983423,50.0
781879,550.0
781878,400.0
3983428,50.0
3983384,50.0
3836244,50.0
3645032,50.0
583180,300.0
3645036,50.0
4201474,50.0
3645163,50.0
3983039,50.0
3838751,50.0
3983388,50.0
3645149,50.0
3837963,50.0
624654,50.0
3983047,50.0
3645141,50.0
4668148,50.0
3645143,50.0
3983029,50.0
3645146,50.0
2854547,50.0
3983252,50.0
3983399,50.0
778188,50.0
3645130,50.0
3983495,50.0
3645174,50.0
3983492,50.0
668279,100.0
3983090,50.0
3983095,50.0
3842013,50.0
3983015,50.0
669992,200.0
2524685,50.0
3837385,50.0
631859,50.0
3982139,50.0
3835439,50.0
711918,200.0
3029287,50.0
782291,1050.0
3983469,50.0
3841090,50.0
3983409,50.0
640624,200.0
648599,100.0
3983248,50.0
680326,50.0
3983406,50.0
3983164,50.0
52497,100.0
2512534,50.0
538006,50.0
3839447,50.0
3982092,50.0
3982721,50.0
3840265,50.0
3645090,50.0
3645096,50.0
3645097,50.0
706247,100.0
3645098,50.0
3837786,50.0
3840306,50.0
3836545,50.0
782101,50.0
716829,100.0
3982944,50.0
3982306,50.0
3983275,50.0
649824,50.0
3982142,50.0
781631,50.0
3982492,50.0
4403659,50.0
782238,1500.0
781503,100.0
4109431,50.0
3976051,50.0
3983470,50.0
3983376,50.0
3983377,50.0
3982148,50.0
3645112,50.0
3645068,50.0
3645067,50.0
5415801,50.0
3841384,50.0
3983379,50.0
633739,100.0
5007546,50.0
3983348,50.0
4223230,50.0
3837156,50.0
623014,150.0
6286202,50.0
3982324,50.0
3781875,50.0
3983507,50.0
4099246,50.0
634731,50.0
3982664,50.0
2122974,50.0
778555,800.0
6199442,50.0
3982377,50.0
3983085,50.0
3983145,50.0
6120079,50.0
710116,150.0
3840678,50.0
3348359,50.0
782097,150.0
4184185,50.0
3645105,50.0
3645106,50.0
3645078,50.0
2524536,50.0
3645075,50.0
3645076,50.0
781605,50.0
3645072,50.0
3841481,50.0
5987269,50.0
782140,200.0
4237162,50.0
3983510,50.0
3982678,50.0
3982777,50.0
3841892,50.0
3982671,50.0
3982674,50.0
64334,100.0
3983057,50.0
3840331,50.0
3983198,50.0
681488,50.0
3983194,50.0
3983216,50.0
650771,50.0
782243,150.0
3983211,50.0
3983193,50.0
6227621,50.0
714984,100.0
3645135,50.0
3645137,50.0
3835472,50.0
780720,50.0
3837837,50.0
3645160,50.0
623466,50.0
781835,100.0
3982435,50.0
6192261,50.0
4524766,50.0
3842361,50.0
637126,100.0
782331,1100.0
3586406,50.0
780190,200.0
3836021,50.0
620141,50.0
3982847,50.0
3645056,50.0
3645057,50.0
3982199,50.0
3645055,50.0
3841626,50.0
3645050,50.0
3645051,50.0
3982958,50.0
3840651,50.0
782048,50.0
3645128,50.0
3645129,50.0
3982966,50.0
3645016,50.0
3645124,50.0
3982965,50.0
3982884,50.0
3994255,50.0
643474,50.0
3645126,50.0
2530285,50.0
3982666,50.0
5380158,50.0
3982289,50.0
3983203,50.0
3836291,50.0
623516,50.0
3983430,50.0
3982759,50.0
782100,50.0
4837097,50.0
3839437,50.0
3837092,50.0
6284468,50.0
3982753,50.0
3982583,50.0
646450,50.0
782344,23150.0
782345,22750.0
3982856,50.0
782343,50.0
782340,250.0
781542,150.0
3841344,50.0
3645028,50.0
2311586,50.0
3645054,50.0
3982187,50.0
3983338,50.0
3983036,50.0
635384,50.0
3983033,50.0
3645153,50.0
3983134,50.0
6308491,50.0
3645155,50.0
3982112,50.0
3982935,50.0
626423,50.0
3836433,50.0
782036,100.0
6001655,50.0
3837593,50.0
