6181470,2
776012,1
5498893,2
3525721,2
3525725,2
5205093,1
3406613,0
6181787,2
6178732,2
775781,0
3409463,2
6148282,2
3408182,0
775782,0
6182072,2
6145979,0
6164027,2
3525879,2
6160743,2
6162091,2
4884938,2
6173467,2
5214195,2
6161292,0
6149407,2
6161727,2
5187788,2
3524526,2
3574423,2
4924765,0
3454422,0
3524529,2
776064,1
776065,1
776066,3
776067,1
776060,2
776061,9
776062,2
776063,4
6182329,0
776068,2
776069,2
3524258,2
3524259,0
3415491,1
3526167,2
3524251,0
6150953,2
3524255,2
2991396,2
5337336,2
704704,0
773654,1
492242,14
6150226,2
3517602,0
17032,0
3590987,2
6188528,1
6178736,2
9527,0
3526006,0
5242275,2
772630,0
6172220,2
6180787,2
772638,1
3525888,2
2043381,2
5242251,1
6173318,2
755292,0
5236037,2
6156319,2
3411694,0
775763,21
3404767,2
3524873,2
663106,0
3515534,0
773835,1
773836,0
6274310,2
4666978,6
6147845,1
5207803,0
6177412,1
3526388,2
6153305,2
6158424,2
3526380,0
3526382,2
3526383,0
3526384,1
5477530,2
3526386,2
3526387,2
5354325,0
6149255,2
3403243,1
6147190,2
3403240,2
4941739,2
774969,0
6149092,1
3526253,1
3526250,1
3526251,2
3526256,2
6171814,2
3526254,2
3526255,0
6152638,2
5203617,2
775366,1
775185,2
5495804,2
6058494,0
4030617,1
5950823,0
3526009,3
6153542,2
6147069,2
6155662,1
3404141,0
5642380,2
6152492,2
38952,0
6149890,1
3415864,2
3526657,2
3526652,2
3526650,2
3526651,2
6149385,2
3526658,2
3526659,2
1174,0
3526728,2
775989,12
775986,4
775987,5
5257929,0
775985,1
3526722,2
5319167,0
775980,3
775981,2
774329,0
291606,0
6156688,2
6155403,2
6155407,2
6156444,2
3405383,2
519514,0
761578,1
3526032,1
3526033,2
5171010,2
3526036,3
3526034,0
774561,0
3526039,2
6163806,1
6164839,2
5102795,2
3525604,1
3525605,2
6163821,2
3525600,2
3525603,2
3415514,1
774587,0
3415511,0
5809903,0
5250117,0
6168687,2
3525932,2
3525933,2
3525931,2
3525937,2
3525934,2
3525935,2
773157,2
3525938,2
3525939,2
3525112,2
5366382,2
3525118,2
3525119,0
398023,0
675962,2
110545,2
6151548,2
27371,2
3523943,0
3523942,0
6151097,2
3414335,2
5214691,0
6126153,0
6159796,2
775959,2
6182062,1
6182067,2
6145969,0
3524885,2
3524884,2
6164059,2
330090,0
3524737,2
7527,0
3524883,2
3524734,2
4251080,0
3524889,2
6164056,2
3524399,2
3524469,2
3524462,2
3524461,0
3412659,0
775991,7
3524464,1
3525422,2
5356366,1
6007,0
779883,2
9875,1
4084958,2
5230635,2
5373657,2
6182400,2
3166260,0
776073,1
776072,2
776071,2
776070,2
776077,1
776076,2
776075,1
776074,1
776079,2
776078,1
6130874,0
3405548,0
3819070,2
4585188,2
5335195,2
3512397,0
6166574,1
6173528,2
773641,6
773130,1
3412251,2
6151320,2
618967,2
3411970,2
5781416,2
6328867,2
5519730,2
6158090,2
7852,0
3502798,0
3407393,2
6182325,2
771861,0
772356,0
6158763,2
5311942,2
6158168,2
6157303,2
6158163,2
6158784,2
6139862,0
5315214,2
773914,0
6147296,2
33446,13
6175224,2
5197416,2
6160933,2
6148931,1
6148420,2
618816,4
6153047,2
6153040,2
6159781,1
754720,0
761589,1
654226,5
4694591,2
6179111,2
3526333,0
6147671,2
3415988,0
6148895,1
775179,4
3315197,0
6149069,2
6158236,2
775373,0
775372,1
3526281,2
774359,1
3526282,2
3526285,2
3526284,2
3526287,2
3526538,2
3526537,2
3526288,2
3526535,2
3526534,2
3526532,2
3412620,0
3405942,0
3405943,2
3401516,1
6155655,2
6152975,2
774827,0
5139770,2
6157877,2
6162502,0
3526623,2
3526622,1
3526621,2
3526620,0
3526627,0
3526626,2
3526625,0
3526629,2
775999,3
775998,2
775995,2
775994,2
775997,1
688605,2
3410481,2
775990,4
775993,2
775992,3
3526582,2
3415692,2
6054787,2
3410245,2
5306500,2
5134902,2
3526298,2
3415914,2
6156450,2
6178897,1
6176469,2
3401389,2
6154322,2
6167807,2
3526292,1
6178156,2
4770384,2
5276288,2
3414033,2
5226068,0
6177889,2
3524460,2
6160235,2
3405042,2
3405045,2
771457,0
6163909,0
3414926,2
3525124,2
3525121,0
3525120,2
3525123,1
3525257,2
3525256,2
3525255,2
3524658,2
3524659,2
3524656,2
3525708,2
3524652,2
3524653,2
5099719,1
3525864,2
6250472,2
6160584,2
2168842,0
6165066,1
6175762,1
6164048,2
3524893,2
3524722,2
3525867,2
3524724,1
3524727,1
3525860,2
6160345,2
3525382,2
3525861,2
3515935,0
576716,0
6153052,2
3525862,0
6173401,2
3525413,2
5225026,2
6149209,1
6291045,2
6148397,2
5210092,1
3525904,1
6175966,2
3526731,2
3524271,1
776088,2
776089,1
776086,2
776087,4
776084,2
776085,2
776082,3
776083,0
776080,2
776081,1
5244613,2
3526730,2
2031221,1
3526705,1
688071,0
3525586,1
745765,2
3526399,2
240947,0
5245871,2
6160838,0
6172981,2
6160833,2
383686,0
3526732,2
4692205,2
3360181,0
6172207,2
6157486,2
339842,0
6172202,2
3177923,1
877570,0
3409494,2
737929,0
5821332,2
775843,5
3525777,2
5242728,2
3525749,2
5550452,0
6161389,2
775744,0
2178135,0
775747,0
775740,2
6147464,1
3590838,1
6156848,1
6148410,2
775844,2
6153033,2
3397626,0
5331607,2
6158449,2
6156207,2
5510965,0
6153491,2
6153497,2
3526644,2
3526354,1
10502,2
6149277,2
6182056,2
297837,0
775348,0
3405948,2
775699,4
775692,0
775693,4
6176057,2
269233,9
6153783,1
3405945,2
3527833,2
3508457,0
3526296,2
3526297,0
3526294,2
3526520,2
3526290,2
3526291,2
3526599,2
775526,0
6157864,1
6162513,2
3526630,2
3526633,2
3526635,1
3526636,2
3526061,1
3415847,2
24639,0
747703,2
3526740,0
6149854,2
569457,0
6151507,2
3404236,2
3368773,0
3524411,2
3404231,2
3521765,0
3518536,0
6164103,2
6149294,2
6182272,0
750991,0
737173,0
774016,2
774011,0
775834,2
775833,2
775831,0
5221458,2
3525357,2
611026,80
750530,0
3526440,2
6178091,0
5212926,2
3525243,2
750663,9
3524663,1
3525719,2
3524664,2
3524667,2
5210392,1
6091838,1
774655,1
3525396,2
372118,5
5234926,1
6207081,1
3525393,0
6177986,2
5726106,2
6164850,2
6160359,2
3524869,2
3524868,2
145349,0
3524717,2
3524713,2
3524712,2
3525404,2
3525405,0
988169,2
6159773,2
6158849,2
773830,2
6160175,2
776099,2
776098,1
3524289,2
776097,1
3524284,0
3524282,2
154025,0
3524042,0
6180649,2
6161877,2
6166510,2
5436168,1
3831712,2
3524446,2
3524913,2
3524449,2
3524448,2
6179451,0
3409532,2
4521241,2
773687,0
742747,0
6160820,2
6160826,2
3409539,2
6159524,1
3523103,0
3407373,2
5100014,0
3412122,0
773756,2
5276359,1
6173348,3
6177337,2
6172215,2
6161225,2
2225429,0
6161220,2
5242916,0
4228683,2
6161229,0
6160916,0
772979,0
6210060,0
719977,0
775752,0
775750,0
6228937,2
775754,0
6149104,2
19227,0
3268223,0
6163485,2
6164604,2
6181991,2
3478901,0
609211,15
6153026,2
5233149,0
768604,2
5244905,2
3415053,2
5313057,2
3416048,0
6171865,0
772883,3
775355,3
6149043,1
157646,0
90724,0
6177041,2
6157297,2
6153793,1
6158212,2
3526519,2
3526511,3
3526510,2
3683348,1
3526517,2
3405991,2
3405993,2
6153771,2
6152681,2
5292775,1
775533,0
3526199,2
3526198,2
6152998,2
3526194,2
691567,0
3526196,2
3313063,3
3526193,2
3526192,2
3526609,2
6156185,2
6179130,2
3526358,2
3526357,2
3524333,2
2032385,2
3405848,1
5754051,0
3526600,2
3526351,2
3526602,2
3526177,2
3526176,2
3526172,2
3526171,1
571921,0
3526257,1
3526179,2
3526178,2
5437623,0
219581,0
748909,2
3525894,2
3525897,2
3525896,2
3525891,2
3525890,2
3525892,2
6156438,2
776041,2
5151487,0
6164110,2
6171608,1
5825858,0
5616511,0
746628,0
690147,4
3525718,2
3526487,2
3410044,2
5995788,0
750988,0
774063,5
750984,0
774066,0
3525098,0
3892815,2
6152221,2
6178172,2
775823,1
6178178,0
6173368,2
6181216,2
5333599,0
745120,0
6179954,2
706022,0
6263237,1
3526777,1
5018412,2
6154901,2
3526778,1
2088142,0
5361871,2
5296242,2
774669,0
6155364,2
6155069,2
6180695,0
774461,0
3526484,3
3414307,2
4152742,2
3526359,2
6152646,2
6182631,2
6164064,2
4739327,0
552188,0
6177991,2
23393,0
3525875,2
3525874,2
3525873,2
3525872,2
3525655,2
3525870,2
3524702,1
3524703,2
3524870,2
3524707,1
398471,6
6160366,2
3525397,2
3412680,0
3525394,2
3406361,0
6151191,2
3409380,2
31953,1
3526427,2
6173422,2
3526134,2
6177973,2
741486,0
3525474,2
6182009,2
6182188,2
673184,0
3397350,0
5270676,0
3257784,2
3523930,0
3524672,2
3524673,2
3523936,0
5109488,2
4289868,2
6151440,2
3524290,1
3524291,1
3525506,1
6148669,2
2776639,2
3619296,0
6159314,2
3525960,2
5287277,2
396612,5
3524900,1
3524902,2
6160786,0
6161302,1
3525964,2
3406216,2
3406212,2
6181852,0
3277472,0
6151844,2
3524867,2
690814,0
776135,1
5342557,2
776131,1
3407360,2
6151849,2
6157661,2
6166235,2
6161239,0
773787,1
6148477,0
6180293,2
772566,0
6157598,2
619849,0
6158681,2
6147738,2
6157063,2
6153019,2
6177800,1
6158042,2
3416055,2
3416052,2
6148982,1
3526228,2
6158669,2
278186,23
6149054,2
5253946,0
4618790,2
3526226,0
3431498,0
4826379,0
6148509,2
6148503,2
3258733,0
775504,0
3527101,1
772416,4
762368,3
6158264,2
3526488,2
3410089,2
6159958,2
3527362,1
774813,2
3404102,2
112862,0
6156537,2
774818,0
751931,0
6174356,2
775988,2
3526182,2
5437571,0
3526180,2
3526181,2
6152981,2
3526185,2
3526710,2
195114,0
3526618,1
3526619,2
3526348,2
775785,11
775786,0
6153342,2
3526344,2
3526345,2
3526346,2
3526347,0
3526340,2
3526341,1
3526614,2
3526164,2
3526165,2
4357203,2
479366,0
775982,2
3526168,2
3526169,2
6155194,2
775983,1
3526980,2
698385,0
768231,1
3525882,2
3525880,2
3526048,1
3525886,2
3525887,0
3525884,2
3525885,2
685377,2
6296336,1
6165728,0
3526504,2
3415957,2
3526503,2
3526500,2
3526501,2
667582,1
3525083,1
3525081,2
5305856,2
774077,0
5189481,2
775810,4
775813,57
6152238,2
6177858,2
6155577,2
359970,4
764123,0
6315116,0
6171700,0
4323534,2
6233385,2
3413430,2
3525268,1
3525264,2
3525265,0
3525262,2
3525263,2
3525261,2
114538,0
6155371,2
6281916,2
774470,6
5099582,2
6154712,2
11,0
6155177,2
4048599,0
6160373,2
6164651,2
3525865,2
3525866,2
3525643,2
3525644,0
3525645,2
3525646,3
3525863,2
3525649,3
5376798,2
6164876,2
3525868,2
3524844,2
3524847,2
3524846,2
4696330,2
6181712,2
6164531,2
3525469,2
3525461,2
3525462,0
6182199,2
5337461,1
6151294,2
774513,0
570864,1
6231702,2
3524607,0
3524606,2
6184431,2
5839429,2
100595,0
6180666,0
3402096,2
6180660,2
3525514,2
3525517,2
3525511,2
3525513,2
776092,2
3525518,2
6167345,2
334466,2
6174089,2
3412696,2
5114956,0
3524937,2
5189056,2
5295720,2
3409515,2
6150871,0
6163790,2
3524337,2
3524336,0
3524335,2
6172064,2
4357547,0
3524332,2
3524331,2
776122,1
448248,0
3936807,2
3524338,0
6177965,2
6157616,2
5032687,2
6163983,3
4849946,2
6174390,2
3409352,2
6150476,1
3525606,2
6173386,2
6173380,2
6157433,2
3526012,2
6150491,2
4967149,2
5055044,2
5691982,0
775916,1
765514,0
381004,0
618582,4
605014,2
6153007,2
6159059,2
6178007,2
6156234,1
6152756,2
6146257,0
6171849,2
3402503,2
6147306,0
6181881,0
3530215,2
6148518,2
775338,4
3524915,2
3527119,1
3524914,0
6172546,2
3526677,2
6156521,2
6174532,0
80859,0
6153758,4
6162549,2
3405467,0
1352379,2
763932,0
749722,1
3526379,2
6158470,2
768828,1
775796,2
775795,39
775793,6
133009,1
3526376,2
5190840,2
3414780,2
3526408,2
3526407,2
3526406,2
3526405,2
3526404,2
3526403,2
3526402,2
3526401,2
3526400,2
6156410,2
775440,0
5220086,0
6190641,2
3526086,0
3526085,1
3526084,2
3526571,2
3526570,2
3526577,1
3526576,2
3526574,2
775241,0
775240,0
3526579,2
3526578,2
775245,5
775246,1
6155545,2
3526270,2
3525079,2
3525078,2
3525077,2
3525075,0
3525074,2
6154366,2
3525072,0
3525070,3
3525983,2
3525980,2
3525987,2
6164795,2
3525985,2
775808,0
3525989,2
3525988,0
6163947,2
3411860,2
6171837,2
3025115,0
5190067,2
3526795,2
3526794,2
5764579,0
6150588,2
774682,0
3525216,2
776028,2
3525188,2
6155389,1
27023,0
3525187,0
3401419,2
772046,3
3524853,2
3524850,2
3524851,2
6182617,1
3525850,2
3525852,2
3525855,0
3525854,2
3525856,2
3525327,2
3525326,3
3525324,0
3525323,2
3525322,2
3525321,1
3381298,0
6157006,2
6178256,2
3526370,0
3525920,0
6151281,1
3526377,2
6165139,2
696390,1
3524618,2
3524619,0
3526018,0
5757720,2
6172211,2
313121,0
3526015,0
3525521,2
3525520,2
5241193,2
3525522,2
5357683,0
3050107,0
5356425,2
3410134,2
5245831,2
6148048,2
4750376,2
6154032,2
773591,2
3504546,0
5245012,1
3843317,2
3526011,2
56253,1
3524923,2
3407344,2
349599,4
3406238,2
6161452,1
773594,0
775895,1
776112,2
775896,4
3513898,0
6151862,2
6166206,0
633837,2
723550,1
6156146,2
5223370,1
6159606,2
6160941,2
3405466,2
3402469,2
309761,0
6149153,2
772542,2
773329,0
6157048,0
3525944,2
1319822,0
41746,0
6157732,2
3524736,2
6158644,2
5504854,2
6179362,2
1220858,2
1932,2
718261,0
3402510,2
4539540,2
742159,2
775495,23
5282221,2
3406836,2
5102126,2
3406832,2
5341867,2
5937002,2
775306,0
775307,0
775650,0
772946,0
5209268,2
3524898,2
6172023,2
6153108,1
6148856,2
6179502,2
769985,0
6172184,2
152136,0
3889941,0
6171946,2
5244105,2
552944,6
4679086,2
3415802,2
3526367,2
3411581,2
5357858,1
3526363,1
3526360,2
3526361,2
3526369,2
6162492,2
3525593,2
6158481,2
3415378,2
3524392,2
3526418,2
3526419,2
3526414,2
3526415,2
3526416,2
3526142,0
3526411,2
3526412,2
3526141,2
4640838,0
3415787,0
4229321,0
6167464,1
5546906,2
3097613,2
6157957,2
3526560,2
3526561,2
5306652,2
6171892,2
5251805,2
3526568,2
470396,0
576834,0
775478,4
3415572,2
3413981,2
771770,1
775965,3
3525060,1
3526706,2
3525062,0
3525063,2
3525990,2
3411854,2
775878,1
3525993,0
3525994,1
6163726,2
775872,11
775873,1
775871,0
3526701,0
6161857,2
2413540,0
3400198,0
3101,2
3414566,0
3526784,0
6154956,2
6163991,2
6148214,0
5723299,1
6180954,0
3525205,2
3525206,2
3400193,1
775906,0
775907,0
775904,1
775905,1
775902,0
775903,3
6178744,2
775901,2
3525193,2
3525194,2
775908,0
6161756,2
5350855,2
3524827,1
3524829,2
750403,2
3525849,2
3525846,2
3525847,2
3525844,2
3525845,0
3525842,2
3525843,2
3525986,0
3525336,2
3525337,2
3525330,2
3525331,0
3525444,3
3525445,2
3525338,2
6181776,0
4622756,2
3414220,2
3525681,0
6174073,2
5184230,2
6151073,2
3524554,2
3524553,2
6160622,0
5227797,0
3413365,0
5233366,0
1313272,2
3525539,0
3525534,2
3525532,2
3525533,2
3525530,2
3525531,2
5381332,2
6154042,2
354762,0
3524489,2
3524488,2
3524959,2
3524887,0
3524953,2
6161046,0
3524951,2
3524947,2
3524957,2
3524956,2
6161041,2
3524954,2
423343,0
493424,8
6150815,2
3524264,2
3406221,2
6387,0
6162001,0
776109,1
776108,1
776107,1
3524318,2
776105,1
6150943,1
6173788,0
3524263,2
6149499,2
3409371,2
6161263,0
6075692,2
6166069,2
6162682,2
5184957,2
5242774,2
3390303,0
6171714,2
773331,0
3884818,0
753325,0
2275850,0
6162170,2
6177265,2
689312,10
19969,0
6147326,1
3526321,2
6177483,2
3966431,0
5252685,2
671775,0
6184387,1
6172036,2
6153281,1
6158250,2
6153931,2
775649,0
3526136,2
775688,0
775646,0
2531010,2
6173036,1
6153118,2
6156945,2
6172526,0
762350,0
3525217,2
564139,0
6153738,2
556431,4
1707881,0
6162560,2
3526313,2
3526312,1
3526311,2
3526310,2
3526317,1
3526316,2
5367685,2
775685,1
3526319,0
3526318,3
6162761,2
775008,0
1167218,0
589538,0
6177645,1
6158495,2
3526429,2
3526428,2
3526138,0
769880,1
3526421,2
3526420,2
3526423,0
3526422,2
3526137,2
3526424,2
3526135,1
3526426,1
6179195,2
776311,1
6155739,1
6150829,2
6163368,1
3525233,3
775465,2
775466,1
775462,0
3526227,1
6178826,2
3526225,2
3526556,0
3526551,0
775468,0
3369040,0
3526552,2
3526047,2
3526046,1
3526043,2
3526042,1
3526041,0
3525053,2
3413999,0
3525054,2
3526049,2
3525056,2
3410539,2
775868,0
3415745,2
775862,1
775864,0
775867,2
6164538,2
3404311,1
6161867,2
764114,0
5224365,1
3110,0
3513771,0
6162583,2
3521339,0
774208,1
760066,0
6250843,2
6148207,2
775915,0
775914,0
775917,10
6178002,2
775911,2
775910,1
775913,0
775919,1
775918,4
3524833,2
22,0
3525839,1
3525838,2
3525833,0
5698039,2
3525831,2
3525830,2
3525836,2
6164626,2
3525678,0
3292801,0
3525303,2
3525302,2
3525305,2
3525304,0
467418,2
6181767,2
3400784,2
3400782,0
3401964,1
3599226,2
6158818,2
776006,2
6182707,2
5960279,0
6178641,2
776004,2
4976792,2
3525947,2
3525945,2
4124085,2
3525943,2
3525230,1
3525941,2
3525940,2
3524632,2
3524633,2
3525239,2
3525949,2
3525948,2
3524546,2
3524540,2
3524541,0
531141,0
6151712,2
1349783,2
457027,6
3525547,2
3525546,2
3525544,2
3524496,2
3524494,2
3524495,2
3524492,2
3524493,1
3524490,2
3524491,2
3525571,1
6154055,2
3524499,2
3524948,0
3524949,2
776351,1
4494538,2
3524945,2
3524946,2
6153483,2
3407324,2
4254513,2
6136699,0
4875778,2
3526604,2
737513,0
5119982,1
5109328,2
3526606,2
6161580,2
5242962,2
3526603,2
3409367,2
3409364,2
3526350,2
57743,0
775932,0
6151934,2
6158392,2
772215,0
776005,1
776002,1
776003,1
776000,2
776001,2
776008,5
776009,1
6149777,0
6158006,1
5353152,2
6172600,2
4566204,2
5232352,2
187,0
6159068,0
6161475,2
6072746,2
5223773,2
774245,0
6172195,2
6147354,2
6153630,2
6158620,2
6158626,1
5223795,2
5288299,0
4682291,2
5104,42
3528641,1
772457,0
772458,3
6148293,2
772925,3
6158719,2
6153125,2
5232731,0
3066835,0
3242693,0
113808,0
3527098,1
5331849,2
6152054,1
14150,0
775072,10
3526301,2
3526302,2
4400804,0
3526304,2
3526305,2
3526306,0
3526307,2
3526308,1
3526309,2
775078,0
2640363,0
6148495,2
5470187,2
5179537,2
679358,0
3415007,0
3394330,0
6231738,2
748950,3
5336461,2
3416015,0
6157971,2
6180159,2
6157979,2
775771,0
3404095,2
775299,0
775294,4
20302,2
6093491,0
6158050,2
3526548,2
3526239,3
3526542,3
3526543,2
3526540,2
3526541,2
3526546,2
3526547,2
3526544,2
3526545,0
4891373,2
3526055,2
775856,0
3526057,0
775850,0
3526051,2
3526052,0
775853,2
775858,2
3526059,2
5608870,0
6155009,2
3415756,2
4994637,0
6156029,0
3526450,2
3526451,2
3526183,2
106788,3
6171748,2
3526436,2
3526437,2
3526435,2
3526432,2
3526430,0
3526431,2
3526438,2
3526439,2
3526554,2
5225469,2
681036,0
6154282,2
740762,0
775921,2
775922,3
775923,4
775924,2
775925,2
775926,2
5754,9
775928,18
775929,5
3526108,2
774437,7
6164617,2
3524808,2
6180880,0
3524807,2
6160337,2
3525828,2
3400778,0
3400779,2
3410092,2
3525043,1
3525820,1
2008435,0
3525822,0
3525049,1
5102535,0
6210767,1
3525318,2
3525319,2
3525317,1
3525314,2
3525313,2
4437762,2
3525311,0
6158825,0
774724,0
561704,0
63626,2
3276985,1
6148303,2
3526709,2
6147850,1
6002602,0
775694,0
3368455,2
5337421,2
6178653,2
6165108,2
3525222,2
3525955,2
3525956,2
3525221,2
730174,2
3525951,2
3525952,1
3525953,2
3525958,2
3525959,2
3658,0
6151729,1
3347674,0
6169736,3
6151720,2
4884852,0
6026516,2
6148011,1
3526553,2
3524975,1
3524974,2
6183530,2
3524972,2
3524978,1
6160041,2
6153049,2
755546,0
6161641,2
3409793,2
3407315,0
3525902,2
210014,0
5467063,2
3524372,0
3524371,2
1589162,2
383091,1
773535,0
141606,1
684864,0
6178076,2
3409316,2
17440,4
3409425,2
3409429,2
759889,2
6158433,2
776015,3
776014,2
6149160,2
776016,1
682169,0
776010,4
776013,2
3523506,0
6163425,2
776019,1
776018,3
5122982,2
3412038,2
36255,2
5308851,2
10476,2
6173237,1
586121,0
3527088,1
6147344,2
3527082,1
6157500,1
775665,0
6182317,2
6149264,2
741635,3
21317,1
5311852,2
5235573,2
6172056,1
3525021,2
6148828,0
3527154,2
6163734,2
3403125,2
1692775,0
6159653,2
5234228,0
3368855,0
6135797,0
6181497,1
3443720,2
772776,0
4428713,0
3526303,0
775597,0
6149374,2
675501,2
3526338,2
776058,2
3526334,2
3526330,2
3522100,0
3526332,2
6148489,2
6172477,0
5171898,2
3526686,2
3526680,2
3526682,0
751650,0
3405683,2
3411558,2
3526688,2
776051,1
6157985,2
776053,2
776052,2
6171570,2
776055,1
6179139,2
6157277,3
769401,1
3524412,2
6155925,2
639807,2
3526201,0
3526200,2
3526202,2
775441,2
5234620,0
6155589,2
775842,0
3526063,1
3526062,2
3526065,2
3526064,2
3526067,0
3526066,2
3526068,2
6155583,2
773663,0
3526590,2
5244835,2
665434,0
3262292,0
528989,0
6171755,0
3526443,2
3526442,2
3526567,2
3526447,2
3526446,2
3526445,2
3526444,2
5185654,2
3526449,2
3526448,2
774154,0
6143008,0
774400,0
88428,1
3867919,2
3520992,0
6154290,2
6154295,0
3524704,1
775939,4
775938,2
775937,6
775936,2
775935,3
775934,1
775933,2
6155108,0
775931,1
775930,3
3525814,2
3524819,2
3525811,1
3526539,2
3525813,2
3525812,2
3524810,2
3525819,0
3525818,2
3525957,2
3526289,2
6171198,3
3525036,1
3525039,2
3524782,3
737383,1
5240842,2
3524781,0
3525363,1
5657737,2
3525361,1
3525360,2
3525495,2
3525496,0
6178665,2
6189357,1
6155212,1
3218923,0
6182723,2
6160747,2
72485,0
3525963,2
3525962,2
3525965,2
3525788,2
3525967,2
7420,4
6177846,1
5360815,0
3525565,0
3525564,2
3525561,2
3525560,0
3525562,2
3524566,1
3525569,2
3525568,2
6172616,2
3754341,0
3525764,0
3525762,2
3525761,2
6154079,2
3525768,2
3524960,2
3524966,2
3524967,0
6156307,2
6154273,2
3980486,2
776007,3
3407302,0
6157033,1
276959,0
3404137,2
3526248,1
3525073,2
3524364,1
3524365,2
3524366,2
3525972,2
757975,0
6161259,2
3403801,2
3525973,2
3409308,2
6170339,2
6159268,2
3524872,2
3524705,1
5242219,0
4704955,2
5550184,2
3525286,1
6157371,2
5311910,2
776020,4
776021,4
776022,3
776023,0
776024,1
776025,3
776026,2
776027,3
6149197,2
776029,3
3524265,1
6149190,2
341783,0
73346,0
3520731,0
3403694,2
12290,0
3365108,0
6159001,2
3415678,0
6153091,0
6170925,2
6147377,2
4394244,2
775616,0
775617,0
6147578,2
3417813,1
6160854,2
6147572,2
6148818,2
5213327,0
3406872,2
3406870,2
772475,0
3524718,2
5223843,0
3526232,2
5516547,0
6153270,0
6153274,2
6153277,0
4831044,2
6156359,2
6149362,2
6190127,1
6149366,2
6162751,2
6147713,1
3526050,0
666982,0
775851,0
3526329,1
6152274,2
735243,0
3526322,0
3526320,1
3526053,1
3526326,2
3526327,3
3526324,2
3526325,1
3797104,2
4763672,1
6153656,2
6153871,2
597371,0
3528204,1
142685,0
3526690,0
775996,1
728314,0
3526058,2
3526698,1
3491850,0
6157999,1
6153474,2
6147394,0
3526212,1
6147390,2
6158853,1
3411415,1
772704,3
5679280,0
6153330,2
775433,0
4007124,0
771739,6
4445069,0
5250881,2
5110381,2
713281,1
6153503,2
3526588,2
3526589,0
3526584,1
3525876,2
3524676,2
3526691,2
774281,0
1836096,0
3400157,0
3526102,1
3526103,2
3526453,2
3526454,2
3526455,2
3526456,2
3526457,2
6171217,2
774895,6
3518974,0
3525155,2
3525156,2
3525152,2
2983890,1
775948,1
775949,2
6155443,2
775942,2
775943,5
775940,6
775941,2
775946,1
775947,2
775944,1
775945,2
3525802,0
3525801,2
3525806,2
3525807,0
3525804,2
3525805,2
3525808,1
3525809,0
3526425,2
681308,3
640,4
3525022,2
736504,1
774521,1
4925530,0
3525029,1
775499,0
6164387,2
4679887,2
3525372,2
6144430,0
3524772,2
3524771,2
2115650,0
6162017,0
6147330,2
681944,30
1492541,0
3525798,3
5057881,0
6160286,0
3525978,1
3525979,1
3525976,0
3525977,2
3525974,0
3525796,2
3525797,2
3525970,2
3525971,2
3525572,2
3525573,1
3524519,2
3524518,2
3525577,3
3525574,2
6158244,2
3524512,2
3524511,2
3524515,0
3524514,2
3525774,2
3524689,2
3524688,0
3525770,1
6154088,2
3524681,2
3524685,2
776044,1
3524994,2
3524993,2
3393233,0
770265,0
680304,1
5214123,2
6164010,2
3524424,1
3523476,0
3524350,0
3412616,1
6173690,2
3524198,0
4138494,1
6173457,2
3525966,2
3406003,2
5056919,2
6163831,2
6161712,2
5242209,1
3524720,0
730979,0
776039,2
776038,1
776037,1
776036,2
776035,1
776034,2
6163405,0
776032,5
776031,2
776030,2
2928462,0
775920,4
773603,1
3524721,2
6159768,2
93311,0
6170253,1
3397431,0
6173216,2
708425,0
3897767,0
6153085,2
775927,2
739396,0
775601,7
6178016,2
6163717,1
775602,0
775605,1
5242330,1
108706,0
6147560,1
734873,2
5252646,0
751121,0
6172073,2
6172070,1
3406865,1
6158729,0
3526393,0
6174807,0
90217,0
3524454,2
6156341,2
3309503,0
6161718,2
6177578,2
6158503,0
6158419,2
6162727,2
3526395,2
746020,2
6148976,0
6147205,0
3407423,2
775734,3
775730,0
775732,0
6171938,2
6180049,1
6153645,2
739152,0
744997,1
3526668,2
3526667,0
3526666,2
3405830,2
3526663,2
3411573,1
3526661,2
4694751,2
6171680,2
106616,0
3526261,2
3526267,2
6178866,2
775131,1
3526264,2
3526269,0
3526268,2
775429,32
5250892,0
774396,5
6177829,2
3415701,1
3526003,1
6177821,2
774399,0
3526005,2
6153515,2
3525821,2
6152023,2
548231,0
6059186,0
6157831,2
3248114,0
3526461,2
3526460,2
3526463,2
3526462,2
774171,1
3526714,2
3526713,1
3526712,0
3526711,2
770324,1
5232411,0
3525165,2
3525164,2
3525166,2
6155471,2
775958,2
3526485,2
5153482,2
27640,1
3526243,2
775951,2
775950,2
775953,1
775952,2
775955,2
775954,1
775957,2
775956,1
6163898,2
5659759,0
776033,2
1969384,2
3523294,0
5340127,2
6152437,2
3525015,1
3525017,2
3525016,1
3525013,2
5210274,2
6164397,2
6148377,2
6160381,2
3525954,0
5109261,2
774779,0
764306,3
6178687,2
244581,0
5203609,0
3471694,0
760318,0
6165623,2
3525909,0
3413483,2
3525903,0
561703,0
3525901,2
3525907,2
3525906,2
5319404,2
3525589,2
3525588,2
3524501,2
3524503,1
3524504,2
3524506,2
3524698,2
3524699,2
3524690,4
3524691,2
3524692,2
3524694,2
3524696,0
3524989,2
4099931,0
3524986,2
3524983,0
321,0
6160013,0
6098051,2
3524435,0
3524341,2
3524347,2
3524432,2
3526410,2
3524348,0
3524349,2
6161636,2
3526413,2
6149423,0
6151683,1
3409321,2
3512581,0
3525832,2
6161707,2
6161702,2
224319,16
6163417,2
6151151,2
6182302,2
776048,13
776049,3
776042,1
776043,1
776040,3
6202070,2
776046,2
776047,3
3526689,2
776045,2
3524892,3
6148603,2
3525220,2
732189,0
3412963,2
3402979,2
3525950,2
3524524,1
544966,0
5242657,0
6147361,2
3417833,1
3469727,1
5232383,0
6163707,2
6147552,0
775631,0
6162659,2
6156933,0
6157354,3
3524731,2
6146731,0
6150794,2
3403426,2
6156331,2
3850633,2
4633495,2
6162732,3
5652777,0
3403191,2
6173395,0
764891,1
5708648,2
6179497,0
3407433,0
3501904,0
775706,1
6153855,0
694178,0
3526678,0
6153452,2
3526674,2
3526675,2
3526676,2
4912057,0
3526670,2
3526672,2
3526673,2
6172079,2
6156241,2
520783,1
3204684,0
3526271,2
3526272,2
3526273,2
3526276,2
3526278,2
3524735,2
774942,2
5233863,2
1862964,0
3373627,0
4488718,1
6142076,0
775898,0
775899,2
3415715,2
6120526,0
3414663,2
3526013,2
3526014,2
3410567,2
3526016,0
3526017,2
6156068,2
6153525,2
3526734,2
466029,0
5243075,1
775563,7
3415623,0
775568,2
3252099,0
5182887,0
3526477,0
775964,2
5963649,0
775966,2
775967,4
775960,1
775961,2
775962,1
775963,2
774166,0
3400195,2
775968,6
775969,3
3521127,0
3525061,2
3524976,2
132102,0
3526498,2
6132690,2
3411980,0
6154558,2
3409859,0
1358135,0
3413926,2
775415,0
3525000,2
5243852,2
6180827,1
5361173,0
4969920,2
3524752,1
3414041,2
3414047,1
3410033,2
2012476,0
3062682,0
5571284,2
6181489,2
3280570,0
5135205,2
2899462,0
6155264,1
3525918,0
3525919,2
735692,0
3525170,1
428898,1
3525910,2
3525911,2
3525912,2
3525913,2
3525914,0
5188596,2
3525916,2
3525917,2
3525598,1
3525599,2
6169170,2
6151567,2
3525595,2
5108102,2
6151560,2
3525758,2
3525750,2
3525751,2
6175889,2
6182045,2
5652853,0
5133272,2
6164036,1
3525358,2
3525359,2
5200104,2
3524401,2
3524400,2
6182261,2
5521096,2
750021,3
4207957,1
6150865,2
3039039,0
118131,0
4992350,2
27361,1
6161153,2
3524530,0
775984,4
3524539,4
6181517,1
6182310,2
4599164,2
6170876,2
776059,3
3969700,2
1540302,2
776050,3
3524241,0
3412079,1
3524247,0
776054,3
776057,2
776056,3
6148633,2
6154943,0
6148637,2
3743670,2
6173278,2
3379372,0
4688656,1
6147542,2
6157038,2
3403500,2
773800,1
3403504,2
3403505,2
6153062,2
775620,0
775627,0
409129,0
773480,0
773483,0
5223878,2
6144010,0
6159690,2
5520236,2
773711,0
6158564,2
775717,2
6172007,2
3403187,2
3525207,2
5126819,2
6156811,2
98871,0
1468144,0
6179487,2
4917898,2
3527048,2
6179646,2
6165561,2
3526649,0
3526648,2
6153336,2
6158410,2
775088,0
3526641,2
3526392,2
667341,0
3526645,2
6156497,2
3526647,2
3526394,2
3806449,0
6149247,2
3518274,0
5322318,2
3403234,2
6153689,2
3525362,1
6154307,1
3526249,2
3526669,2
3526247,2
6171827,0
714260,1
3703045,1
775396,2
5428131,0
775399,1
775909,0
6152620,2
3411575,1
33513,2
3525924,1
29956,0
6154988,1
3526662,0
748838,0
3526660,2
6153530,2
608616,0
6157814,0
718161,0
6149394,0
4251326,2
3526364,0
6144497,0
775973,5
775972,3
775971,2
775970,5
775977,4
775976,2
775975,2
775974,6
3526739,2
775979,3
775978,1
3525928,2
6159493,2
4606132,2
6157848,0
6024941,2
4902400,2
5177872,2
417358,3
6155786,2
775887,1
6157367,2
775884,0
3526021,2
3526020,2
3526023,2
4484598,2
775889,0
3412518,1
3414297,0
5222780,1
6111107,0
6155097,2
3525292,2
3525927,1
3525926,2
3525921,3
3526265,2
3525923,2
4545472,2
759774,3
3525929,1
776017,5
4872869,1
3414804,2
776011,1
3525841,0
1969763,0
750365,0
