781879,100.0
781878,100.0
3986737,50.0
5685848,50.0
2628777,50.0
631859,50.0
3987110,50.0
782350,15500.0
3854604,50.0
3929423,50.0
3986501,50.0
3986504,50.0
3986991,50.0
3853500,50.0
3857567,50.0
3986902,50.0
3856907,50.0
3926653,50.0
638926,50.0
3858076,50.0
3645904,50.0
782022,100.0
3431891,50.0
2098170,50.0
3645903,50.0
3987038,50.0
3326556,50.0
3986338,50.0
3986725,50.0
6021223,50.0
3854523,50.0
3986482,50.0
3854487,50.0
3855827,50.0
636424,50.0
3856642,50.0
659455,50.0
671841,150.0
6022707,50.0
3987122,50.0
3986342,50.0
3856973,50.0
782291,1350.0
3987029,50.0
3853226,50.0
3986158,50.0
640624,100.0
648599,50.0
668976,50.0
781609,50.0
3986492,50.0
3858228,50.0
3856897,50.0
3987052,50.0
3986936,50.0
3986838,50.0
3986528,50.0
3645922,50.0
3856727,50.0
3856990,50.0
782097,250.0
3987133,50.0
3854187,50.0
3855759,50.0
781835,150.0
3854021,50.0
3856967,50.0
645184,50.0
3986406,50.0
3986090,50.0
696839,50.0
6024225,50.0
3986095,50.0
3986928,50.0
3853864,50.0
781503,100.0
782346,350.0
782019,100.0
3986261,50.0
3986796,50.0
633739,50.0
626540,50.0
3853745,50.0
3986554,50.0
732554,150.0
3986551,50.0
631156,50.0
583180,400.0
634731,50.0
3986958,50.0
3986599,50.0
3856948,50.0
3854492,50.0
780205,50.0
632354,100.0
3986574,50.0
782101,50.0
3986466,50.0
633864,50.0
3853614,50.0
3854472,50.0
3857727,50.0
3986702,50.0
3986704,50.0
3857800,50.0
3986545,50.0
3854245,50.0
3986620,50.0
3987077,50.0
3986941,50.0
620141,50.0
3986945,50.0
3986603,50.0
781631,150.0
654331,50.0
3856327,50.0
1208237,50.0
64334,50.0
5776667,50.0
650771,50.0
6070303,50.0
3986473,50.0
5897604,50.0
3853974,50.0
780720,50.0
3986697,50.0
3986175,50.0
3853680,50.0
3987006,50.0
6151730,50.0
3853656,50.0
3858195,50.0
5907368,50.0
637126,150.0
3854591,50.0
5950509,50.0
3986977,50.0
3986971,50.0
782238,1250.0
3854709,50.0
3986283,50.0
3858269,50.0
6027015,50.0
3986448,50.0
629167,50.0
3853549,50.0
3986074,50.0
643474,100.0
778555,1050.0
3986273,50.0
5939091,50.0
623516,50.0
3334452,50.0
782100,50.0
3371552,50.0
3986217,50.0
3986213,50.0
3336255,50.0
646450,50.0
781542,150.0
5873119,50.0
3356533,50.0
782348,800.0
782349,700.0
3986841,50.0
782036,100.0
6104552,50.0
2249557,50.0
3986515,50.0
3986747,50.0
3986848,50.0
3857268,50.0
5575767,50.0
626423,150.0
3853411,50.0
6012297,50.0
3645912,50.0
3645911,50.0
5881705,50.0
