886255,1
776441,4
3635975,1
4695296,1
776842,7
776843,9
776840,2
776841,0
776846,2
776847,2
776844,2
776845,4
776848,0
776849,0
3936937,1
776533,2
3541288,1
776534,1
3541289,1
1153128,1
4588206,1
3845491,1
776661,2
776667,2
776664,1
6314204,1
5593012,1
3541720,1
6274247,1
1347657,1
27371,2
3540668,1
3540663,1
3540661,1
3540667,1
3540665,1
6033202,1
3680916,1
1195207,1
3876113,0
776067,1
776069,2
3014790,1
754439,0
3540528,1
861378,0
3541038,1
1051634,1
704704,3
1164107,1
3541030,1
3541037,1
3503452,1
1210350,1
6295323,1
870430,1
3539093,1
844722,1
3540298,1
3540299,1
1163586,1
3540292,1
1374714,1
6120384,1
873988,1
3540294,1
3540295,1
1184255,1
3541102,1
3540996,1
3540450,1
5610420,1
3497816,1
4598374,1
900265,1
578371,0
3514892,1
1234969,1
902535,1
1224409,1
3506201,1
3540187,1
3540188,2
6315781,1
3541211,1
3541219,1
3456177,0
837176,2
1345048,1
4489735,1
4657505,1
776811,4
3594747,1
1531321,1
4628974,1
2117129,1
5078777,2
3540276,1
3502925,1
776810,1
123968,1
775362,1
3541920,1
3541926,1
3541925,1
3504136,1
3541929,1
1043471,1
774360,1
880159,0
3032532,1
2932229,1
4646711,1
776215,3
4212429,1
1869463,1
776191,1
847151,1
1362114,1
1307778,1
2085564,0
3516636,1
1155847,1
899650,1
856425,1
4464435,1
5409580,1
3671409,0
875822,0
1256873,1
3542100,1
3537457,1
659633,1
3542104,1
3542105,1
3542106,1
4487882,1
3500944,1
3500941,0
3540850,1
3539892,1
3540854,1
3541588,0
774587,6
3643912,1
3541581,1
3541582,1
896778,1
748643,2
6309286,1
3541897,1
3807692,1
1253524,1
1016197,1
398023,1
869525,1
776459,2
5927920,1
866342,1
576436,1
776451,8
898703,1
4155420,0
472306,1
22675,3
1137217,1
776851,1
776850,2
776853,2
776852,4
776855,3
776854,2
3540988,1
776856,2
3540986,1
776858,0
3540983,1
3540981,1
776525,1
3629414,1
3331995,1
3604999,1
776670,1
1416667,1
3385239,1
776674,1
3540678,0
1187983,1
3540670,1
3540671,1
3540672,1
3540673,1
1111861,1
402023,1
6229061,1
2995040,1
2441180,1
5201141,1
3540518,1
3541020,1
3541021,1
3542292,0
2439447,1
885045,1
3503335,1
3328020,1
776187,1
1374455,1
4059148,0
776181,5
5564719,1
854075,1
1228397,1
3540469,1
3541113,1
865249,1
771862,2
846364,1
3611933,1
6018037,1
4076418,1
5857462,1
6288831,1
1173317,0
2747294,1
33446,18
6310815,1
902784,1
2976716,1
1356124,1
1299446,1
4507167,1
3541208,1
3541209,1
3541207,1
3541204,1
3541205,1
3541202,1
3541203,1
685852,1
3541201,1
1224501,1
4890700,1
774911,1
4941725,1
887510,0
5081175,1
1298004,1
724700,1
3956741,1
1150643,1
757629,0
3540249,1
92336,1
4007904,1
1360691,1
3541930,1
3541931,1
3541935,1
775193,1
3541937,1
3541938,1
3541939,0
2157760,1
775692,1
871642,1
1390201,1
3541804,1
882958,1
6325279,0
1564662,1
311307,1
775513,2
775515,1
1145965,1
882395,1
863854,0
775996,1
3501792,1
3504894,1
3542131,1
4774682,1
864822,1
3541558,2
4060233,1
867244,1
5791750,1
3097662,1
3541592,1
3541590,1
3541591,1
1432946,0
3540863,1
898827,1
5985153,1
3542003,1
3542004,1
2835111,1
1376196,1
4806934,1
1243363,1
5088344,1
776461,3
3879789,0
3508511,0
774649,1
2679301,1
1255166,0
2832554,1
3541444,1
3511278,0
776868,9
776869,2
3541442,1
776864,4
776865,1
776866,3
776867,5
776860,0
776861,2
776862,2
776863,0
3493102,1
6127888,1
776887,0
776884,0
4419092,1
776881,0
5961585,1
3744169,0
777203,0
3540648,1
3540889,1
3507902,1
92743,1
4146021,1
4037952,1
771986,2
776086,3
845589,0
1156791,0
3540293,1
3540503,1
3540500,1
1199016,1
3541695,1
3541694,1
1180111,1
3587863,0
3541691,1
3541692,1
870854,1
3541699,1
3541698,1
3540297,1
1307456,1
3888259,1
776642,12
1313617,1
745765,1
3153616,1
1356569,1
11588,1
1225431,0
766127,1
776747,0
5076608,1
3540474,1
773882,3
3540472,1
3540471,1
3865771,1
3540479,1
6253896,1
856375,1
1368070,1
754281,2
891309,1
3224313,1
900089,1
3787480,1
865874,1
875025,1
3543349,1
775745,1
3336143,1
1421854,1
1114961,1
3503163,1
1484339,1
875622,1
3541524,1
844519,1
4653393,1
2317560,0
578042,1
10502,3
776784,41
6262632,1
2581540,1
3541306,1
775699,3
3506221,0
3541300,1
871811,1
3541996,0
3540252,1
3541309,1
5733276,0
3541909,1
5446878,1
3541907,0
1705184,1
690288,1
776829,2
775971,1
893741,1
8630,0
859336,1
3510083,1
1140673,1
956106,0
883560,1
3541877,1
3541876,1
2900899,1
774017,1
1134854,1
3541879,1
774011,5
1198515,1
4152281,1
3875270,1
775830,2
3815741,1
611029,1
3846883,1
2335443,1
3847574,1
886040,0
6122887,1
5012320,1
6088271,1
5593172,0
859690,1
3783343,1
6319956,1
3861061,1
896333,1
3051084,1
900531,1
3541474,1
3541477,1
3541476,1
776873,0
776872,0
615707,1
776870,0
776877,1
776876,1
776875,2
776874,0
776509,5
3560969,1
776505,1
3524712,1
3744196,0
776898,0
3503229,1
1197941,1
6072912,1
3540659,1
669157,1
3503224,1
3540890,1
3540891,1
3540892,1
5851840,1
3954467,1
847879,1
776471,2
776479,2
3545753,1
776094,1
776097,7
3541040,0
3541041,1
4590731,1
75468,1
1258372,2
3540875,1
5789313,1
3541683,1
3538316,1
277263,1
3541688,1
776653,4
776652,2
776650,1
776657,4
5734558,1
6098739,1
3615208,1
5316195,1
6015859,1
3540403,1
846345,1
3540400,1
2769732,1
773756,1
1123998,0
776731,2
4423789,1
853704,1
1126927,1
3540318,1
3540317,1
3540313,1
3540312,1
3155933,1
6274349,1
609211,2
6072466,1
3541265,1
3541266,1
3541267,1
6306051,1
3790984,1
5719824,1
3539668,1
2611638,1
6263704,1
774936,2
90724,19
3541310,1
772158,2
1091841,1
3540221,1
3540220,1
3541918,1
3541919,1
3541912,1
3541910,1
3541911,1
3541916,0
3541917,0
317064,1
2637159,1
1280843,0
5103300,1
775539,1
3822856,1
895437,1
4806445,1
3540139,1
3540428,1
857969,1
4591939,1
847698,1
6315075,1
871531,0
5837232,1
2718600,1
5950785,1
4376235,1
3072892,1
3834298,1
690147,16
4472961,1
1336097,0
3698450,1
3500591,1
4405839,1
3501214,1
2523562,1
5347602,1
1117950,1
3647245,1
561506,4
3542332,0
3542063,1
3542062,1
1313957,1
3542066,1
887276,1
1366454,1
3540793,1
3540790,1
901693,1
6081796,0
873529,1
2610776,1
782705,1
3540804,1
2843874,1
862437,1
1425582,1
4410703,1
6238121,1
2939849,2
859363,1
493297,1
4560435,1
31953,1
4571975,1
776792,2
776793,2
776790,0
776791,4
776796,1
776797,1
776794,1
776795,4
6225036,0
898665,1
776799,2
6259102,1
3541479,1
844324,1
6294819,2
3048603,1
3604253,1
726575,1
1210065,1
3879494,1
6270889,1
852469,1
4405165,1
3541075,1
1351151,1
3541073,1
3680662,1
1216966,1
5947878,1
4409090,1
712290,1
3908825,1
3500493,1
140879,1
6145069,0
776132,3
5658408,1
2662723,0
4062497,0
3302251,1
3540401,1
3503561,1
3541789,1
3541783,1
3541782,1
3541781,1
3541780,1
3541787,1
1152596,1
1280308,1
3541257,1
3540304,1
3540305,1
894359,1
6132975,1
4752755,1
1221343,1
5739686,1
1104490,1
3683199,1
1382719,0
1371562,1
1236981,1
3404036,1
1134098,1
1159975,1
1246100,1
3540238,1
3540239,1
3541325,1
3541324,1
3541327,1
3541326,1
6148877,2
3710499,1
3540236,1
3540657,1
3367961,1
724595,0
3851657,0
1286538,1
6005748,1
2211188,0
3541129,1
504303,2
195114,2
1347136,1
869875,1
3501054,1
860510,1
1207172,1
970340,0
3510260,1
2082090,1
3500098,1
3396193,1
667582,1
3501182,1
3534541,1
3541898,1
3800578,1
3541896,1
3541895,1
3541891,1
3507470,0
5178819,1
3542070,1
6024886,0
3542074,1
3542075,1
3542076,1
3542077,1
1223650,1
3620528,1
2674519,1
5597856,1
5237537,1
3540780,1
3540782,1
3540783,1
3540784,1
3728288,1
3540787,1
3540788,1
776809,2
1273701,1
881035,1
114538,1
3500675,1
3896537,0
1161593,1
11,4
3292563,1
3541419,1
816914,1
3138150,0
900512,1
774780,1
896194,0
3542102,1
1230582,1
4554108,1
3867721,1
1337135,1
890669,3
1351323,1
776781,10
776780,4
776783,7
776782,2
776785,1
3541522,1
776787,2
776786,1
776789,0
776788,2
3541370,1
24639,2
1395573,1
1175698,1
897481,1
372118,32
3541069,1
3541067,1
4954328,1
3541665,1
4617004,1
1267578,1
873062,1
6277435,1
870266,1
1301416,1
5674595,1
3658,5
901344,1
776122,3
3540425,1
3540424,1
3618009,1
6098973,1
3540423,1
6104565,1
1277184,1
524558,1
3541790,0
3672150,1
3541792,1
3503801,1
880189,1
5080594,1
3541768,1
3538607,1
2955394,1
1152143,1
4088975,1
1368082,1
5320151,1
3841613,1
3541242,1
3541241,1
3540331,1
3540330,2
3120029,1
3540332,1
3540334,1
3540337,1
3541085,1
3541086,1
3541081,1
1476777,1
3541083,1
12267,1
5613259,1
899499,1
3506540,1
1206549,1
3506543,1
700503,3
1120236,1
5411519,3
864554,1
865029,1
1188443,1
3503602,1
3509282,1
773958,1
772134,2
875984,1
80859,2
3510545,1
6222695,1
3846345,1
749722,0
850710,1
62691,1
3511273,0
3355733,1
757538,1
774265,5
6069363,1
774267,1
1207765,1
2918693,1
3504498,1
6103172,1
898860,1
129918,1
3541886,1
3541880,1
3541881,0
3541882,1
3541883,1
3542044,1
3525980,1
3542042,1
3806641,1
896291,1
1378699,1
3811950,1
5012158,1
3510322,1
4258459,0
2005915,1
1209216,1
3507602,1
894927,0
2926541,0
855577,0
3540933,1
3541401,1
3541406,1
3541407,1
1231622,1
3500240,0
3507266,1
3507911,1
776338,5
861564,1
2454922,1
3540689,1
3540688,1
3540681,1
4213656,1
3541530,0
3541531,0
3539802,1
903536,1
3541014,1
696390,8
776424,1
1358497,1
4049382,1
776756,3
776757,6
776754,2
776755,20
776752,2
776753,8
776750,2
776751,3
1357652,1
1258582,1
776759,0
4752511,1
900198,1
3507139,1
1299014,1
6280896,1
2550808,1
3507132,0
3541659,1
3541658,1
3540754,1
3540753,1
3540750,1
857988,1
1223318,1
3540759,1
3541656,1
855593,1
776682,2
733564,1
3511929,0
877243,1
5222119,1
1306364,1
922674,0
3242816,1
853539,1
897558,1
901376,1
605480,1
3540436,1
901371,1
3540435,1
894111,1
900132,1
776857,2
723550,1
14302,1
1257220,1
3866044,1
776859,2
3542458,0
3540987,1
3962964,1
3432616,1
2160089,1
879509,1
6079845,1
3510352,1
3540324,1
3540325,1
3540322,1
6235341,1
3540328,1
3502438,1
1298764,1
850890,1
3488738,1
891233,1
5350833,1
3536704,1
6279598,1
3124208,1
1466518,0
5642216,1
3539656,1
3539652,1
3540213,1
3540459,1
3540217,1
3540218,0
3540219,1
3541349,1
870030,1
772121,4
1239287,1
3502723,1
3541347,1
4050327,0
3501815,1
4412235,1
1294856,1
3030902,1
899557,1
3618529,1
3504029,1
1118037,1
1116760,1
1876939,1
886827,1
4488139,1
1353148,1
775270,1
1154061,1
864946,1
3541636,1
2856501,1
3542051,1
3542057,1
3542054,1
3541497,1
3490855,1
3507856,1
3576057,1
1461677,1
776879,0
2059069,1
4036348,1
3541498,0
4281343,1
869640,1
4854586,1
899894,1
3500658,1
3540924,1
3540920,1
855565,1
403488,2
1100057,1
5763269,1
3542046,1
771577,1
3540696,1
3540694,1
3540695,1
3540692,0
3540693,1
3540691,1
3482070,1
3540699,1
3573862,1
882652,1
3542048,1
3507634,1
881050,1
776432,2
869589,1
6134662,1
776745,2
776744,2
3554853,0
776746,2
776741,4
776740,8
776743,1
776742,0
575900,1
776749,2
776748,4
3541647,0
1780757,1
3541641,1
776697,2
776696,1
3540746,1
3540747,1
3540742,1
3540743,1
3553084,1
776698,3
3499461,0
4577658,1
6331297,2
776328,6
2966188,1
5245350,1
740968,0
751879,4
852347,1
6387,1
1179238,1
776871,0
894127,1
870931,1
3538284,1
2064769,1
3536398,1
844689,1
6209666,1
1309088,0
865311,1
3540595,1
3540594,1
3540597,1
3884818,1
3540591,1
3540590,1
3540593,1
3540592,1
900140,1
1375740,1
3506417,1
6091791,1
3607778,1
1203040,1
3505494,1
752816,1
1228296,1
865900,1
4787738,1
3509064,1
1172285,1
1142148,1
3541350,1
3541351,1
3541352,1
3541353,1
3541355,1
3541356,0
762350,2
1382585,0
4443265,1
3540222,1
3932923,1
3503724,1
3890441,0
3506560,1
3502662,1
3540173,1
3540171,1
3540170,1
3540176,0
3540174,1
3542195,1
3538958,1
565087,1
1308237,1
3505815,1
3795395,1
4987626,1
1128060,1
278186,23
882246,1
6261348,0
775862,100
6315380,1
1303310,1
862749,1
3252208,1
1208180,1
775915,1
775917,2
3541421,1
3541425,1
3850882,1
22,5
2479363,1
3448378,1
1123482,1
3534136,1
4629047,0
771586,1
6038896,1
776595,1
776596,5
776590,1
776598,3
4998937,1
1218078,1
748424,1
3010508,1
5116909,1
3534221,1
3541518,1
3541519,1
3541516,1
5981454,1
3541514,1
3541513,1
776770,2
776771,2
776772,5
776773,6
776774,1
776775,2
776776,2
776777,3
776778,2
776779,4
853607,1
3541632,1
3541637,1
870839,1
457027,4
2114405,0
3540770,1
1175881,1
5492987,0
898717,1
3786208,1
3214898,1
4316335,0
776355,9
10871,2
3408695,2
1238331,1
3540468,1
214237,2
3541189,0
885169,1
3541181,1
3351442,1
3541749,1
3541748,1
3541747,1
1100993,1
3496671,1
3540460,1
1143570,1
3541293,1
874114,1
3661757,1
3508818,1
1195083,1
3501980,1
3541299,1
3540583,1
3540580,1
3540581,1
3540586,1
3540587,1
3540584,1
3540585,1
3541291,0
3540588,1
3540589,1
3541294,1
3541297,1
3540687,0
3505488,1
872551,1
776836,0
6259811,1
772851,1
3509120,1
3503022,1
5104,58
3541367,2
3541366,1
3539962,1
865566,1
3541369,1
3541166,1
3541165,1
3541164,1
3541163,1
3541161,1
3541160,1
3539704,1
3541169,1
875339,1
1326702,1
10476,4
1315827,1
776839,3
3541966,0
731043,2
3506911,1
3757941,1
2977094,1
724065,1
1552925,1
3540169,1
3533867,1
3540164,1
3540165,1
3540166,1
3540167,1
3501019,1
4141524,1
4070987,1
6065129,1
3996170,0
1386906,1
1386901,0
1104432,1
5093328,1
20302,4
4142939,0
1233384,1
3852704,0
775857,1
1021837,1
3541987,1
713281,1
760103,1
4332359,1
776202,1
4473067,0
106788,1
3459703,1
5936818,1
1123367,1
1233568,1
4514020,0
3540901,1
887553,1
3122215,1
1338662,1
776758,4
738090,4
3510551,1
1606759,1
630999,2
846195,1
5582413,1
3507134,1
4465445,1
898893,1
3541567,1
3541565,1
3541564,1
4888750,1
881071,1
1214000,1
886203,0
776769,4
776768,4
776767,4
776766,6
776765,3
776764,2
776763,1
776762,2
776761,1
776760,5
3541622,1
3610195,0
6025644,1
6220402,1
3540769,1
3540767,1
3540764,1
755546,1
3541198,1
3541199,1
5785499,1
1258269,1
3541190,1
3541191,1
3541196,1
3541197,1
3541194,1
3503512,1
3541758,1
3541759,1
3541754,1
3541756,1
3541757,1
3541750,1
3541751,1
1238535,1
3541753,1
3541381,1
3796936,0
740219,1
17440,3
1306242,1
3541287,1
3542068,1
3541282,1
3541283,2
3541280,1
3530919,1
3540375,1
3540374,1
3540371,1
3540370,1
3540373,1
3540372,1
1356754,1
2024921,0
776728,40
3540579,1
3540576,1
3540575,1
3540574,1
3540572,1
3540571,1
3540570,1
4663497,0
1379587,1
3506615,1
2948971,1
879132,1
3066015,1
3541372,1
878794,1
865579,1
3542141,1
3541375,1
3541378,1
5650143,1
3541174,1
3540489,1
3541177,1
3541170,1
3540483,1
3540482,1
3540481,1
3540487,1
3540485,1
3540484,1
3509736,1
870770,0
3368855,2
3502280,1
663738,1
44521,1
3540089,1
3504722,1
3540438,1
3540396,1
3540394,1
3540393,1
865112,1
5076407,1
3540399,1
3724410,1
847674,1
1376066,1
3502849,1
4204057,1
5141817,1
3540168,1
4242048,1
6059727,1
4042377,0
775284,1
689312,17
769401,4
3508198,1
2729942,1
1262734,1
737929,0
6274492,1
1661658,0
1380071,1
776560,1
3542088,1
4174155,1
1773057,1
3541995,1
3542080,1
3541998,0
3542087,1
6156583,1
903166,1
3541815,1
1133419,1
5243009,1
1123377,1
776320,1
3540973,1
3538970,1
774154,4
3540977,1
3540975,1
3540974,1
3540979,1
3534442,1
1364841,1
897196,1
1284627,1
3541818,0
6204842,1
6142998,1
712253,1
3276409,1
3566947,1
3500514,1
3500519,1
3598625,1
3540803,1
3540802,1
3540801,1
3540800,1
1380094,1
903375,0
1353482,0
5925572,1
3468255,1
7420,1
887568,0
5310886,1
776713,8
776717,1
776715,19
776488,37
776482,1
3541616,1
776487,2
3540718,1
859621,1
3540713,1
3540712,1
3540717,1
3540715,1
3540714,1
899822,1
776379,1
776808,2
3423017,1
776806,4
776807,0
776804,20
776805,5
776802,4
776803,0
776800,2
776801,1
776627,6
776153,1
776629,3
2787471,1
3540627,1
3540626,1
3540625,1
3540622,1
3541760,1
3541762,1
3541767,1
3541766,1
737173,2
3498896,0
3351864,1
3540323,1
744523,1
3503890,1
88428,18
891363,1
3836713,1
889263,1
3540369,1
766031,4
3540366,1
3540367,1
3540364,0
3540876,1
3540569,1
4896188,1
1101440,1
3836427,1
5157838,1
3506339,1
3746290,1
2854260,1
2096743,1
864507,1
775615,1
3769279,1
3541387,1
3541383,1
3541382,1
772475,9
3541380,1
3540498,1
3540499,0
3907440,1
900220,1
3540491,1
3540492,0
4285954,1
3540495,1
3540496,1
3506935,1
772496,1
1255811,1
3506930,0
108627,1
432799,5
3939266,1
2486535,1
3541603,1
1379640,1
3540140,1
3540146,1
3849450,1
898749,1
3540384,0
3540385,1
3540386,1
3539347,1
3540380,1
2391098,1
1128900,0
5537951,1
3540389,1
3504268,1
6258344,0
4464905,0
364623,1
3094568,1
860954,1
746107,1
738967,0
743646,3
865635,1
3789839,1
3508181,1
775124,3
776798,2
3542096,1
3542090,1
3509672,1
3542099,1
3533022,1
3532519,1
3371840,1
4318201,0
3911462,1
6286945,1
6281537,1
3504060,1
4438983,1
880537,1
3540965,1
3540966,1
3540967,1
774418,1
730287,1
3542145,1
3542140,1
5027479,2
3510573,1
899613,1
886173,1
681308,42
640,5
736504,4
776569,3
1140234,1
776561,2
4116715,0
2922911,1
869386,1
3540818,1
3540814,1
3540815,1
3540816,1
3540817,1
3540810,1
3540811,1
3540813,1
224053,1
1126084,1
5906347,1
5042638,1
92224,1
1140438,1
3540478,1
1348988,1
776705,1
776706,22
776498,1
5245887,1
866659,2
1254174,0
3541606,1
3541607,1
3541604,1
3540709,1
2763169,0
3540700,1
3540701,1
3540707,1
1325391,1
776819,2
776818,3
776815,7
776814,2
776817,4
776816,4
3524171,1
6213899,1
776813,11
776812,3
776634,1
1619892,1
776632,2
1282069,0
3885611,1
3541776,0
3541777,1
3541774,0
3541773,1
3541770,1
3541771,1
3515949,1
3541779,1
855676,1
4471759,1
4980904,1
3874853,1
879206,1
56394,1
3502448,1
776037,1
889250,1
776032,1
2555846,1
776030,6
3540555,1
4347149,1
93311,34
6216685,1
894070,1
821147,1
739396,3
775600,1
775605,4
3046015,1
5997376,1
734873,1
3541399,1
3539755,1
3541394,1
3541395,1
3541397,1
3541390,1
3541391,1
3541393,1
3502592,1
3506036,1
4617557,1
772647,1
6253580,1
3502916,1
3079552,1
6084395,1
4191746,1
3509599,1
3572077,0
870550,1
958170,0
775734,7
2211592,1
3273892,1
3085805,1
3502828,1
743258,2
1304241,1
840673,1
5822990,1
1218810,1
781348,0
1123757,1
3540744,1
1188954,1
746680,1
3541978,1
681944,1
3541977,1
1222179,1
2351200,1
735080,1
903100,1
3504306,1
774178,1
3792998,1
27640,31
782091,0
876002,1
775957,4
1080541,1
865648,1
5025697,1
1358120,1
1866908,1
882206,1
6281618,1
5885853,1
776551,1
868972,1
3540494,1
776557,0
3541552,1
3541553,1
3541550,1
3541551,1
3541556,1
3541557,1
3540821,1
3540820,1
830058,1
3540822,1
3540827,1
5492144,1
3510129,1
1137321,1
1244112,1
6270135,1
877442,1
3540735,1
3540737,1
1119039,1
3500400,1
1364957,1
852570,1
3754164,1
4111756,1
2463282,1
776828,2
4609322,1
4437737,1
3500445,1
776820,3
776821,2
776822,1
776823,2
776824,6
776825,13
776826,2
776827,2
1373933,1
776601,1
1324368,0
776607,2
776609,7
3541703,1
3541702,1
3950520,1
3541709,1
3541708,1
3540604,1
5242925,1
776734,2
776735,2
776736,2
776737,2
776730,0
3541785,1
776732,53
776733,20
6229728,1
776738,4
776739,3
224319,19
1119345,1
3530410,1
1411228,1
1127841,1
6056068,1
3539935,1
776908,0
4960339,1
900110,1
901463,1
3541013,1
877221,0
6218605,1
122633,1
1130545,1
5022566,1
5765134,1
870096,1
1167026,1
3693712,1
679085,2
891345,1
3541128,1
3542611,0
3541127,1
4010894,1
5349655,1
1287086,1
5986003,1
3502902,1
1257522,1
3234550,1
1382914,0
1985027,1
2325278,1
864418,1
3501904,0
3538766,1
3541231,1
3541230,1
865389,1
865926,1
1223568,0
3508565,1
4612355,1
6336454,1
891650,1
1243627,1
3540368,1
865752,1
3824234,1
1286421,1
5142563,0
1294964,1
887005,1
1372258,1
775384,2
568239,1
4532255,1
775895,1
3286844,1
747364,2
44081,1
3541941,1
899742,1
3541943,1
4702414,1
3541947,1
3541946,1
3540649,1
5853424,1
5499930,1
3791426,0
775568,7
1179904,1
775965,1
3541490,1
746782,1
746781,2
1401892,1
3540941,1
5043491,1
132102,2
4541136,1
4808015,1
5388387,1
3540838,1
3540839,1
3541831,1
3541830,1
3541832,1
3534521,1
3540888,0
1245477,1
3844624,1
1251105,1
5906811,1
726441,1
428898,1
887596,1
1403010,0
3525598,1
869980,1
5191940,5
3540721,1
3540724,1
6109815,1
755292,8
776837,0
1210141,1
776835,2
776834,2
776833,2
776832,1
776831,1
776830,10
3542375,0
1286336,1
6335235,1
776838,4
4134629,1
776540,1
2831726,1
852141,1
1404431,1
844950,1
776612,2
5544601,1
776610,9
3756623,1
896340,1
3541716,1
576748,2
3767096,0
870954,1
5655051,1
746020,1
846174,0
567369,1
5466866,0
776723,1
776722,2
776721,2
776727,9
776725,20
776724,9
776729,0
1559651,1
4692872,1
744550,2
2517979,1
845553,1
3540530,1
3106697,1
776051,1
3540538,1
776056,1
939848,1
3503469,1
3770109,1
3541002,1
5957028,1
6114862,1
210014,1
776161,1
775628,1
3540288,1
2698336,1
882400,1
4585618,1
3540286,1
3540281,1
1243486,1
894234,1
3540448,1
3540447,1
846389,1
3540444,1
3540443,1
3540442,25
3540441,1
3540440,1
3540504,13
5236029,1
3797337,1
2951635,1
4144698,1
875560,1
4125503,1
726945,1
3498622,1
3512710,0
2885842,1
4969318,1
875581,1
3540191,1
3540193,1
3540192,1
3301411,1
1357449,1
3881253,1
3541224,1
3541225,1
3541226,1
5137466,0
3541220,1
3540971,1
3541223,1
4665892,1
3540237,1
3541228,1
4025716,0
3541752,1
3659019,0
6289603,1
759864,1
867869,1
4593431,1
864268,1
1135213,1
869992,1
1889582,1
3540265,1
3540922,1
3501226,1
688071,16
3540268,1
5155925,1
3541955,0
3541952,1
3541953,1
33513,6
3541951,1
29956,1
850576,1
903125,1
538629,4
3094182,1
875966,1
6221899,1
5614304,1
3440124,1
788788,1
1101081,1
3541480,1
3541482,1
1362123,1
91782,1
3387363,1
860830,1
1322509,1
3886559,1
3670115,1
3542117,1
3542114,1
774050,1
848072,2
4452757,1
774574,2
1121737,1
3541178,1
775403,1
5621246,0
3540841,1
3540840,1
3540847,1
3540849,1
3540848,1
3500795,1
774592,3
3541828,1
3541829,1
3541820,1
3542027,1
3542025,1
3542021,1
1971800,1
2889301,1
5373136,1
3880414,0
3540475,1
3381749,1
5042001,1
73881,1
750365,1
