4036447,1
4036117,1
4036443,1
4036440,1
3657718,1
3657712,1
3657713,1
3657710,1
3657711,1
3657716,1
3657717,1
3657714,1
3657715,1
3657728,1
4739792,1
4036062,1
4036063,1
4036066,1
630880,1
3658046,1
4099446,1
627593,2
4036232,1
4037228,1
4036236,1
4101012,1
4759503,1
3657819,1
3657818,1
3657769,1
3657815,1
3657814,1
3657765,1
3657816,1
3657811,1
3657810,1
3657761,1
3657760,1
4036287,1
4036281,1
4036283,1
4037123,1
4105289,1
4036382,1
3657888,1
3657889,1
746623,11
4036407,1
696839,1
4103756,1
3658155,1
4206913,1
3658156,1
4105667,1
3658159,1
3658091,1
3658003,1
4036938,1
4036830,1
4036933,1
4036393,1
4036390,1
4036396,1
4036394,1
634731,1
4036399,1
3658021,1
4036499,1
3658027,1
3658029,1
4036497,1
4036491,1
4036493,1
4104919,1
4762941,1
4036654,1
4036301,1
4036477,1
3657724,1
4036474,1
4036472,1
6091427,1
4101524,1
4036478,1
4104769,1
3657722,1
3657720,1
3657727,1
782400,1
3657725,1
716564,7
4036085,1
2709235,1
4036080,1
4036070,1
4036150,1
4681498,1
4036404,1
4036409,1
4037276,1
1728104,1
4037378,1
4036234,1
4196715,1
3657849,1
4036275,1
4036271,1
655614,2
4099834,1
6100458,1
646450,1
4036974,1
3658120,1
4037117,1
670117,1
4600279,1
4788385,1
3657699,1
3658047,1
4035923,1
3658067,1
4037024,1
3657667,1
3658063,1
3658062,1
3658069,1
3658068,1
4099838,1
3658108,1
3658109,1
3658107,1
3658104,1
3658105,1
3658100,1
4654593,1
4036438,1
4855641,1
4036431,1
4036125,1
4036436,1
4036435,1
4035996,1
638926,1
636424,2
3658035,1
4036356,1
3657767,1
4036354,1
4035846,1
3657766,1
4036358,1
4036720,1
5582847,1
4036229,1
3657763,1
716573,2
4037237,1
3657762,1
4207140,1
3657808,1
3657778,1
3657779,1
3657802,1
3657803,1
3657777,1
3657806,1
3657771,1
3657772,1
3657805,1
4035889,1
716829,3
4201313,1
4212198,1
716437,9
4037242,1
4096988,1
3657878,1
3657877,1
4216075,1
623014,1
716221,1
781740,1
4037144,1
3658143,1
4036416,1
4036421,1
4035835,1
4036369,1
4219722,1
4036412,1
4036363,1
4036361,1
64334,2
4281493,1
3657773,1
4036488,1
3658132,1
3658039,1
3658037,1
4036481,1
4036484,1
3658031,1
4103744,1
782395,8
782394,1
782397,5
782399,1
782398,9
4036310,1
4036316,1
4036314,1
4036465,1
4036467,1
4036463,1
4036503,1
4101698,1
4035989,1
4036507,1
4036506,1
4103411,1
3657730,1
3657731,1
3657732,1
3657733,1
3657734,1
3657735,1
3657736,1
4180454,1
3657739,1
4099934,1
4036005,1
4035795,1
4035794,1
4036217,1
4037365,1
4037362,1
3657784,1
3657786,1
3657781,1
3657783,1
3657789,1
3657788,1
4036260,1
4036264,1
4189403,1
3658184,1
3658182,1
781878,7
3658181,1
3658188,1
631859,1
4036862,1
4187697,1
4035914,1
4035916,1
3658071,1
3658076,1
3658077,1
3658074,1
3657698,1
4098741,1
3657695,1
3658079,1
3657693,1
3657692,1
3657691,1
4205627,1
3658173,1
3658172,1
4036919,1
3658174,1
633739,3
4104633,1
4104739,1
4100259,1
4036788,1
4036424,1
4104988,1
4097109,1
4035985,1
4035982,1
3658007,1
3658006,1
4101317,1
4219268,1
3658009,1
3658008,1
4036321,1
4036049,1
4036325,1
4036648,1
4036046,1
4036251,1
4035965,1
4036259,1
4195273,1
4104181,1
4036256,1
4036255,1
4036254,1
4036312,1
3657749,1
4105744,1
3657852,1
4036615,1
3657740,1
4201049,1
3657744,1
4036130,1
4189688,1
4632723,1
778555,4
4037254,1
5483834,1
633864,1
3658090,1
3658158,1
4622941,1
4099267,1
3657862,1
3657863,1
3657748,1
4037175,1
4176317,1
665316,1
4036954,1
623466,1
4598359,1
3657742,1
4036378,1
4035820,1
3658124,1
4036771,1
3658049,1
4036774,1
3658121,1
3658122,1
3658123,1
3658043,1
3658042,1
3658041,1
3658128,1
3658129,1
3658045,1
643474,1
2094772,1
4035956,1
4036450,1
4036452,1
4036457,1
4036459,1
4036511,1
4103461,0
666421,1
3657709,1
3657708,1
716222,3
3657705,1
3657704,1
3657707,1
3657706,1
3657701,1
3657700,1
3657703,1
3657702,1
4105010,1
4036586,1
3874111,1
4101268,1
4036072,1
4104862,1
4036076,1
4036074,1
4036079,1
4101343,1
4036205,1
4379336,1
4036202,1
4036018,1
4036192,1
4202389,1
4037353,1
4036198,1
3657793,1
3657791,1
3657796,1
3657794,1
3657795,1
3657798,1
3657799,1
4036297,1
4036293,1
4036290,1
4037135,1
4037139,1
4036127,1
4211250,1
5282297,1
3657894,1
3657896,1
3657892,1
4098752,1
4098456,1
52497,4
3657688,1
3657689,1
4741685,1
3658087,1
3658086,1
3658085,1
3658084,1
3657680,1
3658082,1
3658081,1
3658080,1
3658168,1
3657895,1
4036923,1
4036639,1
4036926,1
3658161,1
3658162,1
3658163,1
3658165,1
3658166,1
3658078,1
4036306,1
5983995,1
4036384,1
4036387,1
538006,1
4104627,1
4036027,1
4036792,1
4036021,1
4036790,1
781879,10
4206585,1
3658014,1
3658015,1
3658016,1
3658017,1
3658010,1
3658012,1
3658013,1
3658018,1
3658019,1
4036330,1
4036333,1
4036336,1
631156,1
583180,3
4215492,1
3657756,1
4706089,1
3657755,1
4035883,1
3657753,1
3657751,1
6164978,1
3657758,1
3657759,1
2247994,1
4102351,1
4036413,1
4036144,1
4036418,1
6297554,1
4105377,1
3657837,1
650771,1
4789732,1
4035978,1
4201937,1
4104871,1
3657851,1
3657850,1
2663413,1
3657855,1
3657854,1
3658053,1
3657685,1
3657686,1
4037161,1
3657687,1
4036808,1
3657681,1
3657683,1
623516,1
4036349,1
4035936,1
4036343,1
4036344,1
4036346,1
3657675,1
3657674,1
3657677,1
3657676,1
3657671,1
3657673,1
3657672,1
3657679,1
3657678,1
3657723,1
3658112,1
3658114,1
3658050,1
3658051,1
3658052,1
772470,1
4035949,1
3657775,1
4035943,1
3657726,1
