5623269,0
5992117,0
778116,1
778117,1
778114,38
778115,2
778112,1
778113,6
778110,1
778111,1
778118,2
778119,1
3650160,2
1500471,1
4364136,2
4357079,0
778289,1
777820,2
460601,0
27371,2
3648912,2
4290343,1
3650494,1
3650942,1
6146711,1
3650940,2
3650947,2
3650945,2
3564489,2
3564488,2
3649101,2
3564485,2
3564486,2
3564483,1
4822933,2
1500825,2
3564249,2
3564244,2
5436112,2
1489912,2
4440004,2
3642465,2
3650839,2
766104,0
3642469,0
3564799,1
3564798,2
3641668,2
3564791,2
3564790,1
3564792,2
3564795,1
3564796,1
3641687,0
3641683,0
6173880,1
739216,1
775768,1
3561531,0
3564667,1
3564668,2
3564465,1
3564464,1
3564462,1
775893,0
3565356,2
3565355,1
3565352,1
3565353,2
3565350,1
4411525,2
5181,2
3526253,0
3564809,2
3565533,2
3565536,2
3565537,1
3565535,2
3564800,2
6248089,1
3564805,2
3564804,1
1506056,2
4409587,2
3564966,2
3652159,1
3647141,2
776742,0
67109,0
3564939,2
3564934,2
3564937,2
3564936,2
3564931,2
3564930,2
3564933,2
3564932,0
3648106,1
3648102,2
6223737,2
778079,9
778078,2
5883979,1
778075,2
778074,2
778077,1
778076,1
778071,5
778070,4
778073,18
778072,2
777920,0
3648585,1
5948077,1
3649852,2
4407747,0
3642535,1
5524910,0
6086565,1
777036,2
3644014,1
5421861,2
3643918,2
230648,0
1514958,1
4412964,2
3652374,1
3651179,1
1510414,2
4310011,1
3651176,2
777727,1
777720,3
3647213,2
3646948,2
3651393,1
778105,14
778104,1
778107,1
778106,1
778101,5
778100,2
778103,1
778102,1
778109,1
778108,1
3565217,2
1405820,0
3650155,1
3650626,2
625487,0
3650152,2
4341738,1
777852,10
777853,0
777851,0
717337,0
777855,1
777215,2
1500703,1
4980944,1
3648922,2
5436216,1
3648928,2
5444754,1
3650532,2
3564498,2
3564497,2
3649724,2
3564258,2
4449324,1
3564250,1
776187,0
776188,0
4313436,1
3650849,2
3564785,2
3564782,2
3564781,2
3650844,2
3641678,2
4403954,1
3647923,2
3641675,2
1483561,0
1501383,1
33446,30
4295676,1
3648148,2
3564677,2
3642529,2
3564675,1
777606,1
618816,0
3564477,1
3564470,0
3564473,1
3564479,1
3565323,2
3565322,2
3565321,2
3565327,1
3565324,2
3565329,1
3565328,2
4321120,2
3563414,0
157398,0
3643236,2
4351228,1
4347497,2
5421476,1
1504977,1
3564929,2
4390687,0
4351047,1
5523576,0
3485828,0
751012,0
3565417,2
778048,2
778049,3
3642391,0
778040,3
778041,81
778042,3
778043,5
778044,2
778045,1
778046,10
778047,1
4345654,2
777930,31
3648596,2
777936,0
777938,0
1491303,1
3564812,2
3565148,2
3650702,1
3650705,2
1486413,2
3650709,2
816816,0
3647598,2
777739,0
1421337,0
3647594,2
3646958,1
776461,1
3649087,2
778130,1
778131,1
778132,1
778133,1
778135,1
4345244,2
778139,1
3650215,1
1487300,2
777596,0
5015851,2
777846,4
4359079,0
3558473,0
1501649,2
1493754,1
5413250,2
3564311,2
5296110,2
3564313,2
3651035,2
771986,0
1073865,2
845589,0
6191809,1
3564266,2
240947,0
5500993,0
736715,1
3642406,2
1492240,1
3650857,2
339842,0
3163290,0
5427298,1
778054,3
1524022,1
3649164,2
736552,0
3641990,1
3641995,1
3647868,0
3642247,2
3564681,2
3564441,2
3564442,1
3564445,2
3565330,1
3565333,1
3565335,2
3565337,2
3565338,1
774900,0
739300,2
10502,1
346558,2
763554,3
775699,1
4363799,0
5624198,2
5249816,1
1502742,2
321,1
1501886,1
5288304,2
778057,1
778056,1
778055,3
3648438,0
778053,3
778052,1
778051,4
778050,3
782041,1
5419302,2
778059,1
778058,1
4425022,2
3565240,2
3565241,2
3565242,2
4318231,1
777909,0
777906,4
3564860,2
576871,0
6078695,1
3564868,2
3648722,2
750990,0
3648545,2
750993,0
774017,0
3649236,2
774011,0
3650739,1
3650733,2
207489,0
3651153,2
644191,0
4317092,2
3649521,2
5605644,1
778129,2
778128,2
778127,1
778126,1
778125,1
778124,2
778123,4
778122,1
778121,3
778120,10
372118,21
92336,0
777877,3
777879,0
3647051,0
4188229,1
145349,0
3650194,2
1495974,1
4371017,2
3564309,2
1510766,2
445029,0
3564305,1
1522544,2
5244199,2
5300289,1
3651024,1
3595789,0
777698,1
4383310,1
3564274,2
776258,1
3649809,1
1033388,1
3649701,1
1526821,2
4342950,2
773750,2
1501457,1
773756,0
1505991,0
773974,0
1510995,0
3657077,0
3647878,2
1496600,1
3564693,2
609211,0
3564459,1
3564456,1
3564454,1
224319,3
3564452,1
3564450,2
4345416,2
3565305,2
4320294,2
775355,1
3642610,1
4431221,1
90724,1
775686,1
3885914,2
781704,1
3565015,2
4402429,2
775532,0
1512138,2
1535766,0
3565499,2
3565498,1
3565495,2
3565496,2
3565491,2
778022,1
778023,3
778020,1
778021,2
778026,1
778027,10
778024,1
778025,1
778028,1
778029,2
3565279,2
3652296,1
777918,0
2606171,2
690147,0
777686,12
750982,0
6106630,0
778332,1
706022,1
3648133,2
4869893,2
774483,0
1487320,2
3650617,2
3650612,2
5437283,2
4350931,1
755006,0
777863,0
1501325,2
777867,1
4436187,2
777045,0
5048325,1
631894,1
3564803,0
3650186,2
3152560,2
3564807,2
3676640,1
1523886,1
3650503,2
3650057,2
4413841,1
3648957,2
776402,0
3650298,2
777316,0
3564209,1
4396397,0
4423200,2
3650473,2
3650871,2
3650877,2
5648303,1
4348373,2
3649604,2
773563,2
1782704,1
3642516,1
3642510,1
4352307,2
3647803,1
5990480,2
3564429,1
5598954,1
3564422,2
3564421,2
3564420,2
3564427,2
3641732,1
3564425,2
3562444,0
3648675,1
3564308,2
3564737,2
3564736,1
6049574,2
3564731,2
743374,0
6158262,2
3653191,2
6161893,1
3565000,2
3635391,0
3564307,2
3639574,0
5829680,1
778031,1
778030,1
778033,1
778032,1
778035,2
778034,1
778037,4
778036,3
778039,5
778038,3
3564999,1
3564998,2
3564993,1
3564992,2
3564991,2
3564990,1
3564995,2
3564994,2
3647077,2
3641727,1
3643005,2
3648707,1
1472840,0
3564196,0
3648566,1
777677,0
3564199,2
3565540,2
777670,1
3648098,2
3647258,2
751024,0
208902,1
4437759,2
4424194,2
777782,13
1510163,2
3648894,1
777892,0
777257,0
4280566,0
3646855,1
3646853,2
776785,0
776784,1
4339351,2
24639,2
5463726,2
3650266,1
764395,0
1493384,2
4364094,1
5390470,1
3564210,2
3564211,2
3564213,1
3564214,2
3564216,1
1511544,1
726343,0
3649764,1
765736,0
3650882,0
755965,1
6256048,1
3658,0
4343043,2
3649615,1
3564501,1
3650317,2
3650313,2
3686449,1
3654369,1
1239347,0
5313100,2
3885016,1
3647812,1
3564438,1
3564433,2
192679,2
3564435,2
3564436,2
3564437,1
4303480,2
1513356,1
3639161,0
3564726,2
3564727,2
3641542,0
3641546,1
3565073,2
3642385,2
3565076,1
743149,4
3646954,1
695388,1
4344900,1
3652106,1
1547703,1
6117093,2
2385647,0
4319104,1
3410841,0
80859,1
6068836,0
3565299,2
778007,0
3646665,2
778002,1
778003,4
541975,0
3565106,1
3564984,2
3564986,2
3565100,1
5501421,2
3648713,1
3642011,1
3564850,1
3643543,1
3564181,1
3564189,1
3648574,1
76254,0
779156,1
3648088,1
5576453,2
3648403,2
3649972,2
1305408,0
777407,0
3650670,2
3650674,1
3650678,2
1488798,1
5447373,2
1498707,2
1514874,2
776338,1
777534,0
777536,3
777245,7
1498523,2
777249,0
777248,0
4353076,2
3648973,2
3649117,1
4372247,2
5455152,2
4436224,2
696390,3
3650277,2
3650271,2
4387578,1
3649755,2
1263809,1
3564228,2
4942222,1
3564220,1
737450,0
3630617,0
1446902,0
6226053,2
780862,1
3565402,2
3565275,2
53157,0
3650893,2
4336542,2
1474485,2
3650307,2
6265195,2
3647827,2
3564407,2
3564406,2
3564401,2
3564400,2
3564403,2
776919,0
4365060,1
1116180,2
3124201,0
775657,0
3564713,1
3642179,1
781595,1
3564686,1
5251025,2
3565068,1
4426967,1
4351631,1
5856218,2
778019,4
778018,1
4308123,2
778013,0
778010,1
778017,58
778015,1
778014,1
756495,0
3565118,3
3565113,0
3641987,1
3565592,0
3565595,1
3565596,2
4397761,1
3647633,1
777654,0
3564881,2
3564882,2
3564329,2
1489752,2
3651440,1
3647704,2
3648217,1
3649562,2
3650648,1
3649364,1
403488,1
3564455,2
1498731,0
777506,1
1511142,2
3646870,1
420184,0
3649107,1
3564157,0
778098,0
730155,0
777433,1
3650242,0
776436,0
4290821,1
5201673,1
3564239,2
3649746,2
3564232,2
3564230,2
3564236,2
776699,0
8630,0
1489981,2
1492296,2
3641411,2
3641414,2
773082,0
3650932,1
3564412,1
3564411,2
3564416,1
3564414,1
3564415,1
4325459,1
4440504,2
752816,0
5848984,2
4352226,2
772113,3
3641364,1
3564622,1
6153118,0
3564703,2
3645843,1
3565059,2
5971126,0
3565053,2
556431,0
4292344,1
3643630,2
3565613,2
3565612,1
3565610,1
3565614,2
3565619,1
3565150,1
3565436,1
3565435,1
3565434,1
736493,2
278186,16
3565408,1
3565409,2
4178479,0
3634552,0
3564899,2
3564897,2
1514975,2
3649917,1
1498032,1
3110,2
5576657,2
3648202,2
6308343,2
4177674,2
3564098,1
3564099,1
6274547,0
778208,1
5065323,1
3643850,2
1501368,0
763932,11
3630153,0
1518727,2
3647602,2
777648,3
5436289,2
3648999,1
3648993,2
4345335,0
3564784,2
3651091,2
740392,0
735427,0
1497526,0
3111564,2
776912,3
777242,1
6081134,1
457027,0
3554991,0
472391,1
3646965,0
5257519,2
354762,2
3271207,2
63626,3
4384478,2
3604920,0
4312493,2
3564395,2
3564394,0
3564397,1
3564391,2
3564390,0
3564393,2
3564392,2
4357807,1
6136231,1
4342674,2
3836575,0
4464463,1
1482862,0
3650929,2
1501571,1
5745957,1
1506013,2
3557971,0
5253452,2
5104,24
654432,0
3564778,2
3641359,2
3564770,2
3564777,1
6072294,1
3564775,2
4641034,0
5204609,1
3642806,2
3565041,1
10476,3
4328352,1
3565609,2
3564608,1
4448403,1
3564959,2
3564957,2
3564956,2
3564955,2
3564953,2
1481976,0
4362936,1
746657,2
3648740,1
20302,10
3801080,2
3642025,1
3642023,2
3643999,2
4369583,2
775858,2
1485173,1
3565552,1
3565553,2
4353869,1
3577034,2
1489733,2
106788,1
777746,0
777747,0
777740,0
3564671,2
6222466,1
738090,0
777985,1
777986,3
777636,1
778696,1
3647618,2
777639,0
777988,0
777989,0
777299,1
1493219,2
1498573,2
1486158,1
4357112,2
3644078,1
1409249,2
772690,2
777366,0
3649014,1
3649010,2
3728222,1
3605228,0
776349,1
3641600,2
4335227,1
3650130,2
3210785,0
1492038,1
3564544,1
210014,2
3564549,2
3564382,1
3564381,2
3564385,0
579074,0
3565040,1
17440,0
4034070,0
3650913,2
4348490,1
4292211,1
4458757,1
1506914,0
3564769,0
3564761,2
36411,1
3564766,1
3641836,1
3642830,2
3642834,2
3372294,0
5844336,2
3565631,1
1500231,2
3565414,2
6300248,0
3564948,2
3565146,1
3565145,1
3565144,1
3648680,1
3564946,2
3564947,2
3564941,2
3648686,2
3565383,1
689312,0
5303162,2
6155924,2
3644088,2
4321620,1
3644249,1
109584,1
3640972,0
3783085,0
3565093,2
3565095,2
3565094,2
3565097,1
3565098,1
4345142,2
4586751,0
778518,1
3649332,2
6143008,0
777759,11
4301057,2
4251018,0
3650597,1
1502699,2
4318154,2
777993,0
777990,8
4322187,2
777996,1
777995,0
777999,0
774700,0
5461783,2
6127795,2
3646802,2
3646808,2
2035952,0
3649242,2
3650230,2
3650239,2
730169,0
1493845,2
4290475,2
777371,72
776713,0
4319215,1
3646938,1
5843795,2
3650699,1
3650694,2
3650120,1
777289,1
1477121,0
3891,2
3564378,1
3564375,2
3564374,2
3564373,1
3564371,1
3650345,2
97199,1
4368941,2
3563665,0
780224,1
3650904,1
5340896,2
3564289,2
3564283,2
4979514,2
3564280,2
3564286,2
3564285,2
1484390,1
3396316,0
1566098,0
6260269,1
4347337,2
5011995,1
3564402,1
772475,5
3563395,0
3564590,2
5717925,1
5614853,1
772496,3
4403721,2
3645831,2
3635447,0
4347445,2
2727253,2
1491179,2
5964796,2
3565629,2
3621728,0
1128900,0
3565627,2
3565625,2
3564979,2
3565151,1
3565152,4
3565401,2
3565154,2
3564973,2
3564972,2
3564974,0
3564977,2
3564976,2
3565390,1
3565399,2
5951395,2
487383,0
3643267,2
4367655,2
1149888,2
3648781,2
3648786,2
729138,0
1501919,2
4319306,2
3561092,0
3565574,2
3565572,1
3565573,2
3565570,1
3565571,1
3649928,0
3565088,2
5468592,2
3565082,0
3565083,1
3565080,1
3565081,2
5347235,2
774411,0
3648252,1
3648257,2
778239,1
733955,1
97975,0
777937,0
681308,1
640,0
3643310,1
777966,1
777612,0
3649498,2
3646839,2
3649492,1
3646830,2
681944,2
3649252,2
3650592,1
3644056,2
3561471,0
3650203,2
5460471,2
1498310,2
776490,0
3646907,1
3611206,0
3564200,0
777543,0
776815,2
777548,0
3647986,2
3649676,0
3564562,2
1514173,2
3564564,0
3564368,2
3564369,2
3564367,2
1489896,2
5839224,1
3650574,2
4364702,2
3564716,1
4351480,1
3660161,2
3650972,2
776030,1
1483915,2
93311,1
3564291,2
3564293,1
4338223,2
3565061,2
739396,8
775600,2
3650805,2
3650802,2
4403597,2
3564741,2
3564744,2
1507197,1
3564580,2
3564589,2
5248885,2
1311865,0
3643678,1
4393909,1
4412464,2
1485969,2
1023475,0
3642210,2
3642213,0
3642217,1
4412869,2
4412645,2
4425767,1
3565160,2
3651148,1
3643271,2
3565508,0
3565502,1
3565501,1
3565500,1
3565505,1
3588941,0
3647777,1
725583,1
3564967,1
3564964,2
3564962,2
3564963,2
3564960,2
3564961,2
724290,2
778530,1
3564968,2
3648244,2
778084,1
778085,1
778086,1
778087,1
778080,7
778081,3
778082,1
778083,2
1486030,1
778088,2
778089,1
782094,1
3565186,2
3565185,1
3565184,1
1504886,2
1497493,2
549617,1
777975,0
777977,0
777971,2
4296025,2
6318588,2
3628912,0
3650589,2
776466,0
3649264,2
3650743,2
3651184,1
777773,1
777770,0
777778,0
3646914,1
3646911,1
5459898,2
3646919,2
5119151,0
3630675,0
3650108,1
777807,1
777806,0
6280364,2
776600,2
3523759,0
3649686,1
3645152,2
4318667,2
776730,0
4294371,2
3569390,1
740220,2
3647882,0
3563643,0
3645031,2
3645039,2
6007,1
3567026,1
773490,1
3641486,1
773706,0
3564642,1
3564647,2
3564646,2
4332482,2
4256960,1
3565372,1
3642065,1
5461330,2
3917281,1
3645814,2
5598109,2
1501289,2
3647092,1
3564824,0
775896,1
3565519,2
3565510,2
3565515,1
3565517,0
6117000,2
3647760,2
3647765,2
6106020,2
3564917,2
3647164,2
3622984,0
3648474,2
5456478,1
3649300,0
778093,6
778092,1
778091,4
778090,1
778097,7
778096,5
778095,1
778094,1
778099,4
132102,10
3565197,0
3565190,1
1497644,2
3646786,2
3646783,2
4354511,2
4270392,0
764317,0
6075910,1
3564139,1
6107576,0
777492,0
3651351,1
777491,4
4112132,2
1513788,1
5309860,1
3651192,2
3651197,2
777704,0
777708,1
3646961,2
5341888,1
3649054,2
1498441,2
749131,1
3650689,2
3650484,2
732864,1
1511783,2
733029,0
1510781,2
776543,1
777837,26
3651994,1
4396474,2
3564340,1
5416157,1
3649696,1
3649691,2
5835611,2
3648906,2
3648903,2
2482665,2
3650396,2
3645145,2
1518530,1
3650950,2
4662441,1
4515230,2
3643326,1
1500652,2
764627,2
3603970,1
6202419,2
3564546,0
5312362,2
773486,5
3647941,2
4180712,0
3642194,1
4125503,0
4352915,2
736504,4
3641552,1
3642276,2
4262794,1
4498804,2
5137466,0
3564650,0
3564654,2
3565349,2
5273540,2
3565341,1
3565340,1
3565345,1
3565347,2
3565346,2
4388527,1
3565524,1
3565521,2
33513,0
4292100,1
3648648,2
3564908,1
3564909,1
5211103,1
5244949,2
778068,1
778069,1
778066,1
778067,5
778064,81
778065,5
778062,14
778063,1
778060,1
778061,1
777952,5
495558,1
6212669,2
3648001,2
1497671,2
3646797,1
1497451,2
1487475,0
507986,4
3645794,2
3564121,1
3564128,1
3644020,1
777712,1
725630,0
777716,1
3651167,1
3651163,2
750365,2
