0,3
1,0
2,0
3,4
4,1
5,1
6,1
7,1
8,0
9,2
10,2
11,2
12,1
13,3
14,2
15,0
16,1
17,2
18,1
19,0
20,1
21,1
22,2
23,5
24,0
25,1
26,1
27,2
28,0
29,1
30,2
31,2
32,0
33,1
34,1
35,2
36,0
37,0
38,1
39,2
40,3
41,0
42,0
43,0
44,1
45,2
46,0
47,1
48,0
49,2
50,1
51,1
52,0
53,3
54,1
55,3
56,3
57,0
58,2
59,1
60,2
61,1
62,1
63,0
64,2
65,0
66,0
67,0
68,2
69,2
70,0
71,1
72,3
73,0
74,1
75,2
76,0
77,3
78,0
79,2
80,3
81,0
82,0
83,1
84,5
85,0
86,1
87,0
88,3
89,1
90,3
91,2
92,2
93,0
94,1
95,0
96,1
97,3
98,1
99,0
100,0
101,2
102,0
103,1
104,2
105,2
106,1
107,1
108,0
109,1
110,0
111,0
112,2
113,1
114,3
115,2
116,0
117,0
118,1
119,3
120,2
121,1
122,0
123,3
124,0
125,2
126,0
127,0
128,0
129,1
130,0
131,0
132,0
133,3
134,0
135,3
136,1
137,2
138,2
139,4
140,1
141,4
142,0
143,1
144,1
145,1
146,0
147,1
148,0
149,1
150,1
151,1
152,2
153,1
154,2
155,0
156,0
157,2
158,1
159,3
160,0
161,0
162,3
163,1
164,1
165,0
166,4
167,2
168,2
169,2
170,2
171,0
172,1
173,1
174,2
175,2
176,0
177,0
178,1
179,2
180,1
181,1
182,0
183,2
184,1
185,0
186,0
187,1
188,1
189,1
190,0
191,2
192,0
193,0
194,2
195,2
196,0
197,1
198,0
199,3
200,0
201,1
202,2
203,1
204,2
205,1
206,3
207,1
208,0
209,0
210,3
211,2
212,2
213,2
214,0
215,0
216,0
217,3
218,2
219,1
220,3
221,1
222,1
223,1
224,0
225,1
226,2
227,1
228,3
229,1
230,1
231,4
232,0
233,1
234,0
235,0
236,1
237,1
238,1
239,4
240,0
241,0
242,0
243,1
244,0
245,0
246,3
247,2
248,3
249,0
250,0
251,0
252,0
253,2
254,2
255,0
256,1
257,1
258,0
259,0
260,0
261,0
262,0
263,2
264,1
265,0
266,2
267,1
268,0
269,2
270,1
271,0
272,1
273,0
274,1
275,1
276,0
277,0
278,0
279,4
280,1
281,0
282,1
283,1
284,1
285,2
286,2
287,3
288,0
289,0
290,1
291,1
292,0
293,2
294,1
295,0
296,1
297,0
298,1
299,0
300,2
301,0
302,2
303,0
304,0
305,2
306,0
307,3
308,0
309,0
310,2
311,0
312,4
313,1
314,0
315,1
316,1
317,1
318,1
319,1
320,2
321,2
322,1
323,1
324,2
325,3
326,0
327,1
328,0
329,0
330,1
331,1
332,0
333,1
334,0
335,0
336,0
337,1
338,0
339,2
340,1
341,0
342,2
343,0
344,1
345,2
346,1
347,0
348,0
349,0
350,1
351,3
352,1
353,0
354,1
355,1
356,1
357,1
358,1
359,0
360,1
361,1
362,0
363,2
364,0
365,0
366,1
367,2
368,2
369,0
370,1
371,0
372,1
373,0
374,1
375,0
376,1
377,0
378,2
379,2
380,0
381,0
382,2
383,1
384,4
385,1
386,1
387,0
388,1
389,2
390,1
391,0
392,0
393,4
394,3
395,1
396,1
397,2
398,0
399,0
400,1
401,2
402,1
403,1
404,1
405,2
406,3
407,3
408,0
409,0
410,2
411,0
412,2
413,1
414,2
415,1
416,2
417,1
418,0
419,6
420,0
421,1
422,1
423,1
424,1
425,2
426,1
427,0
428,3
429,0
430,0
431,1
432,1
433,1
434,0
435,1
436,0
437,3
438,1
439,2
440,0
441,2
442,2
443,1
444,2
445,1
446,1
447,0
448,1
449,1
450,2
451,1
452,0
453,0
454,0
455,5
456,1
457,0
458,1
459,3
460,0
461,1
462,0
463,2
464,1
465,1
466,3
467,2
468,3
469,1
470,1
471,2
472,0
473,1
474,2
475,2
476,1
477,2
478,2
