776994,8
6255094,1
3703999,1
6085068,1
5714902,1
5241208,1
5711154,1
635194,1
4111024,1
3707423,1
1858869,1
755602,0
755600,2
902824,1
1625472,1
3578157,1
740244,3
5690069,1
3704578,1
51845,2
1857100,1
3707519,1
3704739,1
3704738,1
3704955,1
3704953,1
3707288,1
3704958,1
5712390,1
3567684,0
1672902,1
3707193,1
3704883,1
4521569,1
3589888,0
3706485,1
775768,7
1847099,1
3703456,1
3580684,0
778857,1
778855,2
778853,1
3703678,0
5702793,1
3929600,1
3703070,1
3706557,1
3706005,1
4415971,1
3706000,1
3703707,1
3703700,1
5600126,1
711681,1
748821,1
3705925,2
5750032,0
779098,0
3705455,0
5754008,0
778539,1
5679755,1
3706823,1
3706828,1
778077,2
5697815,1
2919776,1
3705632,1
778474,1
5677358,1
774031,1
3709429,0
3556446,1
230648,2
3577231,1
177811,6
3577728,1
5677530,1
834177,1
3577720,1
3577721,1
3577722,1
3577725,1
3577726,1
3709584,0
738925,2
5685206,1
778294,1
5647413,0
3580109,0
3700658,1
778834,6
777585,1
5685449,1
5663252,1
759174,1
3630733,1
6202381,1
3578126,1
5711964,1
5636372,1
1838003,1
776187,2
3578236,1
3578235,1
3578234,1
6151320,1
3578238,1
3704941,1
759952,2
780613,0
5702128,1
3704895,1
778918,1
778919,1
778914,1
778912,1
1647823,1
3704549,1
33446,98
3564675,2
1855427,1
618816,23
3707709,1
3707701,1
3707700,1
3707705,1
778825,1
157398,6
1670401,1
1852182,1
3707693,1
3700239,1
3703715,1
3703710,0
774822,1
3578199,1
756665,1
3702710,1
1867553,1
751019,1
1864761,1
3706834,1
5698523,1
1532060,1
3705629,1
6248141,4
3708897,0
5737120,1
778445,2
778443,2
4416610,1
3577715,1
1405909,1
3577717,1
3577716,1
2004489,1
3577710,1
3577713,1
3577712,1
3577248,0
3577718,1
3577085,1
667005,1
3577088,1
2051055,0
774649,1
1885666,1
3577669,1
3577884,1
777843,1
3577880,1
5656449,1
4341941,1
5552210,1
3577867,1
3577866,1
3577865,1
3577861,1
3577860,1
3704396,1
3704392,1
3704158,1
3704407,1
3704406,1
5435489,1
11296,3
5623332,1
1882575,1
3707579,1
3578224,1
3578225,1
3578226,0
3578227,1
745768,1
3704710,1
3704712,1
240947,5
766127,2
2276136,1
3706712,1
3706715,1
1883714,1
3706718,1
778901,1
339842,4
5735057,1
6157463,0
1859040,1
3707718,1
3707712,1
3707715,1
10502,2
1873306,1
775699,1
949248,1
701464,1
3706533,1
3707698,1
3703722,1
5758313,0
3702632,1
4969436,1
6245650,1
3705435,1
3705438,2
3703127,1
1863741,1
5599302,1
1637418,1
8630,5
779054,0
610879,1
1826406,1
3576929,1
3576928,1
3705367,1
3705365,1
1864551,1
778637,4
778636,1
778638,1
5689177,1
747580,1
3686815,1
5385274,1
3577703,1
3577701,1
207489,33
3577707,1
3577704,1
3577705,1
3577093,1
750530,4
3577091,1
3577096,1
3577097,1
3577098,1
3577099,1
777473,5
738279,1
5989512,1
3704291,1
3577898,1
3577678,1
3577679,1
3577676,1
3577893,1
3577674,1
3577675,1
3577672,1
3577673,1
1857912,1
3485491,1
776897,3
5654780,1
3702912,1
3577877,1
3577871,1
3577873,1
3577878,0
3577879,1
3705362,1
778996,2
3704411,1
1890336,0
5094462,3
6151980,1
3705368,1
2260784,1
3704964,1
3704962,1
1883700,1
3706703,1
3706705,1
187894,1
3706709,1
778938,1
6317695,1
778930,1
778931,1
778932,2
5614179,1
3704366,1
4599120,1
3707491,1
742639,4
3707496,0
3707819,0
1847353,1
3703392,1
736541,3
3707727,1
778800,1
3707722,1
1142838,1
609211,5
740220,1
3000097,1
775355,1
4333584,1
90724,34
1866413,1
3706524,1
3706526,1
1435644,1
5670122,1
3703732,1
3705959,1
3421787,1
3705420,1
5654975,1
1891472,0
5718198,1
3706450,1
3703647,1
2289825,0
3658,25
5650212,1
778022,1
5667528,1
779047,0
779045,0
1888198,0
779042,0
3705392,1
3705395,1
774332,2
4707249,1
690147,5
3705882,1
3615195,0
4418143,1
3704224,1
750980,1
778481,1
3574860,1
778488,2
5272034,1
1859920,1
3704994,1
5740186,1
3705088,1
3705770,1
3577061,1
5737139,1
5647115,1
738201,1
5662002,1
1863115,1
493297,1
4336747,1
3578112,1
3800708,2
679929,1
3578115,1
3577117,1
3577116,1
3577115,1
3577114,1
3577113,1
3577111,1
3577110,1
6137100,1
3577118,1
3713394,0
1879039,1
3704282,1
5729280,0
1860662,1
3578204,0
3578202,1
3578203,1
778927,1
778926,1
778923,2
778922,0
778921,1
778920,29
5708912,0
778929,1
3707153,1
4918377,1
3810129,1
3707488,1
3704608,1
3704603,1
773563,6
4687474,1
2500279,0
3578936,0
3707803,0
778812,1
3707730,0
3706596,1
778817,1
1637758,1
3703259,1
2133891,1
3706514,1
6289446,0
3706511,1
3706046,1
780405,0
3706519,1
5232777,0
3706287,1
5386324,1
2538050,0
415384,0
3707022,1
5670939,1
3676677,1
3706995,1
3703746,1
1877316,1
5687648,1
1084827,1
3705418,1
3705410,1
1863890,1
582567,30
779217,0
5645319,1
5666025,1
3702505,1
779038,2
779039,2
773707,0
779032,2
779033,2
779030,3
779031,1
779036,0
779037,0
779034,0
779035,2
5023294,1
3581074,0
3703810,1
3708117,0
777677,1
3708114,0
777670,1
779145,0
5666118,1
778322,0
3708592,0
5724916,1
3705986,1
3705984,1
3705982,1
3577074,1
5724898,0
761146,7
6262266,1
5699661,1
3878845,1
1768803,1
3708336,0
3577858,1
3577857,1
3704168,1
6151294,1
3577104,1
3577105,1
3577106,1
3577107,1
3577100,1
24639,1
3577108,0
5129501,1
5652806,1
445029,1
1991660,1
5647328,1
3680507,1
579725,2
5725265,1
3477103,1
1861294,1
3736943,0
778952,3
778953,0
778950,2
778951,2
778956,6
778957,1
778954,3
778955,3
3706722,1
1871455,1
3706720,1
778959,3
3704581,1
4842394,1
3577935,1
1239347,6
1424962,1
6037946,1
1853927,1
3607426,0
5642261,1
1334583,1
3706057,1
3707054,1
743149,1
5661114,1
4243540,1
586903,1
3705972,1
3705977,1
1859727,1
3705975,0
3705400,1
3705406,1
3705404,1
3705877,1
778558,3
757538,1
3702576,1
779029,0
779028,0
1851388,1
541975,1
779021,5
779020,1
779023,2
779022,0
779025,0
779024,6
779027,3
779026,1
731108,1
1881680,1
3702375,1
3706980,1
3709455,0
3703806,1
3705359,1
3705354,1
3705355,1
3705350,1
3705351,1
3709694,0
5709435,1
3577049,1
3577048,1
3698272,1
778799,12
778794,1
3577040,1
778796,3
778797,1
778790,2
3577044,1
3577047,1
3577046,1
1766436,1
5676215,1
6250043,0
3577911,1
5715458,1
778770,5
778771,1
1865452,1
778779,1
759042,0
3705190,1
777242,2
776336,1
5652963,1
1820798,1
3577131,1
3577130,1
3577133,1
3577132,1
3577135,1
3577134,1
3577137,1
3577136,1
3577139,0
3577138,1
5463717,1
776759,1
5703062,1
5641953,1
5715634,1
3704028,1
3704754,1
4419102,1
3704751,1
5581771,2
3578264,1
3578265,1
3578266,1
778940,1
778945,1
778944,4
778947,36
5585078,1
778949,4
778948,2
754572,1
3702975,1
80604,1
3704628,1
3704625,1
1847568,1
3221526,1
1861178,1
3706661,0
93837,1
676443,1
3578925,0
772547,1
5611064,1
3704933,1
1859641,1
1815847,1
3706069,1
775657,1
3706063,1
3706062,1
1868640,1
3706269,1
3707044,0
3703340,1
5251022,1
3706083,1
3706082,1
3703561,1
5991642,1
3567376,1
5724381,1
1872102,1
3703690,1
3706400,1
3703694,1
3706404,1
779542,0
779015,0
779016,0
779017,17
779010,2
779011,0
779012,2
779013,1
779018,0
779019,1
778014,1
3705693,1
3576764,1
3708825,0
3703765,1
3706312,1
3705470,1
778305,1
3702410,1
3703835,1
3576989,1
3576988,1
1222326,0
3576983,1
3576982,1
3576981,1
3576986,1
3576985,1
3576984,1
3577054,1
3577052,1
3577053,1
3577050,1
3577051,1
3577058,1
5724560,1
3705219,1
778787,1
1863284,1
3705037,1
5243604,1
5737052,1
3577904,1
3577905,1
3577906,1
5823388,1
3577903,1
778761,2
6112627,1
3414190,1
3707645,1
3704438,1
1612435,1
5722717,0
3708317,0
3575984,1
4623174,1
3577128,1
3577129,1
3577126,1
3577127,1
3577124,1
3577125,1
3577122,1
3577121,1
5746315,1
6115114,1
5709961,1
3578251,0
3578250,0
3578252,1
3704035,1
3578258,1
741166,9
778978,0
778979,2
778974,2
778975,3
778976,2
778977,3
778970,2
778971,2
778972,2
778973,17
3704634,1
3707457,1
3702470,0
3704320,1
3704325,1
5690831,1
3704818,1
3945898,1
3577041,1
3706674,1
3703223,1
3577045,1
3704922,1
3704251,1
3704925,1
3704929,1
739608,3
3707681,0
772113,1
1883070,1
3707853,0
778997,2
778994,2
778995,3
778992,2
778993,2
778990,1
778991,3
3706274,1
5671501,1
778998,3
778999,2
3703576,1
3609968,1
3576262,1
777407,3
3703686,1
3703684,1
3703680,1
778774,3
3706410,1
3706411,1
779003,2
779002,0
779001,1
779000,2
779007,2
779006,2
779005,2
779004,2
779009,0
779008,2
778576,6
3705685,0
3705689,1
3703770,1
3706307,1
3705339,1
778371,1
3705330,1
3703823,1
4775202,1
5714216,1
3576990,1
3576992,1
3576993,1
3576994,0
3576995,1
3576996,1
3576997,1
3577023,1
3577022,1
3577021,1
3577020,1
3577024,1
3577029,1
776188,1
3705025,1
3705020,1
5698499,1
3577180,1
5676236,1
3577934,1
778382,1
1854084,1
778754,1
1405857,1
5659714,1
5962360,1
778686,2
778687,4
3708121,0
1865653,1
1875370,1
777516,13
3577158,1
2130721,1
3577153,1
3577152,1
3577150,1
3577157,1
3577156,1
3577154,1
3578242,1
3578241,1
3578246,1
3578245,1
3704003,1
5674369,1
63626,40
5712314,1
778969,1
778968,84
852351,1
778963,3
778962,40
778961,16
778960,2
778967,0
778966,3
778965,0
778964,2
773526,1
757950,1
3704645,1
779340,0
5655622,1
5719457,0
602769,1
3575227,1
3704866,1
776004,1
739455,0
3921058,1
3703212,1
801571,1
3704260,1
3704262,0
1196417,1
1868758,1
772859,1
4114470,0
947258,1
5104,11
1869752,1
654432,2
757035,1
865562,1
778985,1
778984,2
778987,0
778986,4
778981,2
778980,12
778983,3
778982,2
3706241,1
3703360,1
3703362,1
778989,2
778988,1
3703366,1
1867332,1
3703544,1
10476,1
2299596,1
2106707,1
3706422,1
6102032,1
3702783,1
1876917,1
696390,4
5730945,1
5612172,1
1891514,0
5463714,1
5654891,1
20302,1
3703788,1
3703784,1
3702305,1
3703780,1
4300407,1
1876001,0
656279,1
3577031,1
3577034,1
3577035,1
3577037,1
3577038,1
3577039,1
1863089,1
777749,1
3703969,1
777743,1
1869993,1
778746,1
778740,1
5678241,1
6273071,1
3705653,1
3705303,1
1864868,1
3576935,1
712530,11
2300178,1
777569,1
5694448,1
3569590,1
51697,2
2242183,1
3708375,0
3704125,1
3577148,1
3577149,1
3577924,1
3577925,1
3577141,0
3577143,0
3577144,1
3577145,1
3577146,1
3577929,1
5729850,1
3704017,1
3705075,1
3703869,1
778820,5
3618349,1
3674529,1
5697405,1
5769435,0
3704653,1
3704654,1
3704659,1
5566067,1
3575768,1
3704498,1
17440,2
3706659,1
5709834,1
6158015,1
3703205,1
773847,1
5738948,1
4399373,1
1852056,1
3703372,1
667341,6
3707095,1
3554540,2
3707653,1
3707658,1
3706783,1
5721898,1
6041042,1
3577042,0
3703156,1
6084888,1
757777,7
1933738,1
778946,1
1862683,1
5695010,1
3978755,1
3706327,1
1851691,1
778424,3
1862535,0
3706545,1
3577009,1
3577008,1
3577005,0
3577004,1
3577006,1
3577001,1
3577000,1
3577002,1
3714597,0
3703973,1
777759,1
3703975,1
775932,5
778735,1
403523,3
3705312,1
3705648,1
425389,3
3577160,1
5727916,1
1788098,1
1864097,1
3577176,1
3577170,1
3577173,1
1861601,1
3577179,1
3577178,0
777197,1
6238091,1
776713,2
2256783,1
3611210,0
1884783,1
3749207,0
777289,2
776624,1
1171162,1
3705457,1
3702939,1
3704667,1
1884491,1
3704462,1
3680170,1
744523,2
3704682,1
3704680,1
3704688,1
763004,0
12290,1
1847639,1
6232232,1
3703303,1
3703300,1
3706226,1
3704846,1
3704843,1
3830321,0
4912075,1
3704519,1
3707641,1
4263523,1
108627,4
3703521,1
3567432,1
3703526,1
48298,1
5645249,1
735243,2
3281565,1
3706683,1
1877510,1
3489424,0
3703637,1
5598015,2
739167,1
4438347,1
487383,2
876524,1
704062,1
772709,6
3702458,1
779125,0
3576949,1
3576947,1
3576946,1
3576943,1
778346,1
3576941,1
3702457,1
5804609,1
3706914,1
6241001,1
635952,1
3577013,1
3577010,1
3577011,1
3577017,1
3577014,1
3577015,1
5831910,1
2113530,1
778239,1
3580363,0
2227638,1
3666170,0
681308,13
640,2
777618,1
3705676,2
777966,1
3705678,0
681944,10
3578186,1
2903327,1
3578182,0
3577162,1
3577163,1
224053,1
3577161,1
3577165,1
3577940,1
3577941,1
3577943,1
92224,4
730117,1
5759132,0
776815,1
1873773,1
5809649,1
3702920,1
3704676,1
3704674,1
3578167,1
3915273,1
3704478,1
3578162,1
3704474,1
3578168,1
3703349,0
5709589,1
3698980,1
5715199,1
3707523,1
93311,5
666904,3
1227164,1
3704853,1
3707630,1
3707637,1
5331870,1
3577714,1
5642378,1
4007232,1
3703537,1
1023475,1
778863,1
4368578,1
3670716,1
3705800,1
5708855,1
775131,2
5650615,1
749820,2
5720905,1
26699,2
3576952,1
3616463,1
747378,0
737513,8
3705487,1
1876724,1
1885688,1
3705065,1
5755494,1
3577680,1
3577687,1
3577686,1
3577685,1
3577684,1
3577689,1
3577688,1
5710118,1
775954,2
3703513,1
3702467,1
1389538,1
3669816,1
5048380,0
6016287,1
970009,1
3578192,0
3578193,1
778390,6
3577195,1
3577190,1
6134436,1
1871412,1
779014,2
777391,1
5731887,1
3704040,1
3704043,1
3708231,0
3704351,1
5608064,1
321,9
5711424,0
776600,1
6127357,1
3569153,1
1864737,1
5676742,1
3568462,1
5773176,0
1857016,1
5528963,1
3578174,0
3578175,1
3578176,1
3578177,1
3578170,1
3578171,1
3578172,1
3578173,0
3704442,1
224319,7
778898,3
778892,1
778891,1
778890,1
778894,1
5682036,1
3704226,1
3577927,1
3702869,1
3538346,1
741486,1
5696765,1
5732697,1
5608588,1
3706595,1
739563,4
3706591,1
5671009,1
1873121,1
773490,1
1837670,1
3704534,1
1847056,1
3707621,1
3707622,1
1843351,8
1851972,1
778875,1
778874,3
778876,1
778871,5
3527508,1
778873,1
778879,1
3707733,1
5717670,1
1865634,1
6066790,1
3706577,1
3706576,1
3703509,1
3576968,1
3702672,1
3576960,1
3576963,0
3576962,1
3705585,1
3576966,1
6223663,1
5723912,1
3706973,1
4050430,1
3706975,1
3705279,1
3705902,1
3705901,1
3705477,1
3577868,1
3576760,1
778250,1
5612269,1
4862697,1
3577690,1
3577691,1
3577692,1
3577693,1
3577694,1
3577698,1
3706808,1
3705619,1
764317,26
776948,1
3577185,1
3577186,1
3577187,1
778383,1
3577181,1
778381,1
3705056,1
3577219,1
6013887,1
3567590,1
3704055,1
3703981,1
5888392,1
733029,8
777832,3
5285863,1
5722558,1
5655694,1
3707431,1
3704456,1
3704455,1
778789,2
3704458,0
1873954,1
1872532,1
744550,2
5645760,1
3706510,1
3704230,1
3704231,1
3707500,1
3707503,1
3704239,1
764627,3
2225770,0
773804,1
736619,2
2462282,1
3707346,1
3707612,1
3706212,1
774753,1
3707619,1
3704528,1
3704529,1
3704524,1
3704525,1
2732305,1
3703196,1
736504,4
3577902,1
1157146,1
778843,2
778849,1
3696485,1
5660599,1
778762,1
5031745,1
1872064,1
4780793,0
3706368,1
6149088,1
758955,1
3706560,1
778958,2
3703518,1
1866291,1
4174332,1
6138914,1
33513,8
3705592,1
768358,1
3500886,1
4686349,0
3705916,1
5243040,1
5613188,1
746570,4
3700429,1
5244947,1
6254145,0
3705609,1
3576972,1
3705600,1
3576319,1
3576978,1
3576979,1
2156827,1
507986,3
778603,1
3577229,1
3705040,1
725630,1
3705044,1
3577220,1
3577730,1
3577224,1
3577735,1
