0,56
1,121
2,114
3,46
4,219
5,48
6,128
7,1
8,1
9,1
12,1
13,2
14,0
15,1
16,0
17,0
18,1
20,2
21,1
22,1
23,1
24,2
25,1
26,3
27,2
28,1
29,0
30,1
31,2
32,1
33,2
35,3
36,0
37,2
38,1
39,2
40,0
41,1
42,0
43,0
45,0
47,1
48,1
49,3
50,2
51,1
52,1
53,2
54,2
56,0
57,1
58,3
60,2
61,1
62,0
63,0
65,1
66,1
68,1
69,0
70,1
71,1
72,0
73,0
75,2
77,2
78,1
79,0
80,2
81,2
82,2
83,2
84,2
85,1
87,1
88,1
89,1
90,0
92,1
93,1
94,0
96,1
97,1
98,1
100,3
101,3
102,1
103,0
104,0
105,0
106,0
107,0
108,1
109,0
110,1
111,2
112,5
113,0
114,2
115,1
116,1
117,2
118,1
119,1
121,1
122,3
125,2
126,0
127,2
128,0
130,2
131,0
133,3
134,1
135,1
136,0
137,0
138,0
139,0
142,1
143,2
144,1
146,1
147,1
148,2
149,1
150,2
151,0
152,0
153,3
154,1
155,2
156,0
157,1
158,2
160,1
161,3
162,2
163,1
164,1
165,0
166,0
167,0
168,0
169,0
170,2
171,1
172,2
173,1
174,0
175,1
176,1
177,2
179,2
180,0
181,1
182,1
183,1
184,2
185,0
186,1
187,3
188,1
189,2
190,1
191,0
192,1
193,2
194,1
195,2
196,1
197,3
198,0
199,1
200,1
201,1
202,2
203,3
204,0
205,1
206,1
207,3
208,1
209,1
211,3
212,2
213,1
214,0
216,0
217,4
218,1
219,1
220,2
222,3
223,1
224,2
225,2
226,1
227,0
228,2
229,1
230,0
231,1
232,0
234,2
236,1
237,1
238,1
239,2
240,2
241,3
242,1
243,1
244,0
245,3
247,2
248,2
249,2
250,2
251,1
252,2
254,1
255,2
256,1
257,2
258,1
259,1
260,0
261,2
262,1
263,1
265,2
267,1
268,1
269,1
272,1
273,1
274,1
275,2
277,2
278,1
279,2
280,3
281,2
282,1
283,4
285,1
286,4
287,1
288,3
289,0
290,0
291,1
292,0
293,2
294,1
295,2
296,1
297,0
298,2
299,1
300,3
301,2
303,2
304,2
305,0
306,2
307,1
308,0
309,1
310,1
311,1
313,0
314,1
315,4
316,3
317,1
318,0
319,0
320,1
321,0
322,0
323,0
324,1
325,1
326,3
327,2
328,1
329,1
331,1
332,0
333,1
334,1
335,2
336,2
338,0
340,1
341,0
342,0
343,1
345,1
346,0
347,1
349,1
350,1
351,1
352,1
354,2
355,1
356,1
357,1
358,2
359,1
363,2
366,1
367,0
368,1
369,0
370,1
372,1
373,1
374,4
375,1
376,2
377,1
378,0
379,3
380,0
382,0
384,2
385,0
386,2
387,2
388,2
389,1
390,0
391,2
392,1
393,0
394,0
395,0
397,1
398,0
400,4
401,1
403,0
404,1
405,1
407,2
408,1
409,2
410,3
411,1
412,2
414,0
415,0
416,1
418,0
419,1
420,3
421,2
422,2
423,0
424,2
426,3
427,2
428,2
429,0
430,1
431,2
432,2
434,4
435,1
438,1
439,1
440,2
441,2
443,1
444,1
445,2
446,2
447,0
448,0
449,0
450,1
451,0
452,0
453,1
454,1
455,2
456,1
457,2
458,1
459,3
460,2
462,1
463,1
464,2
465,2
466,3
468,1
470,1
471,0
472,1
473,1
474,3
476,0
478,3
480,1
481,1
482,1
483,0
484,0
485,1
487,0
488,2
489,1
490,2
491,1
492,1
493,1
494,1
495,1
496,3
497,0
498,1
499,0
500,1
501,0
502,0
503,0
505,1
506,0
507,4
508,1
509,2
510,0
511,1
513,1
514,0
517,0
518,1
519,1
520,2
522,2
523,0
524,2
525,2
526,2
527,0
528,0
529,0
530,0
531,1
533,1
534,0
535,2
536,1
537,0
538,1
539,1
540,1
541,1
542,0
543,2
544,1
545,3
546,4
547,0
548,1
551,1
552,2
553,2
554,1
555,2
557,1
558,1
559,1
561,2
562,0
563,2
564,1
565,1
566,2
567,1
568,0
569,0
570,4
571,2
572,0
573,0
574,1
575,5
576,0
577,1
578,2
579,0
580,0
581,0
582,0
583,0
584,1
585,0
586,1
588,1
590,0
591,1
592,2
594,1
595,2
596,0
597,1
598,2
599,2
600,0
601,2
602,2
603,2
604,1
606,1
607,2
608,4
609,1
611,2
612,1
614,0
615,0
616,1
617,1
618,0
619,1
620,3
621,1
623,0
624,2
625,0
626,2
627,0
628,1
629,1
631,2
633,2
634,2
635,1
636,1
637,2
638,5
639,1
641,0
642,1
643,0
644,1
645,1
646,1
647,0
648,0
649,1
650,2
651,1
652,2
653,0
654,1
655,1
656,0
657,1
658,0
659,1
662,1
663,0
664,0
665,0
666,1
667,0
668,1
669,0
670,1
671,2
673,1
674,0
675,2
678,3
679,1
680,1
681,0
682,2
683,1
684,2
685,1
686,0
687,1
688,1
690,1
691,3
692,2
693,2
694,0
695,0
696,1
699,1
700,3
701,2
702,1
703,0
706,1
707,0
708,0
709,1
710,1
711,0
712,1
713,1
714,0
716,1
717,1
718,1
719,0
720,0
721,0
722,2
723,0
724,0
725,2
726,2
727,2
728,1
729,2
730,1
731,1
732,1
733,0
734,1
