0,1
1,2
2,3
3,1
4,0
5,1
6,0
7,2
8,1
9,2
10,0
11,0
12,1
13,4
14,1
15,1
16,1
17,2
18,0
19,3
20,2
21,1
22,1
23,2
24,2
25,2
26,1
27,1
28,0
29,2
30,2
31,1
32,2
33,1
34,2
35,2
36,1
37,1
38,0
39,0
40,2
41,1
42,0
43,0
44,1
45,1
46,3
47,3
48,1
49,1
50,1
51,2
52,1
53,1
54,1
55,2
56,2
57,3
58,0
59,1
60,0
61,2
62,0
63,1
64,1
65,2
66,1
67,0
68,1
69,1
70,2
71,1
72,1
73,0
74,2
75,3
76,1
77,2
78,1
79,0
80,0
81,1
82,1
83,2
84,0
85,0
86,2
87,2
88,1
89,1
90,2
91,0
92,1
93,0
94,1
95,1
96,3
97,1
98,0
99,1
100,0
101,1
102,0
103,1
104,1
105,0
106,2
107,0
108,1
109,2
110,4
111,2
112,1
113,0
114,0
115,1
116,1
117,0
118,0
119,0
120,2
121,1
122,0
123,1
124,1
125,0
126,0
127,0
128,0
129,2
130,0
131,1
132,0
133,3
134,1
135,1
136,0
137,0
138,1
139,1
140,0
141,0
142,0
143,1
144,2
145,1
146,1
147,2
148,1
149,1
150,0
151,1
152,0
153,1
154,1
155,0
156,2
157,3
158,2
159,0
160,1
161,1
162,0
163,0
164,0
165,2
166,1
167,2
168,4
169,2
170,2
171,0
172,2
173,0
174,1
175,0
176,0
177,0
178,2
179,1
180,0
181,0
182,4
183,1
184,2
185,2
186,0
187,1
188,1
189,0
190,0
191,0
192,0
193,1
194,2
195,3
196,2
197,1
198,3
199,0
200,0
201,3
202,0
203,0
204,2
205,0
206,1
207,1
208,2
209,3
210,3
211,1
212,1
213,3
214,0
215,1
216,0
217,1
218,1
219,0
220,3
221,0
222,2
223,3
224,1
225,0
226,0
227,3
228,3
229,0
230,2
231,3
232,1
233,1
234,1
235,0
236,1
237,0
238,2
239,1
240,2
241,1
242,0
243,0
244,0
245,0
246,0
247,2
248,0
249,1
250,2
251,0
252,1
253,1
254,0
255,3
256,3
257,2
258,2
259,2
260,1
261,1
262,2
263,0
264,0
265,2
266,1
267,1
268,1
269,1
270,2
271,0
272,2
273,1
274,1
275,2
276,2
277,3
278,3
279,3
280,2
281,1
282,1
283,1
284,1
285,0
286,1
287,1
288,2
289,2
290,1
291,0
292,2
293,1
294,2
295,0
296,0
297,2
298,1
299,0
300,3
301,1
302,1
303,0
304,0
305,1
306,3
307,1
308,1
309,3
310,1
311,0
312,0
313,0
314,1
315,3
316,1
317,0
318,1
319,2
320,1
321,4
322,1
323,1
324,1
325,0
326,2
327,1
328,3
329,2
330,0
331,0
332,1
333,1
334,3
335,0
336,0
337,2
338,2
339,2
340,0
341,1
342,2
343,2
344,1
345,0
346,1
347,0
348,0
349,0
350,2
351,0
352,1
353,2
354,1
355,4
356,1
357,3
358,2
359,0
360,1
361,1
362,0
363,0
364,2
365,1
366,2
367,2
368,0
369,1
370,1
371,1
372,1
373,3
374,1
375,1
376,0
377,3
378,3
379,0
380,1
381,2
382,3
383,1
384,2
385,3
386,0
387,2
388,4
389,2
390,0
391,1
392,1
393,2
394,0
395,1
396,1
397,1
398,2
399,1
400,1
401,3
402,1
403,0
404,2
405,2
406,0
407,2
408,1
409,0
410,0
411,1
412,1
413,0
414,0
415,0
416,1
417,0
418,0
419,2
420,1
421,2
422,1
423,3
424,1
425,1
426,1
427,1
428,2
429,3
430,1
431,1
432,0
433,0
434,1
435,3
436,0
437,0
438,1
439,2
440,0
441,0
442,1
443,2
444,0
445,0
446,0
447,2
448,0
449,1
450,3
451,3
452,0
453,1
454,1
455,0
456,0
457,0
458,3
459,1
460,0
461,1
462,1
463,1
464,0
465,2
466,1
467,0
468,1
469,0
470,0
471,0
472,0
473,0
474,2
475,0
476,1
477,3
478,1
