780641,200.0
6066746,0.0
779823,50.0
3903712,50.0
725512,50.0
705742,50.0
3903719,3206.6
3904061,50.0
3904434,50.0
3901872,2665.0
3317417,100.0
3626103,50.0
780792,100.0
3904537,50.0
3904121,50.0
3335825,50.0
3904125,2.0
3903088,50.0
80836,100.0
3902711,50.0
782287,27.0
775539,0.0
5756136,50.0
3902228,50.0
5789690,50.0
5724889,50.0
781884,100.0
6141573,100.0
637493,50.0
780859,2016.01
3863720,0.0
781207,0.0
3903271,100.0
3326462,50.0
781201,110.0
744910,150.0
3319320,50.0
4242115,50.0
3903278,50.0
3625955,1809.0
3625954,1916.0
3625957,1595.0
3625956,1702.0
3625950,2344.0
3625953,2023.0
746623,50.0
778234,450.0
2219380,50.0
3909354,500.0
779635,400.0
3903873,100.0
781751,50.0
3903871,50.0
3901956,739.0
3901951,953.0
730278,100.0
781857,150.0
781856,50.0
781855,50.0
781854,650.0
3902578,50.0
781851,50.0
3902575,50.0
3902574,50.0
3899184,1.0
3862628,500.0
3626335,50.0
3903888,100.0
781949,250.0
781536,150.0
3902447,50.0
781929,400.0
781928,1200.0
634731,100.0
3330605,50.0
781925,149.99
781924,200.0
781923,300.0
781922,300.0
781921,400.0
781920,600.0
3904082,100.0
3904080,100.0
6148533,100.0
3902458,100.0
3902457,1.0
3904088,1.0
3626024,50.0
3626025,50.0
3626149,50.0
781582,150.0
3626020,50.0
3904679,50.0
3626022,50.0
3626023,50.0
3904675,50.0
3626028,50.0
5755098,100.0
762350,13627.0
3330301,100.0
781699,50.0
749117,0.0
781401,50.0
781082,0.0
3310518,50.0
748264,0.0
5667178,50.0
3903726,50.0
3904794,0.0
3903721,50.0
3904150,50.0
3905046,100.0
777819,50.0
5982498,3306.6
3626242,50.0
3904509,50.0
159054,250.0
781248,50.0
781645,50.0
781321,500.0
781322,150.0
669842,250.0
3626035,50.0
3625998,44.59
3625991,50.0
3625990,50.0
655614,50.0
3903125,50.0
780624,150.0
779672,50.0
781869,550.0
781866,0.0
781717,50.0
781713,50.0
780148,50.0
4506732,50.0
3904336,50.0
3626132,50.0
5700752,50.0
3902896,50.0
3902338,50.0
781817,150.0
782033,11000.0
3902144,50.0
3676944,50.0
3902797,50.0
3902064,50.0
3906496,50.0
780244,250.0
1032607,50.0
3903821,50.0
5668301,50.0
781661,50.0
781788,50.0
3904630,50.0
781084,0.0
3330175,50.0
3904203,50.0
3901967,204.0
781771,300.0
781916,200.0
781917,100.0
781914,150.0
781915,200.0
781912,1150.0
781913,1150.0
781910,400.0
781911,300.0
5756580,50.0
781918,200.0
781919,400.0
774730,350.0
3903120,50.0
3902706,50.0
781562,50.0
3904697,50.0
780763,100.0
3904113,50.0
773445,50.0
781905,200.0
5698715,100.0
3626115,50.0
781961,100.0
781966,150.0
781964,100.0
3904833,50.0
3626119,50.0
778868,50.0
733767,200.0
3626197,50.0
637094,0.0
781281,150.0
781361,50.0
778088,1100.0
781363,100.0
4172681,0.0
2996980,2130.0
3904063,50.0
3904066,100.0
3620548,0.0
5733823,50.0
3903185,50.0
3320272,50.0
3330157,100.0
3903188,50.0
781861,0.0
3316636,50.0
3905044,0.0
669771,50.0
3626234,50.0
3626236,100.0
3625942,3200.0
3625940,50.0
3625941,50.0
3625946,2772.0
3625945,2879.0
3625948,2558.0
3625949,2451.0
3903506,50.0
781746,200.0
781743,50.0
781625,150.0
3303919,50.0
781749,50.0
3314803,100.0
3903868,50.0
3904361,50.0
3904246,40.0
780612,100.0
4409998,0.0
5154450,0.0
3327582,50.0
781455,50.0
5763112,50.0
749369,50.0
781827,200.0
780929,100.0
781958,50.0
781959,100.0
781952,500.0
781953,50.0
781950,400.0
781951,200.0
781956,400.0
2564997,50.0
781954,150.0
781955,200.0
3903915,100.0
5769827,44.69
3904094,100.0
3282566,0.0
3904096,50.0
3904098,50.0
3904099,100.0
3903918,100.0
5691386,50.0
780684,150.0
5733649,100.0
780721,50.0
3626988,50.0
3328604,100.0
778828,600.0
3626012,50.0
3626015,50.0
477337,50.0
777520,50.0
779710,100.0
3330310,50.0
3329869,100.0
781118,0.01
781557,50.0
10476,150.0
3902921,100.0
780536,50.0
3903328,50.0
5455265,50.0
3904804,50.0
3904146,50.0
3904143,50.0
637992,50.0
3904103,1.5
3625973,10.0
3625972,100.0
3625971,97.0
781957,44.690000000000005
759340,50.0
781689,250.0
5157647,50.0
3312055,0.0
3626209,50.0
781310,50.0
635384,50.0
3625982,50.0
3625980,50.0
781252,50.0
723282,50.0
781848,500.0
3903034,50.0
3903673,50.0
780652,100.0
781708,1823.79
781874,50.0
781877,410.44
781876,500.0
781872,100.0
780159,450.0
3903609,50.0
3904326,50.0
106788,900.0
3317261,50.0
2456267,50.0
3626122,100.0
780805,50.0
3902329,50.0
3313447,50.0
3903255,50.0
5767780,50.0
3333703,50.0
2705,50.0
3902072,50.0
781177,100.0
1965790,50.0
3902077,50.0
3904198,50.0
3903817,50.0
3903818,50.0
738090,0.0
3626198,50.0
3626050,50.0
3626194,50.0
3626195,50.0
3626196,50.0
4542412,50.0
3626059,50.0
3903826,100.0
3626193,50.0
3626294,50.0
3902556,50.0
633739,50.0
5717371,50.0
781904,100.0
781907,200.0
781906,500.0
781901,800.0
781900,1000.0
781903,200.0
781902,50.0
781909,350.0
781908,150.0
3906688,50.0
3901784,50.0
3904451,50.0
780777,450.0
3904101,48.25
3904106,48.5
5767324,50.0
5782982,50.0
781686,50.0
3626123,50.0
3901775,50.0
3901772,50.0
3626124,50.0
781894,140.0
4711274,50.0
781993,200.0
772426,0.0
5669684,2986.0
649824,50.0
5702939,50.0
781427,600.0
3330751,410.0
749728,250.0
3903171,50.0
5493395,50.0
62691,2566.29
3904078,50.0
5684854,50.0
732554,100.0
3625926,50.0
3903197,100.0
3903191,50.0
778555,50.0
3902355,50.0
780221,50.0
3626227,50.0
3626224,50.0
3626221,50.0
3320863,100.0
3626229,100.0
3901747,50.0
781727,200.0
781227,50.0
3902827,50.0
3903294,50.0
3902823,50.0
770863,150.0
755483,100.0
3902531,50.0
3903511,100.0
3903855,2613.0
781885,150.0
5761589,100.0
781887,50.0
781882,150.0
781883,100.0
781739,50.0
781888,50.0
3903858,50.0
781635,150.0
3903660,100.0
738198,50.0
779653,0.0
6155464,50.0
5667574,50.0
778317,800.0
3901930,1488.0
3626313,50.0
3901936,1381.0
3626091,50.0
6309823,100.0
3626092,50.0
781833,50.0
781832,1400.0
3903203,50.0
781839,100.0
3334244,50.0
773845,50.0
781948,450.0
781941,100.05
781940,600.0
781943,200.0
781942,400.0
781945,50.0
781944,400.0
781947,900.0
781946,50.0
780303,100.0
4344573,100.0
781646,250.0
5665925,50.0
6178691,50.0
5685314,50.0
4709101,0.0
3902635,50.0
1883151,50.0
87414,150.0
3901985,1.0
5724526,50.0
3626006,50.0
3626005,50.0
3901989,50.0
3626000,0.0
3626001,50.0
3330716,100.0
772483,50.0
5904935,50.0
604244,100.0
5687970,0.0
3330365,50.0
781544,0.0
732902,50.0
781460,50.0
3904075,100.0
727888,550.0
3904038,50.0
3904039,50.0
5943012,50.0
733029,400.0
3904133,100.0
3904819,50.0
3904130,50.0
3904425,50.0
3625968,418.0
3625969,311.0
3903093,0.0
3627116,50.0
3625962,1060.0
3625964,846.0
3625966,632.0
3625967,525.0
5723953,50.0
3903143,50.0
1594039,100.0
5556084,50.0
781061,50.0
689312,5332.0
2259495,3093.0
781927,300.0
5670229,2237.0
781926,1000.0
3317716,100.0
3902269,50.0
781849,250.0
780867,50.0
780645,350.0
3903891,50.0
781841,50.0
781843,100.0
781846,0.0
781847,0.0
780165,100.0
3626219,50.0
3902596,50.0
3626217,50.0
3626214,600.0
3903248,49.98
4910402,50.0
3903245,100.0
780348,350.0
781769,150.0
781768,50.0
3903809,100.0
781767,7338.0
781761,50.0
3905215,50.0
3626040,50.0
3626041,50.0
3626046,50.0
3626047,50.0
3626044,50.0
3904617,0.0
611026,0.0
3626329,50.0
777624,50.0
3905199,50.0
751827,50.0
3901940,1274.0
3901945,1167.0
781930,550.0
781931,500.0
781932,300.0
781933,550.0
781934,50.0
781935,200.0
781936,300.0
781937,50.0
781938,200.0
781939,250.0
3903666,50.0
738279,150.0
2373706,50.0
5740850,50.0
3824046,0.0
710378,150.0
781693,850.0
3903628,20.0
3626764,100.0
3626037,50.0
4087887,45.0
3902047,50.0
3626033,50.0
4541717,0.01
3626137,100.0
3902049,50.0
3321500,100.0
3626039,50.0
3904484,50.0
583180,50.0
5749631,50.0
5687144,50.0
3904489,50.0
732837,50.0
3903596,50.0
3904762,50.0
3904760,50.0
3902053,50.0
3626026,1.0
3626027,0.0
3309289,50.0
580301,150.0
3625986,50.0
3625913,50.0
3625912,50.0
3626251,0.0
3327922,100.0
3309726,4.0
3325004,48.25
86103,50.0
3903552,50.0
3903284,50.0
3311875,50.0
5755970,0.1
781723,50.0
781893,150.0
781892,100.0
781891,4.0
781890,100.0
781897,200.0
781896,150.0
781895,300.0
781726,50.0
781729,150.0
781899,100.0
781898,400.0
781886,50.0
6278060,50.0
780387,100.0
3626080,50.0
3330101,50.0
3903897,50.0
3626089,50.0
4920,1000.0
3903802,1.0
3902343,50.0
3902225,50.0
4139140,0.0
623516,100.0
3326870,50.0
3902015,50.0
781889,350.0
3903836,1.0
775759,50.0
3903834,0.0
3102691,50.0
3903936,50.0
1487570,50.0
3904620,50.0
1135618,50.0
3626177,50.0
5740223,50.0
3313672,100.0
3901992,50.0
750401,3221.6
725630,0.0
3901994,50.0
212703,50.0
3626073,50.0
3626071,50.0
3334176,50.0
745827,50.0
