3649553,1
781879,1
781878,1
4000718,1
4000716,1
4001011,1
4000304,1
3926310,1
3926498,1
5257437,1
4000347,1
4000622,1
3649517,1
3924772,1
3649514,1
782359,1
3649512,1
3649511,1
3923694,1
4567167,1
3185581,1
5242930,1
3649290,1
5192510,1
4000253,1
3649305,1
5136137,1
4001141,1
3649502,1
4000301,1
3926370,1
643474,1
3923984,1
627593,1
3925624,1
4000542,1
3649345,1
5242301,1
3649343,1
4000544,1
5177877,1
5202495,1
3925134,1
4000266,1
4000629,1
3649497,1
3649509,1
5577439,1
3649505,1
3649506,1
3649507,1
3649501,1
638926,1
4001111,1
4000384,1
4001190,1
4001095,1
3649423,1
3649422,1
659455,1
3649335,1
5244310,1
671841,1
4001150,1
5354738,1
3922669,1
623516,1
5230770,1
3924573,1
3649442,1
3649333,1
3649526,1
3649331,1
3649330,1
3649336,1
4001132,1
3649527,1
668976,1
3649339,1
4000732,1
3649524,1
3649491,1
3649538,1
4001481,1
3926257,1
538006,1
782374,2
4001488,1
3649534,1
782371,1
3649536,1
3649439,1
3649520,1
4001087,1
3649432,1
3649433,1
3649434,1
3649435,1
632354,1
3649485,1
3181257,1
4000750,1
3152885,1
649824,1
3649253,1
639948,1
5228046,1
5237700,1
4000355,1
3649525,1
3649324,1
4000352,1
3649326,1
3649328,1
3649329,1
3193752,1
4101424,1
3649483,1
3649482,1
4000264,1
3649494,1
3923860,1
5198770,1
5268393,1
3019066,1
3649310,1
3923677,1
4172350,1
5188547,1
3649388,1
3066752,1
3926532,1
3923579,1
3805531,1
3649446,1
2043260,1
5246032,1
4000283,1
4000978,1
4786658,1
5216439,1
631156,1
4001055,1
4846969,1
4000191,1
3922315,1
3649555,1
4001135,1
634731,1
3649314,1
4000261,1
3649316,1
4000595,1
4000349,1
3649313,1
3649312,1
3649258,1
3649417,1
3649393,1
3172724,1
3926050,1
3649317,1
3649256,1
3649257,1
3649250,1
3649398,1
5185307,1
3922656,1
3921113,1
4000207,1
4000290,1
5352533,1
3649499,1
3649334,1
3649488,1
3925228,1
3649263,1
4000727,1
3649251,1
3925779,1
4000256,1
4001183,1
5244586,1
3921612,1
3649541,1
3926067,1
5226595,1
4001042,1
3649549,1
5343311,1
3649306,1
4001049,1
3649304,1
4000277,1
4000869,1
3649380,1
3649381,1
3649387,1
3649319,1
3649261,1
3649260,1
4000504,1
3649262,1
3649267,1
4001194,1
3649464,1
3922627,1
3921043,1
3923895,1
6291964,1
780720,1
665316,1
3649469,1
3649468,1
3922357,1
5034789,1
4000756,1
4000971,1
4000970,1
3649463,1
4000874,1
4000872,1
4000386,1
3923713,1
4000476,1
3984221,1
3659291,1
5220883,1
4234980,1
4890019,1
3649308,1
4001176,1
3649279,1
3649309,1
3920966,1
3649379,1
3649378,1
5202949,1
3922436,1
3649476,1
3649477,1
3649523,1
3649471,1
3922637,1
629167,1
5162177,1
3921167,1
4567598,1
4000949,1
4000960,1
4000539,1
5148217,1
4959542,1
3649301,1
636424,1
4964137,1
3649449,1
4000318,1
4001069,1
3926564,1
4000312,1
3920658,1
4000275,1
4000617,1
4549131,1
3194114,1
4000401,1
3649320,1
3649470,1
3649366,1
3924158,1
3920992,1
5226195,1
5251983,1
4000344,1
3649325,1
635384,1
3920719,1
3649444,1
5170621,1
3649283,1
3649448,1
6061720,1
4000636,1
3925643,1
3649365,1
4000309,1
3923342,1
3921703,1
5172573,1
4000248,1
3922290,1
4486244,1
