4386048,50.0
780799,50.0
781147,150.0
781146,250.0
781149,100.0
781148,1500.0
3851862,50.0
3850926,0.0
29598,50.0
3614111,50.0
3614110,50.0
780711,100.0
3850986,50.0
3851069,50.0
2923744,5.0
3614053,1420.0
4338002,0.0
2939403,50.0
781062,150.0
3613951,10.0
780883,50.0
3851432,50.0
3851105,50.0
689312,0.0
4371619,0.0
780804,50.0
3850817,50.0
3850813,50.0
780001,0.09
4400123,0.0
3614197,50.0
3614108,50.0
5606814,5.0
5601016,50.0
3851782,50.0
3851119,50.0
3613966,15.0
3850896,50.0
3851223,50.0
3851113,50.0
2926716,50.0
3614299,50.0
3851190,50.0
169881,50.0
689732,50.0
712530,0.0
781108,0.0
781152,650.0
4370995,25.0
1141502,50.0
3614079,50.0
780595,0.0
778234,50.0
653900,50.0
780268,100.0
777219,950.0
3614052,50.0
3614174,50.0
2926644,50.0
780776,18804.0
781361,100.0
780612,50.0
3850742,50.0
3614187,50.0
3850740,50.0
778506,50.0
3610825,50.0
3613980,50.0
3851483,50.0
3613989,50.0
780840,100.0
3614006,50.0
3851135,0.0
3614002,50.0
781118,105.0
781119,0.0
781116,200.0
781117,100.0
781115,50.0
3850975,50.0
781113,0.0
3614166,50.0
781111,0.0
4378974,50.0
776970,0.0
780745,50.0
780500,200.0
781057,200.0
3614209,50.0
745976,0.0
1228541,50.0
4383876,50.0
732317,50.0
777819,50.0
3613990,50.0
777372,10.0
3850960,50.0
781126,0.0
3613999,50.0
3614014,50.0
781109,0.0
3614011,50.0
781105,100.0
751352,0.0
781101,50.0
2933522,50.0
3851028,50.0
4383962,50.0
3614167,50.0
5692489,50.0
664820,50.0
779011,100.0
3613921,50.0
3614381,49.989999999999995
781129,50.0
781130,50.0
781131,850.0
3613928,50.0
780684,50.0
580301,50.0
781035,50.0
780725,200.0
780999,800.0
780282,50.0
780286,50.0
3851098,50.0
4373111,0.0
5409852,50.0
3850901,20.0
781125,0.0
781124,0.0
781123,0.0
781122,0.0
781121,0.0
781120,0.0
780038,100.0
781082,0.0
781128,50.0
10476,50.0
709989,100.0
3850827,50.0
3851167,50.0
3850820,50.0
3851217,1415.0
4920,50.0
3851511,50.0
3850982,50.0
3851219,0.0
781127,100.0
781106,50.0
636424,50.0
6114739,50.0
781151,150.0
781093,50.0
3850764,50.0
3610499,0.0
781094,50.0
781011,50.0
781014,50.0
3851172,50.0
3851173,0.0
778886,50.0
3851177,1410.0
3850832,50.0
3851205,50.0
3851882,50.0
3851202,50.0
727888,50.0
346558,0.0
5883240,50.0
733029,0.0
750401,100.0
701464,0.0
3614051,50.0
224319,30.0
