0,32
1,28
2,44
3,46
4,24
5,426
6,29
7,0
8,0
9,1
10,1
11,1
12,2
14,1
15,1
16,1
17,1
18,2
20,2
21,1
23,3
24,2
25,1
26,2
28,0
29,1
30,2
31,2
32,2
34,1
35,0
36,1
37,0
39,2
40,0
43,2
44,3
46,1
47,2
48,2
49,1
51,1
52,0
53,0
54,1
56,1
57,2
59,1
60,1
61,1
62,2
63,1
64,1
65,1
68,1
69,0
70,1
71,0
72,1
73,0
74,2
75,2
79,2
80,2
81,2
82,1
83,0
84,1
85,2
86,1
87,1
89,4
90,0
91,2
92,1
93,1
94,2
95,0
96,1
97,0
98,2
99,2
100,2
101,0
102,1
103,1
104,0
105,1
106,0
107,0
108,1
109,2
110,1
111,1
113,0
114,2
115,2
116,1
117,1
118,3
119,0
120,0
121,1
122,0
123,3
124,1
125,0
126,2
127,1
128,3
129,0
131,1
132,3
133,2
134,0
135,2
136,1
137,1
139,0
140,1
141,2
142,3
144,4
147,1
148,1
149,3
150,0
151,1
152,1
153,0
155,1
156,1
157,0
158,0
160,2
161,1
162,0
163,0
164,1
165,0
166,0
168,1
169,1
170,1
171,1
172,3
174,2
175,0
176,1
177,0
179,2
182,1
183,2
184,1
185,0
186,0
187,2
188,2
189,2
190,2
191,1
192,1
193,0
194,1
195,2
196,1
197,1
198,1
199,1
200,2
201,2
202,1
203,1
204,1
206,1
207,2
208,2
209,1
210,0
212,2
214,1
215,1
216,0
217,1
218,1
219,1
221,1
222,1
223,1
224,1
227,1
228,1
229,1
230,0
231,2
232,3
233,0
235,2
236,2
237,3
240,1
241,0
242,1
244,1
245,1
246,2
247,0
248,0
249,1
250,1
251,2
253,1
254,3
255,2
256,0
257,1
259,0
260,1
261,1
262,2
263,1
264,1
265,0
267,1
268,1
269,1
270,1
271,3
272,1
273,1
274,1
275,1
276,2
277,0
278,2
279,1
281,0
282,5
283,1
285,0
286,2
287,1
288,0
289,0
291,0
294,4
296,0
297,1
298,1
300,0
302,2
303,3
304,3
305,0
307,0
308,2
309,1
310,1
311,1
312,1
313,1
314,4
315,0
316,2
317,2
318,0
319,2
320,2
321,1
322,0
323,0
324,0
325,3
326,0
327,2
328,0
329,5
330,0
331,0
332,0
333,3
334,2
335,1
336,1
337,1
338,2
339,0
340,0
341,2
342,1
343,1
344,0
345,0
346,3
347,0
349,2
350,2
351,0
352,0
356,2
357,1
358,0
359,2
360,0
362,0
363,1
365,1
366,2
367,1
368,2
369,1
370,2
372,2
373,1
374,2
375,2
376,0
378,1
379,3
380,1
381,1
382,1
383,2
384,1
385,0
387,0
389,0
390,1
392,0
393,1
394,2
395,1
396,1
397,1
398,1
399,1
401,0
402,2
403,1
404,1
406,0
407,0
409,0
410,0
411,0
412,3
413,1
414,1
415,3
416,1
417,2
418,0
420,2
421,2
422,0
423,3
424,1
425,3
426,0
427,2
428,1
429,1
431,0
433,1
434,2
435,0
436,1
437,2
439,1
440,0
443,0
444,1
445,0
446,1
447,1
448,1
449,0
450,0
451,1
452,2
453,1
454,0
455,2
457,1
458,2
459,1
460,2
461,1
462,1
463,2
464,1
465,0
466,0
467,1
468,1
469,2
470,2
471,0
472,1
473,1
475,1
477,2
480,0
481,1
482,1
484,0
485,2
487,1
488,2
489,1
490,1
492,1
494,1
495,1
497,1
498,1
500,1
502,1
503,1
504,4
505,0
507,1
509,1
510,0
511,1
512,1
514,4
515,0
516,1
517,0
518,1
519,1
520,2
521,4
522,2
523,1
524,2
525,2
526,1
527,1
528,2
529,0
530,0
531,3
533,1
534,1
535,0
536,1
537,0
538,3
539,1
540,1
541,1
542,1
543,1
544,1
545,1
546,1
547,2
548,0
550,0
551,0
552,1
554,0
555,0
556,1
557,2
558,1
559,1
560,1
561,0
562,2
564,1
565,0
566,2
567,2
569,0
570,4
571,0
572,1
573,1
574,3
575,0
576,0
577,1
578,2
579,1
580,1
581,0
582,2
583,1
584,1
585,1
587,0
588,1
589,1
591,0
592,1
593,1
594,2
596,1
597,1
598,1
599,1
600,1
601,3
602,1
603,0
604,1
605,1
606,1
607,2
608,3
609,1
610,2
611,1
612,2
613,2
614,3
616,3
617,1
618,0
619,0
620,3
622,0
623,3
624,1
625,1
626,1
627,2
628,2
629,0
630,2
631,0
632,1
634,2
635,2
636,3
637,1
639,1
640,1
641,1
642,0
643,1
645,3
646,0
647,1
648,0
649,0
650,2
651,0
653,2
654,2
655,2
656,1
657,1
658,0
659,2
660,3
661,1
663,1
664,0
665,1
666,1
667,1
668,1
669,2
671,1
672,1
673,0
674,0
675,1
676,1
677,0
678,2
681,0
682,2
684,2
685,1
687,3
688,2
689,2
690,1
691,2
692,2
693,2
694,0
697,1
698,2
699,4
700,1
702,0
703,0
704,1
