0,3
1,7
2,7
3,6
4,4
5,6
6,3
7,4
8,3
9,4
10,6
11,6
12,5
13,5
14,5
15,7
16,3
17,8
18,6
19,3
20,4
21,5
22,3
23,7
24,7
25,4
26,3
27,9
28,9
29,7
30,3
31,6
32,2
33,2
34,1
35,4
36,10
37,10
38,3
39,6
40,4
41,6
42,7
43,6
44,4
45,5
46,7
47,8
48,10
49,5
50,5
51,4
52,4
53,7
54,4
55,5
56,7
57,3
58,6
59,7
60,2
61,6
62,5
63,3
64,5
65,3
66,7
67,5
68,7
69,6
70,10
71,4
72,3
73,6
74,6
75,4
76,7
77,9
78,8
79,8
80,7
81,4
82,11
83,5
84,4
85,7
86,8
87,5
88,6
89,4
90,7
91,2
92,8
93,4
94,8
95,8
96,6
97,4
98,8
99,5
100,7
101,3
102,3
103,7
104,4
105,3
106,6
107,7
108,2
109,4
110,7
111,10
112,6
113,4
114,4
115,4
116,4
117,2
118,6
119,3
120,7
121,5
122,4
123,7
124,6
125,7
126,4
127,4
128,4
129,8
130,3
131,5
132,2
133,5
134,3
135,3
136,4
137,10
138,6
139,6
140,3
141,2
142,5
143,7
144,5
145,9
146,4
147,5
148,6
149,11
150,6
151,3
152,5
153,4
154,4
155,5
156,6
157,4
158,6
159,6
160,6
161,8
162,5
163,4
164,9
165,4
166,5
167,5
168,6
169,4
170,4
171,4
172,6
173,6
174,8
175,5
176,7
177,8
178,3
179,5
180,4
181,7
182,10
183,3
184,4
185,3
186,9
187,2
188,7
189,3
190,5
191,3
192,6
193,5
194,5
195,7
196,7
197,8
198,6
199,5
200,5
201,5
202,5
203,3
204,4
205,6
206,4
207,2
208,3
209,8
210,2
211,3
212,2
213,2
214,10
215,7
216,4
217,2
218,3
219,4
220,2
221,4
222,8
223,3
224,3
225,5
226,7
227,3
228,5
229,1
230,6
231,5
232,5
233,7
234,7
235,2
236,3
237,5
238,3
239,8
240,7
241,6
242,4
243,5
244,9
245,4
246,5
247,7
248,4
249,6
250,3
251,4
252,3
253,7
254,3
255,2
256,9
257,7
258,5
259,7
260,5
261,7
262,6
263,5
264,4
265,5
266,1
267,4
268,8
269,3
270,4
271,1
272,3
273,3
274,4
275,1
276,4
277,6
278,3
279,5
280,8
281,5
282,9
283,5
284,1
285,3
286,3
287,7
288,6
289,4
290,7
291,7
292,4
293,6
294,3
295,3
296,7
297,1
298,4
299,2
300,6
301,8
302,4
303,4
304,8
305,5
306,4
307,7
308,8
309,4
310,6
311,2
312,4
313,5
314,4
315,4
316,6
317,8
318,4
319,10
320,4
321,6
322,4
323,11
324,4
325,7
326,6
327,6
328,6
329,7
330,8
331,7
332,3
333,6
334,5
335,7
336,1
337,4
338,9
339,10
340,7
341,4
342,3
343,5
344,9
345,6
346,6
347,1
348,6
349,4
350,5
351,7
352,2
353,5
354,9
355,4
356,3
357,4
358,4
359,2
360,4
361,7
362,2
363,5
364,3
365,6
366,4
367,0
368,8
369,6
370,7
371,4
372,5
373,2
374,12
375,7
376,12
377,4
378,3
379,3
380,7
381,7
382,9
383,3
384,4
385,4
386,2
387,4
388,5
389,9
390,4
391,4
392,4
393,6
394,5
395,5
396,2
397,5
398,5
399,5
400,4
401,5
402,1
403,4
404,9
405,4
406,2
407,8
408,5
409,7
410,13
411,8
412,3
413,8
414,7
415,7
416,2
417,4
418,10
419,6
420,1
421,4
422,3
423,3
424,4
425,5
426,8
427,5
428,7
429,6
430,7
431,5
432,11
433,1
434,10
435,0
436,6
437,6
438,3
439,6
440,5
441,1
442,5
443,5
444,7
445,5
446,6
447,5
448,7
449,2
450,3
451,4
452,4
453,10
454,5
455,4
456,7
457,3
458,3
459,4
460,5
461,5
462,8
463,9
464,3
465,5
466,3
467,1
468,6
469,4
470,6
471,4
472,6
473,3
474,6
475,2
476,3
477,3
478,2
479,4
480,3
481,4
482,2
483,4
484,6
485,6
486,5
487,6
488,6
489,6
490,8
491,6
492,5
493,2
494,4
495,7
496,4
497,2
498,8
499,8
500,6
501,7
502,5
503,5
504,9
505,8
506,4
507,4
508,6
509,7
510,6
511,7
512,4
513,5
514,10
515,0
516,8
517,4
518,5
519,7
520,8
521,8
522,5
523,7
524,2
525,2
526,3
527,12
528,6
529,6
530,9
531,8
532,1
533,3
534,8
535,8
536,8
537,5
538,0
539,4
540,8
541,11
542,9
543,4
544,4
545,6
546,10
547,5
548,5
549,3
550,8
551,6
552,4
553,3
554,12
555,3
556,7
557,8
558,2
559,2
560,8
561,2
562,5
563,5
564,7
565,4
566,5
567,5
568,4
569,6
570,5
571,5
572,8
573,4
574,2
575,3
576,4
577,6
578,5
579,4
580,6
581,6
582,7
583,2
584,5
585,3
586,4
587,5
588,6
589,5
590,4
591,5
592,7
593,3
594,9
595,3
596,4
597,7
598,7
599,6
600,3
601,4
602,5
603,3
604,7
605,5
606,5
607,6
608,3
609,6
610,3
611,6
612,3
613,7
614,6
615,1
616,3
617,8
618,5
619,3
620,6
621,5
622,6
623,2
624,8
625,2
626,1
627,3
628,9
629,6
630,4
631,5
632,4
633,2
634,2
635,8
636,2
637,7
638,4
639,7
640,3
641,6
642,1
643,3
644,8
645,7
646,5
647,2
648,5
649,6
650,7
651,4
652,2
653,5
654,7
655,6
656,3
657,3
658,6
659,12
660,4
661,1
662,4
663,2
664,2
665,4
666,3
667,9
668,2
669,4
670,7
671,8
672,6
673,4
674,1
675,9
676,4
677,7
678,2
679,3
680,6
681,1
682,3
683,3
684,9
685,8
686,4
687,5
688,6
689,3
690,8
691,5
692,2
693,6
694,4
695,5
696,6
697,4
698,5
699,8
700,9
701,4
702,3
703,6
704,7
705,2
706,3
707,7
708,4
709,4
710,9
711,5
712,4
713,7
714,4
715,4
716,6
717,4
718,5
719,5
720,9
721,10
722,2
723,4
724,7
725,3
726,9
727,4
728,9
729,2
730,3
731,5
732,3
733,3
734,5
735,4
736,7
737,4
738,3
739,5
740,3
741,5
742,2
743,3
744,6
745,4
746,5
747,4
748,7
749,2
750,3
751,1
752,6
753,6
754,5
755,4
756,8
757,2
758,5
759,3
760,7
761,5
762,4
763,7
764,3
765,8
766,7
767,7
768,6
769,8
770,5
771,10
772,1
773,9
774,2
775,7
776,6
777,5
778,4
779,5
780,7
781,7
782,2
783,7
784,6
785,3
786,4
787,5
788,4
789,4
790,2
791,6
792,10
793,6
794,3
795,5
796,6
797,5
798,3
799,3
800,5
801,5
802,2
803,6
804,4
805,3
806,8
807,4
808,9
809,1
810,7
811,8
812,6
813,7
814,4
815,7
816,7
817,5
818,3
819,6
820,5
821,8
822,7
823,4
824,5
825,11
826,2
827,2
828,3
829,6
830,6
831,7
832,1
833,8
834,4
835,4
836,6
837,8
838,6
839,4
840,3
841,8
842,8
843,4
844,4
845,5
846,4
847,7
848,5
849,9
850,10
851,3
852,5
853,4
854,4
855,7
856,9
857,5
858,9
859,6
860,2
861,7
862,4
863,9
864,7
865,3
866,9
867,5
868,3
869,2
870,5
871,3
872,10
873,6
874,7
875,7
876,6
877,7
878,5
879,3
880,7
881,7
882,5
883,6
884,8
885,8
886,6
887,6
888,6
889,6
890,10
891,6
892,2
893,3
894,4
895,3
896,7
897,5
898,5
899,7
900,6
901,9
902,4
903,4
904,5
905,3
906,7
907,4
908,4
909,8
910,7
911,10
912,4
913,1
914,4
915,6
916,3
917,5
918,3
919,4
920,5
921,8
922,0
923,7
924,4
925,5
926,3
927,6
928,1
929,8
930,4
931,6
932,7
933,2
934,7
935,5
936,3
937,5
938,7
939,9
940,7
941,3
942,10
943,7
944,4
945,2
946,2
947,8
948,4
949,4
950,7
951,5
952,3
953,3
954,5
955,3
956,3
957,4
958,7
959,4
960,3
961,5
962,7
963,4
964,7
965,3
966,5
967,9
968,3
969,4
970,4
971,6
972,9
973,6
974,5
975,4
976,1
977,6
978,6
979,6
980,2
981,6
982,9
983,4
984,1
985,3
986,6
987,7
988,1
989,5
990,8
991,4
992,4
993,8
994,4
995,4
996,2
997,5
998,10
999,5
1000,6
1001,4
1002,9
1003,3
1004,3
1005,9
1006,5
1007,6
1008,6
1009,8
1010,12
1011,8
1012,5
1013,10
1014,3
1015,6
1016,4
1017,4
1018,5
1019,8
1020,6
1021,7
1022,6
1023,4
1024,9
1025,6
1026,11
1027,4
1028,4
1029,1
1030,6
1031,8
1032,6
1033,7
1034,4
1035,3
1036,3
1037,2
1038,3
1039,8
1040,6
1041,5
1042,6
1043,6
1044,9
1045,4
1046,5
1047,3
1048,2
1049,2
1050,3
1051,6
1052,8
1053,8
1054,3
1055,4
1056,7
1057,3
1058,5
1059,4
1060,2
1061,4
1062,5
1063,7
1064,6
1065,5
1066,7
1067,4
1068,6
1069,3
1070,4
1071,2
1072,3
1073,6
1074,5
1075,7
1076,3
1077,7
1078,4
1079,5
1080,8
1081,0
1082,4
1083,6
1084,4
1085,4
1086,7
1087,5
1088,7
1089,3
1090,6
1091,7
1092,5
1093,6
1094,8
1095,3
1096,4
1097,4
1098,2
1099,5
1100,4
1101,5
1102,4
1103,8
1104,4
1105,2
1106,6
1107,4
1108,3
1109,5
1110,5
1111,4
1112,2
1113,2
1114,6
1115,2
1116,5
1117,8
1118,6
1119,5
1120,4
1121,12
1122,2
1123,3
1124,5
1125,6
1126,6
1127,2
1128,5
1129,6
1130,2
1131,5
1132,3
1133,4
1134,5
1135,7
1136,2
1137,6
1138,3
1139,5
1140,4
1141,4
1142,6
1143,6
1144,1
1145,7
1146,3
1147,4
1148,3
1149,4
1150,5
1151,2
1152,5
1153,2
1154,3
1155,9
1156,6
1157,7
1158,9
1159,3
1160,6
1161,4
1162,4
1163,3
1164,4
1165,3
1166,4
1167,3
1168,6
1169,6
1170,10
1171,4
1172,2
1173,8
1174,4
1175,6
1176,12
1177,7
1178,7
1179,5
1180,4
1181,5
1182,3
1183,6
1184,5
1185,5
1186,5
1187,4
1188,5
1189,4
1190,5
1191,4
1192,5
1193,4
1194,4
1195,7
1196,9
1197,10
1198,5
1199,3
1200,2
1201,5
1202,4
1203,5
1204,8
1205,9
1206,3
1207,6
1208,5
1209,4
1210,9
1211,1
1212,5
1213,4
1214,5
1215,5
1216,6
1217,6
1218,5
1219,5
1220,4
1221,6
1222,8
1223,6
1224,5
1225,6
1226,3
1227,4
1228,2
1229,5
1230,2
1231,6
1232,2
1233,5
1234,5
1235,5
1236,8
1237,3
1238,5
1239,9
1240,5
1241,5
1242,4
1243,6
1244,2
1245,5
1246,8
1247,4
1248,10
1249,2
1250,5
1251,6
1252,9
1253,5
1254,7
1255,7
1256,0
1257,6
1258,6
1259,5
1260,3
1261,8
1262,3
1263,6
1264,6
1265,0
1266,5
1267,4
1268,5
1269,6
1270,5
1271,7
1272,4
1273,1
1274,6
1275,6
1276,5
1277,0
1278,7
1279,3
1280,3
1281,7
1282,6
1283,6
1284,7
1285,1
1286,4
1287,5
1288,5
1289,8
1290,7
1291,3
1292,7
1293,4
1294,5
1295,3
1296,7
1297,8
1298,4
1299,5
1300,8
1301,3
1302,6
1303,5
1304,7
1305,6
1306,6
1307,3
1308,4
1309,3
1310,6
1311,4
1312,7
1313,4
1314,3
1315,1
1316,6
1317,3
1318,3
1319,7
1320,7
1321,7
1322,5
1323,6
1324,7
1325,8
1326,3
1327,5
1328,4
1329,8
1330,7
1331,2
1332,8
1333,4
1334,9
1335,7
1336,4
1337,4
1338,3
1339,4
1340,3
1341,8
1342,4
1343,4
1344,3
1345,3
1346,2
1347,7
1348,12
1349,5
1350,10
1351,8
1352,3
1353,10
1354,3
1355,2
1356,4
1357,4
1358,6
1359,8
1360,4
1361,9
1362,7
1363,5
1364,3
1365,3
1366,7
1367,5
1368,11
1369,6
1370,9
1371,4
1372,9
1373,6
1374,5
1375,5
1376,10
1377,4
1378,4
1379,5
1380,7
1381,5
1382,9
1383,7
1384,5
1385,7
1386,7
1387,2
1388,2
1389,2
1390,2
1391,7
1392,7
1393,4
1394,4
1395,5
1396,5
1397,3
1398,6
1399,2
1400,6
1401,3
1402,5
1403,5
1404,3
1405,6
1406,5
1407,6
1408,7
1409,4
1410,11
1411,4
1412,6
1413,3
1414,4
1415,2
1416,9
1417,4
1418,6
1419,3
1420,4
1421,6
1422,7
1423,3
1424,5
1425,4
1426,2
1427,4
1428,4
1429,6
1430,8
1431,6
1432,3
1433,3
1434,4
1435,6
1436,8
1437,1
1438,5
1439,5
1440,7
1441,2
1442,10
1443,3
1444,5
1445,7
1446,8
1447,4
1448,7
1449,7
1450,3
1451,4
1452,6
1453,6
1454,4
1455,4
1456,4
1457,2
1458,3
1459,2
1460,8
1461,3
1462,5
1463,3
1464,3
1465,6
1466,6
1467,3
1468,9
1469,3
1470,6
1471,3
1472,4
1473,4
1474,6
1475,6
1476,8
1477,2
1478,4
1479,5
1480,2
1481,8
1482,5
1483,5
1484,6
1485,5
1486,4
1487,4
1488,5
1489,6
1490,8
1491,7
1492,5
1493,7
1494,7
1495,7
1496,9
1497,6
1498,3
1499,2
1500,5
1501,12
1502,4
1503,6
1504,5
1505,4
1506,4
1507,8
1508,3
1509,10
1510,5
1511,3
1512,5
1513,7
1514,7
1515,6
1516,2
1517,2
1518,10
1519,5
1520,8
1521,5
1522,3
1523,4
1524,7
1525,2
1526,8
1527,7
1528,5
1529,5
1530,8
1531,9
1532,7
1533,3
1534,5
1535,4
1536,4
1537,6
1538,3
1539,2
1540,3
1541,3
1542,8
1543,4
1544,5
1545,3
1546,4
1547,7
1548,4
1549,5
1550,8
1551,6
1552,5
1553,8
1554,7
1555,5
1556,10
1557,8
1558,6
1559,1
1560,4
1561,3
1562,8
1563,7
1564,8
1565,7
1566,8
1567,4
1568,4
1569,5
1570,4
1571,4
1572,10
1573,6
1574,2
1575,8
1576,9
1577,8
1578,4
1579,5
1580,5
1581,5
1582,6
1583,3
1584,5
1585,7
1586,4
1587,7
1588,7
1589,3
1590,4
1591,2
1592,3
1593,2
1594,6
1595,8
1596,4
1597,7
1598,7
1599,1
1600,6
1601,3
1602,1
1603,3
1604,3
1605,4
1606,9
1607,8
1608,4
1609,4
1610,3
1611,4
1612,3
1613,6
1614,5
1615,5
1616,5
1617,4
1618,5
1619,7
1620,4
1621,8
1622,2
1623,4
1624,6
1625,9
1626,4
1627,6
1628,4
1629,4
1630,2
1631,8
1632,3
1633,3
1634,2
1635,8
1636,4
1637,6
1638,4
1639,5
1640,5
1641,5
1642,6
1643,5
1644,7
1645,5
1646,7
1647,3
1648,6
1649,3
1650,5
1651,5
1652,4
1653,8
1654,4
1655,4
1656,7
1657,12
1658,5
1659,6
1660,5
1661,4
1662,2
1663,7
1664,3
1665,8
1666,5
1667,3
1668,8
1669,3
1670,2
1671,6
1672,3
1673,2
1674,3
1675,2
1676,2
1677,2
1678,7
1679,4
1680,4
1681,3
1682,8
1683,7
1684,5
1685,6
1686,6
1687,7
1688,3
1689,6
1690,5
1691,5
1692,5
1693,4
1694,5
1695,6
1696,7
1697,8
1698,1
1699,7
1700,10
1701,3
1702,6
1703,3
1704,7
1705,7
1706,6
1707,8
1708,7
1709,7
1710,2
1711,14
1712,5
1713,5
1714,5
1715,7
1716,7
1717,6
1718,1
1719,2
1720,6
1721,2
1722,6
1723,8
1724,7
1725,5
1726,7
1727,2
1728,4
1729,7
1730,4
1731,8
1732,3
1733,6
1734,4
1735,6
1736,3
1737,4
1738,4
1739,3
1740,4
1741,8
1742,3
1743,4
1744,9
1745,4
1746,4
1747,4
1748,2
1749,10
1750,6
1751,6
1752,6
1753,9
1754,4
1755,10
1756,2
1757,5
1758,4
1759,7
1760,7
1761,6
1762,7
1763,2
1764,8
1765,8
1766,2
1767,8
1768,6
1769,3
1770,9
1771,8
1772,6
1773,7
1774,4
1775,5
1776,8
1777,3
1778,2
1779,6
1780,7
1781,9
1782,4
1783,5
1784,7
1785,2
1786,2
1787,1
1788,3
1789,10
1790,3
1791,5
1792,6
1793,4
1794,5
1795,2
1796,4
1797,7
1798,2
1799,7
1800,2
1801,3
1802,5
1803,1
1804,5
1805,2
1806,6
1807,4
1808,6
1809,2
1810,7
1811,7
1812,5
1813,8
1814,4
1815,3
1816,7
1817,6
1818,9
1819,5
1820,6
1821,6
1822,4
1823,5
1824,10
1825,5
1826,7
1827,3
1828,3
1829,5
1830,1
1831,1
1832,6
1833,4
1834,5
1835,1
1836,2
1837,3
1838,6
1839,7
1840,3
1841,8
1842,8
1843,3
1844,8
1845,3
1846,5
1847,6
1848,8
1849,6
1850,6
1851,3
1852,1
1853,2
1854,6
1855,2
1856,5
1857,8
1858,4
1859,5
1860,6
1861,6
1862,7
1863,6
1864,2
1865,3
1866,5
1867,3
1868,5
1869,4
1870,5
1871,5
1872,5
1873,4
1874,9
1875,5
1876,3
1877,12
1878,4
1879,9
1880,2
1881,10
1882,4
1883,7
1884,6
1885,6
1886,6
1887,1
1888,3
1889,2
1890,3
1891,5
1892,10
1893,1
1894,3
1895,7
1896,7
1897,7
1898,2
1899,3
1900,8
1901,10
1902,5
1903,2
1904,4
1905,3
1906,6
1907,10
1908,3
1909,4
1910,4
1911,5
1912,4
1913,5
1914,2
1915,8
1916,8
1917,7
1918,5
1919,3
1920,4
1921,8
1922,1
1923,2
1924,3
1925,3
1926,5
1927,6
1928,6
1929,3
1930,8
1931,5
1932,5
1933,4
1934,4
1935,8
1936,2
1937,9
1938,4
1939,9
1940,2
1941,8
1942,5
1943,4
1944,2
1945,1
1946,7
1947,4
1948,10
1949,4
1950,7
1951,1
1952,6
1953,5
1954,6
1955,2
1956,6
1957,3
1958,5
1959,6
1960,3
1961,3
1962,5
1963,3
1964,6
1965,10
1966,4
1967,4
1968,2
1969,6
1970,7
1971,5
1972,9
1973,11
1974,3
1975,4
1976,3
1977,5
1978,4
1979,2
1980,6
1981,7
1982,2
1983,8
1984,4
1985,8
1986,2
1987,1
1988,7
1989,7
1990,1
1991,7
1992,8
1993,1
1994,10
1995,3
1996,6
1997,5
1998,4
1999,5
2000,7
2001,4
2002,6
2003,4
2004,5
2005,6
2006,6
2007,6
2008,9
2009,2
2010,3
2011,9
2012,10
2013,6
2014,5
2015,2
2016,5
2017,6
2018,7
2019,8
2020,3
2021,5
2022,7
2023,1
2024,7
2025,3
2026,3
2027,4
2028,3
2029,2
2030,3
2031,5
2032,1
2033,6
2034,6
2035,7
2036,2
2037,5
2038,9
2039,6
2040,6
2041,6
2042,3
2043,8
2044,3
2045,9
2046,4
2047,2
2048,6
2049,4
2050,5
2051,5
2052,7
2053,7
2054,2
2055,9
2056,5
2057,8
2058,10
2059,6
2060,4
2061,3
2062,5
2063,11
2064,8
2065,5
2066,6
2067,10
2068,3
2069,5
2070,3
2071,6
2072,7
2073,6
2074,6
2075,5
2076,4
2077,10
2078,9
2079,8
2080,7
2081,4
2082,5
2083,4
2084,7
2085,4
2086,3
2087,3
2088,4
2089,5
2090,6
2091,4
2092,6
2093,5
2094,9
2095,7
2096,5
2097,6
2098,4
2099,2
2100,4
2101,8
2102,5
2103,5
2104,6
2105,6
2106,10
2107,4
2108,4
2109,5
2110,5
2111,10
2112,8
2113,3
2114,8
2115,6
2116,3
2117,4
2118,6
2119,3
2120,3
2121,3
2122,8
2123,8
2124,3
2125,3
2126,4
2127,8
2128,7
2129,7
2130,2
2131,2
2132,4
2133,5
2134,6
2135,2
2136,4
2137,7
2138,2
2139,6
2140,6
2141,7
2142,2
2143,1
2144,8
2145,7
2146,7
2147,3
2148,4
2149,2
2150,6
2151,3
2152,7
2153,6
2154,5
2155,4
2156,4
2157,2
2158,5
2159,3
2160,5
2161,3
2162,8
2163,4
2164,7
2165,6
2166,2
2167,5
2168,6
2169,5
2170,9
2171,7
2172,6
2173,4
2174,5
2175,5
2176,7
2177,7
2178,2
2179,8
2180,5
2181,4
2182,7
2183,5
2184,5
2185,10
2186,5
2187,7
2188,5
2189,4
2190,9
2191,5
2192,10
2193,4
2194,6
2195,4
2196,5
2197,4
2198,8
2199,6
2200,6
2201,1
2202,3
2203,5
2204,7
2205,6
2206,9
2207,3
2208,11
2209,6
2210,7
2211,3
2212,8
2213,3
2214,2
2215,11
2216,6
2217,2
2218,5
2219,7
2220,4
2221,4
2222,3
2223,11
2224,8
2225,6
2226,8
2227,6
2228,4
2229,2
2230,8
2231,2
2232,5
2233,10
2234,7
2235,4
2236,4
2237,6
2238,3
2239,8
2240,4
2241,3
2242,4
2243,5
2244,6
2245,5
2246,1
2247,6
2248,4
2249,6
2250,6
2251,3
2252,5
2253,9
2254,9
2255,10
2256,6
2257,6
2258,3
2259,7
2260,4
2261,7
2262,8
2263,2
2264,10
2265,8
2266,4
2267,6
2268,8
2269,4
2270,11
2271,5
2272,7
2273,4
2274,6
2275,4
2276,3
2277,4
2278,6
2279,4
2280,6
2281,3
2282,5
2283,3
2284,8
2285,10
2286,8
2287,4
2288,5
2289,4
2290,5
2291,6
2292,5
2293,6
2294,12
2295,8
2296,5
2297,7
2298,8
2299,4
2300,8
2301,3
2302,4
2303,5
2304,2
2305,8
2306,2
2307,3
2308,3
2309,4
2310,5
2311,6
2312,6
2313,1
2314,5
2315,4
2316,4
2317,6
2318,7
2319,9
2320,3
2321,5
2322,6
2323,8
2324,5
2325,5
2326,5
2327,5
2328,4
2329,2
2330,5
2331,1
2332,6
2333,7
2334,7
2335,1
2336,6
2337,9
2338,6
2339,7
2340,5
2341,4
2342,7
2343,5
2344,1
2345,6
2346,5
2347,3
2348,7
2349,4
2350,9
2351,7
2352,5
2353,5
2354,5
2355,9
2356,7
2357,7
2358,5
2359,6
2360,5
2361,5
2362,4
2363,6
2364,1
2365,1
2366,7
2367,4
2368,7
2369,5
2370,6
2371,10
2372,7
2373,3
2374,6
2375,8
2376,3
2377,2
2378,8
2379,9
2380,4
2381,7
2382,8
2383,4
2384,5
2385,4
2386,13
2387,7
2388,6
2389,5
2390,6
2391,6
2392,9
2393,3
2394,8
2395,5
2396,5
2397,6
2398,9
2399,8
2400,3
2401,5
2402,2
2403,5
2404,6
2405,7
2406,2
2407,5
2408,3
2409,6
2410,8
2411,5
2412,4
2413,0
2414,4
2415,9
2416,4
2417,5
2418,5
2419,1
2420,4
2421,7
2422,5
2423,8
2424,3
2425,11
2426,7
2427,3
2428,2
2429,6
2430,5
2431,6
2432,4
2433,1
2434,3
2435,5
2436,5
2437,7
2438,8
2439,5
2440,4
2441,5
2442,6
2443,2
2444,7
2445,9
2446,5
2447,2
2448,6
2449,6
2450,6
2451,7
2452,8
2453,5
2454,5
2455,11
2456,6
2457,8
2458,4
2459,8
2460,5
2461,8
2462,3
2463,3
2464,2
2465,5
2466,7
2467,3
2468,8
2469,3
2470,2
2471,3
2472,9
2473,7
2474,6
2475,6
2476,6
2477,3
2478,9
2479,5
2480,5
2481,3
2482,5
2483,5
2484,2
2485,5
2486,6
2487,5
2488,7
2489,3
2490,6
2491,3
2492,8
2493,6
2494,8
2495,8
2496,4
2497,6
2498,4
2499,4
2500,7
2501,6
2502,2
2503,5
2504,7
2505,6
2506,10
2507,2
2508,10
2509,4
2510,5
2511,4
2512,6
2513,3
2514,3
2515,7
2516,5
2517,10
2518,3
2519,5
2520,4
2521,4
2522,2
2523,6
2524,5
2525,2
2526,5
2527,6
2528,6
2529,5
2530,5
2531,6
2532,7
2533,6
2534,6
2535,3
2536,2
2537,6
2538,6
2539,4
2540,6
2541,2
2542,6
2543,7
2544,5
2545,7
2546,6
2547,8
2548,4
2549,4
2550,3
2551,3
2552,1
2553,9
2554,3
2555,6
2556,5
2557,2
2558,5
2559,3
2560,5
2561,5
2562,8
2563,6
2564,8
2565,1
2566,10
2567,3
2568,2
2569,3
2570,4
2571,7
2572,5
2573,5
2574,10
2575,3
2576,4
2577,6
2578,6
2579,7
2580,7
2581,5
2582,3
2583,2
2584,6
2585,3
2586,4
2587,7
2588,4
2589,3
2590,3
2591,4
2592,5
2593,6
2594,2
2595,6
2596,1
2597,9
2598,3
2599,2
2600,6
2601,5
2602,6
2603,6
2604,3
2605,2
2606,6
2607,7
2608,10
2609,7
2610,0
2611,4
2612,6
2613,7
2614,8
2615,8
2616,6
2617,6
2618,6
2619,4
2620,4
2621,5
2622,8
2623,5
2624,5
2625,5
2626,3
2627,1
2628,4
2629,2
2630,7
2631,6
2632,6
2633,5
2634,3
2635,2
2636,2
2637,4
2638,6
2639,5
2640,5
2641,5
2642,8
2643,5
2644,4
2645,4
2646,6
2647,3
2648,3
2649,4
2650,4
2651,4
2652,5
2653,6
2654,8
2655,5
2656,4
2657,1
2658,7
2659,1
2660,6
2661,4
2662,11
2663,5
2664,8
2665,6
2666,8
2667,4
2668,1
2669,4
2670,6
2671,4
2672,4
2673,7
2674,13
2675,8
2676,13
2677,3
2678,5
2679,4
2680,7
2681,3
2682,3
2683,1
2684,11
2685,3
2686,3
2687,5
2688,9
2689,2
2690,2
2691,7
2692,3
2693,4
2694,6
2695,5
2696,4
2697,7
2698,8
2699,4
2700,2
2701,8
2702,5
2703,3
2704,7
2705,2
2706,3
2707,4
2708,8
2709,9
2710,7
2711,3
2712,7
2713,4
2714,6
2715,3
2716,6
2717,6
2718,6
2719,4
2720,9
2721,5
2722,2
2723,5
2724,3
2725,4
2726,6
2727,5
2728,3
2729,3
2730,6
2731,5
2732,3
2733,6
2734,2
2735,4
2736,8
2737,6
2738,4
2739,2
2740,6
2741,5
2742,5
2743,3
2744,3
2745,6
2746,0
2747,8
2748,4
2749,3
2750,5
2751,6
2752,4
2753,1
2754,5
2755,4
2756,3
2757,4
2758,7
2759,5
2760,6
2761,9
2762,6
2763,7
2764,4
2765,4
2766,4
2767,2
2768,3
2769,4
2770,4
2771,3
2772,4
2773,8
2774,4
2775,4
2776,4
2777,2
2778,7
2779,6
2780,8
2781,9
2782,5
2783,3
2784,5
2785,3
2786,4
2787,5
2788,4
2789,6
2790,4
2791,3
2792,5
2793,5
2794,3
2795,5
2796,5
2797,8
2798,5
2799,3
2800,7
2801,10
2802,6
2803,2
2804,3
2805,8
2806,3
2807,5
2808,7
2809,5
2810,7
2811,7
2812,6
2813,6
2814,4
2815,5
2816,6
2817,3
2818,3
2819,4
2820,7
2821,6
2822,4
2823,4
2824,6
2825,8
2826,5
2827,9
2828,1
2829,6
2830,2
2831,6
2832,5
2833,3
2834,5
2835,7
2836,6
2837,4
2838,7
2839,5
2840,3
2841,5
2842,8
2843,4
2844,2
2845,11
2846,5
2847,3
2848,7
2849,2
2850,3
2851,6
2852,8
2853,3
2854,5
2855,7
2856,9
2857,7
2858,4
2859,5
2860,4
2861,4
2862,6
2863,5
2864,3
2865,1
2866,3
2867,3
2868,5
2869,9
2870,5
2871,6
2872,6
2873,6
2874,3
2875,3
2876,5
2877,5
2878,1
2879,5
2880,4
2881,3
2882,7
2883,6
2884,4
2885,6
2886,2
2887,5
2888,4
2889,4
2890,5
2891,6
2892,9
2893,1
2894,7
2895,5
2896,7
2897,5
2898,4
2899,7
2900,5
2901,6
2902,7
2903,8
2904,8
2905,3
2906,5
2907,4
2908,4
2909,7
2910,4
2911,3
2912,4
2913,2
2914,11
2915,9
2916,5
2917,5
2918,6
2919,10
2920,5
2921,3
2922,2
2923,7
2924,5
2925,2
2926,4
2927,3
2928,8
2929,3
2930,5
2931,2
2932,6
2933,7
2934,4
2935,3
2936,7
2937,6
2938,5
2939,5
2940,2
2941,8
2942,2
2943,7
2944,7
2945,6
2946,4
2947,4
2948,11
2949,4
2950,5
2951,5
2952,4
2953,6
2954,3
2955,7
2956,2
2957,8
2958,7
2959,5
2960,8
2961,1
2962,6
2963,2
2964,6
2965,6
2966,7
2967,5
2968,5
2969,4
2970,3
2971,6
2972,5
2973,4
2974,6
2975,6
2976,5
2977,6
2978,7
2979,5
2980,8
2981,6
2982,6
2983,5
2984,2
2985,2
2986,4
2987,1
2988,6
2989,7
2990,4
2991,4
2992,2
2993,7
2994,5
2995,9
2996,13
2997,4
2998,5
2999,6
3000,4
3001,7
3002,2
3003,6
3004,5
3005,1
3006,9
3007,8
3008,3
3009,5
3010,4
3011,3
3012,3
3013,5
3014,6
3015,3
3016,2
3017,6
3018,3
3019,10
3020,5
3021,7
3022,9
3023,6
3024,2
3025,4
3026,5
3027,3
3028,3
3029,8
3030,4
3031,8
3032,6
3033,1
3034,5
3035,5
3036,7
3037,2
3038,2
3039,2
3040,0
3041,6
3042,5
3043,5
3044,4
3045,6
3046,8
3047,11
3048,4
3049,2
3050,6
3051,10
3052,11
3053,2
3054,5
3055,6
3056,4
3057,5
3058,7
3059,1
3060,3
3061,3
3062,8
3063,3
3064,10
3065,2
3066,2
3067,5
3068,7
3069,3
3070,6
3071,4
3072,5
3073,7
3074,4
3075,7
3076,6
3077,3
3078,6
3079,8
3080,5
3081,5
3082,5
3083,3
3084,8
3085,6
3086,2
3087,0
3088,4
3089,2
3090,9
3091,5
3092,5
3093,4
3094,6
3095,2
3096,5
3097,3
3098,3
3099,5
3100,3
3101,5
3102,5
3103,9
3104,4
3105,3
3106,6
3107,8
3108,5
3109,8
3110,3
3111,3
3112,9
3113,6
3114,5
3115,5
3116,3
3117,4
3118,5
3119,2
3120,4
3121,5
3122,7
3123,5
3124,6
3125,3
3126,6
3127,3
3128,10
3129,5
3130,2
3131,8
3132,5
3133,7
3134,4
3135,3
3136,4
3137,3
3138,5
3139,5
3140,8
3141,8
3142,6
3143,6
3144,7
3145,7
3146,3
3147,8
3148,6
3149,5
3150,6
3151,6
3152,4
3153,7
3154,4
3155,4
3156,5
3157,6
3158,7
3159,3
3160,3
3161,5
3162,7
3163,6
3164,3
3165,1
3166,4
3167,3
3168,8
3169,6
3170,7
3171,4
3172,3
3173,9
3174,9
3175,5
3176,5
3177,4
3178,5
3179,5
3180,7
3181,7
3182,5
3183,5
3184,2
3185,5
3186,2
3187,6
3188,5
3189,4
3190,3
3191,2
3192,5
3193,7
3194,9
3195,5
3196,3
3197,3
3198,4
3199,7
3200,4
3201,5
3202,4
3203,6
3204,6
3205,4
3206,7
3207,4
3208,4
3209,5
3210,10
3211,8
3212,6
3213,3
3214,8
3215,10
3216,4
3217,4
3218,9
3219,6
3220,3
3221,8
3222,7
3223,9
3224,4
3225,3
3226,5
3227,7
3228,6
3229,5
3230,6
3231,6
3232,4
3233,6
3234,9
3235,4
3236,6
3237,3
3238,6
3239,7
3240,7
3241,3
3242,2
3243,8
3244,4
3245,7
3246,3
3247,3
3248,1
3249,3
3250,6
3251,6
3252,5
3253,3
3254,4
3255,4
3256,4
3257,5
3258,6
3259,6
3260,2
3261,3
3262,3
3263,9
3264,3
3265,3
3266,5
3267,6
3268,2
3269,8
3270,10
3271,4
3272,5
3273,5
3274,1
3275,3
3276,10
3277,3
3278,3
3279,8
3280,3
3281,6
3282,4
3283,5
3284,6
3285,6
3286,5
3287,5
3288,4
3289,8
3290,7
3291,7
3292,5
3293,4
3294,9
3295,7
3296,2
3297,6
3298,1
3299,3
3300,2
3301,2
3302,9
3303,6
3304,7
3305,7
3306,9
3307,3
3308,6
3309,5
3310,5
3311,5
3312,3
3313,3
3314,6
3315,5
3316,7
3317,3
3318,4
3319,6
3320,6
3321,0
3322,4
3323,3
3324,3
3325,11
3326,3
3327,4
3328,5
3329,9
3330,5
3331,6
3332,8
3333,10
3334,5
3335,5
3336,7
3337,5
3338,9
3339,2
3340,4
3341,4
3342,6
3343,6
3344,2
3345,7
3346,2
3347,12
3348,6
3349,9
3350,4
3351,4
3352,4
3353,8
3354,9
3355,4
3356,1
3357,6
3358,5
3359,5
3360,3
3361,2
3362,6
3363,10
3364,8
3365,5
3366,7
3367,7
3368,2
3369,4
3370,5
3371,6
3372,3
3373,5
3374,4
3375,4
3376,6
3377,7
3378,7
3379,3
3380,7
3381,7
3382,5
3383,9
3384,0
3385,8
3386,9
3387,3
3388,7
3389,1
3390,6
3391,6
3392,9
3393,6
3394,4
3395,2
3396,11
3397,10
3398,2
3399,8
3400,3
3401,5
3402,4
3403,6
3404,3
3405,6
3406,3
3407,4
3408,6
3409,1
3410,7
3411,10
3412,5
3413,2
3414,6
3415,4
3416,4
3417,5
3418,7
3419,2
3420,5
3421,6
3422,5
3423,11
3424,3
3425,3
3426,6
3427,3
3428,10
3429,4
3430,4
3431,1
3432,6
3433,7
3434,9
3435,3
3436,7
3437,4
3438,7
3439,5
3440,4
3441,4
3442,8
3443,5
3444,2
3445,7
3446,9
3447,5
3448,6
3449,3
3450,3
3451,4
3452,7
3453,6
3454,3
3455,11
3456,3
3457,6
3458,8
3459,6
3460,4
3461,9
3462,5
3463,5
3464,4
3465,3
3466,5
3467,4
3468,8
3469,4
3470,9
3471,6
3472,5
3473,7
3474,5
3475,6
3476,4
3477,2
3478,5
3479,9
3480,7
3481,7
3482,5
3483,5
3484,5
3485,5
3486,2
3487,3
3488,5
3489,4
3490,7
3491,8
3492,3
3493,3
3494,6
3495,4
3496,8
3497,5
3498,1
3499,7
3500,6
3501,8
3502,4
3503,6
3504,0
3505,2
3506,8
3507,3
3508,3
3509,4
3510,8
3511,7
3512,4
3513,3
3514,4
3515,4
3516,5
3517,6
3518,4
3519,6
3520,5
3521,4
3522,7
3523,10
3524,6
3525,6
3526,5
3527,6
3528,6
3529,6
3530,4
3531,9
3532,4
3533,4
3534,6
3535,2
3536,4
3537,6
3538,4
3539,5
3540,1
3541,5
3542,3
3543,5
3544,7
3545,6
3546,3
3547,2
3548,5
3549,4
3550,6
3551,6
3552,3
3553,7
3554,5
3555,5
3556,4
3557,0
3558,9
3559,4
3560,4
3561,7
3562,4
3563,5
3564,6
3565,8
3566,6
3567,5
3568,3
3569,5
3570,6
3571,5
3572,4
3573,4
3574,7
3575,8
3576,4
3577,7
3578,5
3579,4
3580,5
3581,4
3582,6
3583,5
3584,3
3585,9
3586,7
3587,10
3588,2
3589,5
3590,3
3591,8
3592,10
3593,4
3594,2
3595,6
3596,7
3597,5
3598,6
3599,4
3600,5
3601,4
3602,3
3603,6
3604,4
3605,3
3606,5
3607,5
3608,8
3609,5
3610,4
3611,6
3612,8
3613,3
3614,2
3615,3
3616,6
3617,7
3618,9
3619,11
3620,4
3621,4
3622,3
3623,7
3624,6
3625,6
3626,1
3627,9
3628,5
3629,3
3630,5
3631,4
3632,7
3633,6
3634,7
3635,5
3636,5
3637,6
3638,5
3639,7
3640,5
3641,4
3642,5
3643,9
3644,5
3645,7
3646,5
3647,5
3648,3
3649,8
3650,1
3651,4
3652,5
3653,5
3654,2
3655,3
3656,9
3657,6
3658,5
3659,3
3660,6
3661,7
3662,4
3663,3
3664,2
3665,1
3666,4
3667,6
3668,3
3669,3
3670,3
3671,5
3672,10
3673,2
3674,3
3675,2
3676,7
3677,8
3678,1
3679,7
3680,5
3681,2
3682,6
3683,3
3684,3
3685,8
3686,5
3687,8
3688,7
3689,7
3690,5
3691,2
3692,1
3693,9
3694,4
3695,7
3696,4
3697,2
3698,4
3699,2
3700,5
3701,5
3702,6
3703,5
3704,5
3705,8
3706,3
3707,4
3708,11
3709,6
3710,7
3711,6
3712,4
3713,6
3714,4
3715,9
3716,2
3717,7
3718,1
3719,6
3720,7
3721,8
3722,2
3723,5
3724,3
3725,8
3726,7
3727,3
3728,7
3729,7
3730,6
3731,7
3732,8
3733,2
3734,7
3735,7
3736,6
3737,9
3738,8
3739,5
3740,2
3741,4
3742,6
3743,5
3744,7
3745,6
3746,1
3747,3
3748,7
3749,3
3750,6
3751,8
3752,3
3753,3
3754,3
3755,5
3756,4
3757,6
3758,3
3759,8
3760,4
3761,4
3762,3
3763,5
3764,5
3765,6
3766,3
3767,6
3768,6
3769,4
3770,7
3771,3
3772,3
3773,2
3774,5
3775,6
3776,2
3777,1
3778,3
3779,7
3780,8
3781,9
3782,4
3783,5
3784,3
3785,5
3786,9
3787,6
3788,4
3789,4
3790,6
3791,2
3792,5
3793,5
3794,4
3795,5
3796,5
3797,3
3798,7
3799,7
3800,7
3801,9
3802,4
3803,10
3804,2
3805,6
3806,5
3807,7
3808,4
3809,3
3810,8
3811,5
3812,4
3813,7
3814,2
3815,4
3816,9
3817,10
3818,5
3819,13
3820,5
3821,3
3822,5
3823,4
3824,5
3825,6
3826,7
3827,6
3828,7
3829,5
3830,2
3831,6
3832,5
3833,2
3834,8
3835,6
3836,7
3837,5
3838,1
3839,7
3840,8
3841,6
3842,7
3843,5
3844,5
3845,3
3846,5
3847,2
3848,6
3849,3
3850,5
3851,4
3852,9
3853,6
3854,8
3855,8
3856,5
3857,3
3858,3
3859,10
3860,6
3861,5
3862,5
3863,6
3864,3
3865,3
3866,8
3867,7
3868,5
3869,9
3870,9
3871,4
3872,5
3873,4
3874,4
3875,5
3876,6
3877,6
3878,8
3879,10
3880,7
3881,3
3882,1
3883,7
3884,6
3885,3
3886,6
3887,7
3888,6
3889,5
3890,2
3891,1
3892,10
3893,2
3894,7
3895,8
3896,4
3897,8
3898,4
3899,3
3900,0
3901,4
3902,5
3903,6
3904,3
3905,3
3906,4
3907,6
3908,5
3909,5
3910,10
3911,4
3912,1
3913,8
3914,6
3915,8
3916,6
3917,5
3918,9
3919,7
3920,3
3921,3
3922,5
3923,4
3924,7
3925,7
3926,2
3927,3
3928,2
3929,7
3930,6
3931,6
3932,4
3933,3
3934,4
3935,6
3936,1
3937,6
3938,3
3939,3
3940,4
3941,4
3942,2
3943,7
3944,5
3945,4
3946,2
3947,6
3948,4
3949,6
3950,3
3951,6
3952,2
3953,5
3954,8
3955,4
3956,2
3957,3
3958,10
3959,6
3960,3
3961,2
3962,3
3963,5
3964,6
3965,4
3966,3
3967,9
3968,7
3969,7
3970,8
3971,7
3972,9
3973,5
3974,7
3975,9
3976,4
3977,5
3978,4
3979,4
3980,3
3981,7
3982,4
3983,3
3984,6
3985,2
3986,4
3987,7
3988,3
3989,5
3990,5
3991,6
3992,8
3993,8
3994,3
3995,10
3996,13
3997,4
3998,7
3999,5
4000,6
4001,6
4002,3
4003,5
4004,3
4005,3
4006,4
4007,8
4008,3
4009,2
4010,6
4011,8
4012,7
4013,6
4014,9
4015,4
4016,4
4017,4
4018,1
4019,5
4020,7
4021,5
4022,4
4023,6
4024,3
4025,3
4026,2
4027,5
4028,9
4029,9
4030,9
4031,6
4032,7
4033,5
4034,5
4035,4
4036,4
4037,6
4038,5
4039,5
4040,6
4041,1
4042,10
4043,4
4044,8
4045,5
4046,4
4047,6
4048,7
4049,2
4050,4
4051,7
4052,4
4053,4
4054,3
4055,5
4056,8
4057,5
4058,8
4059,2
4060,7
4061,10
4062,6
4063,5
4064,4
4065,6
4066,7
4067,3
4068,4
4069,9
4070,6
4071,5
4072,7
4073,9
4074,5
4075,3
4076,6
4077,7
4078,7
4079,3
4080,6
4081,4
4082,7
4083,4
4084,5
4085,3
4086,6
4087,9
4088,5
4089,5
4090,7
4091,5
4092,0
4093,8
4094,4
4095,4
4096,1
4097,7
4098,4
4099,4
4100,10
4101,10
4102,7
4103,5
4104,2
4105,6
4106,3
4107,3
4108,2
4109,6
4110,4
4111,4
4112,6
4113,5
4114,7
4115,8
4116,3
4117,4
4118,5
4119,5
4120,5
4121,8
4122,9
4123,9
4124,7
4125,5
4126,3
4127,7
4128,10
4129,3
4130,6
4131,1
4132,6
4133,3
4134,6
4135,3
4136,8
4137,3
4138,2
4139,4
4140,6
4141,4
4142,3
4143,6
4144,7
4145,2
4146,5
4147,6
4148,3
4149,7
4150,1
4151,7
4152,3
4153,4
4154,5
4155,2
4156,5
4157,6
4158,3
4159,5
4160,3
4161,8
4162,2
4163,4
4164,2
4165,3
4166,6
4167,4
4168,3
4169,4
4170,5
4171,6
4172,5
4173,1
4174,5
4175,3
4176,1
4177,3
4178,5
4179,7
4180,4
4181,3
4182,7
4183,3
4184,11
4185,6
4186,6
4187,3
4188,6
4189,2
4190,7
4191,2
4192,6
4193,8
4194,7
4195,5
4196,6
4197,6
4198,4
4199,4
4200,5
4201,10
4202,5
4203,5
4204,4
4205,4
4206,2
4207,4
4208,5
4209,4
4210,9
4211,4
4212,1
4213,8
4214,6
4215,7
4216,5
4217,8
4218,5
4219,5
4220,4
4221,6
4222,5
4223,2
4224,4
4225,3
4226,6
4227,7
4228,3
4229,8
4230,5
4231,7
4232,1
4233,2
4234,8
4235,4
4236,2
4237,9
4238,4
4239,4
4240,8
4241,4
4242,5
4243,2
4244,5
4245,5
4246,3
4247,4
4248,6
4249,4
4250,7
4251,7
4252,4
4253,8
4254,5
4255,4
4256,9
4257,3
4258,5
4259,3
4260,11
4261,4
4262,4
4263,3
4264,2
4265,7
4266,7
4267,5
4268,2
4269,3
4270,8
4271,6
4272,2
4273,5
4274,6
4275,3
4276,6
4277,8
4278,7
4279,4
4280,8
4281,6
4282,4
4283,5
4284,4
4285,4
4286,5
4287,3
4288,10
4289,6
4290,6
4291,5
4292,4
4293,4
4294,8
4295,2
4296,5
4297,9
4298,3
4299,6
4300,4
4301,2
4302,4
4303,6
4304,10
4305,6
4306,5
4307,10
4308,6
4309,3
4310,9
4311,6
4312,6
4313,4
4314,6
4315,4
4316,6
4317,4
4318,5
4319,6
4320,8
4321,2
4322,5
4323,5
4324,5
4325,5
4326,5
4327,3
4328,4
4329,6
4330,7
4331,5
4332,3
4333,12
4334,3
4335,5
4336,5
4337,3
4338,6
4339,8
4340,10
4341,5
4342,3
4343,4
4344,6
4345,6
4346,6
4347,2
4348,5
4349,4
4350,4
4351,3
4352,5
4353,2
4354,4
4355,8
4356,7
4357,3
4358,8
4359,5
4360,3
4361,4
4362,3
4363,4
4364,8
4365,4
4366,5
4367,6
4368,6
4369,3
4370,6
4371,3
4372,5
4373,2
4374,5
4375,4
4376,10
4377,5
4378,7
4379,2
4380,4
4381,4
4382,6
4383,6
4384,6
4385,10
4386,3
4387,6
4388,12
4389,9
4390,5
4391,3
4392,4
4393,2
4394,7
4395,14
4396,2
4397,8
4398,4
4399,7
4400,6
4401,1
4402,8
4403,4
4404,4
4405,2
4406,5
4407,9
4408,4
4409,4
4410,4
4411,6
4412,7
4413,8
4414,9
4415,2
4416,4
4417,8
4418,4
4419,4
4420,7
4421,5
4422,3
4423,4
4424,8
4425,8
4426,6
4427,5
4428,2
4429,3
4430,5
4431,9
4432,1
4433,4
4434,3
4435,4
4436,6
4437,7
4438,9
4439,4
4440,3
4441,2
4442,2
4443,7
4444,9
4445,5
4446,5
4447,5
4448,4
4449,2
4450,8
4451,5
4452,6
4453,6
4454,3
4455,2
4456,5
4457,8
4458,3
4459,11
4460,6
4461,4
4462,4
4463,6
4464,3
4465,3
4466,7
4467,6
4468,3
4469,8
4470,8
4471,7
4472,4
4473,10
4474,5
4475,6
4476,7
4477,7
4478,7
4479,8
4480,6
4481,5
4482,1
4483,2
4484,7
4485,8
4486,11
4487,7
4488,3
4489,2
4490,6
4491,8
4492,6
4493,5
4494,7
4495,2
4496,4
4497,4
4498,5
4499,7
4500,5
4501,6
4502,5
4503,4
4504,3
4505,6
4506,8
4507,9
4508,2
4509,7
4510,3
4511,3
4512,5
4513,3
4514,7
4515,7
4516,6
4517,9
4518,7
4519,13
4520,6
4521,5
4522,4
4523,5
4524,5
4525,3
4526,1
4527,8
4528,9
4529,7
4530,9
4531,3
4532,2
4533,2
4534,10
4535,2
4536,5
4537,4
4538,8
4539,4
4540,5
4541,10
4542,5
4543,7
4544,3
4545,4
4546,5
4547,5
4548,4
4549,5
4550,4
4551,8
4552,5
4553,8
4554,5
4555,5
4556,6
4557,6
4558,4
4559,5
4560,2
4561,7
4562,5
4563,4
4564,8
4565,6
4566,3
4567,5
4568,4
4569,4
4570,7
4571,2
4572,10
4573,8
4574,7
4575,3
4576,6
4577,7
4578,7
4579,6
4580,5
4581,4
4582,6
4583,7
4584,4
4585,4
4586,8
4587,5
4588,9
4589,5
4590,8
4591,4
4592,5
4593,6
4594,5
4595,6
4596,4
4597,7
4598,4
4599,6
4600,3
4601,6
4602,5
4603,10
4604,3
4605,9
4606,9
4607,3
4608,5
4609,4
4610,8
4611,6
4612,7
4613,5
4614,6
4615,8
4616,6
4617,4
4618,11
4619,9
4620,2
4621,4
4622,2
4623,9
4624,4
4625,3
4626,8
4627,9
4628,1
4629,7
4630,7
4631,4
4632,4
4633,1
4634,6
4635,6
4636,6
4637,5
4638,3
4639,6
4640,3
4641,6
4642,7
4643,4
4644,3
4645,4
4646,3
4647,6
4648,5
4649,6
4650,5
4651,3
4652,5
4653,8
4654,2
4655,3
4656,2
4657,7
4658,3
4659,4
4660,10
4661,4
4662,11
4663,8
4664,3
4665,7
4666,2
4667,2
4668,7
4669,5
4670,6
4671,6
4672,5
4673,3
4674,4
4675,6
4676,3
4677,4
4678,6
4679,3
4680,7
4681,9
4682,4
4683,5
4684,7
4685,4
4686,2
4687,8
4688,10
4689,9
4690,3
4691,5
4692,7
4693,2
4694,5
4695,4
4696,5
4697,10
4698,4
4699,5
4700,2
4701,3
4702,3
4703,6
4704,3
4705,3
4706,5
4707,6
4708,4
4709,3
4710,7
4711,5
4712,8
4713,3
4714,3
4715,5
4716,7
4717,5
4718,4
4719,5
4720,5
4721,2
4722,3
4723,5
4724,3
4725,6
4726,6
4727,8
4728,5
4729,3
4730,3
4731,4
4732,2
4733,8
4734,5
4735,6
4736,4
4737,1
4738,6
4739,4
4740,1
4741,7
4742,5
4743,3
4744,1
4745,3
4746,3
4747,7
4748,3
4749,6
4750,4
4751,3
4752,2
4753,4
4754,11
4755,5
4756,6
4757,4
4758,4
4759,5
4760,3
4761,6
4762,5
4763,6
4764,6
4765,7
4766,7
4767,6
4768,3
4769,5
4770,6
4771,6
4772,3
4773,5
4774,6
4775,2
4776,5
4777,8
4778,4
4779,1
4780,0
4781,5
4782,4
4783,7
4784,6
4785,7
4786,5
4787,1
4788,5
4789,4
4790,2
4791,4
4792,4
4793,7
4794,6
4795,7
4796,2
4797,5
4798,5
4799,1
4800,6
4801,0
4802,8
4803,7
4804,3
4805,7
4806,6
4807,5
4808,3
4809,3
4810,5
4811,5
4812,7
4813,7
4814,4
4815,5
4816,9
4817,10
4818,4
4819,5
4820,6
4821,5
4822,2
4823,7
4824,3
4825,3
4826,5
4827,6
4828,3
4829,1
4830,3
4831,3
4832,5
4833,10
4834,5
4835,7
4836,5
4837,9
4838,5
4839,5
4840,6
4841,2
4842,3
4843,5
4844,2
4845,7
4846,4
4847,2
4848,5
4849,5
4850,3
4851,7
4852,8
4853,7
4854,7
4855,2
4856,0
4857,4
4858,7
4859,5
4860,9
4861,3
4862,3
4863,4
4864,8
4865,6
4866,2
4867,7
4868,6
4869,4
4870,5
4871,3
4872,5
4873,4
4874,9
4875,3
4876,3
4877,3
4878,5
4879,7
4880,2
4881,5
4882,7
4883,1
4884,2
4885,6
4886,4
4887,6
4888,3
4889,5
4890,5
4891,5
4892,7
4893,5
4894,5
4895,5
4896,4
4897,9
4898,6
4899,10
4900,3
4901,7
4902,5
4903,5
4904,3
4905,4
4906,6
4907,5
4908,9
4909,4
4910,2
4911,6
4912,6
4913,8
4914,3
4915,7
4916,3
4917,4
4918,4
4919,10
4920,4
4921,4
4922,7
4923,2
4924,2
4925,3
4926,7
4927,6
4928,4
4929,3
4930,5
4931,8
4932,4
4933,4
4934,5
4935,3
4936,6
4937,5
4938,4
4939,4
4940,5
4941,3
4942,5
4943,4
4944,1
4945,10
4946,2
4947,2
4948,6
4949,10
4950,1
4951,4
4952,4
4953,4
4954,6
4955,5
4956,5
4957,4
4958,5
4959,9
4960,2
4961,3
4962,3
4963,3
4964,5
4965,2
4966,1
4967,8
4968,5
4969,5
4970,5
4971,4
4972,2
4973,7
4974,3
4975,5
4976,8
4977,3
4978,5
4979,10
4980,3
4981,5
4982,3
4983,6
4984,5
4985,7
4986,3
4987,9
4988,1
4989,5
4990,3
4991,4
4992,5
4993,6
4994,4
4995,11
4996,9
4997,6
4998,3
4999,5
5000,6
5001,4
5002,7
5003,2
5004,2
5005,8
5006,5
5007,4
5008,7
5009,6
5010,4
5011,8
5012,6
5013,5
5014,5
5015,5
5016,8
5017,3
5018,7
5019,2
5020,7
5021,6
5022,8
5023,6
5024,3
5025,3
5026,12
5027,3
5028,8
5029,7
5030,3
5031,5
5032,3
5033,6
5034,3
5035,6
5036,5
5037,6
5038,5
5039,5
5040,5
5041,4
5042,4
5043,4
5044,4
5045,6
5046,5
5047,3
5048,2
5049,4
5050,5
5051,5
5052,7
5053,7
5054,6
5055,5
5056,2
5057,3
5058,7
5059,4
5060,3
5061,5
5062,1
5063,5
5064,8
5065,5
5066,1
5067,0
5068,4
5069,7
5070,1
5071,2
5072,7
5073,7
5074,5
5075,4
5076,4
5077,8
5078,8
5079,6
5080,3
5081,1
5082,6
5083,4
5084,5
5085,3
5086,7
5087,11
5088,6
5089,4
5090,3
5091,2
5092,4
5093,8
5094,7
5095,6
5096,2
5097,6
5098,7
5099,2
5100,5
5101,5
5102,4
5103,8
5104,5
5105,14
5106,7
5107,7
5108,3
5109,7
5110,7
5111,5
5112,2
5113,3
5114,3
5115,7
5116,4
5117,9
5118,6
5119,2
5120,2
5121,6
5122,4
5123,9
5124,5
5125,4
5126,1
5127,4
5128,3
5129,8
5130,2
5131,8
5132,5
5133,1
5134,2
5135,5
5136,3
5137,7
5138,6
5139,3
5140,6
5141,5
5142,3
5143,7
5144,5
5145,4
5146,5
5147,6
5148,5
5149,5
5150,4
5151,4
5152,4
5153,6
5154,7
5155,4
5156,5
5157,7
5158,3
5159,4
5160,5
5161,4
5162,4
5163,8
5164,5
5165,7
5166,7
5167,2
5168,3
5169,5
5170,4
5171,5
5172,10
5173,8
5174,6
5175,8
5176,6
5177,5
5178,3
5179,4
5180,4
5181,8
5182,2
5183,4
5184,5
5185,9
5186,2
5187,6
5188,10
5189,7
5190,2
5191,8
5192,6
5193,3
5194,5
5195,7
5196,6
5197,5
5198,8
5199,4
5200,5
5201,3
5202,6
5203,4
5204,6
5205,4
5206,5
5207,7
5208,0
5209,7
5210,6
5211,3
5212,2
5213,7
5214,6
5215,4
5216,0
5217,2
5218,7
5219,2
5220,6
5221,7
5222,4
5223,2
5224,1
5225,5
5226,6
5227,7
5228,3
5229,6
5230,7
5231,4
5232,2
5233,3
5234,5
5235,3
5236,6
5237,5
5238,4
5239,4
5240,5
5241,4
5242,8
5243,6
5244,11
5245,8
5246,7
5247,9
5248,7
5249,7
5250,2
5251,6
5252,3
5253,6
5254,10
5255,9
5256,1
5257,4
5258,4
5259,7
5260,4
5261,5
5262,5
5263,8
5264,6
5265,6
5266,7
5267,6
5268,1
5269,6
5270,2
5271,7
5272,3
5273,4
5274,4
5275,7
5276,6
5277,7
5278,5
5279,3
5280,5
5281,3
5282,3
5283,2
5284,5
5285,8
5286,5
5287,6
5288,6
5289,8
5290,4
5291,6
5292,3
5293,8
5294,8
5295,5
5296,5
5297,6
5298,3
5299,4
5300,7
5301,5
5302,7
5303,5
5304,4
5305,2
5306,6
5307,6
5308,7
5309,6
5310,5
5311,6
5312,5
5313,4
5314,4
5315,3
5316,8
5317,7
5318,3
5319,3
5320,5
5321,5
5322,3
5323,3
5324,1
5325,4
5326,9
5327,1
5328,6
5329,8
5330,5
5331,3
5332,5
5333,5
5334,6
5335,5
5336,8
5337,5
5338,1
5339,4
5340,3
5341,3
5342,3
5343,4
5344,5
5345,3
5346,4
5347,9
5348,2
5349,5
5350,4
5351,5
5352,6
5353,7
5354,7
5355,8
5356,5
5357,4
5358,4
5359,5
5360,4
5361,6
5362,8
5363,3
5364,2
5365,6
5366,8
5367,6
5368,6
5369,2
5370,7
5371,4
5372,11
5373,5
5374,4
5375,4
5376,5
5377,7
5378,1
5379,5
5380,5
5381,11
5382,5
5383,8
5384,4
5385,10
5386,6
5387,8
5388,5
5389,1
5390,3
5391,6
5392,6
5393,5
5394,5
5395,6
5396,3
5397,6
5398,4
5399,5
5400,8
5401,8
5402,5
5403,5
5404,3
5405,3
5406,6
5407,5
5408,0
5409,10
5410,6
5411,6
5412,6
5413,5
5414,6
5415,5
5416,5
5417,4
5418,6
5419,10
5420,2
5421,5
5422,4
5423,5
5424,6
5425,3
5426,4
5427,5
5428,5
5429,8
5430,10
5431,6
5432,3
5433,6
5434,2
5435,3
5436,3
5437,5
5438,4
5439,7
5440,4
5441,9
5442,3
5443,4
5444,3
5445,5
5446,8
5447,9
5448,5
5449,9
5450,9
5451,5
5452,7
5453,5
5454,8
5455,5
5456,9
5457,6
5458,3
5459,2
5460,5
5461,7
5462,5
5463,2
5464,7
5465,11
5466,6
5467,3
5468,4
5469,7
5470,4
5471,8
5472,5
5473,5
5474,5
5475,8
5476,7
5477,7
5478,6
5479,6
5480,3
5481,3
5482,2
5483,3
5484,3
5485,7
5486,3
5487,7
5488,1
5489,5
5490,8
5491,3
5492,3
5493,3
5494,7
5495,5
5496,6
5497,3
5498,8
5499,4
5500,3
5501,7
5502,4
5503,3
5504,1
5505,7
5506,4
5507,4
5508,2
5509,5
5510,7
5511,5
5512,1
5513,6
5514,6
5515,4
5516,5
5517,5
5518,4
5519,4
5520,2
5521,8
5522,5
5523,6
5524,4
5525,4
5526,5
5527,3
5528,4
5529,4
5530,8
5531,6
5532,6
5533,6
5534,3
5535,3
5536,2
5537,7
5538,6
5539,5
5540,5
5541,4
5542,4
5543,5
5544,5
5545,7
5546,8
5547,7
5548,6
5549,4
5550,5
5551,5
5552,9
5553,7
5554,5
5555,5
5556,5
5557,6
5558,4
5559,8
5560,9
5561,7
5562,4
5563,5
5564,5
5565,1
5566,6
5567,5
5568,8
5569,7
5570,6
5571,4
5572,8
5573,6
5574,6
5575,9
5576,9
5577,2
5578,4
5579,5
5580,6
5581,3
5582,6
5583,8
5584,6
5585,2
5586,9
5587,2
5588,1
5589,5
5590,7
5591,5
5592,8
5593,2
5594,10
5595,7
5596,4
5597,3
5598,4
5599,8
5600,2
5601,8
5602,3
5603,7
5604,4
5605,3
5606,9
5607,5
5608,6
5609,6
5610,3
5611,4
5612,5
5613,7
5614,5
5615,3
5616,5
5617,8
5618,3
5619,1
5620,2
5621,5
5622,4
5623,4
5624,5
5625,9
5626,6
5627,7
5628,3
5629,5
5630,9
5631,7
5632,2
5633,5
5634,2
5635,3
5636,11
5637,2
5638,5
5639,9
5640,4
5641,8
5642,1
5643,3
5644,5
5645,4
5646,7
5647,5
5648,6
5649,6
5650,5
5651,5
5652,6
5653,4
5654,4
5655,2
5656,5
5657,5
5658,5
5659,4
5660,2
5661,5
5662,6
5663,3
5664,4
5665,7
5666,2
5667,5
5668,3
5669,4
5670,5
5671,5
5672,5
5673,5
5674,6
5675,3
5676,11
5677,7
5678,7
5679,5
5680,7
5681,8
5682,3
5683,6
5684,7
5685,3
5686,10
5687,5
5688,9
5689,2
5690,7
5691,1
5692,5
5693,8
5694,5
5695,6
5696,4
5697,5
5698,7
5699,5
5700,7
5701,3
5702,7
5703,10
5704,6
5705,7
5706,7
5707,10
5708,1
5709,7
5710,3
5711,4
5712,6
5713,4
5714,6
5715,4
5716,2
5717,10
5718,2
5719,6
5720,8
5721,4
5722,4
5723,4
5724,5
5725,9
5726,5
5727,3
5728,5
5729,5
5730,5
5731,3
5732,3
5733,8
5734,8
5735,6
5736,7
5737,2
5738,5
5739,4
5740,5
5741,4
5742,2
5743,7
5744,3
5745,5
5746,4
5747,2
5748,10
5749,6
5750,5
5751,5
5752,7
5753,5
5754,5
5755,7
5756,3
5757,5
5758,8
5759,3
5760,2
5761,5
5762,10
5763,6
5764,3
5765,3
5766,7
5767,7
5768,6
5769,4
5770,4
5771,2
5772,4
5773,4
5774,5
5775,9
5776,6
5777,4
5778,6
5779,2
5780,7
5781,2
5782,4
5783,7
5784,4
5785,5
5786,6
5787,7
5788,4
5789,5
5790,4
5791,9
5792,2
5793,4
5794,8
5795,7
5796,2
5797,4
5798,6
5799,9
5800,3
5801,3
5802,6
5803,4
5804,10
5805,6
5806,6
5807,7
5808,6
5809,5
5810,7
5811,7
5812,4
5813,7
5814,2
5815,6
5816,10
5817,10
5818,4
5819,5
5820,5
5821,4
5822,6
5823,2
5824,7
5825,11
5826,8
5827,7
5828,6
5829,4
5830,8
5831,2
5832,6
5833,3
5834,6
5835,0
5836,5
5837,0
5838,8
5839,1
5840,5
5841,4
5842,4
5843,2
5844,8
5845,5
5846,5
5847,5
5848,7
5849,4
5850,4
5851,7
5852,4
5853,5
5854,5
5855,3
5856,6
5857,1
5858,8
5859,2
5860,7
5861,4
5862,4
5863,4
5864,5
5865,7
5866,5
5867,4
5868,6
5869,5
5870,8
5871,6
5872,8
5873,5
5874,4
5875,9
5876,5
5877,10
5878,8
5879,3
5880,7
5881,9
5882,6
5883,3
5884,3
5885,5
5886,4
5887,6
5888,5
5889,2
5890,4
5891,5
5892,4
5893,7
5894,3
5895,2
5896,6
5897,1
5898,3
5899,2
5900,5
5901,3
5902,8
5903,6
5904,7
5905,5
5906,7
5907,7
5908,9
5909,6
5910,7
5911,2
5912,6
5913,7
5914,3
5915,5
5916,4
5917,2
5918,6
5919,7
5920,7
5921,2
5922,3
5923,10
5924,5
5925,6
5926,4
5927,10
5928,8
5929,4
5930,5
5931,2
5932,4
5933,3
5934,6
5935,4
5936,7
5937,2
5938,4
5939,3
5940,3
5941,6
5942,1
5943,7
5944,6
5945,2
5946,10
5947,4
5948,5
5949,11
5950,4
5951,5
5952,5
5953,4
5954,3
5955,6
5956,4
5957,7
5958,6
5959,1
5960,2
5961,4
5962,3
5963,9
5964,4
5965,2
5966,7
5967,7
5968,6
5969,3
5970,9
5971,7
5972,4
5973,7
5974,5
5975,5
5976,5
5977,8
5978,7
5979,6
5980,1
5981,7
5982,4
5983,5
5984,7
5985,7
5986,7
5987,2
5988,8
5989,6
5990,3
5991,1
5992,9
5993,7
5994,5
5995,8
5996,4
5997,6
5998,6
5999,5
6000,3
6001,6
6002,13
6003,2
6004,6
6005,5
6006,1
6007,6
6008,6
6009,6
6010,3
6011,4
6012,8
6013,3
6014,4
6015,6
6016,2
6017,3
6018,4
6019,4
6020,1
6021,5
6022,2
6023,4
6024,6
6025,4
6026,10
6027,4
6028,1
6029,6
6030,7
6031,5
6032,4
6033,4
6034,7
6035,5
6036,6
6037,2
6038,3
6039,6
6040,6
6041,6
6042,7
6043,4
6044,11
6045,3
6046,5
6047,2
6048,7
6049,3
6050,6
6051,6
6052,9
6053,4
6054,4
6055,6
6056,5
6057,5
6058,10
6059,4
6060,4
6061,6
6062,4
6063,6
6064,6
6065,4
6066,5
6067,8
6068,6
6069,3
6070,4
6071,5
6072,6
6073,12
6074,10
6075,6
6076,4
6077,5
6078,3
6079,8
6080,2
6081,5
6082,4
6083,10
6084,3
6085,1
6086,6
6087,9
6088,4
6089,3
6090,4
6091,4
6092,7
6093,7
6094,4
6095,5
6096,7
6097,6
6098,1
6099,3
6100,8
6101,4
6102,4
6103,5
6104,9
6105,5
6106,9
6107,4
6108,5
6109,7
6110,3
6111,6
6112,6
6113,2
6114,8
6115,2
6116,5
6117,6
6118,2
6119,4
6120,5
6121,4
6122,4
6123,8
6124,6
6125,6
6126,4
6127,6
6128,5
6129,9
6130,5
6131,6
6132,2
6133,4
6134,3
6135,2
6136,4
6137,10
6138,3
6139,1
6140,7
6141,4
6142,8
6143,5
6144,5
6145,4
6146,5
6147,4
6148,3
6149,5
6150,3
6151,3
6152,4
6153,6
6154,6
6155,4
6156,6
6157,3
6158,6
6159,8
6160,9
6161,2
6162,7
6163,4
6164,3
6165,7
6166,5
6167,9
6168,1
6169,7
6170,5
6171,4
6172,3
6173,2
6174,6
6175,6
6176,3
6177,3
6178,2
6179,8
6180,5
6181,3
6182,7
6183,7
6184,8
6185,6
6186,4
6187,2
6188,5
6189,8
6190,4
6191,6
6192,3
6193,9
6194,6
6195,8
6196,4
6197,6
6198,6
6199,4
6200,8
6201,7
6202,6
6203,6
6204,4
6205,1
6206,3
6207,7
6208,2
6209,7
6210,2
6211,6
6212,5
6213,7
6214,6
6215,5
6216,3
6217,10
6218,6
6219,5
6220,4
6221,8
6222,9
6223,9
6224,5
6225,2
6226,4
6227,8
6228,5
6229,6
6230,3
6231,5
6232,11
6233,6
6234,5
6235,6
6236,7
6237,3
6238,5
6239,2
6240,7
6241,1
6242,8
6243,5
6244,5
6245,5
6246,5
6247,2
6248,2
6249,5
6250,1
6251,10
6252,9
6253,2
6254,4
6255,8
6256,5
6257,6
6258,5
6259,1
6260,8
6261,8
6262,10
6263,2
6264,1
6265,3
6266,2
6267,6
6268,5
6269,4
6270,9
6271,4
6272,5
6273,3
6274,3
6275,7
6276,5
6277,5
6278,3
6279,7
6280,6
6281,6
6282,6
6283,6
6284,3
6285,2
6286,4
6287,4
6288,3
6289,8
6290,4
6291,7
6292,3
6293,11
6294,6
6295,10
6296,4
6297,4
6298,4
6299,4
6300,5
6301,6
6302,5
6303,9
6304,4
6305,12
6306,6
6307,5
6308,2
6309,9
6310,3
6311,9
6312,4
6313,9
6314,11
6315,5
6316,5
6317,4
6318,3
6319,5
6320,4
6321,6
6322,3
6323,5
6324,4
6325,6
6326,6
6327,9
6328,3
6329,8
6330,8
6331,5
6332,6
6333,7
6334,2
6335,5
6336,6
6337,9
6338,9
6339,8
6340,6
6341,3
6342,5
6343,6
6344,7
6345,4
6346,3
6347,11
6348,8
6349,2
6350,2
6351,7
6352,6
6353,5
6354,4
6355,3
6356,12
6357,5
6358,3
6359,5
6360,4
6361,5
6362,2
6363,3
6364,4
6365,3
6366,5
6367,3
6368,7
6369,2
6370,3
6371,5
6372,6
6373,7
6374,3
6375,6
6376,3
6377,10
6378,4
6379,3
6380,5
6381,5
6382,5
6383,6
6384,5
6385,7
6386,4
6387,5
6388,7
6389,4
6390,7
6391,4
6392,7
6393,6
6394,5
6395,6
6396,3
6397,2
6398,5
6399,6
6400,2
6401,5
6402,5
6403,9
6404,4
6405,6
6406,6
6407,4
6408,7
6409,4
6410,2
6411,7
6412,4
6413,7
6414,6
6415,1
6416,1
6417,8
6418,5
6419,5
6420,1
6421,6
6422,5
6423,3
6424,5
6425,9
6426,5
6427,6
6428,3
6429,11
6430,5
6431,2
6432,7
6433,4
6434,3
6435,5
6436,6
6437,8
6438,7
6439,5
6440,9
6441,8
6442,6
6443,3
6444,4
6445,12
6446,6
6447,8
6448,5
6449,5
6450,4
6451,5
6452,8
6453,7
6454,10
6455,5
6456,7
6457,2
6458,4
6459,2
6460,10
6461,7
6462,6
6463,11
6464,3
6465,0
6466,5
6467,1
6468,6
6469,6
6470,3
6471,1
6472,2
6473,6
6474,3
6475,4
6476,2
6477,3
6478,5
6479,5
6480,8
6481,5
6482,4
6483,6
6484,4
6485,4
6486,4
6487,8
6488,7
6489,6
6490,7
6491,4
6492,4
6493,6
6494,6
6495,6
6496,5
6497,2
6498,4
6499,5
6500,5
6501,3
6502,8
6503,5
6504,7
6505,6
6506,6
6507,8
6508,5
6509,7
6510,7
6511,4
6512,7
6513,6
6514,4
6515,5
6516,5
6517,2
6518,9
6519,3
6520,4
6521,3
6522,8
6523,5
6524,6
6525,2
6526,8
6527,7
6528,2
6529,11
6530,1
6531,8
6532,1
6533,3
6534,5
6535,4
6536,9
6537,8
6538,4
6539,2
6540,2
6541,5
6542,7
6543,8
6544,9
6545,5
6546,7
6547,2
6548,6
6549,5
6550,7
6551,4
6552,1
6553,3
6554,3
6555,3
6556,7
6557,5
6558,3
6559,8
6560,1
6561,6
6562,7
6563,4
6564,7
6565,7
6566,7
6567,6
6568,3
6569,8
6570,11
6571,1
6572,7
6573,5
6574,5
6575,3
6576,3
6577,6
6578,2
6579,6
6580,2
6581,7
6582,4
6583,3
6584,8
6585,2
6586,5
6587,3
6588,2
6589,6
6590,7
6591,3
6592,3
6593,3
6594,5
6595,6
6596,5
6597,6
6598,6
6599,8
6600,8
6601,1
6602,6
6603,3
6604,2
6605,5
6606,5
6607,8
6608,7
6609,4
6610,4
6611,6
6612,13
6613,5
6614,2
6615,3
6616,5
6617,5
6618,3
6619,7
6620,8
6621,4
6622,3
6623,7
6624,4
6625,8
6626,3
6627,5
6628,6
6629,4
6630,8
6631,8
6632,5
6633,4
6634,6
6635,10
6636,7
6637,7
6638,4
6639,3
6640,3
6641,6
6642,3
6643,6
6644,7
6645,5
6646,3
6647,4
6648,2
6649,6
6650,6
6651,5
6652,5
6653,7
6654,3
6655,6
6656,2
6657,8
6658,8
6659,1
6660,5
6661,6
6662,3
6663,4
6664,7
6665,8
6666,8
6667,8
6668,9
6669,1
6670,7
6671,8
6672,7
6673,4
6674,1
6675,4
6676,7
6677,2
6678,7
6679,8
6680,4
6681,1
6682,6
6683,5
6684,5
6685,8
6686,6
6687,6
6688,2
6689,5
6690,5
6691,5
6692,3
6693,5
6694,5
6695,6
6696,8
6697,3
6698,4
6699,7
6700,5
6701,7
6702,6
6703,6
6704,6
6705,2
6706,3
6707,5
6708,1
6709,7
6710,5
6711,7
6712,7
6713,3
6714,5
6715,4
6716,9
6717,5
6718,6
6719,5
6720,8
6721,3
6722,4
6723,8
6724,4
6725,7
6726,7
6727,3
6728,4
6729,3
6730,6
6731,10
6732,6
6733,6
6734,4
6735,12
6736,6
6737,5
6738,5
6739,3
6740,12
6741,7
6742,3
6743,5
6744,8
6745,6
6746,6
6747,0
6748,2
6749,11
6750,5
6751,8
6752,3
6753,9
6754,11
6755,7
6756,7
6757,9
6758,5
6759,1
6760,4
6761,4
6762,7
6763,7
6764,8
6765,2
6766,4
6767,5
6768,6
6769,4
6770,4
6771,7
6772,2
6773,3
6774,3
6775,7
6776,6
6777,6
6778,2
6779,6
6780,6
6781,6
6782,8
6783,10
6784,4
6785,5
6786,7
6787,7
6788,2
6789,5
6790,2
6791,4
6792,9
6793,3
6794,11
6795,5
6796,4
6797,7
6798,5
6799,3
6800,9
6801,3
6802,5
6803,7
6804,7
6805,2
6806,7
6807,10
6808,4
6809,5
6810,5
6811,5
6812,2
6813,5
6814,4
6815,8
6816,5
6817,4
6818,10
6819,3
6820,7
6821,6
6822,4
6823,5
6824,7
6825,9
6826,4
6827,4
6828,6
6829,5
6830,5
6831,6
6832,3
6833,5
6834,6
6835,7
6836,6
6837,8
6838,4
6839,6
6840,4
6841,5
6842,4
6843,2
6844,3
6845,4
6846,8
6847,2
6848,4
6849,5
6850,7
6851,7
6852,10
6853,4
6854,4
6855,7
6856,6
6857,7
6858,3
6859,8
6860,6
6861,4
6862,8
6863,12
6864,0
6865,4
6866,5
6867,9
6868,4
6869,8
6870,6
6871,3
6872,6
6873,2
6874,2
6875,2
6876,3
6877,6
6878,4
6879,1
6880,4
6881,5
6882,7
6883,5
6884,5
6885,5
6886,3
6887,2
6888,7
6889,6
6890,3
6891,2
6892,0
6893,2
6894,4
6895,11
6896,6
6897,12
6898,4
6899,7
6900,5
6901,4
6902,5
6903,9
6904,4
6905,3
6906,4
6907,3
6908,3
6909,4
6910,5
6911,3
6912,2
6913,5
6914,5
6915,4
6916,4
6917,5
6918,7
6919,8
6920,7
6921,3
6922,2
6923,5
6924,6
6925,8
6926,3
6927,5
6928,6
6929,5
6930,7
6931,3
6932,10
6933,3
6934,8
6935,4
6936,6
6937,1
6938,7
6939,5
6940,4
6941,6
6942,8
6943,7
6944,1
6945,6
6946,4
6947,5
6948,9
6949,6
6950,7
6951,4
6952,7
6953,5
6954,3
6955,7
6956,6
6957,6
6958,6
6959,6
6960,8
6961,6
6962,4
6963,4
6964,7
6965,8
6966,7
6967,5
6968,5
6969,4
6970,7
6971,5
6972,9
6973,4
6974,3
6975,6
6976,7
6977,6
6978,2
6979,3
6980,8
6981,1
6982,6
6983,13
6984,4
6985,7
6986,4
6987,3
6988,3
6989,4
6990,4
6991,8
6992,5
6993,3
6994,8
6995,2
6996,1
6997,5
6998,6
6999,5
7000,4
7001,6
7002,5
7003,9
7004,5
7005,2
7006,3
7007,6
7008,8
7009,3
7010,4
7011,5
7012,5
7013,7
7014,9
7015,4
7016,4
7017,1
7018,5
7019,4
7020,7
7021,2
7022,5
7023,5
7024,5
7025,3
7026,3
7027,6
7028,3
7029,7
7030,6
7031,10
7032,6
7033,4
7034,8
7035,3
7036,6
7037,4
7038,8
7039,6
7040,5
7041,5
7042,7
7043,6
7044,7
7045,5
7046,1
7047,7
7048,8
7049,2
7050,7
7051,10
7052,2
7053,4
7054,6
7055,8
7056,4
7057,5
7058,3
7059,5
7060,9
7061,2
7062,7
7063,2
7064,5
7065,7
7066,2
7067,3
7068,2
7069,5
7070,4
7071,3
7072,3
7073,3
7074,5
7075,6
7076,2
7077,7
7078,4
7079,8
7080,7
7081,5
7082,7
7083,5
7084,4
7085,2
7086,5
7087,2
7088,8
7089,5
7090,7
7091,8
7092,3
7093,6
7094,3
7095,3
7096,4
7097,11
7098,5
7099,3
7100,9
7101,5
7102,3
7103,4
7104,4
7105,8
7106,8
7107,7
7108,3
7109,6
7110,5
7111,8
7112,10
7113,1
7114,6
7115,5
7116,7
7117,9
7118,7
7119,3
7120,6
7121,5
7122,7
7123,4
7124,6
7125,10
7126,2
7127,2
7128,4
7129,3
7130,5
7131,3
7132,8
7133,4
7134,7
7135,5
7136,4
7137,4
7138,6
7139,3
7140,7
7141,7
7142,2
7143,4
7144,8
7145,7
7146,5
7147,5
7148,11
7149,4
7150,7
7151,1
7152,6
7153,12
7154,9
7155,1
7156,7
7157,3
7158,2
7159,6
7160,3
7161,4
7162,7
7163,6
7164,4
7165,6
7166,6
7167,6
7168,4
7169,7
7170,7
7171,5
7172,7
7173,4
7174,4
7175,9
7176,2
7177,6
7178,4
7179,3
7180,4
7181,4
7182,4
7183,7
7184,3
7185,6
7186,2
7187,8
7188,5
7189,6
7190,6
7191,6
7192,5
7193,5
7194,9
7195,6
7196,2
7197,7
7198,1
7199,5
7200,2
7201,7
7202,4
7203,7
7204,5
7205,5
7206,3
7207,1
7208,10
7209,7
7210,3
7211,6
7212,6
7213,4
7214,2
7215,6
7216,5
7217,9
7218,9
7219,7
7220,9
7221,5
7222,8
7223,9
7224,7
7225,3
7226,5
7227,5
7228,8
7229,4
7230,5
7231,5
7232,7
7233,3
7234,5
7235,2
7236,3
7237,4
7238,5
7239,8
7240,0
7241,8
7242,7
7243,5
7244,4
7245,3
7246,6
7247,5
7248,5
7249,2
7250,4
7251,5
7252,2
7253,5
7254,4
7255,8
7256,5
7257,5
7258,7
7259,4
7260,6
7261,4
7262,9
7263,5
7264,4
7265,4
7266,5
7267,4
7268,8
7269,2
7270,3
7271,9
7272,7
7273,6
7274,8
7275,4
7276,4
7277,4
7278,5
7279,7
7280,6
7281,5
7282,7
7283,4
7284,4
7285,7
7286,6
7287,6
7288,6
7289,7
7290,5
7291,6
7292,2
7293,2
7294,7
7295,5
7296,6
7297,9
7298,8
7299,4
7300,11
7301,8
7302,2
7303,4
7304,4
7305,5
7306,4
7307,3
7308,4
7309,9
7310,4
7311,4
7312,6
7313,5
7314,2
7315,7
7316,7
7317,3
7318,5
7319,5
7320,8
7321,3
7322,7
7323,3
7324,1
7325,4
7326,9
7327,5
7328,6
7329,2
7330,3
7331,2
7332,5
7333,2
7334,5
7335,4
7336,7
7337,6
7338,8
7339,4
7340,5
7341,8
7342,6
7343,3
7344,7
7345,10
7346,4
7347,3
7348,4
7349,3
7350,5
7351,6
7352,7
7353,4
7354,8
7355,6
7356,7
7357,5
7358,3
7359,4
7360,3
7361,8
7362,2
7363,8
7364,5
7365,4
7366,4
7367,2
7368,4
7369,5
7370,3
7371,4
7372,5
7373,3
7374,4
7375,5
7376,3
7377,5
7378,5
7379,6
7380,0
7381,9
7382,4
7383,5
7384,7
7385,8
7386,4
7387,8
7388,4
7389,5
7390,4
7391,3
7392,11
7393,9
7394,5
7395,5
7396,6
7397,4
7398,3
7399,4
7400,9
7401,4
7402,4
7403,6
7404,1
7405,4
7406,3
7407,8
7408,8
7409,4
7410,7
7411,5
7412,12
7413,2
7414,6
7415,7
7416,8
7417,2
7418,1
7419,4
7420,9
7421,8
7422,4
7423,5
7424,4
7425,5
7426,2
7427,10
7428,3
7429,7
7430,4
7431,6
7432,5
7433,5
7434,4
7435,3
7436,9
7437,2
7438,5
7439,4
7440,6
7441,7
7442,6
7443,3
7444,4
7445,4
7446,5
7447,8
7448,1
7449,7
7450,8
7451,4
7452,4
7453,2
7454,9
7455,6
7456,5
7457,7
7458,3
7459,10
7460,4
7461,8
7462,3
7463,4
7464,5
7465,5
7466,4
7467,4
7468,8
7469,2
7470,8
7471,6
7472,4
7473,6
7474,4
7475,3
7476,6
7477,5
7478,9
7479,8
7480,2
7481,4
7482,1
7483,5
7484,10
7485,5
7486,6
7487,3
7488,4
7489,6
7490,7
7491,3
7492,10
7493,4
7494,6
7495,3
7496,6
7497,6
7498,2
7499,7
7500,5
7501,12
7502,7
7503,6
7504,5
7505,3
7506,1
7507,2
7508,6
7509,5
7510,6
7511,6
7512,8
7513,10
7514,5
7515,6
7516,7
7517,3
7518,6
7519,5
7520,3
7521,0
7522,6
7523,7
7524,3
7525,1
7526,5
7527,3
7528,1
7529,3
7530,2
7531,6
7532,2
7533,7
7534,1
7535,4
7536,3
7537,2
7538,4
7539,5
7540,8
7541,6
7542,6
7543,7
7544,4
7545,5
7546,5
7547,5
7548,5
7549,6
7550,4
7551,7
7552,8
7553,4
7554,7
7555,8
7556,4
7557,3
7558,3
7559,8
7560,8
7561,4
7562,8
7563,7
7564,8
7565,2
7566,5
7567,5
7568,4
7569,6
7570,7
7571,9
7572,7
7573,5
7574,8
7575,3
7576,9
7577,9
7578,5
7579,4
7580,4
7581,3
7582,6
7583,4
7584,3
7585,8
7586,8
7587,1
7588,2
7589,2
7590,3
7591,2
7592,5
7593,8
7594,4
7595,6
7596,6
7597,4
7598,3
7599,1
7600,0
7601,2
7602,2
7603,8
7604,4
7605,10
7606,9
7607,3
7608,5
7609,5
7610,4
7611,8
7612,6
7613,4
7614,4
7615,8
7616,7
7617,6
7618,7
7619,3
7620,5
7621,5
7622,6
7623,6
7624,4
7625,3
7626,1
7627,6
7628,6
7629,3
7630,5
7631,4
7632,7
7633,6
7634,5
7635,6
7636,8
7637,6
7638,2
7639,5
7640,5
7641,4
7642,4
7643,7
7644,3
7645,5
7646,8
7647,7
7648,5
7649,0
7650,3
7651,6
7652,6
7653,7
7654,10
7655,8
7656,6
7657,5
7658,8
7659,3
7660,2
7661,5
7662,4
7663,3
7664,6
7665,4
7666,2
7667,4
7668,4
7669,4
7670,3
7671,7
7672,3
7673,5
7674,7
7675,7
7676,4
7677,6
7678,7
7679,10
7680,2
7681,2
7682,8
7683,1
7684,6
7685,7
7686,6
7687,7
7688,5
7689,8
7690,10
7691,4
7692,5
7693,5
7694,12
7695,7
7696,0
7697,3
7698,9
7699,3
7700,6
7701,5
7702,7
7703,2
7704,2
7705,5
7706,5
7707,2
7708,8
7709,3
7710,4
7711,5
7712,3
7713,3
7714,2
7715,4
7716,5
7717,8
7718,6
7719,3
7720,4
7721,4
7722,5
7723,5
7724,5
7725,2
7726,7
7727,5
7728,3
7729,6
7730,5
7731,7
7732,3
7733,3
7734,5
7735,5
7736,5
7737,5
7738,3
7739,6
7740,6
7741,3
7742,4
7743,8
7744,7
7745,10
7746,1
7747,6
7748,5
7749,2
7750,5
7751,9
7752,3
7753,8
7754,1
7755,2
7756,5
7757,6
7758,7
7759,8
7760,7
7761,2
7762,5
7763,5
7764,7
7765,6
7766,2
7767,8
7768,6
7769,5
7770,2
7771,3
7772,4
7773,7
7774,3
7775,5
7776,3
7777,9
7778,6
7779,6
7780,5
7781,8
7782,2
7783,12
7784,4
7785,4
7786,4
7787,7
7788,7
7789,5
7790,5
7791,8
7792,9
7793,3
7794,6
7795,5
7796,5
7797,3
7798,3
7799,4
7800,3
7801,4
7802,5
7803,6
7804,4
7805,3
7806,5
7807,4
7808,5
7809,3
7810,8
7811,3
7812,9
7813,8
7814,6
7815,10
7816,6
7817,5
7818,3
7819,6
7820,8
7821,10
7822,6
7823,6
7824,5
7825,5
7826,4
7827,6
7828,6
7829,5
7830,4
7831,8
7832,6
7833,3
7834,4
7835,6
7836,3
7837,5
7838,5
7839,4
7840,4
7841,4
7842,4
7843,8
7844,6
7845,8
7846,1
7847,9
7848,3
7849,9
7850,4
7851,4
7852,5
7853,5
7854,6
7855,4
7856,3
7857,6
7858,7
7859,3
7860,10
7861,6
7862,5
7863,6
7864,4
7865,3
7866,6
7867,2
7868,6
7869,10
7870,5
7871,5
7872,6
7873,3
7874,3
7875,6
7876,6
7877,5
7878,6
7879,7
7880,6
7881,7
7882,4
7883,8
7884,3
7885,7
7886,10
7887,4
7888,4
7889,4
7890,6
7891,8
7892,4
7893,9
7894,9
7895,9
7896,7
7897,6
7898,3
7899,6
7900,6
7901,5
7902,6
7903,5
7904,7
7905,8
7906,10
7907,3
7908,6
7909,2
7910,8
7911,2
7912,8
7913,6
7914,4
7915,6
7916,6
7917,4
7918,4
7919,3
7920,5
7921,5
7922,5
7923,7
7924,6
7925,6
7926,5
7927,4
7928,6
7929,2
7930,7
7931,7
7932,5
7933,5
7934,6
7935,9
7936,8
7937,5
7938,5
7939,6
7940,5
7941,7
7942,3
7943,1
7944,6
7945,7
7946,5
7947,2
7948,8
7949,3
7950,10
7951,3
7952,6
7953,7
7954,6
7955,8
7956,8
7957,1
7958,2
7959,9
7960,4
7961,7
7962,4
7963,4
7964,4
7965,4
7966,3
7967,3
7968,5
7969,4
7970,9
7971,11
7972,7
7973,3
7974,3
7975,9
7976,3
7977,9
7978,5
7979,5
7980,7
7981,5
7982,7
7983,8
7984,5
7985,5
7986,6
7987,2
7988,3
7989,10
7990,5
7991,5
7992,2
7993,2
7994,3
7995,2
7996,7
7997,5
7998,5
7999,6
8000,6
8001,7
8002,8
8003,6
8004,3
8005,2
8006,3
8007,5
8008,5
8009,3
8010,6
8011,5
8012,5
8013,7
8014,8
8015,3
8016,4
8017,7
8018,3
8019,5
8020,4
8021,4
8022,4
8023,5
8024,7
8025,3
8026,5
8027,3
8028,10
8029,2
8030,3
8031,5
8032,4
8033,6
8034,5
8035,2
8036,3
8037,8
8038,9
8039,4
8040,4
8041,7
8042,7
8043,3
8044,5
8045,8
8046,6
8047,7
8048,3
8049,8
8050,4
8051,5
8052,5
8053,8
8054,9
8055,6
8056,9
8057,3
8058,6
8059,5
8060,5
8061,3
8062,8
8063,5
8064,7
8065,8
8066,6
8067,5
8068,4
8069,2
8070,4
8071,5
8072,6
8073,3
8074,9
8075,4
8076,4
8077,4
8078,3
8079,11
8080,5
8081,6
8082,9
8083,7
8084,6
8085,3
8086,3
8087,7
8088,5
8089,7
8090,4
8091,2
8092,3
8093,10
8094,9
8095,7
8096,4
8097,6
8098,3
8099,5
8100,3
8101,8
8102,3
8103,9
8104,3
8105,8
8106,6
8107,3
8108,4
8109,5
8110,9
8111,5
8112,2
8113,2
8114,7
8115,8
8116,2
8117,6
8118,2
8119,4
8120,5
8121,2
8122,2
8123,7
8124,5
8125,4
8126,4
8127,3
8128,4
8129,3
8130,4
8131,4
8132,8
8133,2
8134,8
8135,8
8136,6
8137,6
8138,4
8139,1
8140,4
8141,1
8142,1
8143,11
8144,5
8145,4
8146,1
8147,7
8148,5
8149,4
8150,2
8151,5
8152,7
8153,9
8154,3
8155,8
8156,3
8157,6
8158,2
8159,4
8160,3
8161,8
8162,9
8163,2
8164,5
8165,3
8166,4
8167,7
8168,6
8169,3
8170,2
8171,3
8172,3
8173,6
8174,6
8175,4
8176,8
8177,1
8178,3
8179,8
8180,5
8181,8
8182,3
8183,5
8184,2
8185,5
8186,5
8187,6
8188,7
8189,8
8190,1
8191,3
8192,4
8193,2
8194,4
8195,6
8196,6
8197,5
8198,5
8199,6
8200,1
8201,3
8202,4
8203,6
8204,9
8205,7
8206,5
8207,3
8208,8
8209,4
8210,5
8211,4
8212,4
8213,4
8214,1
8215,6
8216,7
8217,3
8218,4
8219,3
8220,9
8221,2
8222,2
8223,5
8224,7
8225,2
8226,5
8227,3
8228,5
8229,5
8230,7
8231,2
8232,7
8233,3
8234,5
8235,4
8236,6
8237,6
8238,4
8239,6
8240,5
8241,10
8242,5
8243,9
8244,6
8245,6
8246,7
8247,6
8248,7
8249,6
8250,5
8251,2
8252,8
8253,3
8254,4
8255,5
8256,5
8257,4
8258,5
8259,8
8260,5
8261,7
8262,6
8263,3
8264,3
8265,5
8266,2
8267,6
8268,0
8269,9
8270,2
8271,11
8272,5
8273,4
8274,7
8275,3
8276,5
8277,8
8278,4
8279,4
8280,6
8281,6
8282,8
8283,7
8284,4
8285,6
8286,6
8287,3
8288,7
8289,4
8290,6
8291,5
8292,1
8293,4
8294,7
8295,6
8296,2
8297,8
8298,8
8299,4
8300,7
8301,5
8302,8
8303,6
8304,3
8305,4
8306,8
8307,3
8308,3
8309,4
8310,7
8311,4
8312,7
8313,5
8314,8
8315,2
8316,6
8317,12
8318,6
8319,5
8320,8
8321,6
8322,4
8323,6
8324,2
8325,3
8326,6
8327,7
8328,4
8329,5
8330,6
8331,6
8332,6
8333,3
8334,9
8335,4
8336,5
8337,5
8338,8
8339,4
8340,2
8341,10
8342,4
8343,4
8344,10
8345,5
8346,5
8347,5
8348,8
8349,5
8350,3
8351,8
8352,2
8353,4
8354,5
8355,8
8356,7
8357,3
8358,6
8359,6
8360,10
8361,4
8362,4
8363,5
8364,6
8365,7
8366,3
8367,4
8368,9
8369,8
8370,4
8371,4
8372,6
8373,4
8374,5
8375,5
8376,8
8377,8
8378,6
8379,5
8380,6
8381,10
8382,2
8383,3
8384,5
8385,12
8386,3
8387,10
8388,2
8389,4
8390,5
8391,4
8392,7
8393,7
8394,5
8395,1
8396,3
8397,9
8398,11
8399,8
8400,6
8401,6
8402,8
8403,6
8404,4
8405,5
8406,8
8407,7
8408,4
8409,6
8410,5
8411,4
8412,5
8413,2
8414,4
8415,5
8416,2
8417,4
8418,7
8419,4
8420,4
8421,7
8422,9
8423,10
8424,8
8425,5
8426,2
8427,2
8428,3
8429,3
8430,10
8431,3
8432,7
8433,5
8434,7
8435,3
8436,4
8437,9
8438,10
8439,7
8440,2
8441,5
8442,3
8443,9
8444,6
8445,3
8446,5
8447,3
8448,6
8449,4
8450,4
8451,5
8452,5
8453,4
8454,3
8455,7
8456,4
8457,1
8458,4
8459,1
8460,7
8461,2
8462,4
8463,4
8464,3
8465,1
8466,7
8467,1
8468,6
8469,3
8470,5
8471,11
8472,4
8473,4
8474,5
8475,9
8476,4
8477,7
8478,7
8479,5
8480,6
8481,5
8482,3
8483,5
8484,4
8485,5
8486,4
8487,4
8488,7
8489,6
8490,7
8491,5
8492,3
8493,8
8494,10
8495,2
8496,9
8497,5
8498,7
8499,7
8500,5
8501,5
8502,6
8503,5
8504,6
8505,3
8506,4
8507,9
8508,7
8509,5
8510,6
8511,8
8512,9
8513,8
8514,8
8515,4
8516,2
8517,1
8518,5
8519,2
8520,3
8521,8
8522,1
8523,1
8524,3
8525,5
8526,5
8527,5
8528,4
8529,3
8530,8
8531,6
8532,5
8533,7
8534,7
8535,3
8536,6
8537,6
8538,5
8539,3
8540,4
8541,8
8542,2
8543,5
8544,5
8545,6
8546,5
8547,9
8548,9
8549,6
8550,1
8551,4
8552,3
8553,3
8554,5
8555,2
8556,10
8557,6
8558,5
8559,4
8560,1
8561,3
8562,1
8563,9
8564,4
8565,7
8566,4
8567,3
8568,2
8569,0
8570,4
8571,7
8572,5
8573,4
8574,4
8575,4
8576,6
8577,4
8578,2
8579,6
8580,2
8581,13
8582,6
8583,3
8584,10
8585,3
8586,5
8587,5
8588,6
8589,8
8590,4
8591,7
8592,4
8593,11
8594,1
8595,3
8596,8
8597,3
8598,6
8599,4
8600,9
8601,3
8602,2
8603,5
8604,7
8605,5
8606,5
8607,3
8608,4
8609,8
8610,6
8611,7
8612,4
8613,7
8614,8
8615,13
8616,4
8617,10
8618,5
8619,5
8620,5
8621,5
8622,6
8623,6
8624,2
8625,7
8626,6
8627,1
8628,6
8629,5
8630,6
8631,5
8632,5
8633,4
8634,5
8635,2
8636,5
8637,5
8638,7
8639,1
8640,5
8641,7
8642,7
8643,5
8644,7
8645,4
8646,4
8647,11
8648,3
8649,3
8650,5
8651,8
8652,4
8653,3
8654,6
8655,9
8656,9
8657,4
8658,6
8659,6
8660,3
8661,6
8662,6
8663,7
8664,6
8665,6
8666,4
8667,9
8668,9
8669,2
8670,8
8671,4
8672,3
8673,5
8674,5
8675,9
8676,6
8677,4
8678,8
8679,3
8680,11
8681,8
8682,3
8683,3
8684,7
8685,4
8686,6
8687,1
8688,8
8689,3
8690,4
8691,4
8692,3
8693,4
8694,5
8695,7
8696,7
8697,4
8698,1
8699,6
8700,3
8701,6
8702,7
8703,6
8704,11
8705,0
8706,6
8707,9
8708,4
8709,2
8710,2
8711,7
8712,6
8713,2
8714,6
8715,9
8716,6
8717,5
8718,7
8719,5
8720,2
8721,7
8722,5
8723,4
8724,2
8725,5
8726,3
8727,10
8728,13
8729,11
8730,5
8731,6
8732,4
8733,7
8734,4
8735,8
8736,9
8737,7
8738,2
8739,5
8740,3
8741,3
8742,1
8743,8
8744,7
8745,10
8746,5
8747,3
8748,4
8749,3
8750,7
8751,6
8752,6
8753,4
8754,5
8755,0
8756,5
8757,4
8758,5
8759,3
8760,6
8761,3
8762,5
8763,4
8764,11
8765,5
8766,6
8767,7
8768,9
8769,5
8770,5
8771,8
8772,9
8773,3
8774,8
8775,3
8776,6
8777,4
8778,3
8779,6
8780,7
8781,7
8782,1
8783,2
8784,8
8785,4
8786,7
8787,3
8788,8
8789,5
8790,5
8791,6
8792,7
8793,4
8794,8
8795,3
8796,4
8797,8
8798,7
8799,5
8800,8
8801,10
8802,5
8803,1
8804,8
8805,5
8806,4
8807,4
8808,5
8809,3
8810,11
8811,3
8812,6
8813,2
8814,3
8815,1
8816,6
8817,7
8818,6
8819,7
8820,1
8821,4
8822,1
8823,4
8824,5
8825,3
8826,4
8827,6
8828,5
8829,5
8830,2
8831,5
8832,6
8833,6
8834,6
8835,8
8836,3
8837,5
8838,10
8839,7
8840,6
8841,3
8842,5
8843,6
8844,4
8845,5
8846,4
8847,4
8848,4
8849,3
8850,6
8851,7
8852,2
8853,4
8854,9
8855,4
8856,8
8857,5
8858,3
8859,4
8860,5
8861,7
8862,7
8863,2
8864,5
8865,7
8866,9
8867,8
8868,7
8869,2
8870,11
8871,7
8872,4
8873,7
8874,7
8875,5
8876,4
8877,5
8878,5
8879,8
8880,3
8881,4
8882,4
8883,3
8884,2
8885,3
8886,4
8887,4
8888,7
8889,8
8890,5
8891,2
8892,8
8893,3
8894,4
8895,3
8896,4
8897,5
8898,5
8899,7
8900,7
8901,5
8902,2
8903,6
8904,6
8905,5
8906,6
8907,7
8908,11
8909,6
8910,5
8911,6
8912,4
8913,7
8914,5
8915,5
8916,3
8917,3
8918,2
8919,5
8920,6
8921,4
8922,3
8923,7
8924,4
8925,8
8926,6
8927,8
8928,4
8929,4
8930,4
8931,8
8932,7
8933,3
8934,7
8935,5
8936,7
8937,3
8938,2
8939,8
8940,6
8941,4
8942,3
8943,5
8944,6
8945,3
8946,8
8947,7
8948,5
8949,7
8950,5
8951,7
8952,3
8953,8
8954,4
8955,3
8956,5
8957,7
8958,0
8959,5
8960,2
8961,3
8962,10
8963,9
8964,5
8965,8
8966,2
8967,4
8968,9
8969,6
8970,3
8971,5
8972,4
8973,5
8974,0
8975,7
8976,9
8977,5
8978,5
8979,3
8980,3
8981,8
8982,6
8983,4
8984,5
8985,3
8986,4
8987,5
8988,4
8989,5
8990,9
8991,3
8992,4
8993,6
8994,4
8995,6
8996,10
8997,4
8998,3
8999,2
9000,5
9001,6
9002,5
9003,4
9004,4
9005,6
9006,7
9007,5
9008,2
9009,6
9010,4
9011,6
9012,6
9013,7
9014,7
9015,3
9016,4
9017,4
9018,2
9019,6
9020,3
9021,6
9022,3
9023,1
9024,9
9025,6
9026,4
9027,4
9028,3
9029,6
9030,5
9031,2
9032,4
9033,5
9034,7
9035,5
9036,8
9037,7
9038,8
9039,3
9040,8
9041,8
9042,8
9043,5
9044,10
9045,7
9046,5
9047,4
9048,6
9049,2
9050,5
9051,9
9052,4
9053,7
9054,5
9055,5
9056,6
9057,6
9058,6
9059,8
9060,7
9061,8
9062,6
9063,7
9064,7
9065,3
9066,5
9067,4
9068,11
9069,9
9070,6
9071,7
9072,6
9073,3
9074,3
9075,2
9076,4
9077,7
9078,11
9079,3
9080,6
9081,5
9082,5
9083,1
9084,4
9085,5
9086,5
9087,2
9088,5
9089,6
9090,2
9091,3
9092,6
9093,5
9094,11
9095,2
9096,5
9097,5
9098,8
9099,3
9100,3
9101,2
9102,10
9103,7
9104,7
9105,5
9106,4
9107,5
9108,3
9109,5
9110,7
9111,3
9112,5
9113,6
9114,8
9115,6
9116,4
9117,2
9118,5
9119,5
9120,7
9121,9
9122,9
9123,4
9124,4
9125,5
9126,4
9127,9
9128,3
9129,3
9130,3
9131,6
9132,3
9133,3
9134,10
9135,9
9136,5
9137,6
9138,3
9139,2
9140,5
9141,7
9142,6
9143,7
9144,3
9145,7
9146,3
9147,3
9148,4
9149,6
9150,3
9151,6
9152,5
9153,4
9154,5
9155,4
9156,6
9157,8
9158,5
9159,7
9160,7
9161,6
9162,7
9163,5
9164,3
9165,4
9166,2
9167,4
9168,6
9169,5
9170,5
9171,7
9172,2
9173,7
9174,4
9175,5
9176,4
9177,6
9178,4
9179,12
9180,8
9181,3
9182,2
9183,7
9184,7
9185,7
9186,7
9187,4
9188,4
9189,2
9190,5
9191,6
9192,3
9193,5
9194,0
9195,3
9196,7
9197,8
9198,7
9199,5
9200,3
9201,5
9202,5
9203,5
9204,7
9205,8
9206,4
9207,3
9208,5
9209,9
9210,7
9211,5
9212,6
9213,6
9214,3
9215,5
9216,1
9217,4
9218,1
9219,10
9220,9
9221,9
9222,5
9223,2
9224,5
9225,6
9226,7
9227,1
9228,5
9229,3
9230,6
9231,4
9232,5
9233,7
9234,3
9235,6
9236,4
9237,7
9238,5
9239,8
9240,8
9241,5
9242,5
9243,3
9244,8
9245,4
9246,4
9247,6
9248,12
9249,3
9250,7
9251,4
9252,9
9253,1
9254,5
9255,4
9256,2
9257,6
9258,9
9259,4
9260,10
9261,4
9262,4
9263,5
9264,4
9265,6
9266,6
9267,7
9268,4
9269,5
9270,7
9271,2
9272,7
9273,5
9274,7
9275,9
9276,10
9277,7
9278,6
9279,1
9280,7
9281,2
9282,8
9283,4
9284,4
9285,5
9286,7
9287,4
9288,1
9289,3
9290,5
9291,5
9292,1
9293,8
9294,6
9295,4
9296,6
9297,7
9298,4
9299,6
9300,4
9301,2
9302,9
9303,2
9304,6
9305,8
9306,8
9307,3
9308,5
9309,3
9310,5
9311,4
9312,5
9313,8
9314,4
9315,3
9316,6
9317,6
9318,7
9319,4
9320,4
9321,4
9322,2
9323,6
9324,6
9325,3
9326,4
9327,2
9328,9
9329,4
9330,3
9331,8
9332,5
9333,6
9334,6
9335,2
9336,3
9337,3
9338,8
9339,3
9340,6
9341,5
9342,3
9343,8
9344,7
9345,12
9346,3
9347,3
9348,9
9349,6
9350,8
9351,1
9352,2
9353,5
9354,4
9355,4
9356,3
9357,7
9358,7
9359,4
9360,6
9361,6
9362,8
9363,5
9364,3
9365,5
9366,6
9367,6
9368,3
9369,5
9370,6
9371,5
9372,2
9373,6
9374,6
9375,7
9376,8
9377,12
9378,4
9379,5
9380,8
9381,6
9382,5
9383,6
9384,0
9385,4
9386,4
9387,4
9388,5
9389,5
9390,6
9391,2
9392,2
9393,8
9394,5
9395,4
9396,4
9397,3
9398,5
9399,2
9400,3
9401,5
9402,9
9403,5
9404,4
9405,3
9406,6
9407,3
9408,8
9409,7
9410,4
9411,5
9412,7
9413,9
9414,6
9415,4
9416,11
9417,4
9418,5
9419,1
9420,7
9421,3
9422,6
9423,8
9424,5
9425,9
9426,4
9427,7
9428,8
9429,4
9430,6
9431,3
9432,11
9433,6
9434,8
9435,2
9436,7
9437,7
9438,5
9439,8
9440,6
9441,4
9442,6
9443,2
9444,6
9445,4
9446,4
9447,7
9448,5
9449,6
9450,3
9451,4
9452,6
9453,7
9454,2
9455,7
9456,2
9457,4
9458,7
9459,6
9460,7
9461,4
9462,7
9463,6
9464,6
9465,2
9466,5
9467,7
9468,6
9469,8
9470,8
9471,5
9472,11
9473,5
9474,10
9475,12
9476,5
9477,4
9478,6
9479,11
9480,7
9481,1
9482,4
9483,6
9484,8
9485,5
9486,5
9487,5
9488,4
9489,11
9490,6
9491,6
9492,8
9493,6
9494,3
9495,4
9496,1
9497,4
9498,6
9499,6
9500,5
9501,3
9502,6
9503,7
9504,7
9505,1
9506,4
9507,2
9508,2
9509,3
9510,5
9511,7
9512,7
9513,3
9514,5
9515,4
9516,8
9517,7
9518,6
9519,4
9520,9
9521,6
9522,5
9523,3
9524,4
9525,11
9526,6
9527,6
9528,4
9529,9
9530,6
9531,7
9532,5
9533,8
9534,5
9535,5
9536,8
9537,4
9538,7
9539,3
9540,5
9541,5
9542,6
9543,3
9544,7
9545,1
9546,6
9547,4
9548,8
9549,7
9550,6
9551,4
9552,7
9553,2
9554,5
9555,6
9556,4
9557,5
9558,4
9559,8
9560,7
9561,2
9562,4
9563,5
9564,5
9565,9
9566,7
9567,6
9568,4
9569,5
9570,7
9571,6
9572,7
9573,6
9574,3
9575,5
9576,5
9577,6
9578,8
9579,6
9580,4
9581,3
9582,5
9583,3
9584,8
9585,4
9586,9
9587,5
9588,3
9589,6
9590,7
9591,7
9592,4
9593,2
9594,8
9595,8
9596,4
9597,5
9598,4
9599,8
9600,4
9601,4
9602,4
9603,2
9604,3
9605,6
9606,10
9607,6
9608,6
9609,8
9610,4
9611,6
9612,4
9613,2
9614,4
9615,6
9616,2
9617,8
9618,4
9619,6
9620,7
9621,3
9622,6
9623,6
9624,5
9625,10
9626,8
9627,3
9628,6
9629,6
9630,4
9631,2
9632,4
9633,8
9634,5
9635,2
9636,6
9637,5
9638,6
9639,3
9640,9
9641,8
9642,7
9643,5
9644,5
9645,5
9646,4
9647,1
9648,6
9649,6
9650,6
9651,9
9652,4
9653,4
9654,2
9655,7
9656,3
9657,1
9658,4
9659,5
9660,4
9661,5
9662,5
9663,4
9664,7
9665,3
9666,3
9667,7
9668,9
9669,2
9670,10
9671,3
9672,5
9673,7
9674,5
9675,7
9676,7
9677,2
9678,8
9679,8
9680,8
9681,6
9682,3
9683,6
9684,5
9685,7
9686,6
9687,3
9688,4
9689,7
9690,5
9691,6
9692,5
9693,13
9694,3
9695,5
9696,5
9697,3
9698,6
9699,6
9700,7
9701,10
9702,8
9703,3
9704,9
9705,5
9706,5
9707,4
9708,5
9709,10
9710,9
9711,8
9712,4
9713,3
9714,6
9715,3
9716,4
9717,8
9718,7
9719,6
9720,3
9721,7
9722,2
9723,3
9724,4
9725,4
9726,3
9727,6
9728,4
9729,2
9730,4
9731,5
9732,4
9733,2
9734,5
9735,5
9736,5
9737,5
9738,3
9739,4
9740,4
9741,3
9742,7
9743,5
9744,4
9745,3
9746,3
9747,2
9748,7
9749,5
9750,6
9751,3
9752,3
9753,2
9754,8
9755,6
9756,6
9757,3
9758,5
9759,4
9760,3
9761,6
9762,7
9763,7
9764,6
9765,6
9766,7
9767,3
9768,8
9769,10
9770,6
9771,12
9772,3
9773,9
9774,3
9775,2
9776,13
9777,4
9778,5
9779,7
9780,5
9781,6
9782,3
9783,8
9784,5
9785,7
9786,4
9787,4
9788,8
9789,2
9790,6
9791,7
9792,3
9793,2
9794,8
9795,5
9796,4
9797,3
9798,4
9799,5
9800,2
9801,3
9802,5
9803,2
9804,7
9805,5
9806,4
9807,9
9808,9
9809,6
9810,3
9811,7
9812,2
9813,7
9814,6
9815,11
9816,5
9817,10
9818,10
9819,2
9820,5
9821,5
9822,4
9823,4
9824,3
9825,4
9826,5
9827,5
9828,6
9829,5
9830,7
9831,6
9832,8
9833,7
9834,4
9835,5
9836,8
9837,5
9838,11
9839,7
9840,8
9841,3
9842,8
9843,7
9844,6
9845,7
9846,5
9847,5
9848,3
9849,6
9850,6
9851,2
9852,8
9853,5
9854,11
9855,3
9856,6
9857,4
9858,6
9859,6
9860,5
9861,7
9862,6
9863,8
9864,9
9865,6
9866,5
9867,8
9868,8
9869,2
9870,14
9871,8
9872,7
9873,3
9874,7
9875,8
9876,5
9877,9
9878,3
9879,2
9880,2
9881,2
9882,9
9883,3
9884,6
9885,1
9886,5
9887,4
9888,7
9889,3
9890,4
9891,8
9892,7
9893,5
9894,4
9895,8
9896,4
9897,2
9898,6
9899,3
9900,7
9901,12
9902,3
9903,5
9904,5
9905,5
9906,5
9907,4
9908,4
9909,3
9910,8
9911,9
9912,6
9913,3
9914,6
9915,4
9916,2
9917,9
9918,6
9919,7
9920,7
9921,3
9922,5
9923,4
9924,7
9925,5
9926,5
9927,5
9928,5
9929,3
9930,4
9931,2
9932,2
9933,5
9934,2
9935,4
9936,4
9937,2
9938,4
9939,5
9940,4
9941,7
9942,5
9943,8
9944,0
9945,7
9946,4
9947,4
9948,9
9949,2
9950,7
9951,7
9952,7
9953,4
9954,6
9955,5
9956,8
9957,6
9958,4
9959,6
9960,9
9961,7
9962,5
9963,2
9964,7
9965,6
9966,5
9967,2
9968,5
9969,5
9970,4
9971,6
9972,5
9973,8
9974,5
9975,9
9976,9
9977,5
9978,10
9979,3
9980,1
9981,10
9982,7
9983,3
9984,6
9985,4
9986,4
9987,4
9988,5
9989,7
9990,6
9991,5
9992,4
9993,8
9994,5
9995,5
9996,6
9997,2
9998,6
9999,6
10000,8
10001,6
10002,5
10003,4
10004,9
10005,5
10006,7
10007,6
10008,8
10009,6
10010,4
10011,6
10012,5
10013,9
10014,4
10015,10
10016,6
10017,8
10018,2
10019,6
10020,6
10021,9
10022,4
10023,0
10024,3
10025,3
10026,9
10027,5
10028,2
10029,7
10030,4
10031,7
10032,3
10033,3
10034,4
10035,3
10036,6
10037,1
10038,6
10039,9
10040,6
10041,4
10042,4
10043,5
10044,2
10045,6
10046,6
10047,4
10048,6
10049,4
10050,9
10051,6
10052,4
10053,9
10054,3
10055,6
10056,5
10057,6
10058,1
10059,8
10060,6
10061,2
10062,4
10063,4
10064,6
10065,6
10066,4
10067,4
10068,5
10069,3
10070,7
10071,6
10072,7
10073,8
10074,5
10075,5
10076,5
10077,9
10078,4
10079,5
10080,6
10081,7
10082,4
10083,3
10084,5
10085,7
10086,6
10087,7
10088,5
10089,4
10090,7
10091,10
10092,6
10093,4
10094,10
10095,3
10096,9
10097,2
10098,5
10099,3
10100,3
10101,5
10102,8
10103,4
10104,7
10105,6
10106,4
10107,9
10108,5
10109,7
10110,4
10111,8
10112,1
10113,6
10114,5
10115,8
10116,2
10117,4
10118,5
10119,7
10120,6
10121,9
10122,8
10123,4
10124,6
10125,4
10126,7
10127,4
10128,8
10129,3
10130,7
10131,3
10132,9
10133,7
10134,6
10135,7
10136,3
10137,4
10138,7
10139,7
10140,3
10141,2
10142,0
10143,12
10144,5
10145,5
10146,6
10147,7
10148,6
10149,6
10150,4
10151,6
10152,5
10153,9
10154,3
10155,4
10156,5
10157,4
10158,3
10159,2
10160,9
10161,3
10162,8
10163,3
10164,9
10165,3
10166,2
10167,7
10168,1
10169,5
10170,4
10171,7
10172,6
10173,4
10174,3
10175,1
10176,2
10177,3
10178,5
10179,7
10180,3
10181,6
10182,4
10183,3
10184,9
10185,5
10186,7
10187,2
10188,6
10189,10
10190,4
10191,6
10192,6
10193,3
10194,6
10195,4
10196,5
10197,6
10198,5
10199,6
10200,5
10201,4
10202,3
10203,4
10204,3
10205,1
10206,6
10207,7
10208,5
10209,3
10210,6
10211,7
10212,7
10213,2
10214,4
10215,7
10216,7
10217,3
10218,7
10219,3
10220,5
10221,5
10222,3
10223,4
10224,3
10225,7
10226,7
10227,4
10228,6
10229,5
10230,5
10231,4
10232,5
10233,4
10234,11
10235,7
10236,5
10237,5
10238,4
10239,6
10240,3
10241,5
10242,5
10243,6
10244,8
10245,5
10246,6
10247,3
10248,7
10249,6
10250,4
10251,3
10252,2
10253,5
10254,4
10255,8
10256,6
10257,0
10258,5
10259,2
10260,8
10261,7
10262,10
10263,6
10264,6
10265,6
10266,3
10267,3
10268,6
10269,3
10270,6
10271,5
10272,5
10273,7
10274,11
10275,4
10276,5
10277,8
10278,6
10279,3
10280,6
10281,7
10282,6
10283,3
10284,6
10285,4
10286,6
10287,11
10288,3
10289,3
10290,8
10291,5
10292,2
10293,8
10294,3
10295,7
10296,2
10297,3
10298,8
10299,15
10300,5
10301,7
10302,4
10303,4
10304,4
10305,1
10306,6
10307,3
10308,3
10309,6
10310,5
10311,7
10312,8
10313,8
10314,3
10315,2
10316,4
10317,5
10318,4
10319,2
10320,6
10321,8
10322,2
10323,3
10324,11
10325,8
10326,3
10327,5
10328,7
10329,6
10330,7
10331,3
10332,10
10333,6
10334,8
10335,5
10336,7
10337,5
10338,2
10339,6
10340,8
10341,5
10342,6
10343,4
10344,9
10345,3
10346,2
10347,5
10348,5
10349,6
10350,8
10351,10
10352,3
10353,5
10354,5
10355,7
10356,5
10357,6
10358,5
10359,2
10360,3
10361,0
10362,9
10363,5
10364,5
10365,7
10366,3
10367,8
10368,4
10369,3
10370,6
10371,3
10372,10
10373,5
10374,2
10375,3
10376,5
10377,6
10378,3
10379,4
10380,4
10381,5
10382,4
10383,8
10384,2
10385,7
10386,7
10387,6
10388,6
10389,5
10390,4
10391,7
10392,8
10393,10
10394,1
10395,6
10396,8
10397,2
10398,2
10399,7
10400,6
10401,5
10402,1
10403,2
10404,8
10405,7
10406,5
10407,8
10408,6
10409,4
10410,7
10411,12
10412,7
10413,5
10414,4
10415,8
10416,3
10417,7
10418,3
10419,5
10420,6
10421,6
10422,7
10423,8
10424,3
10425,6
10426,5
10427,8
10428,5
10429,1
10430,5
10431,3
10432,4
10433,6
10434,6
10435,6
10436,9
10437,1
10438,1
10439,8
10440,2
10441,9
10442,4
10443,4
10444,4
10445,2
10446,8
10447,6
10448,3
10449,9
10450,4
10451,6
10452,2
10453,5
10454,8
10455,4
10456,5
10457,6
10458,3
10459,4
10460,8
10461,8
10462,7
10463,5
10464,3
10465,8
10466,0
10467,2
10468,5
10469,4
10470,3
10471,1
10472,3
10473,4
10474,7
10475,5
10476,2
10477,4
10478,6
10479,6
10480,5
10481,5
10482,6
10483,3
10484,7
10485,3
10486,4
10487,5
10488,3
10489,10
10490,7
10491,2
10492,6
10493,2
10494,4
10495,3
10496,3
10497,4
10498,6
10499,6
10500,6
10501,4
10502,4
10503,4
10504,8
10505,5
10506,3
10507,3
10508,12
10509,5
10510,4
10511,2
10512,7
10513,5
10514,7
10515,7
10516,6
10517,3
10518,7
10519,8
10520,4
10521,5
10522,9
10523,8
10524,7
10525,3
10526,6
10527,5
10528,8
10529,6
10530,5
10531,6
10532,3
10533,3
10534,3
10535,7
10536,5
10537,5
10538,4
10539,6
10540,7
10541,9
10542,6
10543,6
10544,9
10545,2
10546,3
10547,1
10548,7
10549,4
10550,9
10551,8
10552,3
10553,4
10554,5
10555,5
10556,2
10557,4
10558,5
10559,5
10560,3
10561,2
10562,4
10563,5
10564,5
10565,7
10566,9
10567,2
10568,3
10569,5
10570,3
10571,5
10572,4
10573,3
10574,7
10575,4
10576,4
10577,2
10578,4
10579,3
10580,7
10581,6
10582,8
10583,4
10584,4
10585,3
10586,7
10587,6
10588,4
10589,8
10590,5
10591,4
10592,9
10593,8
10594,0
10595,6
10596,7
10597,3
10598,6
10599,3
10600,8
10601,6
10602,7
10603,9
10604,7
10605,6
10606,3
10607,7
10608,6
10609,7
10610,7
10611,4
10612,6
10613,3
10614,6
10615,5
10616,10
10617,3
10618,3
10619,4
10620,5
10621,5
10622,3
10623,4
10624,4
10625,4
10626,5
10627,0
10628,4
10629,5
10630,5
10631,4
10632,6
10633,4
10634,5
10635,4
10636,3
10637,8
10638,6
10639,3
10640,3
10641,4
10642,7
10643,4
10644,3
10645,6
10646,5
10647,3
10648,2
10649,9
10650,6
10651,4
10652,6
10653,2
10654,5
10655,6
10656,3
10657,6
10658,5
10659,5
10660,4
10661,3
10662,3
10663,3
10664,3
10665,4
10666,3
10667,8
10668,6
10669,4
10670,2
10671,3
10672,2
10673,3
10674,5
10675,3
10676,7
10677,7
10678,6
10679,4
10680,4
10681,2
10682,7
10683,7
10684,8
10685,6
10686,4
10687,2
10688,1
10689,4
10690,4
10691,10
10692,5
10693,1
10694,5
10695,1
10696,3
10697,3
10698,6
10699,5
10700,6
10701,3
10702,4
10703,6
10704,3
10705,1
10706,5
10707,3
10708,10
10709,5
10710,4
10711,7
10712,2
10713,6
10714,6
10715,6
10716,4
10717,10
10718,4
10719,7
10720,8
10721,6
10722,5
10723,4
10724,4
10725,6
10726,4
10727,13
10728,10
10729,5
10730,6
10731,7
10732,1
10733,3
10734,6
10735,5
10736,3
10737,4
10738,5
10739,8
10740,3
10741,4
10742,9
10743,1
10744,4
10745,6
10746,4
10747,3
10748,4
10749,5
10750,5
10751,5
10752,8
10753,5
10754,7
10755,3
10756,8
10757,5
10758,4
10759,8
10760,9
10761,7
10762,0
10763,4
10764,7
10765,6
10766,6
10767,4
10768,3
10769,7
10770,4
10771,6
10772,9
10773,5
10774,3
10775,7
10776,5
10777,5
10778,6
10779,4
10780,5
10781,9
10782,13
10783,0
10784,6
10785,4
10786,3
10787,6
10788,1
10789,5
10790,8
10791,2
10792,10
10793,9
10794,4
10795,8
10796,6
10797,7
10798,9
10799,5
10800,4
10801,9
10802,4
10803,4
10804,10
10805,3
10806,4
10807,4
10808,4
10809,5
10810,6
10811,2
10812,5
10813,5
10814,3
10815,2
10816,9
10817,5
10818,5
10819,5
10820,7
10821,2
10822,7
10823,4
10824,7
10825,3
10826,2
10827,7
10828,0
10829,3
10830,9
10831,4
10832,2
10833,5
10834,1
10835,4
10836,8
10837,6
10838,2
10839,5
10840,3
10841,3
10842,7
10843,9
10844,3
10845,2
10846,6
10847,5
10848,6
10849,3
10850,3
10851,5
10852,7
10853,8
10854,15
10855,3
10856,5
10857,6
10858,5
10859,5
10860,5
10861,4
10862,4
10863,3
10864,6
10865,5
10866,4
10867,7
10868,6
10869,5
10870,9
10871,5
10872,10
10873,5
10874,2
10875,10
10876,5
10877,1
10878,5
10879,7
10880,5
10881,6
10882,5
10883,2
10884,5
10885,3
10886,4
10887,3
10888,6
10889,6
10890,5
10891,6
10892,4
10893,7
10894,8
10895,7
10896,5
10897,3
10898,4
10899,3
10900,4
10901,6
10902,6
10903,8
10904,4
10905,5
10906,4
10907,4
10908,5
10909,6
10910,5
10911,3
10912,6
10913,4
10914,5
10915,2
10916,5
10917,9
10918,3
10919,8
10920,3
10921,4
10922,2
10923,3
10924,3
10925,4
10926,8
10927,8
10928,4
10929,6
10930,4
10931,5
10932,4
10933,7
10934,4
10935,4
10936,3
10937,4
10938,6
10939,5
10940,3
10941,4
10942,4
10943,3
10944,9
10945,4
10946,3
10947,3
10948,8
10949,8
10950,7
10951,9
10952,4
10953,4
10954,6
10955,9
10956,7
10957,7
10958,10
10959,8
10960,9
10961,7
10962,4
10963,6
10964,4
10965,8
10966,5
10967,4
10968,0
10969,3
10970,2
10971,4
10972,9
10973,2
10974,5
10975,3
10976,7
10977,5
10978,3
10979,4
10980,9
10981,7
10982,7
10983,2
10984,3
10985,3
10986,8
10987,5
10988,7
10989,5
10990,5
10991,5
10992,5
10993,4
10994,3
10995,7
10996,7
10997,2
10998,4
10999,10
11000,6
11001,6
11002,7
11003,2
11004,6
11005,1
11006,6
11007,3
11008,6
11009,9
11010,6
11011,9
11012,5
11013,2
11014,3
11015,5
11016,4
11017,3
11018,5
11019,4
11020,3
11021,5
11022,2
11023,5
11024,7
11025,3
11026,6
11027,3
11028,4
11029,6
11030,4
11031,2
11032,6
11033,9
11034,6
11035,7
11036,2
11037,5
11038,7
11039,5
11040,5
11041,3
11042,3
11043,2
11044,7
11045,8
11046,6
11047,3
11048,3
11049,4
11050,2
11051,4
11052,3
11053,6
11054,7
11055,7
11056,1
11057,4
11058,11
11059,8
11060,3
11061,6
11062,7
11063,2
11064,4
11065,6
11066,6
11067,12
11068,5
11069,4
11070,8
11071,5
11072,6
11073,6
11074,7
11075,7
11076,3
11077,8
11078,7
11079,7
11080,4
11081,2
11082,6
11083,5
11084,5
11085,6
11086,4
11087,6
11088,4
11089,5
11090,7
11091,5
11092,2
11093,4
11094,8
11095,9
11096,8
11097,7
11098,4
11099,5
11100,3
11101,7
11102,2
11103,7
11104,4
11105,6
11106,2
11107,6
11108,5
11109,2
11110,5
11111,12
11112,4
11113,4
11114,3
11115,5
11116,7
11117,6
11118,6
11119,5
11120,6
11121,4
11122,3
11123,8
11124,11
11125,8
11126,8
11127,6
11128,4
11129,8
11130,3
11131,6
11132,5
11133,6
11134,5
11135,3
11136,5
11137,8
11138,1
11139,6
11140,5
11141,7
11142,2
11143,6
11144,4
11145,4
11146,6
11147,6
11148,7
11149,5
11150,4
11151,4
11152,6
11153,5
11154,5
11155,2
11156,10
11157,4
11158,3
11159,6
11160,6
11161,4
11162,4
11163,2
11164,3
11165,3
11166,1
11167,2
11168,8
11169,4
11170,3
11171,8
11172,3
11173,4
11174,3
11175,6
11176,10
11177,4
11178,7
11179,6
11180,5
11181,4
11182,2
11183,5
11184,8
11185,5
11186,7
11187,3
11188,3
11189,6
11190,5
11191,3
11192,5
11193,5
11194,4
11195,3
11196,6
11197,7
11198,4
11199,4
11200,6
11201,6
11202,3
11203,3
11204,5
11205,6
11206,8
11207,4
11208,6
11209,4
11210,4
11211,5
11212,4
11213,5
11214,9
11215,6
11216,8
11217,7
11218,1
11219,6
11220,4
11221,5
11222,3
11223,6
11224,3
11225,5
11226,4
11227,8
11228,3
11229,7
11230,3
11231,5
11232,3
11233,7
11234,6
11235,4
11236,7
11237,7
11238,8
11239,7
11240,9
11241,4
11242,3
11243,11
11244,2
11245,5
11246,5
11247,7
11248,3
11249,5
11250,5
11251,6
11252,7
11253,10
11254,5
11255,5
11256,10
11257,3
11258,5
11259,7
11260,4
11261,5
11262,5
11263,4
11264,7
11265,5
11266,5
11267,8
11268,3
11269,5
11270,7
11271,3
11272,3
11273,4
11274,6
11275,3
11276,4
11277,7
11278,4
11279,4
11280,3
11281,4
11282,9
11283,4
11284,6
11285,6
11286,6
11287,5
11288,3
11289,4
11290,7
11291,6
11292,8
11293,3
11294,3
11295,3
11296,11
11297,5
11298,6
11299,9
11300,3
11301,2
11302,7
11303,2
11304,3
11305,7
11306,2
11307,2
11308,3
11309,7
11310,8
11311,2
11312,6
11313,8
11314,2
11315,5
11316,9
11317,7
11318,5
11319,7
11320,6
11321,5
11322,5
11323,4
11324,4
11325,4
11326,6
11327,6
11328,9
11329,5
11330,4
11331,7
11332,5
11333,5
11334,6
11335,3
11336,3
11337,4
11338,4
11339,5
11340,5
11341,3
11342,7
11343,4
11344,5
11345,3
11346,4
11347,7
11348,3
11349,6
11350,4
11351,6
11352,6
11353,4
11354,4
11355,8
11356,5
11357,6
11358,8
11359,6
11360,5
11361,5
11362,3
11363,4
11364,2
11365,5
11366,5
11367,11
11368,7
11369,3
11370,5
11371,4
11372,7
11373,6
11374,3
11375,9
11376,8
11377,5
11378,5
11379,0
11380,6
11381,6
11382,1
11383,5
11384,5
11385,3
11386,8
11387,4
11388,6
11389,8
11390,3
11391,8
11392,5
11393,3
11394,9
11395,6
11396,4
11397,5
11398,6
11399,4
11400,7
11401,2
11402,4
11403,2
11404,4
11405,4
11406,5
11407,2
11408,4
11409,5
11410,5
11411,4
11412,6
11413,4
11414,7
11415,7
11416,5
11417,3
11418,8
11419,4
11420,4
11421,4
11422,3
11423,5
11424,5
11425,4
11426,6
11427,3
11428,3
11429,7
11430,2
11431,9
11432,3
11433,5
11434,6
11435,1
11436,6
11437,4
11438,3
11439,6
11440,4
11441,7
11442,3
11443,8
11444,3
11445,3
11446,4
11447,6
11448,4
11449,4
11450,4
11451,6
11452,1
11453,3
11454,5
11455,7
11456,5
11457,6
11458,5
11459,6
11460,4
11461,5
11462,6
11463,5
11464,4
11465,6
11466,7
11467,5
11468,5
11469,7
11470,5
11471,7
11472,5
11473,6
11474,3
11475,11
11476,3
11477,3
11478,3
11479,8
11480,8
11481,7
11482,8
11483,4
11484,2
11485,9
11486,4
11487,6
11488,4
11489,6
11490,4
11491,2
11492,1
11493,4
11494,4
11495,5
11496,7
11497,7
11498,2
11499,6
11500,3
11501,8
11502,9
11503,3
11504,6
11505,8
11506,4
11507,2
11508,3
11509,8
11510,5
11511,7
11512,6
11513,4
11514,3
11515,5
11516,2
11517,5
11518,3
11519,6
11520,6
11521,4
11522,6
11523,6
11524,5
11525,2
11526,3
11527,9
11528,7
11529,4
11530,2
11531,6
11532,9
11533,6
11534,4
11535,8
11536,5
11537,4
11538,4
11539,7
11540,10
11541,3
11542,3
11543,4
11544,6
11545,6
11546,1
11547,5
11548,5
11549,2
11550,3
11551,5
11552,5
11553,5
11554,5
11555,3
11556,3
11557,5
11558,3
11559,3
11560,2
11561,5
11562,5
11563,6
11564,6
11565,4
11566,3
11567,7
11568,6
11569,7
11570,5
11571,6
11572,6
11573,10
