0,8
1,4
2,4
3,2
4,6
5,6
6,7
7,8
8,7
9,6
10,6
11,2
12,2
13,4
14,5
15,4
16,3
17,2
18,4
19,7
20,5
21,2
22,4
23,6
24,8
25,3
26,6
27,6
28,6
29,7
30,4
31,7
32,2
33,4
34,6
35,6
36,12
37,5
38,5
39,3
40,2
41,4
42,2
43,6
44,6
45,6
46,6
47,3
48,7
49,5
50,6
51,4
52,7
53,4
54,2
55,5
56,4
57,7
58,8
59,5
60,3
61,6
62,4
63,5
64,5
65,3
66,9
67,4
68,8
69,4
70,7
71,3
72,4
73,3
74,9
75,7
76,7
77,7
78,3
79,7
80,5
81,7
82,5
83,3
84,2
85,3
86,8
87,5
88,7
89,6
90,4
91,8
92,5
93,3
94,4
95,6
96,2
97,6
98,4
99,4
100,6
101,6
102,9
103,3
104,6
105,5
106,3
107,4
108,3
109,1
110,6
111,13
112,8
113,2
114,9
115,5
116,3
117,4
118,6
119,8
120,8
121,8
122,5
123,2
124,11
125,8
126,3
127,5
128,5
129,3
130,4
131,7
132,8
133,3
134,7
135,5
136,2
137,4
138,6
139,7
140,6
141,2
142,6
143,5
144,4
145,2
146,3
147,6
148,6
149,5
150,3
151,5
152,2
153,8
154,8
155,6
156,4
157,6
158,6
159,3
160,3
161,7
162,3
163,4
164,7
165,9
166,8
167,5
168,3
169,7
170,5
171,5
172,4
173,8
174,8
175,7
176,6
177,6
178,6
179,4
180,2
181,7
182,2
183,5
184,7
185,2
186,3
187,4
188,4
189,3
190,2
191,7
192,7
193,2
194,9
195,9
196,2
197,5
198,9
199,5
200,3
201,2
202,3
203,7
204,9
205,3
206,3
207,4
208,4
209,5
210,4
211,8
212,1
213,5
214,4
215,3
216,8
217,7
218,5
219,2
220,4
221,3
222,6
223,4
224,6
225,10
226,8
227,8
228,6
229,8
230,3
231,2
232,5
233,6
234,6
235,7
236,5
237,3
238,5
239,9
240,4
241,4
242,4
243,4
244,7
245,3
246,9
247,4
248,8
249,10
250,3
251,3
252,6
253,2
254,5
255,8
256,7
257,3
258,5
259,4
260,9
261,1
262,5
263,5
264,1
265,4
266,3
267,4
268,7
269,7
270,7
271,3
272,3
273,2
274,5
275,6
276,9
277,5
278,9
279,4
280,2
281,6
282,10
283,6
284,5
285,3
286,6
287,2
288,3
289,4
290,4
291,4
292,6
293,3
294,4
295,5
296,2
297,1
298,5
299,4
300,6
301,5
302,6
303,6
304,5
305,6
306,6
307,6
308,5
309,4
310,5
311,6
312,1
313,5
314,1
315,6
316,6
317,6
318,0
319,4
320,5
321,8
322,7
323,3
324,6
325,5
326,6
327,7
328,1
329,10
330,3
331,5
332,7
333,5
334,4
335,8
336,2
337,3
338,7
339,2
340,3
341,4
342,3
343,4
344,9
345,3
346,8
347,7
348,7
349,10
350,6
351,6
352,6
353,7
354,3
355,3
356,3
357,4
358,7
359,4
360,6
361,6
362,3
363,3
364,5
365,7
366,5
367,8
368,6
369,8
370,8
371,6
372,3
373,5
374,4
375,2
376,2
377,6
378,7
379,6
380,3
381,3
382,5
383,5
384,3
385,3
386,5
387,7
388,6
389,4
390,6
391,8
392,1
393,7
394,8
395,5
396,4
397,10
398,2
399,8
400,5
401,7
402,7
403,3
404,4
405,4
406,3
407,4
408,3
409,5
410,2
411,4
412,10
413,7
414,4
415,5
416,9
417,3
418,6
419,4
420,4
421,6
422,3
423,2
424,2
425,5
426,7
427,5
428,6
429,10
430,5
431,3
432,3
433,11
434,4
435,5
436,6
437,12
438,8
439,4
440,5
441,3
442,2
443,3
444,4
445,4
446,2
447,8
448,4
449,5
450,0
451,2
452,6
453,3
454,7
455,4
456,5
457,5
458,7
459,8
460,5
461,7
462,2
463,2
464,4
465,5
466,8
467,5
468,12
469,5
470,3
471,4
472,5
473,7
474,6
475,4
476,7
477,5
478,7
479,3
480,2
481,2
482,7
483,4
484,1
485,7
486,7
487,4
488,6
489,7
490,6
491,5
492,6
493,4
494,4
495,6
496,7
497,4
498,8
499,5
500,4
501,5
502,6
503,4
504,6
505,7
506,5
507,6
508,5
509,3
510,7
511,3
512,5
513,8
514,11
515,5
516,5
517,5
518,8
519,8
520,4
521,5
522,0
523,6
524,3
525,5
526,8
527,6
528,6
529,4
530,8
531,7
532,6
533,9
534,2
535,7
536,3
537,6
538,5
539,7
540,7
541,4
542,6
543,4
544,2
545,5
546,6
547,8
548,8
549,6
550,5
551,4
552,4
553,6
554,2
555,8
556,7
557,8
558,1
559,8
560,1
561,3
562,4
563,7
564,5
565,5
566,3
567,3
568,3
569,4
570,9
571,5
572,3
573,4
574,4
575,6
576,4
577,6
578,5
579,4
580,3
581,4
582,4
583,3
584,5
585,4
586,6
587,8
588,6
589,5
590,9
591,7
592,4
593,11
594,4
595,7
596,3
597,4
598,1
599,10
600,6
601,4
602,6
603,2
604,6
605,4
606,3
607,4
608,5
609,3
610,2
611,5
612,4
613,6
614,0
615,8
616,2
617,5
618,3
619,6
620,8
621,7
622,6
623,6
624,11
625,6
626,6
627,3
628,4
629,5
630,4
631,7
632,5
633,3
634,3
635,5
636,8
637,5
638,4
639,6
640,2
641,5
642,4
643,2
644,4
645,2
646,8
647,4
648,2
649,6
650,1
651,3
652,12
653,8
654,3
655,2
656,5
657,5
658,5
659,8
660,2
661,7
662,4
663,3
664,3
665,4
666,5
667,4
668,5
669,3
670,5
671,7
672,5
673,5
674,4
675,4
676,7
677,5
678,4
679,3
680,3
681,6
682,6
683,7
684,3
685,1
686,3
687,3
688,5
689,4
690,3
691,3
692,4
693,2
694,5
695,6
696,5
697,6
698,1
699,5
700,3
701,3
702,2
703,7
704,6
705,3
706,5
707,5
708,11
709,5
710,4
711,5
712,7
713,7
714,5
715,4
716,4
717,8
718,9
719,8
720,2
721,1
722,4
723,7
724,8
725,11
726,6
727,5
728,2
729,8
730,4
731,1
732,8
733,7
734,4
735,8
736,6
737,4
738,4
739,7
740,5
741,7
742,4
743,7
744,7
745,9
746,4
747,3
748,5
749,7
750,1
751,6
752,7
753,4
754,6
755,5
756,7
757,5
758,3
759,2
760,3
761,3
762,6
763,7
764,3
765,5
766,8
767,4
768,6
769,4
770,4
771,4
772,3
773,10
774,9
775,3
776,5
777,6
778,5
779,6
780,4
781,6
782,3
783,5
784,7
785,5
786,5
787,12
788,3
789,6
790,5
791,9
792,4
793,8
794,2
795,4
796,4
797,7
798,4
799,5
800,7
801,6
802,6
803,7
804,7
805,4
806,9
807,6
808,4
809,6
810,2
811,8
812,6
813,6
814,4
815,4
816,5
817,5
818,4
819,4
820,0
821,2
822,7
823,7
824,6
825,5
826,1
827,6
828,6
829,4
830,4
831,6
832,7
833,8
834,1
835,5
836,5
837,5
838,5
839,5
840,7
841,3
842,3
843,11
844,5
845,6
846,7
847,9
848,4
849,7
850,9
851,3
852,1
853,11
854,8
855,7
856,3
857,8
858,9
859,2
860,4
861,7
862,7
863,6
864,5
865,7
866,4
867,5
868,4
869,4
870,2
871,3
872,6
873,5
874,7
875,4
876,4
877,3
878,9
879,5
880,3
881,12
882,3
883,7
884,2
885,5
886,8
887,7
888,5
889,6
890,4
891,6
892,8
893,2
894,5
895,2
896,7
897,7
898,7
899,7
900,5
901,3
902,8
903,6
904,7
905,5
906,4
907,9
908,2
909,7
910,4
911,4
912,2
913,7
914,4
915,10
916,9
917,4
918,6
919,6
920,5
921,5
922,6
923,5
924,4
925,4
926,4
927,5
928,7
929,3
930,4
931,6
932,10
933,5
934,4
935,4
936,6
937,4
938,7
939,4
940,5
941,4
942,4
943,5
944,5
945,2
946,5
947,8
948,4
949,6
950,6
951,2
952,3
953,5
954,5
955,8
956,3
957,4
958,4
959,8
960,4
961,5
962,4
963,5
964,2
965,8
966,10
967,10
968,3
969,4
970,6
971,2
972,5
973,4
974,5
975,5
976,10
977,3
978,8
979,4
980,5
981,4
982,4
983,3
984,5
985,5
986,5
987,7
988,2
989,4
990,2
991,6
992,5
993,5
994,5
995,6
996,3
997,3
998,8
999,3
1000,11
1001,4
1002,5
1003,4
1004,3
1005,3
1006,8
1007,6
1008,6
1009,5
1010,8
1011,7
1012,3
1013,3
1014,5
1015,7
1016,4
1017,6
1018,7
1019,1
1020,6
1021,6
1022,5
1023,3
1024,6
1025,2
1026,5
1027,3
1028,2
1029,4
1030,5
1031,7
1032,4
1033,9
1034,6
1035,5
1036,2
1037,10
1038,7
1039,4
1040,3
1041,4
1042,9
1043,3
1044,5
1045,5
1046,1
1047,6
1048,7
1049,6
1050,4
1051,7
1052,6
1053,9
1054,3
1055,2
1056,3
1057,5
1058,5
1059,7
1060,4
1061,6
1062,5
1063,4
1064,12
1065,3
1066,5
1067,5
1068,7
1069,5
1070,4
1071,7
1072,5
1073,5
1074,6
1075,3
1076,4
1077,7
1078,1
1079,5
1080,3
1081,4
1082,9
1083,6
1084,6
1085,6
1086,10
1087,6
1088,4
1089,1
1090,8
1091,4
1092,4
1093,5
1094,3
1095,2
1096,7
1097,4
1098,2
1099,7
1100,10
1101,6
1102,7
1103,8
1104,4
1105,5
1106,7
1107,4
1108,7
1109,1
1110,2
1111,3
1112,7
1113,2
1114,6
1115,4
1116,3
1117,4
1118,4
1119,7
1120,4
1121,3
1122,3
1123,6
1124,4
1125,2
1126,1
1127,8
1128,6
1129,4
1130,5
1131,7
1132,7
1133,6
1134,4
1135,5
1136,4
1137,3
1138,5
1139,5
1140,11
1141,8
1142,1
1143,5
1144,2
1145,6
1146,4
1147,4
1148,6
1149,1
1150,7
1151,8
1152,4
1153,11
1154,4
1155,7
1156,3
1157,3
1158,11
1159,6
1160,5
1161,3
1162,7
1163,5
1164,4
1165,4
1166,6
1167,6
1168,5
1169,6
1170,9
1171,7
1172,2
1173,7
1174,7
1175,8
1176,10
1177,2
1178,5
1179,6
1180,7
1181,7
1182,1
1183,2
1184,4
1185,7
1186,4
1187,8
1188,5
1189,3
1190,6
1191,4
1192,3
1193,2
1194,1
1195,9
1196,7
1197,4
1198,7
1199,7
1200,1
1201,5
1202,6
1203,4
1204,2
1205,7
1206,4
1207,7
1208,4
1209,15
1210,9
1211,5
1212,8
1213,5
1214,6
1215,8
1216,3
1217,9
1218,4
1219,3
1220,9
1221,3
1222,10
1223,2
1224,2
1225,4
1226,2
1227,5
1228,5
1229,3
1230,4
1231,7
1232,5
1233,9
1234,5
1235,3
1236,7
1237,3
1238,4
1239,5
1240,5
1241,3
1242,5
1243,6
1244,8
1245,6
1246,4
1247,7
1248,2
1249,6
1250,1
1251,1
1252,4
1253,4
1254,6
1255,3
1256,7
1257,9
1258,4
1259,4
1260,3
1261,7
1262,6
1263,6
1264,6
1265,2
1266,6
1267,5
1268,5
1269,1
1270,5
1271,4
1272,8
1273,5
1274,2
1275,8
1276,12
1277,2
1278,5
1279,1
1280,5
1281,2
1282,8
1283,15
1284,4
1285,4
1286,6
1287,4
1288,5
1289,8
1290,5
1291,6
1292,7
1293,10
1294,8
1295,12
1296,5
1297,5
1298,5
1299,6
1300,8
1301,3
1302,2
1303,6
1304,6
1305,3
1306,3
1307,3
1308,9
1309,4
1310,9
1311,5
1312,3
1313,8
1314,6
1315,8
1316,3
1317,8
1318,5
1319,2
1320,4
1321,4
1322,7
1323,3
1324,8
1325,5
1326,7
1327,4
1328,5
1329,4
1330,6
1331,8
1332,4
1333,6
1334,2
1335,4
1336,7
1337,8
1338,2
1339,2
1340,4
1341,2
1342,0
1343,3
1344,3
1345,5
1346,3
1347,4
1348,5
1349,5
1350,3
1351,5
1352,4
1353,9
1354,8
1355,0
1356,6
1357,1
1358,8
1359,6
1360,2
1361,1
1362,5
1363,2
1364,4
1365,4
1366,5
1367,8
1368,4
1369,4
1370,6
1371,4
1372,4
1373,6
1374,4
1375,6
1376,4
1377,7
1378,0
1379,5
1380,6
1381,5
1382,3
1383,4
1384,1
1385,3
1386,1
1387,3
1388,0
1389,2
1390,3
1391,6
1392,2
1393,7
1394,6
1395,6
1396,11
1397,8
1398,4
1399,4
1400,6
1401,6
1402,3
1403,7
1404,6
1405,3
1406,4
1407,5
1408,2
1409,4
1410,10
1411,6
1412,3
1413,4
1414,3
1415,8
1416,7
1417,5
1418,0
1419,2
1420,3
1421,4
1422,7
1423,6
1424,8
1425,4
1426,2
1427,2
1428,7
1429,6
1430,3
1431,3
1432,7
1433,9
1434,5
1435,5
1436,4
1437,6
1438,8
1439,6
1440,8
1441,4
1442,4
1443,4
1444,2
1445,7
1446,4
1447,8
1448,4
1449,2
1450,4
1451,8
1452,9
1453,3
1454,3
1455,5
1456,8
1457,4
1458,6
1459,5
1460,6
1461,4
1462,4
1463,5
1464,7
1465,3
1466,3
1467,11
1468,9
1469,7
1470,2
1471,2
1472,6
1473,10
1474,4
1475,8
1476,2
1477,2
1478,11
1479,7
1480,1
1481,3
1482,4
1483,8
1484,7
1485,9
1486,4
1487,8
1488,6
1489,2
1490,9
1491,1
1492,8
1493,7
1494,6
1495,8
1496,5
1497,7
1498,6
1499,2
1500,3
1501,4
1502,6
1503,4
1504,5
1505,6
1506,8
1507,6
1508,5
1509,6
1510,10
1511,8
1512,4
1513,8
1514,3
1515,3
1516,5
1517,3
1518,8
1519,5
1520,8
1521,8
1522,2
1523,2
1524,2
1525,5
1526,5
1527,11
1528,5
1529,5
1530,3
1531,7
1532,7
1533,6
1534,5
1535,6
1536,5
1537,4
1538,9
1539,3
1540,6
1541,5
1542,2
1543,2
1544,6
1545,6
1546,13
1547,4
1548,2
1549,5
1550,5
1551,4
1552,5
1553,2
1554,3
1555,5
1556,4
1557,11
1558,5
1559,6
1560,6
1561,4
1562,4
1563,6
1564,2
1565,5
1566,9
1567,6
1568,6
1569,6
1570,8
1571,6
1572,4
1573,2
1574,7
1575,4
1576,4
1577,4
1578,7
1579,11
1580,5
1581,4
1582,6
1583,6
1584,4
1585,5
1586,2
1587,2
1588,6
1589,2
1590,4
1591,4
1592,4
1593,1
1594,9
1595,7
1596,7
1597,7
1598,5
1599,4
1600,8
1601,6
1602,5
1603,3
1604,6
1605,4
1606,6
1607,5
1608,6
1609,3
1610,8
1611,4
1612,3
1613,5
1614,5
1615,3
1616,1
1617,2
1618,6
1619,10
1620,3
1621,4
1622,4
1623,3
1624,3
1625,5
1626,5
1627,4
1628,2
1629,9
1630,8
1631,5
1632,5
1633,6
1634,7
1635,3
1636,5
1637,7
1638,6
1639,3
1640,6
1641,8
1642,7
1643,4
1644,2
1645,9
1646,7
1647,10
1648,2
1649,4
1650,2
1651,2
1652,2
1653,7
1654,6
1655,6
1656,3
1657,4
1658,6
1659,9
1660,2
1661,5
1662,5
1663,4
1664,2
1665,8
1666,4
1667,8
1668,4
1669,7
1670,7
1671,4
1672,5
1673,10
1674,6
1675,3
1676,3
1677,7
1678,6
1679,1
1680,5
1681,5
1682,10
1683,5
1684,4
1685,3
1686,6
1687,4
1688,5
1689,5
1690,8
1691,5
1692,5
1693,4
1694,3
1695,1
1696,2
1697,5
1698,5
1699,3
1700,2
1701,2
1702,3
1703,6
1704,7
1705,8
1706,4
1707,5
1708,8
1709,3
1710,5
1711,1
1712,8
1713,4
1714,3
1715,10
1716,4
1717,3
1718,4
1719,2
1720,4
1721,5
1722,8
1723,7
1724,5
1725,6
1726,9
1727,5
1728,4
1729,6
1730,4
1731,6
1732,8
1733,4
1734,3
1735,3
1736,13
1737,3
1738,2
1739,6
1740,2
1741,3
1742,7
1743,1
1744,9
1745,5
1746,6
1747,5
1748,8
1749,6
1750,7
1751,3
1752,6
1753,6
1754,1
1755,7
1756,6
1757,2
1758,7
1759,3
1760,6
1761,6
1762,3
1763,5
1764,6
1765,8
1766,6
1767,6
1768,3
1769,5
1770,7
1771,6
1772,6
1773,2
1774,7
1775,4
1776,4
1777,2
1778,3
1779,5
1780,4
1781,6
1782,6
1783,8
1784,1
1785,5
1786,7
1787,7
1788,3
1789,3
1790,6
1791,5
1792,5
1793,6
1794,6
1795,2
1796,11
1797,7
1798,7
1799,6
1800,2
1801,2
1802,2
1803,3
1804,4
1805,5
1806,7
1807,2
1808,6
1809,5
1810,6
1811,5
1812,2
1813,6
1814,4
1815,7
1816,4
1817,9
1818,2
1819,2
1820,1
1821,6
1822,4
1823,4
1824,1
1825,6
1826,2
1827,9
1828,6
1829,3
1830,6
1831,3
1832,3
1833,4
1834,4
1835,4
1836,6
1837,5
1838,5
1839,4
1840,5
1841,3
1842,6
1843,3
1844,4
1845,6
1846,5
1847,2
1848,4
1849,7
1850,9
1851,6
1852,2
1853,7
1854,4
1855,3
1856,8
1857,5
1858,11
1859,2
1860,4
1861,2
1862,5
1863,4
1864,5
1865,6
1866,2
1867,5
1868,8
1869,2
1870,2
1871,4
1872,8
1873,9
1874,5
1875,6
1876,3
1877,6
1878,7
1879,7
1880,4
1881,6
1882,6
1883,3
1884,5
1885,5
1886,5
1887,7
1888,8
1889,11
1890,8
1891,7
1892,3
1893,5
1894,6
1895,4
1896,3
1897,5
1898,7
1899,5
1900,13
1901,3
1902,10
1903,6
1904,9
1905,14
1906,4
1907,2
1908,4
1909,5
1910,7
1911,7
1912,4
1913,3
1914,8
1915,4
1916,3
1917,4
1918,5
1919,4
1920,8
1921,5
1922,4
1923,6
1924,4
1925,3
1926,2
1927,5
1928,8
1929,6
1930,9
1931,10
1932,5
1933,6
1934,4
1935,2
1936,5
1937,4
1938,8
1939,5
1940,6
1941,5
1942,4
1943,5
1944,7
1945,2
1946,3
1947,8
1948,7
1949,4
1950,4
1951,6
1952,4
1953,7
1954,9
1955,3
1956,10
1957,4
1958,2
1959,1
1960,3
1961,4
1962,5
1963,5
1964,6
1965,8
1966,4
1967,7
1968,4
1969,10
1970,4
1971,3
1972,7
1973,2
1974,3
1975,8
1976,8
1977,4
1978,4
1979,5
1980,3
1981,3
1982,3
1983,2
1984,10
1985,8
1986,2
1987,11
1988,5
1989,5
1990,8
1991,5
1992,7
1993,8
1994,7
1995,3
1996,6
1997,3
1998,8
1999,2
2000,8
2001,3
2002,7
2003,5
2004,3
2005,11
2006,5
2007,6
2008,6
2009,6
2010,5
2011,4
2012,7
2013,1
2014,6
2015,4
2016,5
2017,6
2018,7
2019,7
2020,2
2021,8
2022,4
2023,7
2024,2
2025,7
2026,4
2027,5
2028,3
2029,5
2030,5
2031,6
2032,5
2033,2
2034,8
2035,8
2036,8
2037,7
2038,5
2039,13
2040,5
2041,3
2042,7
2043,7
2044,2
2045,4
2046,7
2047,6
2048,2
2049,4
2050,4
2051,7
2052,2
2053,2
2054,8
2055,4
2056,6
2057,8
2058,3
2059,6
2060,4
2061,2
2062,8
2063,4
2064,6
2065,3
2066,9
2067,6
2068,6
2069,4
2070,6
2071,5
2072,7
2073,4
2074,3
2075,8
2076,2
2077,4
2078,6
2079,3
2080,4
2081,4
2082,7
2083,6
2084,4
2085,3
2086,7
2087,6
2088,4
2089,10
2090,5
2091,6
2092,6
2093,8
2094,6
2095,5
2096,7
2097,5
2098,5
2099,4
2100,3
2101,4
2102,5
2103,2
2104,7
2105,7
2106,6
2107,5
2108,7
2109,2
2110,4
2111,2
2112,3
2113,4
2114,5
2115,4
2116,4
2117,6
2118,3
2119,5
2120,1
2121,7
2122,9
2123,4
2124,4
2125,5
2126,7
2127,6
2128,4
2129,6
2130,3
2131,7
2132,5
2133,7
2134,7
2135,6
2136,3
2137,5
2138,6
2139,4
2140,8
2141,6
2142,6
2143,7
2144,13
2145,4
2146,4
2147,8
2148,6
2149,7
2150,4
2151,5
2152,4
2153,4
2154,4
2155,7
2156,8
2157,3
2158,3
2159,6
2160,3
2161,5
2162,10
2163,7
2164,4
2165,7
2166,9
2167,5
2168,5
2169,4
2170,4
2171,5
2172,6
2173,1
2174,9
2175,7
2176,5
2177,4
2178,0
2179,6
2180,3
2181,2
2182,10
2183,5
2184,2
2185,5
2186,6
2187,3
2188,4
2189,6
2190,7
2191,2
2192,4
2193,10
2194,8
2195,2
2196,2
2197,5
2198,1
2199,4
2200,5
2201,7
2202,4
2203,4
2204,4
2205,2
2206,2
2207,3
2208,11
2209,4
2210,3
2211,6
2212,6
2213,4
2214,4
2215,6
2216,4
2217,3
2218,4
2219,3
2220,2
2221,7
2222,9
2223,2
2224,4
2225,7
2226,4
2227,7
2228,2
2229,5
2230,9
2231,4
2232,6
2233,2
2234,7
2235,5
2236,6
2237,7
2238,5
2239,3
2240,7
2241,4
2242,4
2243,5
2244,3
2245,5
2246,1
2247,5
2248,4
2249,4
2250,8
2251,3
2252,7
2253,4
2254,2
2255,6
2256,3
2257,10
2258,6
2259,5
2260,6
2261,3
2262,4
2263,7
2264,8
2265,2
2266,2
2267,7
2268,4
2269,4
2270,9
2271,3
2272,8
2273,9
2274,5
2275,6
2276,1
2277,6
2278,3
2279,5
2280,8
2281,3
2282,4
2283,4
2284,7
2285,5
2286,8
2287,8
2288,7
2289,8
2290,5
2291,7
2292,7
2293,7
2294,7
2295,2
2296,8
2297,1
2298,2
2299,1
2300,2
2301,5
2302,4
2303,4
2304,8
2305,4
2306,7
2307,8
2308,8
2309,7
2310,7
2311,5
2312,3
2313,4
2314,3
2315,9
2316,7
2317,8
2318,8
2319,5
2320,6
2321,5
2322,3
2323,6
2324,6
2325,2
2326,3
2327,5
2328,8
2329,5
2330,6
2331,8
2332,6
2333,6
2334,7
2335,4
2336,8
2337,1
2338,5
2339,6
2340,7
2341,6
2342,4
2343,9
2344,5
2345,7
2346,5
2347,7
2348,6
2349,2
2350,3
2351,8
2352,9
2353,8
2354,6
2355,4
2356,4
2357,8
2358,6
2359,3
2360,5
2361,6
2362,2
2363,5
2364,2
2365,5
2366,5
2367,4
2368,5
2369,10
2370,4
2371,7
2372,5
2373,6
2374,4
2375,5
2376,7
2377,3
2378,3
2379,4
2380,3
2381,2
2382,9
2383,7
2384,3
2385,9
2386,6
2387,5
2388,3
2389,3
2390,5
2391,7
2392,2
2393,2
2394,5
2395,5
2396,6
2397,3
2398,3
2399,4
2400,5
2401,6
2402,4
2403,6
2404,9
2405,5
2406,9
2407,2
2408,2
2409,5
2410,1
2411,6
2412,7
2413,7
2414,6
2415,6
2416,2
2417,5
2418,5
2419,7
2420,5
2421,6
2422,6
2423,2
2424,5
2425,9
2426,6
2427,6
2428,4
2429,6
2430,4
2431,7
2432,5
2433,7
2434,2
2435,6
2436,2
2437,4
2438,5
2439,7
2440,6
2441,5
2442,6
2443,4
2444,3
2445,4
2446,5
2447,4
2448,6
2449,10
2450,7
2451,3
2452,5
2453,4
2454,6
2455,5
2456,5
2457,7
2458,10
2459,6
2460,5
2461,6
2462,8
2463,7
2464,5
2465,5
2466,6
2467,8
2468,6
2469,6
2470,5
2471,10
2472,4
2473,5
2474,3
2475,6
2476,4
2477,9
2478,3
2479,3
2480,6
2481,6
2482,4
2483,6
2484,8
2485,6
2486,6
2487,3
2488,6
2489,4
2490,5
2491,9
2492,7
2493,5
2494,5
2495,2
2496,8
2497,4
2498,4
2499,5
2500,7
2501,8
2502,3
2503,4
2504,3
2505,3
2506,5
2507,5
2508,5
2509,10
2510,1
2511,3
2512,3
2513,9
2514,4
2515,3
2516,9
2517,9
2518,8
2519,7
2520,3
2521,5
2522,2
2523,4
2524,6
2525,6
2526,4
2527,6
2528,8
2529,8
2530,7
2531,9
2532,2
2533,3
2534,3
2535,2
2536,3
2537,4
2538,6
2539,8
2540,5
2541,11
2542,7
2543,7
2544,9
2545,4
2546,4
2547,8
2548,2
2549,5
2550,3
2551,8
2552,8
2553,5
2554,0
2555,11
2556,3
2557,4
2558,5
2559,2
2560,4
2561,4
2562,6
2563,2
2564,6
2565,5
2566,4
2567,5
2568,8
2569,6
2570,4
2571,4
2572,8
2573,7
2574,1
2575,5
2576,5
2577,6
2578,2
2579,9
2580,7
2581,3
2582,2
2583,1
2584,3
2585,8
2586,4
2587,4
2588,3
2589,4
2590,10
2591,6
2592,7
2593,6
2594,5
2595,4
2596,5
2597,9
2598,9
2599,6
2600,6
2601,4
2602,3
2603,4
2604,2
2605,6
2606,4
2607,10
2608,5
2609,3
2610,9
2611,7
2612,5
2613,3
2614,4
2615,5
2616,5
2617,3
2618,0
2619,4
2620,5
2621,5
2622,4
2623,5
2624,7
2625,1
2626,7
2627,7
2628,2
2629,3
2630,5
2631,8
2632,7
2633,6
2634,6
2635,6
2636,3
2637,0
2638,6
2639,2
2640,5
2641,6
2642,6
2643,4
2644,1
2645,7
2646,3
2647,4
2648,4
2649,4
2650,4
2651,4
2652,4
2653,5
2654,7
2655,13
2656,6
2657,6
2658,3
2659,3
2660,7
2661,8
2662,7
2663,3
2664,4
2665,2
2666,5
2667,5
2668,7
2669,6
2670,5
2671,8
2672,6
2673,6
2674,8
2675,6
2676,8
2677,1
2678,4
2679,9
2680,5
2681,6
2682,6
2683,4
2684,4
2685,5
2686,3
2687,4
2688,7
2689,4
2690,4
2691,6
2692,6
2693,4
2694,5
2695,6
2696,5
2697,5
2698,8
2699,10
2700,7
2701,5
2702,4
2703,9
2704,5
2705,4
2706,5
2707,2
2708,7
2709,2
2710,10
2711,10
2712,8
2713,4
2714,4
2715,7
2716,6
2717,5
2718,6
2719,7
2720,6
2721,8
2722,4
2723,6
2724,3
2725,3
2726,5
2727,8
2728,3
2729,5
2730,5
2731,5
2732,5
2733,6
2734,4
2735,3
2736,6
2737,3
2738,4
2739,2
2740,10
2741,3
2742,4
2743,5
2744,5
2745,4
2746,5
2747,1
2748,2
2749,3
2750,2
2751,7
2752,5
2753,7
2754,9
2755,4
2756,6
2757,9
2758,3
2759,5
2760,3
2761,8
2762,3
2763,5
2764,9
2765,3
2766,5
2767,7
2768,3
2769,3
2770,7
2771,5
2772,6
2773,6
2774,3
2775,5
2776,4
2777,2
2778,5
2779,5
2780,2
2781,1
2782,3
2783,6
2784,2
2785,2
2786,5
2787,6
2788,11
2789,4
2790,4
2791,1
2792,3
2793,5
2794,3
2795,2
2796,7
2797,2
2798,6
2799,3
2800,3
2801,4
2802,10
2803,1
2804,7
2805,3
2806,6
2807,5
2808,2
2809,5
2810,4
2811,7
2812,4
2813,3
2814,6
2815,10
2816,7
2817,8
2818,6
2819,5
2820,7
2821,8
2822,5
2823,5
2824,3
2825,7
2826,2
2827,6
2828,3
2829,4
2830,6
2831,4
2832,5
2833,2
2834,5
2835,5
2836,7
2837,7
2838,5
2839,7
2840,2
2841,4
2842,5
2843,5
2844,4
2845,11
2846,7
2847,6
2848,4
2849,8
2850,1
2851,6
2852,7
2853,0
2854,4
2855,8
2856,6
2857,6
2858,4
2859,9
2860,5
2861,3
2862,3
2863,3
2864,5
2865,5
2866,3
2867,6
2868,4
2869,0
2870,3
2871,7
2872,2
2873,4
2874,6
2875,6
2876,3
2877,5
2878,6
2879,6
2880,5
2881,2
2882,1
2883,5
2884,7
2885,6
2886,4
2887,5
2888,4
2889,4
2890,5
2891,4
2892,3
2893,4
2894,3
2895,6
2896,6
2897,6
2898,10
2899,7
2900,3
2901,6
2902,7
2903,4
2904,0
2905,3
2906,8
2907,6
2908,7
2909,3
2910,2
2911,5
2912,1
2913,3
2914,2
2915,4
2916,5
2917,6
2918,4
2919,4
2920,5
2921,2
2922,7
2923,3
2924,10
2925,8
2926,5
2927,4
2928,8
2929,8
2930,3
2931,7
2932,7
2933,5
2934,7
2935,8
2936,4
2937,5
2938,4
2939,10
2940,4
2941,5
2942,3
2943,5
2944,4
2945,2
2946,6
2947,3
2948,6
2949,6
2950,5
2951,3
2952,5
2953,3
2954,5
2955,5
2956,3
2957,3
2958,9
2959,8
2960,7
2961,4
2962,4
2963,2
2964,9
2965,2
2966,4
2967,10
2968,7
2969,6
2970,3
2971,4
2972,4
2973,3
2974,1
2975,4
2976,4
2977,2
2978,7
2979,3
2980,3
2981,7
2982,6
2983,3
2984,3
2985,4
2986,0
2987,3
2988,7
2989,5
2990,3
2991,7
2992,8
2993,5
2994,6
2995,8
2996,2
2997,9
2998,5
2999,5
3000,5
3001,2
3002,7
3003,2
3004,6
3005,6
3006,7
3007,6
3008,2
3009,2
3010,5
3011,5
3012,3
3013,4
3014,4
3015,6
3016,5
3017,4
3018,3
3019,2
3020,9
3021,8
3022,3
3023,7
3024,2
3025,11
3026,8
3027,7
3028,7
3029,3
3030,6
3031,7
3032,9
3033,7
3034,4
3035,3
3036,5
3037,2
3038,5
3039,14
3040,3
3041,4
3042,5
3043,6
3044,2
3045,4
3046,7
3047,5
3048,4
3049,6
3050,7
3051,3
3052,4
3053,2
3054,5
3055,5
3056,4
3057,3
3058,12
3059,6
3060,5
3061,5
3062,7
3063,3
3064,5
3065,5
3066,6
3067,4
3068,5
3069,5
3070,12
3071,4
3072,5
3073,7
3074,5
3075,3
3076,4
3077,4
3078,1
3079,4
3080,9
3081,3
3082,8
3083,3
3084,6
3085,6
3086,3
3087,3
3088,2
3089,8
3090,8
3091,7
3092,2
3093,7
3094,2
3095,3
3096,12
3097,6
3098,7
3099,1
3100,4
3101,2
3102,2
3103,2
3104,4
3105,1
3106,9
3107,6
3108,4
3109,5
3110,4
3111,4
3112,4
3113,6
3114,10
3115,4
3116,3
3117,6
3118,0
3119,3
3120,2
3121,6
3122,3
3123,6
3124,2
3125,11
3126,0
3127,6
3128,2
3129,6
3130,6
3131,4
3132,6
3133,9
3134,5
3135,3
3136,6
3137,3
3138,5
3139,7
3140,7
3141,5
3142,3
3143,9
3144,8
3145,4
3146,7
3147,3
3148,3
3149,5
3150,4
3151,0
3152,4
3153,7
3154,4
3155,5
3156,2
3157,8
3158,6
3159,4
3160,8
3161,4
3162,7
3163,5
3164,6
3165,5
3166,1
3167,5
3168,5
3169,5
3170,5
3171,7
3172,4
3173,4
3174,10
3175,5
3176,3
3177,1
3178,3
3179,1
3180,4
3181,6
3182,9
3183,5
3184,7
3185,5
3186,4
3187,5
3188,5
3189,9
3190,8
3191,6
3192,7
3193,7
3194,3
3195,3
3196,6
3197,2
3198,7
3199,5
3200,3
3201,4
3202,8
3203,4
3204,5
3205,1
3206,8
3207,5
3208,6
3209,3
3210,7
3211,5
3212,5
3213,4
3214,8
3215,4
3216,4
3217,3
3218,1
3219,8
3220,6
3221,9
3222,5
3223,5
3224,5
3225,6
3226,5
3227,5
3228,4
3229,6
3230,5
3231,8
3232,7
3233,5
3234,4
3235,2
3236,7
3237,2
3238,1
3239,6
3240,4
3241,6
3242,5
3243,6
3244,4
3245,3
3246,6
3247,4
3248,6
3249,5
3250,10
3251,4
3252,6
3253,4
3254,5
3255,2
3256,2
3257,6
3258,5
3259,8
3260,5
3261,5
3262,3
3263,7
3264,9
3265,5
3266,4
3267,7
3268,5
3269,4
3270,8
3271,4
3272,5
3273,1
3274,6
3275,7
3276,3
3277,7
3278,1
3279,5
3280,1
3281,8
3282,6
3283,8
3284,6
3285,4
3286,1
3287,5
3288,7
3289,3
3290,6
3291,10
3292,5
3293,4
3294,3
3295,6
3296,4
3297,3
3298,10
3299,5
3300,6
3301,6
3302,8
3303,9
3304,2
3305,5
3306,8
3307,4
3308,4
3309,7
3310,6
3311,4
3312,5
3313,9
3314,9
3315,4
3316,5
3317,8
3318,7
3319,5
3320,3
3321,3
3322,3
3323,4
3324,10
3325,6
3326,5
3327,10
3328,11
3329,2
3330,7
3331,3
3332,6
3333,4
3334,4
3335,6
3336,6
3337,3
3338,8
3339,5
3340,8
3341,3
3342,3
3343,9
3344,7
3345,4
3346,8
3347,4
3348,5
3349,3
3350,6
3351,5
3352,4
3353,2
3354,1
3355,5
3356,8
3357,3
3358,4
3359,7
3360,10
3361,3
3362,3
3363,3
3364,6
3365,7
3366,6
3367,6
3368,3
3369,3
3370,3
3371,5
3372,2
3373,4
3374,3
3375,5
3376,3
3377,7
3378,3
3379,2
3380,3
3381,7
3382,5
3383,3
3384,2
3385,6
3386,6
3387,6
3388,5
3389,6
3390,5
3391,8
3392,6
3393,7
3394,10
3395,5
3396,5
3397,8
3398,6
3399,6
3400,4
3401,3
3402,9
3403,3
3404,6
3405,6
3406,3
3407,3
3408,1
3409,5
3410,11
3411,4
3412,7
3413,3
3414,8
3415,6
3416,6
3417,6
3418,12
3419,5
3420,12
3421,2
3422,2
3423,6
3424,12
3425,3
3426,2
3427,5
3428,10
3429,2
3430,8
3431,6
3432,4
3433,2
3434,3
3435,3
3436,2
3437,5
3438,4
3439,3
3440,6
3441,8
3442,2
3443,2
3444,2
3445,5
3446,4
3447,3
3448,2
3449,0
3450,8
3451,11
3452,3
3453,4
3454,5
3455,3
3456,4
3457,8
3458,5
3459,8
3460,6
3461,3
3462,6
3463,7
3464,6
3465,9
3466,4
3467,9
3468,6
3469,3
3470,4
3471,9
3472,5
3473,11
3474,1
3475,6
3476,8
3477,4
3478,4
3479,2
3480,2
3481,5
3482,3
3483,0
3484,8
3485,7
3486,4
3487,7
3488,3
3489,7
3490,8
3491,2
3492,8
3493,5
3494,5
3495,7
3496,11
3497,4
3498,7
3499,4
3500,6
3501,5
3502,4
3503,5
3504,3
3505,5
3506,5
3507,6
3508,6
3509,6
3510,5
3511,7
3512,4
3513,2
3514,11
3515,7
3516,2
3517,7
3518,4
3519,4
3520,5
3521,0
3522,4
3523,5
3524,5
3525,6
3526,8
3527,3
3528,3
3529,4
3530,1
3531,6
3532,3
3533,6
3534,3
3535,5
3536,4
3537,7
3538,3
3539,5
3540,7
3541,7
3542,8
3543,3
3544,6
3545,4
3546,4
3547,7
3548,6
3549,4
3550,7
3551,6
3552,8
3553,1
3554,5
3555,5
3556,11
3557,6
3558,4
3559,5
3560,7
3561,5
3562,6
3563,10
3564,7
3565,8
3566,10
3567,8
3568,2
3569,5
3570,7
3571,7
3572,2
3573,8
3574,5
3575,7
3576,6
3577,5
3578,7
3579,5
3580,4
3581,6
3582,6
3583,3
3584,4
3585,4
3586,3
3587,10
3588,5
3589,12
3590,6
3591,5
3592,4
3593,10
3594,2
3595,2
3596,4
3597,6
3598,5
3599,5
3600,4
3601,4
3602,6
3603,4
3604,5
3605,4
3606,6
3607,5
3608,5
3609,6
3610,7
3611,3
3612,1
3613,3
3614,8
3615,7
3616,6
3617,8
3618,6
3619,7
3620,5
3621,4
3622,2
3623,4
3624,3
3625,4
3626,4
3627,8
3628,2
3629,7
3630,10
3631,4
3632,6
3633,9
3634,2
3635,7
3636,8
3637,7
3638,4
3639,8
3640,5
3641,5
3642,3
3643,4
3644,5
3645,5
3646,3
3647,1
3648,2
3649,7
3650,9
3651,5
3652,9
3653,6
3654,5
3655,6
3656,6
3657,8
3658,10
3659,3
3660,4
3661,7
3662,2
3663,6
3664,10
3665,3
3666,8
3667,6
3668,3
3669,7
3670,1
3671,5
3672,4
3673,7
3674,9
3675,6
3676,2
3677,2
3678,4
3679,7
3680,5
3681,4
3682,4
3683,4
3684,5
3685,5
3686,9
3687,7
3688,6
3689,4
3690,6
3691,4
3692,5
3693,5
3694,8
3695,6
3696,8
3697,5
3698,5
3699,4
3700,5
3701,2
3702,8
3703,1
3704,2
3705,10
3706,4
3707,10
3708,4
3709,4
3710,2
3711,5
3712,4
3713,6
3714,4
3715,6
3716,6
3717,4
3718,6
3719,2
3720,9
3721,6
3722,4
3723,8
3724,3
3725,11
3726,9
3727,12
3728,6
3729,5
3730,7
3731,5
3732,4
3733,9
3734,2
3735,5
3736,10
3737,6
3738,3
3739,10
3740,7
3741,6
3742,8
3743,3
3744,6
3745,4
3746,6
3747,6
3748,4
3749,6
3750,4
3751,6
3752,9
3753,8
3754,3
3755,8
3756,2
3757,10
3758,2
3759,7
3760,5
3761,6
3762,6
3763,9
3764,6
3765,7
3766,5
3767,4
3768,1
3769,7
3770,3
3771,10
3772,5
3773,4
3774,7
3775,3
3776,5
3777,6
3778,5
3779,9
3780,3
3781,9
3782,5
3783,5
3784,3
3785,3
3786,6
3787,4
3788,2
3789,5
3790,2
3791,5
3792,6
3793,4
3794,5
3795,7
3796,5
3797,7
3798,2
3799,5
3800,12
3801,5
3802,2
3803,7
3804,7
3805,6
3806,1
3807,1
3808,6
3809,8
3810,4
3811,5
3812,4
3813,7
3814,4
3815,6
3816,7
3817,8
3818,7
3819,3
3820,7
3821,4
3822,6
3823,7
3824,8
3825,2
3826,2
3827,10
3828,4
3829,3
3830,4
3831,5
3832,3
3833,10
3834,5
3835,3
3836,4
3837,11
3838,5
3839,7
3840,5
3841,5
3842,8
3843,4
3844,9
3845,7
3846,7
3847,8
3848,4
3849,1
3850,5
3851,3
3852,4
3853,3
3854,4
3855,6
3856,5
3857,3
3858,7
3859,4
3860,5
3861,7
3862,8
3863,9
3864,5
3865,2
3866,5
3867,2
3868,8
3869,4
3870,6
3871,5
3872,5
3873,5
3874,6
3875,7
3876,3
3877,5
3878,5
3879,4
3880,4
3881,5
3882,6
3883,2
3884,8
3885,8
3886,10
3887,3
3888,4
3889,7
3890,6
3891,5
3892,7
3893,3
3894,1
3895,7
3896,9
3897,6
3898,2
3899,1
3900,4
3901,4
3902,8
3903,9
3904,6
3905,7
3906,2
3907,6
3908,2
3909,4
3910,3
3911,4
3912,5
3913,7
3914,5
3915,5
3916,8
3917,4
3918,2
3919,7
3920,3
3921,12
3922,5
3923,6
3924,8
3925,5
3926,7
3927,5
3928,5
3929,8
3930,6
3931,4
3932,5
3933,5
3934,4
3935,8
3936,5
3937,5
3938,6
3939,2
3940,6
3941,5
3942,6
3943,9
3944,5
3945,7
3946,4
3947,4
3948,5
3949,1
3950,4
3951,6
3952,1
3953,3
3954,4
3955,6
3956,3
3957,6
3958,7
3959,0
3960,2
3961,5
3962,1
3963,6
3964,6
3965,9
3966,5
3967,4
3968,3
3969,6
3970,5
3971,2
3972,1
3973,6
3974,1
3975,3
3976,7
3977,4
3978,5
3979,5
3980,4
3981,3
3982,6
3983,4
3984,1
3985,8
3986,5
3987,5
3988,5
3989,4
3990,3
3991,5
3992,3
3993,5
3994,7
3995,8
3996,3
3997,9
3998,7
3999,5
4000,6
4001,4
4002,1
4003,3
4004,5
4005,4
4006,9
4007,4
4008,5
4009,5
4010,5
4011,5
4012,4
4013,3
4014,3
4015,2
4016,3
4017,4
4018,11
4019,5
4020,8
4021,4
4022,7
4023,6
4024,4
4025,2
4026,8
4027,2
4028,5
4029,5
4030,3
4031,8
4032,3
4033,6
4034,3
4035,6
4036,3
4037,7
4038,3
4039,5
4040,7
4041,3
4042,6
4043,2
4044,8
4045,11
4046,4
4047,7
4048,2
4049,1
4050,13
4051,3
4052,3
4053,6
4054,8
4055,5
4056,8
4057,4
4058,4
4059,4
4060,4
4061,7
4062,4
4063,4
4064,1
4065,4
4066,5
4067,7
4068,3
4069,5
4070,10
4071,7
4072,4
4073,5
4074,7
4075,4
4076,2
4077,4
4078,6
4079,7
4080,5
4081,4
4082,5
4083,4
4084,7
4085,5
4086,5
4087,6
4088,6
4089,5
4090,3
4091,4
4092,4
4093,7
4094,5
4095,5
4096,3
4097,4
4098,8
4099,6
4100,2
4101,8
4102,3
4103,2
4104,3
4105,4
4106,5
4107,2
4108,4
4109,4
4110,2
4111,3
4112,4
4113,2
4114,5
4115,5
4116,9
4117,5
4118,5
4119,6
4120,2
4121,1
4122,7
4123,5
4124,5
4125,5
4126,5
4127,11
4128,2
4129,4
4130,4
4131,7
4132,5
4133,5
4134,7
4135,2
4136,2
4137,3
4138,6
4139,5
4140,2
4141,4
4142,2
4143,2
4144,5
4145,7
4146,6
4147,2
4148,7
4149,11
4150,10
4151,3
4152,9
4153,4
4154,6
4155,5
4156,6
4157,6
4158,4
4159,7
4160,5
4161,2
4162,9
4163,6
4164,4
4165,4
4166,6
4167,4
4168,6
4169,8
4170,6
4171,6
4172,6
4173,0
4174,3
4175,5
4176,5
4177,4
4178,6
4179,3
4180,2
4181,2
4182,7
4183,11
4184,6
4185,4
4186,9
4187,5
4188,4
4189,4
4190,5
4191,7
4192,5
4193,7
4194,6
4195,3
4196,6
4197,7
4198,8
4199,4
4200,4
4201,7
4202,5
4203,4
4204,6
4205,0
4206,6
4207,3
4208,5
4209,5
4210,5
4211,3
4212,2
4213,7
4214,4
4215,2
4216,7
4217,5
4218,6
4219,4
4220,6
4221,5
4222,6
4223,6
4224,5
4225,4
4226,6
4227,8
4228,3
4229,5
4230,3
4231,2
4232,3
4233,5
4234,6
4235,6
4236,7
4237,2
4238,7
4239,10
4240,7
4241,4
4242,7
4243,6
4244,7
4245,2
4246,5
4247,8
4248,5
4249,6
4250,4
4251,4
4252,3
4253,5
4254,4
4255,3
4256,6
4257,8
4258,3
4259,6
4260,4
4261,2
4262,9
4263,8
4264,8
4265,3
4266,5
4267,5
4268,5
4269,6
4270,8
4271,5
4272,5
4273,4
4274,5
4275,4
4276,5
4277,4
4278,1
4279,2
4280,9
4281,1
4282,4
4283,2
4284,1
4285,8
4286,1
4287,4
4288,5
4289,5
4290,4
4291,4
4292,5
4293,6
4294,3
4295,5
4296,5
4297,10
4298,5
4299,7
4300,2
4301,5
4302,6
4303,7
4304,2
4305,1
4306,5
4307,10
4308,4
4309,6
4310,5
4311,5
4312,4
4313,6
4314,3
4315,10
4316,5
4317,6
4318,5
4319,5
4320,7
4321,5
4322,5
4323,8
4324,7
4325,6
4326,5
4327,6
4328,5
4329,7
4330,4
4331,7
4332,3
4333,8
4334,3
4335,5
4336,4
4337,8
4338,4
4339,3
4340,6
4341,10
4342,5
4343,9
4344,6
4345,1
4346,8
4347,2
4348,5
4349,4
4350,5
4351,4
4352,6
4353,6
4354,7
4355,2
4356,1
4357,3
4358,5
4359,6
4360,3
4361,4
4362,6
4363,4
4364,3
4365,11
4366,3
4367,5
4368,6
4369,3
4370,6
4371,6
4372,4
4373,5
4374,4
4375,3
4376,6
4377,3
4378,2
4379,5
4380,5
4381,5
4382,7
4383,5
4384,4
4385,0
4386,5
4387,7
4388,5
4389,6
4390,9
4391,5
4392,4
4393,8
4394,4
4395,4
4396,3
4397,4
4398,5
4399,3
4400,7
4401,6
4402,5
4403,7
4404,10
4405,4
4406,4
4407,6
4408,1
4409,5
4410,5
4411,4
4412,4
4413,2
4414,4
4415,3
4416,9
4417,5
4418,4
4419,1
4420,5
4421,8
4422,3
4423,2
4424,6
4425,6
4426,6
4427,8
4428,9
4429,5
4430,6
4431,4
4432,2
4433,10
4434,7
4435,6
4436,7
4437,7
4438,3
4439,4
4440,4
4441,4
4442,5
4443,1
4444,5
4445,2
4446,5
4447,3
4448,9
4449,6
4450,4
4451,5
4452,6
4453,4
4454,6
4455,4
4456,5
4457,3
4458,9
4459,4
4460,5
4461,8
4462,8
4463,7
4464,1
4465,2
4466,6
4467,7
4468,5
4469,5
4470,2
4471,6
4472,10
4473,4
4474,2
4475,6
4476,7
4477,8
4478,6
4479,7
4480,6
4481,4
4482,5
4483,4
4484,3
4485,5
4486,2
4487,2
4488,7
4489,4
4490,7
4491,9
4492,5
4493,4
4494,7
4495,2
4496,6
4497,3
4498,3
4499,4
4500,9
4501,7
4502,10
4503,1
4504,4
4505,6
4506,7
4507,11
4508,4
4509,3
4510,5
4511,4
4512,8
4513,6
4514,6
4515,9
4516,4
4517,4
4518,6
4519,7
4520,5
4521,2
4522,9
4523,4
4524,2
4525,2
4526,7
4527,3
4528,4
4529,3
4530,5
4531,4
4532,10
4533,3
4534,7
4535,7
4536,7
4537,6
4538,7
4539,3
4540,6
4541,7
4542,9
4543,4
4544,6
4545,3
4546,1
4547,5
4548,11
4549,4
4550,3
4551,6
4552,6
4553,6
4554,8
4555,1
4556,4
4557,5
4558,3
4559,3
4560,6
4561,2
4562,7
4563,2
4564,2
4565,7
4566,2
4567,3
4568,7
4569,4
4570,7
4571,2
4572,6
4573,2
4574,6
4575,7
4576,4
4577,10
4578,4
4579,7
4580,4
4581,5
4582,4
4583,6
4584,3
4585,6
4586,1
4587,8
4588,7
4589,3
4590,6
4591,2
4592,4
4593,3
4594,8
4595,5
4596,6
4597,5
4598,7
4599,6
4600,5
4601,6
4602,4
4603,2
4604,2
4605,5
4606,2
4607,6
4608,7
4609,2
4610,4
4611,2
4612,3
4613,6
4614,8
4615,3
4616,5
4617,7
4618,6
4619,6
4620,10
4621,5
4622,4
4623,3
4624,6
4625,8
4626,3
4627,2
4628,3
4629,5
4630,5
4631,6
4632,7
4633,5
4634,6
4635,6
4636,4
4637,7
4638,3
4639,0
4640,7
4641,5
4642,4
4643,7
4644,7
4645,4
4646,3
4647,9
4648,2
4649,5
4650,5
4651,4
4652,6
4653,6
4654,5
4655,6
4656,6
4657,9
4658,2
4659,5
4660,5
4661,10
4662,8
4663,7
4664,6
4665,4
4666,4
4667,3
4668,5
4669,6
4670,4
4671,3
4672,5
4673,5
4674,4
4675,5
4676,5
4677,4
4678,4
4679,6
4680,5
4681,1
4682,9
4683,7
4684,9
4685,3
4686,4
4687,5
4688,4
4689,2
4690,8
4691,5
4692,6
4693,2
4694,4
4695,1
4696,8
4697,4
4698,3
4699,3
4700,6
4701,7
4702,8
4703,2
4704,5
4705,8
4706,6
4707,3
4708,1
4709,6
4710,6
4711,8
4712,3
4713,2
4714,5
4715,8
4716,8
4717,3
4718,4
4719,8
4720,4
4721,5
4722,5
4723,3
4724,4
4725,6
4726,5
4727,5
4728,5
4729,4
4730,3
4731,3
4732,2
4733,6
4734,4
4735,10
4736,8
4737,5
4738,8
4739,8
4740,6
4741,6
4742,7
4743,6
4744,4
4745,7
4746,6
4747,3
4748,3
4749,6
4750,4
4751,5
4752,2
4753,5
4754,8
4755,2
4756,2
4757,7
4758,7
4759,5
4760,7
4761,3
4762,3
4763,4
4764,8
4765,3
4766,5
4767,5
4768,6
4769,2
4770,7
4771,4
4772,8
4773,10
4774,4
4775,5
4776,8
4777,7
4778,4
4779,5
4780,5
4781,6
4782,4
4783,1
4784,6
4785,0
4786,3
4787,4
4788,2
4789,9
4790,6
4791,4
4792,4
4793,8
4794,3
4795,8
4796,6
4797,8
4798,10
4799,5
4800,6
4801,7
4802,9
4803,2
4804,7
4805,5
4806,4
4807,5
4808,5
4809,5
4810,11
4811,8
4812,9
4813,4
4814,6
4815,3
4816,6
4817,4
4818,3
4819,4
4820,3
4821,5
4822,4
4823,1
4824,4
4825,5
4826,5
4827,4
4828,5
4829,3
4830,6
4831,4
4832,10
4833,4
4834,3
4835,3
4836,4
4837,4
4838,7
4839,8
4840,5
4841,10
4842,5
4843,6
4844,5
4845,11
4846,5
4847,7
4848,10
4849,5
4850,2
4851,10
4852,3
4853,4
4854,7
4855,4
4856,6
4857,3
4858,7
4859,9
4860,6
4861,3
4862,7
4863,9
4864,8
4865,5
4866,3
4867,6
4868,8
4869,7
4870,6
4871,8
4872,7
4873,7
4874,8
4875,4
4876,5
4877,3
4878,4
4879,3
4880,5
4881,7
4882,9
4883,4
4884,3
4885,5
4886,7
4887,5
4888,3
4889,4
4890,2
4891,3
4892,7
4893,10
4894,8
4895,3
4896,6
4897,4
4898,4
4899,6
4900,2
4901,5
4902,6
4903,2
4904,8
4905,6
4906,4
4907,3
4908,7
4909,4
4910,4
4911,3
4912,1
4913,3
4914,2
4915,4
4916,6
4917,3
4918,3
4919,7
4920,8
4921,3
4922,5
4923,6
4924,4
4925,5
4926,4
4927,4
4928,6
4929,4
4930,8
4931,6
4932,2
4933,5
4934,3
4935,6
4936,3
4937,7
4938,6
4939,3
4940,3
4941,4
4942,7
4943,3
4944,8
4945,6
4946,6
4947,4
4948,5
4949,2
4950,4
4951,8
4952,9
4953,7
4954,6
4955,5
4956,4
4957,11
4958,5
4959,2
4960,1
4961,2
4962,2
4963,5
4964,7
4965,7
4966,7
4967,1
4968,3
4969,6
4970,6
4971,4
4972,6
4973,4
4974,8
4975,9
4976,9
4977,4
4978,9
4979,6
4980,7
4981,2
4982,11
4983,7
4984,5
4985,3
4986,7
4987,3
4988,5
4989,3
4990,11
4991,9
4992,4
4993,4
4994,1
4995,6
4996,8
4997,4
4998,4
4999,10
5000,8
5001,4
5002,7
5003,6
5004,4
5005,7
5006,9
5007,2
5008,4
5009,4
5010,7
5011,4
5012,4
5013,5
5014,6
5015,4
5016,4
5017,4
5018,8
5019,4
5020,7
5021,6
5022,8
5023,5
5024,6
5025,6
5026,10
5027,7
5028,3
5029,2
5030,8
5031,4
5032,8
5033,3
5034,7
5035,5
5036,4
5037,5
5038,2
5039,11
5040,7
5041,3
5042,2
5043,4
5044,5
5045,9
5046,6
5047,7
5048,4
5049,7
5050,10
5051,7
5052,9
5053,4
5054,7
5055,5
5056,10
5057,4
5058,3
5059,9
5060,13
5061,7
5062,6
5063,3
5064,5
5065,3
5066,7
5067,3
5068,5
5069,7
5070,2
5071,2
5072,4
5073,2
5074,4
5075,3
5076,5
5077,7
5078,9
5079,8
5080,7
5081,4
5082,6
5083,4
5084,5
5085,4
5086,8
5087,3
5088,7
5089,4
5090,3
5091,6
5092,4
5093,11
5094,7
5095,5
5096,7
5097,4
5098,9
5099,5
5100,4
5101,10
5102,2
5103,8
5104,6
5105,4
5106,6
5107,5
5108,5
5109,7
5110,5
5111,7
5112,2
5113,4
5114,5
5115,5
5116,10
5117,3
5118,7
5119,10
5120,6
5121,7
5122,9
5123,6
5124,7
5125,5
5126,2
5127,2
5128,6
5129,10
5130,7
5131,1
5132,6
5133,8
5134,10
5135,3
5136,3
5137,5
5138,5
5139,3
5140,6
5141,2
5142,8
5143,6
5144,7
5145,5
5146,8
5147,1
5148,7
5149,3
5150,4
5151,8
5152,10
5153,3
5154,1
5155,6
5156,2
5157,3
5158,5
5159,4
5160,7
5161,3
5162,5
5163,3
5164,7
5165,6
5166,2
5167,7
5168,6
5169,2
5170,5
5171,6
5172,7
5173,3
5174,1
5175,8
5176,4
5177,3
5178,4
5179,4
5180,6
5181,6
5182,4
5183,5
5184,5
5185,4
5186,7
5187,5
5188,5
5189,6
5190,7
5191,4
5192,5
5193,3
5194,5
5195,3
5196,7
5197,2
5198,9
5199,6
5200,3
5201,7
5202,5
5203,1
5204,5
5205,7
5206,9
5207,3
5208,7
5209,6
5210,9
5211,2
5212,4
5213,6
5214,3
5215,2
5216,4
5217,6
5218,4
5219,5
5220,4
5221,4
5222,3
5223,7
5224,6
5225,6
5226,5
5227,4
5228,6
5229,6
5230,6
5231,3
5232,5
5233,10
5234,5
5235,6
5236,5
5237,2
5238,5
5239,9
5240,4
5241,3
5242,4
5243,8
5244,3
5245,8
5246,10
5247,4
5248,5
5249,7
5250,6
5251,7
5252,5
5253,4
5254,5
5255,7
5256,8
5257,4
5258,5
5259,5
5260,5
5261,6
5262,3
5263,7
5264,2
5265,3
5266,1
5267,2
5268,2
5269,4
5270,1
5271,6
5272,4
5273,6
5274,5
5275,7
5276,4
5277,4
5278,2
5279,6
5280,5
5281,4
5282,5
5283,5
5284,5
5285,4
5286,2
5287,7
5288,5
5289,5
5290,5
5291,6
5292,4
5293,3
5294,13
5295,7
5296,1
5297,5
5298,4
5299,6
5300,2
5301,6
5302,8
5303,5
5304,9
5305,10
5306,2
5307,6
5308,9
5309,7
5310,4
5311,3
5312,4
5313,7
5314,6
5315,5
5316,4
5317,6
5318,5
5319,8
5320,7
5321,3
5322,5
5323,5
5324,2
5325,5
5326,6
5327,4
5328,5
5329,5
5330,5
5331,5
5332,7
5333,4
5334,6
5335,1
5336,3
5337,3
5338,3
5339,4
5340,7
5341,6
5342,5
5343,2
5344,3
5345,8
5346,5
5347,8
5348,6
5349,4
5350,7
5351,8
5352,6
5353,5
5354,5
5355,8
5356,7
5357,3
5358,5
5359,6
5360,4
5361,8
5362,8
5363,5
5364,6
5365,5
5366,9
5367,7
5368,8
5369,5
5370,5
5371,6
5372,5
5373,3
5374,5
5375,4
5376,5
5377,13
5378,9
5379,3
5380,1
5381,4
5382,3
5383,4
5384,8
5385,7
5386,4
5387,2
5388,1
5389,4
5390,4
5391,5
5392,9
5393,8
5394,2
5395,11
5396,8
5397,5
5398,6
5399,6
5400,6
5401,4
5402,8
5403,6
5404,5
5405,2
5406,4
5407,4
5408,7
5409,7
5410,5
5411,5
5412,6
5413,4
5414,5
5415,4
5416,8
5417,1
5418,4
5419,6
5420,5
5421,5
5422,6
5423,4
5424,5
5425,4
5426,4
5427,1
5428,1
5429,3
5430,1
5431,8
5432,3
5433,7
5434,5
5435,4
5436,6
5437,6
5438,2
5439,3
5440,0
5441,5
5442,2
5443,3
5444,4
5445,1
5446,7
5447,7
5448,1
5449,7
5450,8
5451,8
5452,3
5453,11
5454,6
5455,8
5456,4
5457,2
5458,4
5459,7
5460,7
5461,4
5462,6
5463,8
5464,4
5465,6
5466,2
5467,2
5468,4
5469,5
5470,9
5471,9
5472,3
5473,4
5474,5
5475,3
5476,3
5477,2
5478,4
5479,0
5480,5
5481,4
5482,5
5483,6
5484,4
5485,6
5486,4
5487,5
5488,9
5489,4
5490,7
5491,7
5492,5
5493,9
5494,4
5495,1
5496,2
5497,7
5498,10
5499,7
5500,8
5501,3
5502,8
5503,7
5504,6
5505,4
5506,3
5507,11
5508,3
5509,6
5510,8
5511,6
5512,4
5513,8
5514,7
5515,7
5516,2
5517,1
5518,8
5519,4
5520,3
5521,2
5522,6
5523,3
5524,3
5525,9
5526,4
5527,9
5528,1
5529,3
5530,3
5531,6
5532,1
5533,5
5534,4
5535,6
5536,5
5537,4
5538,6
5539,9
5540,2
5541,9
5542,4
5543,8
5544,7
5545,4
5546,8
5547,7
5548,2
5549,5
5550,4
5551,3
5552,6
5553,6
5554,6
5555,7
5556,3
5557,5
5558,6
5559,6
5560,6
5561,7
5562,7
5563,2
5564,4
5565,3
5566,3
5567,5
5568,4
5569,2
5570,5
5571,5
5572,4
5573,4
5574,5
5575,5
5576,8
5577,6
5578,3
5579,4
5580,10
5581,5
5582,7
5583,5
5584,3
5585,4
5586,5
5587,5
5588,9
5589,4
5590,5
5591,4
5592,5
5593,5
5594,0
5595,3
5596,9
5597,5
5598,3
5599,3
5600,3
5601,5
5602,9
5603,10
5604,3
5605,6
5606,8
5607,5
5608,9
5609,1
5610,5
5611,1
5612,5
5613,6
5614,7
5615,7
5616,3
5617,3
5618,3
5619,2
5620,4
5621,3
5622,7
5623,5
5624,7
5625,9
5626,5
5627,5
5628,2
5629,1
5630,4
5631,6
5632,3
5633,6
5634,6
5635,4
5636,2
5637,5
5638,8
5639,3
5640,5
5641,8
5642,4
5643,10
5644,5
5645,3
5646,3
5647,3
5648,4
5649,5
5650,9
5651,5
5652,4
5653,4
5654,6
5655,4
5656,5
5657,1
5658,5
5659,6
5660,6
5661,5
5662,7
5663,1
5664,2
5665,6
5666,4
5667,7
5668,9
5669,6
5670,4
5671,8
5672,4
5673,4
5674,5
5675,7
5676,2
5677,4
5678,4
5679,6
5680,5
5681,3
5682,7
5683,4
5684,4
5685,6
5686,11
5687,6
5688,6
5689,7
5690,3
5691,3
5692,10
5693,5
5694,8
5695,6
5696,5
5697,5
5698,8
5699,4
5700,4
5701,2
5702,6
5703,6
5704,4
5705,5
5706,9
5707,4
5708,9
5709,5
5710,8
5711,3
5712,5
5713,6
5714,5
5715,4
5716,3
5717,6
5718,6
5719,6
5720,4
5721,4
5722,4
5723,7
5724,6
5725,5
5726,6
5727,4
5728,4
5729,5
5730,4
5731,3
5732,4
5733,7
5734,5
5735,5
5736,7
5737,3
5738,2
5739,7
5740,5
5741,4
5742,9
5743,4
5744,4
5745,4
5746,11
5747,7
5748,4
5749,9
5750,9
5751,3
5752,1
5753,2
5754,4
5755,6
5756,2
5757,5
5758,5
5759,7
5760,2
5761,4
5762,3
5763,8
5764,4
5765,2
5766,4
5767,7
5768,7
5769,5
5770,1
5771,7
5772,4
5773,3
5774,6
5775,12
5776,6
5777,0
5778,7
5779,5
5780,7
5781,1
5782,5
5783,2
5784,6
5785,8
5786,7
5787,7
5788,5
5789,5
5790,7
5791,3
5792,9
5793,3
5794,5
5795,5
5796,10
5797,2
5798,2
5799,4
5800,8
5801,3
5802,5
5803,7
5804,10
5805,4
5806,3
5807,7
5808,5
5809,7
5810,6
5811,5
5812,7
5813,6
5814,5
5815,8
5816,5
5817,1
5818,11
5819,7
5820,4
5821,7
5822,5
5823,6
5824,5
5825,3
5826,4
5827,3
5828,5
5829,6
5830,12
5831,7
5832,3
5833,5
5834,5
5835,10
5836,2
5837,2
5838,6
5839,5
5840,13
5841,7
5842,3
5843,9
5844,4
5845,2
5846,5
5847,6
5848,2
5849,9
5850,10
5851,2
5852,1
5853,7
5854,6
5855,9
5856,9
5857,4
5858,7
5859,4
5860,4
5861,5
5862,4
5863,2
5864,3
5865,4
5866,6
5867,4
5868,6
5869,7
5870,4
5871,7
5872,8
5873,6
5874,3
5875,3
5876,4
5877,1
5878,4
5879,5
5880,4
5881,6
5882,2
5883,4
5884,4
5885,4
5886,9
5887,5
5888,4
5889,4
5890,8
5891,7
5892,3
5893,4
5894,2
5895,6
5896,4
5897,4
5898,5
5899,4
5900,4
5901,4
5902,10
5903,8
5904,5
5905,6
5906,2
5907,8
5908,7
5909,7
5910,3
5911,6
5912,4
5913,4
5914,4
5915,4
5916,14
5917,6
5918,4
5919,6
5920,7
5921,5
5922,6
5923,7
5924,6
5925,5
5926,3
5927,5
5928,6
5929,4
5930,7
5931,5
5932,4
5933,9
5934,3
5935,6
5936,6
5937,6
5938,5
5939,8
5940,3
5941,4
5942,6
5943,5
5944,7
5945,8
5946,4
5947,3
5948,6
5949,6
5950,2
5951,9
5952,5
5953,7
5954,4
5955,12
5956,4
5957,1
5958,3
5959,9
5960,6
5961,9
5962,5
5963,7
5964,5
5965,2
5966,7
5967,4
5968,3
5969,5
5970,6
5971,8
5972,10
5973,9
5974,5
5975,6
5976,7
5977,8
5978,3
5979,3
5980,6
5981,8
5982,5
5983,4
5984,9
5985,5
5986,3
5987,6
5988,15
5989,7
5990,8
5991,9
5992,3
5993,5
5994,6
5995,4
5996,3
5997,5
5998,3
5999,2
6000,5
6001,3
6002,4
6003,2
6004,4
6005,5
6006,4
6007,1
6008,4
6009,6
6010,10
6011,5
6012,2
6013,6
6014,5
6015,8
6016,6
6017,2
6018,4
6019,5
6020,5
6021,4
6022,6
6023,3
6024,6
6025,1
6026,3
6027,7
6028,6
6029,3
6030,5
6031,6
6032,6
6033,8
6034,5
6035,4
6036,2
6037,4
6038,7
6039,5
6040,13
6041,6
6042,5
6043,6
6044,7
6045,5
6046,5
6047,3
6048,3
6049,5
6050,3
6051,7
6052,8
6053,3
6054,6
6055,7
6056,8
6057,6
6058,5
6059,8
6060,3
6061,10
6062,7
6063,2
6064,11
6065,3
6066,9
6067,6
6068,4
6069,7
6070,8
6071,6
6072,9
6073,5
6074,2
6075,7
6076,10
6077,4
6078,7
6079,4
6080,6
6081,3
6082,6
6083,3
6084,8
6085,4
6086,6
6087,10
6088,6
6089,9
6090,4
6091,4
6092,9
6093,3
6094,2
6095,2
6096,8
6097,11
6098,5
6099,3
6100,3
6101,6
6102,2
6103,5
6104,7
6105,4
6106,3
6107,6
6108,2
6109,5
6110,6
6111,6
6112,10
6113,6
6114,7
6115,4
6116,1
6117,11
6118,5
6119,1
6120,8
6121,5
6122,6
6123,5
6124,4
6125,2
6126,4
6127,7
6128,5
6129,1
6130,3
6131,5
6132,5
6133,4
6134,8
6135,9
6136,4
6137,3
6138,6
6139,5
6140,5
6141,6
6142,5
6143,4
6144,6
6145,5
6146,3
6147,4
6148,8
6149,3
6150,3
6151,6
6152,6
6153,8
6154,4
6155,2
6156,4
6157,2
6158,5
6159,7
6160,5
6161,5
6162,3
6163,5
6164,6
6165,5
6166,7
6167,9
6168,5
6169,3
6170,4
6171,2
6172,3
6173,5
6174,2
6175,3
6176,5
6177,6
6178,4
6179,7
6180,2
6181,3
6182,5
6183,7
6184,4
6185,7
6186,4
6187,5
6188,3
6189,3
6190,7
6191,8
6192,7
6193,9
6194,5
6195,7
6196,7
6197,6
6198,7
6199,3
6200,6
6201,4
6202,8
6203,5
6204,7
6205,3
6206,5
6207,9
6208,5
6209,3
6210,9
6211,3
6212,4
6213,6
6214,9
6215,11
6216,3
6217,3
6218,7
6219,5
6220,7
6221,3
6222,5
6223,8
6224,5
6225,5
6226,3
6227,5
6228,4
6229,3
6230,4
6231,7
6232,2
6233,6
6234,5
6235,5
6236,3
6237,1
6238,7
6239,4
6240,3
6241,3
6242,6
6243,4
6244,6
6245,7
6246,4
6247,9
6248,7
6249,3
6250,10
6251,13
6252,1
6253,3
6254,6
6255,8
6256,4
6257,2
6258,3
6259,4
6260,4
6261,2
6262,8
6263,3
6264,1
6265,5
6266,8
6267,7
6268,3
6269,5
6270,5
6271,3
6272,4
6273,5
6274,2
6275,6
6276,2
6277,4
6278,4
6279,10
6280,7
6281,8
6282,7
6283,4
6284,4
6285,3
6286,2
6287,3
6288,5
6289,4
6290,7
6291,4
6292,5
6293,3
6294,8
6295,1
6296,4
6297,1
6298,5
6299,7
6300,6
6301,5
6302,8
6303,6
6304,10
6305,6
6306,4
6307,5
6308,10
6309,3
6310,3
6311,4
6312,6
6313,4
6314,2
6315,8
6316,4
6317,3
6318,5
6319,5
6320,6
6321,4
6322,4
6323,2
6324,3
6325,5
6326,7
6327,6
6328,2
6329,5
6330,4
6331,3
6332,8
6333,4
6334,7
6335,5
6336,2
6337,7
6338,3
6339,2
6340,5
6341,6
6342,6
6343,3
6344,7
6345,2
6346,4
6347,6
6348,5
6349,2
6350,4
6351,4
6352,6
6353,7
6354,6
6355,4
6356,8
6357,6
6358,4
6359,5
6360,1
6361,3
6362,6
6363,6
6364,3
6365,4
6366,4
6367,6
6368,4
6369,5
6370,5
6371,4
6372,4
6373,9
6374,4
6375,3
6376,4
6377,2
6378,5
6379,5
6380,5
6381,3
6382,7
6383,6
6384,4
6385,5
6386,2
6387,4
6388,8
6389,7
6390,5
6391,4
6392,4
6393,4
6394,2
6395,3
6396,10
6397,9
6398,5
6399,5
6400,10
6401,4
6402,6
6403,5
6404,5
6405,1
6406,2
6407,3
6408,0
6409,5
6410,8
6411,4
6412,5
6413,6
6414,2
6415,3
6416,2
6417,7
6418,6
6419,5
6420,8
6421,5
6422,5
6423,3
6424,3
6425,2
6426,3
6427,2
6428,3
6429,3
6430,6
6431,6
6432,5
6433,9
6434,4
6435,5
6436,3
6437,6
6438,8
6439,6
6440,6
6441,3
6442,7
6443,11
6444,6
6445,5
6446,3
6447,4
6448,6
6449,4
6450,5
6451,8
6452,7
6453,3
6454,2
6455,6
6456,5
6457,4
6458,4
6459,10
6460,7
6461,7
6462,7
6463,6
6464,9
6465,5
6466,5
6467,3
6468,3
6469,7
6470,6
6471,5
6472,3
6473,4
6474,3
6475,4
6476,9
6477,2
6478,5
6479,5
6480,3
6481,6
6482,5
6483,7
6484,5
6485,5
6486,8
6487,6
6488,2
6489,8
6490,5
6491,1
6492,5
6493,5
6494,7
6495,9
6496,5
6497,8
6498,5
6499,4
6500,5
6501,5
6502,6
6503,5
6504,6
6505,2
6506,6
6507,4
6508,5
6509,3
6510,7
6511,5
6512,7
6513,7
6514,2
6515,2
6516,4
6517,4
6518,3
6519,8
6520,3
6521,7
6522,7
6523,7
6524,6
6525,4
6526,4
6527,7
6528,3
6529,7
6530,6
6531,4
6532,8
6533,5
6534,5
6535,6
6536,2
6537,5
6538,1
6539,5
6540,7
6541,7
6542,7
6543,5
6544,7
6545,8
6546,3
6547,10
6548,1
6549,10
6550,5
6551,4
6552,5
6553,4
6554,8
6555,3
6556,5
6557,2
6558,9
6559,5
6560,5
6561,9
6562,4
6563,3
6564,3
6565,5
6566,6
6567,8
6568,6
6569,3
6570,5
6571,5
6572,8
6573,3
6574,7
6575,8
6576,5
6577,5
6578,1
6579,4
6580,6
6581,9
6582,7
6583,7
6584,8
6585,12
6586,4
6587,4
6588,5
6589,10
6590,3
6591,4
6592,8
6593,3
6594,3
6595,4
6596,7
6597,6
6598,6
6599,11
6600,3
6601,8
6602,1
6603,5
6604,3
6605,8
6606,3
6607,3
6608,4
6609,5
6610,5
6611,3
6612,3
6613,11
6614,2
6615,3
6616,5
6617,7
6618,5
6619,3
6620,5
6621,3
6622,1
6623,5
6624,3
6625,3
6626,5
6627,3
6628,4
6629,6
6630,4
6631,3
6632,7
6633,6
6634,3
6635,4
6636,4
6637,6
6638,7
6639,3
6640,5
6641,0
6642,4
6643,9
6644,3
6645,4
6646,0
6647,7
6648,2
6649,5
6650,5
6651,7
6652,4
6653,7
6654,2
6655,3
6656,6
6657,3
6658,2
6659,5
6660,8
6661,2
6662,6
6663,4
6664,8
6665,6
6666,1
6667,2
6668,7
6669,5
6670,3
6671,7
6672,6
6673,4
6674,6
6675,3
6676,5
6677,5
6678,7
6679,5
6680,4
6681,2
6682,6
6683,4
6684,2
6685,5
6686,5
6687,10
6688,5
6689,3
6690,6
6691,5
6692,6
6693,3
6694,6
6695,6
6696,7
6697,3
6698,3
6699,4
6700,8
6701,5
6702,11
6703,2
6704,7
6705,5
6706,5
6707,8
6708,4
6709,3
6710,3
6711,4
6712,5
6713,2
6714,6
6715,4
6716,11
6717,3
6718,2
6719,6
6720,8
6721,9
6722,4
6723,1
6724,4
6725,4
6726,4
6727,4
6728,5
6729,3
6730,12
6731,6
6732,6
6733,12
6734,1
6735,1
6736,4
6737,7
6738,7
6739,1
6740,10
6741,4
6742,8
6743,6
6744,8
6745,5
6746,8
6747,8
6748,7
6749,4
6750,7
6751,4
6752,5
6753,10
6754,4
6755,3
6756,7
6757,4
6758,4
6759,4
6760,4
6761,2
6762,7
6763,7
6764,4
6765,8
6766,4
6767,6
6768,6
6769,5
6770,7
6771,2
6772,2
6773,6
6774,8
6775,4
6776,2
6777,5
6778,2
6779,8
6780,4
6781,1
6782,6
6783,3
6784,5
6785,3
6786,8
6787,4
6788,3
6789,5
6790,5
6791,5
6792,5
6793,1
6794,4
6795,6
6796,5
6797,1
6798,8
6799,4
6800,5
6801,8
6802,3
6803,6
6804,4
6805,8
6806,5
6807,9
6808,8
6809,6
6810,2
6811,5
6812,6
6813,6
6814,3
6815,2
6816,6
6817,5
6818,3
6819,5
6820,4
6821,1
6822,2
6823,5
6824,8
6825,6
6826,9
6827,3
6828,2
6829,8
6830,6
6831,10
6832,4
6833,5
6834,12
6835,5
6836,6
6837,9
6838,4
6839,4
6840,5
6841,1
6842,1
6843,11
6844,6
6845,3
6846,8
6847,4
6848,7
6849,3
6850,3
6851,10
6852,4
6853,4
6854,5
6855,6
6856,7
6857,10
6858,5
6859,2
6860,2
6861,4
6862,5
6863,4
6864,6
6865,10
6866,8
6867,14
6868,6
6869,5
6870,8
6871,10
6872,8
6873,4
6874,10
6875,3
6876,5
6877,8
6878,3
6879,5
6880,7
6881,7
6882,2
6883,4
6884,4
6885,7
6886,6
6887,6
6888,5
6889,5
6890,6
6891,4
6892,5
6893,5
6894,1
6895,3
6896,8
6897,7
6898,7
6899,5
6900,7
6901,5
6902,6
6903,4
6904,5
6905,7
6906,7
6907,6
6908,2
6909,1
6910,8
6911,6
6912,2
6913,2
6914,4
6915,4
6916,13
6917,4
6918,12
6919,9
6920,8
6921,7
6922,6
6923,2
6924,7
6925,4
6926,4
6927,5
6928,3
6929,6
6930,8
6931,4
6932,5
6933,0
6934,6
6935,5
6936,4
6937,2
6938,3
6939,8
6940,1
6941,6
6942,4
6943,7
6944,7
6945,7
6946,4
6947,4
6948,9
6949,5
6950,6
6951,5
6952,5
6953,11
6954,9
6955,10
6956,5
6957,4
6958,4
6959,5
6960,8
6961,4
6962,6
6963,5
6964,8
6965,3
6966,3
6967,7
6968,5
6969,4
6970,4
6971,10
6972,8
6973,9
6974,8
6975,7
6976,5
6977,6
6978,2
6979,4
6980,5
6981,3
6982,6
6983,5
6984,1
6985,7
6986,2
6987,1
6988,9
6989,2
6990,3
6991,4
6992,3
6993,4
6994,6
6995,2
6996,6
6997,3
6998,6
6999,0
7000,6
7001,8
7002,3
7003,4
7004,7
7005,4
7006,4
7007,3
7008,5
7009,8
7010,4
7011,5
7012,8
7013,7
7014,9
7015,4
7016,7
7017,7
7018,6
7019,2
7020,1
7021,5
7022,6
7023,3
7024,6
7025,8
7026,3
7027,5
7028,6
7029,4
7030,7
7031,3
7032,6
7033,9
7034,7
7035,3
7036,6
7037,3
7038,9
7039,6
7040,8
7041,2
7042,4
7043,1
7044,3
7045,5
7046,4
7047,5
7048,3
7049,7
7050,9
7051,4
7052,8
7053,4
7054,7
7055,2
7056,4
7057,3
7058,5
7059,3
7060,7
7061,7
7062,1
7063,3
7064,3
7065,6
7066,6
7067,9
7068,8
7069,7
7070,3
7071,2
7072,4
7073,7
7074,8
7075,4
7076,7
7077,3
7078,5
7079,4
7080,2
7081,8
7082,3
7083,8
7084,6
7085,5
7086,6
7087,6
7088,5
7089,5
7090,7
7091,9
7092,7
7093,4
7094,5
7095,7
7096,4
7097,3
7098,4
7099,6
7100,6
7101,1
7102,5
7103,6
7104,5
7105,7
7106,3
7107,4
7108,3
7109,1
7110,3
7111,8
7112,2
7113,5
7114,5
7115,6
7116,1
7117,3
7118,5
7119,3
7120,4
7121,2
7122,4
7123,3
7124,11
7125,6
7126,8
7127,2
7128,7
7129,4
7130,5
7131,7
7132,7
7133,6
7134,8
7135,7
7136,6
7137,8
7138,4
7139,4
7140,4
7141,3
7142,6
7143,8
7144,3
7145,2
7146,5
7147,7
7148,2
7149,4
7150,12
7151,7
7152,5
7153,8
7154,6
7155,4
7156,3
7157,5
7158,1
7159,4
7160,5
7161,7
7162,5
7163,6
7164,4
7165,3
7166,4
7167,9
7168,4
7169,8
7170,3
7171,6
7172,6
7173,3
7174,5
7175,8
7176,4
7177,4
7178,7
7179,10
7180,4
7181,4
7182,5
7183,3
7184,1
7185,6
7186,3
7187,6
7188,5
7189,5
7190,6
7191,6
7192,2
7193,7
7194,4
7195,4
7196,1
7197,5
7198,7
7199,7
7200,6
7201,7
7202,8
7203,3
7204,5
7205,5
7206,4
7207,4
7208,9
7209,5
7210,5
7211,7
7212,3
7213,5
7214,9
7215,6
7216,6
7217,10
7218,8
7219,2
7220,3
7221,5
7222,6
7223,6
7224,5
7225,7
7226,6
7227,2
7228,4
7229,4
7230,9
7231,5
7232,6
7233,3
7234,2
7235,4
7236,6
7237,5
7238,3
7239,4
7240,2
7241,4
7242,6
7243,3
7244,3
7245,6
7246,11
7247,6
7248,6
7249,7
7250,5
7251,7
7252,2
7253,5
7254,5
7255,5
7256,3
7257,4
7258,3
7259,11
7260,5
7261,6
7262,3
7263,6
7264,4
7265,5
7266,2
7267,8
7268,2
7269,5
7270,5
7271,3
7272,6
7273,3
7274,4
7275,6
7276,8
7277,5
7278,5
7279,4
7280,3
7281,6
7282,0
7283,7
7284,7
7285,6
7286,4
7287,2
7288,4
7289,6
7290,6
7291,2
7292,2
7293,8
7294,3
7295,8
7296,4
7297,6
7298,8
7299,7
7300,9
7301,4
7302,4
7303,4
7304,5
7305,4
7306,6
7307,4
7308,8
7309,5
7310,2
7311,4
7312,10
7313,6
7314,3
7315,5
7316,7
7317,6
7318,8
7319,5
7320,4
7321,5
7322,1
7323,5
7324,9
7325,6
7326,2
7327,6
7328,8
7329,6
7330,2
7331,10
7332,5
7333,5
7334,4
7335,6
7336,2
7337,6
7338,3
7339,1
7340,7
7341,6
7342,3
7343,5
7344,2
7345,7
7346,3
7347,4
7348,3
7349,3
7350,6
7351,9
7352,5
7353,5
7354,5
7355,2
7356,2
7357,5
7358,4
7359,8
7360,8
7361,3
7362,4
7363,6
7364,7
7365,6
7366,6
7367,9
7368,2
7369,3
7370,5
7371,5
7372,9
7373,3
7374,8
7375,10
7376,6
7377,4
7378,10
7379,5
7380,6
7381,6
7382,6
7383,11
7384,6
7385,5
7386,3
7387,10
7388,6
7389,5
7390,2
7391,4
7392,5
7393,8
7394,8
7395,7
7396,7
7397,6
7398,5
7399,6
7400,7
7401,4
7402,4
7403,7
7404,7
7405,6
7406,3
7407,3
7408,6
7409,5
7410,8
7411,5
7412,7
7413,4
7414,4
7415,0
7416,6
7417,9
7418,5
7419,3
7420,3
7421,3
7422,9
7423,9
7424,5
7425,5
7426,5
7427,3
7428,3
7429,5
7430,4
7431,6
7432,6
7433,10
7434,5
7435,8
7436,9
7437,7
7438,8
7439,4
7440,4
7441,3
7442,6
7443,4
7444,3
7445,3
7446,7
7447,7
7448,4
7449,5
7450,8
7451,2
7452,6
7453,4
7454,2
7455,10
7456,6
7457,3
7458,6
7459,7
7460,6
7461,4
7462,7
7463,2
7464,4
7465,7
7466,3
7467,9
7468,4
7469,5
7470,5
7471,6
7472,5
7473,3
7474,5
7475,7
7476,9
7477,6
7478,4
7479,9
7480,6
7481,4
7482,5
7483,6
7484,8
7485,6
7486,5
7487,8
7488,6
7489,4
7490,4
7491,5
7492,7
7493,6
7494,3
7495,3
7496,7
7497,5
7498,4
7499,4
7500,3
7501,2
7502,6
7503,4
7504,8
7505,4
7506,10
7507,7
7508,4
7509,6
7510,4
7511,6
7512,5
7513,1
7514,4
7515,5
7516,4
7517,5
7518,6
7519,2
7520,4
7521,11
7522,7
7523,6
7524,0
7525,4
7526,2
7527,5
7528,4
7529,4
7530,9
7531,7
7532,3
7533,4
7534,1
7535,4
7536,7
7537,4
7538,8
7539,3
7540,4
7541,6
7542,8
7543,9
7544,7
7545,7
7546,3
7547,3
7548,7
7549,4
7550,4
7551,7
7552,7
7553,7
7554,3
7555,1
7556,3
7557,6
7558,2
7559,5
7560,3
7561,4
7562,6
7563,3
7564,2
7565,4
7566,8
7567,6
7568,4
7569,8
7570,8
7571,3
7572,4
7573,4
7574,1
7575,8
7576,4
7577,6
7578,5
7579,4
7580,6
7581,5
7582,7
7583,1
7584,8
7585,2
7586,2
7587,2
7588,9
7589,6
7590,7
7591,3
7592,5
7593,4
7594,1
7595,5
7596,5
7597,7
7598,2
7599,2
7600,4
7601,3
7602,6
7603,4
7604,7
7605,7
7606,4
7607,5
7608,3
7609,2
7610,4
7611,5
7612,7
7613,5
7614,2
7615,4
7616,4
7617,8
7618,7
7619,9
7620,6
7621,2
7622,4
7623,4
7624,1
7625,4
7626,4
7627,5
7628,3
7629,8
7630,7
7631,2
7632,4
7633,3
7634,8
7635,3
7636,4
7637,4
7638,5
7639,8
7640,2
7641,8
7642,2
7643,6
7644,1
7645,1
7646,2
7647,9
7648,4
7649,5
7650,2
7651,7
7652,8
7653,5
7654,3
7655,5
7656,4
7657,2
7658,3
7659,4
7660,7
7661,4
7662,2
7663,9
7664,5
7665,10
7666,8
7667,2
7668,9
7669,4
7670,5
7671,4
7672,5
7673,5
7674,4
7675,4
7676,4
7677,6
7678,6
7679,7
7680,8
7681,7
7682,8
7683,7
7684,4
7685,2
7686,6
7687,3
7688,10
7689,1
7690,10
7691,2
7692,5
7693,5
7694,7
7695,3
7696,8
7697,3
7698,9
7699,6
7700,7
7701,2
7702,6
7703,2
7704,8
7705,5
7706,5
7707,5
7708,4
7709,11
7710,4
7711,5
7712,4
7713,5
7714,4
7715,7
7716,6
7717,6
7718,5
7719,4
7720,5
7721,4
7722,8
7723,6
7724,6
7725,4
7726,9
7727,3
7728,4
7729,5
7730,3
7731,6
7732,6
7733,9
7734,7
7735,6
7736,3
7737,5
7738,3
7739,3
7740,3
7741,6
7742,7
7743,1
7744,3
7745,2
7746,3
7747,4
7748,10
7749,6
7750,6
7751,2
7752,3
7753,8
7754,7
7755,4
7756,4
7757,5
7758,3
7759,10
7760,8
7761,5
7762,6
7763,8
7764,3
7765,9
7766,8
7767,6
7768,5
7769,3
7770,6
7771,4
7772,3
7773,3
7774,7
7775,3
7776,5
7777,8
7778,5
7779,6
7780,6
7781,7
7782,5
7783,1
7784,4
7785,8
7786,1
7787,3
7788,4
7789,5
7790,7
7791,6
7792,6
7793,7
7794,4
7795,5
7796,6
7797,8
7798,7
7799,7
7800,3
7801,4
7802,5
7803,6
7804,10
7805,3
7806,4
7807,6
7808,3
7809,8
7810,9
7811,4
7812,4
7813,3
7814,4
7815,7
7816,8
7817,5
7818,3
7819,7
7820,3
7821,11
7822,3
7823,4
7824,6
7825,4
7826,6
7827,7
7828,7
7829,2
7830,6
7831,6
7832,6
7833,6
7834,5
7835,8
7836,5
7837,5
7838,3
7839,6
7840,4
7841,5
7842,6
7843,3
7844,3
7845,4
7846,7
7847,4
7848,9
7849,7
7850,4
7851,10
7852,4
7853,5
7854,6
7855,8
7856,6
7857,6
7858,2
7859,6
7860,9
7861,8
7862,8
7863,6
7864,10
7865,8
7866,5
7867,2
7868,13
7869,4
7870,3
7871,2
7872,3
7873,3
7874,9
7875,6
7876,4
7877,4
7878,4
7879,6
7880,3
7881,5
7882,2
7883,4
7884,5
7885,5
7886,4
7887,10
7888,7
7889,7
7890,3
7891,2
7892,6
7893,3
7894,7
7895,6
7896,6
7897,5
7898,7
7899,4
7900,3
7901,4
7902,6
7903,6
7904,4
7905,3
7906,10
7907,5
7908,2
7909,5
7910,7
7911,5
7912,11
7913,6
7914,9
7915,9
7916,5
7917,3
7918,8
7919,2
7920,4
7921,9
7922,5
7923,4
7924,7
7925,6
7926,6
7927,6
7928,5
7929,7
7930,7
7931,5
7932,2
7933,4
7934,2
7935,8
7936,5
7937,3
7938,3
7939,9
7940,3
7941,8
7942,7
7943,3
7944,8
7945,6
7946,7
7947,7
7948,9
7949,7
7950,8
7951,5
7952,2
7953,4
7954,4
7955,4
7956,3
7957,8
7958,6
7959,6
7960,4
7961,5
7962,8
7963,8
7964,3
7965,7
7966,7
7967,2
7968,4
7969,4
7970,4
7971,1
7972,3
7973,6
7974,6
7975,4
7976,5
7977,3
7978,5
7979,6
7980,5
7981,3
7982,4
7983,7
7984,6
7985,4
7986,5
7987,7
7988,3
7989,5
7990,5
7991,5
7992,4
7993,8
7994,5
7995,6
7996,4
7997,4
7998,6
7999,6
8000,6
8001,3
8002,2
8003,7
8004,6
8005,4
8006,9
8007,3
8008,8
8009,7
8010,7
8011,5
8012,4
8013,2
8014,5
8015,9
8016,12
8017,6
8018,6
8019,4
8020,4
8021,7
8022,2
8023,4
8024,6
8025,6
8026,3
8027,6
8028,6
8029,7
8030,4
8031,4
8032,5
8033,1
8034,6
8035,8
8036,6
8037,4
8038,4
8039,5
8040,8
8041,10
8042,5
8043,2
8044,7
8045,7
8046,3
8047,2
8048,8
8049,6
8050,3
8051,4
8052,4
8053,5
8054,3
8055,2
8056,2
8057,10
8058,3
8059,3
8060,3
8061,9
8062,2
8063,9
8064,8
8065,6
8066,2
8067,4
8068,3
8069,7
8070,9
8071,7
8072,9
8073,3
8074,10
8075,6
8076,8
8077,14
8078,4
8079,6
8080,5
8081,4
8082,4
8083,5
8084,5
8085,5
8086,6
8087,6
8088,4
8089,3
8090,8
8091,4
8092,2
8093,7
8094,5
8095,4
8096,3
8097,4
8098,3
8099,3
8100,3
8101,7
8102,4
8103,2
8104,5
8105,5
8106,3
8107,4
8108,5
8109,5
8110,3
8111,2
8112,5
8113,6
8114,7
8115,4
8116,4
8117,1
8118,7
8119,3
8120,7
8121,3
8122,4
8123,9
8124,6
8125,8
8126,3
8127,3
8128,5
8129,3
8130,9
8131,4
8132,7
8133,2
8134,5
8135,5
8136,7
8137,7
8138,6
8139,9
8140,7
8141,4
8142,9
8143,7
8144,7
8145,4
8146,8
8147,5
8148,4
8149,2
8150,4
8151,5
8152,4
8153,7
8154,8
8155,2
8156,5
8157,6
8158,3
8159,7
8160,4
8161,3
8162,7
8163,3
8164,5
8165,3
8166,6
8167,6
8168,7
8169,8
8170,3
8171,3
8172,2
8173,4
8174,4
8175,6
8176,3
8177,5
8178,3
8179,4
8180,8
8181,2
8182,8
8183,2
8184,7
8185,6
8186,12
8187,2
8188,4
8189,5
8190,6
8191,2
8192,14
8193,3
8194,4
8195,5
8196,6
8197,5
8198,5
8199,9
8200,6
8201,6
8202,3
8203,6
8204,7
8205,4
8206,4
8207,6
8208,6
8209,6
8210,5
8211,4
8212,0
8213,3
8214,4
8215,5
8216,11
8217,1
8218,5
8219,5
8220,5
8221,5
8222,7
8223,4
8224,5
8225,5
8226,5
8227,5
8228,6
8229,6
8230,9
8231,3
8232,4
8233,7
8234,5
8235,3
8236,6
8237,3
8238,7
8239,3
8240,4
8241,3
8242,3
8243,2
8244,7
8245,2
8246,5
8247,3
8248,8
8249,11
8250,4
8251,1
8252,5
8253,4
8254,10
8255,8
8256,6
8257,7
8258,7
8259,5
8260,6
8261,8
8262,4
8263,2
8264,7
8265,7
8266,6
8267,3
8268,3
8269,3
8270,2
8271,5
8272,5
8273,4
8274,7
8275,4
8276,6
8277,3
8278,5
8279,8
8280,7
8281,3
8282,3
8283,5
8284,1
8285,6
8286,9
8287,6
8288,5
8289,6
8290,5
8291,10
8292,6
8293,3
8294,4
8295,6
8296,8
8297,3
8298,3
8299,6
8300,11
8301,3
8302,6
8303,10
8304,4
8305,3
8306,7
8307,5
8308,6
8309,7
8310,5
8311,3
8312,3
8313,7
8314,7
8315,2
8316,8
8317,5
8318,4
8319,1
8320,6
8321,1
8322,5
8323,8
8324,3
8325,6
8326,3
8327,1
8328,5
8329,3
8330,13
8331,5
8332,5
8333,6
8334,12
8335,5
8336,2
8337,8
8338,5
8339,2
8340,6
8341,3
8342,8
8343,7
8344,3
8345,8
8346,3
8347,4
8348,4
8349,8
8350,4
8351,1
8352,3
8353,7
8354,5
8355,3
8356,1
8357,8
8358,7
8359,7
8360,1
8361,2
8362,4
8363,4
8364,4
8365,8
8366,6
8367,5
8368,3
8369,3
8370,9
8371,5
8372,5
8373,5
8374,4
8375,8
8376,2
8377,5
8378,5
8379,2
8380,4
8381,3
8382,2
8383,3
8384,3
8385,3
8386,3
8387,8
8388,10
8389,4
8390,4
8391,2
8392,2
8393,4
8394,7
8395,5
8396,5
8397,3
8398,2
8399,6
8400,3
8401,4
8402,6
8403,2
8404,1
8405,3
8406,8
8407,7
8408,4
8409,6
8410,6
8411,4
8412,5
8413,5
8414,2
8415,6
8416,4
8417,8
8418,6
8419,5
8420,6
8421,5
8422,6
8423,6
8424,6
8425,7
8426,6
8427,6
8428,4
8429,6
8430,4
8431,3
8432,6
8433,7
8434,5
8435,10
8436,6
8437,13
8438,2
8439,6
8440,7
8441,6
8442,5
8443,5
8444,5
8445,8
8446,3
8447,3
8448,8
8449,6
8450,6
8451,3
8452,4
8453,4
8454,6
8455,5
8456,6
8457,2
8458,6
8459,7
8460,5
8461,4
8462,3
8463,3
8464,2
8465,8
8466,8
8467,5
8468,11
8469,2
8470,11
8471,6
8472,6
8473,3
8474,6
8475,11
8476,4
8477,4
8478,5
8479,2
8480,8
8481,6
8482,2
8483,4
8484,8
8485,9
8486,5
8487,7
8488,4
8489,7
8490,4
8491,7
8492,6
8493,8
8494,7
8495,3
8496,7
8497,6
8498,7
8499,5
8500,4
8501,3
8502,6
8503,2
8504,4
8505,2
8506,8
8507,4
8508,4
8509,8
8510,4
8511,5
8512,3
8513,6
8514,1
8515,4
8516,1
8517,4
8518,4
8519,4
8520,6
8521,5
8522,4
8523,5
8524,6
8525,5
8526,6
8527,7
8528,5
8529,11
8530,7
8531,6
8532,4
8533,3
8534,6
8535,1
8536,6
8537,8
8538,5
8539,7
8540,2
8541,4
8542,3
8543,5
8544,3
8545,8
8546,6
8547,1
8548,7
8549,3
8550,4
8551,7
8552,0
8553,2
8554,11
8555,4
8556,5
8557,2
8558,3
8559,6
8560,8
8561,6
8562,4
8563,10
8564,8
8565,4
8566,2
8567,2
8568,4
8569,1
8570,3
8571,6
8572,5
8573,6
8574,7
8575,4
8576,3
8577,8
8578,1
8579,3
8580,3
8581,7
8582,6
8583,6
8584,3
8585,10
8586,5
8587,6
8588,8
8589,6
8590,5
8591,6
8592,7
8593,4
8594,10
8595,5
8596,6
8597,6
8598,3
8599,9
8600,10
8601,8
8602,5
8603,4
8604,8
8605,4
8606,5
8607,6
8608,2
8609,6
8610,7
8611,4
8612,10
8613,8
8614,5
8615,6
8616,4
8617,8
8618,4
8619,6
8620,5
8621,0
8622,4
8623,5
8624,2
8625,3
8626,8
8627,4
8628,4
8629,8
8630,5
8631,1
8632,6
8633,7
8634,4
8635,4
8636,7
8637,10
8638,9
8639,7
8640,3
8641,4
8642,6
8643,6
8644,8
8645,5
8646,9
8647,8
8648,9
8649,4
8650,2
8651,4
8652,7
8653,6
8654,8
8655,7
8656,5
8657,5
8658,6
8659,9
8660,2
8661,2
8662,5
8663,2
8664,5
8665,3
8666,4
8667,2
8668,5
8669,3
8670,4
8671,3
8672,2
8673,1
8674,5
8675,7
8676,4
8677,2
8678,8
8679,10
8680,5
8681,4
8682,2
8683,5
8684,2
8685,5
8686,8
8687,3
8688,6
8689,3
8690,4
8691,5
8692,1
8693,10
8694,1
8695,4
8696,9
8697,4
8698,2
8699,3
8700,2
8701,1
8702,5
8703,3
8704,11
8705,4
8706,5
8707,7
8708,7
8709,9
8710,6
8711,7
8712,4
8713,5
8714,4
8715,6
8716,2
8717,6
8718,9
8719,6
8720,5
8721,6
8722,5
8723,5
8724,9
8725,9
8726,5
8727,7
8728,8
8729,2
8730,1
8731,2
8732,3
8733,5
8734,3
8735,3
8736,5
8737,6
8738,3
8739,4
8740,4
8741,3
8742,6
8743,4
8744,5
8745,2
8746,6
8747,5
8748,2
8749,4
8750,6
8751,5
8752,12
8753,5
8754,7
8755,6
8756,6
8757,5
8758,3
8759,4
8760,6
8761,5
8762,5
8763,5
8764,10
8765,2
8766,5
8767,9
8768,6
8769,4
8770,4
8771,7
8772,7
8773,7
8774,5
8775,3
8776,6
8777,4
8778,8
8779,4
8780,8
8781,3
8782,10
8783,6
8784,6
8785,3
8786,3
8787,7
8788,5
8789,7
8790,1
8791,9
8792,9
8793,6
8794,6
8795,9
8796,4
8797,4
8798,4
8799,5
8800,5
8801,3
8802,2
8803,5
8804,5
8805,3
8806,7
8807,6
8808,7
8809,5
8810,4
8811,8
8812,5
8813,3
8814,7
8815,5
8816,5
8817,16
8818,6
8819,5
8820,2
8821,4
8822,4
8823,2
8824,3
8825,5
8826,7
8827,6
8828,2
8829,3
8830,2
8831,8
8832,6
8833,6
8834,7
8835,10
8836,6
8837,4
8838,4
8839,5
8840,3
8841,7
8842,3
8843,3
8844,4
8845,5
8846,6
8847,2
8848,3
8849,5
8850,7
8851,11
8852,2
8853,4
8854,3
8855,6
8856,3
8857,3
8858,6
8859,3
8860,5
8861,2
8862,6
8863,5
8864,3
8865,5
8866,4
8867,4
8868,2
8869,4
8870,9
8871,5
8872,4
8873,5
8874,8
8875,3
8876,5
8877,3
8878,6
8879,1
8880,6
8881,9
8882,4
8883,4
8884,3
8885,4
8886,4
8887,3
8888,7
8889,8
8890,4
8891,7
8892,5
8893,7
8894,7
8895,4
8896,3
8897,2
8898,7
8899,2
8900,5
8901,8
8902,7
8903,5
8904,7
8905,4
8906,6
8907,5
8908,4
8909,1
8910,9
8911,4
8912,7
8913,4
8914,5
8915,4
8916,4
8917,2
8918,3
8919,5
8920,3
8921,3
8922,5
8923,7
8924,4
8925,7
8926,3
8927,5
8928,8
8929,6
8930,8
8931,5
8932,6
8933,11
8934,7
8935,6
8936,6
8937,9
8938,2
8939,6
8940,5
8941,1
8942,1
8943,4
8944,5
8945,6
8946,8
8947,1
8948,3
8949,4
8950,7
8951,5
8952,6
8953,2
8954,8
8955,3
8956,6
8957,3
8958,5
8959,7
8960,0
8961,3
8962,4
8963,8
8964,5
8965,3
8966,4
8967,8
8968,8
8969,7
8970,5
8971,7
8972,5
8973,6
8974,3
8975,3
8976,7
8977,7
8978,7
8979,10
8980,2
8981,6
8982,5
8983,4
8984,3
8985,8
8986,4
8987,6
8988,2
8989,6
8990,4
8991,5
8992,1
8993,3
8994,3
8995,4
8996,8
8997,10
8998,8
8999,6
9000,7
9001,4
9002,5
9003,5
9004,2
9005,5
9006,7
9007,2
9008,7
9009,4
9010,3
9011,2
9012,3
9013,6
9014,4
9015,4
9016,6
9017,4
9018,6
9019,11
9020,8
9021,4
9022,5
9023,4
9024,4
9025,3
9026,3
9027,6
9028,4
9029,5
9030,3
9031,3
9032,4
9033,4
9034,6
9035,4
9036,6
9037,9
9038,8
9039,7
9040,4
9041,3
9042,7
9043,3
9044,3
9045,2
9046,4
9047,5
9048,6
9049,0
9050,7
9051,6
9052,2
9053,5
9054,1
9055,5
9056,2
9057,8
9058,6
9059,6
9060,3
9061,6
9062,2
9063,8
9064,1
9065,4
9066,5
9067,7
9068,3
9069,7
9070,8
9071,8
9072,2
9073,6
9074,2
9075,3
9076,3
9077,5
9078,5
9079,3
9080,6
9081,7
9082,7
9083,7
9084,5
9085,7
9086,2
9087,3
9088,6
9089,9
9090,7
9091,4
9092,8
9093,7
9094,2
9095,8
9096,5
9097,3
9098,2
9099,4
9100,7
9101,3
9102,3
9103,5
9104,4
9105,7
9106,0
9107,10
9108,5
9109,3
9110,5
9111,5
9112,5
9113,6
9114,3
9115,3
9116,7
9117,3
9118,4
9119,7
9120,4
9121,4
9122,2
9123,4
9124,3
9125,2
9126,8
9127,6
9128,2
9129,7
9130,6
9131,10
9132,7
9133,10
9134,7
9135,9
9136,9
9137,4
9138,3
9139,3
9140,6
9141,6
9142,2
9143,7
9144,7
9145,2
9146,8
9147,2
9148,3
9149,3
9150,1
9151,5
9152,6
9153,11
9154,5
9155,7
9156,6
9157,4
9158,3
9159,4
9160,2
9161,8
9162,4
9163,3
9164,5
9165,0
9166,4
9167,4
9168,5
9169,6
9170,5
9171,7
9172,8
9173,7
9174,4
9175,4
9176,6
9177,3
9178,5
9179,2
9180,8
9181,4
9182,7
9183,3
9184,5
9185,4
9186,6
9187,7
9188,2
9189,4
9190,7
9191,5
9192,2
9193,1
9194,3
9195,9
9196,5
9197,5
9198,5
9199,5
9200,6
9201,4
9202,3
9203,9
9204,8
9205,6
9206,6
9207,5
9208,8
9209,4
9210,10
9211,6
9212,4
9213,6
9214,2
9215,6
9216,6
9217,4
9218,5
9219,5
9220,4
9221,5
9222,5
9223,2
9224,1
9225,6
9226,5
9227,5
9228,3
9229,2
9230,9
9231,5
9232,2
9233,3
9234,5
9235,4
9236,5
9237,2
9238,7
9239,1
9240,7
9241,8
9242,6
9243,5
9244,3
9245,2
9246,6
9247,5
9248,6
9249,2
9250,2
9251,7
9252,8
9253,8
9254,4
9255,5
9256,2
9257,3
9258,3
9259,6
9260,4
9261,5
9262,6
9263,8
9264,7
9265,3
9266,5
9267,4
9268,4
9269,2
9270,10
9271,7
9272,1
9273,7
9274,2
9275,8
9276,7
9277,6
9278,9
9279,7
9280,5
9281,1
9282,4
9283,4
9284,1
9285,6
9286,3
9287,9
9288,3
9289,7
9290,2
9291,3
9292,4
9293,7
9294,4
9295,5
9296,6
9297,3
9298,2
9299,5
9300,6
9301,1
9302,3
9303,6
9304,9
9305,7
9306,7
9307,5
9308,8
9309,2
9310,6
9311,8
9312,8
9313,4
9314,5
9315,1
9316,2
9317,7
9318,4
9319,4
9320,3
9321,4
9322,4
9323,1
9324,9
9325,6
9326,4
9327,2
9328,3
9329,6
9330,5
9331,4
9332,7
9333,8
9334,4
9335,6
9336,4
9337,5
9338,5
9339,7
9340,2
9341,2
9342,6
9343,6
9344,5
9345,3
9346,6
9347,5
9348,7
9349,1
9350,9
9351,5
9352,3
9353,5
9354,5
9355,8
9356,3
9357,9
9358,5
9359,8
9360,3
9361,6
9362,4
9363,7
9364,8
9365,3
9366,6
9367,5
9368,3
9369,6
9370,7
9371,4
9372,1
9373,4
9374,5
9375,10
9376,4
9377,7
9378,6
9379,2
9380,7
9381,8
9382,6
9383,3
9384,4
9385,4
9386,2
9387,10
9388,7
9389,6
9390,6
9391,5
9392,1
9393,5
9394,5
9395,5
9396,2
9397,1
9398,6
9399,2
9400,7
9401,5
9402,7
9403,6
9404,6
9405,7
9406,3
9407,6
9408,3
9409,6
9410,2
9411,2
9412,4
9413,5
9414,6
9415,2
9416,2
9417,6
9418,4
9419,4
9420,5
9421,5
9422,4
9423,4
9424,7
9425,8
9426,5
9427,5
9428,4
9429,7
9430,8
9431,6
9432,4
9433,6
9434,6
9435,5
9436,4
9437,8
9438,4
9439,7
9440,7
9441,8
9442,3
9443,6
9444,4
9445,4
9446,4
9447,3
9448,4
9449,13
9450,7
9451,6
9452,6
9453,6
9454,5
9455,5
9456,2
9457,5
9458,5
9459,5
9460,7
9461,1
9462,5
9463,3
9464,4
9465,3
9466,6
9467,5
9468,6
9469,9
9470,7
9471,6
9472,7
9473,7
9474,4
9475,3
9476,6
9477,6
9478,5
9479,11
9480,6
9481,2
9482,10
9483,6
9484,3
9485,6
9486,9
9487,4
9488,10
9489,7
9490,4
9491,3
9492,3
9493,6
9494,4
9495,8
9496,7
9497,2
9498,6
9499,7
9500,4
9501,6
9502,7
9503,4
9504,4
9505,4
9506,5
9507,1
9508,8
9509,4
9510,7
9511,4
9512,9
9513,3
9514,4
9515,5
9516,3
9517,5
9518,9
9519,4
9520,4
9521,11
9522,9
9523,3
9524,6
9525,5
9526,6
9527,9
9528,3
9529,5
9530,6
9531,2
9532,7
9533,4
9534,7
9535,8
9536,4
9537,4
9538,7
9539,3
9540,0
9541,8
9542,3
9543,4
9544,7
9545,4
9546,4
9547,4
9548,7
9549,6
9550,3
9551,2
9552,5
9553,8
9554,6
9555,7
9556,11
9557,4
9558,5
9559,3
9560,3
9561,3
9562,5
9563,2
9564,5
9565,5
9566,2
9567,4
9568,4
9569,4
9570,6
9571,7
9572,11
9573,4
9574,7
9575,2
9576,3
9577,2
9578,9
9579,8
9580,4
9581,6
9582,10
9583,7
9584,4
9585,4
9586,7
9587,6
9588,7
9589,7
9590,7
9591,7
9592,6
9593,6
9594,3
9595,4
9596,8
9597,4
9598,8
9599,2
9600,3
9601,3
9602,8
9603,1
9604,8
9605,7
9606,5
9607,6
9608,1
9609,5
9610,5
9611,5
9612,6
9613,3
9614,3
9615,2
9616,5
9617,6
9618,3
9619,5
9620,5
9621,6
9622,3
9623,3
9624,2
9625,5
9626,5
9627,5
9628,5
9629,10
9630,8
9631,3
9632,3
9633,5
9634,6
9635,6
9636,4
9637,6
9638,8
9639,3
9640,7
9641,3
9642,9
9643,4
9644,8
9645,0
9646,3
9647,4
9648,4
9649,5
9650,4
9651,3
9652,6
9653,9
9654,3
9655,6
9656,3
9657,5
9658,2
9659,9
9660,3
9661,3
9662,7
9663,6
9664,4
9665,2
9666,4
9667,3
9668,4
9669,7
9670,6
9671,9
9672,8
9673,5
9674,4
9675,3
9676,2
9677,7
9678,3
9679,9
9680,3
9681,9
9682,7
9683,3
9684,6
9685,9
9686,6
9687,1
9688,5
9689,5
9690,4
9691,9
9692,4
9693,5
9694,6
9695,2
9696,4
9697,7
9698,6
9699,8
9700,4
9701,5
9702,8
9703,6
9704,3
9705,6
9706,2
9707,5
9708,9
9709,10
9710,7
9711,9
9712,3
9713,7
9714,5
9715,9
9716,4
9717,1
9718,8
9719,4
9720,6
9721,2
9722,9
9723,7
9724,4
9725,4
9726,5
9727,3
9728,1
9729,5
9730,7
9731,7
9732,4
9733,7
9734,6
9735,1
9736,3
9737,3
9738,6
9739,5
9740,3
9741,4
9742,4
9743,5
9744,4
9745,3
9746,5
9747,4
9748,4
9749,3
9750,1
9751,4
9752,4
9753,7
9754,3
9755,2
9756,4
9757,11
9758,4
9759,3
9760,6
9761,4
9762,6
9763,6
9764,4
9765,9
9766,2
9767,1
9768,7
9769,7
9770,8
9771,5
9772,7
9773,8
9774,2
9775,5
9776,5
9777,6
9778,3
9779,6
9780,7
9781,5
9782,8
9783,4
9784,2
9785,4
9786,8
9787,4
9788,4
9789,11
9790,2
9791,4
9792,5
9793,12
9794,4
9795,4
9796,6
9797,3
9798,7
9799,4
9800,7
9801,3
9802,3
9803,3
9804,2
9805,6
9806,5
9807,1
9808,7
9809,3
9810,1
9811,5
9812,7
9813,6
9814,8
9815,3
9816,6
9817,2
9818,4
9819,6
9820,5
9821,3
9822,3
9823,3
9824,3
9825,2
9826,3
9827,4
9828,5
9829,7
9830,6
9831,7
9832,2
9833,6
9834,7
9835,3
9836,1
9837,3
9838,8
9839,6
9840,7
9841,6
9842,0
9843,5
9844,7
9845,6
9846,2
9847,3
9848,6
9849,4
9850,5
9851,6
9852,5
9853,8
9854,6
9855,5
9856,3
9857,4
9858,7
9859,6
9860,5
9861,5
9862,4
9863,2
9864,3
9865,7
9866,6
9867,8
9868,7
9869,5
9870,4
9871,6
9872,5
9873,5
9874,6
9875,5
9876,6
9877,5
9878,6
9879,6
9880,4
9881,4
9882,5
9883,6
9884,5
9885,7
9886,9
9887,4
9888,6
9889,4
9890,6
9891,4
9892,6
9893,3
9894,5
9895,5
9896,3
9897,2
9898,5
9899,6
9900,4
9901,4
9902,1
9903,3
9904,5
9905,4
9906,6
9907,3
9908,4
9909,11
9910,8
9911,2
9912,2
9913,4
9914,8
9915,7
9916,5
9917,8
9918,6
9919,4
9920,5
9921,5
9922,4
9923,1
9924,7
9925,5
9926,5
9927,2
9928,1
9929,11
9930,3
9931,3
9932,3
9933,4
9934,2
9935,3
9936,4
9937,4
9938,7
9939,8
9940,4
9941,6
9942,6
9943,3
9944,3
9945,5
9946,4
9947,8
9948,4
9949,4
9950,6
9951,6
9952,7
9953,2
9954,2
9955,3
9956,9
9957,4
9958,4
9959,2
9960,10
9961,3
9962,9
9963,3
9964,5
9965,5
9966,4
9967,6
9968,7
9969,3
9970,6
9971,3
9972,1
9973,3
9974,4
9975,2
9976,6
9977,6
9978,6
9979,6
9980,6
9981,7
9982,5
9983,4
9984,4
9985,6
9986,7
9987,4
9988,3
9989,3
9990,6
9991,5
9992,6
9993,8
9994,5
9995,11
9996,3
9997,2
9998,6
9999,8
10000,4
10001,9
10002,5
10003,10
10004,4
10005,8
10006,5
10007,3
10008,5
10009,3
10010,6
10011,7
10012,7
10013,3
10014,8
10015,3
10016,4
10017,3
10018,7
10019,3
10020,6
10021,5
10022,5
10023,9
10024,7
10025,4
10026,9
10027,5
10028,3
10029,4
10030,5
10031,4
10032,3
10033,5
10034,3
10035,5
10036,5
10037,9
10038,5
10039,3
10040,5
10041,9
10042,3
10043,7
10044,4
10045,3
10046,5
10047,5
10048,6
10049,6
10050,2
10051,4
10052,8
10053,3
10054,4
10055,7
10056,8
10057,8
10058,3
10059,3
10060,9
10061,10
10062,5
10063,6
10064,6
10065,7
10066,2
10067,5
10068,10
10069,11
10070,7
10071,6
10072,6
10073,8
10074,1
10075,6
10076,2
10077,5
10078,3
10079,8
10080,2
10081,5
10082,4
10083,5
10084,5
10085,6
10086,3
10087,4
10088,5
10089,5
10090,5
10091,7
10092,7
10093,9
10094,5
10095,6
10096,4
10097,5
10098,8
10099,8
10100,3
10101,3
10102,7
10103,5
10104,4
10105,4
10106,4
10107,4
10108,4
10109,3
10110,6
10111,2
10112,4
10113,1
10114,7
10115,5
10116,9
10117,4
10118,7
10119,2
10120,3
10121,0
10122,3
10123,9
10124,6
10125,5
10126,5
10127,7
10128,8
10129,1
10130,5
10131,3
10132,3
10133,8
10134,7
10135,3
10136,5
10137,5
10138,3
10139,6
10140,4
10141,7
10142,3
10143,6
10144,3
10145,4
10146,8
10147,2
10148,2
10149,4
10150,6
10151,10
10152,4
10153,6
10154,6
10155,6
10156,5
10157,4
10158,8
10159,8
10160,6
10161,4
10162,9
10163,8
10164,2
10165,4
10166,3
10167,4
10168,8
10169,9
10170,8
10171,5
10172,8
10173,4
10174,0
10175,7
10176,7
10177,3
10178,9
10179,8
10180,3
10181,6
10182,3
10183,2
10184,5
10185,4
10186,7
10187,3
10188,5
10189,1
10190,3
10191,6
10192,5
10193,5
10194,3
10195,3
10196,3
10197,4
10198,4
10199,6
10200,6
10201,5
10202,5
10203,3
10204,4
10205,7
10206,5
10207,10
10208,5
10209,4
10210,4
10211,7
10212,6
10213,8
10214,2
10215,9
10216,4
10217,5
10218,6
10219,7
10220,2
10221,5
10222,0
10223,4
10224,5
10225,5
10226,7
10227,4
10228,7
10229,3
10230,10
10231,4
10232,6
10233,6
10234,8
10235,2
10236,3
10237,5
10238,4
10239,6
10240,5
10241,3
10242,6
10243,3
10244,4
10245,5
10246,5
10247,3
10248,7
10249,4
10250,1
10251,7
10252,3
10253,6
10254,9
10255,1
10256,4
10257,10
10258,4
10259,3
10260,2
10261,5
10262,4
10263,9
10264,7
10265,3
10266,6
10267,6
10268,7
10269,12
10270,3
10271,3
10272,6
10273,4
10274,8
10275,4
10276,3
10277,3
10278,3
10279,6
10280,5
10281,5
10282,2
10283,5
10284,11
10285,2
10286,8
10287,3
10288,4
10289,8
10290,7
10291,8
10292,6
10293,10
10294,4
10295,3
10296,5
10297,4
10298,6
10299,8
10300,6
10301,5
10302,2
10303,4
10304,8
10305,2
10306,9
10307,2
10308,5
10309,4
10310,1
10311,4
10312,7
10313,8
10314,8
10315,7
10316,7
10317,4
10318,5
10319,6
10320,3
10321,2
10322,8
10323,4
10324,4
10325,8
10326,2
10327,4
10328,3
10329,7
10330,4
10331,8
10332,4
10333,3
10334,6
10335,6
10336,11
10337,3
10338,4
10339,5
10340,7
10341,6
10342,4
10343,3
10344,1
10345,4
10346,4
10347,3
10348,4
10349,4
10350,2
10351,3
10352,4
10353,4
10354,5
10355,3
10356,5
10357,7
10358,8
10359,6
10360,2
10361,3
10362,6
10363,12
10364,4
10365,8
10366,9
10367,4
10368,6
10369,5
10370,8
10371,4
10372,6
10373,6
10374,6
10375,3
10376,11
10377,7
10378,9
10379,6
10380,9
10381,3
10382,6
10383,3
10384,1
10385,9
10386,6
10387,5
10388,10
10389,8
10390,2
10391,3
10392,7
10393,5
10394,7
10395,7
10396,2
10397,5
10398,5
10399,7
10400,5
10401,7
10402,7
10403,4
10404,3
10405,5
10406,4
10407,6
10408,4
10409,2
10410,7
10411,7
10412,7
10413,3
10414,9
10415,5
10416,2
10417,9
10418,7
10419,5
10420,7
10421,2
10422,2
10423,4
10424,4
10425,6
10426,7
10427,6
10428,6
10429,6
10430,5
10431,3
10432,4
10433,6
10434,2
10435,9
10436,3
10437,6
10438,7
10439,8
10440,4
10441,10
10442,4
10443,9
10444,4
10445,5
10446,5
10447,4
10448,9
10449,8
10450,3
10451,5
10452,6
10453,2
10454,2
10455,10
10456,11
10457,2
10458,7
10459,7
10460,5
10461,5
10462,8
10463,2
10464,2
10465,8
10466,4
10467,5
10468,5
10469,4
10470,6
10471,5
10472,7
10473,5
10474,6
10475,4
10476,6
10477,7
10478,8
10479,2
10480,6
10481,5
10482,1
10483,7
10484,3
10485,3
10486,3
10487,3
10488,7
10489,5
10490,4
10491,3
10492,5
10493,4
10494,1
10495,3
10496,5
10497,6
10498,4
10499,4
10500,3
10501,2
10502,5
10503,5
10504,6
10505,8
10506,6
10507,6
10508,5
10509,5
10510,8
10511,2
10512,5
10513,4
10514,3
10515,6
10516,5
10517,5
10518,7
10519,4
10520,6
10521,2
10522,4
10523,2
10524,5
10525,2
10526,2
10527,7
10528,6
10529,11
10530,9
10531,1
10532,6
10533,5
10534,4
10535,9
10536,3
10537,4
10538,2
10539,8
10540,4
10541,4
10542,5
10543,4
10544,3
10545,8
10546,6
10547,3
10548,9
10549,6
10550,5
10551,5
10552,4
10553,5
10554,2
10555,6
10556,3
10557,3
10558,4
10559,3
10560,3
10561,8
10562,3
10563,4
10564,7
10565,5
10566,5
10567,3
10568,4
10569,4
10570,9
10571,2
10572,3
10573,5
10574,7
10575,6
10576,4
10577,5
10578,6
10579,4
10580,7
10581,4
10582,3
10583,5
10584,9
10585,5
10586,2
10587,4
10588,12
10589,7
10590,5
10591,8
10592,6
10593,5
10594,6
10595,7
10596,7
10597,6
10598,4
10599,7
10600,8
10601,7
10602,5
10603,4
10604,3
10605,5
10606,6
10607,5
10608,4
10609,5
10610,6
10611,4
10612,3
10613,5
10614,4
10615,0
10616,7
10617,6
10618,4
10619,9
10620,3
10621,3
10622,3
10623,6
10624,5
10625,6
10626,5
10627,6
10628,9
10629,5
10630,10
10631,2
10632,1
10633,4
10634,5
10635,8
10636,4
10637,0
10638,4
10639,8
10640,3
10641,7
10642,5
10643,5
10644,3
10645,4
10646,6
10647,5
10648,5
10649,9
10650,2
10651,2
10652,5
10653,2
10654,6
10655,8
10656,4
10657,3
10658,5
10659,7
10660,5
10661,10
10662,9
10663,6
10664,1
10665,4
10666,6
10667,3
10668,5
10669,4
10670,4
10671,2
10672,8
10673,10
10674,2
10675,6
10676,5
10677,6
10678,6
10679,8
10680,8
10681,5
10682,6
10683,3
10684,0
10685,3
10686,4
10687,6
10688,5
10689,4
10690,3
10691,3
10692,7
10693,5
10694,10
10695,10
10696,6
10697,1
10698,4
10699,10
10700,3
10701,7
10702,6
10703,6
10704,8
10705,2
10706,2
10707,8
10708,5
10709,5
10710,7
10711,0
10712,8
10713,7
10714,6
10715,5
10716,4
10717,5
10718,1
10719,3
10720,4
10721,4
10722,7
10723,3
10724,8
10725,4
10726,2
10727,7
10728,4
10729,6
10730,6
10731,7
10732,10
10733,11
10734,4
10735,7
10736,6
10737,6
10738,3
10739,4
10740,7
10741,4
10742,5
10743,2
10744,6
10745,9
10746,7
10747,8
10748,4
10749,13
10750,3
10751,3
10752,8
10753,6
10754,4
10755,6
10756,10
10757,5
10758,4
10759,6
10760,5
10761,5
10762,3
10763,7
10764,4
10765,4
10766,9
10767,4
10768,6
10769,5
10770,2
10771,4
10772,3
10773,7
10774,5
10775,10
10776,6
10777,7
10778,6
10779,7
10780,5
10781,8
10782,7
10783,3
10784,1
10785,3
10786,7
10787,7
10788,5
10789,3
10790,4
10791,4
10792,2
10793,6
10794,6
10795,7
10796,7
10797,4
10798,7
10799,7
10800,7
10801,6
10802,5
10803,2
10804,2
10805,6
10806,4
10807,5
10808,6
10809,5
10810,5
10811,6
10812,3
10813,4
10814,10
10815,2
10816,4
10817,4
10818,2
10819,5
