3646624,50.0
3646626,50.0
781879,250.0
781878,450.0
3989217,50.0
3646623,50.0
5555522,50.0
782355,950.0
782354,500.0
782357,300.0
782356,12250.0
782351,50.0
782350,300.0
216809,50.0
782352,13750.0
776255,50.0
583180,500.0
3988353,50.0
624654,50.0
3988515,50.0
780553,250.0
3865522,50.0
664116,50.0
3865694,50.0
630880,50.0
3988984,50.0
3988195,50.0
3988451,50.0
627593,50.0
3988275,50.0
3809066,50.0
3989163,50.0
3646617,50.0
3744544,50.0
782225,50.0
771810,50.0
3988976,50.0
781565,50.0
626423,50.0
638926,150.0
3988343,50.0
3868025,50.0
3988347,50.0
3989192,50.0
3865550,50.0
3989195,50.0
3707580,50.0
3864430,50.0
3836552,50.0
3868319,50.0
3646793,50.0
775436,850.0
633739,100.0
3646813,50.0
3646810,50.0
3760595,50.0
782353,50.0
637493,100.0
648599,50.0
716222,50.0
3988248,50.0
3989270,50.0
1848916,50.0
3988962,50.0
3866475,50.0
3743827,50.0
3646806,50.0
3677136,50.0
3988471,50.0
3988377,50.0
3646807,50.0
3988648,50.0
3988373,50.0
3820901,50.0
3868492,50.0
3868367,50.0
639948,50.0
716829,50.0
3988396,50.0
3646804,50.0
3646805,50.0
3761851,50.0
3988390,50.0
3646809,50.0
3988250,50.0
693135,50.0
3988791,50.0
781501,50.0
3753326,50.0
3864483,50.0
782019,50.0
3865370,50.0
3988367,50.0
782291,50.0
1780671,50.0
3988565,50.0
3988717,50.0
3988359,50.0
3867996,50.0
631156,50.0
3646787,50.0
3989311,50.0
778555,750.0
3988226,50.0
5606980,50.0
3988784,50.0
780205,50.0
782097,250.0
626540,150.0
3868173,50.0
3868342,50.0
633864,50.0
780190,250.0
661002,50.0
3867867,50.0
3988622,50.0
3988314,50.0
620812,100.0
620141,50.0
781609,50.0
662635,50.0
3989122,50.0
781631,50.0
781605,50.0
654331,100.0
4742538,50.0
64334,200.0
1315907,50.0
6087873,50.0
3646784,50.0
3988661,50.0
6324705,50.0
3866489,50.0
3868356,50.0
3866847,50.0
679459,50.0
2297413,50.0
52497,100.0
4176495,50.0
781835,300.0
3646789,50.0
3789443,50.0
3989017,50.0
3988149,50.0
3646782,50.0
637126,100.0
781503,50.0
2722014,50.0
6158617,50.0
782238,950.0
3868285,50.0
3988270,50.0
3866532,50.0
3988726,50.0
629167,50.0
3988538,50.0
3646798,50.0
3988604,50.0
1345285,50.0
3988335,50.0
3646791,50.0
2735316,50.0
623516,100.0
3989225,50.0
3646635,50.0
3646634,50.0
3646633,50.0
3988449,50.0
637992,100.0
782100,50.0
782101,50.0
3646639,50.0
3866898,50.0
646450,50.0
666421,50.0
3698148,50.0
781542,150.0
3698900,50.0
4866003,50.0
670117,50.0
3988919,50.0
3988163,50.0
3714726,50.0
3988321,50.0
6174150,50.0
732554,300.0
3863496,50.0
3988993,50.0
3646647,50.0
3646621,50.0
3646801,50.0
782036,100.0
3988615,50.0
