0,0
1,1
2,1
3,2
4,2
5,1
6,3
7,2
8,1
9,1
10,2
11,1
12,2
13,2
14,0
15,2
16,2
17,1
18,1
19,1
20,1
21,3
22,1
23,1
24,0
25,0
26,1
27,2
28,3
29,1
30,2
31,2
32,3
33,3
34,4
35,2
36,2
37,3
38,0
39,1
40,3
41,0
42,2
43,4
44,0
45,5
46,2
47,0
48,2
49,5
50,1
51,3
52,1
53,0
54,0
55,2
56,0
57,1
58,2
59,1
60,4
61,1
62,1
63,0
64,0
65,2
66,1
67,1
68,0
69,1
70,0
71,1
72,0
73,0
74,0
75,1
76,1
77,1
78,2
79,1
80,0
81,0
82,2
83,2
84,2
85,1
86,1
87,0
88,0
89,1
90,2
91,1
92,3
93,1
94,1
95,1
96,2
97,3
98,3
99,3
100,2
101,3
102,1
103,0
104,0
105,2
106,0
107,0
108,0
109,1
110,1
111,2
112,0
113,2
114,0
115,2
116,1
117,2
118,1
119,2
120,2
121,1
122,2
123,2
124,3
125,2
126,1
127,1
128,2
129,1
130,1
131,4
132,2
133,2
134,2
135,1
136,6
137,1
138,2
139,1
140,2
141,1
142,1
143,1
144,2
145,3
146,3
147,0
148,1
149,2
150,0
151,3
152,1
153,3
154,3
155,3
156,2
157,3
158,1
159,3
160,5
161,0
162,1
163,2
164,4
165,0
166,0
167,0
168,1
169,0
170,1
171,0
172,5
173,0
174,0
175,2
176,2
177,0
178,2
179,0
180,0
181,1
182,0
183,2
184,0
185,0
186,3
187,4
188,1
189,4
190,2
191,1
192,1
193,3
194,3
195,2
196,1
197,1
198,1
199,1
200,2
201,1
202,2
203,1
204,3
205,2
206,2
207,2
208,2
209,2
210,3
211,4
212,2
213,2
214,1
215,1
216,4
217,3
218,1
219,0
220,2
221,2
222,0
223,0
224,1
225,2
226,3
227,3
228,2
229,3
230,4
231,0
232,3
233,1
234,0
235,2
236,1
237,3
238,1
239,1
240,3
241,1
242,2
243,7
244,1
245,2
246,0
247,1
248,0
249,1
250,3
251,1
252,1
253,1
254,1
255,1
256,0
257,1
258,0
259,2
260,2
261,0
262,1
263,0
264,2
265,1
266,1
267,0
268,0
269,3
270,1
271,0
272,3
273,1
274,1
275,1
276,1
277,5
278,3
279,0
280,0
281,2
282,1
283,4
284,0
285,3
286,1
287,3
288,2
289,1
290,0
291,2
292,0
293,0
294,2
295,1
296,2
297,3
298,2
299,1
300,1
301,1
302,4
303,1
304,1
305,2
306,2
307,2
308,0
309,1
310,2
311,1
312,1
313,1
314,2
315,3
316,0
317,0
318,2
319,1
320,1
321,3
322,1
323,3
324,4
325,4
326,2
327,4
328,1
329,1
330,0
331,1
332,0
333,0
334,1
335,1
336,1
337,3
338,1
339,1
340,2
341,2
342,3
343,0
344,2
345,0
346,2
347,1
348,2
349,0
350,1
351,2
352,1
353,1
354,3
355,3
356,5
357,6
358,4
359,1
360,3
361,2
362,3
363,1
364,0
365,1
366,2
367,2
368,0
369,0
370,1
371,2
372,1
373,1
374,1
375,3
376,1
377,2
378,2
379,0
380,0
381,1
382,1
383,3
384,2
385,4
386,1
387,1
388,1
389,3
390,0
391,2
392,0
393,3
394,2
395,2
396,2
397,0
398,1
399,3
400,0
401,1
402,1
403,4
404,0
405,2
406,0
407,3
408,2
409,1
410,2
411,0
412,1
413,4
414,0
415,1
416,2
417,0
418,2
419,3
420,1
421,0
422,0
423,3
424,0
425,0
426,1
427,3
428,1
429,4
430,0
431,4
432,1
433,1
434,0
435,1
436,1
437,1
438,2
439,1
440,0
441,0
442,1
443,1
444,2
445,0
446,2
447,0
448,0
449,1
450,3
451,3
452,2
453,1
454,3
455,1
456,1
457,0
458,2
459,1
460,2
461,5
462,2
463,1
464,0
465,3
466,1
467,2
468,2
469,1
470,1
471,3
472,2
473,0
474,0
475,2
476,1
477,1
478,0
479,2
480,0
481,0
482,1
483,2
484,4
485,0
486,1
487,2
488,2
489,0
490,4
491,1
492,6
493,3
494,2
495,3
496,1
497,4
498,2
499,1
500,5
501,2
502,4
503,2
504,1
505,1
506,1
507,1
508,0
509,3
510,1
511,2
512,1
513,2
514,0
515,2
516,0
517,2
518,4
519,0
520,3
521,5
522,2
523,1
524,1
525,0
526,0
527,3
528,1
529,1
530,1
531,3
532,0
533,2
534,2
535,2
536,3
537,3
538,1
539,4
540,0
541,2
542,1
543,1
544,1
545,2
546,0
547,1
548,1
549,1
550,1
551,3
552,3
553,1
554,2
555,1
556,3
557,1
558,0
559,1
560,1
561,3
562,1
563,0
564,2
565,6
566,1
567,4
568,3
569,0
570,2
571,1
572,2
573,1
574,4
575,2
576,1
577,2
578,1
579,1
580,1
581,2
582,1
583,0
584,3
585,1
586,4
587,2
588,2
589,0
590,0
591,2
592,1
593,2
594,6
595,3
596,0
597,5
598,1
599,1
600,1
601,1
602,0
603,3
604,1
605,2
606,0
607,2
608,1
609,3
610,1
611,1
612,1
613,0
614,0
615,1
616,1
617,3
618,2
619,0
620,3
621,1
622,0
623,1
624,2
625,0
626,0
627,1
628,4
629,2
630,3
631,1
632,1
633,2
634,1
635,1
636,0
637,3
638,1
639,1
640,2
641,1
642,0
643,1
644,1
645,0
646,2
647,3
648,1
649,2
650,0
651,1
652,2
653,1
654,0
655,2
656,2
657,1
658,1
659,0
660,1
661,1
662,3
663,4
664,1
665,1
666,1
667,1
668,1
669,0
670,2
671,2
672,1
673,1
674,4
675,0
676,2
677,1
678,2
679,2
680,2
681,1
682,2
683,4
684,2
685,2
686,1
687,2
688,3
689,1
690,1
691,1
692,2
693,4
694,1
695,2
696,1
697,1
698,1
699,3
700,5
701,4
702,2
703,2
704,2
705,0
706,1
707,1
708,2
709,0
710,2
711,0
712,1
713,1
714,0
715,2
716,1
717,2
718,1
719,0
720,0
721,1
722,2
723,4
724,2
725,2
726,2
727,4
728,0
729,0
730,1
731,1
732,3
733,1
734,1
735,1
736,2
737,0
738,1
739,2
740,0
741,4
742,1
743,0
744,2
745,1
746,0
747,5
748,0
749,1
750,2
751,2
752,1
753,2
754,1
755,3
756,2
757,3
758,3
759,1
760,2
761,1
762,0
763,2
764,3
765,1
766,0
767,2
768,3
769,1
770,1
771,3
772,4
773,1
774,0
775,2
776,1
777,1
778,2
779,3
780,1
781,0
782,0
783,1
784,2
785,2
786,3
787,0
788,0
789,3
790,1
791,0
792,2
793,1
794,0
795,0
796,2
797,2
798,1
799,3
800,2
801,0
802,2
803,3
804,3
805,1
806,1
807,5
808,0
809,2
810,1
811,2
812,2
813,1
814,0
815,3
816,1
817,2
818,1
819,3
820,1
821,1
822,0
823,1
824,2
825,1
826,1
827,2
828,2
829,3
830,3
831,3
832,0
833,1
834,2
835,0
836,0
837,2
838,1
839,1
840,0
841,1
842,3
843,1
844,3
845,2
846,2
847,2
848,1
849,2
850,1
851,1
852,3
853,3
854,1
855,4
856,1
857,3
858,1
859,1
860,2
861,2
862,4
863,1
864,3
865,1
866,0
867,2
868,1
869,4
870,1
871,1
872,1
873,0
874,1
875,2
876,1
877,0
878,2
879,0
880,1
881,1
882,1
883,0
884,0
885,1
886,4
887,1
888,0
889,3
890,1
891,1
892,3
893,4
894,0
895,0
896,1
897,0
898,0
899,1
900,2
901,1
902,2
903,2
904,1
905,0
906,3
907,1
908,2
909,1
910,0
911,3
912,0
913,2
914,2
915,2
916,1
917,1
918,5
919,2
920,2
921,1
922,1
923,0
924,3
925,1
926,3
927,3
928,1
929,0
930,3
931,1
932,2
933,0
934,1
935,1
936,3
937,2
938,3
939,1
940,1
941,0
942,1
943,1
944,2
945,0
946,2
947,1
948,2
949,6
950,2
951,0
952,1
953,0
954,1
955,1
956,0
957,2
958,2
959,3
960,2
961,1
962,0
963,2
964,2
965,1
966,1
967,3
968,0
969,1
970,2
971,5
972,3
973,2
974,0
975,0
976,4
977,1
978,0
979,2
980,1
981,2
982,0
983,0
984,1
985,0
986,1
987,2
988,0
989,0
990,2
991,1
992,3
993,3
994,0
995,0
996,1
997,2
998,0
999,1
1000,2
1001,1
1002,1
1003,3
1004,4
1005,3
1006,1
1007,0
1008,1
1009,0
1010,2
1011,0
1012,2
1013,1
1014,2
1015,3
1016,2
1017,1
1018,1
1019,0
1020,1
1021,3
1022,2
1023,4
1024,0
1025,2
1026,1
1027,1
1028,1
1029,1
1030,2
1031,3
1032,0
1033,3
1034,3
1035,0
1036,1
1037,2
1038,5
1039,3
1040,5
1041,0
1042,2
1043,3
1044,1
1045,0
1046,3
1047,6
1048,3
1049,1
1050,1
1051,0
1052,2
1053,3
1054,0
1055,3
1056,0
1057,2
1058,0
1059,2
1060,3
1061,1
1062,2
1063,1
1064,2
1065,1
1066,0
1067,0
1068,1
1069,0
1070,4
1071,2
1072,3
1073,3
1074,2
1075,2
1076,0
1077,1
1078,3
1079,0
1080,3
1081,0
1082,3
1083,1
1084,3
1085,1
1086,2
1087,3
1088,0
1089,0
1090,0
1091,2
1092,0
1093,0
1094,1
1095,0
1096,1
1097,2
1098,1
1099,1
1100,2
1101,1
1102,2
1103,1
1104,3
1105,0
1106,2
1107,0
1108,0
1109,1
1110,2
1111,1
1112,1
1113,0
1114,1
1115,2
1116,3
1117,1
1118,3
1119,2
1120,4
1121,1
1122,2
1123,3
1124,0
1125,1
1126,1
1127,3
1128,1
1129,4
1130,0
1131,1
1132,1
1133,4
1134,0
1135,2
1136,1
1137,0
1138,1
1139,3
1140,0
1141,0
1142,2
1143,2
1144,1
1145,2
1146,2
1147,0
1148,3
1149,1
1150,3
1151,1
1152,1
1153,3
1154,2
1155,3
1156,1
1157,1
1158,3
1159,2
1160,1
1161,1
1162,0
1163,3
1164,1
1165,2
1166,3
1167,0
1168,0
1169,0
1170,2
1171,2
1172,5
1173,1
1174,1
1175,1
1176,0
1177,1
1178,2
1179,1
1180,1
1181,4
1182,2
1183,0
1184,2
1185,3
1186,1
1187,2
1188,2
1189,1
1190,3
1191,0
1192,6
1193,0
1194,1
1195,3
1196,2
1197,3
1198,0
1199,2
1200,2
1201,1
1202,0
1203,2
1204,3
1205,3
1206,1
1207,1
1208,2
1209,3
1210,1
1211,1
1212,3
1213,0
1214,3
1215,2
1216,0
1217,2
1218,4
1219,0
1220,0
1221,2
1222,1
1223,2
1224,0
1225,2
1226,3
1227,1
1228,1
1229,4
1230,1
1231,1
1232,2
1233,1
1234,0
1235,2
1236,0
1237,1
1238,3
1239,1
1240,0
1241,3
1242,2
1243,2
1244,1
1245,0
1246,2
1247,0
1248,0
1249,0
1250,0
1251,0
1252,1
1253,2
1254,1
1255,1
1256,0
1257,4
1258,0
1259,2
1260,1
1261,0
1262,2
1263,0
1264,1
1265,1
1266,0
1267,0
1268,1
1269,1
1270,4
1271,0
1272,0
1273,3
1274,1
1275,0
1276,1
1277,1
1278,1
1279,1
1280,1
1281,0
1282,2
1283,2
1284,1
1285,1
1286,0
1287,6
1288,2
1289,2
1290,3
1291,0
1292,2
1293,2
1294,1
1295,3
1296,1
1297,1
1298,1
1299,3
1300,2
1301,1
1302,0
1303,2
1304,2
1305,0
1306,1
1307,4
1308,7
1309,1
1310,0
1311,2
1312,1
1313,0
1314,2
1315,1
1316,4
1317,1
1318,0
1319,1
1320,1
1321,1
1322,1
1323,1
1324,1
1325,2
1326,1
1327,0
1328,3
1329,5
1330,2
1331,1
1332,1
1333,1
1334,3
1335,0
1336,0
1337,2
1338,3
1339,1
1340,2
1341,0
1342,2
1343,0
1344,3
1345,3
1346,0
1347,0
1348,1
1349,0
1350,4
1351,1
1352,1
1353,2
1354,0
1355,1
1356,3
1357,2
1358,1
1359,0
1360,1
1361,1
1362,2
1363,0
1364,2
1365,2
1366,1
1367,1
1368,2
1369,1
1370,0
1371,0
1372,1
1373,3
1374,1
1375,0
1376,2
1377,4
1378,0
1379,1
1380,0
1381,3
1382,1
1383,1
1384,1
1385,1
1386,0
1387,3
1388,0
1389,1
1390,0
1391,3
1392,0
1393,2
1394,4
1395,2
1396,1
1397,1
1398,4
1399,1
1400,1
1401,1
1402,0
1403,1
1404,0
1405,0
1406,0
1407,3
1408,2
1409,1
1410,0
1411,1
1412,0
1413,2
1414,2
1415,2
1416,0
1417,0
1418,4
1419,0
1420,0
1421,2
1422,1
1423,0
1424,1
1425,3
1426,1
1427,1
1428,3
1429,0
1430,0
1431,1
1432,1
1433,2
1434,3
1435,1
1436,0
1437,4
1438,1
1439,2
1440,3
1441,1
1442,1
1443,1
1444,2
1445,1
1446,0
1447,0
1448,0
1449,2
1450,0
1451,2
1452,0
1453,3
1454,0
1455,0
1456,3
1457,0
1458,5
1459,0
1460,3
1461,4
1462,1
1463,3
1464,3
1465,3
1466,1
1467,3
1468,1
1469,0
1470,0
1471,1
1472,1
1473,1
1474,1
1475,3
1476,2
1477,3
1478,1
1479,3
1480,1
1481,0
1482,0
1483,1
1484,6
1485,2
1486,0
1487,1
1488,1
1489,1
1490,0
1491,2
1492,3
1493,1
1494,1
1495,3
1496,1
1497,4
1498,2
1499,0
1500,0
1501,1
1502,0
1503,0
1504,1
1505,2
1506,1
1507,1
1508,1
1509,0
1510,2
1511,6
1512,0
1513,0
1514,1
1515,1
1516,3
1517,2
1518,3
1519,1
1520,1
1521,3
1522,0
1523,1
1524,2
1525,2
1526,1
1527,0
1528,0
1529,1
1530,2
1531,1
1532,1
1533,1
1534,1
1535,5
1536,4
1537,1
1538,2
1539,4
1540,4
1541,1
1542,3
1543,0
1544,1
1545,1
1546,2
1547,3
1548,0
1549,1
1550,1
1551,1
1552,2
1553,0
1554,1
1555,2
1556,4
1557,2
1558,1
1559,3
1560,1
1561,0
1562,3
1563,0
1564,1
1565,1
1566,2
1567,0
1568,3
1569,0
1570,1
1571,3
1572,0
1573,0
1574,3
1575,1
1576,1
1577,1
1578,2
1579,1
1580,4
1581,3
1582,2
1583,1
1584,4
1585,1
1586,1
1587,1
1588,1
1589,2
1590,3
1591,2
1592,1
1593,1
1594,0
1595,0
1596,0
1597,0
1598,1
1599,1
1600,2
1601,0
1602,4
1603,2
1604,3
1605,2
1606,1
1607,1
1608,1
1609,0
1610,1
1611,2
1612,4
1613,1
1614,4
1615,1
1616,3
1617,1
1618,1
1619,5
1620,3
1621,3
1622,3
1623,1
1624,1
1625,3
1626,1
1627,1
1628,2
1629,1
1630,3
1631,0
1632,1
1633,1
1634,6
1635,2
1636,3
1637,1
1638,2
1639,3
1640,1
1641,1
1642,1
1643,1
1644,2
1645,0
1646,3
1647,0
1648,2
1649,2
1650,2
1651,4
1652,0
1653,4
1654,4
1655,0
1656,1
1657,1
1658,1
1659,4
1660,1
1661,0
1662,1
1663,2
1664,1
1665,1
1666,0
1667,0
1668,1
1669,1
1670,2
1671,1
1672,1
1673,3
1674,1
1675,1
1676,1
1677,2
1678,2
1679,2
1680,0
1681,1
1682,0
1683,1
1684,2
1685,2
1686,1
1687,1
1688,1
1689,2
1690,0
1691,0
1692,0
1693,3
1694,3
1695,2
1696,1
1697,1
1698,1
1699,2
1700,1
1701,4
1702,1
1703,4
1704,1
1705,0
1706,2
1707,1
1708,1
1709,0
1710,1
1711,1
1712,3
1713,3
1714,1
1715,2
1716,1
1717,1
1718,0
1719,0
1720,0
1721,2
1722,1
1723,3
1724,1
1725,0
1726,2
1727,0
1728,2
1729,1
1730,2
1731,2
1732,2
1733,2
1734,1
1735,0
1736,3
1737,3
1738,2
1739,3
1740,2
1741,2
1742,0
1743,2
1744,0
1745,0
1746,1
1747,5
1748,3
1749,2
1750,1
1751,1
1752,0
1753,2
1754,2
1755,2
1756,1
1757,0
1758,2
1759,1
1760,1
1761,3
1762,3
1763,1
1764,3
1765,4
1766,2
1767,3
1768,1
1769,0
1770,3
1771,3
1772,1
1773,1
1774,0
1775,0
1776,1
1777,2
1778,3
1779,1
1780,2
1781,0
1782,2
1783,3
1784,3
1785,3
1786,2
1787,2
1788,1
1789,0
1790,5
1791,3
1792,0
1793,2
1794,2
1795,0
1796,2
1797,0
1798,2
1799,0
1800,0
1801,2
1802,0
1803,0
1804,3
1805,3
1806,0
1807,2
1808,2
1809,2
1810,3
1811,3
1812,2
1813,2
1814,2
1815,2
1816,0
1817,0
1818,2
1819,2
1820,2
1821,1
1822,3
1823,1
1824,2
1825,3
1826,3
1827,1
1828,0
1829,2
1830,0
1831,0
1832,3
1833,0
1834,4
1835,1
1836,0
1837,1
1838,1
1839,3
1840,1
1841,1
1842,4
1843,2
1844,2
1845,1
1846,1
1847,2
1848,2
1849,1
1850,1
1851,1
1852,0
1853,3
1854,1
1855,4
1856,0
1857,1
1858,4
1859,3
1860,1
1861,3
1862,1
1863,2
1864,2
1865,0
1866,0
1867,1
1868,1
1869,2
1870,1
1871,3
1872,1
1873,0
1874,3
1875,0
1876,2
1877,0
1878,1
1879,3
1880,0
1881,1
1882,2
1883,3
1884,0
1885,0
1886,1
1887,1
1888,1
1889,3
1890,3
1891,1
1892,0
1893,0
1894,2
1895,0
1896,1
1897,5
1898,2
1899,3
1900,1
1901,4
1902,2
1903,1
1904,0
1905,1
1906,0
1907,1
1908,1
1909,2
1910,0
1911,3
1912,1
1913,3
1914,1
1915,2
1916,0
1917,5
1918,1
1919,2
1920,3
1921,1
1922,3
1923,1
1924,4
1925,0
1926,1
1927,3
1928,1
1929,0
1930,1
1931,0
1932,0
1933,1
1934,0
1935,1
1936,0
1937,0
1938,2
1939,0
1940,1
1941,4
1942,3
1943,2
1944,2
1945,0
1946,0
1947,3
1948,5
1949,1
1950,3
1951,1
1952,1
1953,0
1954,1
1955,1
1956,3
1957,1
1958,2
1959,0
1960,2
1961,1
1962,5
1963,2
1964,0
1965,2
1966,2
1967,4
1968,1
1969,2
1970,1
1971,0
1972,0
1973,1
1974,1
1975,1
1976,1
1977,1
1978,2
1979,2
1980,1
1981,1
1982,2
1983,1
1984,2
1985,2
1986,1
1987,3
1988,2
1989,1
1990,3
1991,2
1992,4
1993,2
1994,1
1995,1
1996,3
1997,0
1998,4
1999,1
2000,2
2001,3
2002,0
2003,1
2004,3
2005,2
2006,1
2007,2
2008,2
2009,2
2010,1
2011,2
2012,1
2013,3
2014,0
2015,2
2016,1
2017,0
2018,0
2019,0
2020,3
2021,3
2022,2
2023,2
2024,1
2025,2
2026,1
2027,1
2028,0
2029,1
2030,2
2031,0
2032,1
2033,1
2034,4
2035,0
2036,0
2037,2
2038,0
2039,3
2040,2
2041,1
2042,3
2043,2
2044,2
2045,1
2046,2
2047,2
2048,1
2049,2
2050,1
2051,1
2052,1
2053,3
2054,2
2055,1
2056,2
2057,3
2058,1
2059,2
2060,2
2061,3
2062,3
2063,1
2064,1
2065,2
2066,2
2067,1
2068,1
2069,2
2070,3
2071,1
2072,1
2073,0
2074,2
2075,1
2076,2
2077,1
2078,1
2079,3
2080,0
2081,1
2082,2
2083,2
2084,0
2085,3
2086,1
2087,1
2088,1
2089,2
2090,2
2091,2
2092,0
2093,0
2094,3
2095,0
2096,0
2097,3
2098,2
2099,5
2100,2
2101,0
2102,0
2103,2
2104,1
2105,1
2106,0
2107,2
2108,1
2109,0
2110,3
2111,0
2112,4
2113,0
2114,2
2115,2
2116,1
2117,2
2118,4
2119,1
2120,0
2121,3
2122,0
2123,2
2124,0
2125,2
2126,0
2127,4
2128,1
2129,0
2130,0
2131,1
2132,0
2133,0
2134,1
2135,2
2136,1
2137,4
2138,4
2139,0
2140,2
2141,2
2142,2
2143,3
2144,1
2145,2
2146,1
2147,0
2148,3
2149,4
2150,1
2151,1
2152,0
2153,0
2154,2
2155,1
2156,1
2157,0
2158,1
2159,1
2160,4
2161,2
2162,1
2163,1
2164,3
2165,1
2166,1
2167,1
2168,1
2169,1
2170,5
2171,1
2172,2
2173,1
2174,4
2175,2
2176,1
2177,2
2178,0
2179,1
2180,1
2181,1
2182,0
2183,0
2184,2
2185,3
2186,1
2187,2
2188,1
2189,1
2190,2
2191,1
2192,1
2193,2
2194,2
2195,0
2196,1
2197,3
2198,4
2199,1
2200,4
2201,4
2202,1
2203,1
2204,2
2205,1
2206,0
2207,0
2208,1
2209,2
2210,1
2211,0
2212,0
2213,3
2214,2
2215,2
2216,2
2217,5
2218,1
2219,2
2220,1
2221,2
2222,2
2223,4
2224,0
2225,2
2226,1
2227,0
2228,2
2229,2
2230,1
2231,1
2232,3
2233,2
2234,2
2235,2
2236,0
2237,1
2238,3
2239,0
2240,3
2241,2
2242,3
2243,1
2244,2
2245,3
2246,1
2247,0
2248,1
2249,1
2250,0
2251,2
2252,2
2253,0
2254,0
2255,5
2256,0
2257,1
2258,0
2259,0
2260,0
2261,2
2262,1
2263,1
2264,1
2265,1
2266,1
2267,2
2268,1
2269,2
2270,4
2271,3
2272,3
2273,1
2274,3
2275,5
2276,1
2277,1
2278,2
2279,0
2280,2
2281,1
2282,4
2283,1
2284,2
2285,0
2286,4
2287,1
2288,2
2289,2
2290,0
2291,2
2292,2
2293,1
2294,0
2295,1
2296,2
2297,2
2298,1
2299,2
2300,1
2301,2
2302,3
2303,1
2304,0
2305,3
2306,0
2307,1
2308,3
2309,1
2310,2
2311,0
2312,5
2313,1
2314,2
2315,1
2316,6
2317,2
2318,0
2319,0
2320,2
2321,0
2322,1
2323,5
2324,4
2325,0
2326,1
2327,1
2328,3
2329,0
2330,3
2331,1
2332,1
2333,5
2334,1
2335,4
2336,1
2337,0
2338,1
2339,0
2340,2
2341,2
2342,2
2343,2
2344,3
2345,1
2346,1
2347,2
2348,0
2349,0
2350,0
2351,3
2352,0
2353,3
2354,2
2355,2
2356,1
2357,2
2358,2
2359,2
2360,3
2361,3
2362,4
2363,0
2364,3
2365,2
2366,1
2367,2
2368,3
2369,1
2370,0
2371,0
2372,4
2373,2
2374,2
2375,0
2376,3
2377,1
2378,1
2379,1
2380,1
2381,4
2382,2
2383,2
2384,1
2385,2
2386,2
2387,3
2388,0
2389,4
2390,3
2391,2
2392,2
2393,1
2394,1
2395,1
2396,2
2397,0
2398,1
2399,1
2400,0
2401,2
2402,0
2403,3
2404,1
2405,3
2406,1
2407,2
2408,3
2409,2
2410,2
2411,2
2412,1
2413,2
2414,3
2415,0
2416,1
2417,0
2418,2
2419,2
2420,2
2421,1
2422,3
2423,2
2424,1
2425,1
2426,4
2427,2
2428,1
2429,0
2430,0
2431,2
2432,1
2433,0
2434,1
2435,2
2436,1
2437,3
2438,0
2439,2
2440,1
2441,1
2442,3
2443,2
2444,3
2445,3
2446,2
2447,1
2448,0
2449,1
2450,1
2451,2
2452,2
2453,0
2454,1
2455,3
2456,1
2457,0
2458,3
2459,2
2460,0
2461,1
2462,2
2463,1
2464,1
2465,3
2466,2
2467,2
2468,1
2469,0
2470,2
2471,1
2472,1
2473,0
2474,2
2475,2
2476,0
2477,1
2478,1
2479,4
2480,2
2481,1
2482,3
2483,0
2484,1
2485,3
2486,2
2487,1
2488,1
2489,1
2490,2
2491,1
2492,0
2493,2
2494,2
2495,0
2496,3
2497,1
2498,0
2499,1
2500,0
2501,1
2502,2
2503,1
2504,3
2505,1
2506,3
2507,0
2508,3
2509,1
2510,1
2511,2
2512,1
2513,0
2514,1
2515,1
2516,1
2517,0
2518,1
2519,0
2520,1
2521,1
2522,1
2523,2
2524,0
2525,1
2526,1
2527,3
2528,3
2529,0
2530,2
2531,2
2532,2
2533,3
2534,1
2535,1
2536,1
2537,0
2538,1
2539,1
2540,1
2541,2
2542,3
2543,2
2544,2
2545,1
2546,1
2547,1
2548,0
2549,1
2550,3
2551,2
2552,1
2553,0
2554,2
2555,1
2556,5
2557,3
2558,1
2559,3
2560,1
2561,5
2562,3
2563,4
2564,3
2565,2
2566,1
2567,1
2568,0
2569,3
2570,4
2571,2
2572,1
2573,1
2574,1
2575,1
2576,1
2577,1
2578,0
2579,3
2580,4
2581,3
2582,1
2583,0
2584,2
2585,1
2586,0
2587,1
2588,1
2589,0
2590,0
2591,1
2592,1
2593,0
2594,1
2595,1
2596,1
2597,0
2598,2
2599,1
2600,1
2601,1
2602,1
2603,1
2604,1
2605,0
2606,1
2607,0
2608,1
2609,0
2610,2
2611,3
2612,3
2613,1
2614,0
2615,1
2616,3
2617,2
2618,1
2619,2
2620,0
2621,2
2622,1
2623,0
2624,3
2625,1
2626,0
2627,4
2628,3
2629,0
2630,6
2631,1
2632,3
2633,1
2634,1
2635,1
2636,2
2637,2
2638,4
2639,0
2640,1
2641,1
2642,3
2643,0
2644,4
2645,0
2646,1
2647,4
2648,1
2649,0
2650,1
2651,2
2652,0
2653,2
2654,3
2655,2
2656,3
2657,2
2658,2
2659,1
2660,2
2661,0
2662,1
2663,0
2664,1
2665,1
2666,3
2667,1
2668,1
2669,0
2670,1
2671,1
2672,3
2673,1
2674,2
2675,3
2676,1
2677,0
2678,1
2679,1
2680,3
2681,0
2682,3
2683,1
2684,1
2685,1
2686,0
2687,2
2688,3
2689,5
2690,1
2691,1
2692,2
2693,1
2694,1
2695,2
2696,1
2697,1
2698,2
2699,1
2700,0
2701,1
2702,2
2703,1
2704,3
2705,1
2706,1
2707,0
2708,0
2709,2
2710,2
2711,2
2712,1
2713,0
2714,0
2715,1
2716,3
2717,4
2718,2
2719,3
2720,2
2721,1
2722,0
2723,0
2724,1
2725,1
2726,3
2727,1
2728,3
2729,1
2730,0
2731,1
2732,0
2733,5
2734,3
2735,2
2736,2
2737,1
2738,4
2739,3
2740,0
2741,2
2742,0
2743,2
2744,1
2745,1
2746,1
2747,1
2748,5
2749,2
2750,3
2751,2
2752,0
2753,1
2754,2
2755,0
2756,3
2757,0
2758,1
2759,2
2760,1
2761,2
2762,0
2763,1
2764,2
2765,1
2766,1
2767,1
2768,1
2769,1
2770,1
2771,3
2772,2
2773,3
2774,3
2775,2
2776,4
2777,1
2778,1
2779,1
2780,0
2781,0
2782,1
2783,2
2784,3
2785,1
2786,3
2787,3
2788,5
2789,2
2790,0
2791,3
2792,3
2793,1
2794,1
2795,2
2796,4
2797,1
2798,1
2799,1
2800,0
2801,0
2802,4
2803,3
2804,1
2805,1
2806,1
2807,1
2808,1
2809,0
2810,1
2811,0
2812,2
2813,2
2814,1
2815,1
2816,2
2817,3
2818,2
2819,1
2820,0
2821,0
2822,0
2823,4
2824,1
2825,2
2826,2
2827,2
2828,4
2829,2
2830,0
2831,2
2832,3
2833,2
2834,1
2835,1
2836,0
2837,1
2838,1
2839,1
2840,0
2841,2
2842,0
2843,0
2844,0
2845,0
2846,1
2847,1
2848,0
2849,0
2850,3
2851,3
2852,1
2853,0
2854,2
2855,0
2856,1
2857,0
2858,1
2859,2
2860,0
2861,2
2862,0
2863,3
2864,1
2865,2
2866,2
2867,2
2868,1
2869,0
2870,1
2871,0
2872,1
2873,2
2874,2
2875,4
2876,0
2877,0
2878,1
2879,3
2880,2
2881,3
2882,1
2883,0
2884,2
2885,0
2886,1
2887,1
2888,1
2889,2
2890,1
2891,3
2892,2
2893,1
2894,2
2895,4
2896,3
2897,1
2898,2
2899,2
2900,1
2901,0
2902,2
2903,1
2904,0
2905,0
2906,1
2907,0
2908,3
2909,3
2910,0
2911,0
2912,1
2913,2
2914,0
2915,3
2916,3
2917,1
2918,1
2919,2
2920,1
2921,0
2922,6
2923,4
2924,0
2925,1
2926,0
2927,2
2928,2
2929,3
2930,0
2931,0
2932,1
2933,3
2934,1
2935,1
2936,3
2937,2
2938,0
2939,0
2940,0
2941,4
2942,2
2943,1
2944,2
2945,1
2946,1
2947,1
2948,0
2949,0
2950,2
2951,6
2952,1
2953,3
2954,2
2955,3
2956,5
2957,3
2958,0
2959,2
2960,2
2961,1
2962,1
2963,1
2964,2
2965,0
2966,3
2967,0
2968,0
2969,0
2970,1
2971,0
2972,1
2973,2
2974,1
2975,0
2976,3
2977,0
2978,0
2979,0
2980,1
2981,2
2982,2
2983,2
2984,0
2985,3
2986,1
2987,4
2988,1
2989,1
2990,0
2991,2
2992,4
2993,1
2994,0
2995,0
2996,1
2997,3
2998,1
2999,1
3000,1
3001,5
3002,4
3003,0
3004,1
3005,1
3006,2
3007,1
3008,1
3009,4
3010,1
3011,0
3012,3
3013,0
3014,5
3015,1
3016,3
3017,1
3018,1
3019,0
3020,2
3021,2
3022,4
3023,3
3024,0
3025,0
3026,0
3027,2
3028,1
3029,1
3030,2
3031,0
3032,1
3033,1
3034,0
3035,4
3036,0
3037,1
3038,4
3039,1
3040,3
3041,1
3042,2
3043,0
3044,1
3045,1
3046,2
3047,3
3048,0
3049,3
3050,3
3051,3
3052,1
3053,2
3054,2
3055,2
3056,1
3057,1
3058,2
3059,2
3060,4
3061,1
3062,2
3063,2
3064,0
3065,2
3066,1
3067,3
3068,2
3069,0
3070,1
3071,1
3072,0
3073,0
3074,1
3075,0
3076,1
3077,2
3078,3
3079,1
3080,1
3081,2
3082,2
3083,1
3084,2
3085,2
3086,3
3087,3
3088,2
3089,0
3090,0
3091,1
3092,0
3093,0
3094,1
3095,1
3096,2
3097,0
3098,1
3099,1
3100,1
3101,0
3102,0
3103,0
3104,0
3105,2
3106,3
3107,3
3108,1
3109,2
3110,0
3111,1
3112,0
3113,0
3114,3
3115,3
3116,3
3117,6
3118,0
3119,1
3120,0
3121,0
3122,5
3123,0
3124,2
3125,1
3126,3
3127,1
3128,1
3129,1
3130,0
3131,0
3132,1
3133,0
3134,1
3135,2
3136,2
3137,0
3138,3
3139,3
3140,1
3141,5
3142,0
3143,3
3144,2
3145,2
3146,1
3147,0
3148,1
3149,2
3150,2
3151,1
3152,0
3153,1
3154,1
3155,1
3156,2
3157,2
3158,1
3159,0
3160,4
3161,1
3162,2
3163,4
3164,1
3165,1
3166,0
3167,0
3168,0
3169,1
3170,2
3171,0
3172,1
3173,0
3174,0
3175,2
3176,1
3177,4
3178,2
3179,2
3180,3
3181,0
3182,1
3183,1
3184,2
3185,1
3186,1
3187,1
3188,2
3189,1
3190,1
3191,2
3192,3
3193,1
3194,2
3195,2
3196,0
3197,1
3198,1
3199,1
3200,0
3201,0
3202,2
3203,3
3204,0
3205,1
3206,2
3207,1
3208,0
3209,1
3210,2
3211,2
3212,2
3213,2
3214,5
3215,2
3216,0
3217,1
3218,6
3219,2
3220,1
3221,2
3222,0
3223,2
3224,1
3225,0
3226,1
3227,1
3228,1
3229,3
3230,2
3231,2
3232,2
3233,2
3234,1
3235,1
3236,2
3237,1
3238,1
3239,1
3240,1
3241,2
3242,1
3243,1
3244,1
3245,1
3246,0
3247,1
3248,4
3249,0
3250,1
3251,0
3252,0
3253,2
3254,2
3255,0
3256,1
3257,1
3258,1
3259,0
3260,3
3261,2
3262,0
3263,2
3264,1
3265,1
3266,3
3267,1
3268,3
3269,2
3270,3
3271,0
3272,2
3273,1
3274,2
3275,7
3276,0
3277,0
3278,0
3279,0
3280,1
3281,1
3282,1
3283,0
3284,2
3285,1
3286,0
3287,2
3288,0
3289,1
3290,2
3291,1
3292,1
3293,1
3294,1
3295,1
3296,2
3297,4
3298,1
3299,3
3300,3
3301,1
3302,1
3303,2
3304,2
3305,1
3306,2
3307,1
3308,4
3309,0
3310,2
3311,0
3312,0
3313,0
3314,1
3315,0
3316,1
3317,0
3318,2
3319,0
3320,1
3321,1
3322,1
3323,2
3324,2
3325,4
3326,2
3327,3
3328,4
3329,2
3330,0
3331,3
3332,2
3333,0
3334,0
3335,3
3336,4
3337,0
3338,1
3339,3
3340,2
3341,0
3342,2
3343,1
3344,0
3345,0
3346,3
3347,0
3348,0
3349,2
3350,0
3351,3
3352,0
3353,1
3354,1
3355,4
3356,0
3357,2
3358,1
3359,4
3360,2
3361,1
3362,2
3363,0
3364,2
3365,4
3366,0
3367,1
3368,1
3369,1
3370,0
3371,1
3372,0
3373,0
3374,1
3375,3
3376,2
3377,1
3378,1
3379,0
3380,0
3381,0
3382,0
3383,1
3384,1
3385,2
3386,0
3387,3
3388,2
3389,2
3390,0
3391,3
3392,1
3393,2
3394,2
3395,0
3396,2
3397,2
3398,2
3399,2
3400,2
3401,1
3402,0
3403,1
3404,2
3405,3
3406,2
3407,1
3408,2
3409,0
3410,0
3411,1
3412,1
3413,2
3414,3
3415,2
3416,1
3417,1
3418,2
3419,2
3420,2
3421,0
3422,2
3423,1
3424,3
3425,4
3426,2
3427,0
3428,1
3429,2
3430,2
3431,3
3432,0
3433,1
3434,1
3435,2
3436,0
3437,2
3438,1
3439,0
3440,3
3441,1
3442,0
3443,3
3444,3
3445,1
3446,1
3447,1
3448,2
3449,2
3450,1
3451,2
3452,1
3453,2
3454,2
3455,4
3456,2
3457,1
3458,2
3459,1
3460,2
3461,1
3462,1
3463,1
3464,6
3465,3
3466,3
3467,1
3468,2
3469,1
3470,0
3471,1
3472,3
3473,0
3474,1
3475,0
3476,0
3477,1
3478,3
3479,0
3480,0
3481,4
3482,1
3483,0
3484,1
3485,2
3486,2
3487,0
3488,2
3489,5
3490,2
3491,1
3492,1
3493,0
3494,1
3495,1
3496,4
3497,3
3498,0
3499,4
3500,1
3501,3
3502,2
3503,2
3504,3
3505,1
3506,4
3507,2
3508,1
3509,1
3510,3
3511,1
3512,1
3513,2
3514,1
3515,3
3516,4
3517,3
3518,2
3519,5
3520,2
3521,1
3522,1
3523,2
3524,2
3525,2
3526,3
3527,1
3528,1
3529,4
3530,3
3531,1
3532,0
3533,3
3534,0
3535,1
3536,0
3537,0
3538,2
3539,1
3540,1
3541,3
3542,0
3543,5
3544,1
3545,0
3546,1
3547,1
3548,4
3549,0
3550,4
3551,2
3552,3
3553,3
3554,0
3555,2
3556,3
3557,3
3558,0
3559,2
3560,1
3561,1
3562,3
3563,1
3564,2
3565,2
3566,2
3567,1
3568,2
3569,2
3570,1
3571,0
3572,3
3573,2
3574,2
3575,1
3576,1
3577,2
3578,1
3579,0
3580,1
3581,1
3582,0
3583,0
3584,3
3585,2
3586,2
3587,1
3588,1
3589,2
3590,1
3591,1
3592,3
3593,2
3594,2
3595,1
3596,1
3597,0
3598,1
3599,1
3600,2
3601,3
3602,1
3603,1
3604,1
3605,0
3606,1
3607,4
3608,1
3609,1
3610,1
3611,3
3612,0
3613,2
3614,3
3615,1
3616,2
3617,2
3618,0
3619,1
3620,2
3621,2
3622,1
3623,0
3624,3
3625,2
3626,1
3627,1
3628,0
3629,0
3630,0
3631,3
3632,3
3633,1
3634,0
3635,2
3636,1
3637,1
3638,1
3639,0
3640,2
3641,1
3642,3
3643,2
3644,0
3645,2
3646,1
3647,0
3648,3
3649,3
3650,0
3651,1
3652,1
3653,1
3654,1
3655,0
3656,1
3657,4
3658,3
3659,1
3660,2
3661,4
3662,0
3663,2
3664,2
3665,0
3666,1
3667,0
3668,1
3669,4
3670,1
3671,1
3672,1
3673,1
3674,1
3675,1
3676,1
3677,2
3678,0
3679,4
3680,2
3681,2
3682,1
3683,0
3684,3
3685,2
3686,2
3687,1
3688,3
3689,2
3690,1
3691,2
3692,4
3693,1
3694,3
3695,0
3696,1
3697,3
3698,1
3699,3
3700,2
3701,0
3702,1
3703,2
3704,2
3705,1
3706,1
3707,0
3708,3
3709,3
3710,1
3711,0
3712,3
3713,1
3714,2
3715,2
3716,2
3717,0
3718,0
3719,3
3720,1
3721,1
3722,2
3723,0
3724,2
3725,8
3726,2
3727,2
3728,1
3729,1
3730,0
3731,2
3732,0
3733,3
3734,1
3735,1
3736,1
3737,3
3738,2
3739,0
3740,2
3741,1
3742,2
3743,2
3744,1
3745,2
3746,0
3747,0
3748,2
3749,2
3750,2
3751,0
3752,1
3753,2
3754,0
3755,1
3756,1
3757,3
3758,0
3759,4
3760,2
3761,1
3762,4
3763,3
3764,4
3765,3
3766,1
3767,1
3768,1
3769,2
3770,1
3771,2
3772,1
3773,2
3774,0
3775,0
3776,2
3777,1
3778,1
3779,1
3780,2
3781,2
3782,1
3783,2
3784,0
3785,1
3786,1
3787,3
3788,2
3789,2
3790,2
3791,0
3792,3
3793,0
3794,3
3795,1
3796,1
3797,1
3798,1
3799,0
3800,0
3801,2
3802,1
3803,2
3804,1
3805,2
3806,0
3807,0
3808,1
3809,2
3810,0
3811,2
3812,1
3813,3
3814,0
3815,1
3816,0
3817,1
3818,2
3819,0
3820,0
3821,2
3822,3
3823,2
3824,1
3825,0
3826,3
3827,1
3828,1
3829,0
3830,2
3831,2
3832,0
3833,0
3834,0
3835,0
3836,1
3837,3
3838,0
3839,2
3840,1
3841,2
3842,0
3843,2
3844,2
3845,1
3846,3
3847,2
3848,2
3849,1
3850,0
3851,0
3852,0
3853,0
3854,1
3855,4
3856,0
3857,0
3858,0
3859,3
3860,2
3861,2
3862,1
3863,0
3864,1
3865,2
3866,2
3867,3
3868,0
3869,3
3870,1
3871,3
3872,1
3873,4
3874,2
3875,3
3876,2
3877,1
3878,2
3879,2
3880,3
3881,1
3882,0
3883,0
3884,2
3885,1
3886,1
3887,3
3888,1
3889,2
3890,5
3891,1
3892,2
3893,0
3894,1
3895,3
3896,3
3897,3
3898,2
3899,0
3900,2
3901,0
3902,5
3903,2
3904,1
3905,1
3906,0
3907,3
3908,1
3909,2
3910,0
3911,1
3912,0
3913,2
3914,1
3915,1
3916,1
3917,0
3918,5
3919,1
3920,0
3921,2
3922,3
3923,0
3924,1
3925,1
3926,1
3927,1
3928,2
3929,3
3930,3
3931,4
3932,0
3933,4
3934,0
3935,2
3936,1
3937,1
3938,2
3939,2
3940,0
3941,1
3942,2
3943,0
3944,2
3945,2
3946,2
3947,0
3948,4
3949,5
3950,1
3951,2
3952,1
3953,4
3954,2
3955,1
3956,1
3957,3
3958,1
3959,1
3960,1
3961,1
3962,3
3963,0
3964,0
3965,1
3966,1
3967,2
3968,1
3969,5
3970,0
3971,3
3972,4
3973,2
3974,0
3975,0
3976,1
3977,3
3978,2
3979,3
3980,3
3981,4
3982,2
3983,4
3984,2
3985,3
3986,1
3987,1
3988,2
3989,1
3990,1
3991,1
3992,0
3993,1
3994,0
3995,3
3996,1
3997,0
3998,0
3999,3
4000,3
4001,4
4002,2
4003,0
4004,2
4005,1
4006,4
4007,3
4008,2
4009,1
4010,2
4011,3
4012,0
4013,1
4014,1
4015,1
4016,3
4017,2
4018,1
4019,1
4020,1
4021,2
4022,0
4023,3
4024,0
4025,1
4026,1
4027,0
4028,3
4029,2
4030,0
4031,1
4032,3
4033,2
4034,4
4035,0
4036,0
4037,4
4038,3
4039,1
4040,1
4041,1
4042,3
4043,0
4044,0
4045,1
4046,3
4047,2
4048,2
4049,2
4050,0
4051,1
4052,0
4053,0
4054,1
4055,1
4056,0
4057,3
4058,1
4059,4
4060,1
4061,1
4062,1
4063,0
4064,2
4065,1
4066,4
4067,1
4068,2
4069,1
4070,2
4071,0
4072,1
4073,1
4074,2
4075,2
4076,1
4077,1
4078,4
4079,1
4080,0
4081,0
4082,2
4083,1
4084,3
4085,1
4086,3
4087,3
4088,0
4089,1
4090,3
4091,1
4092,2
4093,4
4094,1
4095,1
4096,1
4097,3
4098,1
4099,2
4100,1
4101,2
4102,2
4103,3
4104,2
4105,1
4106,2
4107,0
4108,1
4109,1
4110,1
4111,0
4112,2
4113,2
4114,1
4115,1
4116,3
4117,2
4118,2
4119,2
4120,0
4121,2
4122,1
4123,0
4124,2
4125,1
4126,1
4127,2
4128,2
4129,3
4130,3
4131,6
4132,1
4133,2
4134,0
4135,4
4136,3
4137,1
4138,1
4139,2
4140,0
4141,3
4142,1
4143,1
4144,1
4145,3
4146,2
4147,1
4148,0
4149,2
4150,2
4151,0
4152,1
4153,2
4154,2
4155,0
4156,2
4157,2
4158,2
4159,1
4160,1
4161,1
4162,3
4163,1
4164,2
4165,0
4166,0
4167,0
4168,1
4169,1
4170,1
4171,1
4172,1
4173,4
4174,2
4175,4
4176,2
4177,0
4178,2
4179,4
4180,1
4181,0
4182,0
4183,2
4184,1
4185,1
4186,3
4187,1
4188,1
4189,1
4190,0
4191,2
4192,2
4193,1
4194,1
4195,3
4196,4
4197,1
4198,2
4199,1
4200,0
4201,0
4202,1
4203,0
4204,0
4205,1
4206,0
4207,1
4208,3
4209,0
4210,2
4211,4
4212,0
4213,1
4214,4
4215,4
4216,1
4217,0
4218,4
4219,1
4220,3
4221,1
4222,0
4223,0
4224,0
4225,3
4226,1
4227,1
4228,1
4229,1
4230,0
4231,1
4232,2
4233,4
4234,1
4235,2
4236,1
4237,4
4238,0
4239,0
4240,2
4241,0
4242,4
4243,0
4244,2
4245,0
4246,1
4247,3
4248,2
4249,2
4250,2
4251,3
4252,2
4253,2
4254,1
4255,3
4256,0
4257,0
4258,0
4259,0
4260,2
4261,1
4262,0
4263,0
4264,2
4265,1
4266,1
4267,1
4268,2
4269,2
4270,0
4271,2
4272,3
4273,3
4274,3
4275,3
4276,0
4277,2
4278,3
4279,3
4280,1
4281,3
4282,0
4283,2
4284,0
4285,1
4286,2
4287,2
4288,1
4289,0
4290,4
4291,1
4292,0
4293,2
4294,2
4295,3
4296,2
4297,3
4298,0
4299,1
4300,1
4301,2
4302,4
4303,4
4304,3
4305,5
4306,2
4307,0
4308,2
4309,1
4310,0
4311,2
4312,1
4313,2
4314,1
4315,1
4316,2
4317,0
4318,3
4319,0
4320,1
4321,4
4322,0
4323,1
4324,2
4325,2
4326,0
4327,0
4328,1
4329,0
4330,1
4331,0
4332,2
4333,3
4334,0
4335,1
4336,1
4337,0
4338,0
4339,0
4340,0
4341,3
4342,4
4343,5
4344,0
4345,2
4346,2
4347,3
4348,2
4349,2
4350,0
4351,1
4352,0
4353,1
4354,2
4355,1
4356,2
4357,2
4358,3
4359,1
4360,1
4361,1
4362,4
4363,2
4364,2
4365,3
4366,4
4367,2
4368,1
4369,3
4370,0
4371,2
4372,0
4373,1
4374,1
4375,2
4376,0
4377,0
4378,2
4379,0
4380,2
4381,0
4382,2
4383,1
4384,1
4385,0
4386,4
4387,0
4388,3
4389,1
4390,2
4391,3
4392,1
4393,1
4394,1
4395,1
4396,1
4397,2
4398,4
4399,0
4400,4
4401,1
4402,2
4403,1
4404,3
4405,4
4406,1
4407,1
4408,1
4409,1
4410,3
4411,3
4412,1
4413,1
4414,2
4415,0
4416,2
4417,2
4418,1
4419,4
4420,1
4421,1
4422,2
4423,3
4424,2
4425,3
4426,5
4427,0
4428,0
4429,2
4430,2
4431,0
4432,2
4433,1
4434,2
4435,3
4436,0
4437,1
4438,1
4439,3
4440,0
4441,3
4442,4
4443,1
4444,1
4445,1
4446,2
4447,1
4448,4
4449,2
4450,2
4451,3
4452,3
4453,0
4454,2
4455,3
4456,2
4457,1
4458,3
4459,2
4460,5
4461,2
4462,1
4463,1
4464,3
4465,0
4466,3
4467,2
4468,1
4469,3
4470,2
4471,0
4472,1
4473,4
4474,2
4475,0
4476,2
4477,0
4478,2
4479,3
4480,1
4481,0
4482,2
4483,4
4484,0
4485,5
4486,2
4487,1
4488,1
4489,0
4490,1
4491,2
4492,1
4493,1
4494,1
4495,1
4496,0
4497,1
4498,2
4499,2
4500,3
4501,5
4502,3
4503,2
4504,1
4505,0
4506,1
4507,0
4508,1
4509,2
4510,1
4511,2
4512,2
4513,2
4514,4
4515,3
4516,2
4517,1
4518,2
4519,0
4520,1
4521,1
4522,2
4523,0
4524,3
4525,3
4526,0
4527,3
4528,2
4529,2
4530,2
4531,0
4532,6
4533,3
4534,0
4535,2
4536,1
4537,1
4538,1
4539,0
4540,3
4541,1
4542,2
4543,2
4544,3
4545,1
4546,4
4547,2
4548,1
4549,4
4550,2
4551,0
4552,0
4553,1
4554,2
4555,2
4556,0
4557,4
4558,3
4559,0
4560,2
4561,3
4562,0
4563,1
4564,2
4565,2
4566,0
4567,0
4568,3
4569,1
4570,1
4571,1
4572,2
4573,0
4574,2
4575,2
4576,2
4577,2
4578,2
4579,3
4580,3
4581,1
4582,0
4583,2
4584,1
4585,1
4586,1
4587,2
4588,2
4589,1
4590,1
4591,3
4592,1
4593,0
4594,2
4595,1
4596,1
4597,0
4598,3
4599,3
4600,2
4601,1
4602,0
4603,3
4604,1
4605,0
4606,1
4607,3
4608,1
4609,3
4610,1
4611,2
4612,0
4613,1
4614,3
4615,0
4616,2
4617,0
4618,2
4619,0
4620,2
4621,2
4622,1
4623,1
4624,2
4625,2
4626,2
4627,2
4628,2
4629,1
4630,3
4631,0
4632,5
4633,2
4634,1
4635,2
4636,1
4637,0
4638,0
4639,0
4640,0
4641,0
4642,2
4643,0
4644,2
4645,2
4646,0
4647,1
4648,4
4649,1
4650,0
4651,1
4652,1
4653,1
4654,1
4655,3
4656,1
4657,4
4658,2
4659,1
4660,1
4661,1
4662,2
4663,1
4664,2
4665,3
4666,1
4667,1
4668,1
4669,2
4670,1
4671,1
4672,1
4673,1
4674,0
4675,0
4676,2
4677,2
4678,0
4679,3
4680,2
4681,2
4682,0
4683,5
4684,3
4685,1
4686,3
4687,1
4688,4
4689,3
4690,2
4691,2
4692,2
4693,0
4694,1
4695,2
4696,0
4697,3
4698,3
4699,0
4700,1
4701,4
4702,1
4703,0
4704,2
4705,1
4706,2
4707,0
4708,0
4709,1
4710,0
4711,0
4712,1
4713,0
4714,0
4715,1
4716,0
4717,2
4718,2
4719,1
4720,3
4721,2
4722,0
4723,0
4724,3
4725,1
4726,2
4727,5
4728,0
4729,1
4730,0
4731,2
4732,1
4733,2
4734,1
4735,1
4736,3
4737,0
4738,0
4739,2
4740,1
4741,1
4742,2
4743,3
4744,1
4745,0
4746,2
4747,1
4748,1
4749,0
4750,2
4751,1
4752,1
4753,1
4754,1
4755,0
4756,0
4757,0
4758,2
4759,0
4760,0
4761,4
4762,4
4763,4
4764,1
4765,2
4766,1
4767,1
4768,2
4769,2
4770,1
4771,1
4772,2
4773,2
4774,2
4775,1
4776,2
4777,1
4778,1
4779,1
4780,1
4781,1
4782,0
4783,0
4784,2
4785,2
4786,1
4787,3
4788,6
4789,4
4790,1
4791,0
4792,0
4793,2
4794,1
4795,0
4796,1
4797,3
4798,1
4799,5
4800,1
4801,1
4802,1
4803,0
4804,0
4805,3
4806,0
4807,1
4808,1
4809,2
4810,0
4811,1
4812,1
4813,2
4814,4
4815,0
4816,1
4817,0
4818,1
4819,3
4820,6
4821,2
4822,2
4823,3
4824,3
4825,2
4826,1
4827,2
4828,4
4829,3
4830,1
4831,2
4832,3
4833,0
4834,4
4835,2
4836,2
4837,0
4838,1
4839,2
4840,2
4841,1
4842,0
4843,4
4844,3
4845,0
4846,1
4847,1
4848,0
4849,1
4850,1
4851,3
4852,1
4853,1
4854,2
4855,3
4856,1
4857,3
4858,3
4859,6
4860,2
4861,2
4862,2
4863,2
4864,0
4865,1
4866,2
4867,4
4868,0
4869,1
4870,1
4871,2
4872,1
4873,4
4874,1
4875,1
4876,4
4877,1
4878,0
4879,0
4880,3
4881,0
4882,1
4883,0
4884,0
4885,1
4886,2
4887,0
4888,1
4889,0
4890,2
4891,1
4892,2
4893,0
4894,0
4895,0
4896,2
4897,1
4898,1
4899,1
4900,0
4901,3
4902,1
4903,2
4904,2
4905,0
4906,2
4907,2
4908,0
4909,3
4910,0
4911,0
4912,2
4913,1
4914,3
4915,1
4916,2
4917,0
4918,5
4919,3
4920,0
4921,3
4922,1
4923,3
4924,3
4925,1
4926,2
4927,1
4928,3
4929,1
4930,1
4931,1
4932,4
4933,2
4934,1
4935,0
4936,0
4937,2
4938,2
4939,1
4940,2
4941,0
4942,1
4943,1
4944,2
4945,0
4946,1
4947,1
4948,0
4949,1
4950,0
4951,2
4952,3
4953,1
4954,4
4955,1
4956,2
4957,0
4958,0
4959,0
4960,1
4961,1
4962,2
4963,2
4964,3
4965,0
4966,2
4967,2
4968,0
4969,1
4970,1
4971,2
4972,2
4973,1
4974,2
4975,0
4976,2
4977,2
4978,0
4979,2
4980,0
4981,4
4982,2
4983,0
4984,3
4985,1
4986,1
4987,1
4988,3
4989,2
4990,1
4991,3
4992,2
4993,2
4994,0
4995,4
4996,1
4997,1
4998,1
4999,3
5000,0
5001,2
5002,2
5003,2
5004,0
5005,1
5006,2
5007,2
5008,2
5009,2
5010,3
5011,1
5012,3
5013,0
5014,1
5015,4
5016,0
5017,2
5018,2
5019,1
5020,2
5021,4
5022,1
5023,4
5024,2
5025,2
5026,1
5027,0
5028,1
5029,2
5030,1
5031,0
5032,1
5033,2
5034,2
5035,3
5036,1
5037,0
5038,0
5039,4
5040,1
5041,5
5042,4
5043,2
5044,0
5045,1
5046,1
5047,1
5048,1
5049,4
5050,3
5051,0
5052,2
5053,2
5054,0
5055,1
5056,0
5057,1
5058,2
5059,1
5060,1
5061,3
5062,2
5063,2
5064,2
5065,2
5066,3
5067,2
5068,1
5069,2
5070,1
5071,3
5072,1
5073,1
5074,3
5075,3
5076,3
5077,0
5078,2
5079,3
5080,0
5081,1
5082,0
5083,0
5084,0
5085,3
5086,2
5087,1
5088,2
5089,1
5090,1
5091,2
5092,0
5093,0
5094,1
5095,0
5096,4
5097,0
5098,1
5099,0
5100,1
5101,1
5102,1
5103,3
5104,1
5105,3
5106,1
5107,4
5108,2
5109,1
5110,1
5111,1
5112,1
5113,3
5114,0
5115,4
5116,0
5117,1
5118,2
5119,2
5120,3
5121,0
5122,1
5123,1
5124,1
5125,0
5126,0
5127,1
5128,5
5129,0
5130,2
5131,3
5132,0
5133,1
5134,1
5135,1
5136,2
5137,3
5138,2
5139,2
5140,2
5141,1
5142,1
5143,3
5144,3
5145,4
5146,2
5147,1
5148,2
5149,1
5150,2
5151,2
5152,1
5153,1
5154,0
5155,0
5156,0
5157,1
5158,0
5159,2
5160,2
5161,1
5162,0
5163,1
5164,1
5165,2
5166,0
5167,2
5168,0
5169,0
5170,2
5171,0
5172,4
5173,1
5174,3
5175,1
5176,2
5177,1
5178,4
5179,1
5180,4
5181,1
5182,1
5183,1
5184,2
5185,2
5186,2
5187,2
5188,1
5189,0
5190,2
5191,1
5192,1
5193,2
5194,1
5195,3
5196,0
5197,1
5198,3
5199,1
5200,2
5201,3
5202,1
5203,3
5204,1
5205,3
5206,2
5207,1
5208,2
5209,3
5210,2
5211,5
5212,1
5213,0
5214,6
5215,0
5216,0
5217,2
5218,1
5219,2
5220,3
5221,1
5222,1
5223,2
5224,2
5225,1
5226,0
5227,0
5228,1
5229,0
5230,2
5231,0
5232,4
5233,2
5234,3
5235,1
5236,2
5237,2
5238,1
5239,2
5240,1
5241,4
5242,1
5243,2
5244,2
5245,0
5246,0
5247,6
5248,2
5249,2
5250,2
5251,0
5252,1
5253,1
5254,1
5255,1
5256,1
5257,3
5258,1
5259,1
5260,3
5261,1
5262,1
5263,4
5264,0
5265,2
5266,2
5267,3
5268,4
5269,0
5270,1
5271,4
5272,2
5273,2
5274,1
5275,0
5276,2
5277,0
5278,0
5279,4
5280,1
5281,3
5282,1
5283,1
5284,0
5285,1
5286,3
5287,2
5288,1
5289,1
5290,1
5291,3
5292,2
5293,0
5294,1
5295,2
5296,0
5297,1
5298,2
5299,3
5300,1
5301,3
5302,2
5303,2
5304,4
5305,1
5306,1
5307,2
5308,4
5309,1
5310,1
5311,2
5312,3
5313,6
5314,1
5315,0
5316,2
5317,1
5318,3
5319,0
5320,1
5321,1
5322,0
5323,0
5324,1
5325,2
5326,3
5327,2
5328,1
5329,1
5330,1
5331,4
5332,1
5333,1
5334,1
5335,3
5336,0
5337,1
5338,4
5339,3
5340,4
5341,2
5342,2
5343,0
5344,2
5345,2
5346,0
5347,1
5348,3
5349,1
5350,2
5351,2
5352,1
5353,0
5354,2
5355,0
5356,1
5357,1
5358,2
5359,1
5360,2
5361,5
5362,0
5363,1
5364,4
5365,2
5366,1
5367,1
5368,1
5369,3
5370,4
5371,2
5372,2
5373,3
5374,2
5375,2
5376,3
5377,2
5378,2
5379,2
5380,0
5381,2
5382,2
5383,2
5384,5
5385,2
5386,0
5387,0
5388,2
5389,1
5390,0
5391,1
5392,2
5393,0
5394,2
5395,1
5396,1
5397,3
5398,1
5399,2
5400,0
5401,0
5402,1
5403,2
5404,3
5405,0
5406,1
5407,4
5408,3
5409,1
5410,1
5411,2
5412,1
5413,5
5414,3
5415,2
5416,2
5417,2
5418,1
5419,1
5420,2
5421,0
5422,0
5423,0
5424,1
5425,0
5426,4
5427,1
5428,3
5429,2
5430,1
5431,0
5432,0
5433,3
5434,2
5435,1
5436,1
5437,1
5438,2
5439,0
5440,4
5441,2
5442,2
5443,4
5444,0
5445,3
5446,2
5447,2
5448,0
5449,0
5450,2
5451,2
5452,1
5453,1
5454,1
5455,2
5456,1
5457,0
5458,1
5459,0
5460,3
5461,1
5462,2
5463,3
5464,1
5465,1
5466,0
5467,1
5468,1
5469,5
5470,0
5471,3
5472,1
5473,3
5474,1
5475,1
5476,1
5477,1
5478,1
5479,0
5480,1
5481,1
5482,0
5483,1
5484,1
5485,0
5486,1
5487,2
5488,2
5489,1
5490,0
5491,1
5492,2
5493,0
5494,1
5495,1
5496,2
5497,2
5498,2
5499,2
5500,3
5501,2
5502,3
5503,2
5504,2
5505,0
5506,4
5507,1
5508,3
5509,1
5510,0
5511,0
5512,4
5513,3
5514,0
5515,4
5516,0
5517,1
5518,1
5519,2
5520,1
5521,0
5522,1
5523,2
5524,0
5525,4
5526,1
5527,0
5528,1
5529,1
5530,2
5531,3
5532,3
5533,1
5534,3
5535,2
5536,1
5537,0
5538,0
5539,1
5540,2
5541,1
5542,0
5543,0
5544,1
5545,1
5546,4
5547,0
5548,4
5549,2
5550,1
5551,0
5552,4
5553,2
5554,0
5555,0
5556,0
5557,1
5558,0
5559,1
5560,2
5561,1
5562,0
5563,1
5564,0
5565,0
5566,2
5567,4
5568,3
5569,6
5570,3
5571,3
5572,1
5573,2
5574,1
5575,3
5576,3
5577,0
5578,1
5579,2
5580,2
5581,0
5582,2
5583,0
5584,1
5585,0
5586,2
5587,3
5588,0
5589,3
5590,1
5591,1
5592,0
5593,2
5594,0
5595,2
5596,2
5597,1
5598,1
5599,3
5600,3
5601,2
5602,2
5603,1
5604,2
5605,1
5606,0
5607,4
5608,1
5609,0
5610,0
5611,0
5612,0
5613,1
5614,2
5615,1
5616,0
5617,1
5618,1
5619,0
5620,0
5621,1
5622,1
5623,0
5624,1
5625,1
5626,2
5627,1
5628,0
5629,1
5630,5
5631,1
5632,0
5633,1
5634,2
5635,1
5636,1
5637,0
5638,0
5639,0
5640,0
5641,1
5642,0
5643,3
5644,0
5645,2
5646,1
5647,2
5648,2
5649,0
5650,0
5651,2
5652,3
5653,7
5654,1
5655,2
5656,0
5657,1
5658,0
5659,1
5660,3
5661,1
5662,0
5663,2
5664,1
5665,1
5666,1
5667,5
5668,0
5669,3
5670,1
5671,2
5672,2
5673,3
5674,0
5675,4
5676,1
5677,0
5678,2
5679,2
5680,0
5681,0
5682,3
5683,3
5684,1
5685,1
5686,1
5687,3
5688,1
5689,1
5690,2
5691,1
5692,1
5693,0
5694,1
5695,0
5696,4
5697,5
5698,4
5699,1
5700,2
5701,1
5702,0
5703,2
5704,2
5705,3
5706,2
5707,1
5708,1
5709,1
5710,0
5711,3
5712,1
5713,1
5714,1
5715,0
5716,1
5717,2
5718,2
5719,0
5720,1
5721,2
5722,0
5723,1
5724,1
5725,1
5726,1
5727,1
5728,0
5729,6
5730,1
5731,3
5732,3
5733,1
5734,1
5735,0
5736,0
5737,2
5738,3
5739,0
5740,2
5741,2
5742,3
5743,3
5744,1
5745,2
5746,1
5747,3
5748,1
5749,0
5750,2
5751,3
5752,2
5753,2
5754,1
5755,1
5756,6
5757,3
5758,3
5759,2
5760,0
5761,1
5762,5
5763,2
5764,1
5765,2
5766,3
5767,1
5768,1
5769,2
5770,1
5771,0
5772,1
5773,1
5774,0
5775,1
5776,0
5777,1
5778,1
5779,3
5780,1
5781,2
5782,2
5783,1
5784,2
5785,2
5786,1
5787,2
5788,1
5789,2
5790,0
5791,1
5792,5
5793,2
5794,3
5795,2
5796,1
5797,1
5798,0
5799,1
5800,3
5801,1
5802,1
5803,0
5804,1
5805,3
5806,1
5807,1
5808,1
5809,2
5810,2
5811,0
5812,2
5813,2
5814,2
5815,3
5816,3
5817,3
5818,1
5819,2
5820,0
5821,1
5822,0
5823,2
5824,1
5825,4
5826,0
5827,2
5828,3
5829,1
5830,0
5831,0
5832,1
5833,2
5834,3
5835,1
5836,0
5837,2
5838,1
5839,5
5840,2
5841,1
5842,0
5843,0
5844,0
5845,2
5846,2
5847,2
5848,3
5849,2
5850,0
5851,2
5852,6
5853,2
5854,1
5855,0
5856,0
5857,0
5858,2
5859,3
5860,2
5861,4
5862,1
5863,1
5864,0
5865,1
5866,5
5867,0
5868,1
5869,1
5870,1
5871,3
5872,3
5873,2
5874,3
5875,2
5876,1
5877,0
5878,0
5879,0
5880,2
5881,1
5882,2
5883,1
5884,1
5885,1
5886,1
5887,2
5888,0
5889,4
5890,3
5891,0
5892,3
5893,1
5894,1
5895,0
5896,0
5897,2
5898,2
5899,4
5900,2
5901,2
5902,1
5903,2
5904,0
5905,2
5906,0
5907,3
5908,1
5909,1
5910,1
5911,1
5912,2
5913,1
5914,1
5915,1
5916,1
5917,1
5918,4
5919,1
5920,1
5921,1
5922,0
5923,1
5924,4
5925,1
5926,5
5927,3
5928,1
5929,1
5930,3
5931,0
5932,1
5933,1
5934,1
5935,0
5936,0
5937,2
5938,2
5939,1
5940,3
5941,0
5942,1
5943,5
5944,1
5945,0
5946,1
5947,4
5948,3
5949,3
5950,2
5951,2
5952,1
5953,2
5954,2
5955,0
5956,2
5957,1
5958,0
5959,0
5960,0
5961,3
5962,1
5963,3
5964,0
5965,1
5966,4
5967,0
5968,4
5969,1
5970,3
5971,1
5972,1
5973,4
5974,1
5975,1
5976,1
5977,2
5978,2
5979,0
5980,2
5981,0
5982,4
5983,0
5984,1
5985,4
5986,2
5987,1
5988,1
5989,0
5990,3
5991,3
5992,3
5993,1
5994,0
5995,2
5996,2
5997,1
5998,3
5999,0
6000,1
6001,1
6002,4
6003,2
6004,2
6005,0
6006,1
6007,2
6008,0
6009,0
6010,2
6011,0
6012,1
6013,1
6014,4
6015,1
6016,2
6017,1
6018,2
6019,2
6020,1
6021,3
6022,2
6023,0
6024,1
6025,1
6026,1
6027,2
6028,3
6029,1
6030,1
6031,2
6032,0
6033,1
6034,1
6035,1
6036,3
6037,1
6038,1
6039,2
6040,5
6041,1
6042,5
6043,4
6044,3
6045,2
6046,0
6047,2
6048,2
6049,0
6050,0
6051,3
6052,0
6053,2
6054,1
6055,2
6056,0
6057,3
6058,0
6059,2
6060,0
6061,1
6062,2
6063,2
6064,1
6065,3
6066,0
6067,6
6068,6
6069,3
6070,1
6071,1
6072,2
6073,1
6074,1
6075,2
6076,0
6077,1
6078,0
6079,1
6080,0
6081,1
6082,2
6083,1
6084,3
6085,1
6086,1
6087,3
6088,5
6089,0
6090,0
6091,1
6092,2
6093,2
6094,1
6095,1
6096,0
6097,2
6098,1
6099,0
6100,1
6101,5
6102,0
6103,2
6104,0
6105,1
6106,1
6107,3
6108,2
6109,2
6110,1
6111,2
6112,1
6113,2
6114,2
6115,4
6116,6
6117,2
6118,1
6119,1
6120,2
6121,0
6122,0
6123,0
6124,0
6125,3
6126,1
6127,0
6128,0
6129,0
6130,0
6131,3
6132,2
6133,3
6134,5
6135,1
6136,0
6137,2
6138,0
6139,3
6140,3
6141,1
6142,0
6143,1
6144,1
6145,0
6146,1
6147,2
6148,1
6149,0
6150,4
6151,0
6152,3
6153,2
6154,4
6155,3
6156,3
6157,3
6158,1
6159,1
6160,1
6161,2
6162,3
6163,2
6164,0
6165,3
6166,1
6167,3
6168,0
6169,0
6170,1
6171,0
6172,1
6173,1
6174,2
6175,3
6176,2
6177,2
6178,1
6179,1
6180,0
6181,1
6182,0
6183,0
6184,3
6185,2
6186,2
6187,1
6188,2
6189,0
6190,0
6191,0
6192,3
6193,1
6194,1
6195,2
6196,0
6197,1
6198,0
6199,3
6200,0
6201,0
6202,4
6203,0
6204,3
6205,2
6206,0
6207,1
6208,2
6209,1
6210,3
6211,4
6212,1
6213,1
6214,1
6215,0
6216,1
6217,2
6218,1
6219,1
6220,0
6221,0
6222,1
6223,1
6224,0
6225,2
6226,2
6227,3
6228,2
6229,2
6230,0
6231,1
6232,2
6233,1
6234,4
6235,0
6236,0
6237,0
6238,4
6239,2
6240,0
6241,3
6242,2
6243,2
6244,2
6245,0
6246,4
6247,4
6248,1
6249,4
6250,0
6251,2
6252,0
6253,2
6254,1
6255,2
6256,0
6257,1
6258,5
6259,4
6260,2
6261,1
6262,1
6263,4
6264,1
6265,0
6266,1
6267,4
6268,0
6269,1
6270,1
6271,2
6272,1
6273,5
6274,2
6275,2
6276,2
6277,4
6278,0
6279,1
6280,1
6281,3
6282,0
6283,2
6284,2
6285,0
6286,1
6287,1
6288,3
6289,3
6290,4
6291,3
6292,0
6293,2
6294,0
6295,0
6296,0
6297,1
6298,1
6299,1
6300,3
6301,2
6302,3
6303,2
6304,1
6305,0
6306,3
6307,0
6308,1
6309,2
6310,1
6311,4
6312,1
6313,1
6314,1
6315,2
6316,2
6317,1
6318,1
6319,2
6320,2
6321,0
6322,2
6323,1
6324,2
6325,4
6326,0
6327,2
6328,4
6329,2
6330,0
6331,2
6332,1
6333,0
6334,3
6335,1
6336,1
6337,1
6338,1
6339,1
6340,0
6341,0
6342,2
6343,2
6344,1
6345,3
6346,0
6347,3
6348,3
6349,2
6350,0
6351,2
6352,3
6353,1
6354,1
6355,2
6356,1
6357,1
6358,0
6359,2
6360,0
6361,1
6362,2
6363,1
6364,1
6365,2
6366,1
6367,0
6368,3
6369,0
6370,1
6371,3
6372,3
6373,2
6374,3
6375,0
6376,0
6377,0
6378,1
6379,2
6380,2
6381,1
6382,2
6383,3
6384,1
6385,1
6386,1
6387,2
6388,2
6389,1
6390,0
6391,0
6392,2
6393,0
6394,1
6395,1
6396,0
6397,1
6398,0
6399,0
6400,4
6401,1
6402,1
6403,2
6404,0
6405,7
6406,1
6407,2
6408,1
6409,2
6410,1
6411,2
6412,1
6413,1
6414,1
6415,2
6416,0
6417,1
6418,1
6419,3
6420,1
6421,2
6422,2
6423,2
6424,1
6425,0
6426,0
6427,2
6428,2
6429,1
6430,1
6431,0
6432,2
6433,2
6434,3
6435,2
6436,2
6437,0
6438,2
6439,2
6440,1
6441,1
6442,3
6443,2
6444,2
6445,1
6446,1
6447,1
6448,1
6449,1
6450,3
6451,2
6452,1
6453,1
6454,2
6455,1
6456,5
6457,2
6458,0
6459,2
6460,2
6461,2
6462,2
6463,2
6464,2
6465,2
6466,1
6467,1
6468,1
6469,2
6470,1
6471,1
6472,2
6473,2
6474,1
6475,0
6476,2
6477,1
6478,0
6479,4
6480,1
6481,3
6482,1
6483,2
6484,4
6485,3
6486,3
6487,1
6488,1
6489,1
6490,4
6491,1
6492,3
6493,3
6494,0
6495,3
6496,1
6497,0
6498,3
6499,2
6500,0
6501,1
6502,4
6503,2
6504,2
6505,2
6506,4
6507,1
6508,3
6509,0
6510,3
6511,0
6512,4
6513,0
6514,1
6515,4
6516,2
6517,0
6518,2
6519,2
6520,2
6521,3
6522,2
6523,2
6524,4
6525,0
6526,0
6527,2
6528,1
6529,1
6530,2
6531,2
6532,1
6533,1
6534,3
6535,1
6536,2
6537,1
6538,1
6539,2
6540,1
6541,4
6542,0
6543,0
6544,2
6545,4
6546,2
6547,1
6548,0
6549,0
6550,0
6551,3
6552,0
6553,0
6554,0
6555,1
6556,2
6557,1
6558,5
6559,2
6560,0
6561,1
6562,3
6563,0
6564,1
6565,2
6566,0
6567,3
6568,1
6569,0
6570,2
6571,3
6572,1
6573,1
6574,2
6575,4
6576,2
6577,0
6578,0
6579,0
6580,1
6581,1
6582,2
6583,2
6584,3
6585,3
6586,1
6587,2
6588,1
6589,2
6590,1
6591,2
6592,2
6593,2
6594,0
6595,1
6596,0
6597,1
6598,1
6599,3
6600,0
6601,0
6602,1
6603,0
6604,0
6605,0
6606,1
6607,0
6608,1
6609,1
6610,2
6611,2
6612,4
6613,1
6614,3
6615,0
6616,3
6617,3
6618,5
6619,3
6620,2
6621,0
6622,1
6623,2
6624,1
6625,1
6626,3
6627,2
6628,3
6629,3
6630,1
6631,2
6632,1
6633,2
6634,1
6635,0
6636,2
6637,1
6638,1
6639,6
6640,3
6641,2
6642,0
6643,1
6644,1
6645,3
6646,1
6647,0
6648,1
6649,3
6650,1
6651,2
6652,1
6653,1
6654,2
6655,3
6656,0
6657,2
6658,5
6659,2
6660,2
6661,2
6662,1
6663,1
6664,3
6665,2
6666,2
6667,1
6668,2
6669,2
6670,0
6671,1
6672,3
6673,0
6674,1
6675,0
6676,1
6677,1
6678,3
6679,3
6680,0
6681,2
6682,2
6683,7
6684,1
6685,1
6686,3
6687,1
6688,1
6689,2
6690,0
6691,2
6692,1
6693,2
6694,2
6695,2
6696,2
6697,3
6698,1
6699,0
6700,3
6701,0
6702,0
6703,1
6704,2
6705,0
6706,3
6707,0
6708,1
6709,1
6710,1
6711,0
6712,1
6713,3
6714,6
6715,2
6716,1
6717,0
6718,2
6719,1
6720,1
6721,2
6722,6
6723,2
6724,1
6725,1
6726,2
6727,0
6728,0
6729,0
6730,4
6731,2
6732,1
6733,0
6734,2
6735,1
6736,0
6737,0
6738,2
6739,3
6740,0
6741,1
6742,2
6743,2
6744,2
6745,1
6746,2
6747,1
6748,1
6749,4
6750,2
6751,1
6752,2
6753,1
6754,3
6755,1
6756,0
6757,1
6758,2
6759,3
6760,2
6761,0
6762,3
6763,2
6764,3
6765,3
6766,4
6767,0
6768,2
6769,1
6770,1
6771,0
6772,4
6773,2
6774,4
6775,1
6776,0
6777,1
6778,0
6779,2
6780,1
6781,1
6782,2
6783,1
6784,1
6785,2
6786,2
6787,2
6788,0
6789,3
6790,3
6791,1
6792,0
6793,2
6794,1
6795,1
6796,2
6797,4
6798,1
6799,1
6800,2
6801,0
6802,2
6803,0
6804,0
6805,4
6806,3
6807,1
6808,1
6809,3
6810,0
6811,1
6812,1
6813,1
6814,0
6815,1
6816,1
6817,1
6818,2
6819,1
6820,3
6821,2
6822,2
6823,1
6824,0
6825,2
6826,2
6827,1
6828,1
6829,2
6830,3
6831,1
6832,2
6833,3
6834,1
6835,3
6836,1
6837,1
6838,1
6839,1
6840,2
6841,0
6842,1
6843,3
6844,1
6845,1
6846,0
6847,1
6848,0
6849,2
6850,2
6851,1
6852,0
6853,0
6854,1
6855,2
6856,0
6857,0
6858,1
6859,2
6860,1
6861,3
6862,1
6863,2
6864,3
6865,0
6866,1
6867,0
6868,1
6869,2
6870,2
6871,4
6872,0
6873,1
6874,3
6875,2
6876,1
6877,0
6878,2
6879,1
6880,1
6881,3
6882,0
6883,3
6884,0
6885,1
6886,2
6887,2
6888,1
6889,1
6890,2
6891,1
6892,0
6893,1
6894,1
6895,1
6896,0
6897,0
6898,1
6899,1
6900,1
6901,0
6902,3
6903,2
6904,2
6905,0
6906,2
6907,2
6908,3
6909,0
6910,2
6911,0
6912,2
6913,1
6914,1
6915,2
6916,1
6917,2
6918,3
6919,1
6920,1
6921,2
6922,2
6923,4
6924,0
6925,2
6926,1
6927,2
6928,1
6929,0
6930,3
6931,1
6932,5
6933,1
6934,2
6935,0
6936,2
6937,2
6938,1
6939,2
6940,1
6941,1
6942,1
6943,0
6944,1
6945,2
6946,2
6947,2
6948,1
6949,3
6950,3
6951,1
6952,1
6953,3
6954,2
6955,2
6956,0
6957,1
6958,1
6959,2
6960,2
6961,2
6962,2
6963,1
6964,1
6965,1
6966,0
6967,0
6968,3
6969,0
6970,2
6971,3
6972,3
6973,2
6974,0
6975,2
6976,2
6977,0
6978,1
6979,0
6980,2
6981,1
6982,1
6983,1
6984,0
6985,2
6986,1
6987,2
6988,1
6989,3
6990,4
6991,1
6992,1
6993,3
6994,2
6995,1
6996,1
6997,2
6998,1
6999,0
7000,1
7001,2
7002,0
7003,1
7004,2
7005,1
7006,0
7007,4
7008,3
7009,3
7010,1
7011,2
7012,1
7013,0
7014,2
7015,1
7016,4
7017,1
7018,3
7019,1
7020,0
7021,2
7022,2
7023,0
7024,0
7025,2
7026,1
7027,1
7028,3
7029,3
7030,2
7031,3
7032,0
7033,3
7034,1
7035,3
7036,2
7037,1
7038,1
7039,2
7040,2
7041,2
7042,2
7043,1
7044,0
7045,0
7046,4
7047,6
7048,1
7049,1
7050,2
7051,2
7052,2
7053,2
7054,2
7055,0
7056,1
7057,3
7058,2
7059,2
7060,2
7061,1
7062,1
7063,3
7064,1
7065,4
7066,1
7067,3
7068,0
7069,2
7070,1
7071,0
7072,3
7073,3
7074,0
7075,1
7076,2
7077,2
7078,2
7079,5
7080,4
7081,1
7082,2
7083,0
7084,2
7085,2
7086,3
7087,2
7088,1
7089,1
7090,0
7091,1
7092,1
7093,4
7094,3
7095,1
7096,1
7097,0
7098,2
7099,2
7100,1
7101,0
7102,1
7103,2
7104,2
7105,1
7106,0
7107,2
7108,0
7109,1
7110,1
7111,3
7112,2
7113,3
7114,0
7115,1
7116,2
7117,0
7118,2
7119,0
7120,1
7121,0
7122,1
7123,1
7124,2
7125,1
7126,3
7127,2
7128,2
7129,3
7130,3
7131,0
7132,1
7133,0
7134,2
7135,2
7136,3
7137,2
7138,0
7139,2
7140,3
7141,3
7142,0
7143,2
7144,0
7145,1
7146,1
7147,2
7148,1
7149,1
7150,1
7151,1
7152,4
7153,2
7154,0
7155,4
7156,0
7157,3
7158,1
7159,2
7160,1
7161,5
7162,0
7163,0
7164,1
7165,3
7166,1
7167,2
7168,0
7169,2
7170,0
7171,1
7172,2
7173,1
7174,0
7175,1
7176,1
7177,0
7178,1
7179,1
7180,0
7181,3
7182,0
7183,1
7184,0
7185,2
7186,1
7187,1
7188,2
7189,0
7190,0
7191,2
7192,1
7193,3
7194,1
7195,0
7196,1
7197,0
7198,1
7199,0
7200,3
7201,2
7202,3
7203,0
7204,3
7205,0
7206,0
7207,0
7208,1
7209,1
7210,0
7211,4
7212,2
7213,1
7214,2
7215,1
7216,1
7217,1
7218,1
7219,1
7220,0
7221,3
7222,5
7223,3
7224,1
7225,3
7226,3
7227,2
7228,1
7229,2
7230,0
7231,5
7232,2
7233,0
7234,2
7235,0
7236,0
7237,0
7238,1
7239,1
7240,0
7241,2
7242,1
7243,1
7244,1
7245,2
7246,3
7247,3
7248,0
7249,3
7250,0
7251,1
7252,1
7253,0
7254,3
7255,1
7256,0
7257,3
7258,3
7259,4
7260,2
7261,1
7262,1
7263,0
7264,1
7265,1
7266,0
7267,1
7268,3
7269,1
7270,3
7271,3
7272,1
7273,2
7274,0
7275,3
7276,0
7277,1
7278,2
7279,2
7280,1
7281,1
7282,1
7283,3
7284,1
7285,0
7286,0
7287,1
7288,1
7289,0
7290,1
7291,1
7292,0
7293,2
7294,2
7295,0
7296,2
7297,1
7298,4
7299,1
7300,0
7301,1
7302,1
7303,4
7304,1
7305,2
7306,2
7307,2
7308,0
7309,0
7310,3
7311,2
7312,3
7313,1
7314,2
7315,2
7316,1
7317,0
7318,2
7319,1
7320,1
7321,1
7322,1
7323,1
7324,2
7325,0
7326,5
7327,2
7328,2
7329,0
7330,1
7331,0
7332,0
7333,0
7334,1
7335,1
7336,0
7337,0
7338,2
7339,1
7340,0
7341,1
7342,2
7343,0
7344,2
7345,1
7346,3
7347,2
7348,1
7349,4
7350,0
7351,3
7352,2
7353,0
7354,3
7355,1
7356,4
7357,1
7358,0
7359,1
7360,4
7361,1
7362,1
7363,0
7364,0
7365,2
7366,2
7367,3
7368,1
7369,3
7370,2
7371,2
7372,2
7373,3
7374,1
7375,0
7376,0
7377,2
7378,1
7379,2
7380,1
7381,4
7382,1
7383,3
7384,3
7385,2
7386,0
7387,2
7388,2
7389,3
7390,0
7391,1
7392,2
7393,0
7394,2
7395,3
7396,2
7397,1
7398,0
7399,0
7400,2
7401,0
7402,1
7403,3
7404,0
7405,2
7406,1
7407,1
7408,1
7409,4
7410,3
7411,2
7412,3
7413,1
7414,2
7415,1
7416,1
7417,2
7418,2
7419,1
7420,4
7421,1
7422,1
7423,4
7424,2
7425,1
7426,2
7427,0
7428,0
7429,2
7430,1
7431,1
7432,3
7433,1
7434,2
7435,0
7436,1
7437,2
7438,2
7439,1
7440,2
7441,3
7442,0
7443,0
7444,4
7445,1
7446,2
7447,3
7448,4
7449,1
7450,1
7451,3
7452,2
7453,6
7454,2
7455,1
7456,3
7457,0
7458,1
7459,3
7460,1
7461,1
7462,2
7463,1
7464,5
7465,0
7466,1
7467,1
7468,0
7469,0
7470,4
7471,0
7472,1
7473,1
7474,2
7475,4
7476,3
7477,3
7478,2
7479,1
7480,0
7481,1
7482,2
7483,0
7484,1
7485,2
7486,3
7487,1
7488,1
7489,2
7490,1
7491,1
7492,3
7493,0
7494,1
7495,0
7496,0
7497,4
7498,1
7499,2
7500,0
7501,1
7502,4
7503,3
7504,2
7505,3
7506,0
7507,3
7508,0
7509,1
7510,0
7511,0
7512,2
7513,2
7514,1
7515,2
7516,2
7517,2
7518,2
7519,1
7520,1
7521,1
7522,2
7523,2
7524,1
7525,1
7526,2
7527,2
7528,1
7529,2
7530,2
7531,1
7532,1
7533,1
7534,3
7535,1
7536,3
7537,0
7538,2
7539,1
7540,2
7541,3
7542,1
7543,1
7544,0
7545,2
7546,1
7547,0
7548,1
7549,2
7550,0
7551,1
7552,4
7553,0
7554,0
7555,2
7556,2
7557,2
7558,3
7559,0
7560,1
7561,1
7562,4
7563,2
7564,1
7565,4
7566,3
7567,2
7568,4
7569,3
7570,0
7571,3
7572,0
7573,3
7574,1
7575,1
7576,4
7577,2
7578,2
7579,0
7580,2
7581,2
7582,1
7583,1
7584,1
7585,1
7586,2
7587,0
7588,1
7589,0
7590,1
7591,2
7592,2
7593,2
7594,1
7595,1
7596,0
7597,2
7598,1
7599,1
7600,3
7601,0
7602,0
7603,0
7604,1
7605,5
7606,4
7607,1
7608,0
7609,2
7610,1
7611,1
7612,2
7613,1
7614,1
7615,1
7616,4
7617,2
7618,3
7619,1
7620,3
7621,1
7622,2
7623,3
7624,1
7625,2
7626,3
7627,0
7628,0
7629,1
7630,1
7631,1
7632,1
7633,1
7634,0
7635,1
7636,0
7637,2
7638,5
7639,1
7640,1
7641,1
7642,2
7643,3
7644,1
7645,5
7646,3
7647,4
7648,1
7649,1
7650,1
7651,3
7652,1
7653,0
