0,1
1,3
2,2
3,2
4,2
5,4
6,1
7,0
8,2
9,2
10,1
11,6
12,1
13,2
14,2
15,0
16,1
17,2
18,3
19,1
20,1
21,1
22,2
23,1
24,0
25,1
26,2
27,4
28,0
29,1
30,2
31,6
32,1
33,2
34,0
35,6
36,2
37,0
38,4
39,1
40,4
41,2
42,1
43,2
44,1
45,4
46,0
47,0
48,0
49,1
50,1
51,1
52,3
53,1
54,2
55,1
56,3
57,1
58,3
59,2
60,2
61,2
62,4
63,1
64,4
65,4
66,0
67,1
68,3
69,0
70,2
71,3
72,1
73,1
74,3
75,3
76,1
77,0
78,0
79,2
80,2
81,4
82,3
83,1
84,5
85,0
86,1
87,3
88,1
89,4
90,3
91,0
92,1
93,2
94,0
95,0
96,2
97,2
98,1
99,6
100,1
101,3
102,1
103,5
104,0
105,2
106,2
107,1
108,4
109,3
110,1
111,1
112,1
113,3
114,1
115,4
116,0
117,0
118,3
119,2
120,3
121,1
122,1
123,1
124,2
125,2
126,2
127,0
128,1
129,2
130,4
131,4
132,3
133,6
134,2
135,4
136,1
137,1
138,1
139,2
140,1
141,1
142,0
143,4
144,3
145,0
146,0
147,0
148,3
149,2
150,0
151,2
152,5
153,4
154,5
155,0
156,4
157,3
158,2
159,5
160,1
161,4
162,2
163,2
164,2
165,0
166,3
167,2
168,2
169,3
170,2
171,1
172,0
173,1
174,1
175,1
176,0
177,1
178,2
179,2
180,2
181,2
182,1
183,1
184,0
185,1
186,2
187,1
188,2
189,1
190,0
191,4
192,1
193,1
194,2
195,1
196,0
197,5
198,2
199,0
200,3
201,0
202,0
203,3
204,2
205,2
206,0
207,2
208,3
209,3
210,2
211,1
212,3
213,3
214,2
215,1
216,2
217,1
218,2
219,0
220,2
221,2
222,0
223,2
224,2
225,5
226,1
227,3
228,2
229,1
230,1
231,1
232,2
233,4
234,2
235,1
236,2
237,4
238,1
239,3
240,0
241,1
242,2
243,2
244,6
245,2
246,3
247,2
248,0
249,3
250,3
251,3
252,1
253,0
254,0
255,1
256,1
257,0
258,4
259,2
260,3
261,0
262,1
263,0
264,0
265,0
266,1
267,0
268,0
269,1
270,1
271,1
272,1
273,5
274,2
275,0
276,2
277,1
278,1
279,1
280,2
281,1
282,3
283,3
284,0
285,1
286,1
287,2
288,3
289,0
290,0
291,4
292,2
293,2
294,1
295,3
296,4
297,2
298,4
299,1
300,2
301,3
302,2
303,0
304,2
305,2
306,1
307,0
308,1
309,2
310,0
311,3
312,2
313,2
314,0
315,3
316,4
317,1
318,1
319,1
320,3
321,2
322,3
323,3
324,3
325,2
326,2
327,0
328,0
329,1
330,3
331,0
332,3
333,2
334,2
335,2
336,5
337,1
338,1
339,2
340,3
341,2
342,2
343,0
344,1
345,3
346,2
347,2
348,3
349,0
350,2
351,1
352,4
353,0
354,4
355,3
356,3
357,0
358,1
359,1
360,3
361,2
362,3
363,1
364,1
365,2
366,3
367,1
368,3
369,3
370,1
371,3
372,0
373,0
374,4
375,4
376,2
377,3
378,2
379,0
380,1
381,1
382,6
383,2
384,0
385,3
386,3
387,0
388,0
389,0
390,1
391,3
392,2
393,1
394,2
395,1
396,2
397,1
398,2
399,1
400,2
401,3
402,0
403,3
404,0
405,3
406,1
407,3
408,1
409,1
410,0
411,3
412,1
413,2
414,1
415,1
416,0
417,1
418,1
419,2
420,0
421,1
422,4
423,0
424,2
425,1
426,2
427,1
428,1
429,1
430,1
431,2
432,5
433,4
434,4
435,1
436,1
437,2
438,3
439,2
440,2
441,1
442,3
443,2
444,0
445,1
446,2
447,3
448,0
449,1
450,1
451,2
452,1
453,2
454,1
455,3
456,1
457,1
458,1
459,1
460,0
461,7
462,3
463,1
464,1
465,3
466,3
467,1
468,0
469,3
470,3
471,1
472,4
473,3
474,3
475,4
476,0
477,2
478,1
479,1
480,2
481,2
482,1
483,2
484,1
485,1
486,4
487,2
488,2
489,1
490,3
491,3
492,5
493,2
494,2
495,1
496,3
497,2
498,1
499,5
500,1
501,3
502,1
503,3
504,4
505,1
506,3
507,5
508,4
509,2
510,1
511,4
512,1
513,1
514,1
515,4
516,0
517,3
518,1
519,1
520,1
521,1
522,2
523,2
524,1
525,2
526,0
527,1
528,1
529,1
530,1
531,3
532,4
533,1
534,0
535,2
536,2
537,0
538,1
539,2
540,2
541,1
542,1
543,2
544,2
545,5
546,2
547,3
548,0
549,1
550,0
551,0
552,3
553,5
554,1
555,3
556,1
557,1
558,2
559,1
560,3
561,1
562,2
563,4
564,0
565,1
566,3
567,0
568,4
569,2
570,2
571,3
572,0
573,2
574,0
575,1
576,1
577,0
578,0
579,3
580,0
581,1
582,0
583,1
584,4
585,2
586,1
587,2
588,2
589,2
590,4
591,1
592,0
593,2
594,0
595,2
596,1
597,2
598,2
599,2
600,1
601,3
602,3
603,1
604,1
605,2
606,5
607,3
608,4
609,5
610,1
611,2
612,2
613,4
614,0
615,2
616,2
617,2
618,7
619,3
620,0
621,3
622,2
623,3
624,0
625,0
626,1
627,4
628,1
629,2
630,1
631,1
632,2
633,3
634,4
635,6
636,2
637,3
638,2
639,2
640,1
641,1
642,3
643,3
644,3
645,3
646,2
647,0
648,1
649,1
650,4
651,2
652,1
653,1
654,2
655,2
656,0
657,2
658,1
659,4
660,2
661,4
662,1
663,1
664,2
665,1
666,2
667,1
668,1
669,2
670,4
671,2
672,0
673,1
674,2
675,3
676,1
677,4
678,2
679,1
680,2
681,1
682,1
683,1
684,1
685,3
686,3
687,0
688,5
689,3
690,1
691,2
692,2
693,2
694,1
695,1
696,1
697,3
698,2
699,0
700,3
701,2
702,7
703,4
704,1
705,1
706,2
707,1
708,1
709,0
710,1
711,1
712,4
713,1
714,2
715,2
716,1
717,1
718,2
719,3
720,2
721,3
722,2
723,2
724,0
725,5
726,2
727,2
728,0
729,3
730,3
731,1
732,2
733,4
734,0
735,2
736,3
737,0
738,3
739,2
740,3
741,1
742,3
743,3
744,2
745,2
746,0
747,5
748,2
749,1
750,6
751,3
752,1
753,3
754,0
755,3
756,3
757,1
758,2
759,1
760,2
761,3
762,1
763,7
764,1
765,3
766,0
767,0
768,2
769,5
770,3
771,3
772,2
773,1
774,2
775,2
776,1
777,1
778,1
779,1
780,2
781,3
782,2
783,0
784,2
785,4
786,5
787,0
788,0
789,1
790,2
791,2
792,1
793,1
794,0
795,2
796,1
797,2
798,2
799,2
800,0
801,1
802,1
803,2
804,2
805,5
806,0
807,1
808,1
809,4
810,6
811,3
812,3
813,0
814,1
815,1
816,1
817,2
818,3
819,2
820,3
821,4
822,0
823,2
824,3
825,1
826,1
827,1
828,2
829,2
830,2
831,0
832,4
833,3
834,4
835,1
836,1
837,2
838,1
839,1
840,1
841,2
842,1
843,2
844,1
845,2
846,3
847,4
848,1
849,2
850,0
851,1
852,0
853,0
854,1
855,5
856,5
857,0
858,2
859,0
860,0
861,4
862,3
863,1
864,4
865,2
866,0
867,3
868,0
869,0
870,1
871,1
872,3
873,3
874,2
875,0
876,1
877,6
878,2
879,4
880,1
881,3
882,2
883,1
884,1
885,3
886,1
887,4
888,1
889,3
890,4
891,1
892,1
893,0
894,2
895,2
896,3
897,1
898,1
899,3
900,2
901,7
902,3
903,4
904,2
905,4
906,1
907,3
908,4
909,1
910,1
911,4
912,1
913,0
914,3
915,3
916,3
917,2
918,0
919,4
920,0
921,4
922,3
923,1
924,3
925,0
926,1
927,2
928,1
929,3
930,3
931,3
932,2
933,4
934,1
935,2
936,2
937,3
938,2
939,2
940,1
941,1
942,1
943,0
944,2
945,0
946,0
947,2
948,1
949,1
950,4
951,4
952,0
953,4
954,1
955,3
956,3
957,0
958,0
959,3
960,1
961,4
962,2
963,4
964,0
965,2
966,4
967,2
968,2
969,1
970,2
971,3
972,2
973,4
974,3
975,0
976,1
977,1
978,3
979,2
980,0
981,4
982,1
983,3
984,1
985,0
986,6
987,3
988,4
989,0
990,1
991,1
992,1
993,4
994,1
995,2
996,2
997,1
998,2
999,4
1000,1
1001,2
1002,4
1003,2
1004,2
1005,0
1006,2
1007,1
1008,2
1009,1
1010,2
1011,1
1012,2
1013,0
1014,2
1015,3
1016,0
1017,5
1018,0
1019,3
1020,2
1021,3
1022,2
1023,1
1024,3
1025,2
1026,3
1027,2
1028,3
1029,2
1030,1
1031,3
1032,1
1033,0
1034,3
1035,2
1036,2
1037,5
1038,3
1039,0
1040,1
1041,2
1042,2
1043,4
1044,2
1045,1
1046,1
1047,1
1048,1
1049,0
1050,2
1051,2
1052,2
1053,1
1054,2
1055,1
1056,1
1057,4
1058,4
1059,2
1060,0
1061,2
1062,2
1063,1
1064,1
1065,0
1066,1
1067,0
1068,1
1069,1
1070,0
1071,2
1072,1
1073,1
1074,2
1075,1
1076,2
1077,2
1078,2
1079,2
1080,1
1081,3
1082,3
1083,3
1084,3
1085,2
1086,1
1087,1
1088,3
1089,1
1090,2
1091,3
1092,2
1093,1
1094,1
1095,0
1096,3
1097,2
1098,1
1099,4
1100,0
1101,3
1102,2
1103,1
1104,1
1105,4
1106,0
1107,3
1108,2
1109,1
1110,3
1111,1
1112,1
1113,2
1114,1
1115,2
1116,3
1117,0
1118,3
1119,5
1120,1
1121,2
1122,3
1123,4
1124,1
1125,2
1126,2
1127,3
1128,1
1129,0
1130,1
1131,4
1132,1
1133,0
1134,1
1135,1
1136,2
1137,0
1138,1
1139,2
1140,1
1141,0
1142,3
1143,2
1144,3
1145,4
1146,1
1147,1
1148,0
1149,1
1150,4
1151,0
1152,3
1153,1
1154,1
1155,3
1156,1
1157,3
1158,1
1159,0
1160,1
1161,1
1162,2
1163,0
1164,1
1165,0
1166,1
1167,3
1168,1
1169,3
1170,3
1171,2
1172,3
1173,1
1174,3
1175,8
1176,1
1177,2
1178,4
1179,5
1180,2
1181,3
1182,0
1183,4
1184,0
1185,1
1186,2
1187,2
1188,1
1189,3
1190,1
1191,3
1192,2
1193,1
1194,1
1195,0
1196,1
1197,2
1198,5
1199,1
1200,2
1201,1
1202,0
1203,0
1204,3
1205,3
1206,0
1207,1
1208,1
1209,0
1210,2
1211,1
1212,1
1213,4
1214,0
1215,2
1216,1
1217,1
1218,2
1219,2
1220,5
1221,2
1222,3
1223,3
1224,1
1225,0
1226,1
1227,3
1228,1
1229,1
1230,1
1231,4
1232,0
1233,1
1234,2
1235,2
1236,4
1237,4
1238,2
1239,0
1240,0
1241,1
1242,0
1243,2
1244,1
1245,2
1246,0
1247,0
1248,4
1249,2
1250,2
1251,1
1252,3
1253,2
1254,2
1255,3
1256,0
1257,3
1258,0
1259,4
1260,5
1261,4
1262,2
1263,1
1264,3
1265,2
1266,3
1267,3
1268,4
1269,5
1270,2
1271,4
1272,2
1273,2
1274,1
1275,3
1276,0
1277,3
1278,0
1279,0
1280,3
1281,0
1282,1
1283,10
1284,1
1285,1
1286,1
1287,0
1288,2
1289,1
1290,3
1291,0
1292,1
1293,3
1294,1
1295,1
1296,3
1297,2
1298,0
1299,3
1300,3
1301,3
1302,4
1303,3
1304,1
1305,3
1306,1
1307,3
1308,0
1309,5
1310,4
1311,1
1312,4
1313,4
1314,2
1315,4
1316,4
1317,2
1318,0
1319,1
1320,1
1321,2
1322,3
1323,2
1324,3
1325,1
1326,1
1327,3
1328,2
1329,3
1330,1
1331,1
1332,0
1333,3
1334,2
1335,2
1336,1
1337,1
1338,0
1339,1
1340,3
1341,0
1342,1
1343,1
1344,3
1345,2
1346,3
1347,3
1348,1
1349,2
1350,1
1351,1
1352,1
1353,0
1354,2
1355,0
1356,2
1357,2
1358,2
1359,2
1360,0
1361,1
1362,1
1363,1
1364,2
1365,2
1366,4
1367,3
1368,2
1369,3
1370,3
1371,2
1372,1
1373,0
1374,4
1375,1
1376,2
1377,1
1378,0
1379,2
1380,0
1381,0
1382,3
1383,5
1384,2
1385,2
1386,2
1387,3
1388,2
1389,2
1390,1
1391,2
1392,3
1393,4
1394,2
1395,1
1396,2
1397,1
1398,2
1399,1
1400,0
1401,3
1402,3
1403,1
1404,0
1405,2
1406,1
1407,1
1408,1
1409,3
1410,2
1411,4
1412,0
1413,2
1414,3
1415,4
1416,2
1417,1
1418,2
1419,3
1420,1
1421,3
1422,1
1423,0
1424,3
1425,4
1426,1
1427,2
1428,2
1429,1
1430,6
1431,3
1432,1
1433,1
1434,0
1435,2
1436,2
1437,1
1438,3
1439,2
1440,2
1441,3
1442,3
1443,1
1444,1
1445,3
1446,2
1447,6
1448,2
1449,3
1450,3
1451,2
1452,3
1453,1
1454,2
1455,1
1456,2
1457,1
1458,3
1459,1
1460,0
1461,2
1462,2
1463,0
1464,1
1465,2
1466,3
1467,3
1468,3
1469,1
1470,3
1471,4
1472,5
1473,1
1474,3
1475,1
1476,1
1477,2
1478,3
1479,4
1480,4
1481,3
1482,2
1483,3
1484,1
1485,1
1486,4
1487,2
1488,2
1489,1
1490,4
1491,3
1492,0
1493,1
1494,1
1495,1
1496,1
1497,1
1498,2
1499,3
1500,0
1501,2
1502,2
1503,2
1504,2
1505,4
1506,1
1507,3
1508,2
1509,5
1510,2
1511,1
1512,2
1513,1
1514,3
1515,2
1516,1
1517,3
1518,1
1519,2
1520,2
1521,0
1522,3
1523,3
1524,3
1525,2
1526,3
1527,1
1528,0
1529,2
1530,4
1531,3
1532,1
1533,2
1534,3
1535,4
1536,2
1537,1
1538,2
1539,1
1540,0
1541,2
1542,4
1543,3
1544,0
1545,4
1546,4
1547,1
1548,0
1549,1
1550,1
1551,2
1552,2
1553,3
1554,3
1555,2
1556,1
1557,4
1558,3
1559,3
1560,4
1561,4
1562,1
1563,5
1564,3
1565,3
1566,2
1567,0
1568,2
1569,4
1570,2
1571,2
1572,1
1573,2
1574,2
1575,1
1576,3
1577,6
1578,2
1579,1
1580,2
1581,2
1582,7
1583,1
1584,2
1585,0
1586,3
1587,0
1588,1
1589,1
1590,1
1591,2
1592,2
1593,1
1594,2
1595,1
1596,4
1597,4
1598,1
1599,1
1600,0
1601,3
1602,4
1603,2
1604,1
1605,0
1606,1
1607,4
1608,3
1609,4
1610,4
1611,0
1612,0
1613,3
1614,3
1615,3
1616,2
1617,0
1618,4
1619,0
1620,0
1621,2
1622,1
1623,1
1624,3
1625,4
1626,3
1627,1
1628,0
1629,1
1630,1
1631,1
1632,4
1633,1
1634,2
1635,0
1636,3
1637,2
1638,1
1639,1
1640,3
1641,0
1642,0
1643,3
1644,2
1645,2
1646,3
1647,2
1648,0
1649,1
1650,0
1651,1
1652,2
1653,4
1654,3
1655,3
1656,2
1657,4
1658,3
1659,0
1660,2
1661,2
1662,1
1663,1
1664,3
1665,2
1666,1
1667,3
1668,3
1669,1
1670,2
1671,1
1672,1
1673,4
1674,0
1675,4
1676,2
1677,3
1678,3
1679,6
1680,2
1681,3
1682,2
1683,0
1684,2
1685,1
1686,2
1687,2
1688,0
1689,3
1690,3
1691,0
1692,1
1693,5
1694,1
1695,1
1696,1
1697,1
1698,2
1699,0
1700,2
1701,3
1702,2
1703,3
1704,2
1705,0
1706,3
1707,1
1708,1
1709,3
1710,1
1711,2
1712,3
1713,1
1714,2
1715,0
1716,0
1717,1
1718,1
1719,2
1720,0
1721,2
1722,4
1723,2
1724,1
1725,0
1726,1
1727,7
1728,0
1729,1
1730,3
1731,0
1732,0
1733,2
1734,4
1735,1
1736,4
1737,2
1738,1
1739,4
1740,1
1741,3
1742,2
1743,5
1744,3
1745,3
1746,1
1747,3
1748,3
1749,3
1750,0
1751,5
1752,1
1753,1
1754,2
1755,4
1756,4
1757,2
1758,0
1759,2
1760,3
1761,2
1762,3
1763,3
1764,2
1765,1
1766,3
1767,1
1768,5
1769,3
1770,1
1771,0
1772,2
1773,0
1774,4
1775,1
1776,0
1777,3
1778,2
1779,2
1780,2
1781,1
1782,1
1783,2
1784,1
1785,4
1786,1
1787,2
1788,0
1789,2
1790,1
1791,1
1792,2
1793,2
1794,1
1795,3
1796,1
1797,2
1798,5
1799,5
1800,1
1801,3
1802,2
1803,2
1804,0
1805,1
1806,1
1807,1
1808,2
1809,2
1810,2
1811,2
1812,2
1813,1
1814,3
1815,2
1816,4
1817,0
1818,2
1819,2
1820,2
1821,3
1822,3
1823,1
1824,1
1825,2
1826,0
1827,2
1828,1
1829,0
1830,1
1831,2
1832,1
1833,2
1834,0
1835,2
1836,1
1837,0
1838,2
1839,2
1840,3
1841,2
1842,2
1843,1
1844,3
1845,4
1846,4
1847,1
1848,1
1849,2
1850,3
1851,2
1852,0
1853,2
1854,0
1855,4
1856,2
1857,2
1858,1
1859,2
1860,2
1861,4
1862,2
1863,2
1864,2
1865,0
1866,2
1867,3
1868,1
1869,3
1870,1
1871,2
1872,1
1873,3
1874,2
1875,2
1876,2
1877,0
1878,1
1879,2
1880,3
1881,2
1882,2
1883,2
1884,2
1885,7
1886,1
1887,2
1888,5
1889,3
1890,2
1891,1
1892,3
1893,0
1894,0
1895,3
1896,1
1897,4
1898,1
1899,3
1900,0
1901,0
1902,2
1903,2
1904,2
1905,5
1906,2
1907,1
1908,1
1909,3
1910,2
1911,2
1912,1
1913,1
1914,4
1915,2
1916,2
1917,0
1918,3
1919,1
1920,0
1921,2
1922,5
1923,1
1924,2
1925,2
1926,4
1927,4
1928,3
1929,2
1930,4
1931,1
1932,1
1933,3
1934,2
1935,2
1936,2
1937,1
1938,1
1939,1
1940,2
1941,3
1942,2
1943,2
1944,2
1945,5
1946,2
1947,1
1948,3
1949,3
1950,1
1951,2
1952,3
1953,4
1954,3
1955,2
1956,2
1957,1
1958,1
1959,1
1960,1
1961,4
1962,2
1963,1
1964,4
1965,2
1966,4
1967,1
1968,0
1969,3
1970,2
1971,1
1972,1
1973,2
1974,4
1975,2
1976,4
1977,1
1978,4
1979,3
1980,2
1981,0
1982,3
1983,1
1984,1
1985,1
1986,2
1987,0
1988,2
1989,2
1990,1
1991,2
1992,2
1993,3
1994,2
1995,2
1996,1
1997,3
1998,1
1999,6
2000,3
2001,2
2002,0
2003,6
2004,2
2005,2
2006,3
2007,0
2008,2
2009,1
2010,0
2011,3
2012,3
2013,1
2014,1
2015,2
2016,0
2017,1
2018,2
2019,2
2020,3
2021,2
2022,4
2023,1
2024,3
2025,1
2026,2
2027,0
2028,2
2029,1
2030,0
2031,0
2032,4
2033,3
2034,2
2035,2
2036,1
2037,1
2038,2
2039,4
2040,4
2041,3
2042,2
2043,1
2044,3
2045,3
2046,0
2047,2
2048,1
2049,0
2050,1
2051,1
2052,4
2053,2
2054,2
2055,1
2056,2
2057,0
2058,2
2059,1
2060,2
2061,2
2062,1
2063,1
2064,4
2065,1
2066,1
2067,1
2068,1
2069,2
2070,3
2071,1
2072,1
2073,1
2074,2
2075,2
2076,1
2077,1
2078,2
2079,5
2080,1
2081,1
2082,1
2083,2
2084,2
2085,3
2086,1
2087,2
2088,3
2089,4
2090,1
2091,2
2092,2
2093,1
2094,1
2095,0
2096,2
2097,2
2098,0
2099,1
2100,3
2101,6
2102,0
2103,1
2104,2
2105,1
2106,1
2107,2
2108,1
2109,4
2110,0
2111,4
2112,3
2113,3
2114,0
2115,0
2116,0
2117,2
2118,1
2119,2
2120,3
2121,2
2122,2
2123,1
2124,3
2125,5
2126,3
2127,3
2128,1
2129,2
2130,2
2131,2
2132,1
2133,0
2134,1
2135,1
2136,1
2137,4
2138,2
2139,3
2140,1
2141,2
2142,1
2143,0
2144,2
2145,2
2146,4
2147,0
2148,0
2149,3
2150,1
2151,4
2152,1
2153,3
2154,3
2155,1
2156,2
2157,0
2158,3
2159,6
2160,2
2161,3
2162,3
2163,3
2164,3
2165,1
2166,2
2167,0
2168,4
2169,3
2170,4
2171,3
2172,2
2173,4
2174,1
2175,1
2176,2
2177,4
2178,1
2179,3
2180,0
2181,0
2182,5
2183,1
2184,3
2185,2
2186,2
2187,2
2188,3
2189,3
2190,0
2191,3
2192,3
2193,2
2194,2
2195,1
2196,1
2197,1
2198,2
2199,1
2200,4
2201,2
2202,4
2203,1
2204,1
2205,2
2206,1
2207,3
2208,0
2209,2
2210,4
2211,1
2212,2
2213,2
2214,3
2215,1
2216,0
2217,1
2218,1
2219,1
2220,1
2221,1
2222,2
2223,2
2224,3
2225,1
2226,0
2227,1
2228,4
2229,1
2230,2
2231,1
2232,1
2233,4
2234,0
2235,0
2236,2
2237,3
2238,0
2239,6
2240,2
2241,0
2242,0
2243,0
2244,3
2245,3
2246,3
2247,4
2248,3
2249,5
2250,1
2251,5
2252,0
2253,6
2254,1
2255,1
2256,2
2257,1
2258,3
2259,4
2260,2
2261,0
2262,2
2263,0
2264,2
2265,2
2266,2
2267,1
2268,4
2269,2
2270,0
2271,2
2272,0
2273,2
2274,2
2275,4
2276,1
2277,0
2278,3
2279,1
2280,0
2281,5
2282,1
2283,1
2284,0
2285,0
2286,3
2287,0
2288,1
2289,2
2290,5
2291,0
2292,2
2293,1
2294,2
2295,4
2296,1
2297,2
2298,3
2299,2
2300,1
2301,2
2302,1
2303,3
2304,1
2305,5
2306,1
2307,1
2308,0
2309,0
2310,2
2311,1
2312,2
2313,0
2314,0
2315,1
2316,4
2317,1
2318,3
2319,2
2320,0
2321,0
2322,2
2323,3
2324,2
2325,3
2326,4
2327,0
2328,2
2329,0
2330,1
2331,2
2332,2
2333,0
2334,3
2335,3
2336,0
2337,0
2338,0
2339,0
2340,1
2341,3
2342,3
2343,4
2344,1
2345,2
2346,2
2347,0
2348,2
2349,1
2350,3
2351,2
2352,1
2353,1
2354,1
2355,2
2356,2
2357,1
2358,3
2359,2
2360,1
2361,5
2362,3
2363,1
2364,3
2365,2
2366,1
2367,0
2368,1
2369,2
2370,1
2371,0
2372,4
2373,2
2374,3
2375,6
2376,5
2377,0
2378,4
2379,2
2380,2
2381,1
2382,3
2383,0
2384,2
2385,1
2386,2
2387,1
2388,0
2389,1
2390,5
2391,2
2392,5
2393,0
2394,4
2395,2
2396,3
2397,1
2398,2
2399,2
2400,4
2401,0
2402,0
2403,0
2404,3
2405,2
2406,3
2407,2
2408,2
2409,1
2410,3
2411,3
2412,5
2413,0
2414,3
2415,3
2416,3
2417,1
2418,2
2419,1
2420,3
2421,2
2422,2
2423,0
2424,3
2425,2
2426,1
2427,0
2428,1
2429,1
2430,3
2431,3
2432,2
2433,3
2434,1
2435,0
2436,2
2437,4
2438,6
2439,2
2440,1
2441,2
2442,1
2443,1
2444,1
2445,2
2446,3
2447,4
2448,3
2449,1
2450,2
2451,4
2452,0
2453,3
2454,3
2455,3
2456,4
2457,2
2458,3
2459,3
2460,0
2461,4
2462,5
2463,3
2464,3
2465,1
2466,2
2467,2
2468,4
2469,4
2470,1
2471,3
2472,2
2473,2
2474,0
2475,1
2476,1
2477,0
2478,0
2479,1
2480,5
2481,0
2482,1
2483,0
2484,3
2485,1
2486,1
2487,2
2488,1
2489,4
2490,1
2491,1
2492,4
2493,1
2494,2
2495,5
2496,1
2497,1
2498,0
2499,0
2500,0
2501,3
2502,2
2503,1
2504,1
2505,4
2506,2
2507,1
2508,2
2509,3
2510,3
2511,3
2512,2
2513,1
2514,2
2515,1
2516,0
2517,8
2518,3
2519,0
2520,5
2521,5
2522,0
2523,3
2524,1
2525,2
2526,2
2527,4
2528,1
2529,1
2530,0
2531,3
2532,2
2533,3
2534,2
2535,5
2536,2
2537,2
2538,1
2539,3
2540,2
2541,1
2542,1
2543,2
2544,1
2545,1
2546,2
2547,5
2548,2
2549,0
2550,3
2551,2
2552,6
2553,1
2554,2
2555,3
2556,0
2557,3
2558,1
2559,2
2560,1
2561,1
2562,3
2563,2
2564,1
2565,2
2566,1
2567,1
2568,3
2569,0
2570,4
2571,0
2572,2
2573,2
2574,2
2575,4
2576,5
2577,0
2578,1
2579,4
2580,4
2581,1
2582,1
2583,3
2584,3
2585,1
2586,3
2587,1
2588,0
2589,1
2590,0
2591,0
2592,3
2593,2
2594,3
2595,1
2596,2
2597,3
2598,3
2599,0
2600,1
2601,1
2602,2
2603,1
2604,3
2605,1
2606,1
2607,2
2608,1
2609,0
2610,2
2611,1
2612,3
2613,3
2614,7
2615,0
2616,2
2617,2
2618,0
2619,2
2620,3
2621,1
2622,0
2623,2
2624,3
2625,1
2626,2
2627,2
2628,1
2629,2
2630,2
2631,2
2632,3
2633,1
2634,3
2635,0
2636,2
2637,1
2638,1
2639,0
2640,3
2641,1
2642,2
2643,4
2644,1
2645,1
2646,2
2647,2
2648,1
2649,1
2650,4
2651,1
2652,1
2653,1
2654,3
2655,2
2656,1
2657,0
2658,1
2659,0
2660,3
2661,2
2662,0
2663,1
2664,0
2665,2
2666,0
2667,3
2668,2
2669,1
2670,5
2671,5
2672,2
2673,3
2674,2
2675,2
2676,3
2677,0
2678,1
2679,1
2680,2
2681,1
2682,0
2683,1
2684,1
2685,3
2686,1
2687,1
2688,3
2689,1
2690,0
2691,2
2692,4
2693,1
2694,1
2695,2
2696,4
2697,1
2698,1
2699,3
2700,4
2701,1
2702,4
2703,4
2704,1
2705,5
2706,3
2707,2
2708,1
2709,2
2710,3
2711,3
2712,1
2713,1
2714,2
2715,1
2716,1
2717,3
2718,2
2719,2
2720,2
2721,4
2722,1
2723,1
2724,2
2725,1
2726,0
2727,4
2728,2
2729,0
2730,1
2731,1
2732,2
2733,4
2734,5
2735,1
2736,4
2737,1
2738,2
2739,2
2740,0
2741,4
2742,2
2743,2
2744,2
2745,1
2746,2
2747,3
2748,1
2749,3
2750,2
2751,2
2752,1
2753,3
2754,4
2755,1
2756,3
2757,3
2758,1
2759,2
2760,1
2761,0
2762,6
2763,3
2764,3
2765,1
2766,3
2767,2
2768,0
2769,2
2770,3
2771,1
2772,1
2773,1
2774,1
2775,4
2776,2
2777,7
2778,0
2779,2
2780,2
2781,4
2782,3
2783,5
2784,2
2785,3
2786,1
2787,0
2788,2
2789,3
2790,1
2791,0
2792,0
2793,2
2794,2
2795,3
2796,2
2797,5
2798,2
2799,3
2800,3
2801,4
2802,2
2803,2
2804,2
2805,3
2806,2
2807,3
2808,1
2809,1
2810,1
2811,2
2812,1
2813,4
2814,2
2815,2
2816,1
2817,1
2818,0
2819,0
2820,1
2821,0
2822,2
2823,4
2824,3
2825,5
2826,3
2827,2
2828,5
2829,2
2830,1
2831,1
2832,2
2833,3
2834,0
2835,2
2836,0
2837,1
2838,3
2839,1
2840,2
2841,3
2842,3
2843,3
2844,2
2845,2
2846,1
2847,5
2848,0
2849,0
2850,1
2851,2
2852,1
2853,3
2854,3
2855,2
2856,1
2857,2
2858,3
2859,5
2860,2
2861,2
2862,1
2863,2
2864,0
2865,1
2866,0
2867,2
2868,2
2869,4
2870,2
2871,0
2872,3
2873,2
2874,1
2875,0
2876,0
2877,3
2878,3
2879,3
2880,2
2881,4
2882,3
2883,1
2884,1
2885,3
2886,4
2887,0
2888,1
2889,1
2890,4
2891,0
2892,0
2893,1
2894,1
2895,1
2896,2
2897,2
2898,0
2899,2
2900,0
2901,3
2902,1
2903,5
2904,1
2905,0
2906,2
2907,3
2908,1
2909,0
2910,2
2911,1
2912,3
2913,4
2914,3
2915,2
2916,2
2917,0
2918,3
2919,4
2920,2
2921,2
2922,1
2923,0
2924,3
2925,5
2926,4
2927,3
2928,2
2929,0
2930,0
2931,0
2932,0
2933,3
2934,2
2935,2
2936,1
2937,4
2938,2
2939,1
2940,1
2941,4
2942,1
2943,2
2944,1
2945,0
2946,1
2947,2
2948,2
2949,1
2950,4
2951,1
2952,3
2953,2
2954,0
2955,1
2956,2
2957,3
2958,1
2959,7
2960,1
2961,1
2962,2
2963,2
2964,2
2965,0
2966,3
2967,5
2968,2
2969,1
2970,0
2971,1
2972,2
2973,1
2974,1
2975,4
2976,1
2977,2
2978,2
2979,0
2980,0
2981,1
2982,3
2983,1
2984,1
2985,2
2986,4
2987,3
2988,1
2989,3
2990,3
2991,1
2992,0
2993,2
2994,0
2995,2
2996,1
2997,0
2998,2
2999,5
3000,0
3001,1
3002,1
3003,2
3004,2
3005,2
3006,1
3007,3
3008,3
3009,3
3010,3
3011,2
3012,1
3013,3
3014,2
3015,4
3016,1
3017,4
3018,1
3019,1
3020,2
3021,0
3022,1
3023,2
3024,2
3025,2
3026,1
3027,2
3028,4
3029,4
3030,0
3031,1
3032,3
3033,2
3034,2
3035,1
3036,1
3037,2
3038,2
3039,1
3040,1
3041,4
3042,4
3043,3
3044,1
3045,1
3046,2
3047,2
3048,0
3049,2
3050,1
3051,0
3052,1
3053,4
3054,3
3055,2
3056,1
3057,0
3058,3
3059,2
3060,1
3061,2
3062,1
3063,0
3064,0
3065,4
3066,1
3067,2
3068,1
3069,1
3070,5
3071,1
3072,3
3073,1
3074,1
3075,1
3076,3
3077,1
3078,3
3079,4
3080,2
3081,1
3082,2
3083,3
3084,2
3085,2
3086,2
3087,1
3088,1
3089,2
3090,2
3091,3
3092,3
3093,0
3094,2
3095,0
3096,4
3097,4
3098,0
3099,3
3100,1
3101,0
3102,2
3103,3
3104,0
3105,3
3106,3
3107,4
3108,1
3109,3
3110,1
3111,3
3112,0
3113,3
3114,1
3115,1
3116,1
3117,4
3118,3
3119,3
3120,2
3121,2
3122,2
3123,2
3124,6
3125,2
3126,1
3127,2
3128,1
3129,0
3130,3
3131,1
3132,3
3133,3
3134,3
3135,4
3136,1
3137,0
3138,1
3139,2
3140,3
3141,2
3142,0
3143,4
3144,5
3145,3
3146,3
3147,1
3148,2
3149,2
3150,1
3151,2
3152,2
3153,2
3154,5
3155,4
3156,2
3157,1
3158,3
3159,1
3160,3
3161,1
3162,2
3163,3
3164,1
3165,0
3166,4
3167,2
3168,1
3169,2
3170,3
3171,2
3172,0
3173,5
3174,3
3175,0
3176,2
3177,3
3178,1
3179,3
3180,4
3181,1
3182,6
3183,3
3184,4
3185,2
3186,1
3187,1
3188,1
3189,1
3190,3
3191,2
3192,2
3193,4
3194,0
3195,1
3196,0
3197,1
3198,3
3199,1
3200,4
3201,1
3202,4
3203,1
3204,2
3205,2
3206,3
3207,2
3208,1
3209,0
3210,2
3211,2
3212,6
3213,3
3214,0
3215,1
3216,0
3217,1
3218,1
3219,2
3220,2
3221,1
3222,2
3223,5
3224,3
3225,0
3226,4
3227,0
3228,2
3229,1
3230,1
3231,4
3232,3
3233,2
3234,2
3235,1
3236,1
3237,3
3238,1
3239,1
3240,3
3241,1
3242,6
3243,1
3244,2
3245,3
3246,0
3247,2
3248,2
3249,1
3250,0
3251,2
3252,2
3253,1
3254,1
3255,2
3256,0
3257,5
3258,0
3259,2
3260,3
3261,2
3262,3
3263,2
3264,5
3265,3
3266,1
3267,1
3268,2
3269,1
3270,1
3271,3
3272,0
3273,3
3274,5
3275,1
3276,2
3277,3
3278,2
3279,0
3280,3
3281,5
3282,4
3283,2
3284,5
3285,4
3286,2
3287,3
3288,2
3289,2
3290,2
3291,4
3292,3
3293,0
3294,2
3295,7
3296,1
3297,2
3298,2
3299,1
3300,1
3301,2
3302,1
3303,1
3304,4
3305,3
3306,0
3307,2
3308,2
3309,1
3310,3
3311,1
3312,5
3313,4
3314,6
3315,0
3316,0
3317,1
3318,1
3319,0
3320,1
3321,0
3322,4
3323,0
3324,1
3325,3
3326,0
3327,2
3328,1
3329,3
3330,4
3331,1
3332,3
3333,1
3334,0
3335,2
3336,1
3337,1
3338,1
3339,2
3340,0
3341,2
3342,2
3343,1
3344,2
3345,3
3346,3
3347,4
3348,0
3349,2
3350,2
3351,2
3352,2
3353,5
3354,1
3355,1
3356,2
3357,2
3358,2
3359,1
3360,0
3361,3
3362,2
3363,1
3364,3
3365,0
3366,4
3367,3
3368,2
3369,0
3370,0
3371,3
3372,1
3373,2
3374,4
3375,2
3376,7
3377,1
3378,1
3379,2
3380,1
3381,1
3382,3
3383,0
3384,0
3385,3
3386,1
3387,5
3388,4
3389,1
3390,2
3391,1
3392,0
3393,2
3394,2
3395,4
3396,1
3397,1
3398,5
3399,3
3400,1
3401,1
3402,1
3403,1
3404,3
3405,3
3406,0
3407,1
3408,2
3409,5
3410,1
3411,3
3412,3
3413,0
3414,3
3415,4
3416,2
3417,0
3418,2
3419,2
3420,3
3421,2
3422,0
3423,0
3424,2
3425,2
3426,2
3427,2
3428,2
3429,1
3430,2
3431,1
3432,1
3433,1
3434,6
3435,3
3436,1
3437,1
3438,2
3439,0
3440,3
3441,2
3442,0
3443,2
3444,3
3445,1
3446,3
3447,0
3448,1
3449,3
3450,1
3451,1
3452,2
3453,0
3454,1
3455,6
3456,0
3457,1
3458,0
3459,2
3460,2
3461,3
3462,3
3463,2
3464,1
3465,1
3466,1
3467,3
3468,1
3469,4
3470,1
3471,1
3472,0
3473,2
3474,0
3475,0
3476,4
3477,1
3478,2
3479,0
3480,2
3481,2
3482,3
3483,2
3484,1
3485,4
3486,5
3487,1
3488,2
3489,1
3490,3
3491,4
3492,0
3493,1
3494,0
3495,1
3496,1
3497,0
3498,4
3499,4
3500,0
3501,1
3502,3
3503,1
3504,2
3505,0
3506,3
3507,3
3508,1
3509,1
3510,2
3511,2
3512,2
3513,1
3514,1
3515,1
3516,2
3517,0
3518,2
3519,1
3520,1
3521,2
3522,1
3523,2
3524,2
3525,2
3526,2
3527,3
3528,5
3529,1
3530,1
3531,0
3532,2
3533,5
3534,1
3535,2
3536,3
3537,4
3538,1
3539,1
3540,1
3541,5
3542,1
3543,0
3544,5
3545,2
3546,1
3547,1
3548,0
3549,1
3550,5
3551,1
3552,0
3553,3
3554,0
3555,2
3556,2
3557,1
3558,1
3559,2
3560,2
3561,3
3562,5
3563,3
3564,2
3565,2
3566,1
3567,0
3568,1
3569,0
3570,0
3571,3
3572,4
3573,1
3574,2
3575,3
3576,2
3577,4
3578,1
3579,1
3580,4
3581,1
3582,5
3583,0
3584,2
3585,0
3586,2
3587,0
3588,2
3589,2
3590,1
3591,2
3592,3
3593,2
3594,8
3595,4
3596,3
3597,1
3598,1
3599,0
3600,0
3601,2
3602,3
3603,0
3604,2
3605,2
3606,6
3607,1
3608,3
3609,2
3610,3
3611,2
3612,0
3613,3
3614,2
3615,0
3616,4
3617,2
3618,5
3619,1
3620,2
3621,1
3622,3
3623,1
3624,0
3625,1
3626,3
3627,0
3628,3
3629,2
3630,2
3631,2
3632,2
3633,1
3634,1
3635,2
3636,1
3637,3
3638,2
3639,3
3640,0
3641,1
3642,2
3643,1
3644,0
3645,2
3646,2
3647,2
3648,0
3649,1
3650,4
3651,3
3652,2
3653,2
3654,1
3655,1
3656,2
3657,1
3658,1
3659,2
3660,0
3661,2
3662,2
3663,1
3664,4
3665,1
3666,3
3667,1
3668,0
3669,5
3670,0
3671,0
3672,0
3673,0
3674,2
3675,0
3676,2
3677,3
3678,0
3679,2
3680,1
3681,2
3682,1
3683,1
3684,3
3685,3
3686,1
3687,0
3688,1
3689,2
3690,3
3691,1
3692,6
3693,3
3694,1
3695,2
3696,2
3697,1
3698,1
3699,2
3700,1
3701,0
3702,1
3703,1
3704,2
3705,4
3706,2
3707,0
3708,4
3709,2
3710,4
3711,3
3712,0
3713,2
3714,3
3715,2
3716,2
3717,6
3718,1
3719,2
3720,0
3721,1
3722,3
3723,3
3724,1
3725,1
3726,1
3727,0
3728,4
3729,1
3730,4
3731,2
3732,1
3733,5
3734,0
3735,1
3736,1
3737,1
3738,1
3739,2
3740,0
3741,3
3742,1
3743,1
3744,0
3745,2
3746,3
3747,0
3748,3
3749,3
3750,2
3751,5
3752,2
3753,1
3754,2
3755,3
3756,3
3757,4
3758,0
3759,6
3760,2
3761,3
3762,2
3763,0
3764,3
3765,2
3766,4
3767,1
3768,0
3769,1
3770,3
3771,3
3772,2
3773,1
3774,3
3775,0
3776,0
3777,2
3778,1
3779,1
3780,2
3781,1
3782,3
3783,3
3784,1
3785,3
3786,1
3787,0
3788,1
3789,2
3790,1
3791,1
3792,2
3793,2
3794,2
3795,2
3796,3
3797,2
3798,2
3799,3
3800,0
3801,1
3802,4
3803,2
3804,0
3805,2
3806,3
3807,1
3808,2
3809,2
3810,2
3811,1
3812,0
3813,1
3814,0
3815,1
3816,2
3817,2
3818,2
3819,4
3820,2
3821,2
3822,2
3823,2
3824,2
3825,1
3826,1
3827,1
3828,2
3829,2
3830,2
3831,1
3832,2
3833,4
3834,2
3835,0
3836,3
3837,1
3838,2
3839,3
3840,4
3841,4
3842,1
3843,2
3844,2
3845,3
3846,2
3847,4
3848,4
3849,4
3850,1
3851,0
3852,0
3853,4
3854,4
3855,2
3856,0
3857,2
3858,1
3859,2
3860,1
3861,2
3862,3
3863,1
3864,1
3865,1
3866,2
3867,1
3868,3
3869,0
3870,3
3871,1
3872,1
3873,1
3874,3
3875,2
3876,2
3877,1
3878,1
3879,4
3880,4
3881,3
3882,3
3883,5
3884,1
3885,1
3886,2
3887,3
3888,4
3889,0
3890,1
3891,0
3892,2
3893,1
3894,2
3895,0
3896,2
3897,1
3898,5
3899,1
3900,1
3901,2
3902,3
3903,3
3904,6
3905,3
3906,0
3907,1
3908,3
3909,3
3910,3
3911,0
3912,1
3913,2
3914,1
3915,1
3916,0
3917,0
3918,2
3919,0
3920,1
3921,2
3922,1
3923,0
3924,4
3925,1
3926,4
3927,0
3928,3
3929,4
3930,1
3931,1
3932,2
3933,2
3934,5
3935,4
3936,1
3937,2
3938,2
3939,0
3940,2
3941,2
3942,1
3943,2
3944,1
3945,0
3946,2
3947,2
3948,5
3949,4
3950,1
3951,0
3952,3
3953,2
3954,1
3955,1
3956,0
3957,2
3958,1
3959,3
3960,1
3961,2
3962,0
3963,0
3964,1
3965,1
3966,2
3967,5
3968,1
3969,0
3970,1
3971,4
3972,1
3973,1
3974,2
3975,0
3976,2
3977,2
3978,1
3979,2
3980,1
3981,0
3982,5
3983,2
3984,4
3985,1
3986,4
3987,0
3988,1
3989,0
3990,1
3991,4
3992,3
3993,1
3994,6
3995,0
3996,3
3997,2
3998,1
3999,3
4000,2
4001,1
4002,1
4003,3
4004,0
4005,2
4006,0
4007,2
4008,2
4009,2
4010,1
4011,4
4012,3
4013,2
4014,1
4015,0
4016,5
4017,2
4018,1
4019,2
4020,2
4021,1
4022,1
4023,1
4024,2
4025,1
4026,2
4027,3
4028,1
4029,2
4030,3
4031,2
4032,2
4033,2
4034,3
4035,3
4036,1
4037,1
4038,2
4039,4
4040,3
4041,1
4042,1
4043,2
4044,3
4045,1
4046,3
4047,1
4048,1
4049,3
4050,1
4051,0
4052,1
4053,3
4054,4
4055,0
4056,1
4057,3
4058,0
4059,4
4060,3
4061,1
4062,2
4063,1
4064,4
4065,2
4066,0
4067,3
4068,2
4069,0
4070,1
4071,2
4072,2
4073,5
4074,0
4075,2
4076,2
4077,2
4078,3
4079,0
4080,2
4081,4
4082,4
4083,0
4084,0
4085,1
4086,1
4087,3
4088,3
4089,3
4090,2
4091,3
4092,1
4093,4
4094,1
4095,2
4096,0
4097,5
4098,4
4099,2
4100,0
4101,0
4102,5
4103,2
4104,3
4105,1
4106,2
4107,2
4108,2
4109,3
4110,1
4111,1
4112,1
4113,1
4114,1
4115,3
4116,1
4117,1
4118,3
4119,2
4120,1
4121,3
4122,1
4123,2
4124,2
4125,1
4126,2
4127,2
4128,2
4129,3
4130,2
4131,4
4132,0
4133,2
4134,1
4135,3
4136,1
4137,2
4138,4
4139,2
4140,0
4141,2
4142,2
4143,2
4144,6
4145,1
4146,2
4147,3
4148,2
4149,1
4150,6
4151,3
4152,0
4153,4
4154,3
4155,2
4156,1
4157,5
4158,1
4159,1
4160,2
4161,1
4162,2
4163,2
4164,5
4165,3
4166,1
4167,1
4168,1
4169,1
4170,1
4171,2
4172,4
4173,4
4174,0
4175,2
4176,0
4177,2
4178,3
4179,0
4180,1
4181,4
4182,1
4183,0
4184,2
4185,1
4186,4
4187,2
4188,0
4189,1
4190,2
4191,3
4192,2
4193,2
4194,1
4195,1
4196,3
4197,2
4198,1
4199,3
4200,4
4201,3
4202,0
4203,5
4204,2
4205,2
4206,2
4207,3
4208,1
4209,4
4210,1
4211,0
4212,2
4213,2
4214,2
4215,1
4216,5
4217,2
4218,2
4219,2
4220,2
4221,1
4222,1
4223,3
4224,2
4225,3
4226,1
4227,0
4228,1
4229,5
4230,3
4231,1
4232,1
4233,5
4234,4
4235,1
4236,2
4237,3
4238,1
4239,1
4240,2
4241,0
4242,2
4243,1
4244,0
4245,0
4246,2
4247,2
4248,3
4249,1
4250,2
4251,3
4252,2
4253,1
4254,3
4255,2
4256,1
4257,2
4258,2
4259,5
4260,4
4261,1
4262,2
4263,1
4264,0
4265,2
4266,0
4267,2
4268,1
4269,4
4270,2
4271,1
4272,0
4273,5
4274,3
4275,1
4276,1
4277,6
4278,2
4279,4
4280,1
4281,0
4282,0
4283,7
4284,1
4285,2
4286,4
4287,1
4288,5
4289,0
4290,1
4291,2
4292,1
4293,1
4294,3
4295,3
4296,3
4297,4
4298,1
4299,4
4300,1
4301,1
4302,4
4303,3
4304,3
4305,0
4306,1
4307,2
4308,5
4309,2
4310,3
4311,3
4312,0
4313,3
4314,1
4315,1
4316,0
4317,2
4318,1
4319,4
4320,2
4321,3
4322,0
4323,0
4324,2
4325,2
4326,1
4327,3
4328,3
4329,1
4330,0
4331,2
4332,0
4333,1
4334,3
4335,1
4336,4
4337,3
4338,3
4339,1
4340,4
4341,3
4342,4
4343,5
4344,2
4345,0
4346,0
4347,0
4348,0
4349,4
4350,2
4351,2
4352,1
4353,0
4354,1
4355,3
4356,0
4357,2
4358,0
4359,2
4360,3
4361,0
4362,0
4363,1
4364,0
4365,0
4366,1
4367,3
4368,2
4369,3
4370,1
4371,1
4372,1
4373,5
4374,1
4375,5
4376,2
4377,1
4378,4
4379,3
4380,1
4381,2
4382,3
4383,2
4384,3
4385,2
4386,2
4387,1
4388,1
4389,2
4390,3
4391,4
4392,2
4393,0
4394,0
4395,2
4396,1
4397,2
4398,1
4399,0
4400,4
4401,1
4402,3
4403,5
4404,4
4405,4
4406,1
4407,0
4408,0
4409,0
4410,2
4411,2
4412,1
4413,0
4414,2
4415,3
4416,3
4417,0
4418,3
4419,1
4420,1
4421,2
4422,4
4423,1
4424,0
4425,5
4426,4
4427,2
4428,1
4429,0
4430,3
4431,4
4432,3
4433,0
4434,5
4435,1
4436,2
4437,6
4438,0
4439,1
4440,1
4441,2
4442,0
4443,2
4444,0
4445,1
4446,1
4447,4
4448,1
4449,2
4450,0
4451,1
4452,2
4453,3
4454,0
4455,4
4456,0
4457,3
4458,1
4459,0
4460,2
4461,1
4462,0
4463,2
4464,1
4465,1
4466,1
4467,0
4468,1
4469,3
4470,0
4471,1
4472,0
4473,2
4474,1
4475,3
4476,2
4477,4
4478,1
4479,1
4480,1
4481,1
4482,2
4483,1
4484,2
4485,3
4486,2
4487,3
4488,2
4489,2
4490,0
4491,4
4492,2
4493,3
4494,1
4495,2
4496,1
4497,3
4498,1
4499,0
4500,1
4501,2
4502,0
4503,3
4504,2
4505,1
4506,5
4507,1
4508,2
4509,1
4510,2
4511,3
4512,2
4513,0
4514,1
4515,2
4516,1
4517,2
4518,0
4519,2
4520,6
4521,4
4522,1
4523,2
4524,1
4525,1
4526,0
4527,2
4528,3
4529,0
4530,3
4531,1
4532,3
4533,2
4534,1
4535,1
4536,3
4537,2
4538,2
4539,2
4540,0
4541,5
4542,1
4543,2
4544,1
4545,4
4546,3
4547,2
4548,2
4549,1
4550,4
4551,0
4552,4
4553,2
4554,3
4555,2
4556,4
4557,3
4558,2
4559,2
4560,1
4561,2
4562,3
4563,2
4564,3
4565,1
4566,5
4567,1
4568,3
4569,2
4570,2
4571,4
4572,0
4573,2
4574,3
4575,2
4576,5
4577,1
4578,2
4579,3
4580,1
4581,1
4582,3
4583,0
4584,2
4585,3
4586,2
4587,2
4588,0
4589,5
4590,0
4591,2
4592,3
4593,4
4594,3
4595,2
4596,4
4597,1
4598,3
4599,1
4600,1
4601,2
4602,1
4603,3
4604,3
4605,3
4606,1
4607,5
4608,3
4609,1
4610,2
4611,0
4612,3
4613,2
4614,1
4615,2
4616,1
4617,0
4618,3
4619,0
4620,1
4621,2
4622,2
4623,1
4624,0
4625,0
4626,2
4627,2
4628,1
4629,4
4630,3
4631,1
4632,2
4633,2
4634,3
4635,1
4636,3
4637,4
4638,1
4639,1
4640,2
4641,2
4642,0
4643,7
4644,1
4645,2
4646,3
4647,0
4648,0
4649,1
4650,5
4651,2
4652,1
4653,0
4654,4
4655,6
4656,3
4657,2
4658,6
4659,2
4660,1
4661,2
4662,1
4663,1
4664,4
4665,2
4666,0
4667,3
4668,2
4669,1
4670,1
4671,3
4672,1
4673,2
4674,1
4675,2
4676,1
4677,5
4678,1
4679,0
4680,1
4681,2
4682,6
4683,2
4684,0
4685,0
4686,3
4687,1
4688,2
4689,4
4690,2
4691,1
4692,2
4693,1
4694,3
4695,3
4696,2
4697,2
4698,0
4699,0
4700,4
4701,1
4702,1
4703,1
4704,0
4705,2
4706,2
4707,1
4708,6
4709,3
4710,2
4711,2
4712,2
4713,1
4714,2
4715,1
4716,3
4717,2
4718,0
4719,4
4720,1
4721,2
4722,0
4723,2
4724,2
4725,0
4726,0
4727,3
4728,3
4729,4
4730,3
4731,3
4732,2
4733,2
4734,2
4735,1
4736,1
4737,3
4738,0
4739,2
4740,4
4741,0
4742,2
4743,1
4744,3
4745,3
4746,3
4747,1
4748,2
4749,4
4750,5
4751,2
4752,2
4753,1
4754,2
4755,0
4756,4
4757,2
4758,0
4759,1
4760,5
4761,1
4762,1
4763,3
4764,6
4765,1
4766,0
4767,4
4768,3
4769,5
4770,1
4771,2
4772,2
4773,1
4774,3
4775,2
4776,1
4777,1
4778,2
4779,0
4780,0
4781,0
4782,3
4783,0
4784,0
4785,3
4786,2
4787,3
4788,3
4789,2
4790,2
4791,3
4792,1
4793,0
4794,1
4795,0
4796,1
4797,4
4798,3
4799,3
4800,1
4801,2
4802,3
4803,4
4804,3
4805,2
4806,1
4807,1
4808,1
4809,2
4810,2
4811,3
4812,3
4813,3
4814,3
4815,1
4816,2
4817,1
4818,1
4819,1
4820,0
4821,5
4822,3
4823,3
4824,1
4825,2
4826,3
4827,2
4828,4
4829,1
4830,0
4831,1
4832,2
4833,2
4834,1
4835,1
4836,1
4837,3
4838,2
4839,1
4840,2
4841,3
4842,3
4843,0
4844,5
4845,1
4846,2
4847,4
4848,1
4849,2
4850,2
4851,4
4852,3
4853,6
4854,0
4855,2
4856,2
4857,1
4858,1
4859,1
4860,3
4861,0
4862,0
4863,3
4864,1
4865,1
4866,2
4867,1
4868,4
4869,2
4870,1
4871,2
4872,1
4873,1
4874,1
4875,4
4876,4
4877,1
4878,2
4879,0
4880,2
4881,4
4882,2
4883,3
4884,0
4885,1
4886,2
4887,1
4888,1
4889,4
4890,2
4891,1
4892,1
4893,3
4894,2
4895,2
4896,2
4897,4
4898,2
4899,0
4900,2
4901,1
4902,0
4903,6
4904,1
4905,1
4906,4
4907,1
4908,3
4909,3
4910,0
4911,0
4912,1
4913,4
4914,3
4915,4
4916,0
4917,1
4918,0
4919,4
4920,0
4921,1
4922,5
4923,3
4924,1
4925,0
4926,4
4927,4
4928,3
4929,4
4930,4
4931,3
4932,5
4933,0
4934,3
4935,2
4936,4
4937,4
4938,3
4939,1
4940,0
4941,2
4942,3
4943,2
4944,0
4945,1
4946,2
4947,1
4948,1
4949,2
4950,0
4951,0
4952,2
4953,2
4954,0
4955,4
4956,1
4957,2
4958,3
4959,1
4960,1
4961,1
4962,4
4963,2
4964,3
4965,3
4966,3
4967,1
4968,3
4969,1
4970,0
4971,0
4972,0
4973,2
4974,2
4975,0
4976,2
4977,1
4978,0
4979,0
4980,2
4981,1
4982,0
4983,1
4984,4
4985,2
4986,1
4987,1
4988,3
4989,2
4990,0
4991,1
4992,1
4993,4
4994,3
4995,2
4996,2
4997,3
4998,3
4999,2
5000,0
5001,0
5002,1
5003,3
5004,0
5005,1
5006,4
5007,4
5008,2
5009,3
5010,4
5011,0
5012,4
5013,1
5014,1
5015,5
5016,1
5017,2
5018,3
5019,2
5020,1
5021,1
5022,4
5023,2
5024,6
5025,2
5026,1
5027,1
5028,0
5029,2
5030,2
5031,3
5032,3
5033,2
5034,2
5035,2
5036,3
5037,1
5038,0
5039,2
5040,0
5041,1
5042,1
5043,2
5044,1
5045,3
5046,2
5047,3
5048,2
5049,0
5050,1
5051,1
5052,3
5053,2
5054,3
5055,4
5056,3
5057,2
5058,1
5059,2
5060,0
5061,1
5062,3
5063,0
5064,1
5065,1
5066,2
5067,1
5068,2
5069,2
5070,3
5071,1
5072,1
5073,2
5074,0
5075,1
5076,3
5077,1
5078,0
5079,1
5080,2
5081,2
5082,0
5083,2
5084,0
5085,0
5086,2
5087,3
5088,2
5089,1
5090,1
5091,3
5092,1
5093,1
5094,2
5095,5
5096,2
5097,0
5098,3
5099,1
5100,0
5101,2
5102,3
5103,0
5104,2
5105,1
5106,1
5107,3
5108,0
5109,2
5110,3
5111,1
5112,0
5113,4
5114,2
5115,1
5116,3
5117,5
5118,4
5119,2
5120,2
5121,0
5122,1
5123,2
5124,2
5125,4
5126,3
5127,1
5128,3
5129,2
5130,2
5131,1
5132,5
5133,1
5134,1
5135,1
5136,1
5137,2
5138,1
5139,6
5140,0
5141,2
5142,1
5143,3
5144,3
5145,3
5146,3
5147,3
5148,2
5149,5
5150,2
5151,0
5152,0
5153,1
5154,1
5155,2
5156,1
5157,0
5158,3
5159,1
5160,1
5161,4
5162,4
5163,0
5164,2
5165,2
5166,3
5167,2
5168,3
5169,1
5170,0
5171,2
5172,2
5173,1
5174,2
5175,3
5176,1
5177,0
5178,1
5179,3
5180,3
5181,0
5182,0
5183,5
5184,0
5185,3
5186,0
5187,3
5188,4
5189,2
5190,1
5191,4
5192,0
5193,2
5194,4
5195,3
5196,2
5197,1
5198,2
5199,4
5200,4
5201,0
5202,1
5203,5
5204,1
5205,1
5206,2
5207,2
5208,2
5209,3
5210,3
5211,0
5212,3
5213,3
5214,2
5215,1
5216,2
5217,0
5218,1
5219,1
5220,0
5221,2
5222,5
5223,0
5224,2
5225,3
5226,1
5227,0
5228,5
5229,0
5230,1
5231,4
5232,3
5233,1
5234,1
5235,1
5236,4
5237,2
5238,3
5239,2
5240,1
5241,3
5242,1
5243,3
5244,1
5245,5
5246,2
5247,2
5248,1
5249,3
5250,3
5251,3
5252,0
5253,1
5254,4
5255,1
5256,4
5257,1
5258,1
5259,2
5260,1
5261,4
5262,2
5263,4
5264,1
5265,1
5266,4
5267,1
5268,2
5269,3
5270,2
5271,3
5272,5
5273,2
5274,2
5275,2
5276,0
5277,1
5278,1
5279,0
5280,2
5281,1
5282,2
5283,2
5284,2
5285,1
5286,2
5287,3
5288,2
5289,3
5290,1
5291,2
5292,0
5293,1
5294,3
5295,1
5296,1
5297,1
5298,2
5299,4
5300,1
5301,4
5302,1
5303,3
5304,4
5305,2
5306,1
5307,1
5308,2
5309,0
5310,1
5311,3
5312,1
5313,0
5314,3
5315,0
5316,3
5317,1
5318,3
5319,0
5320,3
5321,1
5322,3
5323,1
5324,2
5325,2
5326,1
5327,0
5328,1
5329,1
5330,2
5331,4
5332,2
5333,1
5334,3
5335,2
5336,1
5337,2
5338,3
5339,2
5340,3
5341,2
5342,5
5343,0
5344,2
5345,1
5346,3
5347,2
5348,2
5349,4
5350,7
5351,0
5352,3
5353,2
5354,0
5355,4
5356,3
5357,3
5358,2
5359,2
5360,1
5361,2
5362,1
5363,0
5364,2
5365,0
5366,1
5367,4
5368,0
5369,2
5370,1
5371,5
5372,3
5373,1
5374,1
5375,0
5376,2
5377,1
5378,0
5379,5
5380,3
5381,1
5382,2
5383,2
5384,2
5385,1
5386,1
5387,3
5388,2
5389,1
5390,2
5391,1
5392,2
5393,2
5394,1
5395,1
5396,1
5397,2
5398,1
5399,3
5400,1
5401,1
5402,2
5403,1
5404,3
5405,1
5406,3
5407,1
5408,3
5409,3
5410,1
5411,3
5412,5
5413,0
5414,1
5415,1
5416,3
5417,0
5418,1
5419,2
5420,4
5421,0
5422,2
5423,2
5424,2
5425,2
5426,2
5427,1
5428,1
5429,2
5430,2
5431,2
5432,3
5433,1
5434,1
5435,5
5436,4
5437,2
5438,5
5439,2
5440,1
5441,2
5442,1
5443,1
5444,3
5445,1
5446,2
5447,0
5448,2
5449,0
5450,1
5451,3
5452,3
5453,0
5454,2
5455,1
5456,3
5457,1
5458,4
5459,4
5460,1
5461,3
5462,4
5463,3
5464,4
5465,2
5466,1
5467,2
5468,2
5469,3
5470,1
5471,1
5472,2
5473,3
5474,2
5475,1
5476,1
5477,2
5478,2
5479,1
5480,1
5481,0
5482,1
5483,3
5484,1
5485,2
5486,2
5487,3
5488,2
5489,4
5490,1
5491,1
5492,4
5493,1
5494,2
5495,3
5496,2
5497,0
5498,1
5499,2
5500,4
5501,1
5502,2
5503,2
5504,3
5505,1
5506,5
5507,1
5508,0
5509,1
5510,5
5511,3
5512,3
5513,3
5514,0
5515,3
5516,0
5517,4
5518,3
5519,1
5520,0
5521,1
5522,1
5523,3
5524,3
5525,1
5526,3
5527,1
5528,1
5529,2
5530,1
5531,3
5532,3
5533,2
5534,3
5535,1
5536,1
5537,0
5538,2
5539,0
5540,2
5541,0
5542,1
5543,3
5544,4
5545,1
5546,1
5547,2
5548,1
5549,2
5550,1
5551,2
5552,3
5553,1
5554,1
5555,1
5556,4
5557,5
5558,1
5559,3
5560,2
5561,1
5562,2
5563,1
5564,0
5565,2
5566,3
5567,5
5568,5
5569,2
5570,2
5571,0
5572,3
5573,1
5574,2
5575,0
5576,1
5577,2
5578,2
5579,1
5580,0
5581,0
5582,1
5583,0
5584,3
5585,2
5586,1
5587,2
5588,4
5589,1
5590,3
5591,0
5592,1
5593,1
5594,3
5595,4
5596,5
5597,1
5598,3
5599,2
5600,1
5601,4
5602,2
5603,3
5604,2
5605,3
5606,1
5607,1
5608,0
5609,2
5610,3
5611,2
5612,3
5613,0
5614,3
5615,3
5616,2
5617,2
5618,1
5619,0
5620,0
5621,1
5622,0
5623,1
5624,0
5625,1
5626,1
5627,2
5628,1
5629,1
5630,3
5631,2
5632,2
5633,3
5634,1
5635,1
5636,0
5637,1
5638,3
5639,1
5640,0
5641,4
5642,1
5643,5
5644,0
5645,2
5646,1
5647,0
5648,3
5649,1
5650,2
5651,1
5652,3
5653,2
5654,0
5655,0
5656,1
5657,1
5658,3
5659,1
5660,3
5661,5
5662,1
5663,3
5664,2
5665,5
5666,1
5667,3
5668,2
5669,0
5670,1
5671,1
5672,1
5673,1
5674,2
5675,2
5676,4
5677,1
5678,1
5679,2
5680,4
5681,1
5682,0
5683,3
5684,1
5685,1
5686,2
5687,2
5688,3
5689,0
5690,2
5691,1
5692,3
5693,1
5694,3
5695,2
5696,2
5697,0
5698,1
5699,2
5700,5
5701,3
5702,3
5703,1
5704,5
5705,5
5706,3
5707,1
5708,3
5709,5
5710,1
5711,4
5712,1
5713,1
5714,0
5715,1
5716,3
5717,2
5718,2
5719,3
5720,1
5721,3
5722,5
5723,3
5724,1
5725,0
5726,5
5727,1
5728,4
5729,2
5730,2
5731,2
5732,4
5733,1
5734,5
5735,2
5736,1
5737,3
5738,0
5739,2
5740,4
5741,4
5742,4
5743,1
5744,1
5745,2
5746,3
5747,1
5748,1
5749,2
5750,2
5751,2
5752,2
5753,4
5754,2
5755,2
5756,2
5757,1
5758,2
5759,0
5760,4
5761,1
5762,0
5763,2
5764,3
5765,4
5766,1
5767,3
5768,1
5769,1
5770,1
5771,2
5772,1
5773,3
5774,0
5775,1
5776,1
5777,3
5778,1
5779,6
5780,2
5781,1
5782,0
5783,2
5784,2
5785,5
5786,2
5787,1
5788,2
5789,2
5790,3
5791,0
5792,2
5793,2
5794,0
5795,0
5796,0
5797,3
5798,1
5799,3
5800,1
5801,2
5802,1
5803,3
5804,3
5805,1
5806,4
5807,3
5808,0
5809,1
5810,2
5811,2
5812,2
5813,2
5814,3
5815,0
5816,3
5817,3
5818,4
5819,3
5820,2
5821,4
5822,3
5823,0
5824,0
5825,1
5826,2
5827,2
5828,2
5829,2
5830,2
5831,5
5832,1
5833,2
5834,2
5835,3
5836,4
5837,0
5838,1
5839,5
5840,0
5841,0
5842,3
5843,1
5844,1
5845,0
5846,1
5847,5
5848,2
5849,1
5850,0
5851,1
5852,4
5853,0
5854,0
5855,2
5856,2
5857,2
5858,1
5859,3
5860,1
5861,1
5862,2
5863,2
5864,3
5865,2
5866,4
5867,3
5868,0
5869,3
5870,1
5871,2
5872,2
5873,1
5874,3
5875,4
5876,1
5877,1
5878,1
5879,2
5880,0
5881,0
5882,3
5883,0
5884,1
5885,5
5886,5
5887,1
5888,1
5889,4
5890,3
5891,2
5892,2
5893,4
5894,1
5895,0
5896,2
5897,3
5898,2
5899,3
5900,3
5901,3
5902,2
5903,1
5904,4
5905,2
5906,2
5907,2
5908,4
5909,3
5910,3
5911,2
5912,0
5913,2
5914,3
5915,0
5916,6
5917,1
5918,0
5919,1
5920,3
5921,2
5922,1
5923,3
5924,3
5925,1
5926,3
5927,2
5928,0
5929,1
5930,1
5931,0
5932,5
5933,2
5934,4
5935,1
5936,1
5937,3
5938,3
5939,4
5940,0
5941,6
5942,2
5943,2
5944,3
5945,4
5946,2
5947,1
5948,2
5949,2
5950,3
5951,1
5952,3
5953,1
5954,2
5955,3
5956,2
5957,1
5958,0
5959,1
5960,1
5961,0
5962,1
5963,0
5964,2
5965,2
5966,2
5967,0
5968,1
5969,1
5970,0
5971,3
5972,5
5973,1
5974,1
5975,4
5976,0
5977,1
5978,0
5979,2
5980,3
5981,2
5982,1
5983,1
5984,0
5985,2
5986,3
5987,1
5988,5
5989,2
5990,1
5991,2
5992,1
5993,1
5994,6
5995,1
5996,0
5997,2
5998,1
5999,4
6000,3
6001,1
6002,2
6003,3
6004,0
6005,2
6006,0
6007,5
6008,2
6009,4
6010,3
6011,5
6012,0
6013,2
6014,1
6015,2
6016,1
6017,1
6018,2
6019,3
6020,1
6021,4
6022,1
6023,0
6024,2
6025,1
6026,1
6027,2
6028,1
6029,3
6030,3
6031,2
6032,1
6033,2
6034,0
6035,0
6036,1
6037,4
6038,5
6039,2
6040,0
6041,2
6042,5
6043,2
6044,1
6045,2
6046,0
6047,2
6048,1
6049,1
6050,3
6051,2
6052,3
6053,0
6054,1
6055,2
6056,1
6057,0
6058,1
6059,3
6060,3
6061,3
6062,3
6063,1
6064,3
6065,3
6066,0
6067,1
6068,0
6069,1
6070,1
6071,1
6072,3
6073,2
6074,0
6075,0
6076,4
6077,1
6078,2
6079,1
6080,0
6081,0
6082,1
6083,4
6084,2
6085,3
6086,1
6087,0
6088,0
6089,2
6090,2
6091,2
6092,1
6093,0
6094,1
6095,2
6096,0
6097,3
6098,2
6099,3
6100,1
6101,0
6102,2
6103,2
6104,2
6105,2
6106,1
6107,1
6108,0
6109,2
6110,0
6111,2
6112,1
6113,1
6114,4
6115,3
6116,2
6117,1
6118,4
6119,5
6120,1
6121,2
6122,2
6123,1
6124,0
6125,1
6126,3
6127,1
6128,1
6129,1
6130,0
6131,2
6132,4
6133,4
6134,5
6135,0
6136,3
6137,2
6138,0
6139,1
6140,3
6141,6
6142,5
6143,2
6144,1
6145,2
6146,3
6147,2
6148,2
6149,5
6150,2
6151,1
6152,3
6153,1
6154,2
6155,2
6156,1
6157,4
6158,2
6159,2
6160,4
6161,0
6162,3
6163,3
6164,6
6165,5
6166,2
6167,1
6168,2
6169,4
6170,2
6171,1
6172,2
6173,0
6174,1
6175,4
6176,2
6177,3
6178,4
6179,2
6180,1
6181,1
6182,1
6183,3
6184,3
6185,2
6186,1
6187,5
6188,2
6189,2
6190,0
6191,4
6192,2
6193,4
6194,3
6195,2
6196,1
6197,1
6198,2
6199,2
6200,5
6201,8
6202,2
6203,0
6204,1
6205,3
6206,2
6207,3
6208,2
6209,1
6210,1
6211,0
6212,3
6213,4
6214,0
6215,5
6216,0
6217,2
6218,1
6219,3
6220,3
6221,2
6222,1
6223,3
6224,1
6225,3
6226,1
6227,2
6228,0
6229,5
6230,3
6231,0
6232,3
6233,2
6234,3
6235,3
6236,0
6237,0
6238,0
6239,0
6240,1
6241,3
6242,0
6243,3
6244,5
6245,3
6246,0
6247,4
6248,3
6249,2
6250,2
6251,2
6252,1
6253,5
6254,4
6255,0
6256,5
6257,1
6258,2
6259,4
6260,2
6261,4
6262,3
6263,1
6264,2
6265,2
6266,0
6267,3
6268,3
6269,2
6270,4
6271,2
6272,1
6273,3
6274,1
6275,4
6276,0
6277,3
6278,0
6279,4
6280,3
6281,3
6282,1
6283,3
6284,3
6285,1
6286,1
6287,3
6288,3
6289,0
6290,2
6291,2
6292,2
6293,1
6294,1
6295,2
6296,1
6297,2
6298,1
6299,6
6300,2
6301,3
6302,1
6303,3
6304,1
6305,1
6306,0
6307,0
6308,1
6309,1
6310,0
6311,3
6312,1
6313,4
6314,1
6315,2
6316,0
6317,0
6318,3
6319,0
6320,4
6321,4
6322,1
6323,1
6324,0
6325,1
6326,4
6327,1
6328,2
6329,0
6330,1
6331,3
6332,2
6333,2
6334,0
6335,1
6336,2
6337,5
6338,1
6339,0
6340,0
6341,2
6342,1
6343,1
6344,2
6345,2
6346,3
6347,2
6348,0
6349,3
6350,2
6351,3
6352,1
6353,2
6354,4
6355,3
6356,2
6357,1
6358,3
6359,7
6360,3
6361,3
6362,0
6363,2
6364,2
6365,6
6366,3
6367,5
6368,2
6369,3
6370,1
6371,3
6372,1
6373,1
6374,1
6375,1
6376,1
6377,2
6378,1
6379,3
6380,3
6381,0
6382,0
6383,1
6384,1
6385,2
6386,0
6387,2
6388,2
6389,2
6390,2
6391,2
6392,1
6393,4
6394,1
6395,5
6396,3
6397,0
6398,2
6399,0
6400,3
6401,2
6402,2
6403,3
6404,1
6405,1
6406,1
6407,1
6408,2
6409,6
6410,1
6411,0
6412,2
6413,0
6414,4
6415,0
6416,2
6417,0
6418,2
6419,5
6420,2
6421,0
6422,0
6423,1
6424,2
6425,2
6426,0
6427,3
6428,2
6429,1
6430,2
6431,1
6432,1
6433,0
6434,3
6435,4
6436,1
6437,1
6438,2
6439,0
6440,1
6441,1
6442,4
6443,5
6444,2
6445,2
6446,1
6447,0
6448,1
6449,0
6450,1
6451,3
6452,2
6453,1
6454,1
6455,3
6456,0
6457,1
6458,5
6459,3
6460,0
6461,3
6462,1
6463,2
6464,1
6465,8
6466,2
6467,3
6468,1
6469,4
6470,6
6471,4
6472,0
6473,3
6474,2
6475,0
6476,2
6477,2
6478,2
6479,2
6480,1
6481,3
6482,1
6483,4
6484,2
6485,1
6486,1
6487,2
6488,3
6489,1
6490,1
6491,3
6492,3
6493,2
6494,3
6495,2
6496,1
6497,3
6498,1
6499,3
6500,0
6501,0
6502,4
6503,4
6504,3
6505,3
6506,0
6507,4
6508,4
6509,1
6510,4
6511,2
6512,3
6513,1
6514,4
6515,3
6516,2
6517,0
6518,4
6519,2
6520,3
6521,1
6522,1
6523,1
6524,0
6525,2
6526,3
6527,2
6528,0
6529,2
6530,2
6531,2
6532,1
6533,2
6534,2
6535,0
6536,0
6537,3
6538,0
6539,1
6540,2
6541,1
6542,3
6543,0
6544,1
6545,2
6546,4
6547,2
6548,2
6549,1
6550,3
6551,1
6552,3
6553,0
6554,2
6555,1
6556,6
6557,0
6558,2
6559,1
6560,1
6561,3
6562,3
6563,0
6564,2
6565,3
6566,5
6567,3
6568,4
6569,0
6570,1
6571,1
6572,3
6573,0
6574,1
6575,0
6576,3
6577,1
6578,3
6579,6
6580,2
6581,5
6582,1
6583,1
6584,3
6585,4
6586,3
6587,5
6588,6
6589,2
6590,2
6591,2
6592,2
6593,4
6594,2
6595,4
6596,2
6597,1
6598,2
6599,1
6600,0
6601,1
6602,0
6603,5
6604,3
6605,0
6606,1
6607,0
6608,2
6609,1
6610,4
6611,2
6612,4
6613,3
6614,5
6615,3
6616,3
6617,3
6618,3
6619,4
6620,0
6621,3
6622,1
6623,2
6624,2
6625,5
6626,3
6627,3
6628,1
6629,3
6630,1
6631,0
6632,1
6633,1
6634,2
6635,3
6636,2
6637,1
6638,1
6639,1
6640,1
6641,0
6642,3
6643,0
6644,1
6645,3
6646,1
6647,0
6648,2
6649,2
6650,2
6651,3
6652,2
6653,2
6654,1
6655,0
6656,2
6657,0
6658,2
6659,5
6660,2
6661,2
6662,3
6663,2
6664,1
6665,2
6666,1
6667,2
6668,2
6669,5
6670,1
6671,3
6672,3
6673,2
6674,1
6675,0
6676,2
6677,3
6678,1
6679,0
6680,3
6681,0
6682,3
6683,4
6684,1
6685,2
6686,2
6687,2
6688,2
6689,1
6690,2
6691,1
6692,1
6693,1
6694,4
6695,1
6696,3
6697,2
6698,2
6699,0
6700,3
6701,1
6702,2
6703,1
6704,2
6705,0
6706,2
6707,3
6708,3
6709,5
6710,4
6711,0
6712,1
6713,1
6714,5
6715,1
6716,6
6717,3
6718,3
6719,1
6720,5
6721,1
6722,3
6723,3
6724,3
6725,0
6726,3
6727,2
6728,0
6729,1
6730,4
6731,3
6732,0
6733,4
6734,2
6735,2
6736,1
6737,0
6738,2
6739,3
6740,4
6741,2
6742,1
6743,2
6744,2
6745,3
6746,0
6747,0
6748,5
6749,0
6750,3
6751,3
6752,1
6753,4
6754,5
6755,2
6756,4
6757,1
6758,4
6759,3
6760,1
6761,3
6762,2
6763,0
6764,3
6765,2
6766,1
6767,4
6768,2
6769,2
6770,0
6771,0
6772,1
6773,2
6774,2
6775,5
6776,0
6777,2
6778,1
6779,2
6780,4
6781,1
6782,1
6783,3
6784,4
6785,5
6786,1
6787,1
6788,1
6789,2
6790,3
6791,2
6792,4
6793,1
6794,1
6795,2
6796,2
6797,1
6798,0
6799,2
6800,3
6801,4
6802,5
6803,5
6804,1
6805,1
6806,2
6807,0
6808,1
6809,1
6810,2
6811,1
6812,1
6813,0
6814,2
6815,2
6816,4
6817,2
6818,3
6819,1
6820,1
6821,1
6822,0
6823,2
6824,2
6825,5
6826,4
6827,2
6828,0
6829,6
6830,0
6831,0
6832,3
6833,2
6834,5
6835,1
6836,3
6837,5
6838,2
6839,4
6840,4
6841,4
6842,5
6843,3
6844,3
6845,1
6846,3
6847,0
6848,2
6849,0
6850,0
6851,5
6852,1
6853,1
6854,1
6855,3
6856,0
6857,3
6858,2
6859,1
6860,0
6861,2
6862,3
6863,6
6864,3
6865,3
6866,2
6867,1
6868,2
6869,4
6870,2
6871,2
6872,1
6873,1
6874,2
6875,0
6876,2
6877,2
6878,2
6879,2
6880,2
6881,2
6882,1
6883,1
6884,4
6885,3
6886,3
6887,2
6888,2
6889,3
6890,1
6891,0
6892,1
6893,3
6894,1
6895,2
6896,2
6897,6
6898,2
6899,1
6900,4
6901,1
6902,3
6903,1
6904,5
6905,3
6906,4
6907,3
6908,1
6909,5
6910,2
6911,2
6912,2
6913,2
6914,2
6915,2
6916,0
6917,3
6918,2
6919,2
6920,3
6921,3
6922,1
6923,2
6924,1
6925,0
6926,4
6927,2
6928,4
6929,3
6930,3
6931,1
6932,1
6933,2
6934,3
6935,2
6936,0
6937,3
6938,1
6939,1
6940,4
6941,1
6942,2
6943,4
6944,3
6945,3
6946,4
6947,2
6948,2
6949,6
6950,1
6951,2
6952,2
6953,0
6954,2
6955,1
6956,4
6957,0
6958,1
6959,1
6960,3
6961,6
6962,2
6963,2
6964,1
6965,0
6966,1
6967,2
6968,3
6969,1
6970,3
6971,0
6972,0
6973,2
6974,2
6975,3
6976,1
6977,1
6978,2
6979,2
6980,1
6981,2
6982,2
6983,2
6984,4
6985,5
6986,2
6987,1
6988,0
6989,2
6990,1
6991,1
6992,0
6993,2
6994,1
6995,2
6996,1
6997,0
6998,2
6999,2
7000,4
7001,3
7002,1
7003,1
7004,1
7005,2
7006,2
7007,1
7008,3
7009,1
7010,0
7011,1
7012,1
7013,4
7014,2
7015,1
7016,1
7017,2
7018,1
7019,0
7020,1
7021,3
7022,0
7023,1
7024,2
7025,7
7026,2
7027,0
7028,2
7029,3
7030,3
7031,1
7032,2
7033,0
7034,0
7035,2
7036,3
7037,4
7038,5
7039,2
7040,3
7041,3
7042,2
7043,4
7044,4
7045,4
7046,0
7047,2
7048,2
7049,1
7050,1
7051,0
7052,0
7053,1
7054,2
7055,3
7056,1
7057,2
7058,4
7059,1
7060,0
7061,4
7062,1
7063,1
7064,2
7065,7
7066,2
7067,2
7068,3
7069,2
7070,0
7071,1
7072,4
7073,1
7074,2
7075,2
7076,5
7077,2
7078,3
7079,3
7080,1
7081,4
7082,0
7083,1
7084,3
7085,2
7086,2
7087,0
7088,3
7089,4
7090,0
7091,2
7092,0
7093,1
7094,2
7095,0
7096,1
7097,0
7098,3
7099,1
7100,7
7101,5
7102,0
7103,2
7104,1
7105,2
7106,1
7107,1
7108,0
7109,2
7110,0
7111,1
7112,1
7113,4
7114,3
7115,5
7116,2
7117,2
7118,0
7119,2
7120,2
7121,0
7122,8
7123,2
7124,3
7125,2
7126,2
7127,6
7128,1
7129,0
7130,1
7131,2
7132,3
7133,5
7134,4
7135,4
7136,2
7137,6
7138,1
7139,1
7140,3
7141,4
7142,2
7143,1
7144,2
7145,2
7146,4
7147,4
7148,0
7149,1
7150,0
7151,2
7152,2
7153,4
7154,3
7155,2
7156,1
7157,3
7158,6
7159,2
7160,2
7161,5
7162,4
7163,1
7164,3
7165,1
7166,4
7167,0
7168,5
7169,2
7170,0
7171,3
7172,2
7173,4
7174,1
7175,1
7176,2
7177,1
7178,3
7179,5
7180,0
7181,3
7182,3
7183,2
7184,0
7185,0
7186,5
7187,4
7188,2
7189,1
7190,1
7191,1
7192,3
7193,2
7194,2
7195,4
7196,2
7197,0
7198,1
7199,1
7200,2
7201,2
7202,4
7203,1
7204,0
7205,1
7206,0
7207,1
7208,2
7209,2
7210,2
7211,2
7212,4
7213,0
7214,4
7215,4
7216,3
7217,2
7218,0
7219,3
7220,3
7221,2
7222,2
7223,2
7224,3
7225,0
7226,1
7227,2
7228,0
7229,1
7230,0
7231,3
7232,3
7233,2
7234,2
7235,2
7236,3
7237,0
7238,2
7239,3
7240,4
7241,5
7242,3
7243,2
7244,2
7245,3
7246,0
7247,3
7248,2
7249,2
7250,4
7251,1
7252,2
7253,2
7254,3
7255,1
7256,3
7257,1
7258,1
7259,1
7260,3
7261,3
7262,2
7263,3
7264,1
7265,2
7266,2
7267,1
7268,3
7269,3
7270,2
7271,1
7272,3
7273,2
7274,1
7275,3
7276,1
7277,3
7278,1
7279,1
7280,1
7281,1
7282,1
7283,2
7284,2
7285,0
7286,5
7287,1
7288,4
7289,2
7290,2
7291,2
7292,0
7293,2
7294,2
7295,1
7296,1
7297,1
7298,2
7299,0
7300,1
7301,1
7302,3
7303,4
7304,1
7305,1
7306,3
7307,6
7308,3
7309,3
7310,5
7311,1
7312,3
7313,1
7314,4
7315,4
7316,3
7317,7
7318,1
7319,3
7320,1
7321,2
7322,4
7323,1
7324,4
7325,2
7326,3
7327,1
7328,0
7329,1
7330,2
7331,1
7332,1
7333,1
7334,0
7335,3
7336,1
7337,3
7338,1
7339,0
7340,4
7341,2
7342,2
7343,2
7344,1
7345,2
7346,2
7347,2
7348,3
7349,5
7350,2
7351,2
7352,3
7353,1
7354,4
7355,0
7356,0
7357,5
7358,3
7359,1
7360,0
7361,5
7362,0
7363,3
7364,1
7365,5
7366,2
7367,3
7368,0
7369,3
7370,2
7371,1
7372,2
7373,2
7374,0
7375,0
7376,1
7377,2
7378,1
7379,5
7380,1
7381,1
7382,3
7383,4
7384,4
7385,0
7386,2
7387,0
7388,2
7389,1
7390,2
7391,1
7392,0
7393,4
7394,2
7395,1
7396,1
7397,1
7398,2
7399,4
7400,0
7401,2
7402,2
7403,0
7404,4
7405,0
7406,1
7407,1
7408,1
7409,6
7410,4
7411,2
7412,0
7413,1
7414,1
7415,4
7416,1
7417,0
7418,3
7419,2
7420,1
7421,4
7422,3
7423,2
7424,3
7425,3
7426,1
7427,2
7428,2
7429,0
7430,1
7431,0
7432,1
7433,3
7434,3
7435,2
7436,4
7437,1
7438,1
7439,2
7440,0
7441,0
7442,3
7443,2
7444,0
7445,2
7446,2
7447,1
7448,2
7449,0
7450,1
7451,2
7452,1
7453,1
7454,1
7455,0
7456,3
7457,2
7458,0
7459,2
7460,1
7461,2
7462,1
7463,4
7464,1
7465,5
7466,1
7467,2
7468,0
7469,6
7470,2
7471,4
7472,2
7473,2
7474,2
7475,1
7476,2
7477,2
7478,2
7479,0
7480,2
7481,2
7482,2
7483,4
7484,3
7485,1
7486,1
7487,0
7488,2
7489,3
7490,2
7491,2
7492,1
7493,1
7494,3
7495,2
7496,1
7497,3
7498,1
7499,1
7500,0
7501,2
7502,1
7503,0
7504,2
7505,3
7506,3
7507,2
7508,5
7509,1
7510,1
7511,3
7512,2
7513,0
7514,2
7515,3
7516,1
7517,1
7518,1
7519,1
7520,3
7521,1
7522,2
7523,2
7524,0
7525,4
7526,2
7527,3
7528,0
7529,0
7530,1
7531,2
7532,1
7533,1
7534,2
7535,2
7536,1
7537,0
7538,1
7539,0
7540,2
7541,0
7542,3
7543,1
7544,1
7545,3
7546,3
7547,2
7548,0
7549,5
7550,3
7551,2
7552,0
7553,3
7554,4
7555,2
7556,2
7557,2
7558,2
7559,1
7560,2
7561,4
7562,2
7563,4
7564,0
7565,3
7566,0
7567,1
7568,2
7569,3
7570,2
7571,1
7572,4
7573,1
7574,1
7575,3
7576,1
7577,0
7578,3
7579,3
7580,5
7581,2
7582,4
7583,1
7584,5
7585,1
7586,2
7587,6
7588,2
7589,1
7590,1
7591,1
7592,1
7593,1
7594,1
7595,4
7596,1
7597,0
7598,0
7599,1
7600,4
7601,1
7602,3
7603,4
7604,1
7605,2
7606,0
7607,3
7608,2
7609,2
7610,2
7611,3
7612,0
7613,2
7614,4
7615,2
7616,3
7617,2
7618,4
7619,3
7620,2
7621,2
7622,2
7623,7
7624,1
7625,1
7626,4
7627,4
7628,0
7629,4
7630,2
7631,3
7632,9
7633,3
7634,0
7635,4
7636,2
7637,1
7638,4
7639,4
7640,2
7641,3
7642,1
7643,4
7644,3
7645,0
7646,3
7647,4
7648,2
7649,1
7650,2
7651,5
7652,2
7653,2
7654,2
7655,1
7656,2
7657,1
7658,2
7659,4
7660,3
7661,2
7662,3
7663,3
7664,2
7665,2
7666,4
7667,1
7668,1
7669,1
7670,1
7671,1
7672,4
7673,1
7674,3
7675,0
7676,4
7677,3
7678,3
7679,4
7680,0
7681,1
7682,1
7683,2
7684,3
7685,1
7686,0
7687,0
7688,2
7689,1
7690,0
7691,4
7692,0
7693,1
7694,2
7695,2
7696,4
7697,3
7698,2
7699,1
7700,2
7701,3
7702,4
7703,4
7704,2
7705,2
7706,1
7707,3
7708,0
7709,2
7710,1
7711,3
7712,2
7713,1
7714,1
7715,1
7716,2
7717,3
7718,0
7719,0
7720,2
7721,1
7722,2
7723,2
7724,1
7725,1
7726,3
7727,2
7728,1
7729,1
7730,4
7731,5
7732,1
7733,1
7734,2
7735,0
7736,2
7737,1
7738,3
7739,2
7740,4
7741,2
7742,5
7743,6
7744,0
7745,1
7746,3
7747,1
7748,2
7749,1
7750,3
7751,3
7752,2
7753,0
7754,0
7755,1
7756,1
7757,0
7758,1
7759,1
7760,3
7761,3
7762,2
7763,2
7764,2
7765,2
7766,1
7767,2
7768,3
7769,3
7770,0
7771,2
7772,3
7773,2
7774,4
7775,3
7776,3
7777,3
7778,0
7779,5
7780,4
7781,3
7782,0
7783,0
7784,6
7785,2
7786,2
7787,3
7788,0
7789,1
7790,3
7791,0
7792,1
7793,5
7794,2
7795,2
7796,4
7797,2
7798,2
7799,1
7800,3
7801,2
7802,7
7803,2
7804,2
7805,2
7806,2
7807,1
7808,0
7809,3
7810,0
7811,3
7812,0
7813,1
7814,1
7815,1
7816,3
7817,2
7818,2
7819,1
7820,3
7821,1
7822,1
7823,2
7824,0
7825,4
7826,0
7827,2
7828,4
7829,2
7830,3
7831,1
7832,3
7833,1
7834,2
7835,2
7836,3
7837,2
7838,0
7839,1
7840,3
7841,7
7842,3
7843,0
7844,3
7845,3
7846,1
7847,1
7848,1
7849,3
7850,2
7851,4
7852,0
7853,3
7854,3
7855,1
7856,3
7857,1
7858,2
7859,1
7860,1
7861,2
7862,3
7863,1
7864,1
7865,3
7866,2
7867,3
7868,2
7869,0
7870,3
7871,1
7872,2
7873,2
7874,0
7875,1
7876,0
7877,2
7878,6
7879,4
7880,1
7881,1
7882,4
7883,2
7884,4
7885,1
7886,0
7887,3
7888,2
7889,1
7890,1
7891,1
7892,1
7893,2
7894,2
7895,2
7896,1
7897,3
7898,1
7899,1
7900,2
7901,3
7902,3
7903,3
7904,2
7905,2
7906,3
7907,2
7908,1
7909,1
7910,2
7911,1
7912,0
7913,2
7914,1
7915,4
7916,7
7917,2
7918,1
7919,4
7920,1
7921,1
7922,2
7923,3
7924,2
7925,1
7926,3
7927,0
7928,2
7929,1
7930,2
7931,0
7932,3
7933,3
7934,1
7935,3
7936,1
7937,1
7938,3
7939,5
7940,2
7941,2
7942,3
7943,2
7944,1
7945,2
7946,4
7947,3
7948,3
7949,0
7950,2
7951,0
7952,1
7953,0
7954,2
7955,1
7956,2
7957,0
7958,5
7959,1
7960,4
7961,2
7962,3
7963,2
7964,2
7965,4
7966,0
7967,1
7968,2
7969,1
7970,2
7971,1
7972,1
7973,3
7974,2
7975,2
7976,2
7977,1
7978,1
7979,4
7980,2
7981,1
7982,4
7983,2
7984,5
7985,4
7986,1
7987,2
7988,2
7989,1
7990,3
7991,4
7992,4
7993,3
7994,1
7995,2
7996,2
7997,4
7998,1
7999,4
8000,2
8001,1
8002,1
8003,1
8004,1
8005,0
8006,3
8007,2
8008,2
8009,0
8010,0
8011,2
8012,1
8013,2
8014,2
8015,3
8016,1
8017,3
8018,2
8019,2
8020,1
8021,2
8022,3
8023,2
8024,0
8025,4
8026,3
8027,1
8028,3
8029,0
8030,1
8031,2
8032,0
8033,3
8034,1
8035,3
8036,2
8037,1
8038,2
8039,4
8040,1
8041,1
8042,2
8043,2
8044,0
8045,1
8046,4
8047,2
8048,0
8049,2
8050,2
8051,4
8052,2
8053,4
8054,0
8055,1
8056,1
8057,2
8058,3
8059,1
8060,2
8061,3
8062,1
8063,2
8064,2
8065,1
8066,1
8067,1
8068,4
8069,3
8070,1
8071,0
8072,4
8073,3
8074,5
8075,3
8076,4
8077,2
8078,0
8079,1
8080,3
8081,2
8082,2
8083,2
8084,3
8085,2
8086,4
8087,1
8088,2
8089,4
8090,4
8091,2
8092,2
8093,2
8094,3
8095,2
8096,4
8097,1
8098,1
8099,4
8100,1
8101,2
8102,0
8103,2
8104,3
8105,0
8106,3
8107,2
8108,5
8109,0
8110,4
8111,1
8112,1
8113,3
8114,5
8115,1
8116,2
8117,0
8118,4
8119,5
8120,0
8121,4
8122,4
8123,3
8124,1
8125,2
8126,2
8127,2
8128,2
8129,0
8130,1
8131,2
8132,1
8133,4
8134,1
8135,1
8136,2
8137,3
8138,3
8139,5
8140,1
8141,1
8142,1
8143,3
8144,5
8145,2
8146,4
8147,0
8148,1
8149,3
8150,0
8151,3
8152,1
8153,2
8154,1
8155,2
8156,3
8157,3
8158,2
8159,2
8160,5
8161,3
8162,3
8163,1
8164,4
8165,1
8166,2
8167,3
8168,5
8169,4
8170,4
8171,2
8172,2
8173,2
8174,2
8175,5
8176,2
8177,0
8178,0
8179,3
8180,3
8181,3
8182,2
8183,2
8184,0
8185,4
8186,2
8187,1
8188,3
8189,3
8190,3
8191,1
8192,3
8193,3
8194,0
8195,0
8196,2
8197,1
8198,0
8199,2
8200,2
8201,6
8202,1
8203,2
8204,4
8205,2
8206,1
8207,0
8208,4
8209,1
8210,3
8211,5
8212,1
8213,2
8214,1
8215,2
8216,1
8217,0
8218,0
8219,2
8220,2
8221,1
8222,2
8223,2
8224,3
8225,2
8226,0
8227,1
8228,2
8229,4
8230,3
8231,2
8232,0
8233,5
8234,1
8235,3
8236,3
8237,3
8238,4
8239,2
8240,1
8241,1
8242,1
8243,1
8244,3
8245,0
8246,0
8247,2
8248,0
8249,3
8250,0
8251,2
8252,1
8253,2
8254,2
8255,6
8256,0
8257,4
8258,0
8259,1
8260,1
8261,1
8262,0
8263,3
8264,3
8265,1
8266,0
8267,0
8268,2
8269,1
8270,2
8271,2
8272,4
8273,1
8274,1
8275,0
8276,3
8277,1
8278,3
8279,3
8280,1
8281,4
8282,1
8283,0
8284,1
8285,1
8286,2
8287,1
8288,3
8289,1
8290,1
8291,1
8292,0
8293,0
8294,2
8295,2
8296,1
8297,4
8298,2
8299,2
8300,0
8301,0
8302,4
8303,4
8304,2
8305,4
8306,0
8307,3
8308,1
8309,1
8310,2
8311,2
8312,2
8313,2
8314,1
8315,1
8316,2
8317,4
8318,2
8319,3
8320,5
8321,1
8322,2
8323,2
8324,0
8325,2
8326,2
8327,1
8328,2
8329,1
8330,2
8331,4
8332,1
8333,1
8334,3
8335,4
8336,1
8337,0
8338,3
8339,2
8340,1
8341,1
8342,1
8343,0
8344,0
8345,1
8346,4
8347,2
8348,1
8349,0
8350,1
8351,1
8352,3
8353,5
8354,4
8355,1
8356,3
8357,4
8358,2
8359,2
8360,2
8361,1
8362,2
8363,1
8364,1
8365,0
8366,1
8367,3
8368,3
8369,3
8370,3
8371,4
8372,0
8373,1
8374,1
8375,2
8376,2
8377,5
8378,0
8379,1
8380,1
8381,1
8382,1
8383,1
8384,2
8385,1
8386,1
8387,1
8388,3
8389,3
8390,1
8391,2
8392,2
8393,2
8394,1
8395,0
8396,2
8397,3
8398,3
8399,0
8400,2
8401,3
8402,0
8403,1
8404,3
8405,0
8406,1
8407,3
8408,3
8409,2
8410,1
8411,2
8412,5
8413,1
8414,1
8415,1
8416,1
8417,4
8418,1
8419,3
8420,0
8421,1
8422,2
8423,0
8424,3
8425,1
8426,1
8427,1
8428,3
8429,3
8430,4
8431,3
8432,2
8433,1
8434,4
8435,3
8436,2
8437,4
8438,4
8439,1
8440,2
8441,2
8442,2
8443,1
8444,3
8445,1
8446,2
8447,0
8448,2
8449,1
8450,2
8451,3
8452,1
8453,7
8454,1
8455,3
8456,0
8457,2
8458,1
8459,1
8460,2
8461,0
8462,1
8463,3
8464,2
8465,1
8466,3
8467,2
8468,3
8469,4
8470,1
8471,0
8472,0
8473,1
8474,0
8475,1
8476,2
8477,2
8478,1
8479,1
8480,1
8481,3
8482,4
8483,2
8484,4
8485,1
8486,0
8487,0
8488,1
8489,2
8490,0
8491,2
8492,4
8493,3
8494,5
8495,2
8496,3
8497,2
8498,1
8499,1
8500,1
8501,1
8502,0
8503,2
8504,4
8505,1
8506,4
8507,3
8508,2
8509,2
8510,2
8511,1
8512,4
8513,1
8514,2
8515,1
8516,3
8517,4
8518,3
8519,0
8520,3
8521,3
8522,5
8523,1
8524,6
8525,1
8526,3
8527,1
8528,2
8529,1
8530,0
8531,1
8532,3
8533,1
8534,3
8535,1
8536,1
8537,3
8538,2
8539,1
8540,4
8541,4
8542,1
8543,0
8544,1
8545,2
8546,1
8547,2
8548,0
8549,3
8550,2
8551,1
8552,2
8553,3
8554,2
8555,1
8556,2
8557,2
8558,1
8559,2
8560,2
8561,2
8562,0
8563,2
8564,4
8565,4
8566,1
8567,1
8568,1
8569,3
8570,2
8571,3
8572,4
8573,1
8574,2
8575,2
8576,2
8577,3
8578,3
8579,2
8580,1
8581,0
8582,1
8583,1
8584,0
8585,1
8586,2
8587,0
8588,3
8589,2
8590,1
8591,2
8592,4
8593,3
8594,1
8595,0
8596,1
8597,1
8598,1
8599,6
8600,4
8601,0
8602,2
8603,1
8604,4
8605,2
8606,3
8607,4
8608,3
8609,0
8610,1
8611,1
8612,5
8613,4
8614,2
8615,4
8616,1
8617,1
8618,2
8619,1
8620,3
8621,1
8622,3
8623,3
8624,2
8625,1
8626,3
8627,1
8628,1
8629,2
8630,5
8631,2
8632,0
8633,3
8634,2
8635,4
8636,1
8637,3
8638,2
8639,1
8640,5
8641,1
8642,1
8643,2
8644,1
8645,3
8646,0
8647,0
8648,4
8649,1
8650,2
8651,3
8652,0
8653,1
8654,0
8655,2
8656,4
8657,6
8658,4
8659,3
8660,1
8661,1
8662,3
8663,2
8664,3
8665,1
8666,1
8667,2
8668,4
8669,1
8670,3
8671,2
8672,2
8673,3
8674,1
8675,4
8676,2
8677,1
8678,1
8679,1
8680,3
8681,2
8682,1
8683,3
8684,2
8685,4
8686,0
8687,4
8688,3
8689,1
8690,4
8691,2
8692,1
8693,5
8694,2
8695,0
8696,0
8697,2
8698,0
8699,3
8700,3
8701,2
8702,1
8703,2
8704,4
8705,4
8706,4
8707,2
8708,1
8709,4
8710,2
8711,1
8712,4
8713,0
8714,3
8715,3
8716,5
8717,2
8718,1
8719,1
8720,4
8721,1
8722,1
8723,4
8724,1
8725,0
8726,3
8727,2
8728,3
8729,1
8730,1
8731,1
8732,3
8733,3
8734,1
8735,1
8736,1
8737,0
8738,4
8739,3
8740,4
8741,2
8742,4
8743,2
8744,0
8745,1
8746,1
8747,0
8748,4
8749,2
8750,1
8751,0
8752,2
8753,4
8754,5
8755,3
8756,0
8757,4
8758,1
8759,0
8760,1
8761,2
8762,1
8763,2
8764,2
8765,2
8766,2
8767,4
8768,3
8769,3
8770,1
8771,3
8772,4
8773,5
8774,4
8775,0
8776,0
8777,2
8778,1
8779,2
8780,3
8781,1
8782,1
8783,3
8784,0
8785,1
8786,4
8787,1
8788,1
8789,2
8790,1
8791,1
8792,1
8793,1
8794,4
8795,0
8796,2
8797,3
8798,3
8799,3
8800,0
8801,2
8802,3
8803,2
8804,2
8805,2
8806,2
8807,0
8808,0
8809,2
8810,3
8811,1
8812,0
8813,1
8814,0
8815,2
8816,2
8817,1
8818,2
8819,1
8820,2
8821,2
8822,4
8823,5
8824,1
8825,3
8826,2
8827,2
8828,0
8829,1
8830,1
8831,1
8832,2
8833,1
8834,4
8835,5
8836,3
8837,1
8838,1
8839,2
8840,0
8841,3
8842,2
8843,2
8844,4
8845,0
8846,4
8847,1
8848,2
8849,2
8850,3
8851,3
8852,3
8853,3
8854,2
8855,3
8856,1
8857,1
8858,1
8859,1
8860,0
8861,3
8862,1
8863,3
8864,1
8865,3
8866,3
8867,0
8868,2
8869,1
8870,0
8871,2
8872,1
8873,3
8874,1
8875,5
8876,1
8877,3
8878,1
8879,1
8880,4
8881,3
8882,0
8883,1
8884,1
8885,1
8886,0
8887,2
8888,0
8889,0
8890,3
8891,2
8892,3
8893,2
8894,3
8895,0
8896,4
8897,1
8898,1
8899,2
8900,1
8901,0
8902,2
8903,1
8904,7
8905,1
8906,0
8907,1
8908,2
8909,3
8910,1
8911,1
8912,1
8913,0
8914,3
8915,1
8916,2
8917,2
8918,1
8919,2
8920,4
8921,2
8922,2
8923,1
8924,1
8925,0
8926,4
8927,1
8928,1
8929,3
8930,0
8931,1
8932,5
8933,4
8934,1
8935,0
8936,2
8937,2
8938,4
8939,1
8940,0
8941,2
8942,2
8943,7
8944,2
8945,0
8946,2
8947,1
8948,3
8949,2
8950,4
8951,5
8952,0
8953,0
8954,3
8955,3
8956,2
8957,0
8958,4
8959,2
8960,2
8961,1
8962,1
8963,3
8964,3
8965,2
8966,3
8967,1
8968,2
8969,3
8970,1
8971,4
8972,1
8973,3
8974,3
8975,1
8976,2
8977,0
8978,2
8979,3
8980,3
8981,0
8982,2
8983,1
8984,1
8985,2
8986,2
8987,0
8988,1
8989,3
8990,4
8991,3
8992,4
8993,2
8994,1
8995,1
8996,2
8997,1
8998,4
8999,0
9000,2
9001,1
9002,2
9003,3
9004,1
9005,1
9006,4
9007,1
9008,4
9009,3
9010,3
9011,2
9012,0
9013,3
9014,1
9015,2
9016,1
9017,2
9018,3
9019,1
9020,1
9021,3
9022,1
9023,6
9024,0
9025,2
9026,3
9027,3
9028,1
9029,1
9030,2
9031,3
9032,2
9033,1
9034,4
9035,1
9036,4
9037,1
9038,3
9039,1
9040,1
9041,0
9042,3
9043,3
9044,1
9045,2
9046,1
9047,5
9048,3
9049,2
9050,0
9051,2
9052,0
9053,2
9054,1
9055,6
9056,0
9057,0
9058,5
9059,3
9060,1
9061,0
9062,3
9063,1
9064,0
9065,0
9066,1
9067,1
9068,3
9069,1
9070,1
9071,3
9072,2
9073,1
9074,3
9075,2
9076,2
9077,3
9078,6
9079,1
9080,2
9081,3
9082,1
9083,0
9084,3
9085,2
9086,4
9087,2
9088,2
9089,2
9090,1
9091,1
9092,3
9093,2
9094,2
9095,4
9096,2
9097,1
9098,0
9099,5
9100,2
9101,3
9102,1
9103,0
9104,1
9105,3
9106,1
9107,3
9108,2
9109,1
9110,4
9111,0
9112,1
9113,1
9114,2
9115,3
9116,1
9117,4
9118,2
9119,1
9120,3
9121,2
9122,1
9123,0
9124,5
9125,3
9126,4
9127,0
9128,1
9129,3
9130,0
9131,2
9132,1
9133,0
9134,2
9135,0
9136,5
9137,2
9138,2
9139,0
9140,2
9141,3
9142,0
9143,0
9144,5
9145,2
9146,5
9147,1
9148,2
9149,1
9150,2
9151,4
9152,2
9153,2
9154,6
9155,2
9156,1
9157,2
9158,3
9159,1
9160,2
9161,2
9162,3
9163,0
9164,2
9165,4
9166,3
9167,1
9168,0
9169,2
9170,0
9171,1
9172,0
9173,1
9174,1
9175,0
9176,4
9177,0
9178,2
9179,3
9180,0
9181,2
9182,3
9183,3
9184,1
9185,2
9186,2
9187,1
9188,3
9189,1
9190,1
9191,0
9192,0
9193,3
9194,2
9195,5
9196,3
9197,2
9198,2
9199,1
9200,1
9201,2
9202,2
9203,1
9204,2
9205,1
9206,2
9207,0
9208,1
9209,3
9210,1
9211,2
9212,1
9213,1
9214,1
9215,2
9216,0
9217,3
9218,1
9219,4
9220,6
9221,0
9222,3
9223,4
9224,1
9225,0
9226,2
9227,3
9228,2
9229,2
9230,3
9231,0
9232,1
9233,4
9234,4
9235,0
9236,2
9237,2
9238,2
9239,2
9240,2
9241,3
9242,1
9243,1
9244,2
9245,3
9246,3
9247,0
9248,3
9249,4
9250,3
9251,0
9252,0
9253,1
9254,2
9255,4
9256,3
9257,1
9258,3
9259,2
9260,2
9261,2
9262,3
9263,2
9264,0
9265,4
9266,1
9267,2
9268,3
9269,5
9270,3
9271,0
9272,0
9273,5
9274,1
9275,1
9276,0
9277,1
9278,2
9279,3
9280,4
9281,1
9282,4
9283,1
9284,1
9285,1
9286,4
9287,1
9288,4
9289,3
9290,1
9291,2
9292,2
9293,1
9294,3
9295,1
9296,3
9297,2
9298,4
9299,1
9300,1
9301,2
9302,2
9303,1
9304,4
9305,2
9306,3
9307,1
9308,0
9309,1
9310,4
9311,0
9312,0
9313,2
9314,3
9315,1
9316,3
9317,0
9318,2
9319,5
9320,1
9321,1
9322,0
9323,4
9324,0
9325,1
9326,4
9327,2
9328,2
9329,1
9330,1
9331,2
9332,2
9333,2
9334,2
9335,1
9336,0
9337,1
9338,5
9339,2
9340,1
9341,2
9342,3
9343,3
9344,1
9345,2
9346,0
9347,2
9348,1
9349,1
9350,2
9351,2
9352,0
9353,0
9354,0
9355,2
9356,2
9357,2
9358,2
9359,3
9360,1
9361,2
9362,4
9363,2
9364,2
9365,1
9366,1
9367,2
9368,1
9369,0
9370,1
9371,5
9372,1
9373,3
9374,1
9375,3
9376,1
9377,5
9378,4
9379,0
9380,0
9381,1
9382,2
9383,0
9384,0
9385,2
9386,4
9387,1
9388,2
9389,4
9390,5
9391,1
9392,0
9393,1
9394,1
9395,2
9396,1
9397,1
9398,2
9399,1
9400,3
9401,1
9402,1
9403,1
9404,2
9405,1
9406,1
9407,0
9408,3
9409,3
9410,3
9411,2
9412,1
9413,0
9414,2
9415,1
9416,4
9417,2
9418,2
9419,2
9420,2
9421,4
9422,2
9423,6
9424,2
9425,2
9426,2
9427,5
9428,4
9429,2
9430,1
9431,0
9432,0
9433,2
9434,0
9435,1
9436,0
9437,3
9438,4
9439,3
9440,3
9441,0
9442,2
9443,1
9444,1
9445,5
9446,2
9447,1
9448,3
9449,3
9450,2
9451,0
9452,1
9453,1
9454,2
9455,2
9456,1
9457,1
9458,1
9459,0
9460,2
9461,1
9462,1
9463,2
9464,1
9465,3
9466,0
9467,5
9468,5
9469,2
9470,3
9471,5
9472,5
9473,0
9474,1
9475,1
9476,2
9477,6
9478,5
9479,1
9480,2
9481,0
9482,0
9483,1
9484,4
9485,0
9486,1
9487,2
9488,0
9489,2
9490,2
9491,3
9492,3
9493,2
9494,2
9495,2
9496,5
9497,1
9498,0
9499,2
9500,3
9501,0
9502,3
9503,3
9504,1
9505,5
9506,3
9507,1
9508,4
9509,1
9510,1
9511,1
9512,4
9513,1
9514,2
9515,1
9516,0
9517,1
9518,5
9519,2
9520,2
9521,3
9522,1
9523,3
9524,1
9525,2
9526,1
9527,1
9528,0
9529,2
9530,0
9531,2
9532,2
9533,2
9534,1
9535,1
9536,1
9537,0
9538,3
9539,4
9540,1
9541,2
9542,3
9543,2
9544,2
9545,1
9546,2
9547,2
9548,2
9549,1
9550,2
9551,4
9552,2
9553,2
9554,2
9555,1
9556,3
9557,0
9558,4
9559,2
9560,1
9561,1
9562,3
9563,0
9564,0
9565,4
9566,1
9567,2
9568,1
9569,0
9570,1
9571,1
9572,4
9573,2
9574,0
9575,3
9576,1
9577,0
9578,2
9579,0
9580,1
9581,1
9582,3
9583,1
9584,1
9585,1
9586,2
9587,3
9588,2
9589,1
9590,0
9591,3
9592,5
9593,0
9594,2
9595,2
9596,2
9597,1
9598,6
9599,2
9600,2
9601,3
9602,0
9603,5
9604,1
9605,0
9606,2
9607,2
9608,2
9609,2
9610,4
9611,3
9612,2
9613,1
9614,1
9615,4
9616,2
9617,0
9618,0
9619,4
9620,2
9621,2
9622,4
9623,2
9624,2
9625,1
9626,3
9627,2
9628,1
9629,1
9630,2
9631,2
9632,5
9633,1
9634,3
9635,3
9636,2
9637,1
9638,3
9639,3
9640,4
9641,1
9642,2
9643,2
9644,2
9645,2
9646,4
9647,1
9648,2
9649,1
9650,1
9651,3
9652,3
9653,3
9654,1
9655,2
9656,2
9657,1
9658,4
9659,0
9660,1
9661,2
9662,3
9663,2
9664,1
9665,2
9666,3
9667,2
9668,1
9669,0
9670,1
9671,2
9672,2
9673,5
9674,3
9675,2
9676,1
9677,1
9678,0
9679,3
9680,2
9681,0
9682,0
9683,2
9684,2
9685,2
9686,4
9687,1
9688,4
9689,3
9690,1
9691,2
9692,3
9693,1
9694,0
9695,2
9696,4
9697,1
9698,3
9699,0
9700,2
9701,1
9702,4
9703,2
9704,0
9705,3
9706,2
9707,5
9708,5
9709,2
9710,1
9711,0
9712,3
9713,0
9714,1
9715,2
9716,4
9717,2
9718,1
9719,0
9720,1
9721,2
9722,1
9723,3
9724,0
9725,2
9726,3
9727,0
9728,5
9729,1
9730,2
9731,4
9732,4
9733,2
9734,2
9735,3
9736,0
9737,3
9738,4
9739,0
9740,2
9741,2
9742,1
9743,1
9744,3
9745,2
9746,0
9747,2
9748,0
9749,2
9750,2
9751,2
9752,3
9753,2
9754,0
9755,1
9756,2
9757,0
9758,0
9759,4
9760,3
9761,1
9762,3
9763,7
9764,1
9765,2
9766,2
9767,5
9768,4
9769,0
9770,1
9771,3
9772,3
9773,1
9774,2
9775,1
9776,3
9777,4
9778,2
9779,2
9780,1
9781,1
9782,1
9783,3
9784,1
9785,3
9786,3
9787,0
9788,3
9789,7
9790,2
9791,2
9792,2
9793,1
9794,1
9795,2
9796,4
9797,2
9798,2
9799,4
9800,1
9801,1
9802,0
9803,1
9804,0
9805,2
9806,0
9807,2
9808,4
9809,2
9810,3
9811,2
9812,1
9813,1
9814,1
9815,0
9816,1
9817,2
9818,0
9819,0
9820,1
9821,3
9822,1
9823,1
9824,0
9825,2
9826,2
9827,2
9828,2
9829,1
9830,0
9831,3
9832,1
9833,1
9834,1
9835,0
9836,2
9837,0
9838,1
9839,0
9840,5
9841,4
9842,2
9843,0
9844,1
9845,1
9846,6
9847,4
9848,1
9849,1
9850,2
9851,3
9852,2
9853,1
9854,0
9855,2
9856,0
9857,3
9858,2
9859,1
9860,1
9861,2
9862,1
9863,3
9864,2
9865,0
9866,0
9867,4
9868,2
9869,3
9870,0
9871,3
9872,3
9873,1
9874,1
9875,2
9876,2
9877,4
9878,4
9879,4
9880,3
9881,4
9882,4
9883,3
9884,1
9885,2
9886,2
9887,4
9888,2
9889,2
9890,1
9891,1
9892,2
9893,1
9894,3
9895,4
9896,5
9897,0
9898,0
9899,4
9900,1
9901,4
9902,5
9903,3
9904,4
9905,4
9906,1
9907,1
9908,0
9909,3
9910,1
9911,2
9912,3
9913,2
9914,1
9915,0
9916,1
9917,1
9918,4
9919,2
9920,3
9921,1
9922,0
9923,3
9924,4
9925,2
9926,3
9927,3
9928,3
9929,1
9930,4
9931,1
9932,2
9933,2
9934,5
9935,5
9936,3
9937,3
9938,0
9939,1
9940,3
9941,5
9942,0
9943,2
9944,3
9945,1
9946,1
9947,0
9948,0
9949,3
9950,2
9951,2
9952,3
9953,1
9954,2
9955,3
9956,2
9957,1
9958,2
9959,0
9960,2
9961,2
9962,3
9963,0
9964,2
9965,1
9966,1
9967,2
9968,2
9969,1
9970,1
9971,3
9972,1
9973,2
9974,1
9975,2
9976,1
9977,1
9978,2
9979,2
9980,2
9981,2
9982,2
9983,1
9984,2
9985,0
9986,0
9987,3
9988,1
9989,1
9990,1
9991,0
9992,1
9993,2
9994,0
9995,1
9996,1
9997,4
9998,1
9999,1
10000,0
10001,1
10002,3
10003,2
10004,0
10005,1
10006,1
10007,2
10008,2
10009,1
10010,1
10011,0
10012,4
10013,2
10014,0
10015,2
10016,4
10017,2
10018,3
10019,6
10020,2
10021,0
10022,4
10023,2
10024,2
10025,1
10026,1
10027,0
10028,2
10029,1
10030,2
10031,2
10032,1
10033,5
10034,4
10035,2
10036,2
10037,1
10038,3
10039,4
10040,3
10041,3
10042,1
10043,3
10044,2
10045,2
10046,1
10047,0
10048,0
10049,2
10050,2
10051,3
10052,8
10053,2
10054,0
10055,3
10056,2
10057,1
10058,1
10059,2
10060,1
10061,1
10062,0
10063,2
10064,2
10065,2
10066,2
10067,1
10068,2
10069,1
10070,2
10071,4
10072,3
10073,1
10074,0
10075,4
10076,4
10077,2
10078,3
10079,3
10080,6
10081,3
10082,1
10083,0
10084,2
10085,1
10086,4
10087,0
10088,2
10089,3
10090,4
10091,1
10092,1
10093,3
10094,1
10095,1
10096,1
10097,3
10098,1
10099,2
10100,4
10101,3
10102,4
10103,2
10104,2
10105,0
10106,4
10107,3
10108,4
10109,4
10110,5
10111,0
10112,3
10113,1
10114,4
10115,2
10116,2
10117,2
10118,2
10119,6
10120,4
10121,2
10122,2
10123,1
10124,3
10125,1
10126,2
10127,2
10128,0
10129,2
10130,3
10131,4
10132,3
10133,0
10134,3
10135,4
10136,3
10137,4
10138,3
10139,2
10140,2
10141,4
10142,2
10143,3
10144,4
10145,1
10146,2
10147,1
10148,7
10149,0
10150,1
10151,1
10152,4
10153,2
10154,2
10155,0
10156,4
10157,2
10158,4
10159,3
10160,2
10161,3
10162,4
10163,2
10164,2
10165,2
10166,2
10167,2
10168,1
10169,2
10170,1
10171,4
10172,0
10173,3
10174,1
10175,3
10176,0
10177,3
10178,2
10179,1
10180,1
10181,0
10182,1
10183,0
10184,0
10185,1
10186,2
10187,5
10188,1
10189,0
10190,4
10191,2
10192,1
10193,1
10194,1
10195,4
10196,2
10197,0
10198,1
10199,1
10200,3
10201,1
10202,4
10203,1
10204,3
10205,3
10206,3
10207,3
10208,0
10209,3
10210,1
10211,2
10212,1
10213,5
10214,0
10215,2
10216,2
10217,2
10218,2
10219,0
10220,1
10221,2
10222,1
10223,2
10224,1
10225,1
10226,5
10227,1
10228,1
10229,2
10230,2
10231,1
10232,2
10233,1
10234,5
10235,1
10236,1
10237,2
10238,1
10239,1
10240,2
10241,0
10242,0
10243,0
10244,2
10245,1
10246,1
10247,0
10248,0
10249,2
10250,2
10251,0
10252,4
10253,3
10254,2
10255,1
10256,2
10257,3
10258,2
10259,1
10260,2
10261,1
10262,1
10263,5
10264,5
10265,2
10266,0
10267,3
10268,1
10269,5
10270,1
10271,2
10272,1
10273,4
10274,1
10275,3
10276,2
10277,3
10278,1
10279,3
10280,2
10281,2
10282,0
10283,2
10284,1
10285,1
10286,4
10287,1
10288,2
10289,4
10290,2
10291,1
10292,2
10293,3
10294,3
10295,3
10296,2
10297,3
10298,4
10299,4
10300,4
10301,0
10302,1
10303,3
10304,0
10305,1
10306,5
10307,3
10308,1
10309,1
10310,0
10311,3
10312,2
10313,3
10314,3
10315,4
10316,1
10317,6
10318,1
10319,1
10320,2
10321,1
10322,1
10323,1
10324,2
10325,2
10326,3
10327,0
10328,2
10329,1
10330,1
10331,2
10332,6
10333,7
10334,1
10335,2
10336,2
10337,3
10338,4
10339,4
10340,1
10341,1
10342,2
10343,0
10344,2
10345,2
10346,1
10347,3
10348,1
10349,1
10350,2
10351,1
10352,2
10353,3
10354,1
10355,2
10356,3
10357,1
10358,0
10359,2
10360,2
10361,0
10362,2
10363,6
10364,3
10365,3
10366,1
10367,2
10368,2
10369,2
10370,2
10371,2
10372,1
10373,6
10374,2
10375,1
10376,2
10377,4
10378,1
10379,1
10380,1
10381,1
10382,4
10383,7
10384,4
10385,3
10386,0
10387,1
10388,1
10389,1
10390,0
10391,0
10392,0
10393,2
10394,3
10395,2
10396,2
10397,0
10398,2
10399,0
10400,3
10401,1
10402,3
10403,6
10404,1
10405,4
10406,3
10407,1
10408,0
10409,2
10410,1
10411,3
10412,0
10413,1
10414,1
10415,1
10416,1
10417,2
10418,3
10419,0
10420,1
10421,3
10422,1
10423,1
10424,2
10425,3
10426,1
10427,1
10428,3
10429,3
10430,1
10431,2
10432,4
10433,1
10434,0
10435,2
10436,0
10437,2
10438,1
10439,3
10440,1
10441,0
10442,2
10443,1
10444,3
10445,4
10446,1
10447,4
10448,3
10449,4
10450,4
10451,4
10452,3
10453,3
10454,4
10455,2
10456,2
10457,1
10458,3
10459,2
10460,4
10461,0
10462,0
10463,1
10464,0
10465,1
10466,1
10467,0
10468,2
10469,1
10470,1
10471,0
10472,1
10473,1
10474,1
10475,0
10476,1
10477,2
10478,1
10479,4
10480,3
10481,2
10482,3
10483,2
10484,2
10485,1
10486,1
10487,1
10488,0
10489,1
10490,3
10491,2
10492,1
10493,1
10494,3
10495,3
10496,0
10497,1
10498,3
10499,3
10500,3
10501,1
10502,2
10503,0
10504,1
10505,1
10506,2
10507,0
10508,2
10509,2
10510,0
10511,2
10512,1
10513,3
10514,1
10515,1
10516,3
10517,2
10518,0
10519,3
10520,1
10521,0
10522,2
10523,3
10524,4
10525,0
10526,5
10527,2
10528,1
10529,1
10530,6
10531,1
10532,0
10533,1
10534,2
10535,0
10536,3
10537,3
10538,2
10539,0
10540,1
10541,1
10542,4
10543,1
10544,1
10545,7
10546,1
10547,0
10548,2
10549,2
10550,4
10551,3
10552,1
10553,1
10554,2
10555,0
10556,1
10557,0
10558,1
10559,5
10560,3
10561,2
10562,2
10563,0
10564,1
10565,0
10566,1
10567,4
10568,1
10569,5
10570,6
10571,3
10572,1
10573,5
10574,4
10575,1
10576,1
10577,1
10578,3
10579,3
10580,3
10581,1
10582,2
10583,4
10584,1
10585,1
10586,3
10587,1
10588,2
10589,1
10590,1
10591,3
10592,4
10593,1
10594,3
10595,0
10596,1
10597,2
10598,2
10599,1
10600,3
10601,2
10602,5
10603,3
10604,2
10605,2
10606,3
10607,0
10608,1
10609,2
10610,2
10611,2
10612,1
10613,1
10614,0
10615,3
10616,2
10617,2
10618,0
10619,1
10620,2
10621,3
10622,1
10623,1
10624,4
10625,3
10626,1
10627,3
10628,0
10629,4
10630,0
10631,0
10632,4
10633,2
10634,0
10635,2
10636,2
10637,3
10638,3
10639,3
10640,3
10641,2
10642,7
10643,2
10644,2
10645,3
10646,0
10647,1
10648,1
10649,3
10650,3
10651,2
10652,1
10653,1
10654,0
10655,4
10656,2
10657,2
10658,4
10659,3
10660,2
10661,2
10662,5
10663,1
10664,3
10665,0
10666,1
10667,3
10668,0
10669,2
10670,1
10671,4
10672,3
10673,4
10674,2
10675,3
10676,2
10677,2
10678,3
10679,2
10680,3
10681,2
10682,2
10683,4
10684,2
10685,4
10686,3
10687,1
10688,0
10689,1
10690,0
10691,5
10692,3
10693,1
10694,0
10695,0
10696,1
10697,0
10698,0
10699,2
10700,2
10701,1
10702,1
10703,4
10704,3
10705,0
10706,2
10707,3
10708,1
10709,4
10710,4
10711,0
10712,3
10713,2
10714,0
10715,3
10716,1
10717,4
10718,2
10719,1
10720,1
10721,0
10722,2
10723,0
10724,0
10725,0
10726,0
10727,2
10728,0
10729,4
10730,1
10731,2
10732,1
10733,3
10734,1
10735,0
10736,6
10737,2
10738,1
10739,2
10740,0
10741,3
10742,1
10743,2
10744,2
10745,3
10746,1
10747,2
10748,2
10749,1
10750,0
10751,1
10752,3
10753,0
10754,1
10755,5
10756,0
10757,3
10758,3
10759,1
10760,2
10761,0
10762,1
10763,4
10764,0
10765,1
10766,1
10767,0
10768,2
10769,6
10770,5
10771,1
10772,1
10773,3
10774,2
10775,0
10776,0
10777,1
10778,5
10779,0
10780,2
10781,2
10782,3
10783,2
10784,3
10785,4
10786,0
10787,3
10788,1
10789,3
10790,2
10791,1
10792,3
10793,2
10794,3
10795,2
10796,3
10797,8
10798,1
10799,2
10800,0
10801,0
10802,1
10803,3
10804,3
10805,4
10806,1
10807,2
10808,2
10809,3
10810,3
10811,2
10812,1
10813,3
10814,3
10815,0
10816,1
10817,3
10818,1
10819,2
10820,1
10821,4
10822,3
10823,0
10824,4
10825,3
10826,2
10827,2
10828,2
10829,1
10830,1
10831,3
10832,0
10833,1
10834,1
10835,1
10836,3
10837,2
10838,0
10839,1
10840,1
10841,4
10842,0
10843,0
10844,0
10845,3
10846,1
10847,1
10848,2
10849,1
10850,2
10851,1
10852,3
10853,1
10854,2
10855,0
10856,0
10857,3
10858,4
10859,3
10860,5
10861,3
10862,6
10863,1
10864,1
10865,1
10866,2
10867,0
10868,3
10869,1
10870,4
10871,1
10872,5
10873,1
10874,2
10875,0
10876,1
10877,1
10878,0
10879,2
10880,3
10881,2
10882,3
10883,2
10884,2
10885,5
10886,3
10887,2
10888,1
10889,2
10890,3
10891,0
10892,0
10893,3
10894,0
10895,2
10896,1
10897,2
10898,1
10899,2
10900,1
10901,4
10902,3
10903,1
10904,1
10905,3
10906,1
10907,0
10908,1
10909,2
10910,1
10911,4
10912,2
10913,1
10914,4
10915,5
10916,2
10917,3
10918,2
10919,0
10920,2
10921,2
10922,3
10923,4
10924,2
10925,3
10926,2
10927,3
10928,3
10929,1
10930,2
10931,3
10932,3
10933,1
10934,1
10935,1
10936,4
10937,2
10938,1
10939,4
10940,4
10941,3
10942,4
10943,1
10944,2
10945,0
10946,3
10947,0
10948,1
10949,2
10950,3
10951,6
10952,2
10953,1
10954,2
10955,1
10956,2
10957,1
10958,4
10959,3
10960,1
10961,5
10962,3
10963,2
10964,3
10965,1
10966,2
10967,2
10968,2
10969,3
10970,1
10971,2
10972,2
10973,1
10974,2
10975,0
10976,2
10977,2
10978,1
10979,1
10980,3
10981,2
10982,0
10983,1
10984,1
10985,2
10986,3
10987,1
10988,4
10989,3
10990,1
10991,0
10992,3
10993,2
10994,2
10995,8
10996,0
10997,3
10998,4
10999,1
11000,2
11001,0
11002,1
11003,4
11004,0
11005,1
11006,3
11007,1
11008,4
11009,1
11010,3
11011,1
11012,1
11013,2
11014,2
11015,2
11016,0
11017,3
11018,0
11019,1
11020,3
11021,1
11022,3
11023,2
11024,2
11025,5
11026,1
11027,5
11028,3
11029,2
11030,4
11031,4
11032,3
11033,2
11034,2
11035,2
11036,2
11037,5
11038,2
11039,1
11040,4
11041,0
11042,1
11043,5
11044,3
11045,1
11046,3
11047,3
11048,2
11049,2
11050,1
11051,2
11052,1
11053,0
11054,3
11055,1
11056,1
11057,2
11058,0
11059,1
11060,4
11061,1
11062,4
11063,2
11064,1
11065,4
11066,2
11067,0
11068,1
11069,4
11070,5
11071,2
11072,3
11073,3
11074,1
11075,1
11076,4
11077,2
11078,3
11079,2
11080,2
11081,2
11082,4
11083,1
11084,2
11085,0
11086,1
11087,3
11088,2
11089,2
11090,4
11091,3
11092,2
11093,2
11094,1
11095,1
11096,3
11097,4
11098,4
11099,2
11100,2
11101,2
11102,2
11103,4
11104,1
11105,1
11106,3
11107,3
11108,4
11109,1
11110,1
11111,7
11112,2
11113,1
11114,3
11115,0
11116,2
11117,2
11118,0
11119,4
11120,4
11121,9
11122,3
11123,2
11124,2
11125,0
11126,4
11127,5
11128,3
11129,2
11130,2
11131,1
11132,1
11133,1
11134,2
11135,5
11136,2
11137,1
11138,3
11139,4
11140,3
11141,4
11142,0
11143,4
11144,0
11145,3
11146,3
11147,2
11148,3
11149,2
11150,0
11151,1
11152,1
11153,0
11154,1
11155,1
11156,0
11157,2
11158,2
11159,3
11160,2
11161,2
11162,6
11163,1
11164,2
11165,2
11166,3
11167,3
11168,3
11169,2
11170,5
11171,3
11172,2
11173,3
11174,1
11175,2
11176,3
11177,3
11178,2
11179,2
11180,3
11181,2
11182,0
11183,3
11184,1
11185,2
11186,2
11187,1
11188,1
11189,2
11190,0
11191,3
11192,1
11193,5
11194,0
11195,1
11196,0
11197,1
11198,0
11199,3
11200,2
11201,2
11202,1
11203,0
11204,1
11205,2
11206,1
11207,4
11208,3
11209,3
11210,1
11211,2
11212,1
11213,3
11214,2
11215,1
11216,1
11217,3
11218,2
11219,4
11220,1
11221,1
11222,0
11223,1
11224,2
11225,1
11226,1
11227,5
11228,1
11229,4
11230,2
11231,5
11232,0
11233,2
11234,2
11235,3
11236,2
11237,4
11238,0
11239,2
11240,3
11241,2
11242,2
11243,4
11244,1
11245,1
11246,1
11247,0
11248,2
11249,2
11250,3
11251,2
11252,1
11253,3
11254,5
11255,1
11256,0
11257,6
11258,1
11259,2
11260,2
11261,3
11262,1
11263,1
11264,2
11265,3
11266,2
11267,3
11268,4
11269,2
11270,1
11271,2
11272,2
11273,2
11274,3
11275,1
11276,4
11277,3
11278,2
11279,0
11280,0
11281,2
11282,4
11283,1
11284,3
11285,4
11286,2
11287,5
11288,1
11289,2
11290,0
11291,1
11292,3
11293,1
11294,1
11295,1
11296,3
11297,3
11298,1
11299,3
11300,1
11301,2
11302,3
11303,0
11304,2
11305,2
11306,6
11307,1
11308,4
11309,3
11310,1
11311,1
11312,0
11313,6
11314,4
11315,4
11316,1
11317,2
11318,2
11319,0
11320,2
11321,0
11322,0
11323,2
11324,1
11325,2
11326,3
11327,3
11328,1
11329,2
11330,3
11331,2
11332,3
11333,3
11334,1
11335,4
11336,0
11337,2
11338,1
11339,1
11340,1
11341,3
11342,1
11343,2
11344,4
11345,0
11346,2
11347,8
11348,3
11349,2
11350,0
11351,0
11352,3
11353,2
11354,2
11355,2
11356,2
11357,1
11358,1
11359,2
11360,5
11361,2
11362,3
11363,2
11364,3
11365,4
11366,2
11367,3
11368,1
11369,2
11370,3
11371,1
11372,4
11373,2
11374,2
11375,3
11376,1
11377,2
11378,1
11379,1
11380,2
11381,2
11382,2
11383,1
11384,0
11385,3
11386,2
11387,2
11388,3
11389,2
11390,1
11391,3
11392,2
11393,2
11394,2
11395,2
11396,2
11397,5
11398,1
11399,2
11400,1
11401,6
11402,2
11403,3
11404,5
11405,2
11406,0
11407,3
11408,3
11409,4
11410,2
11411,2
11412,2
11413,3
11414,2
11415,1
11416,1
11417,0
11418,2
11419,0
11420,0
11421,1
11422,3
11423,2
11424,4
11425,2
11426,1
11427,4
11428,1
11429,3
11430,0
11431,3
11432,3
11433,1
11434,2
11435,1
11436,1
11437,3
11438,1
11439,0
11440,1
11441,2
11442,3
11443,2
11444,4
11445,0
11446,2
11447,1
11448,0
11449,2
11450,1
11451,5
11452,0
11453,1
11454,0
11455,0
11456,2
11457,2
11458,1
11459,5
11460,2
11461,1
11462,0
11463,2
11464,1
11465,2
11466,1
11467,4
11468,2
11469,0
11470,3
11471,5
11472,2
11473,1
11474,6
11475,0
11476,2
11477,4
11478,1
11479,1
11480,1
11481,2
11482,2
11483,3
11484,1
11485,0
11486,4
11487,0
11488,2
11489,2
11490,0
11491,3
11492,3
11493,4
11494,2
11495,1
11496,3
11497,1
11498,2
11499,2
11500,4
11501,1
11502,1
11503,2
11504,0
11505,2
11506,0
11507,2
11508,1
11509,1
11510,1
11511,3
11512,3
11513,3
11514,2
11515,2
11516,2
11517,2
11518,4
11519,2
11520,1
11521,2
11522,1
11523,4
11524,2
11525,2
11526,3
11527,5
11528,3
11529,1
11530,1
11531,1
11532,1
11533,4
11534,3
11535,1
11536,4
11537,0
11538,0
11539,2
11540,0
11541,1
11542,2
11543,2
11544,3
11545,5
11546,2
11547,2
11548,2
11549,0
11550,3
11551,3
11552,3
11553,2
11554,3
11555,0
11556,0
11557,0
11558,2
11559,1
11560,2
11561,1
11562,2
11563,3
11564,2
11565,3
11566,2
11567,3
11568,4
11569,4
11570,1
11571,5
11572,2
11573,5
11574,6
11575,1
11576,0
11577,2
11578,1
11579,0
11580,4
11581,2
11582,2
11583,2
11584,0
11585,2
11586,3
11587,0
11588,0
11589,5
11590,2
11591,2
11592,3
11593,3
11594,2
11595,1
11596,2
11597,3
11598,2
11599,0
11600,2
11601,1
11602,1
11603,2
11604,4
11605,2
11606,0
11607,0
11608,0
11609,4
11610,3
11611,3
11612,8
11613,0
11614,4
11615,0
11616,1
11617,3
11618,0
11619,0
11620,3
11621,4
11622,3
11623,3
11624,4
11625,3
11626,1
11627,0
11628,3
11629,1
11630,7
11631,2
11632,6
11633,3
11634,1
11635,2
11636,3
11637,2
11638,2
11639,3
11640,3
11641,2
11642,5
11643,1
11644,1
11645,3
11646,5
11647,2
11648,0
11649,2
11650,2
11651,4
11652,2
11653,4
11654,3
11655,1
11656,4
11657,3
11658,2
