0,2
1,3
2,1
3,1
4,0
5,0
6,1
7,2
8,0
9,1
10,2
11,2
12,3
13,1
14,3
15,1
16,1
17,1
18,0
19,2
20,4
21,3
22,2
23,4
24,2
25,1
26,2
27,0
28,0
29,2
30,2
31,3
32,2
33,0
34,1
35,0
36,1
37,1
38,1
39,2
40,0
41,1
42,2
43,0
44,2
45,1
46,4
47,2
48,0
49,3
50,1
51,2
52,4
53,2
54,2
55,3
56,0
57,1
58,3
59,2
60,1
61,2
62,2
63,3
64,0
65,3
66,4
67,1
68,0
69,1
70,2
71,0
72,5
73,1
74,1
75,0
76,2
77,3
78,1
79,1
80,0
81,2
82,0
83,1
84,2
85,3
86,2
87,4
88,3
89,0
90,1
91,5
92,2
93,0
94,2
95,1
96,1
97,1
98,1
99,3
100,2
101,1
102,4
103,4
104,3
105,1
106,3
107,1
108,1
109,2
110,1
111,3
112,1
113,1
114,0
115,3
116,2
117,0
118,3
119,1
120,1
121,1
122,1
123,1
124,0
125,2
126,2
127,0
128,1
129,2
130,1
131,2
132,2
133,0
134,2
135,3
136,3
137,2
138,2
139,2
140,0
141,2
142,1
143,3
144,3
145,3
146,1
147,0
148,1
149,5
150,3
151,3
152,2
153,1
154,0
155,1
156,1
157,1
158,3
159,3
160,3
161,0
162,1
163,2
164,5
165,2
166,3
167,0
168,3
169,4
170,1
171,0
172,5
173,0
174,0
175,3
176,2
177,5
178,0
179,4
180,1
181,0
182,0
183,2
184,2
185,0
186,0
187,5
188,0
189,3
190,2
191,2
192,2
193,1
194,2
195,1
196,3
197,1
198,1
199,0
200,2
201,1
202,2
203,2
204,1
205,0
206,4
207,0
208,4
209,2
210,2
211,3
212,1
213,2
214,1
215,0
216,6
217,1
218,2
219,1
220,0
221,1
222,1
223,1
224,0
225,1
226,0
227,4
228,2
229,1
230,1
231,0
232,1
233,5
234,3
235,1
236,4
237,2
238,1
239,4
240,4
241,2
242,1
243,4
244,1
245,2
246,2
247,0
248,3
249,2
250,1
251,2
252,2
253,0
254,4
255,0
256,1
257,1
258,1
259,1
260,4
261,3
262,4
263,3
264,1
265,3
266,1
267,3
268,1
269,1
270,2
271,0
272,1
273,0
274,2
275,2
276,0
277,1
278,1
279,1
280,2
281,1
282,3
283,3
284,2
285,0
286,3
287,1
288,0
289,0
290,3
291,2
292,1
293,1
294,1
295,0
296,2
297,4
298,0
299,0
300,3
301,2
302,0
303,2
304,1
305,1
306,2
307,2
308,0
309,6
310,1
311,1
312,1
313,2
314,1
315,0
316,0
317,0
318,2
319,1
320,5
321,2
322,2
323,2
324,2
325,1
326,1
327,3
328,0
329,0
330,1
331,2
332,1
333,1
334,2
335,0
336,2
337,1
338,1
339,0
340,4
341,0
342,2
343,1
344,1
345,3
346,2
347,5
348,0
349,2
350,3
351,1
352,3
353,1
354,3
355,0
356,2
357,0
358,3
359,0
360,0
361,1
362,0
363,2
364,1
365,1
366,3
367,0
368,3
369,0
370,1
371,0
372,1
373,1
374,3
375,0
376,1
377,1
378,2
379,2
380,2
381,1
382,1
383,1
384,0
385,0
386,3
387,1
388,2
389,1
390,0
391,2
392,1
393,1
394,4
395,4
396,1
397,2
398,0
399,1
400,0
401,3
402,3
403,1
404,2
405,2
406,1
407,2
408,2
409,2
410,1
411,0
412,3
413,0
414,2
415,0
416,1
417,2
418,1
419,3
420,2
421,2
422,5
423,0
424,2
425,1
426,2
427,1
428,0
429,0
430,0
431,3
432,2
433,2
434,6
435,0
436,1
437,2
438,0
439,4
440,1
441,0
442,1
443,2
444,3
445,1
446,1
447,2
448,0
449,1
450,0
451,0
452,0
453,0
454,5
455,0
456,0
457,0
458,0
459,1
460,2
461,0
462,1
463,2
464,1
465,0
466,2
467,1
468,5
469,1
470,2
471,0
472,5
473,3
474,2
475,0
476,0
477,0
478,1
479,2
480,7
481,2
482,4
483,0
484,1
485,1
486,2
487,1
488,4
489,3
490,2
491,1
492,0
493,1
494,2
495,1
496,3
497,2
498,0
499,2
500,0
501,1
502,3
503,0
504,1
505,0
506,2
507,0
508,0
509,1
510,3
511,1
512,2
513,3
514,1
515,0
516,1
517,4
518,1
519,0
520,0
521,0
522,3
523,3
524,1
525,0
526,1
527,1
528,0
529,0
530,1
531,1
532,2
533,0
534,2
535,2
536,2
537,4
538,1
539,3
540,0
541,1
542,2
543,1
544,2
545,1
546,2
547,2
548,0
549,2
550,1
551,0
552,4
553,2
554,1
555,1
556,2
557,2
558,0
559,1
560,2
561,3
562,0
563,3
564,1
565,2
566,1
567,1
568,4
569,3
570,2
571,2
572,0
573,1
574,1
575,0
576,2
577,1
578,3
579,3
580,1
581,1
582,2
583,0
584,3
585,4
586,2
587,1
588,3
589,3
590,1
591,0
592,1
593,2
594,2
595,2
596,1
597,1
598,2
599,1
600,0
601,2
602,2
603,1
604,1
605,3
606,1
607,7
608,2
609,1
610,4
611,2
612,2
613,4
614,2
615,1
616,1
617,0
618,3
619,0
620,2
621,0
622,0
623,0
624,2
625,0
626,1
627,1
628,2
629,0
630,1
631,2
632,3
633,1
634,2
635,3
636,1
637,2
638,5
639,3
640,1
641,1
642,0
643,2
644,3
645,0
646,4
647,1
648,5
649,2
650,2
651,1
652,1
653,2
654,1
655,1
656,4
657,1
658,1
659,1
660,3
661,2
662,4
663,0
664,0
665,1
666,3
667,2
668,4
669,0
670,1
671,6
672,1
673,1
674,4
675,0
676,2
677,2
678,1
679,3
680,2
681,2
682,1
683,3
684,0
685,2
686,2
687,2
688,3
689,1
690,0
691,1
692,2
693,6
694,1
695,1
696,3
697,2
698,5
699,2
700,0
701,2
702,1
703,1
704,1
705,1
706,1
707,0
708,1
709,4
710,4
711,1
712,1
713,3
714,1
715,1
716,5
717,1
718,1
719,1
720,1
721,0
722,3
723,2
724,1
725,0
726,1
727,0
728,3
729,1
730,3
731,0
732,0
733,1
734,1
735,1
736,1
737,1
738,4
739,0
740,2
741,0
742,1
743,3
744,1
745,2
746,3
747,1
748,0
749,0
750,2
751,2
752,2
753,2
754,3
755,4
756,3
757,0
758,1
759,0
760,1
761,0
762,1
763,1
764,2
765,1
766,3
767,1
768,0
769,2
770,3
771,1
772,3
773,4
774,3
775,0
776,4
777,0
778,2
779,1
780,2
781,2
782,0
783,1
784,1
785,2
786,0
787,1
788,3
789,1
790,2
791,1
792,3
793,3
794,1
795,0
796,1
797,1
798,1
799,2
800,0
801,1
802,2
803,1
804,1
805,1
806,2
807,5
808,1
809,2
810,0
811,2
812,1
813,1
814,1
815,1
816,3
817,2
818,1
819,0
820,2
821,1
822,2
823,1
824,1
825,0
826,2
827,1
828,5
829,4
830,0
831,0
832,2
833,1
834,2
835,1
836,2
837,1
838,1
839,1
840,1
841,1
842,1
843,1
844,0
845,1
846,0
847,0
848,3
849,1
850,0
851,2
852,1
853,1
854,0
855,2
856,1
857,1
858,1
859,1
860,1
861,0
862,3
863,1
864,2
865,1
866,4
867,1
868,3
869,1
870,1
871,1
872,0
873,1
874,4
875,3
876,0
877,5
878,0
879,6
880,1
881,3
882,2
883,2
884,2
885,2
886,2
887,0
888,0
889,0
890,2
891,0
892,1
893,2
894,2
895,0
896,0
897,4
898,2
899,1
900,2
901,0
902,3
903,1
904,1
905,1
906,0
907,2
908,2
909,1
910,3
911,1
912,2
913,0
914,2
915,1
916,1
917,1
918,2
919,0
920,1
921,2
922,3
923,1
924,3
925,2
926,3
927,3
928,0
929,0
930,1
931,3
932,1
933,1
934,0
935,2
936,1
937,2
938,2
939,1
940,4
941,0
942,2
943,2
944,4
945,3
946,2
947,3
948,0
949,2
950,3
951,2
952,0
953,0
954,0
955,1
956,2
957,1
958,0
959,0
960,0
961,1
962,4
963,1
964,1
965,2
966,2
967,0
968,0
969,2
970,2
971,1
972,3
973,0
974,3
975,0
976,1
977,1
978,3
979,4
980,1
981,2
982,1
983,1
984,0
985,2
986,4
987,3
988,1
989,0
990,2
991,0
992,2
993,1
994,1
995,1
996,0
997,1
998,3
999,0
1000,1
1001,4
1002,3
1003,0
1004,4
1005,1
1006,0
1007,4
1008,1
1009,6
1010,3
1011,3
1012,2
1013,3
1014,1
1015,1
1016,0
1017,3
1018,1
1019,1
1020,2
1021,1
1022,1
1023,3
1024,1
1025,2
1026,0
1027,1
1028,2
1029,2
1030,0
1031,0
1032,1
1033,0
1034,2
1035,0
1036,3
1037,0
1038,1
1039,1
1040,1
1041,1
1042,2
1043,1
1044,2
1045,2
1046,0
1047,1
1048,2
1049,1
1050,0
1051,3
1052,0
1053,2
1054,5
1055,0
1056,2
1057,1
1058,3
1059,0
1060,3
1061,0
1062,2
1063,0
1064,0
1065,2
1066,2
1067,2
1068,0
1069,0
1070,1
1071,0
1072,1
1073,3
1074,1
1075,1
1076,3
1077,1
1078,1
1079,1
1080,2
1081,2
1082,2
1083,0
1084,2
1085,1
1086,3
1087,0
1088,2
1089,2
1090,4
1091,2
1092,2
1093,2
1094,1
1095,1
1096,3
1097,2
1098,4
1099,0
1100,1
1101,2
1102,1
1103,1
1104,3
1105,0
1106,3
1107,0
1108,0
1109,0
1110,1
1111,2
1112,2
1113,3
1114,1
1115,2
1116,2
1117,3
1118,3
1119,2
1120,0
1121,4
1122,1
1123,2
1124,0
1125,0
1126,1
1127,2
1128,3
1129,1
1130,1
1131,1
1132,2
1133,3
1134,2
1135,1
1136,0
1137,0
1138,0
1139,3
1140,1
1141,4
1142,2
1143,2
1144,1
1145,0
1146,1
1147,4
1148,2
1149,1
1150,2
1151,2
1152,3
1153,0
1154,2
1155,4
1156,2
1157,0
1158,1
1159,1
1160,0
1161,0
1162,1
1163,0
1164,3
1165,3
1166,3
1167,3
1168,1
1169,1
1170,3
1171,3
1172,1
1173,2
1174,1
1175,0
1176,1
1177,2
1178,1
1179,2
1180,2
1181,2
1182,0
1183,3
1184,2
1185,1
1186,1
1187,1
1188,1
1189,0
1190,0
1191,0
1192,2
1193,1
1194,1
1195,2
1196,1
1197,2
1198,0
1199,0
1200,2
1201,2
1202,1
1203,0
1204,1
1205,3
1206,0
1207,1
1208,1
1209,1
1210,1
1211,3
1212,0
1213,1
1214,1
1215,2
1216,1
1217,4
1218,3
1219,3
1220,1
1221,1
1222,1
1223,2
1224,1
1225,1
1226,3
1227,4
1228,0
1229,2
1230,0
1231,0
1232,1
1233,1
1234,0
1235,1
1236,2
1237,2
1238,1
1239,0
1240,2
1241,2
1242,0
1243,2
1244,1
1245,2
1246,0
1247,1
1248,2
1249,0
1250,2
1251,2
1252,2
1253,0
1254,1
1255,2
1256,1
1257,1
1258,1
1259,2
1260,3
1261,1
1262,2
1263,1
1264,0
1265,0
1266,3
1267,2
1268,1
1269,4
1270,1
1271,1
1272,2
1273,0
1274,0
1275,0
1276,2
1277,2
1278,1
1279,0
1280,1
1281,3
1282,1
1283,0
1284,2
1285,1
1286,4
1287,0
1288,1
1289,1
1290,1
1291,1
1292,0
1293,1
1294,2
1295,0
1296,1
1297,0
1298,3
1299,0
1300,3
1301,2
1302,3
1303,1
1304,3
1305,2
1306,3
1307,4
1308,6
1309,3
1310,1
1311,0
1312,1
1313,4
1314,0
1315,3
1316,2
1317,1
1318,1
1319,2
1320,1
1321,3
1322,2
1323,1
1324,2
1325,5
1326,2
1327,0
1328,0
1329,2
1330,1
1331,3
1332,3
1333,0
1334,2
1335,4
1336,1
1337,3
1338,1
1339,1
1340,1
1341,3
1342,3
1343,1
1344,1
1345,2
1346,2
1347,0
1348,0
1349,1
1350,3
1351,1
1352,1
1353,2
1354,3
1355,2
1356,1
1357,1
1358,2
1359,4
1360,1
1361,2
1362,0
1363,1
1364,0
1365,0
1366,3
1367,1
1368,4
1369,1
1370,0
1371,1
1372,1
1373,4
1374,2
1375,1
1376,0
1377,0
1378,3
1379,1
1380,2
1381,1
1382,2
1383,3
1384,1
1385,1
1386,1
1387,1
1388,2
1389,4
1390,1
1391,1
1392,3
1393,3
1394,1
1395,1
1396,3
1397,1
1398,5
1399,1
1400,2
1401,2
1402,1
1403,1
1404,3
1405,3
1406,1
1407,2
1408,3
1409,0
1410,1
1411,1
1412,1
1413,0
1414,1
1415,2
1416,2
1417,0
1418,2
1419,1
1420,0
1421,0
1422,1
1423,2
1424,1
1425,0
1426,3
1427,3
1428,1
1429,4
1430,1
1431,3
1432,3
1433,1
1434,5
1435,1
1436,0
1437,1
1438,5
1439,1
1440,1
1441,2
1442,2
1443,3
1444,2
1445,2
1446,0
1447,3
1448,4
1449,2
1450,2
1451,1
1452,0
1453,1
1454,1
1455,0
1456,5
1457,2
1458,0
1459,1
1460,1
1461,4
1462,0
1463,2
1464,1
1465,3
1466,0
1467,1
1468,2
1469,1
1470,2
1471,1
1472,0
1473,0
1474,3
1475,2
1476,0
1477,1
1478,2
1479,1
1480,1
1481,1
1482,1
1483,2
1484,0
1485,2
1486,3
1487,0
1488,1
1489,1
1490,2
1491,2
1492,1
1493,1
1494,3
1495,2
1496,0
1497,1
1498,1
1499,0
1500,6
1501,0
1502,2
1503,3
1504,0
1505,0
1506,2
1507,0
1508,0
1509,1
1510,2
1511,2
1512,3
1513,3
1514,1
1515,1
1516,0
1517,0
1518,2
1519,1
1520,1
1521,1
1522,2
1523,1
1524,0
1525,1
1526,1
1527,0
1528,3
1529,2
1530,1
1531,1
1532,1
1533,2
1534,2
1535,1
1536,2
1537,0
1538,0
1539,0
1540,2
1541,1
1542,1
1543,0
1544,2
1545,0
1546,3
1547,3
1548,1
1549,1
1550,3
1551,3
1552,0
1553,3
1554,1
1555,0
1556,0
1557,2
1558,1
1559,4
1560,1
1561,3
1562,1
1563,1
1564,2
1565,1
1566,2
1567,4
1568,0
1569,1
1570,4
1571,2
1572,2
1573,0
1574,2
1575,4
1576,0
1577,5
1578,1
1579,2
1580,1
1581,1
1582,2
1583,1
1584,0
1585,1
1586,1
1587,3
1588,2
1589,1
1590,1
1591,1
1592,2
1593,2
1594,3
1595,3
1596,0
1597,0
1598,0
1599,2
1600,3
1601,2
1602,1
1603,0
1604,1
1605,2
1606,2
1607,3
1608,1
1609,0
1610,4
1611,1
1612,1
1613,3
1614,3
1615,0
1616,0
1617,3
1618,4
1619,2
1620,0
1621,0
1622,2
1623,1
1624,0
1625,3
1626,4
1627,1
1628,1
1629,3
1630,0
1631,1
1632,2
1633,2
1634,4
1635,1
1636,1
1637,1
1638,1
1639,6
1640,1
1641,4
1642,3
1643,1
1644,1
1645,0
1646,2
1647,1
1648,3
1649,1
1650,2
1651,1
1652,1
1653,4
1654,2
1655,4
1656,1
1657,1
1658,0
1659,1
1660,2
1661,3
1662,2
1663,2
1664,1
1665,0
1666,1
1667,3
1668,1
1669,0
1670,1
1671,2
1672,1
1673,2
1674,0
1675,5
1676,2
1677,2
1678,1
1679,1
1680,1
1681,3
1682,0
1683,3
1684,2
1685,2
1686,2
1687,1
1688,1
1689,3
1690,0
1691,1
1692,1
1693,1
1694,3
1695,0
1696,2
1697,1
1698,4
1699,1
1700,0
1701,0
1702,2
1703,2
1704,1
1705,4
1706,1
1707,4
1708,0
1709,1
1710,3
1711,2
1712,2
1713,1
1714,3
1715,2
1716,1
1717,0
1718,2
1719,2
1720,5
1721,2
1722,0
1723,1
1724,3
1725,1
1726,1
1727,1
1728,0
1729,1
1730,0
1731,2
1732,0
1733,0
1734,1
1735,2
1736,1
1737,1
1738,1
1739,0
1740,0
1741,3
1742,1
1743,0
1744,1
1745,1
1746,0
1747,5
1748,0
1749,1
1750,1
1751,2
1752,0
1753,2
1754,1
1755,2
1756,6
1757,0
1758,0
1759,2
1760,2
1761,1
1762,0
1763,2
1764,4
1765,0
1766,3
1767,1
1768,1
1769,0
1770,2
1771,1
1772,1
1773,0
1774,3
1775,0
1776,2
1777,3
1778,5
1779,0
1780,1
1781,1
1782,1
1783,1
1784,3
1785,3
1786,1
1787,0
1788,1
1789,0
1790,3
1791,3
1792,3
1793,1
1794,2
1795,2
1796,1
1797,2
1798,0
1799,1
1800,2
1801,0
1802,1
1803,2
1804,2
1805,1
1806,1
1807,3
1808,1
1809,1
1810,0
1811,4
1812,2
1813,3
1814,0
1815,1
1816,0
1817,0
1818,3
1819,1
1820,1
1821,1
1822,0
1823,0
1824,0
1825,2
1826,3
1827,4
1828,1
1829,1
1830,0
1831,1
1832,6
1833,1
1834,1
1835,4
1836,1
1837,2
1838,1
1839,3
1840,3
1841,5
1842,4
1843,0
1844,1
1845,1
1846,2
1847,0
1848,2
1849,1
1850,0
1851,3
1852,1
1853,2
1854,1
1855,2
1856,1
1857,1
1858,2
1859,5
1860,3
1861,2
1862,1
1863,0
1864,1
1865,1
1866,1
1867,2
1868,1
1869,2
1870,0
1871,4
1872,1
1873,1
1874,4
1875,0
1876,1
1877,2
1878,0
1879,2
1880,2
1881,1
1882,1
1883,2
1884,4
1885,2
1886,1
1887,1
1888,0
1889,2
1890,1
1891,3
1892,2
1893,1
1894,2
1895,2
1896,4
1897,1
1898,1
1899,2
1900,2
1901,1
1902,0
1903,1
1904,1
1905,1
1906,1
1907,3
1908,3
1909,0
1910,1
1911,6
1912,0
1913,1
1914,4
1915,1
1916,0
1917,1
1918,1
1919,2
1920,5
1921,1
1922,3
1923,3
1924,1
1925,4
1926,1
1927,3
1928,1
1929,1
1930,1
1931,1
1932,2
1933,2
1934,1
1935,3
1936,0
1937,2
1938,2
1939,2
1940,1
1941,1
1942,1
1943,1
1944,2
1945,2
1946,2
1947,1
1948,1
1949,1
1950,2
1951,1
1952,2
1953,2
1954,0
1955,2
1956,0
1957,2
1958,2
1959,0
1960,1
1961,0
1962,0
1963,2
1964,0
1965,2
1966,1
1967,0
1968,2
1969,1
1970,1
1971,3
1972,2
1973,1
1974,3
1975,4
1976,2
1977,0
1978,4
1979,1
1980,4
1981,2
1982,1
1983,4
1984,1
1985,5
1986,2
1987,1
1988,2
1989,2
1990,1
1991,0
1992,2
1993,1
1994,1
1995,3
1996,3
1997,3
1998,2
1999,0
2000,2
2001,1
2002,1
2003,3
2004,3
2005,1
2006,2
2007,1
2008,2
2009,1
2010,1
2011,1
2012,3
2013,4
2014,0
2015,2
2016,2
2017,3
2018,2
2019,2
2020,1
2021,1
2022,6
2023,0
2024,3
2025,2
2026,4
2027,2
2028,0
2029,2
2030,2
2031,1
2032,1
2033,1
2034,1
2035,0
2036,3
2037,2
2038,3
2039,1
2040,1
2041,1
2042,1
2043,0
2044,3
2045,2
2046,1
2047,1
2048,2
2049,1
2050,1
2051,2
2052,1
2053,0
2054,3
2055,0
2056,0
2057,0
2058,1
2059,3
2060,2
2061,4
2062,1
2063,2
2064,1
2065,0
2066,1
2067,2
2068,0
2069,0
2070,3
2071,2
2072,2
2073,1
2074,0
2075,0
2076,0
2077,1
2078,1
2079,1
2080,4
2081,1
2082,0
2083,4
2084,1
2085,1
2086,2
2087,1
2088,4
2089,2
2090,1
2091,0
2092,0
2093,2
2094,2
2095,4
2096,2
2097,0
2098,1
2099,1
2100,4
2101,1
2102,2
2103,2
2104,0
2105,3
2106,1
2107,2
2108,1
2109,1
2110,2
2111,2
2112,0
2113,2
2114,1
2115,1
2116,0
2117,4
2118,3
2119,0
2120,2
2121,1
2122,1
2123,3
2124,2
2125,0
2126,3
2127,2
2128,1
2129,1
2130,2
2131,0
2132,1
2133,0
2134,0
2135,0
2136,0
2137,0
2138,2
2139,3
2140,1
2141,1
2142,0
2143,3
2144,2
2145,2
2146,1
2147,2
2148,2
2149,1
2150,3
2151,1
2152,1
2153,1
2154,4
2155,2
2156,1
2157,2
2158,2
2159,1
2160,1
2161,2
2162,3
2163,2
2164,3
2165,1
2166,2
2167,1
2168,1
2169,3
2170,1
2171,0
2172,1
2173,4
2174,3
2175,0
2176,1
2177,1
2178,3
2179,1
2180,0
2181,2
2182,0
2183,1
2184,0
2185,0
2186,1
2187,2
2188,0
2189,1
2190,2
2191,1
2192,0
2193,0
2194,6
2195,1
2196,1
2197,0
2198,1
2199,1
2200,1
2201,2
2202,2
2203,2
2204,4
2205,2
2206,1
2207,1
2208,1
2209,1
2210,1
2211,2
2212,1
2213,3
2214,0
2215,0
2216,1
2217,2
2218,3
2219,0
2220,0
2221,4
2222,2
2223,0
2224,2
2225,0
2226,1
2227,1
2228,1
2229,2
2230,2
2231,1
2232,1
2233,1
2234,0
2235,0
2236,3
2237,1
2238,4
2239,3
2240,2
2241,3
2242,2
2243,0
2244,2
2245,2
2246,3
2247,1
2248,2
2249,0
2250,1
2251,2
2252,3
2253,0
2254,4
2255,2
2256,2
2257,1
2258,1
2259,2
2260,5
2261,2
2262,1
2263,1
2264,1
2265,0
2266,4
2267,0
2268,1
2269,0
2270,0
2271,2
2272,2
2273,2
2274,1
2275,2
2276,1
2277,2
2278,1
2279,3
2280,1
2281,1
2282,0
2283,3
2284,2
2285,2
2286,1
2287,2
2288,4
2289,1
2290,1
2291,3
2292,0
2293,2
2294,3
2295,5
2296,1
2297,0
2298,0
2299,0
2300,1
2301,0
2302,4
2303,2
2304,0
2305,0
2306,0
2307,2
2308,4
2309,1
2310,2
2311,1
2312,2
2313,1
2314,2
2315,2
2316,0
2317,1
2318,1
2319,2
2320,2
2321,1
2322,2
2323,2
2324,2
2325,0
2326,1
2327,4
2328,2
2329,3
2330,1
2331,1
2332,1
2333,2
2334,1
2335,3
2336,1
2337,0
2338,4
2339,2
2340,2
2341,1
2342,0
2343,1
2344,1
2345,2
2346,1
2347,2
2348,3
2349,0
2350,2
2351,4
2352,2
2353,1
2354,5
2355,1
2356,1
2357,5
2358,1
2359,2
2360,3
2361,1
2362,2
2363,3
2364,2
2365,2
2366,1
2367,0
2368,1
2369,3
2370,3
2371,4
2372,2
2373,1
2374,1
2375,1
2376,0
2377,1
2378,1
2379,0
2380,0
2381,1
2382,3
2383,1
2384,1
2385,1
2386,2
2387,0
2388,2
2389,2
2390,3
2391,1
2392,1
2393,3
2394,2
2395,1
2396,0
2397,0
2398,1
2399,0
2400,1
2401,1
2402,1
2403,4
2404,4
2405,0
2406,2
2407,3
2408,1
2409,2
2410,1
2411,2
2412,2
2413,1
2414,4
2415,2
2416,1
2417,2
2418,2
2419,2
2420,3
2421,2
2422,1
2423,0
2424,2
2425,2
2426,0
2427,2
2428,1
2429,2
2430,5
2431,2
2432,4
2433,0
2434,0
2435,3
2436,3
2437,0
2438,0
2439,3
2440,0
2441,1
2442,0
2443,0
2444,2
2445,2
2446,0
2447,1
2448,2
2449,2
2450,1
2451,0
2452,0
2453,2
2454,2
2455,1
2456,1
2457,0
2458,3
2459,0
2460,2
2461,3
2462,1
2463,3
2464,1
2465,0
2466,0
2467,1
2468,3
2469,1
2470,1
2471,0
2472,1
2473,1
2474,1
2475,1
2476,0
2477,1
2478,4
2479,1
2480,1
2481,0
2482,2
2483,1
2484,0
2485,2
2486,1
2487,3
2488,0
2489,1
2490,2
2491,2
2492,3
2493,0
2494,2
2495,1
2496,1
2497,2
2498,2
2499,2
2500,0
2501,1
2502,0
2503,6
2504,4
2505,4
2506,1
2507,3
2508,3
2509,3
2510,2
2511,2
2512,2
2513,0
2514,3
2515,1
2516,3
2517,2
2518,0
2519,1
2520,1
2521,1
2522,1
2523,1
2524,0
2525,2
2526,1
2527,0
2528,1
2529,1
2530,1
2531,1
2532,7
2533,0
2534,1
2535,1
2536,2
2537,2
2538,1
2539,0
2540,0
2541,1
2542,2
2543,1
2544,3
2545,3
2546,2
2547,4
2548,3
2549,0
2550,2
2551,0
2552,0
2553,3
2554,3
2555,1
2556,2
2557,2
2558,3
2559,0
2560,2
2561,3
2562,3
2563,2
2564,1
2565,2
2566,1
2567,1
2568,0
2569,2
2570,2
2571,3
2572,1
2573,2
2574,0
2575,4
2576,0
2577,0
2578,1
2579,0
2580,2
2581,1
2582,3
2583,1
2584,1
2585,1
2586,2
2587,0
2588,1
2589,0
2590,2
2591,2
2592,1
2593,0
2594,2
2595,1
2596,0
2597,1
2598,1
2599,0
2600,1
2601,2
2602,0
2603,1
2604,2
2605,2
2606,0
2607,0
2608,0
2609,3
2610,1
2611,0
2612,2
2613,0
2614,2
2615,2
2616,3
2617,2
2618,0
2619,1
2620,2
2621,1
2622,1
2623,1
2624,1
2625,4
2626,0
2627,1
2628,3
2629,1
2630,0
2631,1
2632,1
2633,4
2634,1
2635,4
2636,1
2637,1
2638,0
2639,1
2640,2
2641,0
2642,1
2643,1
2644,4
2645,0
2646,2
2647,0
2648,2
2649,2
2650,0
2651,0
2652,0
2653,2
2654,4
2655,0
2656,0
2657,1
2658,2
2659,2
2660,0
2661,0
2662,4
2663,1
2664,2
2665,3
2666,3
2667,0
2668,2
2669,1
2670,1
2671,0
2672,1
2673,3
2674,2
2675,2
2676,1
2677,1
2678,1
2679,5
2680,3
2681,2
2682,3
2683,1
2684,1
2685,1
2686,1
2687,0
2688,0
2689,1
2690,2
2691,2
2692,2
2693,4
2694,2
2695,2
2696,1
2697,3
2698,0
2699,1
2700,0
2701,1
2702,0
2703,0
2704,2
2705,1
2706,2
2707,2
2708,1
2709,2
2710,0
2711,1
2712,5
2713,3
2714,1
2715,4
2716,4
2717,2
2718,1
2719,2
2720,1
2721,1
2722,2
2723,1
2724,1
2725,2
2726,1
2727,0
2728,0
2729,1
2730,0
2731,3
2732,3
2733,3
2734,1
2735,4
2736,4
2737,1
2738,1
2739,2
2740,2
2741,0
2742,0
2743,3
2744,2
2745,0
2746,1
2747,2
2748,1
2749,2
2750,0
2751,3
2752,1
2753,2
2754,0
2755,2
2756,1
2757,2
2758,3
2759,2
2760,2
2761,2
2762,1
2763,1
2764,1
2765,0
2766,1
2767,2
2768,0
2769,1
2770,1
2771,3
2772,1
2773,2
2774,1
2775,1
2776,1
2777,0
2778,1
2779,1
2780,1
2781,0
2782,0
2783,3
2784,3
2785,1
2786,1
2787,3
2788,3
2789,4
2790,3
2791,3
2792,0
2793,3
2794,3
2795,2
2796,2
2797,1
2798,3
2799,0
2800,2
2801,0
2802,1
2803,2
2804,0
2805,3
2806,1
2807,1
2808,0
2809,2
2810,1
2811,1
2812,1
2813,2
2814,0
2815,0
2816,1
2817,3
2818,3
2819,1
2820,2
2821,0
2822,1
2823,2
2824,0
2825,2
2826,0
2827,0
2828,0
2829,1
2830,3
2831,0
2832,0
2833,0
2834,0
2835,2
2836,0
2837,1
2838,1
2839,3
2840,1
2841,1
2842,0
2843,1
2844,0
2845,0
2846,0
2847,1
2848,0
2849,3
2850,2
2851,1
2852,2
2853,2
2854,5
2855,0
2856,1
2857,2
2858,3
2859,1
2860,1
2861,1
2862,1
2863,1
2864,2
2865,0
2866,2
2867,2
2868,1
2869,0
2870,1
2871,6
2872,3
2873,0
2874,2
2875,0
2876,3
2877,2
2878,5
2879,3
2880,0
2881,4
2882,1
2883,1
2884,0
2885,0
2886,0
2887,2
2888,0
2889,0
2890,0
2891,1
2892,4
2893,2
2894,0
2895,0
2896,4
2897,2
2898,0
2899,0
2900,3
2901,2
2902,2
2903,1
2904,4
2905,1
2906,2
2907,2
2908,4
2909,3
2910,0
2911,1
2912,0
2913,1
2914,5
2915,2
2916,1
2917,1
2918,0
2919,0
2920,1
2921,2
2922,2
2923,0
2924,2
2925,1
2926,2
2927,3
2928,0
2929,2
2930,3
2931,2
2932,2
2933,2
2934,1
2935,1
2936,1
2937,1
2938,1
2939,0
2940,1
2941,0
2942,0
2943,3
2944,0
2945,0
2946,3
2947,2
2948,0
2949,0
2950,1
2951,1
2952,1
2953,1
2954,0
2955,3
2956,1
2957,2
2958,0
2959,1
2960,2
2961,2
2962,0
2963,0
2964,1
2965,1
2966,4
2967,0
2968,1
2969,1
2970,0
2971,3
2972,2
2973,0
2974,1
2975,1
2976,0
2977,1
2978,1
2979,0
2980,1
2981,4
2982,2
2983,0
2984,4
2985,1
2986,3
2987,0
2988,1
2989,0
2990,2
2991,1
2992,0
2993,2
2994,2
2995,2
2996,2
2997,2
2998,1
2999,0
3000,1
3001,1
3002,0
3003,0
3004,3
3005,3
3006,1
3007,4
3008,3
3009,3
3010,3
3011,2
3012,3
3013,1
3014,2
3015,2
3016,1
3017,0
3018,4
3019,1
3020,0
3021,0
3022,1
3023,1
3024,2
3025,0
3026,2
3027,2
3028,0
3029,2
3030,2
3031,1
3032,0
3033,4
3034,2
3035,3
3036,5
3037,2
3038,0
3039,1
3040,2
3041,1
3042,1
3043,3
3044,2
3045,0
3046,0
3047,0
3048,1
3049,1
3050,4
3051,1
3052,0
3053,1
3054,0
3055,3
3056,2
3057,1
3058,4
3059,1
3060,3
3061,1
3062,3
3063,1
3064,4
3065,2
3066,2
3067,0
3068,1
3069,1
3070,1
3071,2
3072,0
3073,0
3074,1
3075,2
3076,1
3077,0
3078,6
3079,2
3080,0
3081,2
3082,0
3083,1
3084,0
3085,3
3086,4
3087,2
3088,3
3089,1
3090,3
3091,3
3092,2
3093,4
3094,1
3095,2
3096,4
3097,3
3098,1
3099,2
3100,2
3101,2
3102,1
3103,2
3104,3
3105,2
3106,0
3107,1
3108,0
3109,0
3110,1
3111,4
3112,1
3113,1
3114,1
3115,1
3116,0
3117,4
3118,2
3119,1
3120,3
3121,0
3122,2
3123,3
3124,0
3125,2
3126,3
3127,2
3128,1
3129,1
3130,0
3131,1
3132,0
3133,3
3134,2
3135,3
3136,1
3137,0
3138,4
3139,0
3140,0
3141,1
3142,1
3143,2
3144,1
3145,2
3146,2
3147,4
3148,1
3149,1
3150,1
3151,0
3152,2
3153,3
3154,0
3155,1
3156,1
3157,1
3158,1
3159,0
3160,3
3161,1
3162,1
3163,2
3164,4
3165,4
3166,1
3167,2
3168,2
3169,3
3170,1
3171,1
3172,2
3173,4
3174,3
3175,1
3176,2
3177,1
3178,1
3179,1
3180,2
3181,0
3182,1
3183,4
3184,1
3185,3
3186,1
3187,4
3188,2
3189,1
3190,3
3191,1
3192,1
3193,1
3194,1
3195,3
3196,1
3197,1
3198,1
3199,1
3200,3
3201,2
3202,0
3203,2
3204,1
3205,3
3206,1
3207,1
3208,1
3209,3
3210,2
3211,0
3212,1
3213,2
3214,2
3215,2
3216,2
3217,0
3218,2
3219,1
3220,1
3221,2
3222,3
3223,1
3224,1
3225,1
3226,2
3227,1
3228,2
3229,1
3230,3
3231,4
3232,3
3233,3
3234,1
3235,1
3236,1
3237,1
3238,3
3239,2
3240,1
3241,1
3242,4
3243,0
3244,3
3245,2
3246,4
3247,2
3248,0
3249,2
3250,0
3251,2
3252,1
3253,0
3254,4
3255,3
3256,2
3257,3
3258,2
3259,1
3260,2
3261,0
3262,3
3263,0
3264,5
3265,2
3266,0
3267,1
3268,2
3269,1
3270,1
3271,1
3272,0
3273,1
3274,3
3275,2
3276,3
3277,2
3278,0
3279,0
3280,0
3281,1
3282,1
3283,0
3284,0
3285,3
3286,1
3287,2
3288,2
3289,1
3290,0
3291,2
3292,1
3293,0
3294,0
3295,1
3296,0
3297,1
3298,3
3299,2
3300,1
3301,4
3302,1
3303,2
3304,1
3305,3
3306,2
3307,2
3308,0
3309,2
3310,0
3311,1
3312,3
3313,0
3314,2
3315,0
3316,2
3317,1
3318,2
3319,0
3320,2
3321,2
3322,1
3323,0
3324,1
3325,1
3326,1
3327,2
3328,1
3329,2
3330,1
3331,2
3332,3
3333,3
3334,3
3335,3
3336,2
3337,2
3338,2
3339,3
3340,1
3341,1
3342,1
3343,2
3344,0
3345,2
3346,3
3347,2
3348,2
3349,2
3350,1
3351,2
3352,5
3353,0
3354,2
3355,2
3356,4
3357,7
3358,0
3359,3
3360,4
3361,3
3362,5
3363,1
3364,1
3365,2
3366,1
3367,1
3368,0
3369,1
3370,5
3371,1
3372,0
3373,2
3374,1
3375,2
3376,1
3377,1
3378,0
3379,2
3380,0
3381,1
3382,2
3383,1
3384,1
3385,1
3386,2
3387,0
3388,0
3389,0
3390,1
3391,0
3392,4
3393,2
3394,0
3395,2
3396,1
3397,3
3398,3
3399,0
3400,4
3401,2
3402,0
3403,3
3404,3
3405,2
3406,2
3407,1
3408,3
3409,4
3410,1
3411,3
3412,0
3413,1
3414,1
3415,2
3416,0
3417,2
3418,0
3419,1
3420,0
3421,3
3422,0
3423,1
3424,2
3425,2
3426,2
3427,1
3428,0
3429,1
3430,3
3431,2
3432,4
3433,1
3434,1
3435,0
3436,2
3437,2
3438,3
3439,1
3440,1
3441,2
3442,0
3443,2
3444,2
3445,1
3446,1
3447,1
3448,1
3449,0
3450,1
3451,2
3452,0
3453,3
3454,2
3455,1
3456,1
3457,2
3458,2
3459,0
3460,1
3461,5
3462,1
3463,3
3464,0
3465,3
3466,1
3467,2
3468,1
3469,0
3470,2
3471,1
3472,3
3473,0
3474,2
3475,3
3476,0
3477,3
3478,4
3479,2
3480,2
3481,3
3482,0
3483,3
3484,1
3485,3
3486,0
3487,1
3488,3
3489,0
3490,1
3491,4
3492,1
3493,0
3494,3
3495,0
3496,2
3497,1
3498,0
3499,1
3500,0
3501,4
3502,0
3503,1
3504,4
3505,0
3506,2
3507,0
3508,1
3509,1
3510,4
3511,1
3512,0
3513,2
3514,1
3515,2
3516,1
3517,3
3518,0
3519,2
3520,5
3521,3
3522,1
3523,3
3524,1
3525,4
3526,2
3527,1
3528,0
3529,3
3530,0
3531,2
3532,0
3533,4
3534,0
3535,0
3536,2
3537,0
3538,1
3539,2
3540,0
3541,1
3542,1
3543,0
3544,3
3545,2
3546,0
3547,1
3548,1
3549,3
3550,0
3551,2
3552,3
3553,1
3554,2
3555,3
3556,0
3557,0
3558,3
3559,1
3560,1
3561,1
3562,1
3563,2
3564,1
3565,2
3566,2
3567,0
3568,4
3569,1
3570,0
3571,3
3572,4
3573,1
3574,2
3575,1
3576,5
3577,0
3578,2
3579,2
3580,2
3581,1
3582,1
3583,1
3584,1
3585,3
3586,1
3587,1
3588,0
3589,0
3590,0
3591,3
3592,2
3593,1
3594,3
3595,1
3596,1
3597,2
3598,1
3599,1
3600,3
3601,0
3602,1
3603,1
3604,3
3605,1
3606,3
3607,0
3608,2
3609,4
3610,1
3611,0
3612,0
3613,0
3614,2
3615,2
3616,4
3617,1
3618,1
3619,2
3620,0
3621,1
3622,2
3623,2
3624,0
3625,1
3626,1
3627,4
3628,0
3629,0
3630,0
3631,2
3632,2
3633,2
3634,3
3635,4
3636,2
3637,0
3638,2
3639,2
3640,2
3641,0
3642,1
3643,0
3644,3
3645,1
3646,0
3647,1
3648,0
3649,2
3650,1
3651,2
3652,1
3653,1
3654,3
3655,0
3656,1
3657,2
3658,0
3659,2
3660,0
3661,2
3662,1
3663,1
3664,1
3665,1
3666,0
3667,1
3668,2
3669,1
3670,1
3671,1
3672,1
3673,1
3674,4
3675,1
3676,3
3677,0
3678,0
3679,2
3680,0
3681,1
3682,1
3683,0
3684,1
3685,2
3686,2
3687,0
3688,2
3689,0
3690,2
3691,1
3692,0
3693,1
3694,2
3695,0
3696,0
3697,0
3698,3
3699,2
3700,0
3701,3
3702,2
3703,0
3704,2
3705,2
3706,1
3707,2
3708,0
3709,1
3710,0
3711,2
3712,4
3713,2
3714,2
3715,0
3716,5
3717,2
3718,1
3719,3
3720,2
3721,1
3722,1
3723,2
3724,0
3725,3
3726,1
3727,4
3728,1
3729,1
3730,0
3731,1
3732,1
3733,0
3734,2
3735,3
3736,1
3737,1
3738,3
3739,0
3740,1
3741,1
3742,3
3743,1
3744,1
3745,3
3746,5
3747,3
3748,1
3749,3
3750,0
3751,0
3752,3
3753,0
3754,0
3755,1
3756,1
3757,1
3758,2
3759,3
3760,4
3761,0
3762,3
3763,2
3764,4
3765,4
3766,2
3767,0
3768,2
3769,2
3770,1
3771,3
3772,2
3773,3
3774,3
3775,1
3776,2
3777,2
3778,2
3779,1
3780,1
3781,1
3782,1
3783,2
3784,1
3785,5
3786,0
3787,2
3788,2
3789,0
3790,0
3791,2
3792,1
3793,0
3794,0
3795,1
3796,0
3797,2
3798,3
3799,0
3800,0
3801,2
3802,1
3803,1
3804,3
3805,2
3806,0
3807,2
3808,0
3809,0
3810,1
3811,4
3812,0
3813,0
3814,4
3815,2
3816,3
3817,2
3818,2
3819,2
3820,3
3821,1
3822,0
3823,0
3824,1
3825,2
3826,2
3827,1
3828,2
3829,2
3830,1
3831,2
3832,1
3833,3
3834,1
3835,1
3836,3
3837,3
3838,2
3839,0
3840,1
3841,1
3842,2
3843,2
3844,2
3845,2
3846,1
3847,0
3848,3
3849,1
3850,1
3851,2
3852,1
3853,1
3854,0
3855,1
3856,1
3857,1
3858,0
3859,2
3860,1
3861,1
3862,1
3863,1
3864,1
3865,1
3866,3
3867,1
3868,1
3869,2
3870,1
3871,1
3872,1
3873,2
3874,1
3875,4
3876,3
3877,1
3878,2
3879,1
3880,3
3881,1
3882,3
3883,0
3884,0
3885,3
3886,1
3887,0
3888,1
3889,0
3890,4
3891,0
3892,0
3893,1
3894,4
3895,0
3896,1
3897,0
3898,1
3899,1
3900,1
3901,0
3902,0
3903,0
3904,3
3905,3
3906,0
3907,1
3908,3
3909,3
3910,1
3911,1
3912,0
3913,0
3914,0
3915,2
3916,0
3917,1
3918,1
3919,1
3920,1
3921,0
3922,1
3923,2
3924,1
3925,2
3926,1
3927,2
3928,3
3929,0
3930,2
3931,1
3932,1
3933,0
3934,3
3935,1
3936,0
3937,0
3938,1
3939,1
3940,2
3941,3
3942,0
3943,3
3944,1
3945,1
3946,0
3947,2
3948,2
3949,1
3950,2
3951,0
3952,2
3953,2
3954,1
3955,1
3956,3
3957,1
3958,0
3959,2
3960,2
3961,2
3962,0
3963,0
3964,1
3965,1
3966,0
3967,3
3968,0
3969,1
3970,1
3971,1
3972,3
3973,1
3974,0
3975,0
3976,0
3977,2
3978,2
3979,0
3980,1
3981,1
3982,2
3983,0
3984,2
3985,4
3986,1
3987,1
3988,0
3989,1
3990,1
3991,1
3992,5
3993,2
3994,1
3995,4
3996,1
3997,1
3998,1
3999,1
4000,4
4001,1
4002,2
4003,1
4004,1
4005,1
4006,1
4007,1
4008,1
4009,1
4010,0
4011,3
4012,3
4013,0
4014,4
4015,1
4016,3
4017,2
4018,1
4019,0
4020,3
4021,1
4022,0
4023,2
4024,3
4025,1
4026,2
4027,1
4028,0
4029,1
4030,3
4031,0
4032,1
4033,1
4034,1
4035,1
4036,0
4037,0
4038,1
4039,0
4040,0
4041,1
4042,3
4043,4
4044,1
4045,1
4046,1
4047,0
4048,0
4049,0
4050,3
4051,1
4052,3
4053,2
4054,2
4055,5
4056,0
4057,0
4058,1
4059,2
4060,1
4061,0
4062,1
4063,1
4064,1
4065,4
4066,0
4067,2
4068,2
4069,2
4070,3
4071,1
4072,2
4073,4
4074,0
4075,0
4076,1
4077,2
4078,1
4079,3
4080,4
4081,3
4082,2
4083,2
4084,1
4085,2
4086,0
4087,3
4088,0
4089,1
4090,1
4091,3
4092,0
4093,0
4094,1
4095,1
4096,1
4097,0
4098,1
4099,1
4100,1
4101,1
4102,1
4103,0
4104,1
4105,2
4106,2
4107,1
4108,2
4109,1
4110,1
4111,0
4112,1
4113,2
4114,1
4115,1
4116,0
4117,2
4118,1
4119,2
4120,1
4121,3
4122,2
4123,3
4124,2
4125,2
4126,5
4127,2
4128,1
4129,1
4130,2
4131,2
4132,1
4133,1
4134,2
4135,1
4136,1
4137,2
4138,0
4139,1
4140,0
4141,1
4142,1
4143,2
4144,3
4145,0
4146,6
4147,3
4148,2
4149,3
4150,2
4151,2
4152,1
4153,1
4154,0
4155,3
4156,1
4157,4
4158,0
4159,1
4160,2
4161,0
4162,3
4163,2
4164,6
4165,0
4166,1
4167,2
4168,1
4169,1
4170,1
4171,4
4172,3
4173,1
4174,3
4175,1
4176,4
4177,6
4178,3
4179,1
4180,5
4181,1
4182,1
4183,2
4184,1
4185,2
4186,4
4187,1
4188,3
4189,0
4190,2
4191,4
4192,6
4193,2
4194,1
4195,2
4196,0
4197,0
4198,0
4199,3
4200,2
4201,0
4202,1
4203,2
4204,0
4205,0
4206,2
4207,1
4208,0
4209,1
4210,0
4211,3
4212,1
4213,1
4214,0
4215,1
4216,0
4217,0
4218,0
4219,2
4220,1
4221,2
4222,3
4223,0
4224,3
4225,1
4226,2
4227,0
4228,1
4229,1
4230,1
4231,4
4232,0
4233,0
4234,0
4235,1
4236,2
4237,2
4238,1
4239,3
4240,0
4241,2
4242,1
4243,1
4244,2
4245,2
4246,0
4247,2
4248,3
4249,0
4250,1
4251,2
4252,1
4253,2
4254,2
4255,0
4256,3
4257,0
4258,1
4259,3
4260,2
4261,0
4262,3
4263,1
4264,2
4265,2
4266,0
4267,0
4268,0
4269,1
4270,1
4271,0
4272,2
4273,1
4274,1
4275,1
4276,1
4277,4
4278,0
4279,0
4280,0
4281,0
4282,3
4283,3
4284,2
4285,2
4286,1
4287,0
4288,3
4289,2
4290,1
4291,0
4292,1
4293,0
4294,1
4295,0
4296,3
4297,1
4298,2
4299,1
4300,1
4301,0
4302,0
4303,1
4304,1
4305,0
4306,1
4307,1
4308,0
4309,0
4310,1
4311,1
4312,1
4313,2
4314,2
4315,3
4316,1
4317,1
4318,3
4319,1
4320,2
4321,1
4322,1
4323,3
4324,2
4325,1
4326,1
4327,2
4328,1
4329,1
4330,1
4331,1
4332,3
4333,0
4334,1
4335,2
4336,2
4337,3
4338,0
4339,2
4340,1
4341,2
4342,0
4343,2
4344,1
4345,1
4346,0
4347,0
4348,0
4349,1
4350,4
4351,3
4352,5
4353,2
4354,1
4355,0
4356,4
4357,3
4358,2
4359,4
4360,1
4361,1
4362,2
4363,1
4364,2
4365,2
4366,1
4367,1
4368,1
4369,2
4370,0
4371,1
4372,2
4373,2
4374,1
4375,1
4376,3
4377,3
4378,2
4379,2
4380,2
4381,1
4382,1
4383,2
4384,1
4385,4
4386,1
4387,1
4388,2
4389,0
4390,1
4391,2
4392,0
4393,3
4394,2
4395,1
4396,2
4397,0
4398,3
4399,3
4400,2
4401,1
4402,1
4403,3
4404,2
4405,0
4406,3
4407,2
4408,0
4409,1
4410,4
4411,1
4412,0
4413,1
4414,6
4415,1
4416,2
4417,2
4418,0
4419,0
4420,0
4421,1
4422,1
4423,1
4424,0
4425,2
4426,1
4427,3
4428,1
4429,2
4430,3
4431,1
4432,0
4433,2
4434,4
4435,1
4436,1
4437,1
4438,1
4439,1
4440,3
4441,0
4442,0
4443,3
4444,2
4445,3
4446,1
4447,3
4448,0
4449,1
4450,2
4451,2
4452,0
4453,1
4454,3
4455,2
4456,0
4457,0
4458,1
4459,3
4460,0
4461,2
4462,1
4463,2
4464,3
4465,3
4466,4
4467,3
4468,1
4469,0
4470,0
4471,1
4472,1
4473,2
4474,2
4475,2
4476,1
4477,0
4478,1
4479,1
4480,2
4481,0
4482,0
4483,2
4484,0
4485,0
4486,1
4487,2
4488,3
4489,1
4490,3
4491,2
4492,3
4493,1
4494,1
4495,2
4496,0
4497,2
4498,2
4499,1
4500,5
4501,2
4502,1
4503,1
4504,1
4505,2
4506,1
4507,2
4508,0
4509,4
4510,3
4511,2
4512,1
4513,1
4514,1
4515,0
4516,2
4517,1
4518,1
4519,2
4520,0
4521,3
4522,3
4523,1
4524,2
4525,2
4526,1
4527,1
4528,3
4529,1
4530,2
4531,0
4532,2
4533,3
4534,1
4535,0
4536,1
4537,1
4538,2
4539,0
4540,2
4541,3
4542,1
4543,1
4544,1
4545,2
4546,1
4547,0
4548,2
4549,0
4550,2
4551,2
4552,0
4553,2
4554,2
4555,1
4556,2
4557,1
4558,2
4559,2
4560,1
4561,0
4562,2
4563,1
4564,3
4565,2
4566,1
4567,0
4568,3
4569,1
4570,1
4571,1
4572,0
4573,3
4574,5
4575,2
4576,3
4577,1
4578,2
4579,3
4580,0
4581,2
4582,1
4583,0
4584,4
4585,2
4586,1
4587,0
4588,2
4589,3
4590,2
4591,1
4592,2
4593,0
4594,3
4595,1
4596,0
4597,5
4598,2
4599,1
4600,1
4601,4
4602,1
4603,2
4604,3
4605,1
4606,1
4607,1
4608,0
4609,2
4610,2
4611,1
4612,2
4613,1
4614,4
4615,1
4616,1
4617,2
4618,0
4619,2
4620,2
4621,1
4622,2
4623,2
4624,3
4625,2
4626,2
4627,1
4628,1
4629,1
4630,0
4631,1
4632,0
4633,0
4634,2
4635,0
4636,0
4637,0
4638,0
4639,1
4640,0
4641,1
4642,1
4643,0
4644,1
4645,1
4646,1
4647,1
4648,1
4649,1
4650,1
4651,5
4652,1
4653,2
4654,0
4655,0
4656,1
4657,1
4658,0
4659,1
4660,1
4661,0
4662,3
4663,3
4664,0
4665,1
4666,0
4667,0
4668,5
4669,1
4670,3
4671,0
4672,1
4673,3
4674,0
4675,1
4676,0
4677,2
4678,3
4679,0
4680,1
4681,2
4682,3
4683,0
4684,1
4685,3
4686,1
4687,3
4688,0
4689,0
4690,1
4691,3
4692,1
4693,2
4694,3
4695,1
4696,3
4697,3
4698,1
4699,1
4700,1
4701,1
4702,3
4703,1
4704,6
4705,1
4706,2
4707,0
4708,2
4709,2
4710,2
4711,0
4712,2
4713,1
4714,1
4715,2
4716,2
4717,1
4718,0
4719,1
4720,1
4721,0
4722,1
4723,0
4724,0
4725,1
4726,2
4727,3
4728,2
4729,2
4730,2
4731,2
4732,1
4733,0
4734,0
4735,0
4736,2
4737,2
4738,3
4739,0
4740,1
4741,1
4742,0
4743,2
4744,1
4745,0
4746,0
4747,0
4748,1
4749,2
4750,1
4751,1
4752,0
4753,1
4754,0
4755,2
4756,1
4757,3
4758,0
4759,4
4760,0
4761,4
4762,4
4763,1
4764,2
4765,1
4766,3
4767,1
4768,1
4769,0
4770,2
4771,1
4772,2
4773,1
4774,3
4775,3
4776,0
4777,1
4778,6
4779,4
4780,2
4781,0
4782,1
4783,4
4784,0
4785,1
4786,0
4787,2
4788,1
4789,0
4790,0
4791,1
4792,0
4793,3
4794,0
4795,2
4796,2
4797,1
4798,3
4799,0
4800,2
4801,1
4802,1
4803,1
4804,3
4805,2
4806,1
4807,2
4808,1
4809,1
4810,3
4811,2
4812,1
4813,2
4814,4
4815,2
4816,1
4817,0
4818,1
4819,2
4820,1
4821,2
4822,0
4823,1
4824,3
4825,1
4826,1
4827,2
4828,1
4829,0
4830,3
4831,0
4832,3
4833,1
4834,2
4835,3
4836,0
4837,0
4838,2
4839,1
4840,1
4841,3
4842,0
4843,2
4844,1
4845,0
4846,1
4847,3
4848,2
4849,0
4850,1
4851,1
4852,2
4853,1
4854,2
4855,0
4856,1
4857,0
4858,1
4859,0
4860,2
4861,1
4862,0
4863,4
4864,0
4865,1
4866,3
4867,4
4868,0
4869,2
4870,0
4871,3
4872,1
4873,2
4874,3
4875,2
4876,1
4877,2
4878,2
4879,3
4880,0
4881,1
4882,1
4883,3
4884,1
4885,0
4886,3
4887,2
4888,1
4889,1
4890,2
4891,1
4892,1
4893,1
4894,0
4895,2
4896,0
4897,1
4898,0
4899,3
4900,0
4901,1
4902,2
4903,1
4904,1
4905,1
4906,2
4907,3
4908,0
4909,0
4910,4
4911,1
4912,2
4913,4
4914,1
4915,3
4916,2
4917,3
4918,2
4919,1
4920,2
4921,5
4922,2
4923,2
4924,2
4925,2
4926,1
4927,2
4928,0
4929,1
4930,1
4931,1
4932,1
4933,0
4934,0
4935,2
4936,2
4937,0
4938,1
4939,2
4940,6
4941,2
4942,2
4943,2
4944,1
4945,1
4946,2
4947,3
4948,3
4949,5
4950,0
4951,1
4952,2
4953,2
4954,1
4955,1
4956,1
4957,2
4958,3
4959,2
4960,0
4961,0
4962,1
4963,3
4964,1
4965,3
4966,2
4967,1
4968,0
4969,2
4970,1
4971,2
4972,1
4973,4
4974,0
4975,0
4976,1
4977,1
4978,1
4979,3
4980,1
4981,1
4982,4
4983,3
4984,3
4985,1
4986,3
4987,2
4988,1
4989,3
4990,0
4991,1
4992,3
4993,2
4994,1
4995,0
4996,2
4997,2
4998,1
4999,1
5000,1
5001,1
5002,0
5003,2
5004,0
5005,0
5006,1
5007,1
5008,1
5009,4
5010,1
5011,0
5012,1
5013,1
5014,0
5015,0
5016,3
5017,2
5018,3
5019,0
5020,2
5021,3
5022,1
5023,3
5024,0
5025,1
5026,1
5027,2
5028,1
5029,0
5030,1
5031,0
5032,1
5033,1
5034,1
5035,2
5036,0
5037,3
5038,1
5039,1
5040,1
5041,1
5042,1
5043,0
5044,1
5045,0
5046,1
5047,3
5048,1
5049,2
5050,3
5051,3
5052,0
5053,2
5054,1
5055,2
5056,0
5057,2
5058,4
5059,3
5060,2
5061,2
5062,1
5063,1
5064,2
5065,0
5066,2
5067,2
5068,1
5069,0
5070,4
5071,0
5072,1
5073,1
5074,1
5075,1
5076,1
5077,1
5078,0
5079,3
5080,5
5081,5
5082,1
5083,3
5084,1
5085,0
5086,1
5087,1
5088,1
5089,0
5090,2
5091,4
5092,5
5093,2
5094,1
5095,2
5096,0
5097,5
5098,1
5099,1
5100,1
5101,1
5102,0
5103,2
5104,3
5105,2
5106,1
5107,1
5108,2
5109,1
5110,3
5111,2
5112,1
5113,2
5114,0
5115,0
5116,2
5117,1
5118,0
5119,1
5120,1
5121,0
5122,2
5123,0
5124,0
5125,1
5126,1
5127,3
5128,3
5129,0
5130,2
5131,1
5132,1
5133,0
5134,1
5135,1
5136,0
5137,2
5138,2
5139,2
5140,1
5141,2
5142,7
5143,5
5144,1
5145,1
5146,0
5147,1
5148,3
5149,1
5150,1
5151,2
5152,0
5153,1
5154,1
5155,2
5156,2
5157,2
5158,3
5159,2
5160,2
5161,0
5162,1
5163,3
5164,2
5165,2
5166,1
5167,0
5168,1
5169,0
5170,5
5171,0
5172,0
5173,0
5174,1
5175,0
5176,1
5177,5
5178,3
5179,0
5180,0
5181,1
5182,2
5183,3
5184,1
5185,3
5186,1
5187,3
5188,2
5189,2
5190,0
5191,0
5192,0
5193,4
5194,2
5195,1
5196,1
5197,1
5198,4
5199,1
5200,1
5201,0
5202,1
5203,3
5204,1
5205,1
5206,0
5207,3
5208,1
5209,1
5210,2
5211,0
5212,2
5213,0
5214,1
5215,1
5216,3
5217,1
5218,1
5219,0
5220,3
5221,1
5222,1
5223,4
5224,2
5225,4
5226,1
5227,1
5228,1
5229,0
5230,1
5231,0
5232,1
5233,1
5234,3
5235,2
5236,3
5237,2
5238,2
5239,0
5240,0
5241,2
5242,1
5243,0
5244,1
5245,1
5246,1
5247,1
5248,0
5249,1
5250,2
5251,2
5252,3
5253,3
5254,3
5255,4
5256,2
5257,2
5258,0
5259,1
5260,1
5261,1
5262,2
5263,1
5264,2
5265,0
5266,3
5267,2
5268,2
5269,0
5270,4
5271,2
5272,1
5273,3
5274,1
5275,3
5276,0
5277,3
5278,3
5279,5
5280,0
5281,0
5282,4
5283,1
5284,2
5285,2
5286,0
5287,1
5288,2
5289,3
5290,0
5291,0
5292,3
5293,1
5294,0
5295,0
5296,1
5297,0
5298,0
5299,1
5300,1
5301,0
5302,1
5303,3
5304,1
5305,6
5306,3
5307,0
5308,3
5309,1
5310,3
5311,2
5312,2
5313,2
5314,1
5315,3
5316,3
5317,2
5318,2
5319,1
5320,3
5321,2
5322,0
5323,0
5324,0
5325,0
5326,2
5327,1
5328,2
5329,1
5330,1
5331,0
5332,2
5333,1
5334,1
5335,1
5336,3
5337,1
5338,1
5339,0
5340,2
5341,1
5342,2
5343,1
5344,0
5345,3
5346,2
5347,0
5348,1
5349,3
5350,0
5351,1
5352,1
5353,2
5354,1
5355,1
5356,5
5357,0
5358,4
5359,0
5360,0
5361,3
5362,1
5363,0
5364,0
5365,0
5366,2
5367,3
5368,0
5369,2
5370,1
5371,2
5372,1
5373,1
5374,1
5375,1
5376,2
5377,1
5378,1
5379,2
5380,5
5381,1
5382,3
5383,1
5384,1
5385,0
5386,2
5387,0
5388,2
5389,1
5390,4
5391,2
5392,1
5393,0
5394,1
5395,1
5396,1
5397,1
5398,1
5399,1
5400,3
5401,1
5402,2
5403,2
5404,1
5405,1
5406,1
5407,1
5408,0
5409,3
5410,0
5411,3
5412,1
5413,2
5414,1
5415,4
5416,3
5417,1
5418,1
5419,1
5420,1
5421,2
5422,1
5423,0
5424,2
5425,3
5426,1
5427,2
5428,3
5429,2
5430,2
5431,3
5432,2
5433,0
5434,0
5435,0
5436,2
5437,2
5438,2
5439,1
5440,2
5441,1
5442,0
5443,1
5444,1
5445,1
5446,1
5447,3
5448,0
5449,1
5450,1
5451,1
5452,2
5453,1
5454,0
5455,2
5456,0
5457,1
5458,2
5459,1
5460,2
5461,0
5462,0
5463,2
5464,0
5465,0
5466,1
5467,2
5468,0
5469,0
5470,1
5471,1
5472,0
5473,1
5474,2
5475,0
5476,0
5477,0
5478,2
5479,2
5480,2
5481,2
5482,2
5483,1
5484,3
5485,0
5486,1
5487,1
5488,2
5489,1
5490,4
5491,1
5492,0
5493,3
5494,1
5495,3
5496,0
5497,3
5498,0
5499,1
5500,0
5501,2
5502,1
5503,3
5504,2
5505,2
5506,3
5507,0
5508,2
5509,2
5510,0
5511,1
5512,0
5513,0
5514,0
5515,2
5516,0
5517,3
5518,0
5519,2
5520,1
5521,2
5522,0
5523,3
5524,2
5525,1
5526,0
5527,2
5528,0
5529,1
5530,0
5531,3
5532,2
5533,0
5534,2
5535,2
5536,1
5537,1
5538,1
5539,0
5540,0
5541,1
5542,2
5543,0
5544,0
5545,0
5546,1
5547,1
5548,1
5549,3
5550,0
5551,1
5552,2
5553,0
5554,1
5555,2
5556,2
5557,0
5558,1
5559,1
5560,2
5561,1
5562,3
5563,5
5564,4
5565,1
5566,2
5567,3
5568,0
5569,3
5570,2
5571,3
5572,0
5573,0
5574,0
5575,0
5576,1
5577,1
5578,2
5579,3
5580,0
5581,2
5582,4
5583,1
5584,1
5585,0
5586,3
5587,2
5588,0
5589,2
5590,3
5591,2
5592,4
5593,2
5594,1
5595,0
5596,2
5597,3
5598,1
5599,4
5600,0
5601,0
5602,0
5603,1
5604,1
5605,1
5606,1
5607,1
5608,2
5609,1
5610,2
5611,0
5612,0
5613,0
5614,0
5615,0
5616,2
5617,2
5618,0
5619,2
5620,1
5621,5
5622,1
5623,0
5624,0
5625,0
5626,2
5627,1
5628,2
5629,0
5630,2
5631,0
5632,1
5633,2
5634,1
5635,2
5636,2
5637,2
5638,0
5639,0
5640,2
5641,1
5642,0
5643,2
5644,0
5645,2
5646,3
5647,1
5648,1
5649,1
5650,1
5651,1
5652,2
5653,2
5654,0
5655,2
5656,1
5657,3
5658,0
5659,1
5660,0
5661,4
5662,1
5663,1
5664,2
5665,0
5666,1
5667,5
5668,2
5669,4
5670,1
5671,3
5672,0
5673,0
5674,2
5675,1
5676,2
5677,3
5678,0
5679,0
5680,1
5681,2
5682,1
5683,1
5684,1
5685,1
5686,2
5687,2
5688,3
5689,1
5690,2
5691,3
5692,1
5693,0
5694,2
5695,0
5696,3
5697,0
5698,2
5699,1
5700,2
5701,1
5702,1
5703,2
5704,0
5705,0
5706,4
5707,2
5708,2
5709,2
5710,2
5711,1
5712,0
5713,3
5714,3
5715,3
5716,1
5717,2
5718,2
5719,1
5720,2
5721,0
5722,1
5723,5
5724,0
5725,1
5726,1
5727,2
5728,3
5729,1
5730,0
5731,1
5732,4
5733,4
5734,0
5735,1
5736,2
5737,1
5738,1
5739,6
5740,2
5741,2
5742,0
5743,2
5744,0
5745,0
5746,0
5747,4
5748,0
5749,2
5750,0
5751,0
5752,0
5753,0
5754,0
5755,1
5756,0
5757,2
5758,5
5759,2
5760,1
5761,3
5762,3
5763,1
5764,2
5765,1
5766,5
5767,2
5768,1
5769,1
5770,2
5771,2
5772,1
5773,1
5774,3
5775,1
5776,2
5777,1
5778,1
5779,2
5780,1
5781,1
5782,2
5783,1
5784,0
5785,2
5786,2
5787,2
5788,2
5789,0
5790,3
5791,4
5792,1
5793,3
5794,3
5795,3
5796,2
5797,4
5798,1
5799,1
5800,1
5801,1
5802,1
5803,2
5804,3
5805,2
5806,1
5807,1
5808,1
5809,3
5810,2
5811,4
5812,1
5813,2
5814,3
5815,1
5816,0
5817,1
5818,2
5819,1
5820,1
5821,1
5822,2
5823,1
5824,0
5825,2
5826,2
5827,3
5828,1
5829,1
5830,2
5831,0
5832,0
5833,2
5834,0
5835,2
5836,3
5837,0
5838,0
5839,2
5840,1
5841,0
5842,1
5843,1
5844,1
5845,1
5846,0
5847,1
5848,1
5849,0
5850,4
5851,1
5852,0
5853,0
5854,2
5855,2
5856,2
5857,2
5858,1
5859,4
5860,0
5861,3
5862,1
5863,1
5864,1
5865,2
5866,3
5867,0
5868,1
5869,1
5870,2
5871,1
5872,1
5873,2
5874,1
5875,0
5876,1
5877,1
5878,1
5879,2
5880,1
5881,3
5882,1
5883,1
5884,2
5885,4
5886,3
5887,3
5888,1
5889,0
5890,5
5891,0
5892,2
5893,1
5894,1
5895,4
5896,0
5897,0
5898,5
5899,2
5900,0
5901,1
5902,0
5903,1
5904,0
5905,2
5906,3
5907,3
5908,3
5909,0
5910,0
5911,1
5912,3
5913,3
5914,2
5915,0
5916,1
5917,2
5918,2
5919,4
5920,1
5921,0
5922,3
5923,1
5924,2
5925,1
5926,1
5927,2
5928,2
5929,0
5930,0
5931,2
5932,0
5933,1
5934,2
5935,3
5936,3
5937,1
5938,0
5939,2
5940,1
5941,1
5942,0
5943,0
5944,0
5945,3
5946,2
5947,0
5948,4
5949,4
5950,1
5951,2
5952,2
5953,2
5954,0
5955,0
5956,1
5957,1
5958,3
5959,3
5960,1
5961,0
5962,1
5963,1
5964,1
5965,2
5966,3
5967,1
5968,3
5969,2
5970,5
5971,2
5972,0
5973,0
5974,0
5975,2
5976,2
5977,2
5978,2
5979,4
5980,1
5981,1
5982,2
5983,1
5984,2
5985,2
5986,0
5987,0
5988,0
5989,0
5990,3
5991,3
5992,3
5993,3
5994,2
5995,0
5996,1
5997,3
5998,1
5999,2
6000,3
6001,0
6002,1
6003,1
6004,1
6005,3
6006,0
6007,1
6008,2
6009,0
6010,0
6011,3
6012,4
6013,1
6014,1
6015,1
6016,1
6017,0
6018,0
6019,1
6020,2
6021,1
6022,2
6023,4
6024,1
6025,1
6026,3
6027,1
6028,2
6029,0
6030,0
6031,1
6032,0
6033,1
6034,2
6035,1
6036,0
6037,0
6038,0
6039,1
6040,0
6041,4
6042,3
6043,0
6044,0
6045,0
6046,2
6047,1
6048,3
6049,2
6050,0
6051,2
6052,1
6053,3
6054,0
6055,1
6056,0
6057,1
6058,2
6059,2
6060,1
6061,4
6062,2
6063,0
6064,4
6065,3
6066,2
6067,1
6068,2
6069,3
6070,1
6071,3
6072,0
6073,1
6074,1
6075,3
6076,2
6077,2
6078,0
6079,3
6080,2
6081,3
6082,0
6083,1
6084,1
6085,0
6086,1
6087,1
6088,0
6089,2
6090,3
6091,5
6092,2
6093,2
6094,3
6095,0
6096,1
6097,2
6098,4
6099,0
6100,1
6101,3
6102,3
6103,3
6104,1
6105,0
6106,2
6107,1
6108,3
6109,1
6110,1
6111,2
6112,1
6113,3
6114,0
6115,3
6116,2
6117,2
6118,0
6119,2
6120,1
6121,0
6122,1
6123,1
6124,4
6125,1
6126,3
6127,3
6128,0
6129,4
6130,0
6131,2
6132,2
6133,2
6134,2
6135,1
6136,2
6137,2
6138,1
6139,1
6140,1
6141,3
6142,1
6143,2
6144,1
6145,1
6146,2
6147,0
6148,5
6149,1
6150,4
6151,0
6152,0
6153,0
6154,2
6155,0
6156,0
6157,2
6158,4
6159,2
6160,5
6161,2
6162,0
6163,0
6164,0
6165,3
6166,1
6167,1
6168,1
6169,3
6170,2
6171,0
6172,1
6173,1
6174,3
6175,1
6176,0
6177,1
6178,1
6179,0
6180,2
6181,0
6182,3
6183,2
6184,2
6185,3
6186,1
6187,1
6188,3
6189,1
6190,2
6191,0
6192,4
6193,2
6194,1
6195,1
6196,1
6197,0
6198,1
6199,1
6200,2
6201,1
6202,1
6203,1
6204,0
6205,3
6206,1
6207,2
6208,2
6209,1
6210,0
6211,0
6212,1
6213,1
6214,2
6215,1
6216,4
6217,1
6218,4
6219,2
6220,1
6221,3
6222,5
6223,2
6224,5
6225,3
6226,4
6227,4
6228,3
6229,5
6230,1
6231,2
6232,1
6233,3
6234,0
6235,2
6236,1
6237,1
6238,2
6239,4
6240,3
6241,1
6242,3
6243,2
6244,3
6245,0
6246,2
6247,0
6248,1
6249,1
6250,3
6251,1
6252,2
6253,1
6254,1
6255,3
6256,0
6257,3
6258,2
6259,2
6260,3
6261,3
6262,3
6263,0
6264,1
6265,1
6266,3
6267,0
6268,2
6269,2
6270,1
6271,2
6272,2
6273,0
6274,2
6275,1
6276,1
6277,3
6278,0
6279,0
6280,0
6281,1
6282,2
6283,2
6284,3
6285,0
6286,1
6287,0
6288,2
6289,1
6290,2
6291,3
6292,1
6293,4
6294,5
6295,1
6296,1
6297,1
6298,1
6299,2
6300,2
6301,1
6302,1
6303,3
6304,2
6305,3
6306,0
6307,0
6308,2
6309,1
6310,2
6311,2
6312,1
6313,0
6314,3
6315,1
6316,2
6317,1
6318,0
6319,0
6320,2
6321,1
6322,1
6323,1
6324,3
6325,1
6326,1
6327,2
6328,1
6329,2
6330,1
6331,0
6332,1
6333,0
6334,3
6335,1
6336,2
6337,3
6338,1
6339,2
6340,1
6341,0
6342,1
6343,2
6344,0
6345,3
6346,1
6347,1
6348,2
6349,5
6350,1
6351,1
6352,1
6353,0
6354,2
6355,1
6356,1
6357,2
6358,1
6359,3
6360,2
6361,2
6362,1
6363,3
6364,4
6365,1
6366,1
6367,1
6368,0
6369,0
6370,1
6371,1
6372,0
6373,0
6374,2
6375,1
6376,3
6377,3
6378,1
6379,3
6380,3
6381,0
6382,1
6383,0
6384,1
6385,0
6386,0
6387,1
6388,2
6389,2
6390,1
6391,2
6392,2
6393,1
6394,2
6395,2
6396,2
6397,0
6398,2
6399,2
6400,1
6401,1
6402,1
6403,2
6404,2
6405,1
6406,2
6407,2
6408,3
6409,1
6410,0
6411,2
6412,1
6413,3
6414,2
6415,1
6416,0
6417,1
6418,0
6419,2
6420,4
6421,2
6422,0
6423,1
6424,2
6425,2
6426,1
6427,6
6428,2
6429,3
6430,1
6431,1
6432,0
6433,0
6434,2
6435,0
6436,3
6437,1
6438,3
6439,2
6440,3
6441,2
6442,2
6443,0
6444,3
6445,4
6446,2
6447,0
6448,4
6449,1
6450,1
6451,1
6452,1
6453,3
6454,0
6455,2
6456,1
6457,2
6458,1
6459,2
6460,0
6461,1
6462,0
6463,2
6464,1
6465,2
6466,0
6467,1
6468,3
6469,0
6470,1
6471,1
6472,2
6473,2
6474,1
6475,2
6476,1
6477,1
6478,1
6479,1
6480,1
6481,1
6482,3
6483,3
6484,3
6485,3
6486,1
6487,0
6488,0
6489,0
6490,1
6491,3
6492,1
6493,2
6494,1
6495,0
6496,1
6497,4
6498,2
6499,0
6500,3
6501,2
6502,0
6503,1
6504,5
6505,1
6506,0
6507,2
6508,3
6509,2
6510,1
6511,6
6512,3
6513,1
6514,1
6515,1
6516,2
6517,1
6518,5
6519,1
6520,1
6521,3
6522,1
6523,3
6524,3
6525,0
6526,2
6527,1
6528,0
6529,2
6530,1
6531,4
6532,2
6533,1
6534,3
6535,1
6536,1
6537,1
6538,2
6539,0
6540,2
6541,2
6542,3
6543,6
6544,2
6545,0
6546,1
6547,2
6548,3
6549,2
6550,2
6551,0
6552,2
6553,1
6554,0
6555,2
6556,2
6557,1
6558,1
6559,1
6560,1
6561,1
6562,1
6563,2
6564,1
6565,2
6566,1
6567,2
6568,0
6569,0
6570,1
6571,1
6572,2
6573,1
6574,1
6575,0
6576,1
6577,1
6578,3
6579,2
6580,0
6581,2
6582,3
6583,0
6584,0
6585,3
6586,0
6587,3
6588,1
6589,0
6590,1
6591,1
6592,3
6593,1
6594,2
6595,2
6596,2
6597,1
6598,0
6599,0
6600,0
6601,0
6602,4
6603,2
6604,3
6605,2
6606,1
6607,6
6608,0
6609,0
6610,2
6611,2
6612,1
6613,1
6614,0
6615,1
6616,0
6617,1
6618,3
6619,0
6620,4
6621,1
6622,4
6623,1
6624,0
6625,3
6626,1
6627,0
6628,1
6629,1
6630,2
6631,0
6632,1
6633,1
6634,1
6635,4
6636,2
6637,2
6638,3
6639,1
6640,1
6641,0
6642,1
6643,1
6644,2
6645,3
6646,3
6647,1
6648,3
6649,2
6650,2
6651,3
6652,2
6653,0
6654,2
6655,2
6656,2
6657,0
6658,1
6659,1
6660,0
6661,0
6662,2
6663,2
6664,2
6665,0
6666,0
6667,2
6668,2
6669,3
6670,0
6671,1
6672,0
6673,1
6674,2
6675,3
6676,1
6677,0
6678,1
6679,3
6680,0
6681,2
6682,3
6683,0
6684,1
6685,2
6686,1
6687,2
6688,5
6689,2
6690,2
6691,1
6692,0
6693,3
6694,2
6695,2
6696,3
6697,1
6698,3
6699,1
6700,0
6701,1
6702,2
6703,2
6704,1
6705,0
6706,1
6707,0
6708,0
6709,2
6710,2
6711,2
6712,1
6713,2
6714,1
6715,2
6716,1
6717,0
6718,2
6719,1
6720,0
6721,3
6722,1
6723,1
6724,1
6725,1
6726,1
6727,2
6728,0
6729,3
6730,2
6731,1
6732,3
6733,3
6734,1
6735,2
6736,1
6737,1
6738,0
6739,2
6740,0
6741,2
6742,1
6743,0
6744,3
6745,0
6746,2
6747,0
6748,3
6749,2
6750,2
6751,0
6752,1
6753,2
6754,1
6755,1
6756,1
6757,4
6758,2
6759,1
6760,2
6761,0
6762,1
6763,2
6764,0
6765,1
6766,1
6767,2
6768,0
6769,1
6770,3
6771,1
6772,2
6773,3
6774,4
6775,2
6776,0
6777,1
6778,1
6779,2
6780,1
6781,0
6782,1
6783,1
6784,0
6785,0
6786,2
6787,1
6788,2
6789,1
6790,0
6791,1
6792,2
6793,2
6794,5
6795,2
6796,1
6797,1
6798,0
6799,3
6800,1
6801,1
6802,3
6803,2
6804,2
6805,0
6806,0
6807,0
6808,0
6809,0
6810,4
6811,1
6812,3
6813,0
6814,0
6815,0
6816,1
6817,2
6818,4
6819,0
6820,1
6821,4
6822,1
6823,1
6824,1
6825,1
6826,3
6827,3
6828,1
6829,1
6830,2
6831,1
6832,3
6833,3
6834,2
6835,3
6836,0
6837,3
6838,1
6839,2
6840,0
6841,3
6842,2
6843,2
6844,1
6845,0
6846,3
6847,1
6848,1
6849,4
6850,3
6851,1
6852,1
6853,0
6854,1
6855,1
6856,0
6857,4
6858,1
6859,1
6860,1
6861,3
6862,3
6863,2
6864,1
6865,0
6866,1
6867,1
6868,1
6869,0
6870,0
6871,0
6872,2
6873,3
6874,1
6875,3
6876,3
6877,1
6878,3
6879,0
6880,1
6881,1
6882,2
6883,1
6884,3
6885,1
6886,1
6887,1
6888,1
6889,0
6890,2
6891,0
6892,1
6893,2
6894,0
6895,1
6896,1
6897,2
6898,1
6899,3
6900,1
6901,1
6902,0
6903,2
6904,0
6905,0
6906,1
6907,1
6908,0
6909,3
6910,4
6911,0
6912,1
6913,3
6914,3
6915,0
6916,1
6917,2
6918,1
6919,0
6920,0
6921,1
6922,1
6923,0
6924,1
6925,2
6926,0
6927,1
6928,0
6929,1
6930,0
6931,0
6932,0
6933,0
6934,2
6935,3
6936,1
6937,1
6938,2
6939,2
6940,0
6941,0
6942,0
6943,2
6944,1
6945,1
6946,1
6947,1
6948,4
6949,1
6950,2
6951,0
6952,3
6953,1
6954,3
6955,0
6956,3
6957,1
6958,7
6959,1
6960,2
6961,2
6962,1
6963,1
6964,0
6965,3
6966,1
6967,0
6968,0
6969,1
6970,2
6971,0
6972,4
6973,3
6974,0
6975,1
6976,3
6977,2
6978,2
6979,0
6980,1
6981,1
6982,0
6983,1
6984,1
6985,1
6986,1
6987,4
6988,1
6989,0
6990,1
6991,0
6992,1
6993,3
6994,3
6995,2
6996,0
6997,2
6998,2
6999,0
7000,0
7001,1
7002,1
7003,1
7004,2
7005,0
7006,3
7007,1
7008,3
7009,0
7010,5
7011,3
7012,4
7013,1
7014,3
7015,1
7016,2
7017,0
7018,2
7019,1
7020,1
7021,2
7022,0
7023,3
7024,3
7025,1
7026,4
7027,5
7028,3
7029,1
7030,0
7031,0
7032,1
7033,0
7034,0
7035,0
7036,1
7037,0
7038,2
7039,1
7040,1
7041,2
7042,1
7043,3
7044,2
7045,2
7046,3
7047,4
7048,3
7049,5
7050,1
7051,1
7052,1
7053,1
7054,0
7055,0
7056,0
7057,2
7058,3
7059,1
7060,1
7061,1
7062,0
7063,1
7064,0
7065,3
7066,1
7067,2
7068,2
7069,1
7070,1
7071,0
7072,1
7073,1
7074,3
7075,1
7076,0
7077,0
7078,0
7079,1
7080,0
7081,1
7082,1
7083,2
7084,1
7085,2
7086,4
7087,1
7088,1
7089,2
7090,2
7091,2
7092,1
7093,3
7094,3
7095,0
7096,2
7097,3
7098,2
7099,2
7100,3
7101,0
7102,1
7103,2
7104,1
7105,0
7106,0
7107,3
7108,1
7109,1
7110,1
7111,1
7112,2
7113,6
7114,1
7115,2
7116,1
7117,0
7118,2
7119,0
7120,4
7121,0
7122,1
7123,1
7124,2
7125,3
7126,0
7127,3
7128,2
7129,2
7130,1
7131,4
7132,0
7133,2
7134,1
7135,3
7136,1
7137,2
7138,3
7139,2
7140,3
7141,2
7142,0
7143,1
7144,1
7145,2
7146,1
7147,2
7148,1
7149,0
7150,1
7151,3
7152,1
7153,0
7154,0
7155,1
7156,2
7157,0
7158,0
7159,5
7160,0
7161,2
7162,0
7163,1
7164,4
7165,0
7166,2
7167,1
7168,2
7169,3
7170,0
7171,1
7172,2
7173,4
7174,1
7175,2
7176,2
7177,1
7178,0
7179,3
7180,0
7181,1
7182,1
7183,1
7184,2
7185,1
7186,0
7187,0
7188,1
7189,2
7190,4
7191,2
7192,1
7193,4
7194,0
7195,2
7196,2
7197,0
7198,1
7199,0
7200,1
7201,1
7202,0
7203,1
7204,2
7205,0
7206,2
7207,3
7208,1
7209,3
7210,1
7211,2
7212,1
7213,2
7214,4
7215,1
7216,0
7217,1
7218,1
7219,5
7220,1
7221,0
7222,3
7223,3
7224,4
7225,0
7226,2
7227,1
7228,0
7229,2
7230,2
7231,1
7232,0
7233,2
7234,0
7235,4
7236,3
7237,0
7238,2
7239,2
7240,3
7241,0
7242,1
7243,0
7244,0
7245,0
7246,0
7247,2
7248,2
7249,1
7250,2
7251,2
7252,1
7253,2
7254,1
7255,4
7256,1
7257,1
7258,2
7259,3
7260,1
7261,0
7262,1
7263,1
7264,3
7265,1
7266,0
7267,1
7268,2
7269,1
7270,2
7271,1
7272,2
7273,0
7274,5
7275,1
7276,1
7277,1
7278,3
7279,3
7280,0
7281,1
7282,1
7283,1
7284,1
7285,2
7286,1
7287,3
7288,1
7289,1
7290,2
7291,0
7292,1
7293,1
7294,0
7295,1
7296,2
7297,1
7298,2
7299,3
7300,2
7301,5
7302,1
7303,3
7304,3
7305,1
7306,0
7307,1
7308,0
7309,0
7310,1
7311,3
7312,4
7313,2
7314,3
7315,0
7316,5
7317,2
7318,0
7319,3
7320,1
7321,3
7322,2
7323,0
7324,0
7325,3
7326,0
7327,5
7328,1
7329,1
7330,2
7331,1
7332,0
7333,2
7334,2
7335,3
7336,1
7337,4
7338,3
7339,0
7340,2
7341,3
7342,2
7343,2
7344,2
7345,1
7346,3
7347,0
7348,3
7349,1
7350,3
7351,3
7352,1
7353,2
7354,2
7355,3
7356,1
7357,3
7358,3
7359,2
7360,3
7361,1
7362,0
7363,1
7364,2
7365,2
7366,1
7367,1
7368,1
7369,1
7370,0
7371,1
7372,1
7373,0
7374,2
7375,3
7376,3
7377,1
7378,1
7379,2
7380,1
7381,1
7382,0
7383,2
7384,0
7385,1
7386,2
7387,2
7388,1
7389,1
7390,2
7391,3
7392,1
7393,0
7394,1
7395,3
7396,1
7397,2
7398,1
7399,0
7400,1
7401,1
7402,0
7403,2
7404,2
7405,2
7406,0
7407,1
7408,2
7409,3
7410,1
7411,1
7412,0
7413,1
7414,3
7415,5
7416,1
7417,3
7418,0
7419,3
7420,2
7421,1
7422,1
7423,1
7424,0
7425,3
7426,1
7427,3
7428,1
7429,3
7430,3
7431,0
7432,4
7433,1
7434,2
7435,2
7436,0
7437,0
7438,4
7439,0
7440,2
7441,1
7442,0
7443,3
7444,0
7445,4
7446,2
7447,3
7448,2
7449,1
7450,0
7451,1
7452,0
7453,2
7454,2
7455,0
7456,0
7457,1
7458,1
7459,2
7460,1
7461,1
7462,3
7463,0
7464,1
7465,3
7466,2
7467,2
7468,0
7469,1
7470,1
7471,1
7472,1
7473,1
7474,1
7475,1
7476,1
7477,1
7478,0
7479,4
7480,4
7481,1
7482,1
7483,3
7484,1
7485,2
7486,3
7487,3
7488,1
7489,1
7490,0
7491,4
7492,0
7493,1
7494,1
7495,3
7496,1
7497,1
7498,4
7499,1
7500,2
7501,0
7502,2
7503,4
7504,2
7505,4
7506,1
7507,2
7508,1
7509,1
7510,2
7511,1
7512,3
7513,2
7514,3
7515,2
7516,0
7517,0
7518,1
7519,1
7520,1
7521,4
7522,1
7523,2
7524,0
7525,2
7526,0
7527,3
7528,2
7529,1
7530,0
7531,1
7532,0
7533,1
7534,1
7535,0
7536,0
7537,1
7538,2
7539,0
7540,2
7541,1
7542,1
7543,2
7544,3
7545,2
7546,0
7547,2
7548,1
7549,1
7550,2
7551,4
7552,0
7553,2
7554,3
7555,0
7556,1
7557,1
7558,2
7559,1
7560,1
7561,0
7562,2
7563,2
7564,1
7565,0
7566,2
7567,0
7568,2
7569,2
7570,3
7571,1
7572,1
7573,2
7574,1
7575,3
7576,2
7577,1
7578,2
7579,0
7580,0
7581,0
7582,1
7583,1
7584,1
7585,3
7586,0
7587,1
7588,0
7589,2
7590,0
7591,1
7592,1
7593,0
7594,0
7595,0
7596,0
7597,1
7598,0
7599,1
7600,0
7601,0
7602,2
7603,1
7604,1
7605,1
7606,2
7607,0
7608,1
7609,2
7610,3
7611,0
7612,3
7613,1
7614,2
7615,1
7616,1
7617,0
7618,3
7619,1
7620,0
7621,2
7622,2
7623,1
7624,2
7625,1
7626,0
7627,2
7628,1
7629,2
7630,4
7631,2
7632,3
7633,1
7634,1
7635,4
7636,1
7637,0
7638,0
7639,0
7640,1
7641,1
7642,3
7643,0
7644,1
7645,0
7646,1
7647,1
7648,3
7649,0
7650,3
7651,2
7652,2
7653,0
7654,1
7655,1
7656,2
7657,2
7658,0
7659,2
7660,1
7661,2
7662,1
7663,0
7664,2
7665,3
7666,2
7667,0
7668,2
7669,2
7670,2
7671,4
7672,0
7673,0
7674,3
7675,1
7676,2
7677,2
7678,2
7679,3
7680,1
7681,0
7682,2
7683,2
7684,1
7685,1
7686,1
7687,1
7688,0
7689,1
7690,0
7691,1
7692,0
7693,0
7694,4
7695,1
7696,1
7697,2
7698,1
7699,2
7700,5
7701,4
7702,0
7703,0
7704,0
7705,0
7706,0
7707,0
7708,1
7709,2
7710,0
7711,2
7712,1
7713,2
7714,3
7715,1
7716,1
7717,2
7718,2
7719,0
7720,1
7721,5
7722,2
7723,0
7724,3
7725,2
7726,2
7727,1
7728,0
7729,1
7730,1
7731,2
7732,1
7733,1
7734,0
7735,1
7736,0
7737,0
7738,0
7739,4
7740,1
7741,1
7742,2
7743,0
7744,1
7745,0
7746,0
7747,1
7748,1
7749,0
7750,1
7751,4
7752,1
7753,3
7754,1
7755,1
7756,1
7757,1
7758,2
7759,3
7760,1
7761,0
7762,0
7763,1
7764,1
7765,0
7766,2
7767,1
7768,0
7769,1
7770,1
7771,3
7772,2
7773,1
7774,4
7775,3
7776,2
7777,1
7778,0
7779,1
7780,0
7781,4
7782,2
7783,4
7784,2
7785,0
7786,0
7787,1
7788,3
7789,1
7790,0
7791,0
7792,1
7793,1
7794,0
7795,1
7796,0
7797,1
7798,0
7799,1
7800,1
7801,1
7802,3
7803,1
7804,2
7805,1
7806,1
7807,0
7808,2
7809,3
7810,1
7811,4
7812,0
7813,0
7814,2
7815,0
7816,2
7817,2
7818,2
7819,2
7820,1
7821,4
7822,2
7823,0
7824,0
7825,0
7826,2
7827,2
7828,0
7829,2
7830,2
7831,2
7832,1
7833,2
7834,2
7835,3
7836,0
7837,1
7838,1
7839,0
7840,1
7841,2
7842,4
7843,2
7844,0
7845,1
7846,4
7847,2
7848,0
7849,1
7850,0
7851,2
7852,2
7853,2
7854,4
7855,1
7856,0
7857,0
7858,3
7859,3
7860,2
7861,2
7862,1
7863,2
7864,2
7865,1
7866,0
7867,0
7868,3
7869,3
7870,1
7871,2
7872,3
7873,2
7874,2
7875,3
7876,3
7877,1
7878,3
7879,2
7880,0
7881,2
7882,0
7883,3
7884,2
7885,1
7886,0
7887,1
7888,0
7889,1
7890,1
7891,1
7892,0
7893,3
7894,0
7895,3
7896,2
7897,1
7898,1
7899,3
7900,1
7901,3
7902,1
7903,1
7904,1
7905,3
7906,0
7907,2
7908,2
7909,1
7910,1
7911,1
7912,0
7913,0
7914,1
7915,3
7916,0
7917,2
7918,1
7919,1
7920,2
7921,1
7922,1
7923,1
7924,3
7925,1
7926,3
7927,0
7928,3
7929,2
7930,2
7931,2
7932,3
7933,0
7934,0
7935,2
7936,3
7937,2
7938,3
7939,2
7940,2
7941,0
7942,1
7943,1
7944,2
7945,2
7946,0
7947,0
7948,0
7949,4
7950,2
7951,1
7952,2
7953,0
7954,3
7955,1
7956,0
7957,1
7958,0
7959,0
7960,2
7961,1
7962,2
7963,4
7964,3
7965,0
7966,0
7967,2
7968,1
7969,1
7970,1
7971,0
7972,2
7973,2
7974,3
7975,4
7976,1
7977,4
7978,2
7979,2
7980,1
7981,1
7982,3
7983,0
7984,1
7985,4
7986,0
7987,0
7988,2
7989,1
7990,1
7991,1
7992,0
7993,1
7994,0
7995,1
7996,1
7997,1
7998,3
7999,0
8000,1
8001,0
8002,1
8003,2
8004,2
8005,1
8006,1
8007,1
8008,3
8009,2
8010,1
8011,0
8012,2
8013,2
8014,2
8015,2
8016,3
8017,6
8018,2
8019,1
8020,2
8021,2
8022,0
8023,2
8024,1
8025,1
8026,1
8027,1
8028,0
8029,3
8030,2
8031,1
8032,1
8033,1
8034,5
8035,1
8036,0
8037,1
8038,5
8039,0
8040,1
8041,2
8042,2
8043,3
8044,0
8045,1
8046,2
8047,1
8048,2
8049,2
8050,2
8051,2
8052,1
8053,3
8054,1
8055,4
8056,0
8057,1
8058,0
8059,2
8060,2
8061,3
8062,1
8063,0
8064,1
8065,1
8066,1
8067,1
8068,1
8069,2
8070,0
8071,1
8072,1
8073,2
8074,3
8075,2
8076,1
8077,2
8078,1
8079,2
8080,2
8081,3
8082,1
8083,2
8084,1
8085,3
8086,2
8087,2
8088,1
8089,2
8090,1
8091,0
8092,0
8093,1
8094,0
8095,0
8096,3
8097,0
8098,1
8099,5
8100,2
8101,1
8102,2
8103,1
8104,1
8105,0
8106,4
8107,2
8108,1
8109,3
8110,2
8111,1
8112,0
8113,1
8114,2
8115,4
8116,1
8117,1
8118,2
8119,4
8120,1
8121,1
8122,1
8123,0
8124,2
8125,2
8126,2
8127,0
8128,1
8129,3
8130,1
8131,2
8132,0
8133,2
8134,2
8135,1
8136,3
8137,0
8138,1
8139,2
8140,0
8141,2
8142,1
8143,0
8144,0
8145,2
8146,2
8147,0
8148,1
8149,3
8150,3
8151,0
8152,3
8153,4
8154,2
8155,1
8156,3
8157,1
8158,0
8159,1
8160,1
8161,0
8162,3
8163,3
8164,3
8165,2
8166,3
8167,1
8168,0
8169,0
8170,1
8171,2
8172,3
8173,3
8174,4
8175,1
8176,1
8177,2
8178,2
8179,1
8180,1
8181,1
8182,0
8183,0
8184,1
8185,0
8186,2
8187,2
8188,2
8189,0
8190,1
8191,2
8192,2
8193,0
8194,2
8195,0
8196,1
8197,0
8198,0
8199,1
8200,3
8201,0
8202,3
8203,4
8204,0
8205,2
8206,1
8207,4
8208,0
8209,3
8210,1
8211,4
8212,1
8213,1
8214,5
8215,1
8216,3
8217,1
8218,0
8219,1
8220,0
8221,1
8222,0
8223,2
8224,1
8225,3
8226,2
8227,0
8228,1
8229,4
8230,1
8231,1
8232,2
8233,1
8234,1
8235,1
8236,1
8237,1
8238,2
8239,1
8240,2
8241,2
8242,2
8243,0
8244,5
8245,0
8246,1
8247,1
8248,0
8249,1
8250,0
8251,3
8252,1
8253,4
8254,1
8255,0
8256,1
8257,1
8258,4
8259,3
8260,1
8261,0
8262,1
8263,2
8264,1
8265,1
8266,0
8267,0
8268,1
8269,2
8270,1
8271,2
8272,3
8273,0
8274,3
8275,1
8276,1
8277,3
8278,3
8279,1
8280,1
8281,0
8282,0
8283,4
8284,3
8285,0
8286,1
8287,0
8288,2
8289,5
8290,3
8291,0
8292,5
8293,4
8294,2
8295,2
8296,2
8297,0
8298,1
8299,3
8300,2
8301,0
8302,1
8303,1
8304,5
8305,3
8306,2
8307,1
8308,2
8309,0
8310,1
8311,1
8312,0
8313,0
8314,3
8315,0
8316,1
8317,1
8318,2
8319,1
8320,1
8321,1
8322,1
8323,0
8324,5
8325,0
8326,0
8327,1
8328,4
8329,0
8330,2
8331,2
8332,3
8333,1
8334,3
8335,2
8336,1
8337,2
8338,1
8339,1
8340,0
8341,3
8342,1
8343,2
8344,3
8345,3
8346,2
8347,1
8348,2
8349,0
8350,1
8351,1
8352,0
8353,4
8354,0
8355,4
8356,1
8357,0
8358,0
8359,2
8360,3
8361,2
8362,0
8363,0
8364,1
8365,2
8366,1
8367,0
8368,0
8369,1
8370,2
8371,1
8372,3
8373,0
8374,1
8375,2
8376,1
8377,3
8378,2
8379,1
8380,1
8381,1
8382,2
8383,3
8384,1
8385,3
8386,0
8387,0
8388,1
8389,4
8390,3
8391,1
8392,3
8393,4
8394,2
8395,1
8396,1
8397,0
8398,4
8399,3
8400,2
8401,0
8402,1
8403,2
8404,4
8405,2
8406,1
8407,1
8408,2
8409,1
8410,2
8411,0
8412,0
8413,2
8414,1
8415,1
8416,1
8417,1
8418,2
8419,2
8420,2
8421,0
8422,0
8423,2
8424,1
8425,3
8426,1
8427,0
8428,1
8429,2
8430,1
8431,1
8432,3
8433,4
8434,1
8435,3
8436,1
8437,1
8438,0
8439,1
8440,0
8441,0
8442,4
8443,2
8444,2
8445,0
8446,3
8447,3
8448,4
8449,2
8450,0
8451,1
8452,3
8453,1
8454,2
8455,1
8456,1
8457,1
8458,1
8459,1
8460,2
8461,0
8462,1
8463,1
8464,3
8465,1
8466,3
8467,1
8468,3
8469,3
8470,3
8471,0
8472,2
8473,3
8474,0
8475,0
8476,0
8477,1
8478,1
8479,0
8480,0
8481,1
8482,1
8483,0
8484,2
8485,5
8486,2
8487,3
8488,2
8489,1
8490,0
8491,2
8492,0
8493,0
8494,1
8495,0
8496,3
8497,3
8498,3
8499,0
8500,0
8501,5
8502,2
8503,0
8504,4
8505,0
8506,1
8507,1
8508,3
8509,1
8510,1
8511,1
8512,3
8513,1
8514,1
8515,0
8516,3
8517,3
8518,1
8519,2
8520,2
8521,1
8522,0
8523,0
8524,1
8525,1
8526,1
8527,0
8528,1
8529,1
8530,2
8531,2
8532,1
8533,1
8534,0
8535,1
8536,1
8537,3
8538,1
8539,2
8540,5
8541,5
8542,2
8543,4
8544,1
8545,0
8546,0
8547,1
8548,1
8549,1
8550,0
8551,2
8552,1
8553,1
8554,0
8555,0
8556,1
8557,3
8558,1
8559,2
8560,4
8561,0
8562,0
8563,2
8564,1
8565,3
8566,2
8567,1
8568,3
8569,2
8570,1
8571,2
8572,3
8573,2
8574,0
8575,0
8576,2
8577,2
8578,2
8579,4
8580,3
8581,0
8582,2
8583,3
8584,2
8585,0
8586,0
8587,3
8588,3
8589,0
8590,0
8591,0
8592,1
8593,1
8594,1
8595,2
8596,1
8597,1
8598,2
8599,1
8600,1
8601,2
8602,1
8603,0
8604,2
8605,0
8606,1
8607,0
8608,1
8609,0
8610,1
8611,1
8612,1
8613,1
8614,3
8615,2
8616,3
8617,1
8618,1
8619,3
8620,3
8621,2
8622,2
8623,1
8624,0
8625,2
8626,0
8627,0
8628,1
8629,2
8630,1
8631,1
8632,0
8633,2
8634,3
8635,1
8636,1
8637,1
8638,1
8639,2
8640,1
8641,1
8642,3
8643,0
8644,1
8645,1
8646,0
8647,2
8648,0
8649,3
8650,4
8651,2
8652,2
8653,1
8654,1
8655,1
8656,0
8657,1
8658,1
8659,0
8660,1
8661,2
8662,2
8663,1
8664,1
8665,3
8666,2
8667,3
8668,1
8669,1
8670,1
8671,0
8672,2
8673,0
8674,1
8675,0
8676,5
8677,2
8678,1
8679,1
8680,0
8681,0
8682,4
8683,1
8684,0
8685,2
8686,1
8687,1
8688,1
8689,2
8690,3
8691,2
8692,3
8693,8
8694,1
8695,1
8696,3
8697,4
8698,1
8699,1
8700,2
8701,2
8702,0
8703,1
8704,0
8705,1
8706,2
8707,2
8708,0
8709,3
8710,3
8711,1
8712,1
8713,0
8714,2
8715,1
8716,2
8717,1
8718,2
8719,3
8720,0
8721,2
8722,0
8723,0
8724,0
8725,2
8726,2
8727,1
8728,2
8729,2
8730,2
8731,2
8732,2
8733,2
8734,1
8735,1
8736,1
8737,0
8738,0
8739,1
8740,1
8741,3
8742,0
8743,5
8744,1
8745,1
8746,0
8747,2
8748,4
8749,5
8750,1
8751,0
8752,5
8753,1
8754,1
8755,1
8756,4
8757,1
8758,1
8759,0
8760,0
8761,2
8762,0
8763,2
8764,1
8765,0
8766,2
8767,1
8768,1
8769,0
8770,2
8771,4
8772,0
8773,2
8774,0
8775,0
8776,0
8777,2
8778,0
8779,3
8780,3
8781,3
8782,1
8783,1
8784,4
8785,0
8786,2
8787,2
8788,0
8789,0
8790,1
8791,1
8792,2
8793,3
8794,0
8795,0
8796,1
8797,2
8798,2
8799,1
8800,3
8801,0
8802,3
8803,0
8804,1
8805,1
8806,0
8807,1
8808,3
8809,1
8810,1
8811,0
8812,1
8813,1
8814,1
8815,2
8816,1
8817,1
8818,1
8819,1
8820,1
8821,3
8822,0
8823,2
8824,0
8825,1
8826,0
8827,1
8828,0
8829,0
8830,0
8831,1
8832,1
8833,1
8834,0
8835,1
8836,1
8837,1
8838,1
8839,2
8840,1
8841,0
8842,3
8843,2
8844,1
8845,0
8846,1
8847,2
8848,2
8849,0
8850,3
8851,1
8852,2
8853,2
8854,4
8855,1
8856,2
8857,0
8858,0
8859,2
8860,2
8861,2
8862,0
8863,1
8864,1
8865,0
8866,3
8867,1
8868,1
8869,2
8870,4
8871,3
8872,0
8873,0
8874,0
8875,1
8876,2
8877,1
8878,3
8879,0
8880,1
8881,1
8882,2
8883,1
8884,1
8885,3
8886,0
8887,0
8888,1
8889,2
8890,3
8891,3
8892,1
8893,2
8894,3
8895,3
8896,1
8897,1
8898,1
8899,2
8900,3
8901,0
8902,2
8903,2
8904,1
8905,1
8906,1
8907,4
8908,2
8909,3
8910,0
8911,2
8912,3
8913,3
8914,1
8915,0
8916,1
8917,2
8918,1
8919,2
8920,2
8921,1
8922,2
8923,0
8924,2
8925,0
8926,3
8927,0
8928,1
8929,1
8930,5
8931,4
8932,0
8933,1
8934,0
8935,2
8936,3
8937,1
8938,2
8939,2
8940,4
8941,1
8942,2
8943,1
8944,2
8945,2
8946,0
8947,0
8948,3
8949,2
8950,3
8951,0
8952,1
8953,2
8954,4
8955,1
8956,2
8957,3
8958,1
8959,1
8960,1
8961,3
8962,1
8963,1
8964,1
8965,0
8966,1
8967,2
8968,3
8969,1
8970,2
8971,0
8972,2
8973,0
8974,1
8975,3
8976,1
8977,0
8978,4
8979,0
8980,0
8981,2
8982,0
8983,4
8984,0
8985,5
8986,1
8987,4
8988,0
8989,2
8990,2
8991,2
8992,1
8993,1
8994,2
8995,2
8996,1
8997,0
8998,1
8999,1
9000,2
9001,2
9002,0
9003,2
9004,2
9005,1
9006,2
9007,0
9008,2
9009,0
9010,1
9011,1
9012,0
9013,1
9014,5
9015,0
9016,3
9017,3
9018,1
9019,3
9020,1
9021,1
9022,1
9023,2
9024,1
9025,0
9026,3
9027,2
9028,5
9029,1
9030,1
9031,3
9032,1
9033,1
9034,0
9035,2
9036,0
9037,4
9038,2
9039,1
9040,2
9041,2
9042,1
9043,1
9044,4
9045,2
9046,1
9047,1
9048,4
9049,1
9050,2
9051,2
9052,1
9053,3
9054,2
9055,2
9056,1
9057,1
9058,0
9059,3
9060,1
9061,0
9062,1
9063,1
9064,0
9065,3
9066,4
9067,1
9068,1
9069,1
9070,4
9071,1
9072,4
9073,3
9074,2
9075,2
9076,2
9077,1
9078,2
9079,1
9080,1
9081,2
9082,1
9083,1
9084,3
9085,2
9086,1
9087,1
9088,1
9089,2
9090,2
9091,1
9092,3
9093,3
9094,3
9095,1
9096,3
9097,2
9098,1
9099,1
9100,1
9101,1
9102,1
9103,0
9104,3
9105,0
9106,2
9107,3
9108,0
9109,0
9110,1
9111,2
9112,0
9113,2
9114,1
9115,1
9116,1
9117,3
9118,3
9119,1
9120,2
9121,1
9122,2
9123,1
9124,0
9125,0
9126,0
9127,3
9128,2
9129,0
9130,2
9131,2
9132,1
9133,2
9134,1
9135,0
9136,0
9137,0
9138,3
9139,1
9140,1
9141,0
9142,0
9143,0
9144,4
9145,2
9146,1
9147,3
9148,1
9149,1
9150,1
9151,1
9152,0
9153,2
9154,4
9155,0
9156,2
9157,1
9158,2
9159,0
9160,1
9161,2
9162,1
9163,1
9164,1
9165,1
9166,0
9167,2
9168,3
9169,2
9170,0
9171,4
9172,3
9173,2
9174,4
9175,0
9176,0
9177,4
9178,1
9179,1
9180,0
9181,2
9182,0
9183,2
9184,0
9185,1
9186,1
9187,3
9188,3
9189,1
9190,1
9191,1
9192,1
9193,2
9194,2
9195,1
9196,1
9197,2
9198,1
9199,3
9200,1
9201,1
9202,6
9203,1
9204,1
9205,2
9206,2
9207,1
9208,2
9209,1
9210,1
9211,1
9212,1
9213,0
9214,0
9215,2
9216,2
9217,0
9218,0
9219,1
9220,1
9221,4
9222,0
9223,1
9224,3
9225,1
9226,1
9227,2
9228,1
9229,2
9230,2
9231,1
9232,4
9233,1
9234,1
9235,1
9236,3
9237,1
9238,0
9239,1
9240,1
9241,0
9242,0
9243,1
9244,2
9245,2
9246,1
9247,4
9248,2
9249,1
9250,2
9251,0
9252,1
9253,1
9254,1
9255,3
9256,1
9257,1
9258,0
9259,3
9260,0
9261,2
9262,0
9263,0
9264,0
9265,2
9266,2
9267,3
9268,1
9269,4
9270,3
9271,2
9272,1
9273,1
9274,2
9275,2
9276,2
9277,1
9278,1
9279,1
9280,1
9281,2
9282,5
9283,1
9284,1
9285,3
9286,2
9287,2
9288,1
9289,1
9290,2
9291,1
9292,2
9293,2
9294,2
9295,3
9296,4
9297,0
9298,1
9299,2
9300,0
9301,3
9302,1
9303,2
9304,3
9305,1
9306,1
9307,3
9308,1
9309,1
9310,0
9311,0
9312,1
9313,2
9314,1
9315,1
9316,0
9317,1
9318,2
9319,3
9320,1
9321,0
9322,0
9323,1
9324,0
9325,2
9326,1
9327,0
9328,2
9329,3
9330,1
9331,1
9332,2
9333,1
9334,0
9335,1
9336,1
9337,1
9338,1
9339,1
9340,1
9341,2
9342,2
9343,0
9344,0
9345,1
9346,1
9347,3
9348,1
9349,1
9350,2
9351,3
9352,2
9353,2
9354,0
9355,4
9356,1
9357,1
9358,1
9359,0
9360,4
9361,0
9362,6
9363,2
9364,4
9365,1
9366,1
9367,0
9368,1
9369,1
9370,1
9371,1
9372,5
9373,0
9374,1
9375,1
9376,2
9377,2
9378,1
9379,1
9380,1
9381,1
9382,0
9383,4
9384,1
9385,2
9386,2
9387,1
9388,1
9389,5
9390,1
9391,2
9392,0
9393,2
9394,0
9395,1
9396,2
9397,1
9398,3
9399,0
9400,2
9401,3
9402,1
9403,1
9404,0
9405,1
9406,0
9407,1
9408,1
9409,1
9410,1
9411,1
9412,3
9413,1
9414,0
9415,1
9416,2
9417,2
9418,1
9419,0
9420,0
9421,4
9422,2
9423,1
9424,4
9425,1
9426,2
9427,0
9428,1
9429,0
9430,0
9431,0
9432,2
9433,1
9434,2
9435,0
9436,1
9437,0
9438,0
9439,1
9440,1
9441,0
9442,0
9443,0
9444,1
9445,3
9446,2
9447,1
9448,0
9449,1
9450,1
9451,1
9452,2
9453,0
9454,1
9455,0
9456,3
9457,0
9458,2
9459,1
9460,4
9461,2
9462,3
9463,3
9464,2
9465,1
9466,3
9467,4
9468,3
9469,3
9470,2
9471,0
9472,1
9473,1
9474,0
9475,0
9476,1
9477,0
9478,1
9479,3
9480,0
9481,0
9482,1
9483,0
9484,3
9485,0
9486,1
9487,2
9488,2
9489,1
9490,0
9491,1
9492,3
9493,0
9494,2
9495,1
9496,1
9497,0
9498,0
9499,2
9500,3
9501,3
9502,4
9503,0
9504,2
9505,2
9506,2
9507,1
9508,1
9509,1
9510,1
9511,0
9512,1
9513,2
9514,1
9515,3
9516,0
9517,0
9518,0
9519,0
9520,1
9521,1
9522,3
9523,0
9524,1
9525,1
9526,0
9527,1
9528,0
9529,1
9530,2
9531,2
9532,1
9533,2
9534,4
9535,1
9536,0
9537,3
9538,1
9539,0
9540,4
9541,1
9542,6
9543,1
9544,2
9545,3
9546,1
9547,5
9548,2
9549,1
9550,0
9551,2
9552,2
9553,0
9554,3
9555,0
9556,1
9557,0
9558,0
9559,1
9560,2
9561,1
9562,0
9563,0
9564,2
9565,3
9566,2
9567,1
9568,2
9569,2
9570,3
9571,0
9572,2
9573,1
9574,3
9575,7
9576,1
9577,2
9578,0
9579,3
9580,0
9581,1
9582,1
9583,2
9584,1
9585,2
9586,1
9587,0
9588,0
9589,2
9590,3
9591,5
9592,1
9593,0
9594,3
9595,2
9596,1
9597,3
9598,1
9599,3
9600,2
9601,1
9602,0
9603,1
9604,2
9605,0
9606,4
9607,3
9608,2
9609,0
9610,1
9611,2
9612,3
9613,2
9614,1
9615,1
9616,1
9617,1
9618,1
9619,1
9620,3
9621,1
9622,1
9623,3
9624,2
9625,3
9626,4
9627,3
9628,0
9629,2
9630,4
9631,2
9632,2
9633,0
9634,1
9635,1
9636,2
9637,4
9638,3
9639,2
9640,2
9641,1
9642,3
9643,1
9644,1
9645,0
9646,2
9647,3
9648,2
9649,1
9650,1
9651,1
9652,0
9653,1
9654,3
9655,1
9656,3
9657,3
9658,2
9659,4
9660,2
9661,1
9662,3
9663,1
9664,2
9665,0
9666,4
9667,2
9668,1
9669,1
9670,2
9671,2
9672,1
9673,1
9674,0
9675,2
9676,3
9677,1
9678,4
9679,2
9680,1
9681,0
9682,1
9683,2
9684,2
9685,5
9686,1
9687,2
9688,2
9689,2
9690,1
9691,2
9692,3
9693,2
9694,3
9695,0
9696,0
9697,3
9698,0
9699,0
9700,0
9701,2
9702,1
9703,3
9704,3
9705,2
9706,1
9707,1
9708,2
9709,4
9710,0
9711,1
9712,0
9713,0
9714,3
9715,1
9716,3
9717,1
9718,2
9719,2
9720,3
9721,4
9722,2
9723,0
9724,1
9725,4
9726,1
9727,1
9728,0
9729,3
9730,2
9731,2
9732,2
9733,1
9734,0
9735,2
9736,1
9737,1
9738,2
9739,0
9740,2
9741,1
9742,4
9743,2
9744,2
9745,3
9746,1
9747,1
9748,1
9749,2
9750,2
9751,1
9752,1
9753,1
9754,2
9755,1
9756,6
9757,2
9758,1
9759,2
9760,2
9761,1
9762,3
9763,0
9764,0
9765,0
9766,1
9767,3
9768,3
9769,0
9770,1
9771,1
9772,1
9773,1
9774,1
9775,0
9776,3
9777,0
9778,2
9779,1
9780,1
9781,2
9782,2
9783,1
9784,3
9785,2
9786,1
9787,1
9788,1
9789,0
9790,3
9791,3
9792,2
9793,2
9794,1
9795,2
9796,1
9797,2
9798,2
9799,3
9800,0
9801,1
9802,1
9803,1
9804,3
9805,1
9806,0
9807,3
9808,2
9809,0
9810,0
9811,1
9812,0
9813,2
9814,2
9815,2
9816,4
9817,2
9818,0
9819,3
9820,2
9821,1
9822,1
9823,2
9824,4
9825,0
9826,3
9827,3
9828,0
9829,1
9830,1
9831,2
9832,1
9833,0
9834,0
9835,2
9836,2
9837,0
9838,1
9839,1
9840,2
9841,1
9842,2
9843,1
9844,3
9845,1
9846,1
9847,1
9848,3
9849,2
9850,0
9851,1
9852,3
9853,1
9854,0
9855,1
9856,3
9857,1
9858,1
9859,0
9860,2
9861,3
9862,0
9863,2
9864,1
9865,1
9866,2
9867,1
9868,2
9869,2
9870,0
9871,0
9872,4
9873,1
9874,3
9875,1
9876,1
9877,2
9878,0
9879,4
9880,2
9881,5
9882,2
9883,0
9884,2
9885,2
