4913654,50.0
781381,100.0
10476,150.0
355350,0.0
3873717,100.0
781559,100.0
781479,50.0
3876574,50.0
3618769,50.0
780159,150.0
3874247,50.0
781577,150.0
3618920,50.0
744910,100.0
3618923,50.0
781664,700.0
3618767,50.0
5691783,50.0
3618927,509.56
3873490,50.0
780889,50.0
4896652,50.0
3619122,50.0
3867592,0.0
780883,50.0
106788,356.71
689312,50.0
3700213,100.0
4914654,50.0
3574338,0.0
3097389,50.0
3873713,50.0
3874876,50.0
3872833,50.0
3618915,50.0
3618914,50.0
780643,0.0
3618916,50.0
780645,50.0
3620935,50.0
4901539,50.0
3618897,50.0
3873277,50.0
3873562,0.0
3874079,50.0
4929844,100.0
774730,100.0
668279,50.0
738090,0.0
3874107,50.0
3874274,50.0
773445,50.0
3874277,100.0
3873482,100.0
735662,50.0
3873360,50.0
777636,100.0
3118901,50.0
3618790,50.0
3618689,50.0
689732,2150.0
712530,0.0
6291414,50.0
3874575,50.0
3618902,100.0
3873578,100.0
3618901,50.0
640624,50.0
3618907,100.0
3618904,100.0
3618905,50.0
780674,50.0
780859,50.0
3618908,50.0
3618909,50.0
780673,50.0
3618803,50.0
781518,200.0
781519,300.0
3678063,50.0
653900,100.0
781512,100.0
777219,12.0
781510,211.0
779044,150.0
781282,300.0
781517,100.0
781514,100.0
781515,125.0
781206,0.0
781207,0.0
780777,50.0
780776,0.0
781531,750.0
3619104,50.0
780984,50.0
3618924,50.0
781363,100.0
781208,50.0
4907650,50.0
3088376,50.0
3618926,50.0
778506,50.0
201035,0.0
3618788,50.0
3088672,50.0
201031,2.0
4932884,50.0
3873462,1.0
778234,550.0
5606560,50.0
3873467,50.0
781543,200.0
3875434,46.65
781477,200.0
3618659,50.0
780665,50.0
779444,100.0
781509,250.0
3527845,100.0
3874159,100.0
3618972,50.0
738279,50.0
3618970,100.0
3618876,50.0
3618877,100.0
781503,50.0
780840,100.0
3618872,50.0
781504,600.0
781507,100.0
781506,50.0
4902351,50.0
781354,50.0
3619380,50.0
6207321,50.0
780500,500.0
781508,550.0
780999,1900.0
781547,200.0
3618737,50.0
730278,50.0
4929228,50.0
781546,400.0
779151,247.12
62691,8035.55
3873184,50.0
4931398,50.0
3618983,100.0
719829,100.0
777819,250.0
732554,100.0
3618984,50.0
3873612,100.0
781534,800.0
781535,300.0
781536,50.0
781537,3000.0
781530,350.0
781118,1046.22
781532,200.0
781533,200.0
3873189,50.0
3873457,100.0
3619358,50.0
88917,0.0
781539,900.0
3618726,50.0
779381,100.0
3618967,50.0
781431,0.0
3874510,50.0
781433,450.0
781500,250.0
780201,50.0
3620610,50.0
3618968,50.0
781438,100.0
3618683,50.0
3618804,105.28
781502,700.0
693750,50.0
4926669,50.0
3618960,100.0
780691,200.0
780190,50.0
3619160,50.0
3618770,50.0
3872874,50.0
3693119,100.0
781085,0.0
392188,0.0
3618942,100.0
3618655,50.0
780929,50.0
780712,50.0
778115,50.0
781489,150.0
781521,300.0
781520,100.0
781527,250.0
781526,200.0
781525,400.0
781524,100.0
733029,309.01
781529,850.0
781528,250.0
781605,350.0
780122,50.0
3873445,50.0
780335,50.0
3618952,50.0
4869789,50.0
3873353,50.0
776257,150.0
3095304,50.0
760256,0.0
778263,50.0
779657,600.0
5104,4532.0
3618657,50.0
780612,100.0
781005,50.0
3619079,50.0
781236,300.0
780747,100.0
781232,50.0
1183728,50.0
774700,50.0
3618882,100.0
3618880,50.0
3877354,50.0
781538,300.0
3872848,50.0
3618889,100.0
781549,250.0
1101154,100.0
781553,350.0
3873309,50.0
781523,0.0
3872717,50.0
4934796,50.0
781522,200.0
781084,0.0
3647631,50.0
779710,50.0
738229,50.0
780387,100.0
3873146,50.0
3873383,50.0
781555,400.0
709989,150.0
6035840,50.0
3618934,50.0
781551,150.0
780631,50.0
3873908,50.0
3618727,50.0
5014019,50.0
3873149,50.0
3618941,50.0
4709101,0.0
780610,50.0
781511,50.0
5035748,50.0
6224488,50.0
781322,50.0
3621366,50.0
780192,50.0
3088731,50.0
781329,50.0
3874121,0.0
4780104,50.0
493297,150.0
3618892,50.0
781545,100.0
3618662,50.0
781234,50.0
4918349,50.0
781516,200.0
4907756,50.0
3088035,50.0
4930442,50.0
779406,50.0
780624,150.0
781505,450.0
3873258,50.0
727888,300.0
6264458,50.0
781321,250.0
4709522,50.0
781096,50.0
781094,100.0
3618971,100.0
775759,50.0
4920,250.0
3088388,50.0
781497,100.0
6261211,50.0
732317,100.0
781513,150.0
3618774,50.0
3618931,100.0
3619159,50.0
3900660,50.0
781548,200.0
780140,50.0
3872817,50.0
781327,50.0
781258,50.0
3618878,50.0
3619287,50.0
3618739,50.0
3862628,0.0
3872866,50.0
781195,50.0
3873857,50.0
3618674,50.0
781496,50.0
781495,200.0
3618857,44.900000000000006
781493,50.0
781492,50.0
781491,100.0
780536,50.0
6121476,50.0
3618955,100.0
4912015,100.0
710378,50.0
781499,50.0
