782130,1
3976074,1
3976802,1
766701,2
3975250,1
5837149,1
4885154,1
713808,20
3808221,1
3643664,1
5937629,1
3643668,1
3802813,1
766390,1
749247,1
3976214,1
3643507,1
3975405,1
712725,1
3643508,1
3810091,1
3975811,1
4568655,1
3975365,1
3805569,1
6073625,1
3977175,1
3976642,1
630880,1
782022,1
4732331,1
627593,1
781675,1
15937,2
4650801,1
3802790,1
777451,1
3977287,1
3975225,1
4897976,1
1661718,1
3643672,1
6074324,1
780560,1
3975399,1
3643676,1
3643677,1
3805280,1
781565,2
3976078,1
2309142,1
3805244,1
3803033,1
3643700,1
3975413,1
669992,1
3810902,1
2289058,1
3977126,1
3977334,1
3643615,1
1785905,1
4916809,1
3643589,1
4351179,1
3805412,1
5341072,1
3809514,1
3806351,1
4299177,1
782291,11
3977160,1
4927074,1
806655,1
4708166,1
640624,1
3810044,1
637493,2
668976,1
4465107,1
3977292,1
781609,1
4455480,1
3806445,1
3643766,1
4999675,1
3643763,1
3977195,1
2283168,1
3643488,1
3977110,1
5164520,1
3977200,1
5354408,1
3975935,1
3976816,1
3975421,1
3805359,1
782314,1
64141,1
3805429,1
3977112,1
3643401,1
782280,3
5048293,1
639948,1
3975302,1
3804196,1
3643695,1
3809008,1
4900161,1
3809081,1
3976625,1
782294,1
3975369,1
3643652,1
3977189,1
3976703,1
4878047,1
3643657,1
3803151,1
3711958,1
1516478,1
3977217,1
3643491,1
3805602,1
3643393,1
1518201,1
633739,1
3811572,1
3806283,1
3976197,1
3825407,1
3643626,1
3643612,1
732554,7
3976199,1
3975337,1
3807998,1
4676282,1
750341,12
3643696,1
3975408,1
583180,9
634731,4
778555,13
6320947,1
782331,71
3809628,1
782319,1
781501,1
3976790,1
782313,2
782315,2
782097,2
782336,1
3977135,1
3977137,1
3977345,1
1787705,1
3811942,1
2264950,1
633864,1
3975284,1
3976793,1
3976127,1
4051606,1
3975754,1
775394,1
4624360,1
4633502,1
3643544,1
3643655,1
4832567,1
620812,2
3803070,1
3975360,1
782321,1
5368918,1
781631,4
3975202,1
782328,9
782329,8
1621094,3
5749940,1
64334,1
3643601,2
3807794,1
782243,15
4431889,1
3804189,1
3977121,1
3643638,1
3975354,1
4448810,1
780720,1
3807932,1
3805595,1
2265066,1
3809410,1
623466,1
781835,4
3975214,1
3643487,1
782019,1
3810438,1
3975749,1
782154,2
782333,60
782332,1
3808536,1
782337,0
5014117,1
782335,6
782334,2
781503,1
779710,1
3806275,1
3977289,1
780387,1
761773,1
782238,24
3803754,1
4320332,1
3643720,1
3643721,1
3976055,1
779921,1
3643609,1
3643608,1
3803002,1
3977324,1
4420265,1
3643600,1
3975500,1
3643602,1
3643604,1
3643607,1
3643606,1
782009,1
4396408,1
3643687,1
3643520,1
773445,1
3643525,1
3803091,1
623516,1
3975340,1
3975242,1
637992,1
3977321,1
4431864,1
3643617,1
646450,2
3807877,1
3643599,1
654331,1
3643610,1
781542,1
3643594,1
1037025,1
3810125,1
3975473,1
3804221,1
3975375,1
3977311,1
1390289,1
2256638,1
3643454,1
3643455,1
3643698,1
1602455,1
782036,4
2269544,1
3643692,1
678207,1
635384,1
