3595007,0.05
1113980,100.0
3782028,4.05
778118,0.0
726546,0.0
6165514,17.400000000000002
726544,0.0
726545,0.0
726543,0.0
2965104,0.0
4683407,50.0
779600,0.0
3595134,0.0
3596739,50.0
777827,0.0
777825,0.0
6115323,50.0
3773905,0.0
780009,0.0
3837422,50.0
6133289,0.01
780007,0.0
780006,50.0
780005,0.0
5241114,0.8500000000000001
3595649,68.27
3595648,68.32
3595640,68.72
3594197,200.0
3595644,68.52
2026868,0.0
4130395,67.11999999999999
3235249,0.0
5632047,100.0
3774724,50.0
3774051,4.0
3773875,0.0
1372502,43.0
3773870,1.0
3596841,50.0
780177,300.0
780176,400.0
780175,50.0
780174,450.0
780173,100.0
780172,50.0
780171,200.0
780170,6.66
3594926,2000.0
780179,2100.0
3781386,75.0
51845,0.0
3595431,0.0
3778292,50.0
2383080,12.37
3778746,100.0
5201081,0.0
3588036,0.0
745783,150.0
3991058,0.0
3946977,0.0
780352,150.0
5663735,50.0
780354,200.0
780358,200.0
3770734,0.0
3800639,0.05
3781257,0.0
3781255,1.0
3781706,0.0
3781252,1.05
3781259,0.0
2393481,68.17
2555416,65.47
3779503,65.17
3779504,65.11999999999999
1096664,64.97
3775147,45.0
3775140,100.0
4182905,50.0
3774948,14.3
3779706,66.22
1409459,66.11999999999999
3774945,29.0
1797317,72.61999999999999
6031782,63.47
2385811,63.919999999999995
3775099,50.0
3775526,50.0
3775523,0.0
3564468,50.0
3782096,4.2
5630570,0.0
3777565,19.25
3777561,0.0
2909017,2.4
3594749,16.650000000000002
3594748,0.01
4439708,0.01
1279294,100.0
3780074,72.02
3777962,100.0
776600,1737.8899999999999
3780071,72.07
2381015,61.87
1541919,50.0
2401759,0.75
759567,50.0
3777700,19.75
3777703,0.0
3595901,0.45
3595902,0.0
3595903,0.39999999999999997
3595904,0.0
6244275,60.769999999999996
2263575,50.0
1038412,0.01
6152121,17.25
3594344,10.0
779674,50.0
779675,0.0
3777636,100.0
779672,50.0
779477,0.0
2085564,50.0
775981,814.99
3579736,0.0
76084,50.0
4586876,50.0
3591829,0.0
322310,100.0
3781771,0.0
4674471,0.05
4332442,0.0
3595830,75.0
3595831,100.0
3595832,0.0
2018384,50.0
5260909,1.1
3765692,0.0
1085692,0.0
5978298,0.55
777035,50.0
6312756,4.35
2400809,0.5
2401531,0.65
780121,50.0
4427951,71.72
5111278,67.17
3779880,0.0
3595728,73.17
2384917,50.0
3595346,5.0
3595347,100.0
3594233,50.0
3595345,55.0
3594235,0.0
3594236,10.0
3594239,2.0
3691775,4.85
3595016,5.0
6231215,4.0
3594837,100.0
3512862,4.6499999999999995
4935438,100.0
779955,310.3
689732,150.0
3774723,50.0
2406896,100.0
3595658,50.0
754259,0.0
3595655,67.97
3595656,67.92
6284651,0.04
4601829,0.02
3774043,3.9499999999999997
3774041,50.0
3774046,0.0
4177753,50.0
3779867,70.11999999999999
4491155,50.0
3779863,70.22
3779861,70.27
402023,2673.0
780102,100.00999999999999
780103,150.0
780100,50.0
780101,100.0
780106,100.0
780107,100.0
780104,100.0
780105,0.28
780108,200.0
780109,150.05
732224,0.0
2007561,14.5
3774136,50.0
6247021,60.97
2084107,62.669999999999995
1006297,4.45
669775,50.0
3610685,50.0
776184,0.0
3010337,100.0
732317,25.0
3774425,0.05
1948488,4.7
6188538,0.01
3781245,50.0
3781247,100.0
3781240,0.9500000000000001
3781243,0.05
3781249,1.1
3195173,0.9
778916,0.0
5966846,0.0
3781393,0.0
710885,50.0
3775171,0.0
5943792,2.05
6316112,33.989999999999995
780178,300.0
2383272,1.01
463102,50.0
33048,0.0
1263154,100.0
777606,50.0
3775553,50.0
3775551,100.0
3775558,15.55
3776604,0.01
779719,0.0
2362736,0.0
6242141,3.0
779711,0.0
780079,2350.0
3777555,0.1
3594758,50.0
3589988,0.0
3594751,50.0
3232,0.01
780430,200.0
4812372,4.0
1966094,0.39999999999999997
5736129,0.0
6261944,100.0
772163,50.0
5837679,50.0
3775606,15.8
780072,0.0
3775602,50.0
4653414,50.0
3683636,0.0
4890416,100.0
1819804,41.0
5887139,61.12
779080,0.0
495717,50.0
3485828,0.0
751015,0.0
29598,50.0
3962846,50.0
2145443,73.67
1293696,0.0
3773704,50.0
3595801,0.0
3595803,0.05
3595802,1.9000000000000001
3595804,2.0999999999999996
1320992,50.0
2377543,19.3
3777737,20.0
6032086,0.05
2845994,1.5
3783068,50.0
2029555,0.0
6112375,100.0
1965651,0.0
987193,70.52
3776539,49.99
3779892,69.77
6075922,50.0
3779895,69.72
6289139,50.0
5039228,0.01
3715487,0.0
3595790,0.05
3595793,50.0
3595792,50.0
3595794,100.0
3595796,0.0
1205964,50.0
3782283,100.0
774649,0.02
3594820,100.0
4357699,39.0
5970054,4.1499999999999995
777591,50.0
6175760,50.0
5469271,0.0
3773382,0.0
6223960,0.0
776512,0.0
843935,64.82
6006224,0.0
6006221,61.519999999999996
4340860,16.400000000000002
738868,0.05
782873,0.0
5592761,50.0
779877,800.0
779874,50.0
779875,50.0
779872,50.0
3779873,70.02
779756,50.0
3773819,50.0
3779878,69.92
3781877,3.55
780110,100.0
780113,250.0
780112,300.0
3781873,3.5999999999999996
780114,5.029999999999999
780117,1365.02
780116,100.0
780119,5.0
780118,0.03
3780871,0.0
6151421,50.0
3595756,0.3
3778516,50.0
3779998,68.22
3595022,19.0
3774417,50.0
780211,151.0
3786063,50.0
780216,205.05
3578226,0.0
779989,200.0
4234959,0.0
779983,50.0
779980,0.0
3778513,0.01
240947,0.0
4441609,0.05
3236857,3.4499999999999997
3436064,0.0
3778383,0.0
3781274,1.35
2391325,66.57
3778435,100.0
1023530,0.35
1564891,50.0
6136507,69.82
780183,31.59
779929,100.0
3774965,0.05
6288840,50.0
3779254,50.0
779841,0.0
6236528,0.0
2037268,0.0
3775163,3.0
124424,50.0
3779090,0.0
3779094,64.52
1334462,0.0
3779098,0.0
780185,102.0
779698,50.0
6262703,100.0
3781476,2.5
3781475,0.0
6274339,100.0
2904572,0.0
4749859,68.47
6156203,50.0
779279,50.0
3747310,0.0
10502,900.01
3781505,0.0
780423,100.0
780428,150.0
763554,50.0
5976563,4.45
4505441,0.0
701464,0.0
753570,0.0
2126739,66.36999999999999
4836556,0.0
3775615,15.950000000000001
3775618,0.0
3778934,64.22
3777836,60.82
1993688,0.0
4669395,68.82
4669391,67.27
1287024,4.98
768816,5.96
3777547,19.2
757278,0.09999999999999999
6017588,50.0
6171471,100.0
5019757,71.97
5994254,50.0
2377178,19.05
1145978,33.0
779691,0.0
3595816,0.0
4523870,73.72
365281,150.0
779058,50.0
2381629,50.0
779502,0.0
6122714,50.0
3594783,16.85
3594034,0.0
4611406,0.0
6108266,0.0
778639,50.0
5700356,0.0
3694690,0.01
4398800,14.4
6070358,14.450000000000001
3989042,4.8
207489,0.0
676233,0.0
611026,0.0
3736369,0.0
3595325,63.519999999999996
3594251,50.0
3594250,50.0
6250250,0.0
779822,56.1
912877,67.57
2915662,50.0
3594811,100.0
3594810,0.0
3594813,0.0
2258738,50.0
3594814,50.0
738279,0.0
3782299,4.95
3594819,500.0
3594818,100.0
1178535,0.0
896333,0.05
699965,50.0
3777684,100.0
5244994,70.97
1136144,0.05
2007670,50.0
3595672,71.86999999999999
2261784,50.01
3595676,71.67
2357604,50.0
2384548,0.05
6264657,61.57
2052167,18.85
1108803,0.25
108318,0.0
3781880,0.0
88428,105.0
3781887,0.0
1458663,0.0
3595787,0.0
3595784,1.85
3595785,100.0
3595782,50.0
3595783,50.0
3595781,50.0
3595788,100.0
773343,0.0
3780849,100.0
4182718,66.86999999999999
780128,300.0
780129,235.0
3781862,0.0
780124,200.0
3778739,0.0
3774084,0.0
780127,1.01
780120,4.5
3781869,100.0
780122,50.0
780123,255.0
5978138,4.55
2022828,17.0
776255,0.0
3782206,100.0
2053761,19.1
3779940,68.97
5428479,50.0
4338822,0.0
732686,0.0
779999,0.0
764668,0.0
6257739,1000.0
2378774,100.0
6276901,4.6
779993,50.0
778850,0.0
3773757,0.0
779997,0.0
779996,0.05
6160821,0.42
780384,100.0
678698,0.0
795047,50.0
397512,300.0
6313946,33.98
4430463,50.0
2036051,17.7
773751,50.0
2388867,5.0
773755,50.0
3588493,0.0
2134830,68.92
6239605,3.6999999999999997
3774574,13.350000000000001
3774570,13.4
3779265,64.92
3760950,0.0
1978725,14.200000000000001
718301,0.0
780257,100.0
780252,100.01
780253,100.0
780250,100.0
462962,100.0
3778644,0.01
780258,150.01
780259,100.0
3590829,0.0
3781464,0.0
3781467,2.4499999999999997
3775579,9000.0
2383056,1.0
768604,0.0
3775025,100.0
6306052,62.82
1467078,66.67
3775020,150.0
2033490,50.0
3775028,50.0
1251415,0.0
6066747,5.0
3779601,50.0
3779606,65.77
3775599,50.0
3784031,50.01
772790,0.0
3794315,200.0
732173,0.0
779460,0.0
3775352,0.0
779465,0.0
779464,50.0
779468,0.0
5976176,50.0
3775626,15.850000000000001
3594330,0.0
3594331,0.0
3779285,100.0
3594333,0.0
775537,0.0
3779281,0.0
780095,50.0
731010,0.0
6308294,63.019999999999996
779263,50.0
3658,0.0
3777668,19.7
780092,200.0
3777661,100.0
3960640,50.0
3777665,50.0
3777664,50.0
3996655,0.0
778892,0.0
168543,13.37
779044,50.0
5894554,0.0
779512,50.0
3778897,63.97
760010,0.0
6175111,100.0
1208895,0.0
935096,70.07
5634240,0.0
3594799,17.150000000000002
779199,0.0
3594797,17.1
4969409,0.01
399233,50.0
2377611,310.0
6077891,100.0
3782353,50.0
2402100,50.0
3777267,18.25
3777263,100.0
1198930,50.0
778335,50.0
5973701,0.2
3285976,0.0
5803413,0.0
1700263,50.0
3594241,1.0
3594242,50.0
3594244,50.0
3594246,3.8499999999999996
3594247,3.8
1082768,0.0
774666,0.0
1265938,0.05
3758116,0.0
3782296,0.0
1956706,4.5
3781196,13.0
3594809,0.05
732188,50.0
1459215,0.55
3594803,0.0
2593800,0.0
3782516,50.01
5906469,71.77
2392333,70.42
631894,50.0
732864,0.0
3595689,71.02
3595687,71.11999999999999
3764335,0.0
5553348,0.05
3595680,71.47
3595440,50.0
3595443,100.0
3595442,0.0
3778459,100.0
3782178,100.0
629827,50.0
679929,50.0
3778911,64.07
779852,0.0
2391792,67.22
779856,50.0
3781928,0.0
3595047,19.650000000000002
3779858,70.32
779797,50.0
3705685,0.0
780139,100.00999999999999
3781852,3.5
6264440,61.62
3781857,5.0
780133,400.0
780132,200.0
780131,50.0
780130,200.0
780137,300.1
780136,300.0
780135,100.0
780134,200.0
5784209,1.4000000000000001
4423646,67.32
3781070,20.0
2497873,65.07
749187,0.0
6119210,0.0
3775505,15.4
3757816,0.0
1175774,100.0
3773745,50.0
3780610,100.0
4838756,100.0
3781218,0.0
3781213,0.8500000000000001
3781211,0.0
3781217,0.8
670501,1.0
3827469,50.0
2383114,1.01
3781187,23.0
3780853,50.0
3566519,0.0
3588621,0.0
3595566,66.47
3778674,50.0
773784,150.0
3777798,50.0
3595673,71.82
6321290,0.0
6035429,0.0
2013778,1.0
3342493,0.04
4276314,0.0
682739,0.42000000000000004
780246,500.04
780241,150.02
3780109,71.52
5984806,4.75
3779074,100.0
3779076,100.0
780718,200.0
780249,400.01
3780101,71.61999999999999
5683187,0.0
1949769,0.0
3780584,5.0
3780589,1.95
3775561,50.0
3775566,100.0
6158040,0.47000000000000003
3775037,50.0
3775183,0.0
3779615,65.67
3781520,0.0
3781522,2.5999999999999996
3781524,0.0
3781526,50.0
3780033,72.52
780403,200.01
780402,300.0
3777811,60.72
6075205,4.3
1188477,50.0
415384,0.0
2384108,62.919999999999995
2385275,63.269999999999996
2363079,1.1500000000000001
779458,0.0
4558057,0.0
779456,0.0
3777450,0.0
779320,0.0
2216423,4.3999999999999995
3968620,0.0
2394177,71.42
3594490,0.0
3775630,0.0
3775631,50.0
3777855,50.0
3777857,61.019999999999996
3594656,15.700000000000001
1120167,0.96
3594653,0.04
3526184,0.0
4153000,88.77000000000001
779210,0.0
2087088,50.0
5317381,50.0
4684730,5.0
3777672,0.0
4955787,71.32
4330636,0.0
6136385,50.0
779523,0.01
820864,0.01
3778881,100.0
5134931,4.6499999999999995
3500122,65.32
5614458,0.1
3777291,18.35
2019453,100.0
3599547,50.0
777672,100.0
3777275,100.0
779142,0.0
1018954,0.75
6119736,62.57
3594277,0.0
3594276,4.05
3591570,0.0
3472535,0.0
3594278,0.0
3777187,50.0
3594475,50.0
3594473,50.0
3594472,50.0
3594471,50.0
5599853,2.75
208902,100.0
6196599,50.0
2410036,0.0
1095975,50.0
3783369,50.02
3594872,0.01
3594871,1.01
3594870,50.0
2082433,0.0
3594874,0.01
3779916,69.42
3779914,69.47
3773353,0.0
2496960,1.01
6237265,19.900000000000002
3778613,0.0
3628984,18.5
2379753,100.0
3595694,70.77
3595691,70.92
3595692,70.86999999999999
3595693,70.82
3594907,0.0
3594906,40.0
779845,50.0
3595458,64.86999999999999
2410104,0.0
3594909,100.0
776785,0.0
3778736,63.169999999999995
1066676,50.0
193436,50.0
1211255,50.0
3779828,0.01
3595057,50.0
780125,100.0
780126,40.0
3838728,50.0
3778248,62.22
3781843,50.0
3200317,0.0
777329,0.0
6084168,18.8
3781060,0.0
6305229,1.01
3220573,1.01
3781994,3.8499999999999996
3781080,0.0
3781615,205.0
1461886,0.0
3597924,50.0
356502,50.0
3764328,0.0
2394997,100.0
3780624,0.01
4137214,10.0
5324504,100.0
3780620,0.05
780094,100.0
6234643,19.8
780096,141.1
780097,150.0
780090,0.1
780091,50.0
3364672,4.84
780093,0.1
6263826,63.22
3781202,10.0
780098,1148.0
780099,100.0
3781207,0.9
3761556,554.99
6095054,63.57
3780104,71.57
2833074,1.6500000000000001
1188266,0.0
3774519,50.0
742611,0.0
3607338,50.0
3778661,63.12
3778667,0.0
5500968,72.72
3779598,100.0
3780131,71.17
3779590,65.42
4848947,0.05
3779594,0.0
3781680,100.0
6014474,1.23
3779924,69.32
4115352,0.05
522163,50.0
192679,0.0
3779625,65.52
3779622,65.57
3775009,0.0
3775008,100.0
5872337,0.05
778757,50.0
6211007,18.55
3780009,68.11999999999999
2053259,18.95
6083529,49.0
3779881,69.86999999999999
3781532,50.0
2352635,0.0
3781530,0.0
3775131,50.0
3600305,100.0
2024233,17.3
772426,0.0
4716153,0.05
965956,72.22
779331,0.0
3777465,50.0
5989058,0.04
80859,0.0
2218311,50.0
3594482,100.0
6179084,0.04
3594481,0.0
3594319,1.0
3594648,15.65
779995,300.0
725507,50.0
779202,0.0
3012689,2.8499999999999996
62691,0.0
6158475,0.46
5779607,0.0
1986777,350.0
778555,50.0
6125980,0.02
3781346,0.0
6114546,0.0
3595841,50.0
3595840,50.0
3595843,0.05
3595842,50.0
2380580,61.37
2078559,100.0
3019297,0.0
3782371,1.5
196855,50.0
3777245,50.0
6037546,0.04
6286822,50.0
3782319,50.0
3460031,0.0
778317,50.0
3594267,0.0
3594268,50.0
3594269,50.0
3784794,50.0
3594466,0.0
3594467,100.0
3594460,14.15
3594462,14.05
3595997,1.95
1161823,100.0
6112935,50.0
1517899,0.0
3782577,50.02
3782575,50.0
6126269,0.0
1371765,0.0
4923231,0.0
736324,100.0
2358676,50.0
3594869,0.01
778774,550.02
6236224,19.85
3594861,0.48
3595152,61.419999999999995
2367784,50.0
3595192,62.169999999999995
3595191,0.0
3773348,0.0
3595194,50.0
1135607,0.0
1174003,1.75
3595199,62.32
3595198,50.0
6197217,0.03
3779903,69.61999999999999
3595203,62.37
3595202,0.05
3595201,0.04
710671,0.0
3595206,62.419999999999995
3595205,62.47
3595209,50.0
626540,50.0
777535,1000.0
2392171,50.0
3594915,50.0
3595429,0.0
3608786,50.0
779836,200.0
3594911,17.900000000000002
3782159,50.0
3595421,0.0
779839,99.05
3595427,0.05
3748094,0.0
469498,0.0
3779832,67.82
405661,100.0
3779835,67.77
3779836,67.72
3596516,50.0
3596517,50.0
3778275,0.0
3595737,1.25
3595736,1.3
3595735,1.35
3595733,1.45
3595731,73.02
3595730,73.07
3782131,100.0
3595739,1.1500000000000001
2132213,69.97
2114199,0.0
779942,50.0
830380,0.0
4947831,2.0
6264596,2.0
5904,50.0
732584,0.05
1306553,50.0
779813,250.0
1178587,1.45
3774696,50.0
2046506,18.400000000000002
3781238,50.0
780082,0.0
780087,50.0
780086,0.0
780085,50.0
780084,0.0
780089,153.0
780088,209.0
3761521,0.0
3779815,66.61999999999999
80604,50.0
615406,50.0
3780834,50.0
3587578,0.0
3589739,0.0
3780126,71.27
3780122,71.36999999999999
404116,53.3
6246458,0.0
3778690,50.0
780267,150.0
2160315,0.04
3779582,0.0
93837,150.0
710872,50.0
780261,200.0
6333460,50.0
6006482,50.0
5795543,300.0
846263,50.0
2134940,68.86999999999999
3778186,61.97
3780938,0.3
2041745,1000.0
3778189,0.0
6133688,10.0
2211524,100.0
3775016,250.0
3775015,50.0
3775010,50.0
3780011,68.07
2410769,100.0
2352351,50.0
6185889,0.01
5968933,3.9
780256,150.01
6179765,0.01
775305,0.2
2284308,50.02
780466,400.0
2949094,16.150000000000002
6245437,60.87
1730885,1.8
2384305,50.0
2191919,2.8
6225491,100.0
3233774,0.0
6245187,60.919999999999995
663299,50.0
4861498,1.9000000000000001
5802793,0.0
3594679,100.0
49876,0.0
5053632,3.25
3956008,0.45
6115691,16.2
6016813,50.0
779230,50.0
2152158,1.6500000000000001
6192900,62.72
5951446,2.0
779544,50.0
779018,0.0
778014,100.0
3595858,0.15000000000000002
3595859,0.1
779782,150.0
3595852,50.0
3595857,0.01
2037759,100.0
5984374,50.0
3068973,0.0
3778866,63.87
3778862,63.72
690135,5.0
35520,0.0
777651,0.0
3763751,0.0
2014699,50.0
3777256,18.2
4980501,0.0
6177877,0.01
3595369,64.17
6240970,3.98
5292527,1.01
3594451,50.0
3594450,13.8
3594453,0.05
3777651,19.6
3777656,19.45
3594454,13.850000000000001
3594457,13.950000000000001
3777655,19.5
3594459,1.01
3594458,0.05
3595657,67.86999999999999
3778995,64.32
6167216,0.52
3782569,50.0
815958,0.0
3594858,0.5
2383959,1.01
6261008,0.0
2371167,0.0
6046864,72.47
2015363,0.0
782226,650.0
3595187,25.0
3595188,50.0
6309491,63.07
3779937,69.02
3595210,100.0
3595211,50.0
3782362,50.0
3595215,100.0
3595216,100.0
6008023,0.0
5700391,3.65
1494210,0.0
959646,68.02
3774047,50.0
3594921,0.0
779820,50.0
3594923,5.0
3594922,50.0
3594925,1000.0
779824,0.0
779827,0.0
3777248,100.0
3594929,0.0
779828,50.0
3595434,800.0
3595435,0.05
3595437,0.03
688139,0.0
4037905,50.0
3779865,70.17
1119501,0.01
6040321,0.0
3762407,0.0
2094894,63.32
776433,500.0
2357557,4.95
2392016,66.77
3595724,73.36999999999999
3595725,73.32
3595726,73.27
3595727,73.22
3595721,73.52
3595722,73.47
1550186,49.0
3773881,50.0
773150,0.0
4773462,50.0
3595729,73.11999999999999
3773885,0.25
3775596,5.05
3773797,50.0
779956,0.0
779951,0.0
703228,0.0
779952,0.0
4708388,15.5
3764348,0.0
3774682,100.0
3774685,50.0
3781221,10.0
3587182,0.0
780672,500.0
6080059,14.65
5257641,0.51
780077,50.0
780074,50.0
780075,1700.0
5996464,50.0
780073,50.0
780071,100.0
3774538,50.0
6223007,0.0
6216710,72.97
2016268,0.01
782011,150.0
3780809,50.0
3594633,100.0
3778260,0.02
3598312,50.0
5987878,50.01
4625811,50.0
5242775,0.0
780218,50.0
780219,300.0
3781318,0.0
4882666,100.0
780212,200.0
780213,100.0
780210,50.0
3781315,53.03
5268147,45.0
780217,1.0
780214,0.4
780215,50.01
780188,0.09
780189,200.0
780182,200.02
3481378,0.0
780180,200.0
780181,80.0
780186,50.02
780187,350.0
780184,9.02
3595996,0.0
3778193,100.0
6177268,1.0
3778197,0.0
5897172,0.0
5983179,4.7
5612464,4.25
3589926,0.0
3488961,0.0
4141530,4.8999999999999995
780322,100.0
6215911,100.0
777486,0.0
3779489,50.0
778170,50.0
2135583,68.57
4414674,2.55
3781341,1.7
3775486,15.15
685947,0.0
2005919,15.75
5156421,0.05
5118529,0.0
780233,100.02
3779157,0.05
3775469,15.0
3396030,0.05
3199971,0.0
5692418,61.32
411107,100.0
5151734,0.0
4953537,0.0
727078,50.0
779225,0.0
6279589,1355.0
5852877,0.0
779652,0.0
3777312,50.0
960094,100.0
3946303,50.0
3594592,50.0
3594594,50.0
779796,100.0
3594599,50.0
6074901,14.600000000000001
779798,50.0
3774428,0.0
6180386,100.0
5900789,0.0
781329,1250.0
3780209,72.92
3777401,0.0
3777446,18.7
3781810,0.02
771742,400.0
3778215,100.0
2392352,70.36999999999999
814168,64.57
109329,0.1
3783578,50.0
3595197,100.0
3777220,50.0
4506734,2.6999999999999997
3777225,18.150000000000002
3110,0.0
2069924,61.269999999999996
1717003,0.0
3594446,13.700000000000001
3594447,0.0
3594444,50.0
3594445,16.09
3594442,0.0
3594440,50.0
3594441,13.65
6143065,5.97
1130471,1.01
3782221,0.0
3779927,69.27
720753,200.0
3777134,1626.8600000000001
3779921,69.36999999999999
3760269,50.0
3773343,0.0
1311645,0.05
3779929,69.22
4721649,0.0
4353905,16.75
5225019,50.0
3782310,0.08
3782317,50.0
3595225,100.0
3595207,0.0
2022696,17.05
3595226,62.62
3595153,50.0
3595400,64.47
3595151,61.47
3595150,50.0
2370154,100.0
3595408,0.0
3762257,0.0
779818,0.0
779819,0.05
3594939,18.05
779814,1815.02
3594334,50.0
779816,50.0
3595560,66.07
3594931,50.0
3779817,50.0
780208,400.0
1147196,18.45
3779818,67.61999999999999
3594338,1.0
3781711,3.15
988827,72.57
2393379,68.42
5463119,100.0
776778,800.0
2020107,0.0
2095820,63.62
6149793,17.2
6191861,71.22
4637753,50.0
3595717,0.1
3595716,0.15000000000000002
3595718,0.05
6299561,50.0
6067879,50.0
779969,50.0
2133361,69.57
779963,50.0
779964,50.0
4424019,0.0
779966,0.0
6336258,50.0
3777439,18.75
2286663,0.0
3712513,0.1
780669,100.0
63626,0.0
780198,150.0
3595038,95.0
3604921,50.0
780069,100.0
780068,0.05
3942444,15.9
3781147,900.0
780067,50.0
780066,50.0
780061,50.0
6013563,0.0
4872373,62.97
43902,0.0
3753992,0.0
3774039,0.0
3444725,0.15000000000000002
3774033,0.01
2006021,0.0
2361678,50.0
3779035,0.0
780209,10.0
3778528,100.0
3781368,1.55
779932,50.0
780201,50.0
780200,100.71
780203,700.0
780202,200.0
780205,50.0
780204,250.0
780207,150.0
780206,50.0
780199,200.0
2375720,100.0
3595420,64.61999999999999
780191,100.0
780190,50.0
780193,841.75
780192,50.0
780195,750.0
780194,20.05
780197,24.990000000000002
780196,955.02
6118124,16.25
62374,0.0
6147591,16.900000000000002
5392815,0.0
5104,1445.1499999999999
4883935,5.0
2097963,0.0
3781765,3.4
4776316,4.7
778987,50.0
3780961,0.35
3583323,0.0
778983,0.0
1546354,50.0
3594613,100.0
3594617,15.100000000000001
3594615,15.05
3594614,14.950000000000001
676085,0.0
4681364,0.0
2373168,17.650000000000002
3968461,0.0
3779838,67.67
3367721,0.05
2359126,0.0
5041675,305.0
3777308,50.0
1277689,0.0
3778845,63.669999999999995
1547352,69.67
779769,50.0
779763,50.0
779760,0.0
3780211,72.86999999999999
3780218,72.67
1851246,73.57
2377732,19.400000000000002
1445315,14.55
3777415,0.0
744910,50.0
727685,50.0
780330,100.0
1401969,66.27
2372703,0.49
3267897,0.0
751402,50.0
3777238,100.0
4818267,0.0
6335788,50.0
3773483,1.0
106788,100.0
3594439,50.0
2454577,50.0
778561,100.00999999999999
3778270,62.269999999999996
3594437,50.01
3594436,50.0
3594435,50.0
5882997,0.0
3782238,0.0
3783895,50.02
3763423,0.0
6169641,0.01
690147,0.05
3782547,50.0
779617,50.0
779614,0.0
779615,50.0
2270281,50.0
778211,355.0
2371144,50.0
738090,0.0
2379715,0.0
2356888,1.0
3967439,16.6
3578650,50.0
3770825,0.0
4988667,4.1
4499102,50.0
6116482,0.0
3594541,100.0
3792385,50.0
712530,15278.140000000001
712532,150.0
3595146,0.0
3782433,50.0
3782430,50.0
3773951,5.0
3595418,64.67
3595419,0.0
3782128,50.0
3594948,0.0
51697,50.0
1994719,0.0
779800,150.0
779807,50.0
779806,50.0
779804,1400.0
618816,50.089999999999996
3119747,0.0
6127025,16.45
4048444,50.0
3781025,0.01
740181,0.0
3708517,0.7000000000000001
6012488,0.01
779977,50.0
779973,0.0
4172127,0.43
3595708,72.82
1248120,65.22
4865293,0.0
779978,50.0
4379394,50.0
3728228,0.0
3338068,0.0
6288106,0.15000000000000002
6130562,50.0
3605226,50.0
3778449,50.0
4400560,14.350000000000001
3781978,50.0
6212953,18.6
277140,50.0
6044809,62.12
3761288,0.0
6316845,43.99
780050,300.0
780052,150.0
780054,50.0
780055,50.0
2092582,100.0
4874965,5.0
4525309,0.0
3774029,50.0
3778206,50.0
3781805,50.0
3774027,50.0
3774022,20.0
3591347,0.0
780237,350.01
780230,100.01
3780178,70.47
3781481,100.0
2026985,0.0
781631,2000.0
3779554,65.27
780238,100.0
3779000,0.0
3778538,1.01
3780773,2.3
3781377,1.4000000000000001
4933,0.0
400079,50.0
3587236,0.0
797937,64.42
754125,0.0
3781728,100.0
3583535,0.0
4598122,69.17
3776661,0.53
3776663,0.0
2391133,65.92
1053607,0.0
2127789,67.52
3594248,3.75
2147541,0.0
3088427,50.0
6073804,0.2
1962040,4.8999999999999995
3782840,50.0
3779176,5.0
3779171,64.72
6297731,75.0
2684858,50.0
352402,50.0
3594600,50.0
3594601,50.0
3594602,100.0
3594603,14.850000000000001
3594604,14.8
3594605,50.0
3594607,50.0
3594608,14.9
3598208,50.0
6006821,50.0
3780358,0.6000000000000001
5945329,100.0
753270,0.0
4400813,67.07
2377365,19.150000000000002
2071214,3.2
779571,0.0
779570,0.0
779576,0.0
6290552,50.0
3782101,0.0
3781605,3.0
3782454,50.0
779777,0.0
3594960,18.3
3780223,50.0
3781607,0.0
3594738,16.55
4016541,4.85
689312,0.0
766856,0.0
779373,50.0
775119,0.0
2071365,0.0
2816276,1.85
3778182,62.019999999999996
3777935,100.0
780167,246.0
3777205,18.1
3777756,0.0
3595165,61.82
3774527,13.3
1979123,14.25
109584,50.0
2126031,1.0
528989,5.0
2008536,50.0
3754513,0.0
3594429,50.0
3652479,50.0
3594420,13.600000000000001
3594421,0.0
3594422,13.55
3594423,0.0
4074184,50.0
3594426,50.0
3594427,100.0
3595397,50.0
3594920,17.95
3595392,0.0
3595773,1.75
838486,0.0
5951704,100.0
4945680,72.32
2253791,350.0
779595,50.0
3591722,0.0
3594802,0.0
728520,0.0
3905219,67.42
3594552,5.0
6116324,50.0
1468508,0.0
6181361,50.0
3782115,50.0
3595178,62.07
3785647,50.0
526274,50.0
3694191,0.0
3763292,0.0
2010869,838.0
688146,50.0
3783427,50.01
747772,100.0
2028596,0.01
777197,0.0
777196,0.0
6123052,50.0
3595777,0.0
2392041,66.72
777378,10700.0
629189,50.0
779902,50.0
3595779,50.0
3595778,100.0
779907,100.0
3774495,13.200000000000001
3595772,50.0
3594927,50.0
3774491,13.25
3595776,1.8
3595774,50.0
3611212,0.5
1324945,4.8
3588173,0.0
3595428,64.77
3580153,0.0
3580152,0.0
5221771,50.0
3587683,0.0
790628,50.0
780046,50.0
780044,50.0
780043,50.0
780042,50.0
780040,50.0
3781161,0.6000000000000001
4192529,66.82
3774019,50.0
3594928,18.0
744212,0.0
5152984,17.35
780223,450.0
780222,150.01999999999998
780221,50.0
780220,500.0
780227,100.0
780226,355.0
780225,150.0
780224,50.0
3779544,65.36999999999999
3780163,70.67
6114238,16.05
3780167,70.61999999999999
2408143,0.0
5063587,3.1999999999999997
3774961,0.0
3778783,63.37
2170929,0.0
2399710,1.01
3780763,50.0
4920,189.98
2062858,50.0
6080152,0.0
2127267,66.17
3778502,105.0
2160515,50.0
3774472,30.0
755426,50.0
3774478,50.0
3779306,50.0
2361982,0.0
3595423,50.0
3779300,65.02
3776650,17.45
3594618,15.200000000000001
3776654,0.54
3778163,61.72
775615,0.0
780316,150.0
3782858,50.0
3619763,44.0
2032264,50.0
2585685,0.0
3780341,1.0
3774909,14.0
3775347,14.700000000000001
2383223,1.01
5978764,0.0
3774485,100.0
112176,0.0
1961189,50.0
2087397,1.0
779746,50.0
3594700,16.3
3788010,50.0
5785839,40.0
3594704,16.35
6000115,0.0
3594706,50.0
2391898,67.02
775439,5.0
169881,0.0
780251,100.0
3777927,100.0
775436,25.0
3594091,0.01
779126,18.180000000000003
3777740,19.95
779854,0.0
779128,850.02
3277561,50.0
5517386,70.72
6336713,50.0
3777694,0.0
3775018,200.0
3594419,50.0
3594418,100.0
2381659,50.0
3777329,50.0
714859,50.0
3594898,0.0
778234,1050.0
3595385,100.0
3594890,50.0
3594893,0.0
487383,0.0
3594895,50.0
6112215,30.0
3594897,17.8
3594896,17.85
779634,200.0
779635,400.0
779638,0.0
3595709,72.77
97975,50.0
4844790,16.1
393619,0.1
640,50.0
3782321,0.1
3782327,50.0
3782325,100.0
6143707,16.8
3594961,100.0
2023663,0.02
3595168,50.0
3595169,61.919999999999995
3595166,61.769999999999996
3782109,0.0
1479644,50.03
715543,0.0
780586,200.0
780138,125.0
778651,50.0
4138675,50.0
681944,0.01
751352,137.0
778659,5.0
774700,3125.0
3762447,0.0
6021024,13.450000000000001
776632,0.0
1176266,0.0
3594917,100.0
5894237,0.01
3782210,355.0
3595548,65.72
92224,220.01
2591942,50.0
3781364,1.6
2204038,0.05
1274916,3.8
4916970,0.05
3595769,1.7
3774489,50.0
3595762,1.6
3595763,0.01
3595764,555.0
3595765,0.05
3595766,0.0
3595767,1.55
5980572,4.6
3588161,0.0
5725975,50.0
383785,0.0
2022107,16.95
3595912,100.0
777819,50.0
780032,500.0
780030,50.0
3781175,50.0
780037,50.0
222841,50.0
6235937,50.0
3781179,50.0
773285,50.0
3650376,4.75
4852399,50.0
6081164,0.0
3596833,50.010000000000005
4316272,50.0
969592,4.5
6137608,0.01
3761142,0.0
755856,0.0
3876149,0.0
780148,50.0
780149,400.0
780146,50.0
780147,50.0
780144,350.0
780145,6.02
780142,300.0
780143,50.0
780140,50.0
780141,250.0
666904,190.0
3775517,15.25
779611,0.0
5006673,100.0
3775512,15.3
2214215,100.0
780369,200.0
3776647,1.0
780362,200.0
780366,150.0
734873,0.0
3781593,2.9499999999999997
3778489,100.0
4265907,50.0
3781752,49.0
3778483,50.0
773264,50.0
743509,0.0
563189,0.0
3775209,50.0
3594918,40.0
772646,0.0
1287527,4.1499999999999995
914036,67.47
3582376,0.0
5991328,50.0
1847991,73.61999999999999
3775427,700.0
6127835,16.5
2371916,0.44
3771509,0.0
5379243,17.75
3776645,1.0
3776642,0.01
5050989,100.0
6235335,0.0
779755,0.0
779754,50.0
578013,0.0
2102038,64.36999999999999
3594712,50.0
3594710,50.0
3594711,50.0
779281,1437.4099999999999
779284,0.0
6178860,0.0
1810076,50.0
1167368,0.1
2071342,50.0
3777913,61.169999999999995
3775657,0.0
779132,0.0
747682,0.0
3780066,72.11999999999999
3782142,0.0
778407,50.0
4749264,0.0
3595814,100.0
6163256,4.99
2386268,64.27
3594402,50.0
3594403,90.0
6089773,200.0
3594406,50.0
3594407,50.0
3594405,0.05
3785849,50.0
6078933,100.0
6322514,63.419999999999995
3595799,0.0
3022743,100.0
3779913,69.52
6075381,0.0
3595371,50.0
3595370,0.0
6018539,50.0
3777179,50.0
779628,100.0
3779967,68.61999999999999
3785683,100.0
549617,50.0
3926323,100.0
2095115,50.0
2015919,0.0
777970,0.01
3595118,100.0
3594976,50.0
777787,50.0
3595110,50.0
6089208,0.0
3765461,0.0
3689394,3.9
778390,0.0
2890387,0.0
778392,0.0
3782262,100.0
3594884,1.01
6255059,49.0
714860,50.0
3594880,1.01
3594881,0.01
3594888,1.01
4924708,72.42
3595025,50.0
3595024,0.05
3594822,50.0
3595753,0.45
3595752,0.5
3595759,1.5
3595758,0.2
3773581,0.0
3782009,3.9499999999999997
4465568,50.0
779802,50.0
2390974,65.61999999999999
3774678,13.5
729677,0.0
3594940,0.0
6115097,50.0
3781311,50.0
4728165,50.0
321,0.0
3773697,50.0
3785661,50.0
3762294,0.0
3773929,0.3
3773699,50.0
3779989,68.36999999999999
780021,50.0
780022,100.0
780025,150.0
6111782,50.0
780029,100.0
3777898,50.0
6235925,50.0
2194397,3.75
3774077,50.0
1432769,0.0
1262116,0.0
3774079,4.2
5244144,0.0
1185297,0.05
5913130,0.04
224319,47.5
1873834,100.0
2399081,2.3499999999999996
780977,200.0
3847850,5500.0
780159,50.0
780158,250.0
3781618,3.05
780155,0.05
5174779,0.0
780157,100.0
780156,100.0
780151,100.05
780150,0.35
780153,50.0
780152,200.05
3598898,50.0
779789,50.0
3781290,1.2
3781921,0.0
3777485,0.0
608849,0.0
741486,0.0
3774985,100.0
5930770,0.05
3786708,50.01
3775508,15.350000000000001
619593,50.0
4183423,0.0
3780529,5.0
3775500,0.0
3782874,50.0
5980987,50.0
6153987,0.0
739563,150.0
3706593,0.05
117305,50.0
2390133,50.0
3775188,4.0
3781721,0.0
3781720,0.0
3781725,3.3
3781724,3.3499999999999996
3779565,0.05
6035134,13.75
6200571,0.05
2135399,68.67
5829196,1.2
1201852,2.65
2388185,100.0
6039152,20.0
373825,50.0
4999675,50.0
780576,200.0
719727,0.0
690067,0.0
3594051,0.0
3781435,50.0
6255307,50.0
780248,100.0
3776633,17.6
3778170,100.0
3776635,17.55
3779698,66.32
3776639,17.5
3779073,2.0
5979695,50.0
6102852,100.0
779721,0.0
2400643,1.01
479075,100.0
3594762,0.05
3594761,0.01
3594765,50.0
3777906,0.01
773464,150.0
3777908,0.04
3776589,0.01
4469543,0.0
775893,50.0
729113,50.0
3783605,50.0
779385,50.0
1457621,50.03
5760395,50.0
6272328,100.0
1304651,4.55
1120705,0.0
3594167,50.0
1941658,50.0
5877100,3.0999999999999996
4854102,0.0
3595701,50.0
5042162,0.0
268943,0.0
3594186,50.0
3594185,0.0
3594184,3.65
3594183,20.0
3594182,50.0
3594180,0.0
2372656,0.0
4478570,1.5
734271,0.0
3594189,3.6999999999999997
3594188,50.0
507448,0.0
3840252,0.0
3595357,64.02
434182,50.0
3775563,15.600000000000001
4650516,4.25
779653,0.0
2151308,0.25
4935518,100.0
6008115,50.0
4234045,50.0
3787512,50.0
3595108,61.07
3595109,50.0
779299,0.0
5906493,100.0
3595106,100.0
3595107,100.0
3595298,5.0
4506522,50.0
1957252,50.0
3595293,100.0
3595295,1.01
3595297,50.0
780163,50.0
6160469,0.0
779645,50.0
779992,0.0
3580232,0.0
2394337,71.07
3594216,40.0
3594215,50.0
3599473,50.0
3594213,50.0
3594210,0.05
3595562,65.97
3595723,73.42
3595561,66.02
6079356,14.75
3595567,66.42
6134403,0.0
3595565,66.52
3595743,0.9500000000000001
3595741,1.05
3595746,0.8
6169172,0.0
3595748,0.7000000000000001
3595749,0.65
3773865,50.0
3773864,20.0
779938,0.0
6294194,0.01
779933,50.0
3851173,20.0
779931,50.0
779936,450.0
2052056,18.900000000000002
3986843,1.0
727888,100.0
11296,50.0
733029,150.0
3595827,2.25
735523,50.0
2877428,95.16
3773917,0.0
3773910,1400.0
3591110,0.0
780111,900.0
780018,0.0
3774090,0.0
780017,0.0
3774592,50.0
3595639,68.77
3774598,0.0
780115,0.1
3595632,69.11999999999999
3595633,69.07
3774064,50.0
3777653,19.55
3774068,4.1
666421,50.0
2007457,16.0
3774099,4.3
3594452,13.9
4934790,72.36999999999999
4956855,72.27
744550,0.0
3780888,0.2
780168,50.0
780169,505.01
2374318,100.0
780160,310.3
780161,150.0
780162,300.0
3780873,50.0
780164,50.0
780165,50.0
780166,250.01
3781603,10000.0
780058,50.0
3594104,0.0
4384956,50.0
1990973,50.0
3781280,1.3
6007951,0.0
3781287,1.25
3774116,4.35
780346,100.0
780347,350.0
3775531,15.450000000000001
773803,0.0
3780081,71.92
1271005,3.75
2373209,1.01
6067034,0.11
509622,0.0
778867,50.0
2370356,0.0
3780170,70.57
3775150,0.0
3060207,5.0
3775159,50.0
5710463,50.0
781501,500.0
1585135,50.0
2201456,0.0
3779735,67.36999999999999
2049807,50.0
18866,0.05
3778598,62.769999999999996
6197435,50.0
6208486,62.87
1980424,50.0
3760517,50.0
6031955,100.0
779736,50.0
3777576,19.35
6054587,100.0
3777570,0.1
3779643,65.82
3779641,65.86999999999999
4830677,100.0
779459,50.01
1449694,66.97
3777972,61.22
6171828,0.0
3780061,72.17
3703045,50.0
775391,0.0
5110713,2.9
6177796,1000.0
6016954,4.0
3777456,18.650000000000002
2380870,61.669999999999995
4867891,150.0
6236769,50.0
4173644,66.92
6190399,50.0
4106855,50.0
3778902,0.0
3777481,0.0
3778908,64.11999999999999
6011647,0.01
6142390,16.7
6040758,14.100000000000001
3594178,3.5999999999999996
3594179,3.55
2018280,100.0
726547,0.0
3594171,3.5
3594175,50.0
941143,0.0
3594375,50.0
782042,1000.0
779985,50.0
3777801,50.0
3594195,50.0
3594196,50.0
3927366,4.3999999999999995
707486,0.0
3594193,0.0
3595351,63.82
3595352,63.769999999999996
3594199,50.0
582885,0.0
3595356,100.0
3591857,0.0
6241695,100.0
779647,50.0
5950900,0.0
3595829,50.0
3595828,0.05
2035080,0.0
3595826,2.1999999999999997
3595825,50.0
3779558,100.0
3595821,50.0
3595820,2.15
495558,50.0
6285997,62.519999999999996
3594512,49.0
4089674,0.0
4012114,0.01
780239,100.0
780154,359.01
2054251,50.0
562671,50.0
3594205,0.01
777713,50.0
3594201,50.0
777717,95.05
3594208,0.1
