3647797,50.0
3994221,50.0
781879,350.0
781878,500.0
3887455,50.0
3890724,50.0
631859,150.0
3647794,50.0
931013,50.0
782359,1550.0
3647726,50.0
3647727,50.0
3647809,50.0
3647725,50.0
3647689,50.0
3647723,50.0
3647720,50.0
3647721,50.0
3647802,50.0
3647686,50.0
3647807,50.0
3647680,50.0
3647728,50.0
3647682,50.0
4274378,50.0
3993497,50.0
782022,50.0
3890638,50.0
627593,50.0
3887613,50.0
3993864,50.0
782361,2400.0
782363,200.0
4351789,50.0
3993535,50.0
3647753,50.0
3647752,50.0
3647751,50.0
3993871,50.0
3647700,50.0
3647759,50.0
3647813,50.0
3647697,50.0
3994278,50.0
716828,50.0
633739,100.0
640624,100.0
648599,50.0
4277999,50.0
1103351,50.0
3994291,50.0
781609,150.0
3888870,50.0
52497,400.0
3993443,50.0
538006,50.0
3647740,50.0
3647743,50.0
3647744,50.0
3888461,50.0
3890794,50.0
4266526,50.0
5375121,50.0
782101,50.0
4326118,50.0
645184,50.0
3647641,50.0
3647640,50.0
3993517,50.0
3887730,50.0
3647645,50.0
3647644,50.0
3647646,50.0
3993755,50.0
3888310,50.0
3647724,50.0
624654,50.0
781503,50.0
3890819,50.0
3889959,50.0
4279740,50.0
3647688,50.0
3888940,50.0
3993951,50.0
5257237,50.0
633864,50.0
4272093,50.0
3888093,50.0
2902409,50.0
716221,100.0
631156,50.0
4744655,50.0
3647800,50.0
3647793,50.0
583180,350.0
3647790,50.0
3647681,50.0
3647654,50.0
778555,750.0
3647683,50.0
5528386,50.0
3647670,50.0
780205,100.0
3647762,50.0
780190,100.0
3887532,50.0
3647766,50.0
5322497,50.0
3889639,50.0
3994321,50.0
3647786,50.0
3647787,50.0
3647637,50.0
3994142,50.0
4283744,50.0
781631,200.0
3647627,50.0
3647750,50.0
4322908,50.0
3647629,50.0
679459,50.0
5033983,50.0
3890453,50.0
623466,50.0
781835,200.0
3993990,50.0
3994336,50.0
3994332,50.0
637126,100.0
4351292,50.0
3647634,50.0
3647635,50.0
2900768,50.0
3887570,50.0
3647628,50.0
2897845,50.0
4289094,50.0
3994014,50.0
3647655,50.0
818367,50.0
4325677,50.0
3889045,50.0
4342644,50.0
2900495,50.0
3647701,50.0
3888507,50.0
623516,50.0
637992,50.0
3647702,50.0
782100,50.0
3887840,50.0
3889260,50.0
646450,50.0
3994362,50.0
4274800,50.0
3887074,50.0
3891195,50.0
623014,50.0
772470,50.0
3647739,50.0
3647738,50.0
3887356,50.0
626423,50.0
3993761,50.0
3647730,50.0
782036,100.0
