776990,1500.0
776991,200.0
776992,0.02
776993,600.0
776994,1.0
776995,2000.08
776996,200.0
776997,200.0
776998,3385.06
776999,86.04
782458,100.0
4936309,100.0
2008917,0.0
3525720,51.629999999999995
776846,1269.05
776847,1350.03
5094760,52.89
3542817,0.0
776849,396.02
3516554,15.459999999999999
5062784,13.93
776534,100.0
776535,0.0
957477,17.16
1495633,15.04
2024921,0.0
3545127,50.01
776660,0.0
5090066,0.0
5831546,16.360000000000003
3520175,14.360000000000001
3543025,4.7299999999999995
4324086,15.12
4639238,15.41
27371,0.0
3543985,16.11
4612427,44.19
3543983,0.03
3543982,44.64
3543981,0.0
3524523,24.91
4696769,40.0
3516159,13.79
4384568,16.98
3523800,37.5
776069,50.0
776264,50.01
3524257,100.0
3542742,1.1500000000000001
931859,16.75
3544260,17.96
4872485,45.39
5142765,50.0
870430,0.0
3544524,0.0
3544525,0.06
1662990,21.91
3544295,0.0
3544522,50.01
2633176,0.0
4488862,10.260000000000002
613520,0.0
5164346,50.0
3517512,0.03
781536,2000.0
4281463,13.72
3543169,14.58
3543168,14.59
768747,0.0
3543166,14.61
3543160,14.67
3543162,14.65
3543369,12.41
3544819,0.0
932307,16.59
775768,150.0
3543363,50.0
3543361,12.360000000000001
3543360,0.0
1269943,0.0
1483886,13.65
943191,140.0
134507,0.0
3514435,1.1
3543769,50.0
776928,2000.02
583038,0.0
719977,0.0
776925,1.0
3543509,0.01
3543508,50.0
5513636,0.0
3543507,13.46
3543504,13.41
3542966,50.0
6102272,0.0
3542963,50.0
3542961,0.0
775362,575.0
1581286,44.239999999999995
3556530,16.73
4351907,0.0
3543216,50.0
3543215,14.12
3543214,14.129999999999999
3543212,14.15
3543211,14.16
3543210,14.17
775746,0.0
3543218,16.080000000000002
1494014,15.17
3543186,14.41
3543185,14.42
756098,0.0
5616494,0.0
3543182,14.45
3543181,14.459999999999999
3543180,14.47
3910172,0.0
3543188,14.39
4195216,434.61
4030052,100.0
607440,0.05
2629549,250.0
917083,42.589999999999996
935178,50.0
3900108,14.610000000000001
770595,1.0
769161,0.0
777922,150.0
875822,0.0
4779264,0.0
3526031,0.01
3526035,349.05
3500941,0.0
777038,0.12000000000000001
777039,550.02
882146,100.0
777030,200.1
777031,449.91999999999996
777032,3473.5099999999998
777033,200.06
777034,0.23
777035,484.07
777036,2450.15
777037,9.07
5376190,15.41
774587,0.0
1488474,15.66
5633071,0.0
230648,0.0
748643,50.0
1479197,14.06
5656764,0.0
3521146,0.0
3521144,15.510000000000002
4854697,50.0
4386104,0.0
4888426,18.060000000000002
777102,100.0
776988,17.0
776987,256.93
776986,660.04
776985,211.0
776984,1265.48
776451,600.02
776982,1.0
776981,309.0
776980,389.84
5436326,50.0
4782414,0.0
4155420,50.0
967927,51.57
22675,0.0
776851,500.0
3543746,100.0
776855,150.0
776859,0.0
776858,100.0
1603543,50.0
776524,0.0
3524882,50.73
776528,50.0
3524888,0.0
6270769,0.0
921571,11.110000000000001
4672847,435.11
3545132,50.0
946117,1500.0
5455292,50.01
3540678,0.0
2590878,16.36
5378661,2.77
3543992,0.0
5725829,1.0
3796936,0.0
4793766,0.0
742658,50.0
4768542,15.959999999999999
3544359,0.01
3544358,23.91
1624338,16.46
3544355,50.0
3544354,100.0
3544351,0.12000000000000001
1496157,14.99
4197141,10.760000000000002
5916484,14.93
4770607,16.26
967746,50.0
942818,14.260000000000002
6331297,0.0
776181,0.0
6024886,50.0
3517284,16.03
3543446,100.0
3544515,51.33
4797938,50.0
3543445,0.59
4523734,500.0
3543443,13.21
947427,0.05
3544195,17.310000000000002
3544194,17.36
5857462,205.0
3543441,13.16
3544191,435.46000000000004
3539157,0.0
3544192,0.0
3543178,14.49
4661197,50.0
3514888,0.0
3543172,14.549999999999999
3543173,14.54
3543170,14.57
3543176,14.51
33446,4.6000000000000005
3543174,14.53
3543175,14.52
963684,26.42
3544227,45.339999999999996
1411418,15.010000000000002
3543374,40.0
3543376,10.75
3543377,50.0
3543370,0.05
3543371,50.0
3543372,12.46
2383270,15.21
3524505,1.0
773355,0.0
4680734,50.0
931206,0.03
3542828,10.610000000000001
3542827,0.02
3542826,0.0
3542825,10.56
3542823,0.0
4308331,15.48
5045278,0.0
3517871,16.32
947950,0.0
3543510,13.510000000000002
157398,0.0
3543514,0.0
3543517,0.0
724700,0.0
757629,0.0
1636779,50.0
4180865,1.8
1117400,0.96
944359,1499.98
3520455,0.0
4458862,100.0
966356,50.0
3542906,0.0
4962256,49.71
3543205,14.22
3543206,14.209999999999999
3543200,14.27
3543202,14.25
3543203,14.24
3543208,14.19
3543209,14.18
3543194,14.33
3543196,14.31
3543197,14.299999999999999
3543190,14.37
67111,0.0
3543192,14.35
4448474,0.02
5288379,50.0
1506661,16.060000000000002
1764,0.0
863854,0.0
5111880,16.16
6261057,11.06
4854513,17.41
776801,0.30000000000000004
3519035,0.0
918184,0.0
1442370,10.16
3542428,0.0
4357185,50.0
5154526,0.0
960585,50.0
6181270,0.0
5646172,16.310000000000002
3543232,16.17
4194177,0.0
776957,0.15
3521882,0.02
3544442,50.849999999999994
4257134,11.96
3305995,0.0
966423,94.0
776953,400.03999999999996
3542348,0.0
3544446,2.0
4153923,1.25
776865,150.0
3544112,50.0
776862,0.0
776863,0.0
777027,10.0
777026,100.0
777025,800.1
777024,30.03
777023,500.02
777022,97.96
777021,193.44
777020,374.12
929376,14.379999999999999
777078,150.02
4406614,16.430000000000003
3543646,0.02
777029,193.44
777028,1000.04
776886,0.05
776887,300.0
776884,100.0
776885,100.0
776882,0.0
776880,0.04
776881,50.0
4609459,0.05
776889,100.0
73044,0.0
6034664,16.67
1593605,44.44
4659212,15.610000000000001
966513,440.33
4586352,710.0
4290365,15.91
1509706,12.21
4470413,0.01
3712843,0.5
771986,1.55
932836,16.37
1515875,16.69
1504296,14.26
1156791,0.0
3544297,45.69
3544294,18.310000000000002
3517662,16.700000000000003
5780425,0.060000000000000005
3543837,0.05
688071,0.0
3543831,44.39
4925908,47.69
942771,0.0
3544506,0.0
3544504,51.209999999999994
766127,0.0
667793,50.0
3544503,0.0
3544500,99.0
3544508,100.0
3544509,100.0
3531587,0.0
1556686,0.0
339842,0.0
1566101,0.14
3544188,50.0
777092,200.0
4346062,14.56
3544187,0.0
920425,10.71
948602,44.54
3544764,300.0
5236273,45.489999999999995
3543348,50.0
3543343,0.05
3543345,0.01
3543696,14.81
3543347,3.0
3543346,18.0
973503,0.0
4717985,0.02
5100313,42.989999999999995
4432680,50.0
736504,0.25
3514415,50.0
5010512,100.04
3543525,0.0
3543524,13.66
3543526,249.0
3543523,0.02
996661,50.01
3543529,0.02
3542831,8.01
2317560,0.0
10502,1870.0
918751,10.360000000000001
1604,0.0
609194,50.0
701464,0.0
775692,0.0
1491046,15.45
5159075,43.739999999999995
5159073,50.0
3538626,0.0
949022,2.0
3526299,29.98
3541907,0.0
5242170,100.0
3543231,16.180000000000003
3543233,16.16
6271945,50.0
3543234,16.150000000000002
4634181,0.0
3543236,16.130000000000003
3543239,16.1
3543238,16.110000000000003
3541998,0.0
3526391,0.05
938427,37.84
928950,14.6
4390692,100.0
4233341,0.0
3544879,441.05
24639,50.0
4775631,0.02
5343286,50.0
8630,0.0
3519558,0.0
4409471,15.68
3857573,0.01
5412443,50.0
3517330,16.12
776600,1075.02
737173,0.0
4138341,50.0
774011,0.0
615238,0.1
5135242,440.69
3543366,100.0
946596,44.339999999999996
611029,0.1
207489,0.0
963861,27.44
960753,0.03
958796,0.03
3544882,50.0
3544881,0.0
3544880,55.169999999999995
3544886,50.0
5618673,435.06
3524661,50.0
4968589,439.64
750193,0.0
925071,13.85
3542337,0.0
3542336,0.0
3543401,12.66
896333,100.0
92336,0.0
776878,0.0
6032617,0.0
776873,0.0
776872,50.0
776870,0.0
776877,50.0
776876,100.0
776875,200.0
639186,0.05
777052,0.15
777053,1450.01
3511599,0.0
777051,300.0
777056,250.0
777057,150.02
777054,95.0
777055,150.0
777058,1050.08
777059,650.1
1732914,53.73
776895,0.0
1949829,0.01
776896,0.0
956190,100.0
776890,0.0
776893,2316.9000000000083
776899,6.0
776898,200.0
4383882,50.0
4601800,53.129999999999995
2588893,0.0
699813,0.0
4935563,100.0
4193644,10.66
959759,18.01
1451472,0.0
3515633,11.71
776479,1240.02
5550732,15.47
3544370,24.41
776097,250.03
3544375,100.0
3544374,100.0
3544376,25.41
6295682,0.0
1635833,0.0
3542799,0.0
3542798,434.51
1603188,40.0
3542791,50.0
3542793,0.0
3542792,0.96
3542795,0.0
3542794,1.6500000000000001
3543820,50.0
3543821,0.07
5014648,100.0
3544572,51.809999999999995
3544571,0.0
3544570,51.69
3544576,0.5
3544575,51.87
3544574,440.51
4559024,0.0
4449452,12.760000000000002
4958011,0.02
3542663,0.0
773756,50.0
969197,0.0
3496425,0.0
3542460,0.0
4449298,50.0
3543357,100.0
3517306,16.19
3543355,0.0
3543352,12.260000000000002
3543353,0.0
3543350,100.0
3543351,43.489999999999995
1504646,14.23
3543358,100.0
3543359,12.31
3544151,17.060000000000002
4272117,13.95
3544153,50.0
3544152,0.0
3544406,26.93
3544405,39.1
1594803,13.76
3543685,0.02
3543686,0.01
931219,0.02
4547156,49.91
917966,1.3
3544082,0.0
609211,0.05
951755,4.68
774963,0.0
4414908,50.0
3542809,1.85
3542808,0.0
3543530,100.0
3543531,300.0
3543534,13.71
3542801,10.46
3542800,42.64
3542802,0.0
3542805,0.0
611026,100.0
1573639,43.989999999999995
775355,0.0
90724,100.1
1631392,0.0
3542939,0.05
3542935,0.0
3542937,0.0
3542936,0.01
3542931,434.81
3542933,11.81
3542932,43.29
3779115,15.799999999999999
3543229,12.16
3543226,16.01
3543227,16.0
4008827,50.0
1280843,0.0
3543222,16.05
3543223,16.040000000000003
3543220,16.07
3533697,0.0
5410756,0.0
4222774,51.51
5706956,0.61
3526355,4.01
1717224,52.949999999999996
3526173,52.589999999999996
4811903,16.91
5700122,1.55
4823627,17.11
3526993,0.8
4933614,0.02
3542967,50.0
1489493,15.57
774330,0.0
690147,10050.0
1661385,436.11
3521518,100.0
750986,0.0
941659,2.6
561506,1.0
706022,26.0
959815,50.0
3526779,53.37
5354897,16.810000000000002
4809689,11.31
970771,50.01
6134325,14.66
2035952,0.0
3258422,17.71
949822,0.0
746589,0.0
777041,0.1
777040,750.03
3524708,0.0
777042,3500.0
777045,100.39
921162,10.91
777047,800.04
777046,250.04
777049,100.03
777048,200.05
4669496,100.0
1203487,0.98
1594642,0.01
4274826,13.879999999999999
31953,10.0
6265717,0.0
3525473,0.01
4413849,50.0
776791,0.0
776796,0.0
776797,0.0
776794,0.0
1403888,200.0
3628161,0.0
938791,50.0
3544254,17.91
3523027,256.93
4116715,0.0
776979,200.0
4111118,0.0
3516845,14.85
740849,0.25
905206,0.0
4291527,15.879999999999999
3542786,50.0
3542787,10.41
3542784,1.6
3542782,50.0
3542780,10.31
3542781,1.55
4602971,0.0
1511002,16.990000000000002
6231535,0.0
3542789,50.0
1067882,0.04
3517646,16.740000000000002
777050,7.51
3545163,50.0
1719589,0.0
4111062,1.05
4477851,31.0
1704025,50.02
623341,50.0
3543187,14.4
4688558,50.0
972926,53.309999999999995
937798,40.0
1266337,0.0
3543184,14.43
2662723,0.0
3542671,0.0
3542677,0.55
3542675,50.0
3544364,47.01
4180564,0.02
4120907,440.45
3544361,100.0
1482338,13.78
4959553,50.01
3544369,90.0
200742,0.0
3543321,16.46
3543327,16.400000000000002
3543326,16.41
3543325,16.42
776894,397.9000000000093
3544784,50.0
3544785,0.05
3543328,16.39
3544780,0.0
1573738,14.71
6271069,0.0
3544415,27.95
3544416,0.0
3544410,50.03
3544411,150.0
4371563,45.19
4115755,0.0
973524,50.0
4721452,100.0
4411384,19.0
776712,0.0
3544092,0.05
3517426,16.25
963275,0.03
943083,0.0
773300,0.0
4408128,6.5
3673782,47.19
931253,0.01
3543781,142.75
3543037,15.9
947966,15.71
3543035,15.92
3543034,15.93
3326250,0.0
1796324,14.14
3542928,0.0
1466402,0.0
3012140,50.0
2731602,44.94
3542920,0.05
3542921,11.510000000000002
3542926,0.0
3542927,43.239999999999995
4572921,434.86
5938241,15.4
4776170,2.01
4273961,13.9
5718230,50.0
724595,0.0
5111772,13.709999999999999
3851657,0.0
3846173,50.0
3543251,16.26
3543250,16.270000000000003
3543256,17.0
3543255,0.05
3543254,16.23
4934144,70.0
3542615,0.0
3380515,50.0
3526184,1.01
3542816,10.510000000000002
195114,9.0
3542813,0.0
3542810,0.0
4806459,11.260000000000002
6286071,0.0
3542818,1.9000000000000001
4800432,0.0
4945345,112.49
970340,0.0
964544,100.0
3519572,14.010000000000002
931741,16.8
6299896,0.02
3543158,14.69
775251,0.0
4771177,2.0
3543143,14.84
88520,0.0
1574241,14.760000000000002
4710799,0.08
4809784,16.86
3543417,100.0
3316821,0.0
786629,0.0
5696434,50.01
3542949,0.01
3543145,14.82
4217619,43.04
960734,0.0
1479318,14.049999999999999
2593476,50.0
4212206,0.0
918065,197.17000000000002
6171709,0.0
3542946,0.0
5361864,50.0
932586,16.48
3515496,0.0
3525260,50.0
4390161,16.84
3542319,0.0
1824911,0.02
3542315,0.0
3542316,0.0
3542313,0.0
11,0.0
3138150,40.0
2464160,0.07
777079,250.01
777075,400.06
777076,100.02
896194,0.0
777071,100.0
777073,500.04
3518623,12.96
922130,0.02
6067284,100.0
3544729,53.19
779845,300.0
4851513,0.0
1351329,0.04
969515,0.05
1276170,100.0
946153,287.4
4797050,16.66
776785,3517.0
776784,2700.02
5115220,0.15000000000000002
4607513,0.0
1664126,0.0
4974360,100.0
3516470,15.629999999999999
3478211,0.0
4879005,17.86
4721981,16.01
372118,1300.1100000000001
921403,53.199999999999996
4276782,13.83
5014227,182.6
956087,0.27
4803775,50.0
4494505,0.04
3543808,100.0
6094588,100.0
4280610,13.74
4047351,100.04
3273941,0.0
3544226,50.0
3999294,0.7000000000000001
3544220,50.0
3524334,22.41
3658,0.0
776122,50.0
6209594,0.0
3542687,50.0
6200503,0.05
4395547,16.71
3542682,0.0
3542681,0.6000000000000001
3542680,0.0
3525604,0.0
3544311,100.0
3544317,19.41
3544315,18.91
3541790,0.0
3516094,13.91
6192354,0.0
1881612,0.0
3543332,16.35
3525607,50.0
3543334,16.330000000000002
3543339,5.0
5703743,0.0
3517322,16.14
3544429,440.15
6084376,50.0
3544421,28.46
3544420,1240.02
3544422,65.0
3544425,50.22
3544426,28.97
3527025,53.669999999999995
6036117,1.2
4463580,50.0
3541081,0.0
5550865,0.0
3543028,15.99
3544040,0.0
3543024,13.620000000000001
3371871,0.51
3543020,13.66
3543022,13.64
4628928,15.31
4780445,50.0
3532297,0.0
737981,918.0
6315445,440.57
5174459,15.86
4787713,0.0
772134,0.0
772135,0.0
4597237,0.05
6198501,0.0
940013,38.0
3543248,16.290000000000003
3543249,16.28
80859,0.0
3543240,25.0
3543241,16.220000000000002
3543243,16.200000000000003
3543244,43.44
3543247,16.3
3846345,0.05
3705407,0.0
3542860,10.860000000000001
768828,50.01
775794,50.0
1707305,0.0
950464,0.99
940658,0.0
774265,0.0
1552572,0.0
5808956,10.0
4917492,21.41
4377613,16.240000000000002
4330482,14.959999999999999
4200452,0.98
938581,3.9499999999999997
5737435,0.01
129918,0.0
1456479,7.0200000000000005
4745498,15.98
3541881,0.0
3525984,100.0
4660991,42.79
3122087,16.880000000000003
953462,50.0
2993335,0.0
751879,50.0
3543099,15.28
4258459,0.0
5234370,15.56
2698603,0.0
6088225,15.44
5015416,0.03
894927,0.0
662642,50.0
4803161,16.76
3881817,439.13
2038095,42.839999999999996
3544677,50.0
776989,41.849999999999994
5806897,50.0
710671,0.0
777063,150.01
933878,100.0
777060,100.02
988778,50.05
776338,150.0
1576127,100.0
773750,2.0
776983,1155.51
3515343,0.0
966803,4.859999999999999
2862800,100.04
3541530,0.0
3311197,16.41
776938,882.75
776939,50.6
776936,50.0
776937,250.0
776934,0.09
776935,400.0
776932,200.0
776933,2004.66
776930,2.21
776931,8.97
4227182,0.0
4882434,50.0
776208,0.0
3516867,0.0
1499871,14.64
3524031,18.21
918899,0.0
1717685,100.0
3520794,0.02
4803740,44.989999999999995
5805017,50.0
3543879,15.81
3543873,0.02
3543872,0.05
5114736,54.809999999999995
3544238,100.0
6121473,50.0
3544723,96.72
922674,50.0
5212459,15.7
3873766,90.0
423625,200.0
4140561,370.83
4992180,4.84
3542696,0.75
3284770,0.5
4902314,0.0
3543907,0.02
3543905,20.0
1694378,112.52000000000001
3544304,50.0
3544305,18.41
3543901,11.95
5249273,15.52
3544308,100.0
3544309,100.0
3543909,0.9
3544436,0.0
3544437,30.0
3544435,150.0
3543309,16.580000000000002
3544433,50.02
3543659,14.41
3544431,29.48
3543305,16.62
3543304,16.630000000000003
3543307,16.6
3543306,16.610000000000003
3543301,16.66
4633411,100.0
3544438,440.21000000000004
3544439,0.0
1726522,50.0
3544461,50.01
93837,0.0
3544799,4.88
5131246,53.25
4235885,0.0
6120270,50.0
4218215,50.0
1466268,11.21
6133685,0.0
932050,16.680000000000003
4598114,15.36
1466518,50.0
54463,0.0
3543018,13.68
1524776,100.0
3544050,0.0
3544791,0.01
4402585,16.53
4398525,16.64
3543720,100.0
4810994,50.0
775306,0.0
775307,0.0
3518800,0.0
3543499,0.05
3543498,13.360000000000001
944124,28.0
1629727,4.72
3543491,50.0
3543275,16.92
3543277,16.900000000000002
3543276,16.91
3543272,16.950000000000003
963726,49.2
1021282,50.0
4600430,53.07
3544404,438.62
4548113,100.0
2989734,0.0
3533885,0.0
3542873,0.01
3542877,11.010000000000002
4153208,0.05
3526417,50.0
1684480,440.27000000000004
4390636,16.830000000000002
5152430,0.51
4804587,45.04
5775045,0.0
1382914,0.0
3542947,0.02
3527009,0.0
1597841,0.01
941025,0.05
941606,100.0
1560866,0.0
4571545,27.51
961668,600.0
1460675,100.0
960710,18.36
3525997,52.23
4413187,100.0
3544083,1.53
2098448,0.0
3544848,36.0
3544846,335.0
3544845,360.0
3544844,54.629999999999995
3544843,0.0
3544841,54.57
3544080,44.89
2893236,0.0
4854584,434.76
1267774,50.0
403488,0.0
5366098,0.0
1440506,0.0
4925428,0.0
771577,0.0
4172963,14.15
3543532,0.02
170520,0.0
3543533,100.0
3515217,0.0
2072361,0.5
1051634,0.0
1517289,16.560000000000002
1509200,16.21
2609760,44.79
3539815,0.0
4819048,4.76
776929,1750.08
3188675,0.0
4541376,50.0
925039,13.87
776924,26.0
776927,5.0
776926,17.21
776921,21.0
776920,1928.0
776923,200.0
776922,350.03
723494,0.0
4654365,0.0
4316335,0.0
4335333,15.16
3541647,0.0
5825736,0.0
4858675,50.0
776697,0.0
776693,0.0
3543868,50.0
3499461,0.0
3516521,15.53
776328,500.05
942897,0.03
4182338,1.7
3544201,17.46
3544200,100.0
3544203,17.51
740968,0.0
3544207,50.0
3544206,17.560000000000002
3543433,0.02
1786059,50.01
1749866,2710.0
6162004,0.0
3543432,13.110000000000001
943479,50.0
4211222,0.0
3543122,15.049999999999999
311307,0.0
5218176,200.0
3544357,48.19
3542429,0.0
3543917,30.0
3543910,100.0
3544337,22.91
3544336,0.0
3543918,1.02
951312,4.659999999999999
1001778,0.02
3544447,50.91
3543649,0.0
3544445,50.01
3544444,100.0
3543312,16.55
3543313,16.540000000000003
3544449,100.0
3543316,16.51
3543317,16.5
4641191,15.46
4088959,0.04
3884818,0.0
6108895,0.0
5675179,50.0
3542737,50.0
5113998,13.7
3542732,100.0
1476716,12.010000000000002
3543006,13.799999999999999
4140005,0.0
3543004,13.82
3543005,13.81
5816154,0.0
3718730,0.03
4158459,0.0
4496585,13.31
775646,0.0
4266545,14.07
931425,16.930000000000003
1484542,25.0
931605,16.85
1467492,11.360000000000001
3543466,200.01
3543461,50000.0
4412470,0.06999999999999999
3542992,13.94
5106778,0.65
3890441,0.0
3542849,50.0
589538,0.0
3542845,50.230000000000004
3540176,0.0
3542842,0.01
960654,100.0
4299871,0.0
565087,0.0
1503548,14.32
5027250,100.0
776837,300.0
278186,90.82000000000001
209682,1836.0
916634,50.0
774515,1.0
3544322,19.91
775862,30.130000000000006
3544320,46.19
1200628,0.0
924203,43.39
3544858,2720.0
4234388,0.0
3544850,54.75
3544851,54.69
3544852,310.0
3544853,50.0
3521336,50.0
776942,3000.0
3521338,15.760000000000002
939385,0.02
3698254,0.0
3960680,50.0
4135639,1.0
776946,300.0
775917,50.03
3544453,100.02
774422,0.0
3543225,16.020000000000003
22,0.0
4775344,50.0
4653162,13.67
691079,99.0
4579201,0.01
6047695,0.0
4657647,1504.0
776596,50.01
776597,100.0
946188,0.5
2140801,15.360000000000001
4188567,0.0
701956,0.0
777061,250.0
3516400,15.76
4524441,0.05
960509,45.64
776918,250.0
776919,802.47
3812065,0.0
2579778,0.0
776911,0.1
776912,700.03
776913,0.11
776914,500.0
776915,50.03
776916,350.0
776917,150.01
776774,100.0
457027,5000.0
921271,10.96
5809165,100.0
4405092,16.470000000000002
5070041,52.41
4766625,1.0
4188433,1.95
2780819,435.36
776357,0.06999999999999999
3899985,0.0
776355,0.0
10871,300.0
354762,1.5
3478621,0.0
1483399,13.69
63626,1000.0
5201804,0.0
3517112,14.36
214237,50.0
772329,0.0
4211230,42.94
957639,17.26
942401,10.0
921877,43.089999999999996
3831890,50.0
3543923,15.860000000000001
3543885,0.02
3543927,50.0
3543929,373.95
3544323,0.0
3542432,0.0
3544321,20.41
3544326,46.69
3538271,0.0
3544325,436.61
3544451,0.03
3544452,25.07
3517574,16.89
3544454,50.0
3544455,50.97
3544456,0.03
3543671,50.0
3543670,50.0
2612661,0.0
6312033,53.79
3543155,14.72
3544695,100.0
3523086,0.0
3541291,0.0
3544216,45.239999999999995
3542725,0.0
3542727,10.21
3542721,434.46000000000004
3544211,17.61
943042,14.31
3542729,50.0
3544219,0.0
3543073,15.54
3543072,15.549999999999999
1862079,44.489999999999995
776836,0.0
5813395,53.01
4572563,50.0
3527095,440.75
3544078,435.26
3544079,0.0
3544076,44.839999999999996
3544077,50.0
3544075,3.0
5104,1321.82
952805,14.29
3544582,50.0
3544583,51.989999999999995
3544580,51.93
944459,14.96
773983,0.0
1565432,50.0
3542644,0.0
219581,0.07999999999999999
3543451,10.0
1596991,0.01
3543453,50.0
10476,219.0
1449243,50.0
3543454,50.0
3543109,15.18
3543108,15.19
3543106,15.209999999999999
3537366,0.0
3543104,15.23
3543103,15.24
3543102,15.25
3543101,15.26
3543100,15.27
3270648,17.76
3522116,80.78999999999999
3542859,0.0
534740,0.0
3101091,0.0
1435960,0.0
4575707,0.06
960649,0.0
1480060,13.98
696390,107.32
1734019,100.01999999999998
4633756,44.29
3541356,0.0
405661,2500.0
20302,3.4
4142939,50.0
3526549,0.05
3515662,11.760000000000002
4537622,14.06
775856,0.0
775858,0.05
3533280,0.0
4250440,54.449999999999996
3544868,100.0
3544861,50.0
3544860,2700.0
3544863,0.05
3544862,54.87
106788,400.0
3544864,440.99
3544867,54.93
3440355,12.51
961933,100.0
3542987,13.99
953183,16.21
1465936,10.0
4603811,50.0
4684118,44.589999999999996
941572,14.110000000000001
738090,0.0
919954,42.739999999999995
4195090,0.05
946577,0.0
630999,0.0
1723672,0.0
776585,0.0
4629700,0.02
4794456,16.61
4382523,0.9500000000000001
774726,0.0
51697,0.0
1645673,0.0
776907,100.0
3543770,50.0
776905,319.89
776904,1000.0
776903,0.0
776900,300.0
3507132,0.0
776909,499.35
1641563,17.21
928905,14.62
1511054,435.16
5370141,0.65
4019861,2.0
776760,600.01
750113,0.0
846174,0.0
373714,150.0
3543847,15.66
3426925,0.0
776343,0.0
4341269,14.68
4234523,11.56
755546,0.0
3516760,15.02
973484,53.55
3516766,15.0
6291616,13.56
4487106,50.0
210014,0.0
5835363,17.810000000000002
3545194,50.0
25032,1.0
732734,0.0
5026653,5.0
776689,0.0
3520454,44.04
6334013,0.0
3517587,16.860000000000003
4028029,51.029999999999994
3569901,54.269999999999996
3543938,0.0
3543939,0.5
579074,0.0
3543937,15.91
6218967,400.0
3543932,0.0
740219,0.0
17440,0.0
3544469,0.0
3544468,51.089999999999996
759889,0.0
3544463,4.779999999999999
776013,0.0
3544663,52.83
3544661,52.769999999999996
5045750,51.75
3857474,11.91
1636266,435.31
3544263,177.0
774858,50.0
4137256,0.9
4395101,16.720000000000002
3543146,14.81
3543063,15.64
3553809,50.0
3543066,15.61
3543067,15.6
943901,100.0
1503332,14.34
1482925,13.73
3543105,15.22
681308,1350.0
3542983,14.03
640,647.02
3542984,14.02
3527155,53.849999999999994
3543667,50.0
3542986,14.0
744550,799.9999999999999
3265690,0.0
4288743,15.95
3543668,14.56
4660248,0.01
969933,52.47
3543288,16.790000000000003
4789339,16.560000000000002
3543280,16.87
3544717,164.28
1573235,0.01
3543118,15.09
3543119,15.08
3543448,43.589999999999996
3543114,15.129999999999999
3543116,15.11
3543117,15.1
3543442,0.5700000000000001
3543111,15.16
3544719,24.98
3544718,100.0
918255,50.0
6059549,14.48
3539354,0.0
4820173,17.01
3190762,4.0
5033945,112.78999999999999
4786807,0.0
1760733,50.01
1621909,16.310000000000002
3543149,14.78
778948,200.01
776569,100.0
1656525,0.01
932978,20.0
6191901,0.0
4320692,15.2
689312,3538.4499999999975
3519276,100.0
961611,3.6
4684614,0.01
3533293,0.0
3544876,50.0
3544877,55.11
3544874,50.0
3544872,55.05
3544873,100.0
3544871,100.02
1222351,0.0
4818219,14.629999999999999
3544878,0.0
4207432,0.05
4653479,50.0
4442958,0.0
4780199,24.8
5775413,0.02
774154,0.0
88428,0.12000000000000001
5573403,0.8500000000000001
4784472,16.51
4234075,0.0
3544302,100.0
3521007,435.01
3544303,50.0
954966,16.71
3516089,13.92
3782111,14.860000000000001
969486,1.0
1459349,0.0
4297932,15.72
774719,1.0
782300,100.0
781616,300.0
782305,150.0
776972,3500.0
776973,559.29
776970,815.0
776971,290.0
776976,173.0
776977,0.06
776974,427.0
776975,105.0
776978,200.0
903375,0.0
4307534,15.5
3525969,52.169999999999995
5028540,50.0
887568,0.0
6215329,14.01
4406212,16.44
1998279,0.02
3515553,11.610000000000001
776713,950.0
776710,0.0
776717,0.0
776488,800.0
4302017,15.62
782413,100.0
776482,0.0
1448936,0.0
926681,15.59
777043,13.84
931810,16.770000000000003
3525650,100.0
3655408,16.57
776375,0.0
776803,0.0
776373,0.0
6020138,0.0
3524875,50.04
3544811,50.0
1576302,44.089999999999996
3521912,0.05
3516602,15.36
1078581,0.02
3496654,0.0
3543947,0.02
3280692,0.04
5423087,0.01
371428,0.0
3544477,0.01
5031844,30.0
776024,0.0
3544675,50.0
4714001,0.05
766031,0.0
4920,55.0
943026,43.94
925998,15.89
3544274,0.05
3544275,50.0
3544277,45.54
3544278,18.11
3544279,50.0
3543058,15.69
3543729,15.06
3543054,15.73
3543050,15.77
3543053,15.74
3543052,15.75
6005099,0.01
741647,0.0
4390985,16.82
6197574,11.16
772475,233.85
3543613,14.21
3543611,100.0
3543610,14.16
3543617,0.36
4292516,15.85
3543614,43.839999999999996
3543618,1.0
773278,0.0
932561,16.490000000000002
3506930,0.0
949222,0.04
1670382,53.97
3543129,14.98
3543439,44.0
3543438,50.0
3543121,15.06
3543120,15.07
3543430,0.0
3543124,15.03
3543435,50.0
3543434,0.06
3544494,51.15
3544495,0.0
3526328,0.0
4964180,50.0
964259,50.0
3544498,7.7
3544499,50.0
1454878,1.75
772010,20.0
4194853,50.0
4434042,50.0
931721,16.810000000000002
3767096,0.0
776790,0.0
3543547,100.0
3542892,434.71000000000004
4300642,15.65
3543621,0.02
967095,51.449999999999996
746107,0.0
743646,50.0
4689416,5.0
5250885,0.0
3543150,14.77
930031,16.09
947531,100.0
5745550,435.41
3544803,53.97
3544800,0.02
3544807,54.029999999999994
3544806,4.8999999999999995
3544805,4.92
3544804,440.81
3543406,18.5
3544808,54.089999999999996
5254890,15.49
4554466,13.75
4229674,11.46
4125503,0.0
955118,6.0
938445,36.83
3543408,12.81
774413,0.0
3542972,50.0
1186476,0.0
4249196,50.36
3519265,13.610000000000001
1470709,11.66
3542977,14.09
726945,0.0
1559638,0.0
775716,0.0
3529126,50.0
4628019,0.0
4507676,43.69
4385707,0.01
3544758,35.0
938665,172.0
3520214,0.0
4535647,440.39
3544865,0.0
4793585,0.25
1619402,44.69
1632772,4.739999999999999
961559,20.91
776961,39.56000000000022
776960,0.3
776963,382.0
776962,0.04
776965,0.03
776964,7851.8
776967,1850.04
776966,0.5
776969,0.02
776968,0.04
4109477,434.91
776178,0.0
1175681,15.0
3526433,0.11
918820,0.0
921220,434.66
4441540,43.54
3524517,80.0
776706,200.01999999999998
777144,150.0
2763169,0.0
776818,0.0
776815,400.03999999999996
1498559,14.76
3524170,50.0
777819,3600.0
3335040,0.0
4667856,0.01
3541776,0.0
3541774,0.0
4874413,50.0
3517762,16.520000000000003
4243870,0.0
1607643,0.98
6133983,0.0
3543715,14.91
1489386,15.58
3543953,0.02
1519312,16.380000000000003
4870099,0.0
3512513,0.0
926180,15.81
5018245,2000.0
3544399,48.69
3523568,435.51
4386161,16.94
1437634,10.110000000000001
3544397,438.11
3544644,52.65
3544395,100.06
3544394,29.1
1635500,0.0
702503,1.01
939827,13.760000000000002
3520729,434.96000000000004
1467192,43.14
3542778,1.5
93311,10.309999999999999
3544244,45.0
3542771,1.45
3542777,100.0
4552540,0.0
3543354,0.01
3543048,15.79
1679128,50.79
3543043,15.84
3543730,0.15
739396,42.0
3543044,15.83
775600,0.0
4678509,0.0
926507,15.67
775605,221.99
4920259,437.11
6041365,50.0
3543600,49.0
3543601,0.5
5055113,13.97
3543136,14.91
3543135,14.92
3543132,14.95
3543133,14.94
3348146,0.0
3079552,0.0
3542952,0.02
3543138,14.89
3542950,0.0
3543950,0.02
4496890,50.0
3544737,0.0
3544736,440.63
920476,50.0
3543421,1.77
4140919,45.0
3543424,0.05
4473628,52.709999999999994
3543426,100.0
3543427,13.010000000000002
958170,50.0
6146143,0.0
1646409,0.0
775734,450.01
777044,0.1
1481662,13.84
965807,109.47
3543555,13.91
3543556,0.0
3543552,13.860000000000001
743258,250.0
5146870,15.97
920615,0.97
4627709,15.260000000000002
775131,50.0
1453019,0.01
3526008,52.29
4233885,43.19
3526000,100.02
2758080,0.0
3544812,100.0
3544813,13.729999999999999
3544814,0.1
3544815,54.15
3544817,100.02
3544818,54.209999999999994
753929,0.0
3522038,1.0
1485291,15.94
4925020,23.41
4091007,0.0
5017543,51.39
4823136,45.14
4350531,14.44
3526466,50.0
4646215,16.650000000000002
4963072,15.78
1453952,1.0
4549071,5.0
4185366,42.69
775957,50.0
776584,38.0
3544396,3.77
549617,0.0
5466655,49.980000000000004
3520229,14.510000000000002
776557,0.02
4275502,13.86
4452918,0.02
776958,63.130000000000436
776959,146.0
776954,0.18
776955,0.23
776956,700.02
4271899,13.959999999999999
776950,50.0
776951,18.64
776952,2000.0
1255166,0.0
1724922,53.43
4872801,0.0
5095763,50.0
3523996,45.589999999999996
4116407,0.0
967798,50.0
3516171,13.77
3545077,50.0
4881761,0.0
43709,100.0
3543891,0.02
3512855,0.0
931833,16.76
4879654,0.02
776828,150.0
956106,50.0
3524342,50.0
776605,0.0
776906,150.0
4312692,44.739999999999995
6008836,16.78
3523759,50.9
3542772,50.0
3543964,15.96
929814,14.2
3543969,0.02
929153,14.5
776732,2550.0299999999997
1704130,437.61
3516371,15.82
224319,32.87999999999998
776867,50.0
3522379,4.699999999999999
926422,15.709999999999999
3543322,16.450000000000003
923377,11.860000000000001
4590145,50.0
3544382,166.0
776908,150.01
3544385,25.91
4633270,50.0
4886338,0.0
4094350,100.0
1751814,54.989999999999995
3542768,1.4000000000000001
964811,0.0
3544258,45.44
3544259,0.0
877221,0.0
3545384,50.02
3542761,50.0
3542763,27.98
5242833,15.56
3517153,14.28
3543709,0.01
3543708,0.30000000000000004
3544030,0.12000000000000001
4098466,0.0
3544039,435.21000000000004
3543731,50.0
5580772,12.110000000000001
5181060,100.0
6316895,0.0
3543415,50.0
3543414,0.0
3543141,14.86
3543140,14.87
3543147,14.799999999999999
3543410,12.860000000000001
3543413,12.91
3543144,14.83
3542945,43.339999999999996
920917,42.89
3543148,14.79
3539564,0.0
3543418,50.0
3542943,0.05
1449711,0.0
3543387,50.0
3515244,50.0
3543381,50.0
3543382,12.510000000000002
3544726,96.72
3544727,50.01
963145,20.55
3543388,12.56
3544720,0.0
3544721,96.72
1543668,0.01
734873,0.0
944520,50.0
4153530,374.58
1554954,100.0
1223568,0.0
3508565,0.0
3543563,13.96
3543566,43.79
3543090,15.37
3543093,15.34
3543092,15.35
3543095,15.32
3543094,15.33
3543097,15.299999999999999
3543096,15.31
3702692,0.0
3543098,15.29
2926541,0.0
775387,0.0
4806581,45.089999999999996
4412257,0.08
3526010,0.0
775897,0.0
6215151,435.56
747364,0.0
4494019,0.0
3544828,0.0
3544825,50.01
3544824,54.33
3544827,440.87
3544826,54.39
2800950,434.56
6204900,0.05
4228388,11.41
3791426,0.0
775568,150.0
938463,43.64
5485984,45.29
775965,100.02000000000001
774166,0.0
3541498,0.0
6197911,50.0
132102,50.0
3543126,15.01
777018,200.0
777019,347.08
777016,300.02
777017,100.02
777014,1379.03
777015,150.01
777012,200.0
777013,500.04
777010,3500.0
777011,300.06
1718359,100.0
1806273,50.010000000000005
776949,1.08
776948,50.0
3543130,14.97
3321060,108.47
776943,400.0
4469942,0.01
776941,200.0
776940,400.0
776947,300.0
973801,0.0
776945,0.15
776944,199.4
1479407,14.04
1445992,15.110000000000001
3543886,0.02
3543884,0.03
4381842,0.05
3543883,0.02
3543139,14.879999999999999
755292,2.5
5172109,0.0
4341992,14.66
970497,0.0
3543429,13.06
949857,0.92
4420271,0.0
733029,0.0
776546,0.0
776544,0.0
4444847,50.0
4705179,0.9400000000000001
1573218,50.03
1185894,0.01
4313757,0.0
4424939,50.0
776610,0.0
3543420,0.5
4865056,17.66
576748,0.0
3880075,50.0
3523762,0.0
3523766,42.5
3543973,16.060000000000002
3543970,0.02
3543423,5.0
969026,52.05
567369,0.0
4617156,100.0
4433281,50.0
5466866,0.0
1624209,100.0
3526026,52.349999999999994
3650554,0.01
27640,1550.11
926859,15.51
956008,100.0
947448,0.01
3544621,50.0
972088,0.01
3517521,0.02
3517523,16.970000000000002
3523819,50.0
605762,0.0
5077796,0.25
1624682,0.05
776056,50.0
4487095,50.0
4487094,50.0
4581192,14.46
3542759,1.35
939844,0.0
942787,43.89
942834,0.0
925003,13.89
4814062,16.96
3539082,0.0
937504,13.260000000000002
3544281,50.0
3544283,435.61
775628,0.0
3544285,18.16
944623,44.14
4471551,53.61
3542627,0.0
3543622,0.02
773716,50.0
3543626,0.05
3525615,25.0
2951635,0.0
3543625,500.0
3543402,12.71
3542978,14.08
3543152,14.75
3543153,14.74
3543154,14.73
4332763,14.9
3543156,14.709999999999999
3543157,14.7
3542971,0.0
3542970,12.06
3542973,5.0
3543409,0.0
3542975,14.11
5630121,0.0
3539799,0.0
3542976,14.1
3543392,50.0
3543393,916.0
3543390,12.610000000000001
3543391,0.0
3543396,0.0
3544751,53.489999999999995
4285216,13.629999999999999
943168,50.0
3543716,0.0
5849352,0.0
4896390,100.04
1459694,2.4699999999999998
3543719,0.0
920637,50.0
776825,550.0
3546696,50.0
3526390,100.0
3526396,50.0
4961495,0.0
4249860,4.9799999999999995
3543577,100.0
5203591,440.93
3543088,15.39
3543089,15.379999999999999
3543084,15.43
3543085,15.42
1541906,0.0
4630104,0.01
5034820,50.0
3541955,0.02
33513,0.0
3519458,13.81
3516344,15.87
3544838,100.0
707772,0.0
3544836,54.51
3544837,5.0
4113096,0.0
3553772,0.63
770879,1.0
4629240,0.0
776648,0.0
1472983,0.0
941143,488.0
3543553,100.0
3544505,51.269999999999996
4684787,0.02
3544798,53.91
1546392,0.09999999999999999
3543344,0.04
4807377,2500.0
916785,0.0
2907496,0.0
2931657,0.0
1587573,0.0
776910,1.0
774050,0.0
3543112,15.15
3526029,347.08
916433,0.8
4385936,16.96
777009,450.05
777008,3534.0
970022,52.529999999999994
777005,198.44
777004,198.44
777007,25.03
777006,37.86000000000001
777001,250.0
777000,200.06
777003,750.0
777002,1000.0
3544251,40.0
1652224,0.0
774592,0.65
960561,18.26
3543113,15.14
4888891,0.0
5058332,52.11
4409722,16.34
3544373,150.0
3521136,100.0
725630,0.0
3521131,100.0
3515172,10.81
5057855,0.0
750365,11.0
