3369598,1
779823,1
778115,1
3108358,1
6220519,1
624654,1
3908138,2
467199,1
3909590,1
781975,1
781976,1
781977,1
5946305,1
781972,1
781973,1
3909816,1
3909813,1
781876,1
776742,1
715921,1
3628013,1
3627775,1
3628151,1
3628156,1
3910049,1
6002569,1
3910041,1
779689,1
3908914,1
780674,1
756023,1
716749,1
3910134,1
3628129,1
5884939,1
744910,1
3627605,1
3908407,1
3908404,1
3628088,1
782011,1
782016,3
3628084,1
5882481,1
778234,1
6247425,1
781616,1
6228975,1
751193,1
3909354,0
782018,2
3909219,1
782019,1
3909196,1
5011323,1
3364785,1
3909215,2
730278,1
3908469,2
3627692,1
3627693,1
3910250,1
3862628,0
781536,1
3908172,2
452340,1
3366993,1
3908175,1
464034,1
3363141,1
3908178,2
5884081,1
3355301,1
3909998,1
3627558,1
728621,1
3908274,1
3909859,1
3909991,1
3908270,1
3627555,1
3627826,1
3627825,1
781582,1
3627823,1
3627821,2
6135833,1
3627828,2
745827,1
3628138,1
782021,1
782020,2
6178856,1
740282,1
3219350,1
710378,1
4776569,1
3363480,1
5854357,1
3628169,1
3910072,1
3627481,1
3910076,1
3627483,1
781322,1
6123589,1
3908092,1
635393,1
780624,1
779672,1
3627484,1
5879424,1
781717,1
3909424,1
781713,1
5839367,1
3909155,1
3909255,1
778076,1
780140,1
565146,1
3908450,1
5869356,1
3187703,1
5960092,1
3908354,1
581046,1
3627799,1
782030,1
4806833,1
3351623,1
3494664,1
781661,1
6201895,2
781664,1
734873,0
3618927,0
782008,2
3354503,1
781913,1
5330871,2
3908778,1
780560,1
669992,1
780763,1
4629764,1
781960,2
3909808,1
3909809,1
3909804,1
3909806,1
749069,1
531141,0
3628004,1
781281,1
3909676,1
725514,1
3909679,1
3909678,1
3910097,1
3910236,1
3362732,1
3627992,2
3627991,1
3627990,1
3627997,1
3908399,1
3908550,1
3908553,1
5750297,1
3628134,1
3908412,1
3909167,1
623014,1
759895,1
3909415,1
3911385,1
5811581,1
5874970,1
3909366,1
780610,1
3909168,1
6303816,1
780190,1
780192,1
3909160,1
3628180,1
3397442,1
3362633,1
3628187,1
3908918,1
780929,1
781827,1
5849576,1
3628186,1
64334,1
557722,1
580301,1
3627540,1
451886,1
778828,1
3627837,1
3910318,1
3627838,1
3627839,1
5866409,1
779710,1
781005,1
10476,1
779921,1
748459,1
780536,1
5868730,1
3909383,1
3355635,1
637992,1
562579,1
759340,1
5891115,1
3627656,1
3908512,1
3908518,2
3628078,1
3910062,1
780984,1
3908161,1
3908959,1
781252,1
3366553,1
571484,1
3628076,1
3367846,1
3628115,1
3910343,1
3908401,1
780652,1
3908936,1
781708,1
4195532,1
3908166,1
781877,3
3370885,1
3908832,1
3909121,1
780159,1
3908340,1
106788,1
782029,1
782028,1
3908947,1
780805,1
782023,1
3908948,2
3910445,1
782026,1
782024,1
3909560,1
5849237,1
781671,1
2705,1
3909685,1
4489578,1
3909335,1
780274,1
3909440,1
781771,1
1322565,1
5844444,1
3909238,1
5441540,1
3910232,1
772426,0
777635,1
3628148,1
3908765,1
5888187,1
680326,0
4527065,1
3908050,1
3908057,1
781689,1
3908297,1
3908110,1
781686,1
6322737,1
5608961,1
781998,1
781999,2
781996,2
781997,1
781994,1
781995,1
781992,1
781993,1
781990,1
781991,1
5229950,1
3628039,1
781351,1
3908792,1
3909669,1
3908794,1
62691,1
3908184,2
3364286,1
732554,1
3908181,2
3368001,0
778555,1
3908974,1
779381,1
3627984,1
3627985,1
210014,1
3908385,1
781222,1
3910155,1
3628101,1
3910409,1
3628105,1
755483,1
5997745,1
781887,1
781737,1
6071719,1
6229590,0
705742,1
778317,1
781557,1
754439,1
3909173,1
782012,2
782013,2
782010,2
781832,1
781835,1
782017,1
782014,1
782015,2
3628196,1
3908878,1
3908879,1
6226020,2
3426776,1
3357132,1
5047391,1
780303,1
3627571,1
3908158,1
3627573,1
3908155,1
3908157,1
3908151,1
3908152,2
4709101,0
3361131,1
3909300,1
643474,1
3362893,1
6164640,1
3361209,1
582549,1
3908597,2
3908758,2
4409998,0
3908754,1
3908751,1
3909582,1
3909587,1
727888,1
3908182,2
6232336,1
146518,1
3909397,1
3909391,1
5856242,1
3908372,1
3628066,1
713808,1
3968355,2
3355990,2
3908505,1
3628147,1
5950837,1
3910355,1
3177777,1
781061,1
689312,1
3650418,1
3628111,1
3350893,1
780641,1
781849,1
780643,0
779695,0
3908928,1
3909132,1
623466,1
5076813,1
6244027,1
5902646,1
6283753,1
3356994,1
3628091,1
3628096,1
781604,1
781605,1
5967393,1
781768,0
3909345,1
780594,1
781767,1
5848557,1
3908070,1
5878565,1
3909181,1
3909227,1
5855902,1
3910229,1
3627964,1
3908073,1
5903861,1
781930,1
538006,1
3181131,1
3908650,1
782308,1
717909,1
670117,1
3908064,1
3908067,2
3908060,2
3908108,1
3908267,1
781693,1
3628173,1
781989,1
781988,1
781594,1
781595,1
781987,1
781986,1
781983,1
289574,1
6179507,1
3628026,1
3971045,1
5888049,1
5887160,1
661002,1
3357905,1
5878627,1
775394,1
734362,1
5333768,1
4874795,1
3628117,1
3908430,1
3908431,1
3628110,1
3908435,1
776257,1
3628182,1
3908438,1
756499,1
3628050,1
3908086,1
3908083,1
762350,1
3908089,1
3917747,2
780221,1
3627836,1
3909268,1
3908329,1
3239704,1
5469026,1
782001,1
782000,1
782003,3
782002,2
782005,2
782004,2
782007,2
782006,2
782009,1
3908886,1
3363258,1
3356834,1
781091,1
3908148,1
3368540,1
781793,0
3908140,1
3908146,1
735446,1
772470,2
3909311,1
3627815,1
