4386048,100.0
3614111,100.0
3614110,100.0
3614051,50.0
3614052,50.0
3614053,1420.0
3852544,1545.0
3614259,3002.0
3852543,1550.0
3852540,1520.0
3852937,100.0
3852421,100.0
3852423,50.0
2970297,50.0
3853403,50.0
2844010,50.0
775686,50.0
5692080,50.0
780001,0.09
4427199,100.0
4400123,0.0
5785407,50.0
3851119,50.0
6330907,50.0
6214613,50.0
3851113,50.0
3853537,50.0
169881,155.0
3852333,50.0
3852337,50.0
2947568,50.0
4370995,25.0
3614578,50.0
3852050,35.0
780676,100.0
779681,0.0
3614571,100.0
3851069,50.0
779044,50.0
781203,150.0
6247137,1570.0
3852205,0.0
778506,200.0
3610825,50.0
778234,400.0
4403547,100.0
3614712,50.0
3614711,50.0
777764,50.0
3614715,50.0
3614487,50.0
1228541,50.0
3613966,15.0
3614474,50.0
3614378,100.0
3614374,100.0
3614377,100.0
578371,0.0
3614373,65.0
3613990,50.0
3614626,50.0
3614622,50.0
3614153,5.0
3614152,1425.0
3613999,50.0
3614397,1540.0
3614249,50.0
3614394,1555.0
3614393,100.0
781108,0.0
3614258,1000.0
3614390,1530.0
781105,100.0
3614257,30.0
781107,0.0
781106,50.0
781101,100.0
781103,150.0
774700,0.0
780691,200.0
3852503,50.0
3852500,50.0
5753915,1480.0
3614167,100.0
762350,250.0
5923831,50.0
5234003,50.0
493297,50.0
3613921,50.0
781129,100.0
3613928,50.0
629827,50.0
3852355,100.0
3852809,100.0
3852471,50.0
781035,50.0
1784024,50.0
3852478,100.0
3853470,50.0
777819,200.0
3850901,20.0
3852392,100.0
780038,150.0
780137,50.0
2938822,50.0
4425295,100.0
709989,100.0
420363,50.0
781178,100.0
404400,50.0
3852656,100.0
3852655,100.0
3889426,40.0
636424,50.0
3852714,50.0
780624,150.0
741152,50.0
3610499,0.0
778886,100.0
3850832,50.0
3851887,50.0
3851882,100.0
4394972,50.0
3851445,50.0
3614533,300.0
3614438,100.0
780817,100.0
3614535,36.629999999999995
3614534,13.37
3614436,50.0
3853077,50.0
3614434,100.0
781141,0.0
781140,0.0
781143,0.0
781142,150.0
781145,0.0
781144,0.0
781147,300.0
781146,500.0
781149,150.0
781148,3000.0
3614218,50.0
4394783,50.0
3613890,0.0
3614665,50.0
780711,100.0
6233338,50.0
3632745,0.0
2939403,50.0
3851233,50.0
2940085,5.0
3851236,50.0
3851238,50.0
3614698,50.0
781102,0.0
2941257,50.0
3614285,50.0
3614286,50.0
3614282,100.0
53494,50.0
3851621,50.0
3851626,1440.0
738279,50.0
4395395,0.0
3614265,50.0
3614264,100.0
3614263,40.0
3614311,100.0
3614108,100.0
3614260,25.0
3614107,50.0
5950577,50.0
4429164,10.0
3614268,50.0
1268008,0.0
3852530,1490.0
3852537,1525.0
3852433,5.0
4416847,100.0
4393703,50.0
3852923,100.0
5983034,50.0
689732,1300.0
3851714,50.0
779751,5.0
3851497,50.0
531141,150.0
3851719,1455.0
2934040,50.0
777219,950.0
781047,100.0
3852285,100.0
3614611,15.0
780667,50.0
780665,100.0
780840,150.0
4391704,50.0
5935383,100.0
781181,150.0
3850975,50.0
780062,100.0
4378974,50.0
780999,3355.0
4383876,100.0
732317,50.0
3852218,50.0
3852660,100.0
4418151,5.0
3614314,50.0
3614312,50.0
3614706,50.0
3614310,50.0
3615146,50.0
780612,50.0
3614495,0.0
3853599,50.0
3851476,50.0
3614797,50.0
780170,100.0
3614403,100.0
4408169,100.0
3614401,50.0
3614369,60.0
3614405,100.0
3614360,15.0
3614361,0.0
3614635,50.0
3614636,50.0
742504,50.0
3614144,50.0
3614633,50.0
3614638,50.0
5788331,50.0
781139,0.0
3614386,1500.0
3614387,1495.0
3614381,49.989999999999995
781130,100.0
3614222,50.0
781132,550.0
781133,0.0
781134,0.0
3614389,1535.0
5104,2050.0
781137,0.0
780684,150.0
780686,50.0
2938800,55.0
5804029,50.0
780723,50.0
727888,100.0
2935342,100.0
664820,50.01
3852496,100.0
3614525,50.0
3614600,100.0
10476,50.0
781003,150.0
3851167,50.0
3852368,50.0
4402371,50.0
3852362,100.0
780536,50.0
3852360,0.0
3614531,50.0
6298487,50.0
6114739,50.0
779406,50.0
781116,250.0
487334,50.0
3851726,1460.0
775759,50.0
3852960,50.0
3852090,45.0
781117,150.0
3851683,50.0
5883240,100.0
626423,50.0
744910,100.0
3852701,1560.0
224319,3315.0
780799,250.0
3614591,100.0
3614592,100.0
3614454,100.0
3851862,100.0
780974,100.0
780797,50.0
29598,250.0
3614453,50.0
3853920,50.0
780159,100.0
781131,1600.0
2923744,5.0
3614741,50.0
3851432,100.0
2931772,5.0
106788,50.0
4371619,0.0
781135,0.0
3614191,50.0
781136,0.0
3852632,100.0
780804,50.0
3614529,50.0
3612349,0.0
3852639,10.0
3851910,50.0
5681827,50.0
781174,150.0
781175,300.0
781176,1270.0
781170,625.0
781171,250.0
781172,200.0
781173,250.0
3614197,100.0
2391000,1470.0
5885736,50.0
3853643,50.0
3850896,50.0
3852642,50.0
3853720,50.0
3614299,100.0
3614357,100.0
3614354,50.0
3614292,100.0
3614358,100.0
712530,900.0
4398432,100.0
781150,35.0
3614079,100.0
5739997,1465.0
780573,55.0
3614179,50.0
778134,100.0
3614271,100.0
3614272,50.0
5869873,50.0
3614173,50.0
780725,500.0
4413892,100.0
3614174,100.0
3852520,100.0
3852521,1515.0
780777,50.0
780776,18804.0
3852526,1505.0
3853428,50.0
3850742,50.0
3614187,100.0
3850740,50.0
3614180,50.0
4353217,0.0
772426,0.0
3614189,50.0
3614384,1510.0
3851488,50.0
3322468,10.0
3851483,100.0
779444,50.0
3614006,50.0
3851135,0.0
3614002,50.0
3851485,50.0
781196,350.0
3852352,50.0
781194,250.0
780500,650.0
781191,1000.0
781057,200.0
781055,50.0
781307,100.0
62691,100.0
2930797,1430.0
719829,100.0
4373111,0.0
3852452,10.0
4425171,100.0
3850960,50.0
775892,50.0
2933522,100.0
5785845,50.0
4383962,100.0
5692489,100.0
196924,0.0
3614307,50.0
779151,250.0
3851226,50.0
760256,3000.0
780387,150.0
779657,0.0
3853609,7000.0
3614521,100.0
780282,50.0
781835,3250.0
780286,250.0
3614418,50.0
781127,100.0
781126,0.0
781125,0.0
781124,0.0
781123,0.0
781122,0.0
781121,0.0
781120,0.0
781084,0.0
781085,0.0
781082,0.0
781128,200.0
3614238,15.0
3614239,50.0
4431719,50.0
780303,50.0
601287,50.0
780307,100.0
3614586,100.0
3614232,50.0
3614233,10.0
3614234,50.0
3614237,100.0
3851217,1415.0
3853075,100.0
4387834,50.0
3614585,45.0
3853070,100.0
3851219,0.0
3853072,100.0
3853676,50.0
3853674,50.0
773445,50.0
582549,50.0
4410092,50.0
4422558,3000.0
781011,50.0
4422794,100.0
3852784,100.0
3852786,50.0
781014,150.0
3851172,50.0
3851173,0.0
3851177,1410.0
3853552,50.0
3853556,50.0
3852415,50.0
4387595,50.0
346558,0.0
733029,0.0
3851223,50.0
3853459,50.0
701464,150.0
2932945,1475.0
3852551,50.0
405661,350.0
2941238,100.0
781138,0.0
3614224,1485.0
778170,50.0
3850926,0.0
3851735,50.0
3851731,50.0
781062,350.0
3613951,10.0
780883,100.0
3851105,50.0
689312,101.01
3850817,50.0
780867,50.0
780645,100.0
3850813,50.0
3614584,5.0
780862,50.0
780906,50.0
5601016,100.0
5606814,5.0
3851782,100.0
3614862,50.0
774883,50.0
3614519,0.0
781109,0.0
3614511,100.0
781169,250.0
781168,650.0
1141502,100.0
781163,600.0
781162,400.0
781161,0.0
781160,2400.0
781167,200.0
781166,100.0
781165,10.0
781164,105.0
780595,25.0
781098,50.0
780268,200.0
3851427,50.0
4383456,50.0
2926644,50.0
751352,0.0
4859993,50.0
652266,50.0
3851256,50.0
611026,0.0
3614340,50.0
3851851,100.0
3614617,50.0
3851190,50.0
3612319,0.0
3614398,100.0
3613980,50.0
5920120,100.0
781027,50.0
5974781,100.0
3614209,100.0
3613989,50.0
4422592,0.0
3614168,50.0
3614240,50.0
781118,205.0
781119,0.0
3614160,1435.0
3614161,1445.0
781114,50.0
781115,100.0
781113,0.0
3614166,100.0
781111,0.0
776970,100.0
780745,50.0
780746,50.0
780747,50.0
3852510,50.0
3614644,50.0
781591,100.0
3614641,50.0
4422866,100.0
777372,10.0
780919,50.0
3853205,50.0
3614014,50.0
780347,50.0
3614011,50.0
2926716,50.0
5740925,50.0
781185,150.0
781184,100.0
781029,50.0
3851028,50.0
781180,550.0
781182,500.0
781021,50.0
781188,100.0
6266328,100.0
4421850,50.0
580301,150.0
3853296,100.0
3270333,50.0
779011,1111.0
2934623,20.0
780348,50.0
4414346,50.0
3852643,50.0
3854893,50.0
3612449,0.0
3852648,100.0
3852768,100.0
3851681,1450.0
3851098,50.0
3852761,100.0
5409852,50.0
3614333,100.0
4392903,50.0
3850827,50.0
781151,200.0
3850820,50.0
653900,200.0
4447789,50.0
4920,50.0
3851459,45.0
3851511,100.0
3850982,50.0
3850986,50.0
3851899,50.0
3614542,100.0
3614541,100.0
3851897,5.0
781152,800.0
781153,0.0
3614207,100.0
4338002,0.0
781156,0.0
781157,0.0
781154,0.0
781155,2500.0
781093,200.0
5740420,0.0
781158,0.0
781159,0.0
3850764,50.0
781096,50.0
781094,50.0
745976,0.0
2933708,100.0
3851205,50.0
3851202,50.0
781361,100.0
3851967,100.0
750401,100.0
725630,1000.0
3851969,100.0
