4489602,50.0
4164966,50.0
4049184,50.0
4163965,50.0
624654,50.0
6207634,50.0
630880,100.0
4165811,50.0
627593,50.0
1378302,50.0
4050077,50.0
3661551,50.0
3661550,50.0
4049186,50.0
3661552,50.0
4167617,50.0
3661557,50.0
3661556,50.0
4050379,50.0
4050374,50.0
4050375,50.0
4164361,50.0
4050377,50.0
4050371,50.0
4496181,50.0
4485376,50.0
1581826,50.0
4050472,50.0
4049489,50.0
637493,50.0
648599,50.0
4050295,50.0
4507774,50.0
4050293,50.0
3661301,50.0
4049487,50.0
4050452,50.0
4050454,50.0
4050511,50.0
4050517,50.0
4164402,50.0
3661410,50.0
3661411,50.0
3661413,50.0
3661414,50.0
3661416,50.0
3661418,50.0
4515537,50.0
984909,50.0
6319814,50.0
4167164,50.0
3661239,50.0
4488301,50.0
3661230,50.0
4165286,50.0
3661236,50.0
3661237,50.0
644340,100.0
3661737,50.0
6257307,50.0
4507672,50.0
4049258,50.0
3661739,50.0
4049250,50.0
4049746,50.0
634731,50.0
4049027,50.0
4306515,50.0
794292,50.0
4163683,50.0
4495666,50.0
4523638,50.0
4167540,50.0
4159805,50.0
4050330,50.0
6198172,50.0
4165744,50.0
4050333,50.0
789409,50.0
4168666,50.0
4050707,50.0
4168988,50.0
782401,150.0
2284150,50.0
4163757,50.0
4051002,50.0
4051004,50.0
4051007,50.0
4051009,50.0
4522440,50.0
4166067,50.0
3661373,50.0
780460,150.0
4049476,50.0
3661469,50.0
4050414,50.0
4167626,50.0
3661558,50.0
3661461,50.0
3661460,50.0
3661463,50.0
3661589,50.0
3661465,50.0
3661464,50.0
4165139,50.0
3661624,50.0
4167872,50.0
4168061,50.0
6312249,50.0
4048993,50.0
4165134,50.0
6195514,50.0
4158630,50.0
623516,150.0
4164722,50.0
6191824,50.0
3661518,50.0
3661517,50.0
636424,50.0
3661511,50.0
4524069,50.0
4495366,50.0
4049167,50.0
4163871,50.0
646450,50.0
6320722,50.0
670117,50.0
4048909,50.0
4048904,50.0
3661342,50.0
4049113,50.0
3661549,50.0
678207,50.0
6276168,50.0
4048791,50.0
4048796,50.0
3661240,50.0
3661243,50.0
3661244,50.0
3661247,50.0
4487863,50.0
3661497,50.0
6306266,50.0
4166932,50.0
3661750,50.0
6240711,50.0
4049201,50.0
5645263,50.0
4048807,50.0
6202911,50.0
4523002,50.0
4161523,50.0
4049380,50.0
638926,150.0
3661516,50.0
4163062,50.0
4049062,50.0
4163266,50.0
4050069,50.0
4165176,50.0
4050348,50.0
6255374,50.0
4487004,50.0
4164210,50.0
620141,100.0
4497949,50.0
6311767,50.0
3661339,50.0
6333593,50.0
6181674,50.0
4521214,50.0
3661337,50.0
4050445,50.0
6194060,50.0
4048931,50.0
3661546,50.0
3661547,50.0
3661545,50.0
3661542,50.0
3661543,50.0
3661540,50.0
3661541,50.0
4165995,50.0
3661426,50.0
3661421,50.0
3661420,50.0
3661423,50.0
3661422,50.0
3661752,50.0
3661618,50.0
3661619,50.0
3661617,50.0
3661209,50.0
6299098,50.0
4520290,50.0
6257020,50.0
4522012,50.0
4048838,50.0
4048837,50.0
4048834,50.0
6217938,50.0
4048832,50.0
4048833,50.0
6073950,50.0
3661722,50.0
3661720,50.0
3661725,50.0
4482355,50.0
4167081,50.0
4049756,50.0
6242495,50.0
4168473,50.0
64334,200.0
3661303,50.0
4163385,50.0
4048757,50.0
4048756,50.0
4048950,50.0
4483333,50.0
4982343,50.0
4048895,50.0
3661462,50.0
4167653,50.0
4159689,50.0
4051018,50.0
4049118,50.0
4166158,50.0
4050458,50.0
4048984,50.0
3661579,50.0
3661578,50.0
3661577,50.0
4484326,50.0
6236291,50.0
3661573,50.0
3661572,50.0
3661571,50.0
3661570,50.0
4168359,50.0
4166230,50.0
635384,50.0
4493539,50.0
4167960,50.0
6183800,50.0
3661508,50.0
626423,50.0
6210180,50.0
3661502,50.0
3661503,50.0
3661506,50.0
3661504,50.0
4167115,50.0
4049179,50.0
6244428,50.0
4048877,50.0
3661483,50.0
3661481,50.0
3661487,50.0
3661485,50.0
3661484,50.0
6272410,50.0
4048978,50.0
4168379,50.0
3661477,50.0
3661474,50.0
3661475,50.0
3661472,50.0
3661473,50.0
3661470,50.0
3661471,50.0
3661374,50.0
3661371,50.0
3661478,50.0
3661479,50.0
3661627,50.0
3661626,50.0
3661625,50.0
6246763,50.0
3661623,50.0
4049304,50.0
3661629,50.0
3661628,50.0
4519363,50.0
4167602,50.0
3661252,50.0
3661250,50.0
3661251,50.0
4048713,50.0
4048801,50.0
659455,50.0
5409318,50.0
4049376,50.0
633739,100.0
4049007,50.0
6237651,50.0
3661600,50.0
4161553,50.0
4164166,50.0
4168941,50.0
4049099,50.0
4049094,50.0
4050351,50.0
4168095,50.0
4050358,50.0
784358,50.0
4490310,50.0
4495014,50.0
4166285,50.0
4519668,50.0
4167563,50.0
3661449,50.0
3661445,50.0
778555,750.0
3661443,50.0
3661442,50.0
3661441,50.0
4494018,50.0
4493795,50.0
4167642,50.0
4167859,50.0
633864,50.0
6187123,50.0
3661533,50.0
3661532,50.0
3661438,50.0
3661530,50.0
3661536,50.0
3661535,50.0
3661534,50.0
3661538,50.0
3661436,50.0
3661437,50.0
3661434,50.0
620812,50.0
3661744,50.0
3661745,50.0
3661746,50.0
3661747,50.0
4049181,50.0
3661741,50.0
3661742,50.0
3661743,50.0
3661662,50.0
3661661,50.0
3661660,50.0
3661748,50.0
3661664,50.0
4048849,50.0
4048841,50.0
665316,50.0
4494167,50.0
3661326,50.0
3661324,50.0
869475,50.0
3661323,50.0
4167097,50.0
4493314,50.0
3661280,50.0
3661283,50.0
782880,50.0
4168462,50.0
3661265,50.0
3661264,50.0
4519447,50.0
3661261,50.0
4048663,50.0
629167,100.0
4488745,50.0
4103461,0.0
4168606,50.0
4189963,50.0
666421,50.0
716221,50.0
716222,50.0
716223,50.0
782420,250.0
4163771,50.0
4502489,50.0
729649,100.0
4051060,50.0
5910959,50.0
4167609,50.0
4519025,50.0
4050463,50.0
3661560,50.0
6293989,50.0
4050365,50.0
4050363,50.0
4050360,50.0
3661494,50.0
6183408,50.0
4166455,50.0
6239457,50.0
3661451,50.0
3661311,50.0
4049146,50.0
3661498,50.0
3661499,50.0
623466,100.0
4048888,50.0
3661490,50.0
3661491,50.0
3661492,50.0
3661493,50.0
4048883,50.0
3661495,50.0
3661496,50.0
4167516,50.0
4500310,50.0
6192343,50.0
4048962,50.0
4048965,50.0
6239777,50.0
3661295,50.0
4493982,50.0
3661367,50.0
3661364,50.0
774019,50.0
4049317,50.0
52497,350.0
3661222,50.0
3661221,50.0
3661225,50.0
637992,50.0
4048813,50.0
4167638,50.0
4049262,50.0
4164176,50.0
729606,150.0
729607,100.0
3661427,50.0
5571386,50.0
4508762,50.0
6238677,50.0
4049083,50.0
631156,100.0
4050322,50.0
583180,150.0
4050325,50.0
4491771,50.0
4050041,50.0
4050730,50.0
2048369,50.0
6256159,50.0
782416,100.0
782417,200.0
782414,650.0
782415,2200.0
782412,250.0
782410,100.0
4490517,50.0
782419,300.0
661002,50.0
3661531,50.0
6066666,50.0
4488703,50.0
4168393,50.0
3661459,50.0
3661593,50.0
3661592,50.0
3661454,50.0
3661599,50.0
3661598,50.0
4167659,50.0
5277307,50.0
650771,150.0
4165101,50.0
4492550,50.0
6336430,50.0
3661520,50.0
3661522,50.0
3661523,50.0
3661524,50.0
3661525,50.0
3661528,50.0
3661529,50.0
3661435,50.0
4495079,50.0
3661212,50.0
3661213,50.0
3661210,50.0
3661211,50.0
3661216,50.0
4519606,50.0
3661217,50.0
3661214,50.0
4048852,50.0
3661215,50.0
3661352,50.0
3661350,50.0
4049109,50.0
3661356,50.0
3661354,50.0
3661292,50.0
3661358,50.0
3661296,50.0
3661297,50.0
4159634,50.0
3661219,50.0
3661274,50.0
3661270,50.0
654331,50.0
4049288,50.0
6184900,50.0
4049280,50.0
4169117,50.0
6280495,50.0
4665852,50.0
4049185,50.0
4050315,50.0
6212010,50.0
