775072,11
6087808,1
4531468,1
6111774,1
6120610,0
3522019,1
774620,1
3520187,1
775400,1
6085668,1
6096500,1
6085067,1
3369247,1
4807906,1
6091803,1
4771942,1
3368333,1
3382090,1
3383300,1
462518,1
4576356,1
3380171,1
4609475,1
6110555,1
775786,1
3529132,0
736598,13
3520173,1
3520174,1
3520177,1
3520176,1
3522174,1
6087936,1
460601,1
766145,5
1137118,1
6103747,1
6103740,1
4819187,0
3521954,1
3521955,1
3385196,1
3379028,1
4742441,1
6120541,1
6104864,0
6086997,1
3380120,1
3521698,1
6109318,1
3380124,1
4704587,1
3512381,1
3373334,1
6118142,1
4568832,1
704704,7
6075118,1
773654,3
3520777,1
6111979,1
6099657,1
3368117,1
6114696,1
6070982,1
6114870,1
6027447,1
17032,14
1596719,1
6099728,1
3521345,1
6099720,1
774399,1
3952898,1
772119,1
6104436,1
6096855,1
6113582,1
3522231,1
6113584,1
3516939,0
6101015,1
3375254,1
3520602,1
3520601,1
3520600,1
3385536,1
772638,1
6079911,1
6104687,1
6079917,1
5101511,1
3520609,1
3385531,1
6095551,1
3371777,1
3371774,1
900261,1
3503030,0
6075027,1
6105938,1
3518866,1
717691,2
4861635,1
3519577,1
6091655,1
3518868,1
6093332,1
775762,2
775763,10
775760,0
775761,2
775766,3
775767,2
775764,3
775765,2
775768,1
775769,4
4905893,0
3379740,1
6092298,1
743646,2
3391498,0
6091259,1
5271988,1
773835,1
773830,2
6105487,1
3375892,1
6101659,1
5423595,1
3371592,1
3519601,1
3519600,1
6078419,1
3519604,1
3367850,1
3382259,1
719977,7
6092124,1
3518664,1
3368938,1
6093432,1
6076645,1
3522212,1
3522049,1
4857404,1
469872,1
3522043,1
775165,1
3522041,1
3522040,1
3522047,1
3522046,1
3522045,1
3522044,1
775664,4
3502923,1
775368,1
775369,3
775366,7
6074880,1
775651,2
6054687,1
775185,4
752174,1
775183,1
775181,5
3386371,1
3388928,1
3518669,1
774363,0
3386376,1
775744,0
6119540,1
564141,1
3519117,1
3519116,1
3519114,1
3519113,1
3519112,1
3519111,1
775747,1
6082065,1
775740,1
3372932,1
4069447,3
775741,0
6096700,1
3519590,1
3519596,1
3373045,1
3519594,1
6106592,1
3377019,1
3519599,1
3519598,1
775507,4
775504,11
775505,3
3521380,1
3521382,1
774101,1
4720166,1
6103324,1
6112723,1
291606,23
6108029,1
3388818,0
3377630,1
3388814,0
3519029,1
3519028,1
3370946,1
4604955,1
3519023,1
3519022,1
3519021,1
3518997,1
3519026,1
3380466,1
6086180,1
6107952,1
2981779,1
774154,0
4807746,1
736552,0
3381352,1
4569172,1
6112544,0
6086565,0
6075931,1
774587,27
3373866,1
3521095,1
3521094,1
5809903,2
3381680,1
4636016,1
620052,1
3378219,1
97845,1
6078344,1
6088810,1
1623645,1
6081508,1
3521414,1
531937,2
3520948,1
3520949,0
3521447,1
3520944,1
3520946,1
3386088,1
3520940,1
675962,3
3520942,1
3520540,1
3520542,1
3520543,1
27371,1
1544163,1
6087832,1
3521899,1
3521898,1
3480999,2
3521891,1
3521893,1
3521892,1
3521895,1
3521894,1
3521897,1
3521896,1
3519691,1
6093087,1
3521817,1
3800026,1
3383317,1
7527,3
4131477,1
3382220,1
3667665,1
6115335,1
4335731,0
5455767,1
6111010,1
3697434,1
4981894,1
6120778,1
2902814,1
3521965,1
3521964,1
3521967,1
3521966,1
3520493,1
4639245,1
3377561,1
6007,51
6087903,1
3381225,1
3520162,1
3521968,1
3520160,1
3520161,1
6115196,1
4590435,1
3518896,2
6110078,1
6113241,1
3382133,1
6093397,1
6115428,1
6107296,1
6093865,1
3519297,1
6111073,1
4490660,1
6120555,1
3518656,2
3521592,1
6109309,1
6088917,1
492242,188
4748455,1
6089585,1
6090447,1
6104455,1
3520761,1
773641,3
3520763,1
3501825,1
3520765,1
6012401,5
6079296,1
6098484,1
618967,8
6090289,1
3374936,1
2335464,1
3446748,1
4806780,1
4519360,1
6099751,1
4576006,1
6113606,1
4751961,1
6077358,1
6091399,1
6076228,1
3375268,1
3375852,1
6079906,1
4749101,1
6090068,1
6085867,1
3375063,1
1794680,1
6113040,1
3518678,1
6091621,1
33446,58
3518673,1
775771,0
775770,1
775773,2
775772,4
775775,0
775774,2
775777,7
775776,0
760500,1
775778,2
4686688,1
6105170,1
3518983,1
6110094,1
3518987,1
337821,2
3518984,1
4619186,1
753603,1
2264865,1
618816,2
6103734,1
756639,5
761589,0
654226,3
684864,4
3519619,1
4575585,1
3522103,1
6093408,1
6167110,1
6093402,1
3380497,1
3522058,1
3522059,1
775179,1
735303,1
3380258,1
3522050,1
3522051,1
3522052,1
3520886,1
5864718,1
3522055,1
3522056,1
3522057,1
6105924,1
6073881,1
3520224,1
3100154,1
6110577,1
3332501,1
6107168,1
6105771,1
3960591,1
3377731,1
5216013,1
4751783,1
3372904,1
3520477,1
3519108,1
6076745,1
3520918,1
3519104,1
3520470,1
3519106,1
6077611,1
3519100,1
4665330,1
3519102,1
5057152,1
774827,3
3521621,1
6094402,1
746559,6
775697,2
4962413,1
3378771,1
3373500,1
3519583,2
3519584,1
775346,1
3519586,1
6083670,1
3519589,1
775513,1
775512,1
775515,2
6088134,1
3519489,1
3377607,1
6103358,1
6075033,1
548094,1
3521399,1
6112715,1
3625058,1
3519506,1
1606073,1
3519038,1
3519039,1
3521714,1
3521715,1
6086779,1
3521713,1
6093668,1
6116437,1
6293902,0
3519035,0
3519036,1
3519037,1
4289830,1
6076694,4
6112401,1
3381323,1
6086794,1
3519957,1
3344734,1
6112378,1
3378206,1
4900829,1
4816800,1
4568005,1
6081257,1
3521084,1
3519486,1
4989305,1
3519324,1
6105874,0
3519326,1
6111573,1
3519320,1
3519322,1
6111577,1
4932693,0
3519328,1
6012890,1
6092430,0
3383097,1
3520978,1
3521400,1
771457,25
3521406,1
3521404,1
3521405,1
3520971,1
3520970,1
3520973,1
3520972,1
3520974,1
6086315,1
3520976,1
3521886,1
3521887,1
3521884,1
3521885,1
3520579,1
3520578,1
3521880,1
6086429,1
3520577,1
4566999,1
3520570,1
3521888,1
3520572,1
3379136,1
3520379,1
6093257,1
4139829,1
3485775,1
3374123,1
2168842,2
741486,1
5999561,1
6097715,1
3382235,1
3382237,1
6087917,1
6087912,1
3516599,1
5605010,1
4807579,1
5047504,1
6086602,1
6076033,1
3521973,1
3520118,1
3521976,1
3521977,1
3521974,1
6075625,1
3521978,1
3521979,1
738288,0
4590401,1
3520289,0
6111241,1
6097573,1
3520286,1
3520284,1
6115453,1
93129,1
6103705,1
6093384,1
3520966,1
766127,1
3382129,1
6213007,1
771986,1
3374890,1
3384154,1
3376977,1
3873451,1
3374898,1
689312,16
3520755,1
3520754,1
3520025,0
3520756,1
3520751,1
3520750,1
3520753,1
3520752,1
1992474,1
3520759,1
3520758,1
736783,1
4433011,1
3371112,1
3520594,1
3520593,1
3520592,1
3520591,1
4591611,1
3520598,1
6120492,1
688071,13
3367922,1
6114812,1
3520231,1
240947,1
4842982,1
3520082,1
3522289,1
772630,1
3522285,1
3519053,1
6114497,1
3522281,1
3522280,1
3522283,1
3376813,1
3884818,3
6076211,1
383686,3
4643435,1
2846476,1
6094952,1
775445,3
6073874,1
3390241,0
3520621,1
3520620,1
3520622,1
6085858,1
141691,2
6074538,3
69199,3
737929,0
6090017,1
6074531,1
760516,3
3518668,1
4604495,0
3520819,1
3518662,1
3518663,1
3518844,1
4744773,1
3518666,1
3518667,1
5897549,1
3522199,1
3522198,1
775748,2
775749,1
3522191,1
775745,0
3380317,1
3522192,1
3522195,1
3522194,1
775742,0
775743,2
3518990,2
6086950,1
3518993,1
3518994,1
4567392,1
3518996,1
457463,2
6108764,1
4812929,1
2034434,1
3521909,0
3921631,1
6105310,1
3514982,1
6091860,1
6124243,0
3522065,1
3522064,1
3522067,1
3522066,1
3522061,1
3522060,1
3522063,1
3522062,1
3518795,1
10502,6
3522069,1
3522068,1
4767510,1
3522267,1
3522266,0
297837,25
4628952,1
3522263,0
3522262,1
3522261,1
3519004,1
3522269,1
3522268,1
6105777,1
772164,2
775698,2
775699,21
609194,1
701464,1
6108913,1
775692,1
775693,2
775690,5
775691,2
775696,2
269233,5
775694,3
775695,2
3376101,1
3519488,1
3519003,1
3519481,1
3519480,1
3519482,1
3519485,1
3519956,1
3519487,1
6103123,1
3519139,1
3386380,1
3368949,1
3519133,1
3519132,1
3519135,1
3519134,1
3519137,1
570864,35
3382788,1
3518680,1
3518681,1
775523,4
883149,1
3519008,1
6103231,1
3376037,1
3367830,1
3373068,1
3376033,1
6103237,1
3367838,1
6085212,1
137447,1
3521369,1
3521366,1
3521364,1
3521363,1
3521362,1
3521361,1
3521360,1
3388878,1
3519556,1
3519554,1
3519001,1
3519552,1
3519551,1
3388873,1
3519009,1
303216,5
3519559,1
6117137,1
3521763,1
3521762,1
3521767,1
3521766,0
3521765,0
4810407,1
3521768,1
775656,1
738128,1
3383790,1
775239,6
6086167,1
750991,1
737173,2
3521508,1
3521503,1
6088303,1
3521501,1
774011,4
6113356,1
775834,0
6109991,1
3386422,1
6085323,1
758632,4
3519311,1
3519310,1
6074336,1
3520965,1
3520962,1
3520963,1
3520960,1
6092933,1
3383248,1
6120021,1
611026,11
3520969,1
4774722,1
6107938,1
5749269,0
28721,3
6117622,1
6086305,1
6107849,1
750663,2
6115289,1
4588785,1
2283077,1
3521186,1
3521185,1
3512804,1
6094545,1
3103151,1
4690374,1
774652,1
3521189,1
3521188,1
3520157,1
3521311,1
6100792,1
3382203,1
6110709,1
3369292,1
3520155,1
2292059,1
6081239,1
3522230,1
6112565,1
6081231,1
3383337,1
100484,2
6081011,1
6086875,1
3520151,1
6120716,0
6098221,1
6088308,1
4542502,1
6086628,1
6095704,1
775643,6
6234284,1
3521988,1
3521987,1
3521986,1
3374080,1
3521984,1
3521983,1
3520105,1
3521980,1
4725827,1
6098685,1
6085142,1
4891840,1
3520291,1
6089871,1
3520293,1
4569742,1
3520297,1
6090675,1
4859674,1
774016,4
6079109,1
6110141,1
6111728,1
6098820,1
4742102,1
4719823,1
6114716,1
2535181,1
3516177,1
154025,1
3385499,1
3520035,1
3520740,1
3520037,1
3520746,1
3521505,1
773111,1
776258,0
3520748,1
3520749,1
3520039,1
6075128,1
13510,21
1020578,1
3520585,1
3520580,1
3371107,1
3521830,1
4846522,1
4554806,1
773663,50
6098730,1
3521937,1
903456,1
3291019,3
3522298,1
4833297,1
773687,1
742747,2
3522290,1
3522296,0
3522297,0
3095318,1
6085535,1
3389020,1
6085846,1
773750,3
2073404,1
6104545,1
3374669,1
3520632,1
3520633,1
5582872,1
773591,1
6079015,0
6118263,1
3106097,1
3520141,1
3371036,1
767883,1
3522186,1
3522187,1
3522184,1
3522185,1
4744983,1
3522180,1
3522181,1
3518833,1
3518831,1
3518830,1
773975,1
3520964,1
3522188,1
3518834,1
775759,1
775758,2
775753,2
775752,3
775751,0
775750,1
775757,1
775756,7
775755,3
775754,4
3519317,1
6091281,1
6101002,1
609211,7
1872794,10
6075307,1
4728006,1
3368905,1
3372857,1
3518940,1
6119489,1
775440,1
3518949,1
3416048,2
3522072,1
3522070,1
3522071,1
3522077,1
3522074,1
3522075,1
3522078,1
3522079,1
3520473,1
3512074,0
3522274,1
4619211,1
775355,5
3522270,1
3522271,1
3522272,1
3522273,1
2373060,1
6149043,0
3522278,1
3383539,1
775689,3
90724,15
6091606,1
1918527,1
3130926,1
6105946,1
6096554,1
775680,3
775683,2
775682,2
775685,3
6096883,1
775687,0
775686,1
3519126,1
3519127,1
3519124,1
3519125,1
3519122,1
3519123,1
3519120,1
6106414,1
6103114,1
3519129,1
6089389,1
5696166,1
3519567,1
775532,2
775530,1
3522023,1
691567,3
4937591,0
768807,11
3387149,1
3522042,1
3367799,1
6109336,1
3521379,1
737383,11
3521374,1
571921,51
3521370,1
6109682,1
3519544,1
3519013,1
3519546,1
3519547,1
3519540,1
219581,3
748909,4
3519018,1
3519019,1
3519549,1
841968,1
6105076,1
3521774,1
759483,1
5015903,1
4750854,1
3519497,1
774330,2
3386303,1
3519493,1
3519490,1
690147,14
3519498,1
3386432,1
6075493,1
3370993,1
3521510,1
774063,2
3521512,1
3521513,1
3381652,1
6111486,1
775824,0
775826,0
775823,0
3369192,1
3377570,0
3377576,1
3378221,1
3520913,1
6116700,1
3520916,1
3519308,1
3520914,1
3519306,1
6111553,1
3519304,1
6112288,1
3519302,1
3519300,1
3519301,1
6104565,0
5988582,1
6091836,1
6088202,1
4852270,1
6086443,1
4861086,1
774668,1
5360704,1
5444236,1
3953074,1
6096148,1
3305530,1
774461,1
6093271,1
4817682,1
6097777,1
4592806,1
3382215,1
6070037,2
552188,1
6107177,1
3519071,1
3520829,1
3520828,1
3520827,1
3520826,1
3520825,1
3520824,1
3520823,1
3520822,1
398471,6
3520820,1
3520134,1
3385798,1
3520131,1
3520130,1
6110282,1
3520139,1
3520138,1
3521999,1
3521991,0
740288,2
673184,4
96429,3
6089867,1
3515310,1
4774443,1
3369173,1
4188368,1
6111738,1
4768111,1
773991,1
3382101,1
4216888,1
6114709,1
3374879,1
3388997,1
4805886,1
6104112,1
3520001,1
4716513,1
3520003,1
3520002,1
6098697,1
3520009,1
6075159,1
6086058,1
6086234,1
4493543,1
4778412,1
3395673,0
3517641,1
4627866,1
1,59
396612,6
3524900,0
6093291,1
3373666,1
4654480,1
3518971,1
3521267,1
6099166,1
2840015,1
6077363,1
3522468,0
5341609,1
6120101,1
3384035,1
3768332,1
6110992,1
1495010,1
3385774,1
3520649,1
3520648,1
3379258,1
6104557,0
3520647,1
4440593,1
3375058,1
3810129,1
6113430,1
3522869,0
6076636,1
3371006,1
773787,4
773783,1
3518820,1
772964,1
3518825,1
3518826,1
3371790,1
6084303,1
3384353,1
3383583,1
3336129,1
6079868,1
6096419,1
772566,11
6079863,1
639807,3
1237906,1
6111898,1
4901331,0
6111038,1
5979315,1
773300,0
6082460,1
2107230,1
3372661,1
184835,1
3522144,1
3514214,1
1151587,1
3380202,1
5926673,1
3522089,1
3522087,1
3522086,1
3522085,1
3522084,1
3522083,1
775500,1
3522080,1
3522241,1
3522240,1
3522243,1
3522242,1
3522245,1
3522244,1
6084946,1
3522246,1
3522249,1
6105196,1
775328,7
3725155,1
756799,2
6091347,0
4287790,1
6102500,1
3378485,1
3518845,1
4121659,1
762368,1
6096566,1
3519152,1
3519151,1
3437895,1
3519154,1
3367961,0
6078522,1
724595,1
774813,1
774812,1
3368808,1
112862,4
3521985,1
607440,1
751931,17
6092075,1
6120652,0
3521798,1
3749,4
3360182,1
749734,1
6078742,1
3521982,1
775780,2
4869515,1
775782,3
775783,0
775784,3
775785,5
3367769,1
775787,1
775788,2
775037,1
3367817,1
3367764,1
3381864,1
4660454,1
3521348,0
3388851,1
479366,26
3521869,1
3521341,1
6078780,1
4045529,1
3521342,0
4615890,1
3521344,1
3521346,1
3519571,1
3519570,3
3519573,1
698385,6
3519575,1
3519574,1
512329,3
3519576,1
3519579,1
3519578,1
4741450,1
663106,1
4373086,4
685377,2
6104100,1
4186470,1
605014,26
3521740,1
6129038,0
6086149,1
775258,3
3519976,1
3522017,1
4811595,1
774329,0
5293990,1
4071259,1
1662154,1
4448800,1
3369716,1
6089457,1
3521864,1
4052901,1
3368962,1
774077,4
775810,0
775813,0
3521866,1
4838253,1
3378252,1
3521867,1
1625220,1
773923,1
3520900,1
6081818,1
3520902,1
3520904,1
3520905,1
6086324,1
3520120,1
3519373,1
3519371,1
1880748,1
4933736,0
5289054,1
3379817,1
751025,1
6081002,1
6103368,1
72455,1
3520342,1
6111584,1
3520340,1
6088217,1
6111234,1
3522012,1
6082913,1
1384708,2
774470,3
3521458,1
4684460,1
761146,1
6088239,1
4942346,0
11,0
3519204,1
3519203,1
740724,1
6093042,0
552172,1
3519209,1
552171,5
189701,13
6092880,1
3522156,1
3521520,1
3521523,1
3521522,1
3629929,1
3378794,0
6143787,1
3521529,0
6117695,1
3522150,1
3520122,1
3520123,1
6110290,1
3520121,1
3520124,1
6120732,1
1059360,1
6081070,1
6115006,1
519514,7
3516850,1
761031,1
761030,4
3522248,1
6085169,1
775726,2
5029353,1
6074141,1
6088180,1
3522143,1
3519495,1
24639,4
747703,1
4567363,1
4339687,1
3389312,0
3380194,1
5046827,1
372118,19
6111906,1
6087300,1
3379318,1
3520018,1
3521339,0
3520016,1
3520017,1
3520015,1
3520013,1
3520011,1
3521837,1
3520742,1
3521834,1
3521832,1
3520991,1
3520743,1
334466,3
4781898,1
3522256,1
10824,1
3520741,1
6110507,1
775338,2
6088698,1
775702,2
5409753,1
3520747,1
3522476,0
6105187,1
3520990,1
3520744,1
775704,6
3520745,1
5095,1
3658,2
3384339,1
6085556,1
3373655,1
2696704,1
6090026,1
3520650,1
3264342,1
3520653,1
5334318,1
3520656,1
6112269,1
4649581,1
3516097,1
3374515,1
3522870,0
3520584,1
3520316,1
4841372,1
3521916,1
1494990,3
3371786,1
3521910,1
3384349,1
3521911,1
6086929,1
6197457,1
3520024,1
3521913,1
414906,2
6073420,1
6076317,1
765514,5
3512681,1
3520411,1
618582,4
6085485,1
773315,2
4679854,1
5568224,1
758815,1
3518963,1
3518964,1
3518967,1
3518966,1
3378210,1
5272831,1
3521919,1
3521099,1
6113370,1
3522099,1
3522094,0
3522095,1
3522096,1
3522090,1
3522091,1
3522092,1
6103279,1
3522258,1
3522259,1
3373652,1
3522257,1
3522254,1
3522255,1
3522252,1
6073684,1
3522250,1
3522251,1
3518815,1
3518817,2
3518811,1
3518810,1
3518813,1
3518812,1
199595,1
6105217,1
773408,1
6084997,1
769991,2
3519144,1
3519145,1
3519146,1
3519147,1
3519149,1
6078530,1
6092663,1
3377881,1
3519543,1
3518493,2
3883890,1
3382773,1
3520153,1
3382777,1
613615,2
775563,4
6092068,1
6093594,1
772046,5
775799,2
775798,2
775797,0
775796,0
775795,3
775794,0
775793,0
775792,2
133009,2
775790,0
6114234,1
3520868,1
6108059,1
2113071,1
665434,6
3521682,1
6069366,1
3521684,1
665432,6
3522299,1
775629,4
3519569,1
743149,2
195114,2
3519564,1
3519565,1
5679099,1
3520894,1
3519561,1
3518767,1
3518766,1
3518765,1
6112110,1
3518760,1
3317587,1
3521756,1
3521757,1
3518769,1
3521755,1
3519962,1
6106188,1
3519961,1
3519966,1
3519967,1
6108615,1
667593,8
775245,8
5057220,1
775247,1
775246,1
3522021,1
6090379,1
4898555,1
6081804,1
6078647,1
6097114,1
4690541,1
6108123,1
775804,1
775803,0
775802,0
775801,0
775800,0
3519368,1
3519369,1
3520939,1
3520938,1
6117672,1
6089598,0
3520934,1
3520937,1
3520936,1
3520931,1
6080014,1
3520933,1
3520932,1
3521356,1
3521357,1
3521354,1
6089063,1
3521352,1
3521353,1
3521350,1
6103396,1
6086045,1
3521358,1
3521359,1
3520333,1
3520331,1
3520330,1
3520336,1
3520335,1
6086660,1
1451791,1
3520339,1
6111227,1
27023,2
1584862,1
4583214,1
782235,0
3383365,1
6096994,1
3519210,1
6075566,1
4196285,1
3520276,0
3383368,1
3497411,1
3521530,1
6081481,1
710671,1
3521537,1
3383161,1
3521535,1
3520801,1
3520800,1
3520803,1
3520802,1
6092873,1
3520804,1
6100900,1
6111826,0
341783,2
3520489,1
3381298,0
768828,3
3520481,1
3520480,1
3520482,1
3520248,1
3381459,1
753649,1
6091977,1
6110661,1
6091973,1
3520638,1
3381128,1
775389,15
4853621,1
775791,0
696390,4
4811859,1
405661,0
3516868,1
3516869,1
3378414,1
773800,2
4684352,1
4807239,1
6120696,1
3520791,1
3520790,1
3520793,1
3520792,1
3520795,1
6093249,1
3520796,1
3521827,1
755207,1
6087880,1
6088250,1
3521828,1
6087886,1
6085692,1
6074548,1
4688158,1
56253,13
775627,2
3517682,1
3517686,1
3377317,1
4868819,1
6079201,1
6105518,1
1461632,1
633837,10
3520466,1
6114294,1
6118098,1
3520462,1
3375036,1
3520460,1
3520338,1
3520469,1
3520468,1
747364,1
6092100,1
1659056,1
6090345,1
6104597,1
4238411,1
6101092,1
3519566,1
3520821,1
6259952,1
3519557,1
4748142,1
3522310,1
6109396,1
3742861,1
772979,1
773329,40
3371669,1
6220681,1
6090692,1
6090165,1
3518798,1
6093459,1
466029,7
3518974,1
3522008,1
3518972,1
3518973,1
3518970,1
773974,2
1932,35
3518764,1
3380225,1
775495,27
775496,1
3522189,1
3380220,1
3380222,1
3522229,1
3522228,1
3379280,1
775658,3
775659,3
3522223,1
6083243,1
775654,2
3522220,1
3522227,1
775653,3
775650,1
3522224,1
6104604,1
3518803,1
3518800,0
4608154,1
3518807,1
3518804,1
1967049,1
6091364,1
3518809,1
768722,5
6091417,1
4595710,1
3520077,1
769985,10
6096120,1
6058179,1
4804598,1
774871,1
774879,1
775781,0
3370852,1
3522137,1
3522136,1
4605912,1
3522134,1
3522133,1
3522131,1
3094538,1
3360726,1
6110549,1
3382265,1
1356864,1
3522138,1
6128581,0
3377952,1
3372088,1
4448350,1
471551,1
6106995,1
775746,2
6105648,1
665428,2
5915823,1
3055261,1
6103547,1
3377303,1
6108047,1
3384888,1
2388766,1
3517880,2
3519513,1
3519512,1
3519511,1
3519510,1
3519517,1
5152430,496
6086122,1
3519688,1
3518770,1
6084633,1
3519683,1
3384046,1
4848669,1
4642384,1
6082122,1
3377948,1
4912057,0
470396,2
3519992,1
775478,5
3521781,1
3521782,1
771770,1
3521789,1
3521788,1
6323250,1
3519427,1
3519354,1
3519425,1
3519351,1
3519353,1
3383281,1
3522170,1
3519429,1
3519428,1
3520928,1
3519194,1
3519193,1
4749212,1
4628127,1
1634094,1
4810537,1
3520920,1
3520921,1
3520926,1
3101,5
3520924,1
3520925,1
3521323,1
3522265,1
6117066,1
3521320,1
3521327,1
6087051,1
6112035,1
3521329,1
6089053,1
3520320,1
768231,2
3520322,1
3520323,1
6086670,1
3520325,1
3520326,1
3520327,1
3520328,1
3521125,1
6116914,1
3521257,1
3521256,1
1418883,3
6103309,1
6107641,1
6093022,1
4564180,1
6085600,1
6093028,1
403488,1
3520816,1
3383370,1
3520815,1
3520812,1
3520813,1
3520810,1
3519229,1
3519228,1
6081277,1
6081902,1
27699,1
1405688,1
6077591,1
1434494,2
4684796,1
924329,1
6086270,0
6111107,0
3366658,1
6111100,1
3520498,1
3520499,1
3520492,1
775789,1
3520490,1
3520491,1
3520496,1
3520497,1
3520495,1
6103338,1
3379053,1
772496,1
6094699,1
3519286,1
3520254,1
3379058,1
4852623,1
775805,1
3520253,1
6085108,1
3382151,1
6074164,1
1685924,1
6054336,1
3522177,1
38952,3
3530249,0
3837543,1
6079673,1
741389,34
4817091,1
4904997,1
1413655,1
3520079,1
3520071,1
3520074,1
3520075,1
773154,1
3521811,1
6085616,1
3521813,1
3521812,1
3521815,1
3521814,1
3721150,1
3521819,1
3521818,1
3374337,1
4577493,1
354762,8
6081055,1
3519360,1
3369235,1
3369232,1
4747225,1
6115025,1
3373318,1
6097258,1
3519362,1
3519363,1
56752,3
5764635,1
6110309,1
3520930,1
3379203,1
3518818,1
6387,3
3379200,1
518185,1
3519366,1
4641260,1
3521672,1
6105509,1
6231473,1
4656885,1
6108794,1
6087982,1
6085778,1
3520471,1
3520472,1
3371077,1
311307,1
6099286,1
3520479,1
775630,4
3521355,1
741545,1
4735936,1
4886953,1
5313594,1
2260344,1
782017,0
2006016,1
3391567,0
3522176,1
6119914,1
3521727,1
6076330,1
3522309,1
636015,1
3522302,1
773331,41
773882,1
3380153,1
735243,2
6105820,1
775729,0
2275850,1
3380159,1
4447742,1
3522173,2
5970470,1
6101408,1
3522172,1
6103390,1
3522171,1
6101377,1
6091796,1
3518909,1
3518908,1
5713329,1
3518903,1
3368943,1
5925031,1
3520725,1
3518904,1
1106442,1
671775,12
3522175,0
1675431,1
775481,1
775721,2
775487,1
775484,1
3522238,1
3522239,1
775649,5
775648,5
775688,1
775645,3
775644,2
3522232,1
775646,0
775641,3
775640,3
775315,1
3522237,1
6085594,1
3520896,1
6090778,1
359970,3
564132,1
3519168,1
3519169,1
6091426,1
3519162,1
564138,1
6073177,1
3519165,1
775681,4
772010,0
3383615,1
3520891,1
3489423,4
3522125,1
3522126,1
3522127,1
3522121,1
3522122,1
3522129,1
775684,2
3520760,1
3376372,1
597371,21
3520762,1
769880,3
4646784,1
6103536,1
773130,1
3519508,1
3519509,1
3370984,1
1153703,1
3519500,1
3519501,1
3519505,1
6074905,1
3519507,1
3518740,0
3518743,1
3518745,1
3518744,1
3518747,1
3518749,1
3518748,1
3519692,1
6076632,1
3202043,1
775130,4
3377938,1
3519988,1
278186,165
3504143,1
3519986,0
6107101,1
5785862,1
3519981,1
3519982,1
3519983,1
4863686,1
209682,2
3521028,1
6075989,1
4807066,1
3521796,1
3521797,1
3521026,1
3521795,1
3521020,1
774513,6
3519342,1
3519343,1
4503380,1
3519437,1
6077456,1
3519345,1
3519348,1
3519349,1
3519439,1
769308,1
3519186,1
3519187,1
462044,1
764114,1
3110,9
3521330,1
3521331,1
3521332,1
3521333,1
3370828,1
1524976,1
774208,1
6089041,1
3502785,1
3370822,1
6112006,1
6319382,1
3520319,1
3520318,1
3520315,1
3520314,1
2853028,1
381004,2
4655570,1
6075508,1
6086244,1
3520860,1
22,3
6081915,1
3519235,1
6092525,1
3519230,1
3519231,0
6112314,1
3519641,1
496663,1
4350184,1
3522007,1
6088551,1
6269984,0
6088557,1
6100704,1
3522006,1
6115347,1
4934849,1
6086615,1
4573306,1
774736,2
3520268,1
748424,0
6088393,1
206890,1
4836835,1
6091951,1
6086592,1
3382146,1
3382144,1
6098144,1
6110646,1
3369139,1
740391,2
3369130,1
6116124,1
6086483,1
3369136,1
3520045,1
3520044,1
3520047,1
3520046,1
4779115,1
531141,2
6088170,1
6090035,1
457027,14
6079445,1
6085606,1
4646920,1
3521809,1
3521806,1
3521802,1
3521803,1
3521801,1
1569844,1
3521908,0
775439,5
4655373,1
3382035,0
6081738,1
1038303,3
3389055,0
6252377,2
3374493,1
63626,8
6079222,1
3522421,0
3522932,0
5370717,1
4704454,1
3448996,1
3520687,1
6105531,1
3520681,1
737514,1
2786437,1
2383794,1
6084644,1
3520444,1
3520446,1
3520449,1
775125,1
3519140,1
761087,3
4678603,1
6076221,1
3374838,1
6090365,1
57743,3
6087898,1
4573361,1
3521515,1
6120526,0
6151937,1
5709073,1
6073903,1
3522331,0
5791720,1
3522332,1
3518796,1
690453,1
6091762,1
6113699,1
748178,5
3483935,1
6088609,1
6118125,1
187,5
6113504,0
738147,1
4522521,1
6091784,1
4744646,1
3521377,1
3518910,1
6105398,1
6091789,1
3522205,1
3522204,1
3522207,1
3522206,1
3522201,1
6073894,1
3522202,0
4605738,1
6123722,0
3522208,1
5104,133
3383818,1
6105715,0
775679,16
3384065,1
3384064,1
3384063,1
3384062,1
3384061,1
4084921,0
775670,2
775671,2
775672,1
775673,3
775674,5
6086806,1
3798037,5
775677,2
6105084,1
772690,2
85690,17
3372755,1
809232,0
3519542,1
3519015,1
6156308,1
775008,2
775587,3
4726198,2
5887149,1
774855,1
3522111,1
3522113,1
4657305,2
3522115,1
3522114,1
3522117,1
6083605,1
3522119,2
3522118,1
3376098,1
3379725,1
5217206,1
3519397,1
3518911,1
6108373,1
679358,1
3518677,1
2383209,1
748950,2
3519537,1
6093675,1
3519531,1
3519530,1
3519533,1
3519532,1
5982548,0
3369159,1
3519539,1
3519538,1
4592218,5
6105860,1
3518594,1
6074911,1
4572219,1
3518593,1
613431,1
493188,2
3101892,1
3518758,1
6113285,1
3518756,1
3518757,1
3518754,1
3518753,1
3518750,1
6092148,1
6100994,1
6096935,1
4806708,1
3367924,1
765980,0
774985,1
4749769,1
6108400,1
3903912,1
3521011,1
3521010,1
3521012,1
3521015,1
3521017,1
3521016,1
775779,2
4725611,1
154966,28
713281,1
4190153,1
3519496,1
3521499,1
3521498,1
3521495,1
437785,1
3521496,1
3521491,1
3519494,1
3521493,1
3521492,1
4775575,1
6082552,1
774215,1
6103030,1
3521305,1
3521304,1
6117044,1
3521306,1
3370815,1
3370817,1
4799358,1
3521475,1
729332,1
4607392,1
1936616,4
3520307,0
3521478,1
4794938,1
774896,4
4704489,1
774895,48
774437,9
3520412,1
3519249,1
3519248,1
4736319,1
3520876,1
3520798,1
3520878,1
3383397,1
3519247,1
3520146,1
3383392,1
6081926,1
6081459,1
3379309,1
747296,3
3520507,1
6077866,1
6116805,1
3377472,1
3520275,1
3520414,1
6100718,1
6088547,1
6111874,1
3520415,1
6100710,1
3340910,1
6112878,1
774724,2
6088386,1
561702,1
561701,1
3519012,1
3520500,1
3374220,1
774729,1
3520061,1
4851886,1
3520060,1
6091946,1
3520067,1
6091945,1
6098157,1
6093317,1
774976,3
6111273,1
3521459,1
3521106,1
6086494,1
3519484,1
3373942,1
3384893,1
3520983,1
3520056,1
3520057,1
3520054,1
3520055,1
3521103,1
3520058,1
3520059,1
3335480,1
3043850,1
4611419,1
6114882,1
3521516,1
6089962,1
3520987,1
3342990,1
6120663,1
3521879,1
3521878,1
3521873,1
3521872,1
3521871,1
3521870,1
3521877,1
3521876,1
3521874,1
750021,2
4589569,1
6050321,1
6098551,1
6111091,1
4832565,1
1004900,1
19857,2
3521343,1
2292,4
3520698,1
3520694,1
3520695,1
3520697,1
3385708,1
3522190,1
3520458,0
6090371,1
3520456,0
4599188,1
3520452,1
3520450,1
775828,0
5185628,1
4695394,1
4867892,1
6110435,1
573018,46
3522193,1
17440,2
6078406,1
6090555,1
759889,3
4716313,1
3815921,1
3376120,1
1262464,1
6092797,1
771919,1
6111415,1
36255,14
3519309,1
4722953,1
10476,1
4901073,1
3519307,1
586121,8
6104927,1
6074439,1
773845,2
3519305,1
3519473,1
6106990,1
128028,2
4704679,1
775666,2
3522210,1
349599,3
775663,2
775662,4
1604900,1
775660,3
4780972,1
5354605,2
6084249,1
21317,5
775669,3
775668,3
6086818,1
6105252,1
3368927,1
3379400,1
3375199,1
3521072,1
6105259,1
4559134,1
373714,1
2250110,1
3522197,1
6093499,1
4141601,1
6105099,1
6109294,1
3519272,1
4805769,1
3368855,2
3443720,0
3443721,1
3443722,1
4653495,1
3372293,1
4431623,1
773936,2
1542501,1
6082769,1
675501,3
3522108,1
3522109,0
3522106,1
3522107,1
3522104,1
3522105,1
3522102,1
4628815,1
3522100,0
3522101,1
6079215,1
3373748,1
3388158,1
6105892,1
6074232,1
3419400,1
5868025,0
26781,3
3519527,1
3519525,1
751650,7
3522054,1
3696605,1
3519529,1
6108357,1
6084868,1
6082490,1
3520213,1
6101820,1
3519271,1
3383380,1
6112501,1
3521025,1
3384107,2
1298261,1
3520216,1
3381963,1
4652816,1
3518721,1
739152,3
6076614,1
3518725,1
775282,2
917333,1
3521450,1
775448,2
775115,1
6078869,1
6087288,1
757372,4
775441,19
3367935,1
3520467,1
2178135,51
3385696,1
6085350,1
3377592,1
3520465,1
3386388,1
4594834,1
3520463,1
6086399,1
3386385,1
3521027,1
3521488,1
3521489,1
6107836,1
1461349,1
3521482,1
3521483,1
3521480,1
3521481,1
3521486,1
3521487,1
3521485,1
774880,1
6081795,1
814568,1
4630048,1
6083011,1
6087069,1
3521646,1
3521647,1
3521316,0
4549547,1
3521315,1
3377467,1
3520998,1
3521460,1
3521461,1
3373576,1
3520993,1
3520992,0
6086621,1
4636443,1
3520997,1
3520996,1
3520995,1
775667,2
3519536,1
6089088,1
3368692,1
533000,3
6093016,1
6069055,1
6103996,1
6081447,1
730545,1
6123875,0
4629190,1
3519251,1
3519254,1
3519256,1
3519257,1
3521006,1
3521004,1
3368127,1
3521002,1
777624,0
3521000,1
3521001,1
6100439,1
3381636,1
3521008,1
3521009,1
3520202,1
3520201,1
3520378,1
5657737,1
3520209,1
6111642,1
775665,1
6086538,1
3381385,1
6093305,1
774719,236
6088374,1
3379086,1
5463826,1
3369114,1
3635532,0
6091932,1
6075411,1
72485,1
3374823,1
957984,1
6100388,1
7420,2
770416,1
3521268,1
3521269,1
6110682,1
6079427,1
6100162,1
3520773,1
6110135,1
3520999,1
6081157,1
3520410,1
3520516,0
3520514,0
3520513,1
6087841,1
6088115,1
1858959,1
4413936,0
6091845,1
3519107,1
3520512,1
6091842,1
6085628,1
3379150,1
6099320,1
6088280,1
6088287,1
3521865,1
6085620,1
3519101,1
3519340,1
3520192,1
3520191,1
6111088,0
3520196,1
3520195,1
3520194,1
3521107,1
6097205,1
3382057,1
3507249,1
775661,2
276959,11
3519341,1
6090093,1
12189,6
6085724,1
6076056,1
6075083,1
3521914,1
3521915,1
3520429,1
3521917,1
6104734,1
6088592,1
4649747,1
6076324,1
5155474,1
3520420,1
3520427,1
3520426,1
3520425,1
669121,3
19227,3
3368999,1
3418083,1
4386110,1
4646709,1
6104887,1
775294,3
3374761,1
4622272,1
3519999,1
3378708,1
6246140,1
745036,1
5824026,1
6079888,1
6079559,1
20302,6
1156062,1
3518751,1
5344639,1
3383842,1
3520737,1
3520734,1
3520733,1
3520731,0
3519581,1
3720073,0
6087977,1
3519582,1
3520739,1
3520738,1
6090417,1
3367842,1
3371429,1
409129,0
85366,1
634994,1
6079005,1
3519587,1
4830400,1
6070026,1
4759228,1
775613,2
775610,2
775611,1
775616,1
775617,4
775615,1
775618,2
775619,4
3384041,1
4584715,1
775105,1
6110914,1
6086827,1
6110916,1
772470,2
772475,10
6080718,1
4662301,1
775101,1
6010521,252
6105284,1
3451231,1
3384033,1
108627,1
6082095,1
6051634,1
6105288,1
48298,1
6075661,1
6114464,1
6111685,1
3522178,1
775728,2
6080572,1
6103722,1
775727,2
775724,2
775725,2
775722,1
775723,3
775720,2
6095730,1
3518936,1
3518937,1
3376986,1
3518288,1
3379707,2
3518938,1
3518939,1
589538,1
6085887,1
142685,4
6083395,1
3376055,1
3519089,1
3519088,1
3519085,1
3519084,1
3519086,1
3519081,1
3519080,1
3519083,1
3519082,1
6078458,1
6076450,1
734443,1
3519646,1
3519643,1
3375494,1
6076608,1
3381972,1
4142951,1
6308990,1
6075055,1
483384,17
1497286,1
1596685,1
773711,5
3518732,1
3518733,1
735260,2
3522009,1
3374623,1
775129,5
6073636,1
3388947,1
3374620,1
6073632,1
775124,1
775437,1
5655762,1
771739,4
3243543,1
3519011,1
6106131,1
511440,0
6089365,1
6088295,1
3519398,1
6075887,2
1327447,1
3519391,1
3519462,1
3519461,1
3519460,1
3519467,1
3519466,1
3519465,1
4650407,1
3370871,1
746744,0
6086019,1
4125503,1
3520182,1
775675,2
6087019,1
3521671,1
3521670,1
3521673,1
6082022,1
6087015,1
6015011,1
3520988,1
3520989,1
3521453,1
3520980,0
3520981,1
3520982,1
4082118,1
3520984,1
3520985,1
3520986,1
3518797,1
3519264,2
3519261,1
3519260,1
3519263,1
3519262,1
6093659,1
3519269,1
3519268,1
3519014,1
3519067,1
3522142,1
3519065,1
3519063,1
3519062,1
3519061,1
3519060,1
775715,2
3519068,1
681308,8
313121,2
736504,2
774521,2
3370908,1
775713,3
6107282,1
3383134,1
3521497,1
3379780,1
5578755,1
3520210,1
3370726,1
3370724,1
3520215,1
3370721,1
3520217,1
6088562,1
106788,5
6111631,1
3522145,1
4859764,1
6079641,1
6111635,1
6089187,1
2115650,1
6093376,1
6319884,0
774706,1
3450037,1
764883,4
3518157,1
4628074,1
3382190,1
26426,3
5775730,1
6081890,1
6086898,1
6116956,1
5604770,1
3891,1
3521593,1
6079434,1
4682307,1
5145561,1
3183484,1
577163,1
3520508,1
6100372,1
3520505,1
3520506,1
6089984,1
6087875,1
3520501,1
3520502,1
3520503,1
6091855,1
3520000,1
6094527,1
3485785,1
3520180,1
3520181,1
6015016,1
3520185,1
3520186,1
775657,0
3520188,1
6098539,1
6081760,1
3519491,1
3522221,1
6085735,1
775655,4
4553383,1
775652,4
489222,1
3522226,1
6090082,1
4737714,1
3522225,1
4626101,1
6076047,1
773286,1
3521921,1
3518802,1
3521923,1
3521922,1
3521927,1
3241005,1
3520431,1
4868511,1
6084673,1
3519642,1
3520437,1
6081165,1
3518801,1
3374778,1
4980904,1
3369301,1
6107154,1
5752334,1
3374772,1
6079896,1
3520438,1
6088689,1
3520301,1
4775360,1
4599140,1
6112281,1
4677706,1
3518805,1
4184342,1
656932,1
6079549,1
772241,1
2928462,8
6107812,1
383127,4
5278599,1
3520721,1
6101119,1
6111269,1
3520728,1
571642,0
3380114,1
4824864,1
93311,2
3435254,1
4431956,1
770153,1
4717112,1
6095602,1
5754,1
3370696,1
739396,4
6101334,1
775601,8
5022793,1
775602,3
775605,1
775607,11
775606,1
108706,4
3383823,1
6215955,1
3778171,1
3516941,1
6080704,1
6076267,1
729599,13
6075277,1
6105271,2
3519352,1
2154595,1
3378952,1
3378957,1
3520814,1
6105297,1
4749088,1
3519325,1
768401,1
3519171,1
3520872,1
6082277,1
3519327,1
3371940,1
671643,1
6077023,1
3371871,488
3522169,1
775739,0
775738,2
4600077,1
3519595,1
775735,2
3522161,1
775737,1
3519323,1
3522164,1
3522165,1
775733,2
3522167,1
3521597,1
6096484,1
5617535,1
5339689,1
3519098,1
3519099,1
744997,53
3519092,1
3519093,1
3519090,1
3519091,1
3519096,1
3519097,1
6083811,1
3519095,1
3518704,1
6076670,1
6076675,1
743258,3
4607465,1
3519652,1
3519653,1
106616,1
3520979,1
3522016,1
552944,3
3522010,1
3522011,1
6092178,1
3522013,1
5437478,1
3521862,1
6253678,1
3386092,0
775429,12
775428,5
6112301,1
3381175,1
4687759,1
775420,2
775423,1
3371094,1
6078844,1
6075939,1
3519387,1
774396,4
3386096,1
6096113,1
3521863,1
3522135,1
3519479,1
3199868,1
3522039,1
3519470,1
6082209,1
3519472,1
6075899,1
3519474,1
3521408,1
3519476,0
548231,50
775678,3
4652905,1
3370864,1
6082033,1
6075387,1
6112045,1
3522130,1
737513,0
690259,2
3521668,1
3519006,1
775703,3
775553,1
6078931,1
5979229,1
3386592,1
775559,2
3374980,1
774171,1
3522035,1
774175,1
6247415,1
774179,1
6089513,1
4862680,1
2274490,1
3369040,0
3518991,1
4631186,1
4571357,1
27640,11
3522139,1
6103081,1
3377649,1
9875,7
775957,0
3519074,1
3519075,1
3519076,1
3519077,1
3519070,1
3520270,1
3519072,0
3519073,0
3521598,1
3520271,1
3519078,1
3519079,1
3519000,1
5659755,1
4227590,1
6086735,1
711744,2
3788972,6
3521743,1
4603910,1
3520882,1
3520884,1
3370733,1
712272,2
3370738,1
3520726,1
3520222,1
6091917,1
6089196,1
3172735,1
4825111,1
3381367,1
773603,1
3521889,1
6247565,1
6088354,1
6078158,1
760318,4
561706,1
6085834,1
3521102,1
6109775,1
6081766,1
6081884,1
6088824,0
6086609,1
4902646,1
6085120,1
3520089,1
3520088,1
4704963,1
3520081,1
6085789,1
3520083,1
6100184,1
3520085,1
3520084,1
6079838,1
3520538,0
6089995,1
3520533,1
3520532,1
461622,2
6085649,1
6097990,1
493692,29
3520129,1
321,11
3382270,1
3522141,1
6103015,1
6081772,1
3382278,1
5734585,1
4379321,1
4900005,1
6088001,1
3520404,1
3520407,1
3520154,1
3520401,1
3520152,1
3520403,1
3504026,1
3520409,1
3520408,1
728314,44
743618,0
6074458,1
712290,1
4819165,1
4639214,1
6099279,1
3803464,1
6095753,1
6104714,1
968051,1
3522147,1
3519518,1
1105462,1
4589445,1
224319,17
6079570,1
4105733,1
3518829,1
4389841,1
6317270,1
3409456,1
6257109,1
4317914,1
6091940,1
6073942,0
3520710,1
3520712,1
3520715,1
3520717,1
3520716,1
6088640,1
732189,1
3506132,1
4722252,1
5960830,1
3520922,1
3520416,1
3518821,1
6090433,1
544966,12
6114859,1
3368138,1
4315518,1
3523084,0
3521581,1
3519689,1
5864504,1
6096871,1
3383696,1
775638,4
775639,4
775634,3
775635,2
775636,6
775637,2
6084276,1
775631,1
775632,2
775633,2
6076250,1
3519020,1
6076256,1
5771482,7
6113257,1
6093565,1
775676,2
6105919,1
3522148,1
3519711,1
3519712,1
3522155,1
3522154,1
3522157,1
3520051,1
3522151,1
6090517,1
3522153,1
5638321,1
6113073,1
6117221,1
3522159,1
3522158,1
775708,2
775709,20
6105627,1
3521586,1
6105621,1
775700,1
775701,2
3502638,1
6120704,1
3382073,1
775705,5
775706,1
775707,2
4328319,1
3371577,1
6102458,1
694178,2
6080603,1
3372374,1
3379767,2
3553696,4
3521585,1
3376074,1
6102670,1
3519998,1
3518759,1
6103272,1
6096298,1
6113107,1
3518711,0
4249870,1
2389052,1
520783,22
3522312,1
3522020,1
6092109,1
3522022,1
3372683,1
3522024,1
3522027,1
3522029,1
771130,0
774942,49
3317199,1
775387,1
3519991,1
4653194,1
3373627,0
6091478,1
6073613,1
3519445,1
3519444,1
3519447,1
2034816,1
3333681,1
3785394,0
3519442,1
3386607,1
3318612,1
3519449,1
6086936,1
3388908,1
6085360,1
6093186,1
6108684,1
3532533,1
772776,0
6087034,1
3370858,1
3370855,1
6086036,1
6112054,1
6089742,1
775560,1
775561,4
4630351,1
3377072,1
775565,31
775567,3
775568,1
6103076,1
4892848,1
3519446,1
3521431,1
3521437,1
6093898,1
3521127,0
3521126,1
6078769,1
6069667,1
6103091,1
3519289,1
3519288,1
3519287,1
3369074,1
132102,4
90217,6
3369072,1
3519040,1
744945,4
3519045,1
3519044,1
3519047,1
3519046,1
3519048,1
3511040,1
4836108,1
6092807,1
3521037,1
3369670,1
4945271,1
3521059,1
1278847,1
6041747,2
3521728,1
6082469,1
3521726,1
3521057,1
772647,1
6080190,0
6100405,1
6088346,1
3521545,1
3521758,1
3520898,1
3520899,1
3520232,1
3520897,1
3520230,1
3520895,1
3520893,1
3520890,1
2915892,1
6075444,1
6091901,1
3342170,1
3368415,1
6091908,1
774762,1
3377621,1
3368976,0
3520132,1
776948,0
4774984,1
3377627,1
646375,2
3521005,1
28944,1
428898,4
6076939,1
6088832,1
3520526,1
3520527,1
3520524,1
6088126,1
5109321,1
3519195,1
3444721,1
3520929,1
6100358,1
775732,0
734370,1
755292,5
6081747,1
3521139,1
4281473,1
3379167,1
4637493,1
6110586,1
6081986,1
1231057,1
755546,4
3520923,1
5412919,1
417358,0
4111782,1
6099641,1
3520927,1
3520144,1
3520145,1
5413206,1
3520147,1
3520140,1
3521936,1
3520142,1
3520143,1
1748316,1
4761090,1
118131,1
6094341,1
3380208,1
3521322,1
3521943,1
6090333,1
774926,0
3372138,1
3520094,1
3519318,1
3520092,1
4819209,1
4489922,1
775190,1
5245204,1
3818258,1
775320,1
4741764,0
6114596,1
6082476,1
3380133,1
12571,15
4935062,1
6098865,1
4327660,1
6086842,1
3520027,1
6090424,1
6111964,1
3520709,1
3379375,1
3520702,1
3379372,0
3520700,1
3520701,1
3522160,1
6074478,1
5993184,1
6087059,1
775734,3
3374918,1
3520023,1
6159344,1
3520022,1
3372148,1
775736,1
3383592,1
3520021,1
4861970,1
775731,2
773804,5
775730,0
6094965,1
775628,0
3929769,0
6089152,1
775623,2
775622,2
775621,1
775620,0
3522152,1
775626,3
775625,2
775624,2
6091967,1
773489,1
5757114,1
3380006,1
3518895,1
775491,3
773480,81
773483,3
773482,1
6085882,1
3521253,1
6090510,1
3520029,1
3520329,1
773247,2
586500,1
3520028,1
6095568,1
6090049,1
6075050,1
3520432,1
1952384,1
6093510,1
3518872,1
320338,1
3519703,1
6227132,1
6105900,2
6111214,1
775717,4
775716,2
3522140,1
775714,0
3522146,1
775712,0
775711,2
775710,2
6074446,1
6084833,1
3522149,1
775719,2
775718,3
3373704,1
6105634,1
3379752,1
98871,1
6096263,1
6108814,1
3373678,1
772824,13
6096467,1
772822,2
4619749,1
6098647,1
6073263,1
775088,1
3373525,1
3376060,1
775642,2
6113117,1
6246243,1
3520599,1
330090,0
6107980,1
3520451,1
6086750,1
6246248,0
775403,1
3382884,0
4766814,1
770911,1
3522036,1
3522034,1
6092113,1
3522032,1
3522033,1
3522030,1
3522031,1
771619,2
775390,1
775396,1
3373634,1
3521003,1
3520873,1
775647,2
6107187,1
3533015,0
29956,1
3386610,1
3519459,1
6082183,1
3519094,1
748838,0
3519225,1
6078885,1
6091625,1
3519224,1
6087022,1
3518478,1
3519227,1
3377823,1
6089755,1
3377007,1
6117818,1
6078957,1
6093362,1
4795668,1
3521429,1
640,8
3521421,1
774288,1
3868283,1
3520818,1
3519294,1
3519295,1
3519296,1
6111692,1
3519290,1
3519291,1
3519292,1
3519293,1
6105855,1
3519059,1
3519056,1
3519057,1
3519054,1
3519055,1
6081407,1
3519051,1
6089354,1
6109815,0
3521739,1
3519441,1
6087119,1
4496655,1
3521735,1
3520877,1
1565,1
6089359,1
3522014,1
774757,3
6088336,1
3522015,1
6086573,1
3381349,1
6075905,1
3619150,1
1175881,0
4550286,1
548110,81
3368423,1
4903042,1
775131,2
3520953,1
759774,2
3383276,1
3521137,1
3763456,1
3520951,1
6117611,1
3520958,1
3520957,1
3520956,1
3520954,1
5999692,1
3520952,1
750365,1
3520950,1
