3631432,1
779823,3
778115,3
3631434,1
3925806,1
3631530,1
3631531,1
5385918,1
624654,1
3925519,1
6187517,1
795143,0
630880,1
776436,2
776743,1
3923961,1
291068,1
3924440,1
3635439,0
3631385,1
3924448,1
3925746,1
757345,1
6180376,1
3631431,1
781375,1
6244185,1
779689,1
648599,1
780674,3
756023,1
782074,1
782077,2
6218544,1
5379377,1
3925063,1
3925064,1
780984,5
3496415,1
744910,9
6223563,1
535668,1
5737146,1
782017,1
3925788,1
3631165,1
3631619,1
782150,1
3631613,1
3923242,1
3631169,1
3631168,1
730278,2
6205915,1
3862628,2
6204852,1
3631001,1
3925842,1
781539,1
780594,2
6189341,1
3932561,0
3924347,1
3924343,1
6227033,1
6177007,1
3924155,1
3478291,1
731623,1
3479050,1
6079006,1
781401,1
745827,2
3631377,1
748264,2
5340590,1
5336496,1
6196516,1
740282,3
3476977,1
782025,1
735500,1
6186817,1
3924084,1
6180147,1
778188,2
159054,6
781322,6
3631217,1
3631215,1
5785868,1
636424,1
782108,12
6223166,1
779672,6
758760,1
781717,3
781863,1
782107,6
6186530,1
670117,1
3631047,1
3631329,1
3631287,1
3631281,1
3631282,1
782034,2
782036,1
782037,5
3631327,1
782032,4
782033,12
3926151,1
216809,1
781661,6
734873,5
469643,1
3925276,1
3631138,1
3631139,1
3631135,1
3479308,1
3923685,1
541128,1
3925879,1
3631180,1
3631424,1
781562,2
5702767,1
781969,1
592459,1
531141,1
3925905,1
3479397,1
3631255,1
3631396,1
3631277,1
3925909,1
3631497,1
3631491,1
5101637,1
3631492,1
3692270,1
6220438,1
3481736,1
777636,3
639948,1
6181680,1
674865,1
3493379,1
3924629,1
3493279,1
3498870,1
6212614,1
5490746,1
3631478,1
3924217,1
3631475,1
759895,3
6180412,1
780205,1
780610,1
3631173,1
3631171,1
5962412,1
3631177,1
3631174,1
3631175,1
3924802,1
6223702,1
3924807,1
782067,1
782065,2
780927,1
782148,1
782149,2
782144,1
782145,2
782146,1
208902,4
782140,1
3631076,1
782142,2
782143,2
781958,2
781953,1
3926069,1
3631073,1
3631072,1
3631325,1
782147,2
3631378,1
780721,1
782141,3
3925547,1
6211664,1
3924337,1
6177409,1
3925222,1
3924799,1
800432,1
3925824,1
10476,3
3631514,1
781550,1
779921,5
6146217,1
3631451,1
780192,3
3631452,1
6223456,0
5726426,1
3923724,1
3924667,1
637992,1
6224852,1
6210863,1
759340,2
3924462,1
3925482,1
3924468,1
635384,1
3925649,1
64334,2
1080535,1
3631202,1
6195418,1
3923343,1
626423,1
6213144,1
734233,1
780792,2
6221853,1
780159,25
6216125,1
6225290,1
6194735,1
106788,53
6216085,1
3631339,1
3631330,1
782022,1
782021,1
3631333,1
3631334,1
3631336,1
3925187,1
781675,2
635352,2
780274,2
3925260,1
3923519,1
6215345,1
6086926,1
782115,1
3925508,1
782113,1
782112,1
782111,21
6017376,1
3631143,1
5653008,1
3925505,1
3924473,1
3925981,1
3926137,1
6218149,1
781689,5
3923780,1
6181113,1
781991,1
3924746,1
3924745,1
3924748,1
3924584,1
3631245,1
3631248,1
3631482,1
3631485,1
3631488,1
3631562,1
3631567,1
62691,18
757201,2
5964362,1
5343146,1
778555,1
675179,1
3924734,1
210014,3
6209991,1
3479887,1
6185553,1
633864,1
289574,3
755483,1
5700410,1
3631182,1
5820332,1
6292580,1
781730,1
781737,1
782128,7
782129,8
782126,2
782127,3
782124,5
3925579,1
782122,6
3926675,0
782088,2
705742,3
3925135,1
3631188,1
3631184,1
6181237,1
3631181,1
6206293,1
3631341,1
3631340,1
3631342,1
3631344,1
3631349,1
782152,0
782151,0
6211073,1
3926076,1
6184876,1
781648,2
636533,1
87414,2
3631111,1
3926188,1
582549,1
412118,1
3631446,1
3631447,1
781542,2
3631448,1
727888,26
3631422,1
3923181,1
146518,3
3631000,1
780560,3
3924558,1
3925149,1
3923853,1
3924476,1
3630996,1
3630994,1
3630999,1
3630998,1
3924776,1
3631233,1
689312,14
3631237,1
3631236,1
6211438,1
782046,1
782064,13
780165,1
3631305,1
3631306,1
3631301,1
3631300,1
3631302,1
6212733,1
6209807,1
623516,1
1405925,0
3925191,1
3923172,1
3923175,1
6195894,1
3923179,1
781761,1
6222902,1
3925290,1
774350,1
3631151,1
3631152,1
3631153,1
3631154,1
3925851,1
736253,1
5680440,1
781503,2
3923671,1
710378,5
781692,4
6208997,1
781594,6
6197430,1
3925737,1
583180,5
3631279,1
6191889,1
3631275,1
3631274,1
6245594,1
781439,1
731348,1
3925230,1
5377258,1
3631476,1
636487,2
6222123,1
775394,2
3923705,1
5628636,1
6181509,1
6180482,1
3924722,1
3631438,1
3631582,1
263310,1
780221,3
781252,1
782139,5
782138,29
781733,1
782135,8
782134,32
782137,1
782136,7
782131,3
782133,7
782132,1
3923106,1
1783525,1
2031527,1
5652176,1
3924452,1
3631196,1
1642990,1
3929870,0
3631297,1
3631296,1
3631293,1
3631292,1
1164415,1
3631350,1
3631351,1
475327,1
775759,1
5700097,1
6209022,1
3631493,1
3631502,1
417358,1
3631122,1
3631127,1
212703,2
675873,1
