3983819,1
3839897,1
3983423,1
781879,1
781878,1
3983428,1
3983384,1
3983643,1
3983815,1
5020016,1
583180,1
3983548,1
3983717,1
781565,1
5356420,1
3983388,1
3645149,1
3837963,1
624654,1
3645141,1
4668148,1
3645143,1
3983029,1
3645146,1
3983211,1
3844368,1
3983252,1
3983399,1
778188,1
3645130,1
3843985,1
3983495,1
3645174,1
3983646,1
3983492,1
668279,1
3983555,1
2554359,1
3983095,1
3843909,1
3842013,1
647319,1
3983015,1
669992,1
2524685,1
3837385,1
3983795,1
3983809,1
782291,1
3983469,1
3841090,1
3983409,1
640624,1
637493,1
648599,1
3983248,1
782036,1
4201474,1
3983406,1
3983671,1
3983164,1
3645160,1
3983675,1
2512534,1
3983770,1
3839447,1
3983565,1
3983775,1
3840265,1
3645090,1
4331301,1
3645097,1
780205,1
3645098,1
3837786,1
3840306,1
3838751,1
782101,1
711918,1
3982944,1
3983746,1
538006,1
3983571,1
3983275,1
649824,1
4403659,1
3982492,1
3983720,1
4662901,1
4252031,1
4109431,1
3976051,1
3983780,1
3983470,1
3844059,1
3983376,1
3983377,1
3645112,1
3645068,1
3645067,1
4117020,1
3841384,1
3983379,1
633739,1
5007546,1
782345,2
3983348,1
4223230,1
3837156,1
623014,1
6286202,1
3781875,1
3983507,1
4099246,1
634731,1
3982664,1
2854547,1
778555,1
4412023,1
6199442,1
3982377,1
3983085,1
3983145,1
710116,1
3840678,1
706247,1
782097,1
3983614,1
4184185,1
3645105,1
3645106,1
3645078,1
3983839,1
3983583,1
3645075,1
3645076,1
781605,1
3645072,1
4791677,1
3841481,1
6158488,1
5987269,1
782140,1
3842465,1
4237162,1
3983510,1
3982678,1
3982777,1
781631,1
3982671,1
3982674,1
64334,1
3983057,1
3840331,1
3983198,1
3983090,1
681488,1
3983194,1
3983216,1
782238,1
782243,1
4077443,1
3983193,1
6227621,1
714984,1
3645135,1
3982721,1
3645137,1
3645163,1
780720,1
3837837,1
780190,1
623466,1
781835,1
6192261,1
4524766,1
3842361,1
637126,1
782331,1
3586406,1
2524536,1
781503,1
4901714,1
3982847,1
3983830,1
2530285,1
3983047,1
3982958,1
3840651,1
3983203,1
3645128,1
3645129,1
3841626,1
3645124,1
3982965,1
3843548,1
3982884,1
3645126,1
3982666,1
3983843,1
4393283,1
3841892,1
623516,1
3983430,1
3982759,1
782100,1
3983825,1
3839437,1
3837092,1
3982753,1
3982583,1
646450,1
782344,2
3983688,1
3982856,1
782343,1
782340,1
781542,1
3841344,1
3645096,1
3983039,1
2311586,1
3982435,1
3983338,1
3983036,1
2122974,1
635384,1
3983033,1
3645153,1
3983134,1
6308491,1
3645155,1
3982966,1
3982935,1
626423,1
3994255,1
6001655,1
3837593,1
