0,5
1,3
2,0
3,1
4,2
5,2
6,1
7,6
8,3
9,1
10,2
11,0
12,0
13,4
14,0
15,2
16,2
17,0
18,1
19,1
20,0
21,4
22,1
23,5
24,2
25,3
26,3
27,1
28,2
29,2
30,1
31,0
32,0
33,1
34,1
35,1
36,1
37,3
38,1
39,0
40,3
41,1
42,3
43,3
44,2
45,0
46,3
47,0
48,2
49,2
50,2
51,0
52,0
53,4
54,1
55,0
56,2
57,3
58,2
59,1
60,0
61,1
62,2
63,2
64,3
65,0
66,0
67,3
68,0
69,1
70,0
71,4
72,0
73,1
74,0
75,1
76,2
77,3
78,2
79,2
80,0
81,2
82,1
83,2
84,1
85,1
86,0
87,1
88,1
89,2
90,0
91,2
92,2
93,3
94,3
95,2
96,3
97,2
98,0
99,0
100,2
101,1
102,2
103,1
104,1
105,2
106,2
107,4
108,0
109,0
110,0
111,4
112,0
113,2
114,2
115,0
116,2
117,2
118,2
119,0
120,1
121,2
122,2
123,0
124,2
125,2
126,1
127,2
128,3
129,0
130,1
131,1
132,1
133,3
134,1
135,0
136,1
137,2
138,1
139,1
140,2
141,1
142,1
143,3
144,3
145,1
146,1
147,3
148,1
149,1
150,3
151,0
152,0
153,0
154,1
155,4
156,1
157,1
158,0
159,1
160,0
161,1
162,2
163,0
164,7
165,0
166,5
167,1
168,1
169,0
170,2
171,1
172,2
173,2
174,1
175,3
176,0
177,0
178,2
179,4
180,3
181,0
182,2
183,2
184,0
185,2
186,0
187,0
188,2
189,1
190,0
191,1
192,3
193,2
194,1
195,1
196,2
197,2
198,3
199,1
200,2
201,2
202,1
203,1
204,0
205,0
206,1
207,1
208,3
209,3
210,1
211,2
212,0
213,1
214,1
215,1
216,1
217,2
218,1
219,1
220,5
221,1
222,2
223,4
224,1
225,2
226,1
227,1
228,2
229,2
230,4
231,2
232,1
233,3
234,1
235,1
236,0
237,3
238,0
239,1
240,3
241,1
242,1
243,0
244,2
245,1
246,1
247,1
248,2
249,2
250,1
251,3
252,1
253,1
254,4
255,3
256,2
257,3
258,1
259,1
260,1
261,1
262,3
263,0
264,1
265,1
266,0
267,1
268,0
269,3
270,2
271,1
272,1
273,1
274,1
275,0
276,2
277,2
278,0
279,1
280,0
281,1
282,1
283,0
284,2
285,1
286,2
287,0
288,1
289,2
290,5
291,0
292,3
293,2
294,0
295,2
296,3
297,5
298,3
299,0
300,1
301,2
302,0
303,0
304,1
305,0
306,0
307,0
308,1
309,3
310,2
311,1
312,1
313,1
314,0
315,3
316,1
317,1
318,2
319,0
320,1
321,2
322,1
323,0
324,0
325,0
326,3
327,0
328,0
329,1
330,4
331,3
332,2
333,0
334,3
335,2
336,1
337,3
338,0
339,2
340,1
341,1
342,0
343,0
344,1
345,2
346,1
347,3
348,1
349,1
350,1
351,5
352,1
353,2
354,5
355,2
356,1
357,1
358,0
359,1
360,0
361,3
362,3
363,0
364,2
365,1
366,2
367,3
368,3
369,0
370,3
371,1
372,0
373,0
374,0
375,1
376,0
377,0
378,3
379,0
380,2
381,2
382,3
383,0
384,1
385,0
386,1
387,2
388,3
389,3
390,4
391,0
392,4
393,0
394,2
395,2
396,3
397,1
398,0
399,2
400,3
401,2
402,3
403,1
404,0
405,0
406,1
407,2
408,0
409,2
410,3
411,1
412,0
413,3
414,2
415,2
416,1
417,0
418,0
419,0
420,3
421,1
422,2
423,2
424,0
425,3
426,1
427,3
428,4
429,0
430,1
431,1
432,1
433,0
434,3
435,2
436,1
437,2
438,1
439,2
440,4
441,0
442,2
443,2
444,4
445,4
446,2
447,1
448,2
449,0
450,1
451,1
452,4
453,3
454,1
455,0
456,0
457,3
458,3
459,2
460,1
461,2
462,2
463,1
464,0
465,3
466,4
467,2
468,3
469,0
470,1
471,5
472,5
473,0
474,0
475,4
476,0
477,1
478,2
479,1
480,1
481,1
482,0
483,1
484,1
485,1
486,1
487,1
488,0
489,2
490,2
491,1
492,1
493,3
494,0
495,3
496,2
497,2
498,1
499,2
500,2
501,3
502,0
503,2
504,0
505,2
506,2
507,1
508,2
509,1
510,1
511,0
512,0
513,1
514,1
515,2
516,2
517,1
518,1
519,1
520,0
521,2
522,1
523,2
524,1
525,2
526,0
527,1
528,0
529,3
530,2
531,3
532,2
533,1
534,2
535,2
536,2
537,1
538,5
539,2
540,3
541,0
542,0
543,0
544,2
545,3
546,1
547,3
548,3
549,0
550,4
551,3
552,0
553,3
554,0
555,1
556,1
557,3
558,2
559,2
560,2
561,1
562,0
563,1
564,2
565,2
566,0
567,1
568,3
569,0
570,1
571,2
572,1
573,2
574,3
575,1
576,2
577,3
578,1
579,1
580,3
581,0
582,3
583,1
584,1
585,1
586,2
587,0
588,0
589,2
590,3
591,1
592,2
593,0
594,3
595,1
596,0
597,0
598,1
599,0
600,4
601,4
602,2
603,2
604,1
605,2
606,2
607,1
608,0
609,2
610,1
611,2
612,0
613,1
614,0
615,1
616,2
617,1
618,1
619,1
620,2
621,1
622,2
623,2
624,1
625,1
626,1
627,3
628,2
629,4
630,0
631,1
632,2
633,3
634,4
635,1
636,1
637,2
638,2
639,2
640,1
641,1
642,4
643,1
644,5
645,1
646,3
647,4
648,0
649,2
650,3
651,1
652,0
653,3
654,2
655,0
656,3
657,2
658,2
659,0
660,2
661,1
662,1
663,1
664,2
665,2
666,3
667,2
668,0
669,0
670,2
671,0
672,1
673,2
674,1
675,0
676,4
677,0
678,3
679,0
680,1
681,2
682,2
683,1
684,1
685,1
686,5
687,2
688,1
689,2
690,1
691,1
692,1
693,2
694,2
695,1
696,1
697,1
698,1
699,1
700,1
701,1
702,1
703,1
704,1
705,1
706,2
707,3
708,2
709,1
710,2
711,0
712,0
713,2
714,2
715,1
716,3
717,1
718,1
719,3
720,0
721,3
722,2
723,2
724,1
725,1
726,1
727,2
728,2
729,1
730,2
731,0
732,1
733,0
734,1
735,2
736,0
737,2
738,0
739,1
740,2
741,0
742,1
743,1
744,0
745,1
746,2
747,1
748,0
749,1
750,1
751,2
752,1
753,2
754,2
755,3
756,2
757,1
758,0
759,2
760,0
761,1
762,1
763,1
764,2
765,0
766,0
767,3
768,3
769,1
770,0
771,2
772,3
773,1
774,0
775,0
776,0
777,2
778,1
779,2
780,0
781,2
782,4
783,0
784,2
785,3
786,1
787,1
788,2
789,0
790,1
791,1
792,0
793,1
794,1
795,1
796,3
797,1
798,3
799,2
800,2
801,2
802,1
803,1
804,0
805,2
806,0
807,0
808,2
809,1
810,1
811,3
812,0
813,2
814,2
815,1
816,1
817,2
818,2
819,1
820,2
821,1
822,1
823,1
824,2
825,1
826,3
827,2
828,2
829,2
830,1
831,2
832,0
833,4
834,2
835,1
836,2
837,0
838,3
839,1
840,3
841,1
842,2
843,2
844,3
845,2
846,0
847,1
848,1
849,2
850,1
851,2
852,2
853,3
854,2
855,2
856,2
857,1
858,2
859,1
860,0
861,3
862,1
863,3
864,3
865,0
866,3
867,1
868,1
869,1
870,2
871,1
872,2
873,0
874,0
875,2
876,1
877,1
878,1
879,2
880,2
881,4
882,0
883,1
884,2
885,1
886,1
887,0
888,1
889,1
890,0
891,1
892,1
893,0
894,3
895,0
896,2
897,1
898,3
899,0
900,2
901,0
902,1
903,2
904,4
905,2
906,2
907,0
908,1
909,0
910,0
911,1
912,3
913,1
914,3
915,0
916,4
917,2
918,1
919,1
920,2
921,1
922,0
923,3
924,0
925,1
926,1
927,3
928,1
929,2
930,3
931,1
932,2
933,0
934,1
935,2
936,1
937,2
938,1
939,1
940,1
941,1
942,1
943,0
944,2
945,1
946,0
947,1
948,4
949,2
950,1
951,2
952,2
953,0
954,1
955,2
956,0
957,0
958,3
959,3
960,3
961,0
962,2
963,3
964,0
965,0
966,0
967,4
968,2
969,1
970,4
971,1
972,1
973,1
974,2
975,4
976,1
977,0
978,2
979,1
980,2
981,1
982,1
983,1
984,1
985,1
986,1
987,3
988,0
989,0
990,0
991,1
992,2
993,0
994,1
995,3
996,0
997,0
998,3
999,1
1000,0
1001,1
1002,2
1003,0
1004,2
1005,1
1006,1
1007,1
1008,1
1009,3
1010,2
1011,2
1012,3
1013,5
1014,1
1015,1
1016,2
1017,0
1018,2
1019,2
1020,4
1021,2
1022,0
1023,0
1024,0
1025,0
1026,1
1027,1
1028,3
1029,2
1030,3
1031,1
1032,3
1033,1
1034,4
1035,2
1036,2
1037,1
1038,0
1039,1
1040,2
1041,0
1042,2
1043,1
1044,3
1045,0
1046,2
1047,3
1048,6
1049,2
1050,0
1051,0
1052,0
1053,0
1054,1
1055,0
1056,1
1057,2
1058,1
1059,1
1060,1
1061,0
1062,2
1063,1
1064,1
1065,1
1066,1
1067,0
1068,1
1069,2
1070,1
1071,2
1072,2
1073,2
1074,2
1075,2
1076,1
1077,2
1078,1
1079,2
1080,1
1081,1
1082,3
1083,2
1084,1
1085,1
1086,5
1087,0
1088,2
1089,3
1090,1
1091,3
1092,3
1093,2
1094,2
1095,0
1096,2
1097,1
1098,2
1099,1
1100,1
1101,1
1102,3
1103,1
1104,1
1105,3
1106,3
1107,2
1108,2
1109,1
1110,1
1111,1
1112,2
1113,2
1114,3
1115,0
1116,1
1117,2
1118,0
1119,0
1120,2
1121,0
1122,2
1123,1
1124,0
1125,5
1126,3
1127,2
1128,1
1129,1
1130,0
1131,2
1132,1
1133,0
1134,2
1135,3
1136,1
1137,2
1138,0
1139,2
1140,0
1141,2
1142,3
1143,3
1144,3
1145,0
1146,2
1147,2
1148,2
1149,1
1150,0
1151,1
1152,1
1153,2
1154,3
1155,2
1156,1
1157,0
1158,1
1159,2
1160,2
1161,2
1162,3
1163,2
1164,2
1165,1
1166,1
1167,3
1168,0
1169,2
1170,0
1171,0
1172,2
1173,1
1174,1
1175,0
1176,1
1177,1
1178,3
1179,1
1180,0
1181,1
1182,3
1183,4
1184,1
1185,4
1186,1
1187,2
1188,1
1189,4
1190,3
1191,0
1192,1
1193,2
1194,1
1195,4
1196,2
1197,2
1198,5
1199,1
1200,1
1201,2
1202,1
1203,2
1204,2
1205,4
1206,0
1207,2
1208,1
1209,0
1210,0
1211,2
1212,2
1213,1
1214,1
1215,2
1216,0
1217,2
1218,0
1219,0
1220,2
1221,2
1222,2
1223,3
1224,2
1225,1
1226,4
1227,2
1228,1
1229,0
1230,3
1231,1
1232,3
1233,0
1234,2
1235,1
1236,1
1237,2
1238,0
1239,3
1240,2
1241,2
1242,0
1243,0
1244,1
1245,1
1246,1
1247,2
1248,1
1249,2
1250,1
1251,3
1252,0
1253,1
1254,0
1255,2
1256,3
1257,4
1258,4
1259,3
1260,3
1261,1
1262,1
1263,3
1264,1
1265,0
1266,1
1267,2
1268,0
1269,2
1270,0
1271,2
1272,2
1273,2
1274,1
1275,1
1276,1
1277,3
1278,3
1279,3
1280,2
1281,1
1282,1
1283,0
1284,1
1285,2
1286,1
1287,1
1288,1
1289,2
1290,2
1291,5
1292,0
1293,1
1294,1
1295,0
1296,2
1297,1
1298,1
1299,1
1300,5
1301,2
1302,0
1303,2
1304,0
1305,1
1306,0
1307,2
1308,1
1309,1
1310,2
1311,2
1312,2
1313,2
1314,3
1315,2
1316,2
1317,1
1318,2
1319,1
1320,5
1321,0
1322,0
1323,1
1324,6
1325,0
1326,3
1327,1
1328,2
1329,0
1330,1
1331,2
1332,1
1333,3
1334,0
1335,3
1336,0
1337,0
1338,1
1339,0
1340,3
1341,0
1342,0
1343,2
1344,3
1345,0
1346,0
1347,0
1348,1
1349,2
1350,0
1351,1
1352,2
1353,1
1354,5
1355,0
1356,3
1357,1
1358,0
1359,1
1360,1
1361,1
1362,0
1363,4
1364,3
1365,2
1366,2
1367,1
1368,3
1369,1
1370,1
1371,2
1372,0
1373,1
1374,1
1375,1
1376,2
1377,0
1378,0
1379,5
1380,0
1381,1
1382,3
1383,0
1384,0
1385,1
1386,1
1387,0
1388,3
1389,0
1390,0
1391,2
1392,1
1393,1
1394,3
1395,3
1396,1
1397,2
1398,2
1399,1
1400,1
1401,2
1402,0
1403,2
1404,0
1405,2
1406,0
1407,3
1408,1
1409,2
1410,2
1411,3
1412,1
1413,1
1414,2
1415,1
1416,1
1417,1
1418,0
1419,2
1420,0
1421,3
1422,0
1423,0
1424,4
1425,1
1426,3
1427,2
1428,2
1429,1
1430,2
1431,3
1432,2
1433,1
1434,5
1435,3
1436,1
1437,3
1438,0
1439,2
1440,3
1441,3
1442,0
1443,2
1444,0
1445,2
1446,1
1447,4
1448,0
1449,3
1450,0
1451,2
1452,2
1453,1
1454,0
1455,1
1456,1
1457,0
1458,1
1459,1
1460,1
1461,0
1462,1
1463,2
1464,0
1465,3
1466,2
1467,3
1468,3
1469,1
1470,2
1471,2
1472,1
1473,4
1474,2
1475,2
1476,1
1477,0
1478,4
1479,0
1480,2
1481,2
1482,2
1483,1
1484,1
1485,1
1486,3
1487,3
1488,1
1489,0
1490,2
1491,3
1492,1
1493,1
1494,0
1495,3
1496,1
1497,2
1498,1
1499,1
1500,2
1501,1
1502,1
1503,2
1504,2
1505,1
1506,1
1507,2
1508,2
1509,0
1510,2
1511,1
1512,0
1513,1
1514,1
1515,0
1516,2
1517,1
1518,0
1519,1
1520,0
1521,2
1522,4
1523,1
1524,3
1525,2
1526,0
1527,2
1528,1
1529,3
1530,2
1531,1
1532,2
1533,0
1534,0
1535,1
1536,4
1537,1
1538,4
1539,2
1540,0
1541,0
1542,0
1543,2
1544,1
1545,2
1546,0
1547,0
1548,2
1549,3
1550,2
1551,0
1552,1
1553,2
1554,2
1555,2
1556,2
1557,1
1558,0
1559,0
1560,3
1561,1
1562,2
1563,1
1564,3
1565,1
1566,2
1567,3
1568,1
1569,0
1570,2
1571,2
1572,2
1573,1
1574,3
1575,1
1576,1
1577,1
1578,1
1579,0
1580,0
1581,0
1582,4
1583,3
1584,1
1585,1
1586,3
1587,1
1588,4
1589,1
1590,2
1591,3
1592,2
1593,2
1594,0
1595,1
1596,2
1597,2
1598,1
1599,2
1600,1
1601,2
1602,1
1603,1
1604,0
1605,0
1606,1
1607,0
1608,0
1609,2
1610,1
1611,1
1612,2
1613,2
1614,0
1615,2
1616,1
1617,2
1618,0
1619,2
1620,1
1621,0
1622,1
1623,1
1624,2
1625,0
1626,2
1627,1
1628,2
1629,0
1630,1
1631,1
1632,2
1633,1
1634,0
1635,2
1636,0
1637,3
1638,0
1639,4
1640,2
1641,0
1642,2
1643,1
1644,2
1645,1
1646,3
1647,0
1648,2
1649,2
1650,2
1651,0
1652,3
1653,1
1654,1
1655,1
1656,1
1657,2
1658,4
1659,1
1660,3
1661,3
1662,0
1663,1
1664,0
1665,1
1666,2
1667,0
1668,5
1669,1
1670,2
1671,1
1672,1
1673,4
1674,1
1675,3
1676,2
1677,1
1678,1
1679,0
1680,3
1681,2
1682,1
1683,1
1684,2
1685,1
1686,1
1687,1
1688,1
1689,0
1690,1
1691,1
1692,0
1693,0
1694,2
1695,0
1696,3
1697,1
1698,0
1699,1
1700,1
1701,1
1702,1
1703,2
1704,0
1705,2
1706,1
1707,1
1708,2
1709,0
1710,1
1711,3
1712,0
1713,0
1714,2
1715,4
1716,3
1717,2
1718,2
1719,1
1720,2
1721,2
1722,0
1723,2
1724,1
1725,1
1726,4
1727,0
1728,2
1729,4
1730,1
1731,1
1732,3
1733,3
1734,0
1735,1
1736,2
1737,1
1738,1
1739,1
1740,1
1741,1
1742,2
1743,0
1744,1
1745,3
1746,1
1747,2
1748,1
1749,1
1750,0
1751,2
1752,2
1753,5
1754,2
1755,1
1756,3
1757,4
1758,2
1759,3
1760,1
1761,3
1762,1
1763,4
1764,2
1765,2
1766,3
1767,0
1768,4
1769,1
1770,3
1771,3
1772,0
1773,2
1774,1
1775,1
1776,1
1777,3
1778,1
1779,1
1780,1
1781,2
1782,1
1783,0
1784,1
1785,0
1786,3
1787,3
1788,1
1789,1
1790,2
1791,1
1792,0
1793,1
1794,1
1795,1
1796,3
1797,2
1798,0
1799,2
1800,1
1801,4
1802,0
1803,1
1804,0
1805,3
1806,0
1807,2
1808,0
1809,2
1810,1
1811,1
1812,1
1813,0
1814,1
1815,4
1816,0
1817,2
1818,2
1819,3
1820,1
1821,1
1822,0
1823,0
1824,3
1825,2
1826,2
1827,0
1828,0
1829,2
1830,0
1831,2
1832,0
1833,4
1834,0
1835,1
1836,3
1837,1
1838,0
1839,1
1840,2
1841,0
1842,0
1843,0
1844,1
1845,6
1846,4
1847,1
1848,2
1849,1
1850,4
1851,3
1852,1
1853,0
1854,2
1855,2
1856,3
1857,2
1858,3
1859,0
1860,2
1861,1
1862,0
1863,1
1864,0
1865,2
1866,1
1867,2
1868,0
1869,0
1870,0
1871,4
1872,3
1873,2
1874,0
1875,2
1876,2
1877,3
1878,2
1879,5
1880,0
1881,2
1882,1
1883,1
1884,1
1885,2
1886,0
1887,5
1888,0
1889,3
1890,2
1891,2
1892,3
1893,0
1894,1
1895,1
1896,3
1897,1
1898,4
1899,0
1900,2
1901,2
1902,4
1903,2
1904,2
1905,2
1906,4
1907,1
1908,0
1909,2
1910,1
1911,0
1912,2
1913,2
1914,3
1915,2
1916,3
1917,2
1918,1
1919,1
1920,0
1921,2
1922,0
1923,0
1924,3
1925,2
1926,4
1927,3
1928,4
1929,0
1930,2
1931,1
1932,4
1933,3
1934,1
1935,5
1936,1
1937,1
1938,1
1939,0
1940,0
1941,1
1942,0
1943,4
1944,0
1945,4
1946,2
1947,2
1948,0
1949,1
1950,2
1951,0
1952,1
1953,3
1954,1
1955,1
1956,1
1957,2
1958,1
1959,3
1960,0
1961,1
1962,5
1963,1
1964,3
1965,2
1966,0
1967,1
1968,1
1969,1
1970,1
1971,1
1972,0
1973,2
1974,1
1975,1
1976,2
1977,3
1978,3
1979,2
1980,2
1981,3
1982,3
1983,1
1984,3
1985,2
1986,1
1987,0
1988,2
1989,0
1990,2
1991,0
1992,1
1993,1
1994,0
1995,1
1996,1
1997,3
1998,0
1999,1
2000,2
2001,0
2002,3
2003,1
2004,1
2005,1
2006,0
2007,4
2008,0
2009,3
2010,1
2011,3
2012,2
2013,3
2014,3
2015,0
2016,2
2017,4
2018,3
2019,3
2020,1
2021,1
2022,0
2023,1
2024,0
2025,3
2026,2
2027,2
2028,2
2029,5
2030,0
2031,0
2032,2
2033,3
2034,0
2035,0
2036,1
2037,2
2038,0
2039,2
2040,2
2041,2
2042,2
2043,1
2044,2
2045,1
2046,2
2047,0
2048,2
2049,2
2050,2
2051,2
2052,0
2053,0
2054,1
2055,2
2056,0
2057,1
2058,1
2059,1
2060,1
2061,3
2062,1
2063,1
2064,1
2065,2
2066,1
2067,0
2068,1
2069,1
2070,1
2071,2
2072,1
2073,1
2074,1
2075,4
2076,1
2077,0
2078,1
2079,0
2080,2
2081,2
2082,1
2083,1
2084,1
2085,3
2086,2
2087,1
2088,0
2089,2
2090,1
2091,3
2092,0
2093,0
2094,2
2095,2
2096,0
2097,2
2098,2
2099,0
2100,5
2101,2
2102,2
2103,0
2104,1
2105,1
2106,0
2107,3
2108,1
2109,1
2110,3
2111,2
2112,1
2113,2
2114,3
2115,3
2116,2
2117,2
2118,1
2119,1
2120,0
2121,0
2122,0
2123,1
2124,1
2125,2
2126,2
2127,2
2128,3
2129,1
2130,2
2131,1
2132,2
2133,1
2134,3
2135,1
2136,3
2137,1
2138,2
2139,1
2140,4
2141,0
2142,1
2143,2
2144,2
2145,1
2146,2
2147,1
2148,0
2149,2
2150,4
2151,1
2152,3
2153,1
2154,0
2155,3
2156,0
2157,1
2158,0
2159,1
2160,1
2161,0
2162,2
2163,0
2164,0
2165,2
2166,3
2167,0
2168,1
2169,2
2170,1
2171,0
2172,0
2173,2
2174,0
2175,0
2176,2
2177,4
2178,1
2179,1
2180,2
2181,2
2182,3
2183,1
2184,2
2185,2
2186,1
2187,3
2188,3
2189,1
2190,0
2191,3
2192,3
2193,1
2194,0
2195,0
2196,2
2197,2
2198,0
2199,2
2200,0
2201,2
2202,0
2203,0
2204,2
2205,3
2206,2
2207,2
2208,1
2209,0
2210,1
2211,1
2212,2
2213,3
2214,2
2215,0
2216,0
2217,1
2218,1
2219,1
2220,1
2221,0
2222,4
2223,1
2224,0
2225,1
2226,0
2227,5
2228,1
2229,2
2230,3
2231,2
2232,1
2233,0
2234,0
2235,0
2236,0
2237,0
2238,0
2239,1
2240,2
2241,3
2242,2
2243,1
2244,1
2245,1
2246,1
2247,0
2248,3
2249,2
2250,0
2251,0
2252,0
2253,1
2254,3
2255,0
2256,1
2257,3
2258,3
2259,1
2260,3
2261,1
2262,2
2263,4
2264,0
2265,0
2266,3
2267,1
2268,2
2269,0
2270,3
2271,4
2272,1
2273,1
2274,1
2275,2
2276,0
2277,2
2278,1
2279,1
2280,0
2281,0
2282,0
2283,3
2284,0
2285,2
2286,3
2287,2
2288,3
2289,1
2290,1
2291,6
2292,2
2293,2
2294,2
2295,1
2296,0
2297,0
2298,1
2299,3
2300,1
2301,3
2302,1
2303,0
2304,2
2305,3
2306,0
2307,0
2308,2
2309,2
2310,1
2311,2
2312,0
2313,1
2314,2
2315,2
2316,2
2317,1
2318,3
2319,0
2320,0
2321,0
2322,2
2323,3
2324,1
2325,3
2326,2
2327,0
2328,1
2329,3
2330,0
2331,3
2332,1
2333,0
2334,2
2335,0
2336,1
2337,1
2338,3
2339,0
2340,3
2341,2
2342,1
2343,2
2344,2
2345,2
2346,5
2347,1
2348,4
2349,0
2350,2
2351,0
2352,0
2353,2
2354,3
2355,1
2356,1
2357,0
2358,1
2359,0
2360,2
2361,0
2362,1
2363,2
2364,1
2365,1
2366,3
2367,1
2368,1
2369,2
2370,0
2371,2
2372,3
2373,0
2374,1
2375,1
2376,1
2377,3
2378,3
2379,1
2380,0
2381,5
2382,1
2383,0
2384,2
2385,4
2386,2
2387,1
2388,6
2389,0
2390,0
2391,2
2392,0
2393,0
2394,0
2395,2
2396,1
2397,1
2398,2
2399,1
2400,2
2401,2
2402,3
2403,1
2404,3
2405,1
2406,3
2407,1
2408,0
2409,1
2410,0
2411,1
2412,1
2413,2
2414,0
2415,2
2416,3
2417,4
2418,1
2419,2
2420,1
2421,0
2422,1
2423,0
2424,0
2425,1
2426,1
2427,2
2428,4
2429,0
2430,3
2431,3
2432,1
2433,1
2434,1
2435,3
2436,1
2437,2
2438,2
2439,1
2440,1
2441,3
2442,3
2443,1
2444,1
2445,3
2446,3
2447,2
2448,1
2449,2
2450,1
2451,1
2452,2
2453,3
2454,2
2455,5
2456,1
2457,2
2458,1
2459,1
2460,0
2461,1
2462,5
2463,0
2464,2
2465,0
2466,0
2467,1
2468,2
2469,1
2470,0
2471,1
2472,1
2473,1
2474,1
2475,2
2476,1
2477,0
2478,2
2479,0
2480,1
2481,1
2482,3
2483,1
2484,0
2485,0
2486,4
2487,4
2488,1
2489,1
2490,2
2491,3
2492,3
2493,2
2494,1
2495,0
2496,0
2497,0
2498,4
2499,0
2500,0
2501,1
2502,1
2503,0
2504,2
2505,2
2506,4
2507,2
2508,2
2509,1
2510,1
2511,0
2512,2
2513,0
2514,5
2515,2
2516,2
2517,1
2518,2
2519,0
2520,1
2521,1
2522,2
2523,1
2524,1
2525,1
2526,1
2527,1
2528,1
2529,0
2530,1
2531,1
2532,0
2533,2
2534,3
2535,2
2536,5
2537,1
2538,1
2539,2
2540,0
2541,0
2542,3
2543,1
2544,0
2545,2
2546,1
2547,1
2548,1
2549,0
2550,2
2551,2
2552,3
2553,3
2554,2
2555,2
2556,1
2557,1
2558,2
2559,0
2560,0
2561,2
2562,0
2563,0
2564,1
2565,0
2566,1
2567,3
2568,2
2569,0
2570,2
2571,2
2572,2
2573,2
2574,0
2575,2
2576,0
2577,1
2578,1
2579,2
2580,2
2581,2
2582,1
2583,2
2584,0
2585,1
2586,1
2587,2
2588,3
2589,0
2590,0
2591,1
2592,1
2593,4
2594,2
2595,2
2596,3
2597,1
2598,2
2599,0
2600,0
2601,1
2602,2
2603,2
2604,2
2605,4
2606,0
2607,1
2608,1
2609,2
2610,1
2611,2
2612,5
2613,2
2614,1
2615,3
2616,2
2617,2
2618,0
2619,0
2620,0
2621,1
2622,2
2623,2
2624,2
2625,0
2626,4
2627,0
2628,1
2629,2
2630,2
2631,2
2632,2
2633,2
2634,2
2635,0
2636,4
2637,0
2638,3
2639,1
2640,4
2641,1
2642,1
2643,1
2644,1
2645,1
2646,2
2647,2
2648,0
2649,2
2650,2
2651,2
2652,1
2653,5
2654,1
2655,2
2656,0
2657,2
2658,1
2659,1
2660,0
2661,2
2662,2
2663,4
2664,1
2665,1
2666,1
2667,0
2668,0
2669,1
2670,4
2671,0
2672,0
2673,4
2674,0
2675,2
2676,2
2677,0
2678,2
2679,1
2680,2
2681,1
2682,1
2683,2
2684,2
2685,4
2686,1
2687,2
2688,0
2689,1
2690,2
2691,2
2692,0
2693,0
2694,1
2695,0
2696,1
2697,3
2698,0
2699,0
2700,1
2701,2
2702,1
2703,1
2704,2
2705,2
2706,1
2707,4
2708,1
2709,1
2710,1
2711,2
2712,3
2713,1
2714,2
2715,3
2716,2
2717,3
2718,2
2719,3
2720,2
2721,3
2722,0
2723,1
2724,1
2725,2
2726,3
2727,2
2728,2
2729,2
2730,2
2731,0
2732,2
2733,0
2734,2
2735,2
2736,1
2737,1
2738,1
2739,2
2740,2
2741,1
2742,3
2743,2
2744,1
2745,1
2746,0
2747,1
2748,1
2749,4
2750,1
2751,2
2752,2
2753,1
2754,1
2755,2
2756,2
2757,2
2758,3
2759,0
2760,0
2761,2
2762,2
2763,0
2764,2
2765,0
2766,2
2767,2
2768,0
2769,0
2770,0
2771,3
2772,1
2773,0
2774,1
2775,1
2776,1
2777,3
2778,2
2779,1
2780,2
2781,4
2782,0
2783,0
2784,4
2785,2
2786,2
2787,3
2788,0
2789,1
2790,0
2791,0
2792,1
2793,2
2794,3
2795,2
2796,1
2797,1
2798,3
2799,1
2800,1
2801,0
2802,1
2803,0
2804,1
2805,3
2806,1
2807,1
2808,0
2809,0
2810,1
2811,2
2812,1
2813,0
2814,0
2815,1
2816,2
2817,1
2818,2
2819,3
2820,4
2821,0
2822,4
2823,2
2824,3
2825,2
2826,1
2827,1
2828,1
2829,0
2830,3
2831,0
2832,1
2833,1
2834,0
2835,1
2836,2
2837,1
2838,3
2839,2
2840,4
2841,2
2842,1
2843,0
2844,3
2845,1
2846,2
2847,3
2848,1
2849,0
2850,2
2851,2
2852,0
2853,2
2854,2
2855,0
2856,3
2857,2
2858,2
2859,3
2860,3
2861,3
2862,0
2863,5
2864,1
2865,2
2866,2
2867,2
2868,1
2869,1
2870,1
2871,3
2872,4
2873,1
2874,1
2875,0
2876,4
2877,0
2878,2
2879,2
2880,2
2881,1
2882,2
2883,2
2884,3
2885,1
2886,3
2887,2
2888,1
2889,3
2890,1
2891,1
2892,0
2893,2
2894,0
2895,1
2896,2
2897,2
2898,3
2899,1
2900,1
2901,3
2902,2
2903,0
2904,0
2905,0
2906,2
2907,2
2908,2
2909,1
2910,1
2911,0
2912,3
2913,0
2914,1
2915,3
2916,1
2917,2
2918,5
2919,2
2920,4
2921,0
2922,1
2923,1
2924,4
2925,1
2926,2
2927,2
2928,2
2929,1
2930,2
2931,1
2932,1
2933,3
2934,3
2935,2
2936,0
2937,0
2938,3
2939,0
2940,1
2941,0
2942,3
2943,1
2944,0
2945,1
2946,3
2947,1
2948,2
2949,2
2950,0
2951,0
2952,3
2953,0
2954,1
2955,2
2956,3
2957,3
2958,3
2959,1
2960,4
2961,3
2962,2
2963,0
2964,0
2965,2
2966,3
2967,3
2968,1
2969,0
2970,1
2971,0
2972,5
2973,1
2974,0
2975,2
2976,1
2977,2
2978,0
2979,3
2980,4
2981,3
2982,2
2983,4
2984,2
2985,1
2986,1
2987,1
2988,1
2989,1
2990,2
2991,2
2992,1
2993,0
2994,1
2995,4
2996,2
2997,0
2998,2
2999,1
3000,3
3001,0
3002,1
3003,1
3004,1
3005,5
3006,0
3007,1
3008,0
3009,0
3010,1
3011,1
3012,1
3013,1
3014,3
3015,0
3016,0
3017,2
3018,2
3019,4
3020,0
3021,1
3022,3
3023,1
3024,0
3025,1
3026,3
3027,2
3028,2
3029,3
3030,0
3031,1
3032,3
3033,0
3034,1
3035,0
3036,2
3037,1
3038,1
3039,1
3040,0
3041,2
3042,1
3043,2
3044,1
3045,1
3046,5
3047,3
3048,1
3049,2
3050,3
3051,1
3052,5
3053,0
3054,1
3055,3
3056,0
3057,1
3058,2
3059,4
3060,2
3061,3
3062,1
3063,1
3064,0
3065,1
3066,2
3067,2
3068,2
3069,4
3070,0
3071,2
3072,1
3073,0
3074,3
3075,1
3076,1
3077,1
3078,1
3079,1
3080,2
3081,1
3082,2
3083,0
3084,0
3085,2
3086,0
3087,2
3088,1
3089,1
3090,0
3091,1
3092,1
3093,2
3094,0
3095,1
3096,1
3097,1
3098,1
3099,3
3100,2
3101,3
3102,2
3103,1
3104,4
3105,1
3106,0
3107,1
3108,0
3109,2
3110,2
3111,0
3112,1
3113,0
3114,1
3115,1
3116,3
3117,0
3118,0
3119,0
3120,0
3121,0
3122,2
3123,1
3124,2
3125,1
3126,2
3127,2
3128,0
3129,0
3130,0
3131,2
3132,2
3133,0
3134,0
3135,1
3136,2
3137,1
3138,0
3139,0
3140,1
3141,2
3142,4
3143,4
3144,2
3145,1
3146,1
3147,2
3148,3
3149,1
3150,0
3151,3
3152,3
3153,2
3154,3
3155,1
3156,2
3157,3
3158,2
3159,0
3160,2
3161,0
3162,4
3163,1
3164,0
3165,3
3166,1
3167,0
3168,2
3169,1
3170,5
3171,2
3172,2
3173,1
3174,1
3175,2
3176,0
3177,2
3178,2
3179,6
3180,1
3181,4
3182,0
3183,3
3184,1
3185,2
3186,0
3187,3
3188,0
3189,2
3190,2
3191,0
3192,4
3193,0
3194,1
3195,0
3196,3
3197,1
3198,2
3199,2
3200,3
3201,0
3202,3
3203,3
3204,1
3205,0
3206,2
3207,2
3208,0
3209,0
3210,2
3211,0
3212,1
3213,2
3214,2
3215,0
3216,3
3217,0
3218,0
3219,1
3220,0
3221,3
3222,5
3223,1
3224,1
3225,0
3226,3
3227,1
3228,1
3229,1
3230,1
3231,0
3232,1
3233,3
3234,0
3235,2
3236,3
3237,0
3238,0
3239,1
3240,4
3241,3
3242,0
3243,0
3244,1
3245,1
3246,2
3247,1
3248,0
3249,1
3250,2
3251,2
3252,3
3253,1
3254,1
3255,0
3256,0
3257,0
3258,6
3259,2
3260,1
3261,1
3262,0
3263,2
3264,1
3265,2
3266,1
3267,0
3268,1
3269,2
3270,0
3271,1
3272,2
3273,2
3274,0
3275,5
3276,1
3277,1
3278,1
3279,2
3280,1
3281,1
3282,1
3283,6
3284,3
3285,3
3286,1
3287,1
3288,2
3289,2
3290,2
3291,2
3292,0
3293,1
3294,0
3295,1
3296,1
3297,1
3298,1
3299,3
3300,1
3301,4
3302,2
3303,0
3304,1
3305,1
3306,1
3307,0
3308,4
3309,4
3310,0
3311,1
3312,2
3313,1
3314,0
3315,0
3316,1
3317,4
3318,0
3319,0
3320,2
3321,2
3322,2
3323,0
3324,3
3325,1
3326,0
3327,1
3328,1
3329,1
3330,0
3331,3
3332,1
3333,1
3334,0
3335,0
3336,0
3337,2
3338,1
3339,2
3340,1
3341,1
3342,1
3343,0
3344,3
3345,2
3346,1
3347,4
3348,1
3349,1
3350,1
3351,5
3352,2
3353,1
3354,3
3355,2
3356,2
3357,2
3358,3
3359,0
3360,2
3361,1
3362,0
3363,0
3364,3
3365,2
3366,1
3367,1
3368,1
3369,0
3370,3
3371,6
3372,2
3373,1
3374,2
3375,2
3376,3
3377,0
3378,0
3379,2
3380,5
3381,1
3382,2
3383,1
3384,2
3385,5
3386,1
3387,3
3388,2
3389,0
3390,2
3391,0
3392,0
3393,0
3394,1
3395,1
3396,0
3397,2
3398,2
3399,2
3400,2
3401,2
3402,1
3403,1
3404,3
3405,2
3406,3
3407,1
3408,1
3409,1
3410,1
3411,2
3412,1
3413,3
3414,0
3415,1
3416,4
3417,0
3418,1
3419,2
3420,0
3421,3
3422,2
3423,2
3424,3
3425,1
3426,1
3427,1
3428,0
3429,1
3430,1
3431,1
3432,1
3433,3
3434,0
3435,0
3436,0
3437,1
3438,0
3439,2
3440,0
3441,3
3442,0
3443,2
3444,2
3445,1
3446,0
3447,0
3448,2
3449,2
3450,2
3451,1
3452,1
3453,1
3454,0
3455,0
3456,2
3457,2
3458,4
3459,3
3460,2
3461,0
3462,1
3463,1
3464,2
3465,4
3466,4
3467,3
3468,3
3469,1
3470,1
3471,2
3472,2
3473,2
3474,0
3475,0
3476,1
3477,1
3478,1
3479,3
3480,0
3481,0
3482,1
3483,1
3484,1
3485,1
3486,0
3487,0
3488,1
3489,2
3490,0
3491,3
3492,1
3493,3
3494,3
3495,0
3496,1
3497,1
3498,2
3499,3
3500,4
3501,1
3502,0
3503,4
3504,1
3505,2
3506,1
3507,0
3508,2
3509,3
3510,1
3511,1
3512,1
3513,2
3514,4
3515,0
3516,3
3517,0
3518,0
3519,0
3520,0
3521,1
3522,3
3523,1
3524,2
3525,0
3526,0
3527,1
3528,2
3529,1
3530,0
3531,2
3532,1
3533,1
3534,0
3535,1
3536,1
3537,2
3538,1
3539,1
3540,4
3541,0
3542,1
3543,1
3544,1
3545,1
3546,2
3547,1
3548,1
3549,1
3550,5
3551,0
3552,0
3553,2
3554,0
3555,1
3556,3
3557,0
3558,1
3559,0
3560,3
3561,1
3562,2
3563,1
3564,4
3565,1
3566,1
3567,1
3568,0
3569,0
3570,1
3571,3
3572,1
3573,0
3574,1
3575,1
3576,2
3577,2
3578,3
3579,0
3580,3
3581,1
3582,0
3583,2
3584,3
3585,2
3586,3
3587,3
3588,4
3589,2
3590,2
3591,1
3592,2
3593,0
3594,0
3595,2
3596,0
3597,1
3598,1
3599,2
3600,1
3601,3
3602,2
3603,1
3604,0
3605,1
3606,4
3607,1
3608,3
3609,2
3610,2
3611,1
3612,0
3613,2
3614,1
3615,0
3616,5
3617,1
3618,1
3619,0
3620,3
3621,1
3622,1
3623,0
3624,1
3625,0
3626,0
3627,4
3628,0
3629,0
3630,3
3631,3
3632,1
3633,1
3634,4
3635,2
3636,1
3637,2
3638,0
3639,2
3640,2
3641,1
3642,4
3643,4
3644,2
3645,1
3646,1
3647,1
3648,2
3649,1
3650,1
3651,0
3652,3
3653,2
3654,1
3655,0
3656,1
3657,3
3658,2
3659,1
3660,1
3661,3
3662,0
3663,1
3664,1
3665,2
3666,1
3667,2
3668,2
3669,1
3670,1
3671,2
3672,1
3673,0
3674,1
3675,2
3676,4
3677,0
3678,2
3679,3
3680,2
3681,1
3682,1
3683,0
3684,1
3685,0
3686,1
3687,2
3688,2
3689,0
3690,3
3691,1
3692,0
3693,1
3694,2
3695,3
3696,1
3697,5
3698,2
3699,2
3700,1
3701,3
3702,2
3703,3
3704,4
3705,0
3706,3
3707,1
3708,1
3709,1
3710,3
3711,1
3712,0
3713,2
3714,0
3715,3
3716,1
3717,3
3718,3
3719,1
3720,2
3721,3
3722,6
3723,1
3724,2
3725,2
3726,0
3727,1
3728,0
3729,0
3730,1
3731,2
3732,1
3733,1
3734,2
3735,5
3736,1
3737,4
3738,0
3739,1
3740,3
3741,3
3742,0
3743,3
3744,0
3745,1
3746,2
3747,1
3748,2
3749,2
3750,3
3751,2
3752,2
3753,4
3754,1
3755,2
3756,1
3757,2
3758,0
3759,0
3760,1
3761,0
3762,3
3763,1
3764,3
3765,1
3766,2
3767,1
3768,4
3769,2
3770,0
3771,1
3772,0
3773,1
3774,4
3775,0
3776,2
3777,1
3778,1
3779,2
3780,2
3781,1
3782,0
3783,1
3784,0
3785,0
3786,3
3787,3
3788,0
3789,0
3790,1
3791,1
3792,2
3793,5
3794,0
3795,2
3796,1
3797,0
3798,0
3799,0
3800,1
3801,2
3802,2
3803,1
3804,2
3805,0
3806,1
3807,0
3808,2
3809,1
3810,1
3811,2
3812,2
3813,2
3814,2
3815,2
3816,1
3817,0
3818,3
3819,0
3820,3
3821,0
3822,1
3823,1
3824,1
3825,3
3826,0
3827,0
3828,2
3829,1
3830,0
3831,1
3832,0
3833,0
3834,0
3835,1
3836,0
3837,4
3838,0
3839,2
3840,3
3841,2
3842,2
3843,0
3844,3
3845,2
3846,0
3847,0
3848,0
3849,3
3850,0
3851,2
3852,4
3853,2
3854,4
3855,1
3856,0
3857,3
3858,2
3859,4
3860,2
3861,1
3862,0
3863,1
3864,1
3865,3
3866,5
3867,0
3868,2
3869,1
3870,0
3871,2
3872,3
3873,4
3874,3
3875,1
3876,1
3877,2
3878,1
3879,4
3880,1
3881,2
3882,3
3883,3
3884,3
3885,2
3886,1
3887,2
3888,2
3889,0
3890,1
3891,2
3892,0
3893,2
3894,0
3895,2
3896,4
3897,2
3898,3
3899,2
3900,1
3901,6
3902,2
3903,1
3904,4
3905,1
3906,2
3907,1
3908,2
3909,4
3910,0
3911,1
3912,2
3913,2
3914,2
3915,1
3916,1
3917,2
3918,5
3919,1
3920,2
3921,1
3922,2
3923,2
3924,1
3925,2
3926,0
3927,2
3928,1
3929,1
3930,1
3931,1
3932,2
3933,1
3934,1
3935,1
3936,0
3937,3
3938,1
3939,4
3940,1
3941,2
3942,2
3943,2
3944,2
3945,2
3946,4
3947,2
3948,1
3949,0
3950,4
3951,1
3952,3
3953,0
3954,2
3955,2
3956,0
3957,3
3958,0
3959,0
3960,1
3961,1
3962,4
3963,2
3964,2
3965,0
3966,2
3967,2
3968,0
3969,3
3970,1
3971,0
3972,2
3973,0
3974,0
3975,1
3976,0
3977,1
3978,0
3979,1
3980,4
3981,0
3982,2
3983,1
3984,0
3985,4
3986,4
3987,2
3988,2
3989,4
3990,0
3991,5
3992,0
3993,1
3994,2
3995,4
3996,0
3997,0
3998,0
3999,0
4000,0
4001,2
4002,1
4003,0
4004,1
4005,1
4006,3
4007,0
4008,2
4009,1
4010,0
4011,3
4012,0
4013,4
4014,1
4015,1
4016,1
4017,1
4018,0
4019,1
4020,1
4021,1
4022,1
4023,2
4024,0
4025,0
4026,2
4027,3
4028,1
4029,1
4030,4
4031,0
4032,2
4033,0
4034,3
4035,3
4036,0
4037,0
4038,1
4039,1
4040,1
4041,2
4042,2
4043,0
4044,2
4045,0
4046,1
4047,4
4048,0
4049,4
4050,4
4051,1
4052,0
4053,2
4054,1
4055,3
4056,1
4057,1
4058,1
4059,0
4060,0
4061,2
4062,2
4063,3
4064,2
4065,2
4066,2
4067,2
4068,1
4069,2
4070,2
4071,2
4072,4
4073,2
4074,2
4075,1
4076,1
4077,2
4078,1
4079,2
4080,2
4081,1
4082,0
4083,1
4084,0
4085,3
4086,0
4087,0
4088,1
4089,0
4090,1
4091,1
4092,0
4093,2
4094,1
4095,2
4096,0
4097,0
4098,2
4099,2
4100,1
4101,2
4102,3
4103,4
4104,1
4105,1
4106,1
4107,1
4108,2
4109,3
4110,2
4111,0
4112,2
4113,2
4114,0
4115,2
4116,3
4117,2
4118,3
4119,0
4120,1
4121,2
4122,0
4123,1
4124,2
4125,1
4126,1
4127,1
4128,1
4129,1
4130,3
4131,4
4132,0
4133,0
4134,2
4135,2
4136,4
4137,1
4138,4
4139,1
4140,2
4141,0
4142,2
4143,1
4144,0
4145,1
4146,1
4147,2
4148,2
4149,4
4150,3
4151,0
4152,2
4153,4
4154,1
4155,2
4156,4
4157,4
4158,0
4159,0
4160,2
4161,0
4162,1
4163,2
4164,1
4165,4
4166,4
4167,1
4168,2
4169,4
4170,2
4171,2
4172,0
4173,2
4174,1
4175,2
4176,1
4177,0
4178,2
4179,3
4180,1
4181,0
4182,0
4183,1
4184,3
4185,5
4186,2
4187,0
4188,0
4189,5
4190,1
4191,3
4192,0
4193,1
4194,1
4195,2
4196,3
4197,3
4198,0
4199,1
4200,2
4201,0
4202,1
4203,0
4204,2
4205,3
4206,1
4207,1
4208,1
4209,1
4210,1
4211,3
4212,4
4213,0
4214,2
4215,4
4216,1
4217,1
4218,3
4219,1
4220,2
4221,0
4222,2
4223,1
4224,1
4225,3
4226,0
4227,0
4228,3
4229,4
4230,3
4231,1
4232,1
4233,0
4234,0
4235,2
4236,2
4237,2
4238,0
4239,3
4240,3
4241,0
4242,0
4243,3
4244,3
4245,0
4246,0
4247,3
4248,5
4249,0
4250,2
4251,1
4252,1
4253,2
4254,1
4255,0
4256,3
4257,1
4258,4
4259,3
4260,1
4261,1
4262,4
4263,2
4264,3
4265,2
4266,0
4267,2
4268,2
4269,2
4270,2
4271,2
4272,3
4273,2
4274,4
4275,2
4276,4
4277,3
4278,5
4279,3
4280,0
4281,1
4282,1
4283,3
4284,2
4285,3
4286,1
4287,1
4288,2
4289,2
4290,1
4291,1
4292,1
4293,2
4294,4
4295,2
4296,0
4297,2
4298,2
4299,1
4300,2
4301,3
4302,2
4303,0
4304,1
4305,1
4306,0
4307,0
4308,1
4309,0
4310,1
4311,0
4312,1
4313,1
4314,2
4315,0
4316,0
4317,3
4318,1
4319,0
4320,1
4321,7
4322,1
4323,1
4324,1
4325,1
4326,0
4327,1
4328,1
4329,1
4330,2
4331,0
4332,1
4333,0
4334,0
4335,3
4336,1
4337,1
4338,1
4339,1
4340,0
4341,1
4342,4
4343,2
4344,5
4345,1
4346,3
4347,3
4348,4
4349,3
4350,1
4351,3
4352,0
4353,0
4354,1
4355,1
4356,3
4357,2
4358,0
4359,2
4360,0
4361,2
4362,2
4363,1
4364,1
4365,4
4366,2
4367,0
4368,1
4369,2
4370,3
4371,2
4372,0
4373,2
4374,4
4375,2
4376,0
4377,1
4378,3
4379,6
4380,5
4381,1
4382,2
4383,3
4384,1
4385,1
4386,0
4387,1
4388,2
4389,1
4390,3
4391,1
4392,3
4393,1
4394,1
4395,1
4396,1
4397,2
4398,1
4399,1
4400,1
4401,4
4402,3
4403,3
4404,1
4405,1
4406,1
4407,2
4408,1
4409,0
4410,2
4411,0
4412,3
4413,2
4414,2
4415,0
4416,2
4417,2
4418,2
4419,2
4420,4
4421,2
4422,0
4423,0
4424,4
4425,1
4426,2
4427,0
4428,0
4429,0
4430,1
4431,0
4432,0
4433,1
4434,2
4435,0
4436,3
4437,1
4438,2
4439,2
4440,2
4441,2
4442,2
4443,2
4444,0
4445,1
4446,0
4447,1
4448,1
4449,3
4450,0
4451,1
4452,1
4453,1
4454,1
4455,3
4456,0
4457,2
4458,4
4459,2
4460,0
4461,2
4462,1
4463,3
4464,0
4465,2
4466,3
4467,3
4468,1
4469,0
4470,0
4471,1
4472,1
4473,2
4474,0
4475,0
4476,2
4477,4
4478,2
4479,1
4480,3
4481,3
4482,2
4483,2
4484,1
4485,3
4486,1
4487,0
4488,0
4489,2
4490,1
4491,4
4492,0
4493,2
4494,2
4495,0
4496,4
4497,2
4498,0
4499,0
4500,2
4501,2
4502,1
4503,1
4504,1
4505,1
4506,2
4507,2
4508,2
4509,1
4510,0
4511,0
4512,0
4513,2
4514,1
4515,3
4516,4
4517,1
4518,3
4519,3
4520,1
4521,2
4522,3
4523,3
4524,1
4525,0
4526,1
4527,2
4528,2
4529,1
4530,0
4531,3
4532,1
4533,3
4534,2
4535,2
4536,2
4537,1
4538,1
4539,1
4540,1
4541,2
4542,0
4543,2
4544,2
4545,2
4546,2
4547,0
4548,0
4549,1
4550,0
4551,2
4552,2
4553,1
4554,0
4555,2
4556,2
4557,1
4558,4
4559,0
4560,3
4561,0
4562,4
4563,2
4564,0
4565,1
4566,2
4567,0
4568,2
4569,1
4570,1
4571,0
4572,1
4573,1
4574,2
4575,1
4576,1
4577,1
4578,3
4579,1
4580,3
4581,3
4582,0
4583,1
4584,2
4585,1
4586,0
4587,1
4588,2
4589,2
4590,1
4591,1
4592,1
4593,0
4594,0
4595,0
4596,1
4597,1
4598,2
4599,3
4600,2
4601,1
4602,1
4603,4
4604,3
4605,4
4606,2
4607,1
4608,0
4609,0
4610,4
4611,1
4612,2
4613,3
4614,2
4615,1
4616,1
4617,0
4618,1
4619,1
4620,3
4621,0
4622,4
4623,1
4624,1
4625,2
4626,3
4627,3
4628,0
4629,3
4630,2
4631,0
4632,1
4633,1
4634,2
4635,1
4636,0
4637,1
4638,1
4639,1
4640,0
4641,1
4642,0
4643,4
4644,1
4645,0
4646,1
4647,3
4648,1
4649,1
4650,1
4651,1
4652,1
4653,2
4654,3
4655,1
4656,1
4657,5
4658,0
4659,1
4660,2
4661,1
4662,0
4663,1
4664,4
4665,2
4666,1
4667,2
4668,1
4669,3
4670,4
4671,1
4672,1
4673,2
4674,4
4675,1
4676,4
4677,1
4678,3
4679,2
4680,0
4681,1
4682,2
4683,3
4684,2
4685,3
4686,1
4687,1
4688,0
4689,0
4690,2
4691,4
4692,0
4693,1
4694,1
4695,1
4696,2
4697,0
4698,4
4699,5
4700,2
4701,3
4702,0
4703,1
4704,2
4705,2
4706,0
4707,1
4708,1
4709,0
4710,1
4711,3
4712,2
4713,1
4714,0
4715,0
4716,4
4717,2
4718,0
4719,0
4720,1
4721,1
4722,0
4723,0
4724,2
4725,5
4726,1
4727,1
4728,0
4729,0
4730,2
4731,0
4732,3
4733,1
4734,1
4735,2
4736,1
4737,0
4738,3
4739,1
4740,3
4741,4
4742,0
4743,1
4744,2
4745,0
4746,3
4747,2
4748,2
4749,0
4750,2
4751,1
4752,3
4753,2
4754,2
4755,1
4756,1
4757,0
4758,1
4759,0
4760,1
4761,1
4762,1
4763,1
4764,1
4765,1
4766,0
4767,2
4768,1
4769,0
4770,1
4771,2
4772,2
4773,0
4774,2
4775,0
4776,1
4777,1
4778,2
4779,0
4780,0
4781,2
4782,0
4783,0
4784,0
4785,4
4786,2
4787,0
4788,2
4789,1
4790,1
4791,0
4792,1
4793,2
4794,1
4795,2
4796,1
4797,1
4798,0
4799,2
4800,2
4801,1
4802,0
4803,0
4804,3
4805,0
4806,1
4807,2
4808,1
4809,3
4810,0
4811,0
4812,4
4813,2
4814,3
4815,3
4816,1
4817,1
4818,0
4819,1
4820,0
4821,0
4822,0
4823,4
4824,1
4825,1
4826,1
4827,0
4828,1
4829,1
4830,2
4831,3
4832,0
4833,3
4834,3
4835,2
4836,4
4837,0
4838,0
4839,2
4840,1
4841,1
4842,2
4843,0
4844,4
4845,2
4846,0
4847,0
4848,1
4849,3
4850,1
4851,2
4852,1
4853,4
4854,1
4855,1
4856,1
4857,0
4858,5
4859,1
4860,1
4861,0
4862,1
4863,2
4864,0
4865,1
4866,0
4867,1
4868,0
4869,1
4870,0
4871,1
4872,1
4873,1
4874,2
4875,1
4876,1
4877,1
4878,1
4879,1
4880,2
4881,1
4882,1
4883,0
4884,0
4885,0
4886,1
4887,2
4888,4
4889,1
4890,2
4891,2
4892,4
4893,4
4894,1
4895,1
4896,0
4897,1
4898,0
4899,2
4900,0
4901,1
4902,3
4903,0
4904,1
4905,4
4906,1
4907,1
4908,0
4909,2
4910,1
4911,3
4912,0
4913,2
4914,1
4915,3
4916,2
4917,1
4918,0
4919,3
4920,3
4921,0
4922,1
4923,1
4924,2
4925,4
4926,0
4927,0
4928,1
4929,1
4930,0
4931,2
4932,1
4933,1
4934,2
4935,2
4936,0
4937,1
4938,1
4939,2
4940,1
4941,0
4942,2
4943,2
4944,2
4945,4
4946,0
4947,1
4948,0
4949,1
4950,2
4951,2
4952,2
4953,2
4954,2
4955,0
4956,2
4957,1
4958,1
4959,1
4960,1
4961,1
4962,3
4963,2
4964,4
4965,2
4966,1
4967,2
4968,0
4969,2
4970,1
4971,1
4972,1
4973,1
4974,1
4975,0
4976,3
4977,2
4978,0
4979,4
4980,1
4981,0
4982,2
4983,3
4984,2
4985,3
4986,3
4987,1
4988,1
4989,1
4990,1
4991,0
4992,0
4993,1
4994,2
4995,2
4996,1
4997,1
4998,0
4999,0
5000,2
5001,1
5002,0
5003,2
5004,2
5005,1
5006,2
5007,1
5008,0
5009,1
5010,0
5011,1
5012,0
5013,1
5014,3
5015,4
5016,4
5017,2
5018,1
5019,1
5020,1
5021,6
5022,4
5023,1
5024,1
5025,0
5026,3
5027,1
5028,2
5029,3
5030,3
5031,0
5032,2
5033,1
5034,3
5035,3
5036,3
5037,3
5038,1
5039,0
5040,0
5041,1
5042,3
5043,0
5044,2
5045,0
5046,2
5047,2
5048,2
5049,2
5050,2
5051,1
5052,0
5053,5
5054,3
5055,1
5056,2
5057,2
5058,2
5059,2
5060,0
5061,2
5062,2
5063,0
5064,1
5065,1
5066,0
5067,1
5068,2
5069,3
5070,1
5071,2
5072,2
5073,1
5074,0
5075,1
5076,2
5077,2
5078,2
5079,2
5080,0
5081,3
5082,0
5083,2
5084,1
5085,1
5086,0
5087,2
5088,3
5089,3
5090,1
5091,0
5092,1
5093,1
5094,1
5095,0
5096,1
5097,1
5098,3
5099,0
5100,2
5101,3
5102,1
5103,1
5104,3
5105,1
5106,0
5107,4
5108,0
5109,0
5110,2
5111,0
5112,3
5113,0
5114,1
5115,2
5116,2
5117,0
5118,4
5119,3
5120,2
5121,1
5122,3
5123,1
5124,3
5125,2
5126,0
5127,3
5128,4
5129,0
5130,2
5131,4
5132,2
5133,0
5134,1
5135,0
5136,1
5137,0
5138,4
5139,3
5140,1
5141,1
5142,3
5143,2
5144,1
5145,1
5146,0
5147,5
5148,0
5149,5
5150,1
5151,1
5152,1
5153,1
5154,0
5155,1
5156,0
5157,0
5158,1
5159,0
5160,2
5161,1
5162,1
5163,1
5164,1
5165,1
5166,1
5167,2
5168,2
5169,1
5170,1
5171,0
5172,3
5173,0
5174,2
5175,2
5176,1
5177,1
5178,1
5179,2
5180,0
5181,1
5182,1
5183,2
5184,2
5185,0
5186,2
5187,1
5188,1
5189,1
5190,1
5191,2
5192,0
5193,3
5194,2
5195,1
5196,1
5197,1
5198,2
5199,1
5200,1
5201,1
5202,2
5203,1
5204,3
5205,3
5206,3
5207,3
5208,2
5209,1
5210,2
5211,1
5212,1
5213,1
5214,2
5215,1
5216,0
5217,1
5218,1
5219,0
5220,3
5221,0
5222,1
5223,0
5224,2
5225,0
5226,1
5227,0
5228,3
5229,1
5230,1
5231,4
5232,1
5233,2
5234,1
5235,1
5236,2
5237,2
5238,0
5239,2
5240,3
5241,1
5242,0
5243,2
5244,4
5245,3
5246,0
5247,0
5248,1
5249,3
5250,2
5251,2
5252,3
5253,1
5254,1
5255,1
5256,1
5257,1
5258,3
5259,0
5260,4
5261,3
5262,4
5263,1
5264,0
5265,0
5266,1
5267,3
5268,3
5269,0
5270,0
5271,1
5272,0
5273,2
5274,0
5275,5
5276,2
5277,0
5278,0
5279,1
5280,1
5281,0
5282,0
5283,2
5284,3
5285,1
5286,1
5287,3
5288,2
5289,0
5290,0
5291,2
5292,4
5293,0
5294,1
5295,0
5296,0
5297,1
5298,2
5299,0
5300,3
5301,2
5302,1
5303,0
5304,3
5305,0
5306,2
5307,2
5308,3
5309,3
5310,1
5311,1
5312,0
5313,1
5314,1
5315,1
5316,2
5317,3
5318,4
5319,4
5320,4
5321,2
5322,0
5323,2
5324,3
5325,1
5326,1
5327,2
5328,2
5329,4
5330,1
5331,1
5332,1
5333,1
5334,2
5335,0
5336,1
5337,6
5338,0
5339,1
5340,1
5341,1
5342,1
5343,5
5344,3
5345,2
5346,1
5347,1
5348,1
5349,3
5350,2
5351,3
5352,1
5353,1
5354,3
5355,1
5356,1
5357,3
5358,3
5359,1
5360,2
5361,2
5362,3
5363,0
5364,1
5365,1
5366,0
5367,2
5368,3
5369,3
5370,3
5371,1
5372,1
5373,0
5374,0
5375,2
5376,2
5377,2
5378,2
5379,2
5380,0
5381,2
5382,2
5383,1
5384,1
5385,2
5386,2
5387,0
5388,0
5389,1
5390,1
5391,2
5392,1
5393,1
5394,0
5395,1
5396,0
5397,5
5398,2
5399,1
5400,0
5401,0
5402,1
5403,1
5404,2
5405,1
5406,0
5407,2
5408,0
5409,1
5410,1
5411,2
5412,1
5413,1
5414,2
5415,3
5416,0
5417,1
5418,2
5419,1
5420,1
5421,0
5422,2
5423,2
5424,0
5425,1
5426,4
5427,3
5428,1
5429,2
5430,1
5431,2
5432,1
5433,0
5434,2
5435,2
5436,0
5437,1
5438,1
5439,2
5440,0
5441,0
5442,1
5443,2
5444,0
5445,1
5446,3
5447,1
5448,2
5449,2
5450,3
5451,3
5452,2
5453,0
5454,0
5455,1
5456,1
5457,1
5458,4
5459,0
5460,2
5461,0
5462,2
5463,0
5464,2
5465,2
5466,2
5467,0
5468,2
5469,1
5470,2
5471,3
5472,2
5473,1
5474,0
5475,1
5476,1
5477,2
5478,3
5479,0
5480,2
5481,3
5482,0
5483,4
5484,1
5485,2
5486,0
5487,2
5488,2
5489,4
5490,4
5491,2
5492,0
5493,3
5494,1
5495,2
5496,1
5497,0
5498,1
5499,1
5500,3
5501,1
5502,4
5503,1
5504,3
5505,0
5506,0
5507,1
5508,2
5509,2
5510,3
5511,1
5512,1
5513,0
5514,2
5515,1
5516,1
5517,0
5518,3
5519,1
5520,1
5521,0
5522,4
5523,3
5524,2
5525,0
5526,0
5527,2
5528,0
5529,2
5530,0
5531,1
5532,1
5533,1
5534,0
5535,2
5536,6
5537,1
5538,1
5539,0
5540,1
5541,2
5542,1
5543,1
5544,0
5545,1
5546,1
5547,0
5548,1
5549,0
5550,0
5551,0
5552,2
5553,1
5554,0
5555,1
5556,3
5557,1
5558,3
5559,3
5560,1
5561,2
5562,2
5563,1
5564,0
5565,3
5566,3
5567,1
5568,2
5569,1
5570,4
5571,2
5572,2
5573,1
5574,2
5575,3
5576,0
5577,1
5578,1
5579,2
5580,2
5581,1
5582,2
5583,0
5584,0
5585,4
5586,2
5587,1
5588,0
5589,2
5590,1
5591,3
5592,0
5593,0
5594,1
5595,2
5596,2
5597,1
5598,0
5599,0
5600,1
5601,0
5602,4
5603,0
5604,0
5605,3
5606,2
5607,3
5608,3
5609,2
5610,1
5611,3
5612,1
5613,0
5614,2
5615,1
5616,3
5617,0
5618,3
5619,5
5620,1
5621,1
5622,1
5623,1
5624,2
5625,2
5626,1
5627,0
5628,1
5629,1
5630,0
5631,3
5632,1
5633,0
5634,0
5635,4
5636,1
5637,2
5638,5
5639,3
5640,1
5641,0
5642,1
5643,1
5644,2
5645,4
5646,0
5647,1
5648,1
5649,1
5650,0
5651,2
5652,2
5653,0
5654,5
5655,0
5656,1
5657,0
5658,1
5659,3
5660,0
5661,3
5662,3
5663,0
5664,2
5665,1
5666,2
5667,2
5668,2
5669,2
5670,0
5671,4
5672,1
5673,4
5674,1
5675,1
5676,2
5677,6
5678,4
5679,2
5680,2
5681,2
5682,2
5683,1
5684,7
5685,1
5686,1
5687,0
5688,3
5689,5
5690,2
5691,3
5692,1
5693,1
5694,0
5695,4
5696,2
5697,0
5698,2
5699,3
5700,2
5701,3
5702,3
5703,3
5704,2
5705,1
5706,2
5707,0
5708,4
5709,2
5710,0
5711,2
5712,1
5713,0
5714,4
5715,2
5716,1
5717,2
5718,1
5719,5
5720,2
5721,2
5722,1
5723,4
5724,3
5725,0
5726,2
5727,1
5728,2
5729,0
5730,3
5731,1
5732,4
5733,1
5734,0
5735,0
5736,1
5737,1
5738,0
5739,3
5740,0
5741,2
5742,2
5743,3
5744,1
5745,0
5746,4
5747,2
5748,0
5749,2
5750,0
5751,0
5752,4
5753,0
5754,1
5755,2
5756,1
5757,3
5758,4
5759,1
5760,2
5761,1
5762,4
5763,1
5764,2
5765,2
5766,1
5767,1
5768,3
5769,1
5770,0
5771,3
5772,1
5773,2
5774,0
5775,0
5776,1
5777,1
5778,1
5779,3
5780,2
5781,2
5782,1
5783,1
5784,3
5785,1
5786,1
5787,3
5788,1
5789,1
5790,0
5791,0
5792,1
5793,2
5794,4
5795,3
5796,0
5797,2
5798,1
5799,1
5800,2
5801,1
5802,3
5803,2
5804,2
5805,0
5806,2
5807,1
5808,1
5809,0
5810,1
5811,0
5812,1
5813,2
5814,1
5815,1
5816,1
5817,1
5818,2
5819,2
5820,1
5821,0
5822,0
5823,2
5824,0
5825,0
5826,2
5827,2
5828,3
5829,1
5830,1
5831,1
5832,2
5833,1
5834,2
5835,1
5836,1
5837,1
5838,2
5839,1
5840,0
5841,3
5842,3
5843,2
5844,0
5845,1
5846,0
5847,0
5848,0
5849,1
5850,4
5851,3
5852,1
5853,1
5854,2
5855,3
5856,0
5857,1
5858,0
5859,4
5860,2
5861,2
5862,1
5863,1
5864,0
5865,0
5866,2
5867,1
5868,2
5869,3
5870,0
5871,0
5872,1
5873,0
5874,0
5875,1
5876,0
5877,1
5878,3
5879,0
5880,2
5881,0
5882,1
5883,1
5884,1
5885,2
5886,1
5887,0
5888,0
5889,3
5890,2
5891,1
5892,1
5893,2
5894,0
5895,4
5896,1
5897,0
5898,0
5899,2
5900,2
5901,3
5902,0
5903,4
5904,1
5905,1
5906,3
5907,2
5908,3
5909,0
5910,2
5911,3
5912,1
5913,2
5914,1
5915,1
5916,1
5917,2
5918,1
5919,2
5920,3
5921,1
5922,1
5923,3
5924,0
5925,0
5926,0
5927,1
5928,1
5929,1
5930,1
5931,4
5932,2
5933,1
5934,4
5935,2
5936,2
5937,3
5938,0
5939,0
5940,4
5941,2
5942,2
5943,3
5944,3
5945,2
5946,1
5947,3
5948,1
5949,0
5950,1
5951,1
5952,3
5953,1
5954,1
5955,1
5956,4
5957,1
5958,2
5959,0
5960,1
5961,2
5962,4
5963,2
5964,2
5965,1
5966,0
5967,1
5968,2
5969,1
5970,2
5971,3
5972,0
5973,2
5974,2
5975,1
5976,2
5977,2
5978,1
5979,1
5980,0
5981,1
5982,1
5983,1
5984,2
5985,4
5986,0
5987,1
5988,0
5989,2
5990,2
5991,2
5992,2
5993,2
5994,2
5995,1
5996,2
5997,3
5998,3
5999,1
6000,4
6001,1
6002,0
6003,1
6004,4
6005,1
6006,1
6007,0
6008,2
6009,0
6010,0
6011,4
6012,3
6013,0
6014,2
6015,3
6016,2
6017,3
6018,4
6019,1
6020,2
6021,1
6022,1
6023,0
6024,2
6025,0
6026,3
6027,1
6028,0
6029,0
6030,3
6031,2
6032,1
6033,2
6034,1
6035,0
6036,0
6037,1
6038,0
6039,3
6040,2
6041,1
6042,2
6043,2
6044,0
6045,0
6046,2
6047,1
6048,2
6049,1
6050,1
6051,1
6052,1
6053,5
6054,1
6055,0
6056,1
6057,1
6058,3
6059,0
6060,1
6061,1
6062,2
6063,1
6064,0
6065,1
6066,0
6067,1
6068,1
6069,2
6070,2
6071,2
6072,4
6073,1
6074,4
6075,1
6076,3
6077,1
6078,3
6079,2
6080,2
6081,0
6082,1
6083,1
6084,2
6085,1
6086,2
6087,2
6088,2
6089,0
6090,4
6091,0
6092,1
6093,2
6094,0
6095,3
6096,0
6097,1
6098,3
6099,1
6100,2
6101,1
6102,3
6103,2
6104,0
6105,1
6106,0
6107,2
6108,1
6109,0
6110,2
6111,3
6112,0
6113,0
6114,2
6115,1
6116,1
6117,4
6118,2
6119,3
6120,1
6121,2
6122,2
6123,1
6124,3
6125,2
6126,0
6127,0
6128,0
6129,1
6130,2
6131,1
6132,2
6133,2
6134,4
6135,3
6136,1
6137,1
6138,4
6139,2
6140,1
6141,3
6142,5
6143,0
6144,1
6145,1
6146,1
6147,1
6148,1
6149,3
6150,0
6151,1
6152,0
6153,2
6154,2
6155,1
6156,0
6157,1
6158,0
6159,0
6160,1
6161,0
6162,2
6163,1
6164,1
6165,1
6166,5
6167,3
6168,4
6169,3
6170,3
6171,2
6172,3
6173,2
6174,0
6175,0
6176,4
6177,3
6178,0
6179,4
6180,1
6181,3
6182,4
6183,1
6184,2
6185,1
6186,1
6187,2
6188,2
6189,2
6190,1
6191,1
6192,1
6193,1
6194,3
6195,3
6196,0
6197,3
6198,1
6199,0
6200,2
6201,2
6202,0
6203,1
6204,0
6205,0
6206,1
6207,4
6208,1
6209,0
6210,0
6211,1
6212,0
6213,2
6214,0
6215,0
6216,5
6217,0
6218,1
6219,1
6220,5
6221,0
6222,1
6223,0
6224,1
6225,1
6226,0
6227,2
6228,3
6229,4
6230,0
6231,3
6232,2
6233,5
6234,1
6235,3
6236,5
6237,3
6238,1
6239,0
6240,2
6241,1
6242,2
6243,1
6244,2
6245,0
6246,1
6247,0
6248,1
6249,2
6250,1
6251,4
6252,3
6253,0
6254,2
6255,1
6256,1
6257,2
6258,0
6259,1
6260,2
6261,2
6262,1
6263,1
6264,1
6265,2
6266,0
6267,0
6268,2
6269,2
6270,0
6271,3
6272,3
6273,2
6274,0
6275,3
6276,0
6277,5
6278,0
6279,1
6280,0
6281,1
6282,0
6283,0
6284,2
6285,1
6286,3
6287,2
6288,1
6289,3
6290,4
6291,1
6292,0
6293,2
6294,2
6295,4
6296,2
6297,1
6298,1
6299,0
6300,0
6301,1
6302,1
6303,0
6304,1
6305,2
6306,0
6307,1
6308,1
6309,3
6310,2
6311,1
6312,4
6313,5
6314,2
6315,1
6316,1
6317,0
6318,0
6319,0
6320,2
6321,1
6322,2
6323,0
6324,4
6325,3
6326,0
6327,3
6328,1
6329,4
6330,2
6331,0
6332,1
6333,5
6334,0
6335,0
6336,1
6337,2
6338,0
6339,2
6340,3
6341,0
6342,1
6343,2
6344,3
6345,0
6346,1
6347,3
6348,1
6349,0
6350,0
6351,1
6352,1
6353,3
6354,2
6355,2
6356,3
6357,1
6358,1
6359,2
6360,1
6361,2
6362,2
6363,2
6364,2
6365,2
6366,2
6367,0
6368,2
6369,0
6370,1
6371,3
6372,2
6373,0
6374,2
6375,1
6376,1
6377,3
6378,1
6379,1
6380,1
6381,0
6382,3
6383,0
6384,0
6385,3
6386,2
6387,2
6388,1
6389,0
6390,1
6391,2
6392,0
6393,1
6394,4
6395,2
6396,3
6397,2
6398,2
6399,4
6400,0
6401,2
6402,2
6403,4
6404,0
6405,1
6406,2
6407,1
6408,0
6409,0
6410,1
6411,1
6412,1
6413,1
6414,2
6415,2
6416,3
6417,0
6418,2
6419,1
6420,0
6421,2
6422,1
6423,1
6424,3
6425,1
6426,0
6427,0
6428,1
6429,2
6430,1
6431,1
6432,1
6433,2
6434,0
6435,1
6436,0
6437,0
6438,0
6439,4
6440,0
6441,3
6442,1
6443,0
6444,1
6445,0
6446,2
6447,2
6448,1
6449,0
6450,2
6451,2
6452,2
6453,1
6454,3
6455,1
6456,0
6457,2
6458,2
6459,4
6460,0
6461,1
6462,2
6463,0
6464,1
6465,1
6466,1
6467,0
6468,2
6469,1
6470,0
6471,0
6472,4
6473,1
6474,1
6475,0
6476,1
6477,0
6478,1
6479,0
6480,2
6481,0
6482,2
6483,1
6484,0
6485,1
6486,2
6487,1
6488,3
6489,1
6490,0
6491,1
6492,1
6493,1
6494,3
6495,4
6496,1
6497,3
6498,1
6499,0
6500,2
6501,0
6502,0
6503,1
6504,0
6505,2
6506,1
6507,1
6508,1
6509,1
6510,0
6511,0
6512,2
6513,2
6514,0
6515,2
6516,2
6517,2
6518,8
6519,2
6520,1
6521,0
6522,0
6523,0
6524,1
6525,1
6526,3
6527,1
6528,1
6529,2
6530,2
6531,1
6532,1
6533,2
6534,1
6535,1
6536,0
6537,1
6538,1
6539,1
6540,1
6541,0
6542,0
6543,2
6544,1
6545,3
6546,2
6547,3
6548,1
6549,1
6550,0
6551,2
6552,1
6553,1
6554,0
6555,1
6556,1
6557,0
6558,0
6559,0
6560,4
6561,1
6562,2
6563,4
6564,2
6565,1
6566,4
6567,1
6568,2
6569,3
6570,1
6571,1
6572,1
6573,2
6574,1
6575,2
6576,2
6577,1
6578,2
6579,1
6580,1
6581,1
6582,1
6583,1
6584,1
6585,0
6586,0
6587,1
6588,1
6589,1
6590,3
6591,1
6592,1
6593,2
6594,2
6595,2
6596,1
6597,1
6598,2
6599,2
6600,1
6601,1
6602,0
6603,7
6604,5
6605,1
6606,3
6607,0
6608,3
6609,2
6610,1
6611,2
6612,2
6613,1
6614,3
6615,0
6616,0
6617,0
6618,1
6619,2
6620,1
6621,1
6622,0
6623,3
6624,1
6625,1
6626,0
6627,1
6628,1
6629,1
6630,0
6631,3
6632,0
6633,3
6634,1
6635,1
6636,4
6637,4
6638,3
6639,3
6640,2
6641,3
6642,4
6643,0
6644,1
6645,1
6646,0
6647,1
6648,2
6649,2
6650,5
6651,2
6652,1
6653,3
6654,1
6655,3
6656,2
6657,1
6658,1
6659,4
6660,1
6661,4
6662,0
6663,1
6664,1
6665,3
6666,0
6667,1
6668,0
6669,3
6670,4
6671,1
6672,1
6673,1
6674,1
6675,1
6676,5
6677,1
6678,2
6679,0
6680,1
6681,1
6682,3
6683,3
6684,3
6685,1
6686,1
6687,2
6688,1
6689,1
6690,1
6691,0
6692,3
6693,1
6694,2
6695,2
6696,0
6697,5
6698,3
6699,2
6700,0
6701,0
6702,2
6703,0
6704,1
6705,1
6706,1
6707,1
6708,4
6709,1
6710,0
6711,0
6712,1
6713,2
6714,2
6715,0
6716,2
6717,1
6718,1
6719,2
6720,3
6721,2
6722,2
6723,2
6724,2
6725,4
6726,2
6727,0
6728,1
6729,0
6730,4
6731,2
6732,0
6733,2
6734,0
6735,1
6736,5
6737,2
6738,1
6739,1
6740,2
6741,3
6742,3
6743,0
6744,1
6745,3
6746,0
6747,2
6748,1
6749,2
6750,1
6751,3
6752,3
6753,6
6754,1
6755,0
6756,1
6757,0
6758,1
6759,3
6760,0
6761,5
6762,1
6763,2
6764,3
6765,3
6766,2
6767,2
6768,0
6769,2
6770,1
6771,0
6772,0
6773,3
6774,2
6775,1
6776,3
6777,0
6778,3
6779,1
6780,0
6781,1
6782,2
6783,1
6784,4
6785,1
6786,1
6787,1
6788,2
6789,1
6790,2
6791,1
6792,3
6793,1
6794,1
6795,0
6796,5
6797,2
6798,3
6799,2
6800,0
6801,0
6802,1
6803,1
6804,0
6805,1
6806,3
6807,3
6808,0
6809,3
6810,1
6811,1
6812,3
6813,1
6814,2
6815,3
6816,1
6817,2
6818,2
6819,3
6820,2
6821,0
6822,1
6823,2
6824,2
6825,1
6826,0
6827,1
6828,0
6829,2
6830,0
6831,3
6832,1
6833,2
6834,2
6835,2
6836,1
6837,2
6838,0
6839,1
6840,1
6841,3
6842,0
6843,2
6844,0
6845,3
6846,0
6847,3
6848,1
6849,3
6850,2
6851,0
6852,1
6853,1
6854,0
6855,0
6856,2
6857,1
6858,2
6859,1
6860,3
6861,2
6862,1
6863,1
6864,1
6865,1
6866,2
6867,2
6868,2
6869,4
6870,3
6871,2
6872,2
6873,2
6874,2
6875,0
6876,1
6877,1
6878,1
6879,1
6880,1
6881,2
6882,2
6883,0
6884,1
6885,0
6886,2
6887,2
6888,3
6889,2
6890,3
6891,0
6892,2
6893,2
6894,1
6895,1
6896,1
6897,1
6898,2
6899,1
6900,2
6901,2
6902,2
6903,2
6904,2
6905,1
6906,0
6907,3
6908,3
6909,1
6910,1
6911,0
6912,2
6913,4
6914,3
6915,3
6916,1
6917,0
6918,3
6919,3
6920,0
6921,4
6922,4
6923,0
6924,2
6925,1
6926,3
6927,0
6928,0
6929,1
6930,2
6931,2
6932,2
6933,1
6934,1
6935,1
6936,3
6937,2
6938,2
6939,3
6940,2
6941,1
6942,1
6943,0
6944,0
6945,0
6946,1
6947,1
6948,2
6949,1
6950,3
6951,4
6952,0
6953,2
6954,4
6955,1
6956,1
6957,2
6958,0
6959,2
6960,3
6961,1
6962,2
6963,4
6964,3
6965,1
6966,1
6967,2
6968,1
6969,1
6970,2
6971,0
6972,1
6973,3
6974,1
6975,1
6976,0
6977,1
6978,1
6979,1
6980,0
6981,0
6982,3
6983,4
6984,0
6985,4
6986,3
6987,0
6988,0
6989,0
6990,1
6991,2
6992,1
6993,1
6994,3
6995,2
6996,3
6997,2
6998,0
6999,5
7000,1
7001,2
7002,1
7003,0
7004,1
7005,2
7006,0
7007,0
7008,2
7009,0
7010,0
7011,1
7012,2
7013,1
7014,2
7015,5
7016,4
7017,0
7018,0
7019,1
7020,1
7021,3
7022,3
7023,2
7024,1
7025,3
7026,4
7027,1
7028,0
7029,2
7030,1
7031,4
7032,0
7033,0
7034,3
7035,1
7036,1
7037,4
7038,3
7039,1
7040,4
7041,1
7042,2
7043,2
7044,1
7045,4
7046,1
7047,1
7048,0
7049,3
7050,0
7051,1
7052,2
7053,2
7054,2
7055,5
7056,0
7057,0
7058,0
7059,2
7060,1
7061,1
7062,2
7063,1
7064,0
7065,1
7066,0
7067,3
7068,0
7069,5
7070,1
7071,1
7072,1
7073,0
7074,2
7075,4
7076,3
7077,0
7078,1
7079,1
7080,2
7081,2
7082,4
7083,1
7084,0
7085,1
7086,2
7087,1
7088,1
7089,2
7090,2
7091,2
7092,4
7093,3
7094,0
7095,0
7096,0
7097,0
7098,4
7099,2
7100,2
7101,1
7102,1
7103,1
7104,1
7105,2
7106,1
7107,3
7108,3
7109,1
7110,0
7111,1
7112,0
7113,4
7114,4
7115,1
7116,2
7117,3
7118,0
7119,2
7120,1
7121,2
7122,0
7123,2
7124,0
7125,2
7126,3
7127,2
7128,1
7129,5
7130,2
7131,0
7132,0
7133,1
7134,6
7135,1
7136,2
7137,4
7138,2
7139,5
7140,1
7141,2
7142,1
7143,1
7144,1
7145,0
7146,2
7147,2
7148,2
7149,0
7150,0
7151,1
7152,1
7153,1
7154,1
7155,1
7156,2
7157,0
7158,2
7159,2
7160,3
7161,0
7162,1
7163,3
7164,1
7165,1
7166,0
7167,0
7168,1
7169,1
7170,1
7171,1
7172,3
7173,1
7174,0
7175,3
7176,2
7177,2
7178,0
7179,1
7180,1
7181,0
7182,1
7183,2
7184,2
7185,1
7186,1
7187,1
7188,1
7189,1
7190,0
7191,1
7192,2
7193,3
7194,2
7195,1
7196,2
7197,3
7198,3
7199,0
7200,1
7201,1
7202,3
7203,2
7204,2
7205,2
7206,2
7207,2
7208,2
7209,1
7210,3
7211,2
7212,3
7213,1
7214,2
7215,0
7216,0
7217,2
7218,7
7219,1
7220,1
7221,0
7222,2
7223,1
7224,3
7225,1
7226,1
7227,1
7228,3
7229,1
7230,2
7231,3
7232,1
7233,3
7234,0
7235,1
7236,3
7237,0
7238,1
7239,1
7240,0
7241,0
7242,1
7243,2
7244,0
7245,1
7246,2
7247,1
7248,2
7249,1
7250,1
7251,0
7252,1
7253,2
7254,2
7255,1
7256,2
7257,1
7258,0
7259,1
7260,0
7261,1
7262,0
7263,1
7264,4
7265,2
7266,2
7267,0
7268,1
7269,1
7270,1
7271,0
7272,2
7273,0
7274,0
7275,1
7276,1
7277,4
7278,0
7279,1
7280,0
7281,3
7282,3
7283,1
7284,3
7285,0
7286,1
7287,1
7288,2
7289,0
7290,1
7291,0
7292,0
7293,3
7294,0
7295,1
7296,1
7297,5
7298,1
7299,0
7300,1
7301,2
7302,1
7303,4
7304,1
7305,1
7306,2
7307,1
7308,0
7309,2
7310,2
7311,1
7312,1
7313,2
7314,0
7315,1
7316,1
7317,0
7318,1
7319,1
7320,2
7321,1
7322,1
7323,3
7324,4
7325,1
7326,1
7327,1
7328,0
7329,1
7330,3
7331,1
7332,1
7333,1
7334,0
7335,1
7336,0
7337,2
7338,1
7339,1
7340,1
7341,3
7342,0
7343,1
7344,3
7345,0
7346,2
7347,0
7348,1
7349,1
7350,2
7351,4
7352,0
7353,3
7354,3
7355,3
7356,0
7357,1
7358,0
7359,0
7360,0
7361,2
7362,1
7363,5
7364,3
7365,0
7366,0
7367,1
7368,1
7369,0
7370,1
7371,2
7372,1
7373,2
7374,2
7375,2
7376,0
7377,2
7378,2
7379,2
7380,1
7381,2
7382,2
7383,0
7384,1
7385,1
7386,0
7387,1
7388,1
7389,0
7390,0
7391,2
7392,0
7393,0
7394,5
7395,2
7396,1
7397,1
7398,1
7399,0
7400,2
7401,4
7402,2
7403,1
7404,0
7405,3
7406,1
7407,3
7408,1
7409,3
7410,3
7411,1
7412,1
7413,1
7414,1
7415,1
7416,0
7417,0
7418,6
7419,1
7420,1
7421,1
7422,0
7423,1
7424,2
7425,1
7426,5
7427,4
7428,3
7429,1
7430,2
7431,2
7432,1
7433,1
7434,4
7435,2
7436,3
7437,1
7438,0
7439,2
7440,2
7441,3
7442,0
7443,3
7444,4
7445,3
7446,1
7447,0
7448,3
7449,0
7450,0
7451,3
7452,0
7453,3
7454,4
7455,2
7456,1
7457,0
7458,2
7459,1
7460,1
7461,3
7462,0
7463,0
7464,2
7465,0
7466,1
7467,1
7468,3
7469,0
7470,0
7471,2
7472,2
7473,1
7474,1
7475,2
7476,0
7477,2
7478,1
7479,1
7480,2
7481,1
7482,1
7483,1
7484,1
7485,0
7486,0
7487,1
7488,5
7489,3
7490,1
7491,1
7492,0
7493,2
7494,2
7495,1
7496,5
7497,2
7498,2
7499,2
7500,0
7501,3
7502,2
7503,4
7504,1
7505,2
7506,0
7507,0
7508,1
7509,1
7510,1
7511,0
7512,2
7513,0
7514,3
7515,1
7516,2
7517,1
7518,2
7519,1
7520,0
7521,2
7522,2
7523,1
7524,1
7525,0
7526,0
7527,3
7528,2
7529,1
7530,0
7531,1
7532,2
7533,0
7534,4
7535,2
7536,0
7537,1
7538,3
7539,0
7540,2
7541,2
7542,0
7543,1
7544,1
7545,1
7546,2
7547,1
7548,1
7549,0
7550,2
7551,1
7552,1
7553,0
7554,1
7555,0
7556,2
7557,1
7558,1
7559,0
7560,1
7561,5
7562,3
7563,2
7564,4
7565,1
7566,2
7567,1
7568,1
7569,4
7570,2
7571,3
7572,4
7573,2
7574,3
7575,1
7576,1
7577,2
7578,0
7579,2
7580,1
7581,4
7582,2
7583,1
7584,3
7585,0
7586,1
7587,1
7588,2
7589,4
7590,4
7591,1
7592,1
7593,0
7594,2
7595,2
7596,0
7597,1
7598,0
7599,0
7600,0
7601,1
7602,2
7603,2
7604,1
7605,1
7606,1
7607,4
7608,1
7609,1
7610,1
7611,1
7612,1
7613,0
7614,1
7615,2
7616,2
7617,3
7618,1
7619,4
7620,4
7621,1
7622,5
7623,0
7624,1
7625,1
7626,1
7627,0
7628,1
7629,0
7630,3
7631,1
7632,0
7633,0
7634,2
7635,1
7636,0
7637,1
7638,4
7639,0
7640,0
7641,1
7642,3
7643,2
7644,1
7645,0
7646,0
7647,3
7648,0
7649,2
7650,1
7651,0
7652,2
7653,1
7654,2
7655,2
7656,1
7657,3
7658,0
7659,2
7660,5
7661,0
7662,3
7663,0
7664,2
7665,2
7666,2
7667,0
7668,2
7669,3
7670,2
7671,0
7672,2
7673,2
7674,2
7675,1
7676,1
7677,3
7678,1
7679,1
7680,1
7681,3
7682,2
7683,1
7684,1
7685,2
7686,1
7687,2
7688,0
7689,0
7690,0
7691,0
7692,2
7693,1
7694,0
7695,0
7696,0
7697,2
7698,2
7699,2
7700,0
7701,2
7702,2
7703,2
7704,2
7705,3
7706,1
7707,1
7708,0
7709,1
7710,2
7711,0
7712,0
7713,2
7714,0
7715,0
7716,0
7717,0
7718,1
7719,1
7720,3
7721,5
7722,0
7723,1
7724,0
7725,2
7726,3
7727,1
7728,2
7729,0
7730,1
7731,1
7732,0
7733,1
7734,1
7735,1
7736,2
7737,0
7738,4
7739,1
7740,1
7741,1
7742,0
7743,2
7744,2
7745,2
7746,3
7747,3
7748,2
7749,2
7750,0
7751,0
7752,2
7753,3
7754,0
7755,0
7756,0
7757,0
7758,0
7759,1
7760,5
7761,0
7762,0
7763,2
7764,2
7765,1
7766,1
7767,2
7768,3
7769,1
7770,1
7771,1
7772,0
7773,1
7774,1
7775,3
7776,0
7777,0
7778,1
7779,2
7780,0
7781,0
7782,1
7783,0
7784,2
7785,1
7786,0
7787,1
7788,2
7789,2
7790,0
7791,5
7792,0
7793,3
7794,3
7795,2
7796,3
7797,2
7798,0
7799,0
7800,3
7801,1
7802,2
7803,3
7804,1
7805,1
7806,1
7807,3
7808,1
7809,0
7810,1
7811,2
7812,0
7813,0
7814,0
7815,2
7816,3
7817,0
7818,3
7819,0
7820,2
7821,1
7822,5
7823,1
7824,1
7825,2
7826,1
7827,3
7828,1
7829,1
7830,2
7831,2
7832,1
7833,1
7834,3
7835,0
7836,3
7837,1
7838,3
7839,0
7840,2
7841,3
7842,1
7843,2
7844,2
7845,1
7846,0
7847,3
7848,1
7849,2
7850,2
7851,1
7852,5
7853,2
7854,2
7855,0
7856,1
7857,2
7858,3
7859,3
7860,1
7861,2
7862,0
7863,0
7864,2
7865,1
7866,0
7867,1
7868,1
7869,2
7870,3
7871,1
7872,2
7873,4
7874,4
7875,3
7876,0
7877,1
7878,0
7879,1
7880,0
7881,1
7882,0
7883,2
7884,1
7885,1
7886,1
7887,2
7888,0
7889,1
7890,3
7891,2
7892,1
7893,1
7894,0
7895,1
7896,1
7897,1
7898,2
7899,1
7900,2
7901,1
7902,1
7903,2
7904,2
7905,3
7906,2
7907,0
7908,0
7909,0
7910,2
7911,3
7912,0
7913,4
7914,1
7915,1
7916,1
7917,0
7918,2
7919,1
7920,4
7921,1
7922,1
7923,0
7924,2
7925,2
7926,0
7927,1
7928,1
7929,3
7930,1
7931,1
7932,0
7933,1
7934,3
7935,1
7936,0
7937,0
7938,2
7939,4
7940,5
7941,6
7942,1
7943,2
7944,2
7945,2
7946,2
7947,1
7948,3
7949,0
7950,2
7951,2
7952,2
7953,2
7954,1
7955,3
7956,2
7957,1
7958,4
7959,1
7960,1
7961,3
7962,2
7963,4
7964,2
7965,1
7966,0
7967,2
7968,1
7969,0
7970,2
7971,6
7972,1
7973,2
7974,1
7975,1
7976,1
7977,2
7978,3
7979,2
7980,0
7981,2
7982,2
7983,2
7984,2
7985,1
7986,2
7987,1
7988,0
7989,2
7990,1
7991,0
7992,1
7993,1
7994,0
7995,1
7996,1
7997,2
7998,1
7999,2
8000,1
8001,2
8002,1
8003,0
8004,3
8005,3
8006,3
8007,1
8008,2
8009,1
8010,1
8011,3
8012,1
8013,1
8014,2
8015,1
8016,1
8017,2
8018,0
8019,3
8020,2
8021,0
8022,1
8023,3
8024,1
8025,1
8026,0
8027,2
8028,2
8029,4
8030,2
8031,3
8032,4
8033,0
8034,1
8035,0
8036,2
8037,1
8038,1
8039,2
8040,1
8041,2
8042,3
8043,1
8044,1
8045,0
8046,1
8047,1
8048,3
8049,1
8050,1
8051,2
8052,1
8053,3
8054,0
8055,2
8056,4
8057,3
8058,5
8059,1
8060,0
8061,2
8062,0
8063,2
8064,1
8065,0
8066,3
8067,2
8068,4
8069,1
8070,1
8071,3
8072,3
8073,1
8074,3
8075,2
8076,2
8077,1
8078,1
8079,0
8080,1
8081,3
8082,2
8083,3
8084,1
8085,5
8086,1
8087,2
8088,0
8089,1
8090,0
8091,1
8092,3
8093,2
8094,0
8095,1
8096,4
8097,1
8098,6
8099,0
8100,2
8101,2
8102,0
8103,2
8104,1
8105,2
8106,0
8107,2
8108,2
8109,2
8110,2
8111,0
8112,0
8113,1
8114,2
8115,2
8116,2
8117,3
8118,0
8119,2
8120,3
8121,0
8122,2
8123,2
8124,2
8125,0
8126,0
8127,1
8128,1
8129,0
8130,1
8131,0
8132,0
8133,2
8134,2
8135,1
8136,2
8137,1
8138,3
8139,1
8140,1
8141,2
8142,2
8143,2
8144,3
8145,1
8146,1
8147,5
8148,0
8149,2
8150,0
8151,2
8152,1
8153,0
8154,5
8155,1
8156,2
8157,1
8158,2
8159,0
8160,1
8161,2
8162,2
8163,1
8164,1
8165,0
8166,1
8167,2
8168,3
8169,1
8170,1
8171,2
8172,2
8173,3
8174,1
8175,3
8176,1
8177,1
8178,3
8179,1
8180,2
8181,2
8182,3
8183,2
8184,3
8185,2
8186,2
8187,0
8188,1
8189,0
8190,0
8191,2
8192,0
8193,3
8194,2
8195,1
8196,1
8197,0
8198,2
8199,3
8200,0
8201,2
8202,1
8203,0
8204,1
8205,0
8206,2
8207,1
8208,1
8209,1
8210,2
8211,1
8212,2
8213,2
8214,3
8215,2
8216,1
8217,2
8218,0
8219,2
8220,1
8221,2
8222,2
8223,1
8224,3
8225,1
8226,0
8227,1
8228,3
8229,2
8230,1
8231,3
8232,0
8233,2
8234,0
8235,1
8236,3
8237,1
8238,2
8239,1
8240,1
8241,2
8242,5
8243,1
8244,2
8245,1
8246,2
8247,0
8248,2
8249,1
8250,1
8251,2
8252,1
8253,4
8254,2
8255,1
8256,0
8257,1
8258,1
8259,1
8260,2
8261,0
8262,1
8263,2
8264,1
8265,3
8266,4
8267,1
8268,0
8269,5
8270,3
8271,0
8272,1
8273,0
8274,2
8275,2
8276,1
8277,1
8278,2
8279,0
8280,0
8281,0
8282,0
8283,3
8284,0
8285,0
8286,0
8287,0
8288,1
8289,4
8290,1
8291,1
8292,1
8293,1
8294,1
8295,1
8296,1
8297,1
8298,1
8299,3
8300,0
8301,1
8302,0
8303,1
8304,1
8305,0
8306,2
8307,5
8308,4
8309,1
8310,2
8311,3
8312,2
8313,2
8314,2
8315,3
8316,1
8317,2
8318,1
8319,2
8320,2
8321,2
8322,1
8323,2
8324,3
8325,3
8326,0
8327,1
8328,1
8329,2
8330,2
8331,2
8332,3
8333,2
8334,1
8335,0
8336,1
8337,2
8338,0
8339,2
8340,0
8341,1
8342,1
8343,0
8344,0
8345,1
8346,4
8347,1
8348,2
8349,2
8350,0
8351,1
8352,1
8353,3
8354,3
8355,2
8356,3
8357,1
8358,1
8359,0
8360,0
8361,0
8362,4
8363,1
8364,1
8365,6
8366,0
8367,0
8368,0
8369,1
8370,1
8371,1
8372,2
8373,1
8374,2
8375,0
8376,0
8377,5
8378,4
8379,1
8380,1
8381,0
8382,1
8383,0
8384,1
8385,3
8386,2
8387,3
8388,2
8389,1
8390,1
8391,2
8392,3
8393,4
8394,1
8395,2
8396,1
8397,0
8398,0
8399,1
8400,1
8401,2
8402,2
8403,1
8404,1
8405,2
8406,2
8407,1
8408,3
8409,5
8410,3
8411,2
8412,2
8413,1
8414,2
8415,0
8416,6
8417,2
8418,2
8419,1
8420,2
8421,1
8422,1
8423,0
8424,1
8425,0
8426,2
8427,1
8428,2
8429,1
8430,0
8431,1
8432,1
8433,2
8434,1
8435,2
8436,2
8437,1
8438,5
8439,1
8440,0
8441,1
8442,0
8443,3
8444,1
8445,4
8446,0
8447,0
8448,4
8449,2
8450,1
8451,0
8452,4
8453,1
8454,4
8455,2
8456,0
8457,2
8458,2
8459,3
8460,1
8461,1
8462,2
8463,2
8464,1
8465,0
8466,3
8467,5
8468,2
8469,1
8470,2
8471,1
8472,1
8473,2
8474,1
8475,1
8476,0
8477,3
8478,1
8479,2
8480,0
8481,2
8482,1
8483,1
8484,2
8485,0
8486,5
8487,1
8488,0
8489,2
8490,2
8491,1
8492,1
8493,3
8494,5
8495,1
8496,4
8497,3
8498,0
8499,3
8500,2
8501,2
8502,2
8503,1
8504,3
8505,1
8506,1
8507,1
8508,4
8509,0
8510,1
8511,2
8512,2
8513,1
8514,0
8515,3
8516,1
8517,1
8518,3
8519,0
8520,1
8521,4
8522,1
8523,1
8524,2
8525,2
8526,4
8527,0
8528,3
8529,0
8530,1
8531,1
8532,1
8533,4
8534,2
8535,5
8536,3
8537,0
8538,2
8539,1
8540,1
8541,1
8542,0
8543,1
8544,1
8545,2
8546,4
8547,3
8548,1
8549,2
8550,1
8551,0
8552,2
8553,2
8554,1
8555,1
8556,3
8557,2
8558,2
8559,0
8560,1
8561,0
8562,0
8563,0
8564,0
8565,2
8566,2
8567,0
8568,1
8569,0
8570,1
8571,0
8572,3
8573,1
8574,2
8575,2
8576,4
8577,0
8578,0
8579,0
8580,1
8581,0
8582,0
8583,1
8584,0
8585,4
8586,1
8587,2
8588,3
8589,0
8590,1
8591,1
8592,2
8593,0
8594,0
8595,2
8596,1
8597,1
8598,1
8599,2
8600,0
8601,3
8602,1
8603,1
8604,0
8605,1
8606,0
8607,1
8608,2
8609,2
8610,1
8611,0
8612,1
8613,2
8614,1
8615,1
8616,4
8617,1
8618,3
8619,1
8620,3
8621,3
8622,2
8623,5
8624,0
8625,0
8626,3
8627,0
8628,0
8629,1
8630,2
8631,1
8632,2
8633,1
8634,2
8635,2
8636,1
8637,0
8638,3
8639,1
8640,0
8641,1
8642,1
8643,1
8644,2
8645,1
8646,1
8647,0
8648,0
8649,1
8650,0
8651,1
8652,3
8653,4
8654,2
8655,2
8656,1
8657,1
8658,1
8659,1
8660,2
8661,2
8662,1
8663,3
8664,1
8665,1
8666,1
8667,2
8668,3
8669,0
8670,3
8671,1
8672,3
8673,1
8674,1
8675,2
8676,1
8677,0
8678,3
8679,1
8680,0
8681,2
8682,0
8683,2
8684,1
8685,1
8686,0
8687,0
8688,3
8689,1
8690,1
8691,1
8692,1
8693,3
8694,2
8695,2
8696,2
8697,1
8698,4
8699,0
8700,1
8701,2
8702,2
8703,3
8704,0
8705,1
8706,1
8707,0
8708,3
8709,1
8710,1
8711,0
8712,1
8713,1
8714,3
8715,1
8716,3
8717,1
8718,1
8719,1
8720,1
8721,0
8722,1
8723,0
8724,0
8725,3
8726,0
8727,2
8728,1
8729,3
8730,2
8731,2
8732,2
8733,4
8734,1
8735,0
8736,1
8737,2
8738,0
8739,1
8740,1
8741,2
8742,2
8743,3
8744,0
8745,1
8746,3
8747,1
8748,3
8749,3
8750,1
8751,1
8752,1
8753,4
8754,4
8755,1
8756,1
8757,2
8758,1
8759,3
8760,0
8761,0
8762,1
8763,6
8764,2
8765,1
8766,3
8767,4
8768,4
8769,1
8770,0
8771,1
8772,0
8773,1
8774,2
8775,2
8776,1
8777,4
8778,2
8779,1
8780,3
8781,1
8782,1
8783,3
8784,2
8785,1
8786,1
8787,1
8788,0
8789,2
8790,2
8791,1
8792,0
8793,2
8794,2
8795,1
8796,2
8797,0
8798,2
8799,1
8800,2
8801,1
8802,1
8803,3
8804,3
8805,1
8806,3
8807,2
8808,2
8809,0
8810,1
8811,0
8812,1
8813,0
8814,1
8815,1
8816,2
8817,2
8818,0
8819,1
8820,1
8821,2
8822,4
8823,1
8824,3
8825,2
8826,0
8827,1
8828,2
8829,3
8830,3
8831,0
8832,1
8833,1
8834,3
8835,1
8836,2
8837,3
8838,0
8839,0
8840,0
8841,2
8842,1
8843,1
8844,4
8845,3
8846,2
8847,0
8848,1
8849,1
8850,1
8851,1
8852,2
8853,0
8854,0
8855,2
8856,3
8857,0
8858,1
8859,0
8860,0
8861,1
8862,2
8863,0
8864,2
8865,1
8866,1
8867,1
8868,1
8869,0
8870,1
8871,1
8872,2
8873,2
8874,4
8875,1
8876,1
8877,1
8878,2
8879,0
8880,4
8881,2
8882,1
8883,1
8884,2
8885,0
8886,1
8887,3
8888,0
8889,2
8890,2
8891,3
8892,1
8893,0
8894,1
8895,2
8896,2
8897,2
8898,1
8899,1
8900,2
8901,1
8902,1
8903,0
8904,2
8905,1
8906,0
8907,0
8908,4
8909,3
8910,2
8911,3
8912,2
8913,2
8914,2
8915,1
8916,1
8917,1
8918,2
8919,1
8920,1
8921,1
8922,2
8923,1
8924,0
8925,1
8926,1
8927,2
8928,0
8929,1
8930,1
8931,2
8932,5
8933,3
8934,0
8935,1
8936,0
8937,1
8938,4
8939,2
8940,3
8941,3
8942,0
8943,1
8944,2
8945,3
8946,1
8947,1
8948,2
8949,3
8950,2
8951,1
8952,5
8953,0
8954,1
8955,3
8956,1
8957,2
8958,1
8959,1
8960,4
8961,1
8962,2
8963,0
8964,4
8965,1
8966,2
8967,1
8968,1
8969,3
8970,3
8971,2
8972,3
8973,2
8974,2
8975,1
8976,1
8977,4
8978,2
8979,3
8980,2
8981,1
8982,1
8983,0
8984,1
8985,2
8986,3
8987,0
8988,1
8989,5
8990,0
8991,3
8992,1
8993,3
8994,3
8995,2
8996,0
8997,2
8998,0
8999,1
9000,5
9001,0
9002,1
9003,2
9004,3
9005,1
9006,1
9007,0
9008,2
9009,1
9010,1
9011,1
9012,2
9013,1
9014,0
9015,0
9016,1
9017,1
9018,3
9019,3
9020,1
9021,3
9022,1
9023,0
9024,4
9025,0
9026,2
9027,1
9028,5
9029,1
9030,2
9031,3
9032,1
9033,2
9034,1
9035,0
9036,1
9037,2
9038,1
9039,1
9040,3
9041,2
9042,1
9043,0
9044,0
9045,2
9046,1
9047,0
9048,6
9049,2
9050,0
9051,1
9052,2
9053,1
9054,3
9055,0
9056,2
9057,4
9058,2
9059,3
9060,2
9061,3
9062,1
9063,3
9064,3
9065,2
9066,1
9067,2
9068,1
9069,0
9070,0
9071,0
9072,0
9073,0
9074,1
9075,0
9076,2
9077,4
9078,2
9079,2
9080,3
9081,2
9082,5
9083,1
9084,2
9085,1
9086,4
9087,1
9088,4
9089,4
9090,3
9091,2
9092,1
9093,2
9094,1
9095,1
9096,2
9097,1
9098,2
9099,3
9100,1
9101,1
9102,0
9103,4
9104,1
9105,1
9106,2
9107,1
9108,2
9109,2
9110,1
9111,0
9112,3
9113,0
9114,0
9115,2
9116,0
9117,2
9118,3
9119,3
9120,1
9121,3
9122,0
9123,1
9124,1
9125,2
9126,1
9127,1
9128,1
9129,0
9130,3
9131,0
9132,1
9133,2
9134,2
9135,2
9136,1
9137,3
9138,1
9139,0
9140,2
9141,2
9142,2
9143,2
9144,1
9145,3
9146,0
9147,2
9148,0
9149,0
9150,1
9151,3
9152,0
9153,2
9154,0
9155,0
9156,2
9157,1
9158,1
9159,4
9160,1
9161,3
9162,2
9163,1
9164,5
9165,0
9166,2
9167,3
9168,1
9169,0
9170,1
9171,1
9172,2
9173,2
9174,0
9175,0
9176,0
9177,2
9178,2
9179,0
9180,2
9181,0
9182,0
9183,2
9184,0
9185,4
9186,2
9187,4
9188,2
9189,2
9190,3
9191,2
9192,2
9193,2
9194,1
9195,1
9196,2
9197,1
9198,1
9199,0
9200,2
9201,5
9202,2
9203,2
9204,0
9205,1
9206,3
9207,0
9208,0
9209,1
9210,2
9211,2
9212,3
9213,0
9214,1
9215,0
9216,0
9217,1
9218,1
9219,4
9220,1
9221,1
9222,1
9223,2
9224,0
9225,1
9226,0
9227,2
9228,2
9229,2
9230,4
9231,1
9232,0
9233,1
9234,0
9235,1
9236,0
9237,4
9238,1
9239,0
9240,2
9241,1
9242,2
9243,1
9244,1
9245,2
9246,3
9247,0
9248,0
9249,0
9250,1
9251,1
9252,3
9253,2
9254,3
9255,1
9256,4
9257,5
9258,2
9259,0
9260,2
9261,0
9262,1
9263,1
9264,2
9265,0
9266,1
9267,0
9268,1
9269,0
9270,0
9271,0
9272,1
9273,0
9274,1
9275,0
9276,5
9277,1
9278,3
9279,2
9280,0
9281,0
9282,2
9283,1
9284,1
9285,3
9286,0
9287,2
9288,2
9289,2
9290,1
9291,0
9292,0
9293,2
9294,3
9295,5
9296,1
9297,0
9298,0
9299,3
9300,3
9301,0
9302,0
9303,2
9304,3
9305,1
9306,1
9307,0
9308,3
9309,0
9310,1
9311,2
9312,0
9313,2
9314,0
9315,1
9316,0
9317,1
9318,0
9319,2
9320,0
9321,1
9322,2
9323,1
9324,3
9325,1
9326,3
9327,1
9328,1
9329,1
9330,0
9331,0
9332,1
9333,2
9334,0
9335,2
9336,0
9337,0
9338,0
9339,1
9340,1
9341,1
9342,0
9343,1
9344,5
9345,3
9346,0
9347,0
9348,1
9349,1
9350,1
9351,1
9352,2
9353,1
9354,1
9355,2
9356,2
9357,1
9358,3
9359,2
9360,2
9361,0
9362,2
9363,3
9364,2
9365,2
9366,3
9367,2
9368,0
9369,1
9370,2
9371,2
9372,3
9373,0
9374,2
9375,2
9376,3
9377,2
9378,1
9379,2
9380,4
9381,2
9382,2
9383,3
9384,0
9385,1
9386,0
9387,1
9388,0
9389,0
9390,4
9391,1
9392,2
9393,1
9394,0
9395,0
9396,0
9397,2
9398,3
9399,0
9400,2
9401,3
9402,3
9403,0
9404,3
9405,0
9406,0
9407,2
9408,3
9409,1
9410,1
9411,1
9412,1
9413,2
9414,1
9415,0
9416,1
9417,0
9418,0
9419,1
9420,0
9421,1
9422,0
9423,0
9424,1
9425,1
9426,1
9427,0
9428,4
9429,1
9430,1
9431,0
9432,2
9433,2
9434,4
9435,1
9436,1
9437,2
9438,4
9439,1
9440,2
9441,2
9442,2
9443,1
9444,1
9445,1
9446,1
9447,1
9448,1
9449,2
9450,2
9451,3
9452,2
9453,2
9454,3
9455,1
9456,1
9457,3
9458,3
9459,1
9460,1
9461,2
9462,1
9463,2
9464,2
9465,1
9466,0
9467,0
9468,2
9469,2
9470,1
9471,0
9472,0
9473,2
9474,0
9475,2
9476,2
9477,0
9478,1
9479,1
9480,1
9481,2
9482,4
9483,1
9484,4
9485,1
9486,0
9487,2
9488,4
9489,1
9490,3
9491,1
9492,2
9493,1
9494,2
9495,3
9496,0
9497,1
9498,1
9499,2
9500,2
9501,1
9502,0
9503,0
9504,1
9505,1
9506,1
9507,2
9508,1
9509,2
9510,1
9511,1
9512,0
9513,0
9514,0
9515,0
9516,1
9517,1
9518,1
9519,0
9520,1
9521,3
9522,0
9523,1
9524,1
9525,3
9526,2
9527,2
9528,5
9529,1
9530,1
9531,1
9532,4
9533,0
9534,2
9535,4
9536,1
9537,1
9538,1
9539,0
9540,1
9541,1
9542,3
9543,1
9544,1
9545,0
9546,1
9547,0
9548,1
9549,1
9550,2
9551,3
9552,1
9553,4
9554,1
9555,1
9556,0
9557,1
9558,0
9559,0
9560,0
9561,1
9562,2
9563,1
9564,1
9565,0
9566,1
9567,1
9568,0
9569,0
9570,0
9571,1
9572,1
9573,2
9574,3
9575,3
9576,2
9577,2
9578,1
9579,2
9580,1
9581,1
9582,0
9583,1
9584,0
9585,3
9586,1
9587,0
9588,1
9589,1
9590,1
9591,4
9592,1
9593,3
9594,0
9595,1
9596,0
9597,0
9598,3
9599,2
9600,3
9601,1
9602,1
9603,2
9604,4
9605,1
9606,3
9607,0
9608,3
9609,2
9610,2
9611,1
9612,1
9613,0
9614,2
9615,4
9616,1
9617,2
9618,4
9619,5
9620,0
9621,1
9622,6
9623,1
9624,0
9625,2
9626,2
9627,0
9628,1
9629,2
9630,1
9631,3
9632,3
9633,0
9634,0
9635,0
9636,1
9637,3
9638,2
9639,2
9640,4
9641,4
9642,2
9643,1
9644,3
9645,4
9646,2
9647,1
9648,0
9649,4
9650,2
9651,2
9652,0
9653,0
9654,0
9655,2
9656,6
9657,2
9658,0
9659,1
9660,4
9661,2
9662,2
9663,1
9664,1
9665,7
9666,3
9667,3
9668,3
9669,2
9670,4
9671,1
9672,1
9673,0
9674,0
9675,0
9676,1
9677,2
9678,3
9679,3
9680,1
9681,4
9682,2
9683,1
9684,1
9685,2
9686,2
9687,1
9688,3
9689,3
9690,4
9691,0
9692,3
9693,2
9694,5
9695,3
9696,0
9697,1
9698,1
9699,2
9700,2
9701,0
9702,1
9703,0
9704,3
9705,3
9706,2
9707,0
9708,3
9709,0
9710,0
9711,0
9712,0
9713,1
9714,0
9715,2
9716,2
9717,1
9718,0
9719,1
9720,3
9721,4
9722,1
9723,1
9724,1
9725,1
9726,1
9727,1
9728,3
9729,1
9730,1
9731,0
9732,2
9733,0
9734,2
9735,1
9736,1
9737,1
9738,1
9739,0
9740,3
9741,0
9742,2
9743,1
9744,1
9745,3
9746,1
9747,2
9748,1
9749,1
9750,0
9751,0
9752,2
9753,1
9754,3
9755,1
9756,1
9757,0
9758,0
9759,6
9760,2
9761,2
9762,0
9763,1
9764,2
9765,1
9766,1
9767,4
9768,1
9769,1
9770,0
9771,3
9772,1
9773,4
9774,0
9775,2
9776,1
9777,1
9778,1
9779,3
9780,1
9781,0
9782,1
9783,0
9784,0
9785,3
9786,0
9787,2
9788,3
9789,0
9790,1
9791,3
9792,0
9793,2
9794,0
9795,1
9796,2
9797,3
9798,1
9799,3
9800,3
9801,0
9802,1
9803,2
9804,3
9805,4
9806,1
9807,3
9808,3
9809,1
9810,0
9811,2
9812,1
9813,0
9814,1
9815,0
9816,3
9817,2
9818,3
9819,1
9820,2
9821,2
9822,2
9823,1
9824,1
9825,0
9826,0
9827,3
9828,2
9829,0
9830,3
9831,1
9832,2
9833,2
9834,2
9835,3
9836,3
9837,2
9838,2
9839,4
9840,0
9841,4
9842,1
9843,1
9844,1
9845,2
9846,5
9847,1
9848,1
9849,1
9850,1
9851,4
9852,1
9853,0
9854,2
9855,1
9856,4
9857,4
9858,0
9859,0
9860,1
9861,0
9862,2
9863,1
9864,1
9865,1
9866,0
9867,0
9868,0
9869,1
9870,3
9871,0
9872,3
9873,4
9874,1
9875,1
9876,2
9877,0
9878,4
9879,0
9880,3
9881,1
9882,3
9883,2
9884,4
9885,0
