3622889,1
776994,2
1394507,1
6260189,1
3560557,1
3560555,1
3560552,1
3860637,1
3560550,1
1396731,1
3560558,1
776846,3
3561538,1
3561539,1
3561536,1
3977300,1
3561535,1
3561532,1
1385629,1
3561530,1
3561531,0
777829,2
777828,0
777827,0
777826,2
777825,6
777824,2
777823,2
777822,2
777821,2
777820,1
3988277,1
3619300,1
777223,4
3619309,1
27371,2
3625095,0
4492746,1
3958153,1
3622685,1
1404390,1
3545729,1
2721643,1
3622511,1
3925062,1
3626200,1
745783,0
3621792,1
3945958,1
3913078,1
3562377,0
4037400,1
3624459,1
3561168,1
3561430,1
3615363,1
3561081,1
6027847,0
3627996,1
3617195,1
3561533,1
3242728,1
775768,2
3617276,1
3617279,1
1406932,1
3619638,1
3624075,1
3671672,1
1446183,1
5181,3
1362933,1
775362,1
1380757,1
3616696,1
3791357,1
3968372,1
3616456,1
3561053,1
3561055,1
3561057,1
3561056,1
3935225,1
1366133,1
3560638,1
3560639,1
3561231,1
3560632,1
3560633,1
3561239,1
3561238,1
3561949,0
775981,1
4015869,1
3623925,1
3624201,2
711770,1
4038329,0
4888228,1
5654812,1
4438032,1
3559987,1
3559989,1
5677359,1
3614747,1
774747,1
3560942,1
3560943,1
3560944,1
4048795,1
3560947,1
2523552,1
1384056,1
4055743,1
97845,7
3623811,1
934084,1
777728,4
777729,2
777724,1
777725,2
777726,4
777727,1
777720,35
777674,1
777722,3
777723,2
1407043,0
777106,6
3868419,1
776982,1
3560544,1
3560546,1
3560543,1
3621762,1
3560548,1
3560549,1
5763734,1
1405820,1
1385618,1
3561540,1
3561547,1
3626003,0
3560496,1
3560497,1
3560494,1
3560495,1
3560490,1
3628410,0
777852,0
777583,1
777856,0
3846600,1
4491713,1
3938673,1
777215,14
777216,1
5245910,1
5480451,1
3625934,1
3623038,1
3625939,1
1404563,1
3617481,1
3814297,1
3617649,1
3619400,1
776187,5
776188,1
3624687,1
2160580,1
4838239,0
1418235,1
3971205,1
3660238,1
3617007,1
3617001,1
4441479,1
33446,12
570396,0
3872331,1
1406902,1
1386519,1
618816,2
3626013,1
4051594,1
3626019,1
3619629,1
3925548,1
3622847,1
3562418,0
1414353,1
3787838,1
6045127,1
1386349,1
3886801,1
4467069,1
775375,1
775370,1
3561044,1
3561043,1
3561048,1
3561049,1
1410216,1
3600859,1
777789,2
311307,8
775513,2
3367024,1
3561222,1
4054652,1
3561220,1
3561221,1
3559883,1
3561588,1
3559885,1
3559884,1
3624273,1
3561587,1
3629310,0
3623955,1
777783,2
5033945,1
3561584,1
3621300,1
777786,1
777787,1
1408695,1
3561133,1
3560807,1
3618817,1
3367158,1
3559726,1
3560153,1
3560157,1
3560155,1
3560154,1
3560159,1
3982934,1
1385515,1
5154526,2
3615356,1
3624879,1
3624309,1
6185778,0
3844942,1
3561749,1
777739,0
777738,3
3561748,1
777733,1
777732,2
777731,2
777730,2
777737,2
1418842,0
777735,2
777734,4
777111,1
6098026,2
777118,1
3856894,1
777448,2
3765460,1
3560571,1
774649,1
3561630,1
3560574,1
3621932,1
3618868,1
777597,1
777777,1
777591,3
3561550,1
5943746,1
3560591,1
3560975,0
3560977,1
777841,0
777773,1
777842,0
4038049,1
777847,0
3662889,0
3580483,1
777770,0
4392562,1
3619328,1
3619325,1
1413483,1
3560379,1
3560378,1
3704403,1
771986,1
3623559,1
3983509,1
1412203,1
3867628,1
3860931,1
3560206,1
3560205,1
3560202,1
3560201,1
3617674,1
4348625,1
3554936,1
3870093,1
240947,4
766127,1
4001041,1
4052729,1
3873522,1
3619500,1
3831830,1
3623799,1
5139946,1
3623176,1
3624789,1
3555468,2
3872494,1
4009082,1
1209569,1
3912006,1
772475,9
3383416,1
3617290,1
3560714,1
4299041,1
3616985,1
777299,2
774900,1
5785890,1
4004947,1
3622835,1
10502,2
3560181,1
3616180,1
3624657,1
346558,22
775699,1
701464,1
3726310,1
1289203,1
3561039,1
1380772,1
3559720,1
3559721,1
3559722,1
3559723,1
3621939,1
1410262,1
3621934,1
3857411,1
774837,1
777551,1
774833,2
3559438,1
777556,6
3561789,1
3561785,1
3615562,1
3561786,1
3615566,1
3615565,1
8630,4
4054084,1
4713951,1
3623949,1
1405624,1
1366063,1
3624909,0
3561817,1
3561811,1
3561812,1
3560142,1
3560143,1
3618906,1
3560145,1
3695741,0
3560149,1
777698,1
777699,4
774011,3
3561499,1
3559946,1
3559940,1
3561363,1
3561490,1
3561492,1
3561494,1
3561497,1
3561496,1
3627845,1
3621200,1
3628327,1
207489,41
3621204,1
3559896,1
3559894,1
3559892,1
3559893,1
3559890,1
576871,1
1418583,1
777473,3
1407065,1
1383920,1
750193,1
2202389,1
3561567,1
3561561,1
3561560,1
738279,1
1306824,1
3560566,1
3560567,1
3618874,1
3560565,1
3618871,1
3561767,1
372118,32
3561764,1
3561762,0
3677100,1
3560963,1
3560966,0
3560967,1
643506,1
1392478,1
3950578,1
750993,1
3619332,1
3619330,1
777758,2
3560368,1
3560146,1
3560361,1
3560362,1
3560365,1
3595782,0
3620523,1
3781864,1
3846877,1
3619426,1
3626252,1
3619423,1
5222381,1
3616300,1
3619429,1
3560214,1
3560215,1
3560213,1
3560219,1
762350,2
1414808,1
3560235,1
1418211,1
3965205,1
3560661,1
6076205,1
3560669,1
773750,149
3622493,1
3560662,1
773204,2
3619184,1
3623781,1
3563893,1
4601117,0
1393434,1
1411439,1
3627841,1
5275901,1
3625141,1
3627200,1
609211,2
3617119,1
3620944,1
3617110,1
3945908,1
3946166,1
1399864,1
4292708,1
3616534,1
5778713,1
3622823,1
3563434,0
3753582,1
775355,2
90724,5
3561392,1
3616227,1
3960356,1
3616407,0
3559713,1
3627969,0
3624675,1
1400513,1
3621928,1
827775,1
3492419,1
3926945,1
4356817,1
3616083,1
3616086,0
3996123,1
3561159,1
871531,1
760010,2
759482,1
3561802,1
3561801,1
3561804,1
690147,2
3561808,1
3561809,1
3561486,1
777682,16
3561484,1
777680,1
3561482,1
777686,9
777684,3
4017125,0
777689,2
3560171,1
3560170,1
3561488,1
3560172,1
1281640,1
3559976,1
3561371,1
5359013,1
3996726,1
5018313,1
6112775,1
3621142,1
3615289,1
3809559,1
3560569,1
777463,4
3621131,1
3910815,1
3560513,1
3618802,1
3560510,1
3560564,1
3561775,1
3560689,1
3561777,1
3629446,0
3560683,1
3560681,1
3560680,1
3879329,1
3561779,1
3560685,1
3623991,1
3560995,0
3560994,0
4669499,1
777768,2
3560425,1
3618241,1
3560420,0
777264,6
3560429,1
3560193,1
3922626,1
776794,1
3881767,1
1414969,1
3622229,1
4003624,0
1404510,1
3888187,1
3623571,1
1416989,1
3621959,1
777316,1
3898894,1
3618106,1
3511837,1
3560223,1
3560224,1
693143,1
3560226,1
3622313,1
1905575,1
4026138,1
776134,0
1416525,1
3621460,1
3810129,1
1409491,1
1216382,1
4752195,1
3617129,1
3536729,1
3620950,1
3617124,1
3617435,1
3830075,0
3624639,1
3624633,1
1363190,1
3619702,1
3619700,1
4100763,1
1363173,1
3561014,1
3561017,1
3561016,1
3561013,0
743629,1
856978,1
3942586,1
3560736,1
3622960,1
3560734,1
3616526,1
3559411,1
3688235,1
1405313,1
3560636,1
3560637,1
3870929,1
3560634,2
3621867,1
4035062,1
3561160,1
3616704,1
3561165,1
3559703,1
3560169,1
3334396,1
777679,4
777676,3
3560163,1
3560160,1
3561349,1
777767,2
3559966,1
3559964,1
5408379,1
3624339,1
5384781,1
1369861,1
3560509,1
777788,12
3621123,1
751208,2
777782,16
1384705,1
777780,2
777781,2
3560504,1
3560505,1
777784,2
777785,1
3560698,1
3560699,1
3561744,1
3561747,1
3560690,1
3560691,1
3560693,1
3560694,1
3560695,1
3560696,1
3560697,1
3623985,1
3744516,1
3560984,1
3560985,1
3560987,1
1416420,1
3878845,0
776624,1
3560436,1
3560437,1
3560184,1
776785,1
776784,4
3560182,1
3874124,1
3559983,1
24639,1
1393909,1
1377070,1
3606661,1
3617600,1
4036186,1
3619448,1
3619284,1
3755242,1
3560233,1
3560230,1
3560231,1
3545171,1
4032620,1
3949595,1
4756737,1
4053653,1
3658,9
1408225,1
3621477,1
3598954,0
3908946,1
2313742,1
3555459,1
1239347,2
3560946,0
1392740,1
3624537,1
2911526,1
4028071,1
3616957,1
3846515,1
3623691,1
3623697,1
4028074,1
3626299,1
5420653,1
3946105,1
185345,2
3620987,1
6040455,1
3618922,1
4487764,0
3376226,1
3619713,1
3617559,1
3616171,1
3272723,1
3621586,1
3619844,1
743149,5
3561007,1
3561004,1
586903,1
3562078,0
1371429,1
775796,1
3798153,1
2855055,1
3561177,1
3588831,1
3561178,1
3616776,1
3076356,1
3121885,1
3561353,1
777669,1
777668,13
777664,2
777666,1
1384023,1
2464081,1
3559913,1
3560750,1
3559911,1
3559910,1
3559915,1
3559914,1
4602773,1
3624189,1
1385395,1
777721,3
3615803,0
3615558,1
3742821,1
3560646,1
3560538,1
777407,1
777799,2
777798,3
3621127,1
3625105,1
3625102,1
3621118,1
777791,2
777790,2
777793,1
777792,2
777795,2
777794,2
777797,2
3561593,1
3989430,1
3561758,1
3561754,1
3561755,0
3561750,1
3561751,1
1415945,1
777243,1
777241,1
777536,9
777531,1
777245,10
777248,1
3960808,1
3560405,1
777080,1
3560406,1
712746,1
3540687,1
1359143,1
760809,2
696390,4
405661,1
776931,1
2592737,1
3431812,1
1263809,1
3622775,1
3949769,1
3845471,1
3619276,1
3619271,1
4169993,1
1413136,1
3928823,1
3995048,1
53157,3
3876042,1
4042883,1
5863803,1
3619388,1
3619384,1
3977614,1
5747491,1
5278412,1
3627232,1
3622601,1
3624501,1
3624507,1
3619657,1
1387099,1
3619653,1
777422,1
772542,1
3973679,1
3626049,1
1408367,1
735427,0
3617386,1
2792256,1
3625583,1
1552900,2
4053412,1
3978018,1
3623649,1
3560005,1
3840711,1
2970938,0
3617568,1
3953384,1
3996027,1
3616160,1
3616543,1
6303018,1
2401666,0
3082838,1
1405664,1
3561109,1
3619767,1
3621807,1
3562487,0
6321271,1
1407916,1
576832,4
3560000,1
3560745,1
3619316,1
3560748,1
3560749,1
1378600,1
3621242,1
3559902,1
3859472,1
3946263,1
2975518,1
3561296,1
3561923,0
4043946,1
3618386,1
3529690,1
3559831,1
3616730,1
1788197,1
3619017,0
3970932,1
1236642,1
777501,13
777504,1
3560418,1
3560412,1
3619124,1
3561433,1
3997402,1
3619120,1
3921859,1
5943006,1
3561439,1
3561438,1
3554856,1
3554859,1
1413652,1
3619468,1
777344,1
3974959,1
1375439,1
3608484,1
3619267,1
776699,1
1373196,1
3622127,1
1415373,1
3563053,0
1416377,1
3617719,1
4004666,1
1370439,1
6264031,1
1412254,1
773082,7
3858055,1
3830314,1
3622637,1
4037013,1
3827030,0
3627085,1
3617762,1
3627089,1
4489527,1
1393369,1
3623655,1
772115,2
1415397,1
5956858,1
3816432,1
3968123,1
3617570,1
3617571,1
1400822,1
1382589,1
5971126,0
556431,1
4035897,0
3784318,1
6282016,1
3624777,1
779222,0
3561111,1
3561112,1
764317,1
3560687,1
3621819,1
3648770,1
1365239,1
1380729,1
278186,394
777796,2
3560733,1
209682,1
3559931,1
3559930,1
3560735,1
3559932,1
774515,145
3671566,1
3624363,1
1568076,1
5272076,1
4148493,1
3560087,1
3625161,1
3546346,1
3560648,1
3559809,1
3559808,1
3560643,1
3560642,1
777702,40
3560581,1
3619005,1
777647,12
3560583,1
777641,1
777640,1
777706,20
3955828,1
4044027,1
3560586,1
3560598,0
3560588,1
4054569,1
3560397,1
3560396,1
777705,3
3555200,1
3561428,0
3625011,1
740392,1
3957193,1
777427,1
3624381,1
1373691,1
776912,1
776338,2
3624963,4
457027,0
777355,5
777357,4
3619259,3
3958641,1
5696417,1
3619251,1
3623320,1
3620665,1
3622355,1
3622139,1
3563514,0
3545180,1
6271642,1
3605436,1
3827624,1
3611832,1
3951479,1
1415542,1
3624561,1
3617166,1
3624567,1
766695,0
3561650,1
4041970,1
3984673,1
3994993,1
348546,1
3617361,1
3630449,0
3872235,1
3559272,1
3623661,1
4065216,0
5104,35
3561524,1
3469175,1
1404063,1
3561528,1
4010741,1
3561158,1
3619741,1
4337940,0
5232735,1
3900987,1
2925971,1
3616104,1
3616107,1
10476,1
3537369,1
3627400,1
1371921,1
4011342,1
3642738,1
3624705,1
4029485,1
3621391,1
3561129,1
3561128,1
3621394,1
3561125,1
3561124,1
3561121,0
4035811,1
3616588,1
20302,11
1393974,1
3559922,1
3561388,1
3559920,1
3560723,1
3559926,1
3560725,1
3559924,1
3560727,1
3560728,1
3559928,1
3561387,1
3623140,1
3561631,1
4353869,0
3623895,1
3732354,1
3624177,1
106788,15
3632673,0
777748,7
777749,0
777746,1
777747,4
777744,2
777745,2
778181,0
777743,0
1388250,1
777741,40
3561705,1
3560659,1
3559816,1
3560655,1
3560656,1
3560650,1
3560651,1
3560652,1
3560653,1
1303079,1
3620274,1
3620270,1
777633,4
711717,1
777636,1
777635,1
1392948,1
777639,1
3560386,1
777683,4
1402121,1
777769,3
1402180,1
777295,2
3560389,1
5329848,1
3798909,1
3560473,1
3619108,1
3619627,1
3623871,1
3560174,1
3620381,1
3619465,1
4047139,1
3615441,1
1350614,2
777766,20
5360793,1
3561489,1
3618349,0
777692,2
3837499,0
3552315,1
5028312,1
4993314,1
3627399,1
3627396,1
3869219,1
3627392,1
3589215,1
210014,1
773707,2
3564382,0
3623529,0
3621190,1
579074,2
3786107,1
740219,20
3623703,1
3624573,1
3995328,1
3849330,1
1398607,1
3624579,1
4034070,0
3957724,1
5887558,1
1021884,1
3624063,1
3865466,1
3618199,1
754439,1
3673513,1
5843099,1
3544268,1
3616358,1
393619,1
1411038,1
3382829,1
3563252,0
157398,2
3780512,1
3623673,1
3627377,1
3627373,1
3615287,1
4000744,1
3589832,1
5914027,1
2994950,1
3622930,1
3916277,1
3617207,1
4141511,1
3561139,1
3621384,1
3621389,1
757629,1
1741312,1
3624003,1
3624009,0
3616137,1
4025354,1
775115,1
3561626,1
3560719,1
3560718,1
1389261,1
3560717,1
3560711,1
1400244,1
3559793,1
3559795,1
3559794,1
3559797,1
3559799,1
3559798,1
3683455,1
777759,22
3598137,1
2737996,1
777755,2
777754,2
777757,2
777756,2
777751,6
777750,2
777753,2
777752,2
3561244,1
3561713,0
3561246,1
3559868,1
3393451,1
3561243,1
3559863,1
3560660,1
3559860,1
3559867,1
3872894,1
3561397,1
777625,3
3561391,1
777629,1
2475100,1
3560445,1
3560446,1
4032052,1
3560449,1
3561776,1
777860,0
3618973,1
2035952,1
3561771,1
3626762,1
3988361,1
3624819,1
3561471,0
777371,141
777377,1
776713,6
4151975,1
3560686,1
3619230,1
3619234,1
4052428,1
3560041,1
3560040,1
3560044,1
3726335,1
3875394,1
1377400,1
776808,0
1367916,1
776803,27
777289,1
3627388,1
4046878,1
3818358,1
3627382,1
1404910,1
1404267,1
776395,1
3619581,1
2382488,1
3621605,1
631894,1
3999318,1
3619348,1
1355527,1
377393,1
3621608,1
1392576,1
3827994,1
3623266,1
1418191,1
1413055,1
3561210,1
763004,2
3540364,1
1404607,1
3899301,1
625842,1
1842441,0
3623469,1
3617346,1
3560501,1
5833437,1
3417814,1
3627366,1
3627363,1
3619769,1
3694698,1
3560423,1
3619080,1
6004671,0
772547,1
3560722,1
3703524,1
3872381,1
772010,1
589538,1
3616349,1
1381203,1
3622895,1
4748436,1
3624033,1
3561638,1
3616120,1
169881,1
704062,1
5349070,1
3561653,0
3561652,1
3561651,1
3560709,1
3560703,1
3560700,1
3560701,1
3560706,1
3560707,1
3560705,1
1366774,0
3561091,1
3624153,1
3561092,0
5783167,1
1390094,1
777816,1
777575,2
3705256,1
318645,1
3871011,1
4024523,1
777815,6
4097519,1
3559659,1
4321086,1
3560676,1
3560677,1
3560675,1
3560672,1
777810,2
3560671,1
777760,2
777761,4
777762,2
777763,8
777764,2
777765,3
3560678,1
3560679,1
776815,1
3611028,1
3847190,1
3559870,1
3559872,1
3621356,1
1358114,1
3621350,1
3733627,1
3620252,1
681308,15
640,1
777614,2
777615,4
3618980,1
777611,1
3560453,1
3560451,1
3560457,1
5084980,1
6318041,1
3625047,1
3615300,1
4138676,1
3618969,0
3611119,1
3561479,1
4811226,0
3561473,1
3699914,1
3561470,1
3561475,1
3561474,1
1394736,1
3967516,1
1413272,1
3674940,1
1416028,1
3622253,1
777141,2
1402075,1
3619227,1
3861203,1
3621728,0
3561507,1
3561506,0
3561505,1
3561503,1
3561502,1
3561500,1
3913955,1
3618364,1
3561508,1
777544,1
777817,2
777814,0
680304,1
777812,32
777813,0
6256406,1
777543,1
3875817,1
777818,5
777819,1
1365903,1
3627172,1
773285,2
3676162,1
3619591,1
6280687,1
3619356,1
3618912,1
3558511,1
6251189,1
1411233,1
3623278,1
5743587,1
777742,2
1393636,0
3624555,1
3616939,1
777740,2
3623074,1
3617356,1
3560227,1
3559956,1
3916071,1
5908349,1
93311,12
3544244,1
1397021,1
739396,11
775600,1
1393525,1
3619773,1
3616801,1
3561708,1
3620813,1
3559811,1
2937838,1
3800894,1
3332096,1
1311865,0
4041584,1
1404140,1
3618791,1
3617224,1
3614696,1
1593996,1
3628001,1
3958427,1
4313806,1
3952178,1
775131,2
3624027,1
1407949,1
3862434,1
3624021,1
1382217,1
2036169,1
26699,1
746680,1
3624123,1
3616464,1
4709870,1
3561088,1
3647777,0
777736,4
3559669,1
3559668,1
724290,1
3559666,1
3559661,1
3560603,1
3560602,1
3560600,1
3560607,1
3560606,1
3559843,1
3559842,1
3559848,1
3616935,1
3935750,1
3559683,1
3559682,1
2515627,1
3623919,1
3623913,1
549617,7
3557302,1
777601,1
777971,0
3560937,1
5866107,1
3615314,1
3615317,1
3615310,1
3625059,1
1208238,1
3561469,1
3878633,1
3561273,1
3561462,1
3561463,1
3561466,0
3627834,1
777776,0
777775,2
777774,8
3118820,1
777772,6
777771,2
3561778,1
3560575,1
3560599,1
738289,1
777779,32
777778,0
777399,1
1245247,2
3560576,1
777393,1
3954528,1
3560471,1
1364952,1
3619217,1
3619213,1
4018982,1
3560028,1
3561511,1
3561512,1
3561513,1
3560022,1
3601863,0
6291133,1
777805,3
777804,35
777807,1
777806,0
777801,43
777800,2
777803,1
777802,2
1416109,1
777809,0
777808,2
776600,0
3561558,1
5861204,1
3831743,1
3861592,1
1404449,1
3619362,1
5011040,1
2857509,1
776732,1
3561551,0
224319,4
3889275,1
3616928,1
3598890,1
4817585,1
1402718,1
3623877,1
741486,1
3686708,1
3620930,1
3543731,1
3616812,1
2908775,1
4960024,1
3619542,1
3617788,1
3617030,1
1327456,1
1418796,1
1418156,1
4025706,1
4461872,1
3617812,1
2581434,1
775417,2
3622871,1
3835191,1
3410568,1
3616677,1
4568215,1
3615413,1
3561677,1
775893,2
775896,1
3561078,1
3561077,1
3560629,1
3561075,1
3997043,1
3615786,1
3561071,1
466029,9
6271985,1
3559679,1
3616781,1
3559673,1
3559670,1
3559671,1
3559677,1
3622984,0
3559853,1
3560612,1
3559851,1
3559857,1
3560954,1
3559859,1
777656,1
3561213,1
5391995,1
132102,6
3560561,1
3998463,1
3560404,1
3623907,1
3623901,1
1406576,1
3626752,1
3783275,1
3561324,1
3561453,1
3625065,1
3561459,1
777491,9
777811,10
3620346,1
3560580,1
777703,0
777700,2
777701,2
3560584,1
777707,2
777704,1
3560587,1
5657691,1
777708,2
777709,2
2572351,1
3621741,1
4017674,1
3560038,1
3561520,1
3561522,1
776832,1
3561526,1
3561529,1
3560031,1
3560032,1
3874299,1
733029,2
777830,0
777831,2
777832,0
777833,3
777834,0
777835,2
777836,0
777837,1
777838,0
1390352,1
3619377,1
3619374,1
3564340,0
3619379,1
1395131,1
3974796,1
3865420,1
3994960,1
1376704,1
3617331,1
3622181,1
764626,0
3858162,1
3623452,1
1393721,1
3849248,1
2698334,1
1404090,1
4999488,1
773486,1
3619556,1
3619552,1
3999724,1
1404165,1
736504,0
764883,1
3560486,1
1370351,1
3865889,1
1404361,1
3624591,0
3626036,1
3626030,1
3617246,1
3945044,1
5312784,1
1405141,1
3872131,1
1675107,1
3628025,1
3559040,1
3123346,1
3623805,1
33513,9
3970892,1
5903033,1
3829313,2
3956268,1
3561066,1
1410239,0
3561062,1
3561994,0
6152952,1
6261071,1
1405566,1
3560628,1
3960601,1
3560627,1
778263,0
3561209,1
3624219,1
2979282,1
3561389,1
3621368,1
3871117,1
3621365,1
3847236,1
3623937,1
3559992,1
3559991,1
3559990,1
3559997,1
178447,1
3559994,1
1376087,1
1389515,1
1406540,1
725630,1
5621246,1
1406721,1
507986,5
3560951,1
3560950,1
3560956,1
4048273,1
3561334,1
3560138,1
3618939,1
3560135,1
3560134,1
3618935,1
3560136,1
3561684,4
3561685,1
3561683,1
777711,2
777710,8
777713,0
777712,3
777715,15
777714,12
777717,7
777716,1
777719,2
777718,5
3621196,1
750365,61
