0,1
1,4
2,3
3,2
4,3
5,1
6,2
7,1
8,4
9,3
10,1
11,1
12,1
13,3
14,2
15,1
16,0
17,2
18,1
19,3
20,0
21,1
22,2
23,1
24,2
25,0
26,0
27,0
28,1
29,1
30,2
31,2
32,1
33,1
34,3
35,1
36,1
37,2
38,3
39,0
40,1
41,0
42,2
43,1
44,3
45,1
46,1
47,0
48,1
49,1
50,2
51,2
52,3
53,4
54,3
55,2
56,2
57,2
58,0
59,1
60,2
61,1
62,2
63,1
64,4
65,6
66,5
67,1
68,1
69,1
70,3
71,3
72,3
73,0
74,2
75,2
76,3
77,0
78,3
79,2
80,4
81,3
82,1
83,1
84,6
85,1
86,5
87,2
88,0
89,2
90,2
91,0
92,1
93,0
94,3
95,0
96,2
97,4
98,3
99,2
100,2
101,2
102,1
103,0
104,1
105,3
106,1
107,0
108,1
109,2
110,1
111,1
112,2
113,0
114,2
115,3
116,1
117,4
118,2
119,2
120,1
121,1
122,4
123,1
124,3
125,1
126,1
127,0
128,2
129,1
130,3
131,2
132,7
133,1
134,2
135,3
136,2
137,5
138,0
139,3
140,1
141,1
142,1
143,3
144,6
145,3
146,3
147,1
148,2
149,5
150,1
151,1
152,4
153,4
154,1
155,1
156,2
157,0
158,1
159,1
160,1
161,1
162,2
163,2
164,4
165,1
166,2
167,0
168,3
169,0
170,0
171,1
172,3
173,2
174,4
175,2
176,1
177,4
178,0
179,3
180,1
181,1
182,0
183,2
184,1
185,6
186,3
187,4
188,2
189,1
190,4
191,1
192,3
193,2
194,0
195,2
196,4
197,3
198,3
199,4
200,4
201,3
202,2
203,2
204,0
205,3
206,1
207,3
208,1
209,2
210,1
211,1
212,3
213,4
214,0
215,1
216,2
217,5
218,1
219,3
220,4
221,3
222,0
223,3
224,4
225,1
226,5
227,3
228,1
229,0
230,1
231,2
232,1
233,2
234,3
235,1
236,1
237,3
238,1
239,0
240,1
241,3
242,4
243,4
244,0
245,1
246,1
247,3
248,1
249,5
250,1
251,1
252,2
253,1
254,0
255,0
256,2
257,2
258,0
259,3
260,1
261,1
262,2
263,0
264,2
265,1
266,1
267,1
268,4
269,0
270,1
271,2
272,1
273,2
274,2
275,3
276,2
277,2
278,0
279,2
280,4
281,1
282,0
283,0
284,0
285,1
286,1
287,2
288,3
289,2
290,2
291,0
292,3
293,0
294,1
295,3
296,6
297,1
298,1
299,1
300,3
301,1
302,0
303,1
304,2
305,3
306,2
307,3
308,2
309,3
310,0
311,2
312,2
313,3
314,3
315,3
316,4
317,2
318,0
319,1
320,2
321,2
322,0
323,1
324,0
325,1
326,5
327,1
328,1
329,0
330,2
331,0
332,1
333,2
334,3
335,1
336,1
337,2
338,0
339,3
340,5
341,2
342,6
343,1
344,3
345,4
346,1
347,1
348,1
349,2
350,4
351,1
352,1
353,1
354,0
355,1
356,1
357,4
358,2
359,1
360,2
361,1
362,4
363,2
364,1
365,0
366,2
367,3
368,0
369,2
370,2
371,2
372,1
373,3
374,1
375,1
376,2
377,2
378,0
379,1
380,2
381,2
382,1
383,5
384,1
385,0
386,6
387,3
388,2
389,0
390,1
391,3
392,0
393,2
394,1
395,0
396,4
397,3
398,1
399,3
400,0
401,3
402,1
403,4
404,3
405,4
406,3
407,4
408,2
409,1
410,1
411,2
412,3
413,3
414,1
415,3
416,0
417,3
418,4
419,1
420,3
421,2
422,0
423,0
424,2
425,0
426,4
427,2
428,1
429,1
430,2
431,3
432,2
433,2
434,2
435,0
436,2
437,1
438,1
439,1
440,2
441,2
442,1
443,3
444,1
445,2
446,1
447,2
448,1
449,1
450,2
451,2
452,4
453,3
454,1
455,1
456,3
457,1
458,3
459,4
460,0
461,5
462,3
463,1
464,2
465,4
466,0
467,2
468,1
469,2
470,1
471,2
472,1
473,1
474,1
475,0
476,2
477,0
478,2
479,3
480,0
481,4
482,2
483,3
484,5
485,0
486,1
487,1
488,3
489,4
490,0
491,2
492,2
493,2
494,2
495,1
496,3
497,2
498,0
499,2
500,2
501,1
502,0
503,1
504,2
505,4
506,1
507,0
508,3
509,2
510,0
511,2
512,0
513,1
514,4
515,1
516,3
517,2
518,1
519,0
520,1
521,2
522,2
523,3
524,1
525,2
526,1
527,7
528,1
529,1
530,1
531,1
532,2
533,2
534,5
535,2
536,2
537,0
538,1
539,4
540,0
541,4
542,2
543,5
544,3
545,1
546,1
547,0
548,0
549,2
550,3
551,0
552,2
553,2
554,3
555,2
556,1
557,4
558,5
559,1
560,2
561,1
562,4
563,1
564,1
565,1
566,1
567,4
568,2
569,0
570,1
571,0
572,1
573,1
574,1
575,4
576,1
577,2
578,2
579,1
580,3
581,2
582,4
583,1
584,4
585,3
586,0
587,1
588,4
589,1
590,2
591,4
592,1
593,1
594,2
595,1
596,0
597,2
598,2
599,1
600,1
601,4
602,2
603,1
604,3
605,2
606,0
607,2
608,1
609,4
610,2
611,1
612,3
613,1
614,1
615,1
616,3
617,1
618,3
619,0
620,0
621,0
622,3
623,4
624,2
625,2
626,2
627,2
628,4
629,1
630,2
631,1
632,2
633,2
634,2
635,1
636,0
637,2
638,2
639,2
640,0
641,1
642,2
643,1
644,1
645,1
646,2
647,1
648,2
649,0
650,2
651,0
652,1
653,2
654,3
655,2
656,2
657,3
658,3
659,0
660,2
661,2
662,4
663,3
664,4
665,0
666,2
667,1
668,5
669,1
670,0
671,2
672,3
673,3
674,1
675,2
676,2
677,3
678,0
679,2
680,2
681,0
682,2
683,1
684,5
685,4
686,0
687,4
688,3
689,2
690,1
691,1
692,1
693,0
694,1
695,2
696,0
697,3
698,1
699,2
700,2
701,2
702,2
703,1
704,0
705,1
706,0
707,1
708,2
709,1
710,1
711,1
712,2
713,2
714,1
715,0
716,1
717,1
718,2
719,0
720,2
721,3
722,2
723,1
724,2
725,1
726,0
727,2
728,3
729,3
730,2
731,0
732,1
733,1
734,2
735,1
736,0
737,1
738,2
739,1
740,1
741,1
742,1
743,2
744,0
745,1
746,1
747,1
748,2
749,2
750,2
751,4
752,1
753,1
754,1
755,2
756,2
757,0
758,0
759,1
760,2
761,2
762,2
763,1
764,2
765,2
766,0
767,0
768,1
769,2
770,3
771,1
772,0
773,0
774,1
775,2
776,2
777,0
778,0
779,2
780,2
781,2
782,1
783,0
784,1
785,1
786,2
787,1
788,3
789,2
790,1
791,1
792,1
793,2
794,3
795,2
796,3
797,2
798,0
799,2
800,5
801,0
802,1
803,1
804,0
805,2
806,1
807,2
808,0
809,0
810,2
811,3
812,3
813,0
814,1
815,1
816,2
817,2
818,2
819,2
820,4
821,7
822,3
823,2
824,0
825,1
826,0
827,2
828,0
829,2
830,0
831,1
832,3
833,3
834,3
835,2
836,2
837,2
838,2
839,8
840,5
841,0
842,1
843,1
844,0
845,4
846,2
847,3
848,0
849,0
850,2
851,2
852,1
853,3
854,4
855,0
856,2
857,2
858,0
859,3
860,1
861,1
862,0
863,4
864,1
865,3
866,2
867,1
868,3
869,0
870,2
871,3
872,2
873,5
874,3
875,4
876,4
877,2
878,2
879,3
880,1
881,1
882,1
883,1
884,3
885,4
886,4
887,0
888,3
889,2
890,1
891,1
892,2
893,3
894,3
895,2
896,2
897,6
898,2
899,2
900,4
901,1
902,3
903,3
904,4
905,1
906,4
907,0
908,1
909,0
910,2
911,0
912,1
913,2
914,0
915,1
916,4
917,4
918,2
919,0
920,4
921,6
922,2
923,1
924,2
925,4
926,2
927,4
928,3
929,4
930,3
931,2
932,1
933,2
934,4
935,4
936,1
937,3
938,1
939,1
940,3
941,2
942,1
943,0
944,3
945,0
946,2
947,2
948,0
949,0
950,2
951,2
952,2
953,1
954,2
955,1
956,1
957,3
958,1
959,2
960,1
961,4
962,2
963,1
964,2
965,1
966,2
967,1
968,1
969,0
970,4
971,0
972,0
973,1
974,1
975,1
976,0
977,3
978,2
979,0
980,1
981,1
982,2
983,1
984,2
985,3
986,0
987,1
988,1
989,1
990,3
991,1
992,2
993,3
994,1
995,3
996,1
997,2
998,0
999,2
1000,1
1001,1
1002,3
1003,0
1004,2
1005,2
1006,2
1007,4
1008,4
1009,2
1010,2
1011,2
1012,2
1013,1
1014,1
1015,2
1016,1
1017,3
1018,2
1019,1
1020,2
1021,5
1022,2
1023,0
1024,4
1025,3
1026,1
1027,4
1028,4
1029,2
1030,4
1031,1
1032,2
1033,1
1034,0
1035,3
1036,1
1037,0
1038,1
1039,0
1040,1
1041,0
1042,0
1043,1
1044,2
1045,1
1046,0
1047,2
1048,1
1049,3
1050,3
1051,0
1052,3
1053,1
1054,2
1055,3
1056,3
1057,2
1058,0
1059,2
1060,3
1061,3
1062,3
1063,1
1064,0
1065,5
1066,0
1067,0
1068,4
1069,1
1070,4
1071,3
1072,0
1073,1
1074,1
1075,0
1076,0
1077,3
1078,2
1079,1
1080,1
1081,5
1082,0
1083,0
1084,3
1085,3
1086,1
1087,3
1088,1
1089,1
1090,1
1091,2
1092,2
1093,1
1094,3
1095,3
1096,0
1097,4
1098,0
1099,3
1100,2
1101,3
1102,1
1103,2
1104,1
1105,4
1106,1
1107,2
1108,1
1109,1
1110,1
1111,3
1112,2
1113,2
1114,2
1115,1
1116,2
1117,2
1118,0
1119,3
1120,1
1121,0
1122,4
1123,3
1124,1
1125,1
1126,4
1127,3
1128,3
1129,2
1130,1
1131,3
1132,1
1133,4
1134,0
1135,2
1136,3
1137,2
1138,2
1139,1
1140,0
1141,1
1142,1
1143,1
1144,2
1145,3
1146,0
1147,1
1148,3
1149,2
1150,1
1151,2
1152,2
1153,2
1154,5
1155,2
1156,1
1157,2
1158,3
1159,3
1160,2
1161,2
1162,1
1163,1
1164,3
1165,1
1166,2
1167,1
1168,2
1169,1
1170,2
1171,5
1172,2
1173,4
1174,2
1175,2
1176,1
1177,2
1178,2
1179,1
1180,1
1181,3
1182,2
1183,1
1184,1
1185,1
1186,2
1187,2
1188,6
1189,4
1190,0
1191,0
1192,2
1193,2
1194,3
1195,2
1196,0
1197,1
1198,1
1199,1
1200,3
1201,2
1202,1
1203,2
1204,1
1205,3
1206,3
1207,1
1208,2
1209,4
1210,1
1211,3
1212,2
1213,2
1214,1
1215,0
1216,2
1217,0
1218,3
1219,1
1220,2
1221,1
1222,0
1223,2
1224,2
1225,3
1226,2
1227,2
1228,0
1229,4
1230,1
1231,2
1232,0
1233,1
1234,4
1235,7
1236,3
1237,1
1238,2
1239,2
1240,3
1241,0
1242,1
1243,2
1244,0
1245,3
1246,3
1247,2
1248,0
1249,3
1250,1
1251,3
1252,1
1253,1
1254,4
1255,2
1256,3
1257,1
1258,3
1259,2
1260,1
1261,5
1262,2
1263,1
1264,3
1265,0
1266,3
1267,2
1268,0
1269,2
1270,0
1271,1
1272,1
1273,2
1274,3
1275,0
1276,2
1277,4
1278,1
1279,2
1280,1
1281,3
1282,1
1283,3
1284,2
1285,3
1286,1
1287,3
1288,2
1289,2
1290,0
1291,2
1292,2
1293,0
1294,1
1295,0
1296,0
1297,2
1298,1
1299,0
1300,0
1301,1
1302,2
1303,1
1304,2
1305,1
1306,0
1307,0
1308,0
1309,0
1310,0
1311,1
1312,2
1313,2
1314,2
1315,1
1316,2
1317,2
1318,2
1319,1
1320,1
1321,3
1322,2
1323,1
1324,0
1325,4
1326,2
1327,1
1328,3
1329,4
1330,3
1331,4
1332,2
1333,1
1334,0
1335,2
1336,1
1337,2
1338,2
1339,2
1340,1
1341,2
1342,1
1343,1
1344,0
1345,2
1346,2
1347,4
1348,2
1349,1
1350,2
1351,1
1352,2
1353,0
1354,1
1355,1
1356,1
1357,0
1358,1
1359,2
1360,2
1361,2
1362,1
1363,2
1364,0
1365,2
1366,4
1367,1
1368,1
1369,4
1370,1
1371,2
1372,3
1373,1
1374,4
1375,2
1376,1
1377,2
1378,3
1379,2
1380,2
1381,0
1382,0
1383,1
1384,1
1385,2
1386,0
1387,2
1388,1
1389,0
1390,1
1391,1
1392,2
1393,2
1394,2
1395,3
1396,0
1397,1
1398,1
1399,2
1400,3
1401,2
1402,0
1403,0
1404,1
1405,1
1406,3
1407,1
1408,5
1409,1
1410,1
1411,2
1412,5
1413,0
1414,1
1415,1
1416,2
1417,4
1418,3
1419,4
1420,1
1421,2
1422,2
1423,1
1424,4
1425,2
1426,3
1427,0
1428,2
1429,2
1430,1
1431,2
1432,2
1433,2
1434,3
1435,2
1436,1
1437,3
1438,0
1439,1
1440,0
1441,2
1442,1
1443,2
1444,4
1445,1
1446,3
1447,0
1448,0
1449,5
1450,1
1451,1
1452,1
1453,3
1454,2
1455,1
1456,0
1457,4
1458,1
1459,1
1460,2
1461,1
1462,6
1463,1
1464,2
1465,6
1466,2
1467,1
1468,3
1469,3
1470,3
1471,2
1472,1
1473,1
1474,0
1475,2
1476,0
1477,3
1478,1
1479,3
1480,1
1481,3
1482,1
1483,1
1484,0
1485,1
1486,3
1487,1
1488,2
1489,1
1490,2
1491,1
1492,0
1493,1
1494,0
1495,1
1496,2
1497,1
1498,5
1499,1
1500,1
1501,3
1502,3
1503,2
1504,2
1505,2
1506,1
1507,3
1508,1
1509,1
1510,2
1511,0
1512,2
1513,1
1514,5
1515,3
1516,0
1517,2
1518,2
1519,2
1520,1
1521,6
1522,0
1523,1
1524,2
1525,3
1526,4
1527,2
1528,2
1529,2
1530,3
1531,3
1532,3
1533,2
1534,1
1535,4
1536,0
1537,3
1538,0
1539,4
1540,1
1541,4
1542,0
1543,1
1544,2
1545,2
1546,2
1547,0
1548,0
1549,3
1550,0
1551,3
1552,1
1553,2
1554,1
1555,1
1556,2
1557,1
1558,0
1559,2
1560,1
1561,3
1562,1
1563,1
1564,2
1565,2
1566,1
1567,0
1568,0
1569,2
1570,0
1571,3
1572,1
1573,2
1574,2
1575,2
1576,2
1577,3
1578,1
1579,1
1580,2
1581,5
1582,6
1583,2
1584,0
1585,3
1586,3
1587,2
1588,0
1589,2
1590,1
1591,4
1592,1
1593,0
1594,2
1595,1
1596,2
1597,2
1598,2
1599,2
1600,3
1601,1
1602,1
1603,0
1604,1
1605,3
1606,2
1607,1
1608,2
1609,2
1610,1
1611,2
1612,0
1613,1
1614,0
1615,2
1616,2
1617,1
1618,0
1619,3
1620,2
1621,1
1622,4
1623,0
1624,4
1625,0
1626,0
1627,3
1628,0
1629,0
1630,3
1631,0
1632,2
1633,3
1634,2
1635,1
1636,3
1637,6
1638,1
1639,2
1640,2
1641,4
1642,1
1643,0
1644,2
1645,2
1646,1
1647,3
1648,0
1649,2
1650,0
1651,3
1652,1
1653,0
1654,3
1655,3
1656,2
1657,4
1658,2
1659,2
1660,1
1661,3
1662,2
1663,3
1664,3
1665,3
1666,2
1667,1
1668,2
1669,2
1670,0
1671,1
1672,1
1673,3
1674,1
1675,1
1676,1
1677,3
1678,4
1679,3
1680,1
1681,1
1682,1
1683,3
1684,0
1685,1
1686,1
1687,1
1688,1
1689,2
1690,2
1691,3
1692,1
1693,0
1694,4
1695,0
1696,0
1697,2
1698,2
1699,1
1700,3
1701,5
1702,1
1703,3
1704,1
1705,2
1706,2
1707,0
1708,2
1709,4
1710,2
1711,0
1712,2
1713,1
1714,4
1715,2
1716,2
1717,2
1718,2
1719,0
1720,4
1721,4
1722,2
1723,2
1724,2
1725,2
1726,2
1727,3
1728,2
1729,1
1730,3
1731,1
1732,2
1733,2
1734,3
1735,1
1736,3
1737,3
1738,4
1739,4
1740,0
1741,1
1742,2
1743,2
1744,1
1745,1
1746,4
1747,0
1748,2
1749,2
1750,1
1751,1
1752,5
1753,1
1754,2
1755,2
1756,1
1757,0
1758,2
1759,1
1760,3
1761,3
1762,0
1763,0
1764,2
1765,3
1766,2
1767,1
1768,0
1769,1
1770,0
1771,0
1772,1
1773,0
1774,3
1775,2
1776,1
1777,3
1778,3
1779,1
1780,2
1781,2
1782,3
1783,1
1784,4
1785,1
1786,1
1787,0
1788,1
1789,1
1790,4
1791,3
1792,4
1793,3
1794,6
1795,4
1796,1
1797,1
1798,5
1799,1
1800,2
1801,1
1802,2
1803,2
1804,3
1805,3
1806,1
1807,4
1808,1
1809,2
1810,1
1811,0
1812,0
1813,4
1814,2
1815,5
1816,2
1817,4
1818,5
1819,1
1820,3
1821,6
1822,4
1823,0
1824,1
1825,2
1826,1
1827,1
1828,1
1829,1
1830,1
1831,0
1832,1
1833,2
1834,0
1835,4
1836,0
1837,2
1838,1
1839,4
1840,1
1841,0
1842,6
1843,4
1844,5
1845,0
1846,2
1847,0
1848,0
1849,1
1850,1
1851,3
1852,3
1853,2
1854,2
1855,2
1856,0
1857,0
1858,0
1859,0
1860,1
1861,1
1862,2
1863,1
1864,2
1865,2
1866,1
1867,0
1868,1
1869,2
1870,1
1871,2
1872,4
1873,3
1874,1
1875,5
1876,4
1877,0
1878,1
1879,4
1880,4
1881,1
1882,2
1883,0
1884,4
1885,2
1886,0
1887,3
1888,2
1889,5
1890,1
1891,7
1892,5
1893,1
1894,3
1895,1
1896,1
1897,2
1898,5
1899,3
1900,2
1901,3
1902,0
1903,0
1904,2
1905,3
1906,1
1907,1
1908,2
1909,1
1910,1
1911,2
1912,1
1913,0
1914,1
1915,4
1916,4
1917,3
1918,0
1919,1
1920,1
1921,3
1922,2
1923,3
1924,0
1925,2
1926,2
1927,3
1928,1
1929,2
1930,2
1931,1
1932,2
1933,1
1934,2
1935,1
1936,5
1937,1
1938,0
1939,3
1940,0
1941,1
1942,2
1943,4
1944,1
1945,3
1946,3
1947,1
1948,2
1949,1
1950,0
1951,1
1952,1
1953,2
1954,3
1955,1
1956,1
1957,0
1958,2
1959,2
1960,1
1961,2
1962,3
1963,0
1964,4
1965,1
1966,1
1967,2
1968,1
1969,2
1970,1
1971,1
1972,0
1973,2
1974,1
1975,3
1976,0
1977,2
1978,3
1979,3
1980,2
1981,5
1982,2
1983,2
1984,1
1985,0
1986,2
1987,3
1988,3
1989,4
1990,2
1991,2
1992,5
1993,2
1994,0
1995,2
1996,1
1997,2
1998,4
1999,3
2000,4
2001,2
2002,2
2003,1
2004,2
2005,1
2006,0
2007,1
2008,0
2009,2
2010,0
2011,1
2012,1
2013,3
2014,1
2015,3
2016,1
2017,3
2018,0
2019,5
2020,2
2021,3
2022,1
2023,2
2024,3
2025,4
2026,2
2027,4
2028,4
2029,1
2030,2
2031,2
2032,4
2033,2
2034,3
2035,2
2036,2
2037,2
2038,1
2039,0
2040,4
2041,2
2042,2
2043,2
2044,1
2045,1
2046,1
2047,3
2048,3
2049,0
2050,1
2051,3
2052,1
2053,3
2054,2
2055,1
2056,4
2057,4
2058,2
2059,2
2060,1
2061,1
2062,1
2063,3
2064,5
2065,2
2066,0
2067,1
2068,5
2069,0
2070,0
2071,1
2072,1
2073,0
2074,0
2075,4
2076,2
2077,2
2078,0
2079,1
2080,1
2081,3
2082,1
2083,2
2084,5
2085,0
2086,2
2087,2
2088,1
2089,2
2090,0
2091,4
2092,2
2093,0
2094,0
2095,3
2096,1
2097,1
2098,0
2099,1
2100,1
2101,3
2102,1
2103,1
2104,0
2105,1
2106,2
2107,2
2108,2
2109,0
2110,1
2111,1
2112,3
2113,0
2114,0
2115,1
2116,1
2117,2
2118,3
2119,1
2120,4
2121,5
2122,2
2123,2
2124,2
2125,4
2126,3
2127,3
2128,3
2129,4
2130,0
2131,3
2132,0
2133,1
2134,3
2135,0
2136,2
2137,0
2138,0
2139,3
2140,5
2141,0
2142,2
2143,4
2144,1
2145,1
2146,2
2147,5
2148,2
2149,0
2150,4
2151,1
2152,4
2153,0
2154,1
2155,2
2156,1
2157,2
2158,0
2159,0
2160,2
2161,3
2162,0
2163,3
2164,1
2165,0
2166,1
2167,2
2168,2
2169,2
2170,1
2171,0
2172,1
2173,0
2174,2
2175,1
2176,1
2177,1
2178,3
2179,2
2180,1
2181,4
2182,3
2183,3
2184,1
2185,0
2186,0
2187,1
2188,5
2189,3
2190,1
2191,3
2192,2
2193,4
2194,0
2195,1
2196,1
2197,2
2198,1
2199,2
2200,2
2201,0
2202,3
2203,2
2204,2
2205,0
2206,1
2207,3
2208,1
2209,1
2210,4
2211,1
2212,0
2213,1
2214,3
2215,2
2216,1
2217,0
2218,0
2219,3
2220,0
2221,2
2222,0
2223,0
2224,1
2225,2
2226,2
2227,4
2228,3
2229,2
2230,4
2231,0
2232,2
2233,3
2234,2
2235,3
2236,3
2237,1
2238,2
2239,4
2240,2
2241,3
2242,3
2243,3
2244,2
2245,3
2246,2
2247,6
2248,1
2249,1
2250,0
2251,0
2252,0
2253,2
2254,2
2255,2
2256,0
2257,0
2258,1
2259,1
2260,1
2261,2
2262,2
2263,3
2264,1
2265,0
2266,1
2267,1
2268,0
2269,1
2270,0
2271,2
2272,1
2273,3
2274,0
2275,2
2276,2
2277,1
2278,1
2279,1
2280,1
2281,1
2282,3
2283,2
2284,2
2285,4
2286,3
2287,4
2288,1
2289,1
2290,0
2291,0
2292,0
2293,2
2294,1
2295,2
2296,0
2297,2
2298,0
2299,2
2300,3
2301,2
2302,4
2303,1
2304,3
2305,1
2306,2
2307,1
2308,0
2309,1
2310,0
2311,2
2312,0
2313,1
2314,3
2315,1
2316,3
2317,2
2318,2
2319,3
2320,1
2321,1
2322,4
2323,3
2324,3
2325,2
2326,2
2327,3
2328,2
2329,1
2330,1
2331,3
2332,0
2333,3
2334,0
2335,1
2336,1
2337,3
2338,2
2339,3
2340,3
2341,2
2342,0
2343,4
2344,1
2345,4
2346,2
2347,1
2348,1
2349,3
2350,2
2351,0
2352,0
2353,0
2354,3
2355,2
2356,2
2357,0
2358,3
2359,0
2360,3
2361,2
2362,1
2363,2
2364,0
2365,2
2366,1
2367,0
2368,3
2369,0
2370,0
2371,1
2372,1
2373,1
2374,1
2375,2
2376,2
2377,1
2378,4
2379,3
2380,1
2381,3
2382,4
2383,0
2384,1
2385,2
2386,2
2387,1
2388,6
2389,1
2390,3
2391,1
2392,3
2393,0
2394,1
2395,2
2396,3
2397,3
2398,2
2399,1
2400,1
2401,3
2402,0
2403,1
2404,3
2405,2
2406,1
2407,1
2408,3
2409,0
2410,1
2411,0
2412,3
2413,1
2414,3
2415,5
2416,0
2417,5
2418,1
2419,2
2420,3
2421,4
2422,3
2423,0
2424,3
2425,1
2426,1
2427,3
2428,0
2429,1
2430,1
2431,0
2432,1
2433,2
2434,1
2435,3
2436,1
2437,1
2438,1
2439,5
2440,3
2441,2
2442,1
2443,0
2444,2
2445,2
2446,3
2447,0
2448,1
2449,2
2450,3
2451,2
2452,2
2453,3
2454,3
2455,2
2456,0
2457,2
2458,1
2459,2
2460,3
2461,1
2462,0
2463,2
2464,5
2465,3
2466,2
2467,3
2468,2
2469,1
2470,1
2471,0
2472,1
2473,1
2474,3
2475,0
2476,1
2477,2
2478,2
2479,0
2480,1
2481,2
2482,1
2483,0
2484,0
2485,2
2486,5
2487,3
2488,1
2489,1
2490,1
2491,1
2492,0
2493,3
2494,1
2495,2
2496,3
2497,4
2498,1
2499,2
2500,2
2501,2
2502,3
2503,0
2504,3
2505,1
2506,1
2507,2
2508,2
2509,2
2510,7
2511,0
2512,2
2513,2
2514,2
2515,0
2516,0
2517,0
2518,5
2519,0
2520,3
2521,2
2522,2
2523,0
2524,1
2525,0
2526,1
2527,1
2528,3
2529,2
2530,2
2531,2
2532,2
2533,2
2534,2
2535,2
2536,0
2537,2
2538,1
2539,1
2540,3
2541,0
2542,1
2543,2
2544,1
2545,1
2546,1
2547,3
2548,1
2549,5
2550,0
2551,3
2552,4
2553,4
2554,0
2555,1
2556,1
2557,1
2558,1
2559,4
2560,1
2561,2
2562,0
2563,2
2564,1
2565,1
2566,1
2567,2
2568,2
2569,3
2570,2
2571,1
2572,2
2573,1
2574,1
2575,2
2576,2
2577,2
2578,4
2579,1
2580,3
2581,4
2582,2
2583,2
2584,2
2585,0
2586,2
2587,1
2588,1
2589,1
2590,1
2591,0
2592,2
2593,3
2594,1
2595,3
2596,0
2597,0
2598,1
2599,2
2600,3
2601,2
2602,0
2603,1
2604,1
2605,1
2606,2
2607,2
2608,2
2609,3
2610,1
2611,3
2612,1
2613,1
2614,2
2615,2
2616,1
2617,0
2618,2
2619,1
2620,2
2621,3
2622,0
2623,1
2624,2
2625,2
2626,0
2627,0
2628,0
2629,0
2630,5
2631,1
2632,3
2633,1
2634,1
2635,2
2636,0
2637,0
2638,2
2639,0
2640,1
2641,1
2642,3
2643,3
2644,4
2645,2
2646,1
2647,1
2648,1
2649,0
2650,1
2651,0
2652,3
2653,0
2654,1
2655,4
2656,2
2657,1
2658,2
2659,3
2660,0
2661,0
2662,2
2663,1
2664,2
2665,4
2666,4
2667,1
2668,5
2669,1
2670,0
2671,0
2672,0
2673,1
2674,3
2675,0
2676,5
2677,1
2678,1
2679,1
2680,2
2681,2
2682,3
2683,2
2684,1
2685,0
2686,1
2687,0
2688,2
2689,2
2690,1
2691,2
2692,1
2693,0
2694,3
2695,1
2696,5
2697,2
2698,3
2699,0
2700,6
2701,5
2702,1
2703,0
2704,0
2705,3
2706,0
2707,2
2708,3
2709,1
2710,2
2711,2
2712,2
2713,2
2714,0
2715,2
2716,3
2717,0
2718,0
2719,2
2720,1
2721,2
2722,1
2723,2
2724,2
2725,1
2726,0
2727,6
2728,2
2729,1
2730,1
2731,0
2732,1
2733,3
2734,3
2735,0
2736,1
2737,4
2738,2
2739,1
2740,2
2741,0
2742,0
2743,2
2744,0
2745,3
2746,0
2747,1
2748,4
2749,3
2750,1
2751,0
2752,2
2753,1
2754,1
2755,0
2756,1
2757,0
2758,4
2759,1
2760,1
2761,1
2762,1
2763,1
2764,2
2765,8
2766,3
2767,1
2768,2
2769,1
2770,2
2771,2
2772,2
2773,2
2774,2
2775,0
2776,3
2777,1
2778,2
2779,2
2780,2
2781,2
2782,3
2783,0
2784,3
2785,1
2786,3
2787,0
2788,4
2789,0
2790,1
2791,3
2792,2
2793,3
2794,3
2795,2
2796,2
2797,2
2798,3
2799,0
2800,2
2801,1
2802,1
2803,1
2804,4
2805,2
2806,3
2807,2
2808,3
2809,4
2810,1
2811,4
2812,2
2813,1
2814,1
2815,0
2816,1
2817,2
2818,2
2819,3
2820,3
2821,2
2822,3
2823,1
2824,0
2825,1
2826,1
2827,1
2828,2
2829,2
2830,1
2831,2
2832,1
2833,1
2834,1
2835,2
2836,1
2837,2
2838,4
2839,1
2840,3
2841,3
2842,2
2843,2
2844,3
2845,4
2846,0
2847,0
2848,3
2849,0
2850,2
2851,4
2852,0
2853,1
2854,0
2855,4
2856,0
2857,2
2858,0
2859,3
2860,0
2861,0
2862,3
2863,1
2864,0
2865,2
2866,2
2867,1
2868,5
2869,5
2870,2
2871,0
2872,2
2873,0
2874,0
2875,4
2876,1
2877,1
2878,0
2879,1
2880,3
2881,1
2882,2
2883,4
2884,2
2885,2
2886,2
2887,2
2888,1
2889,0
2890,4
2891,3
2892,2
2893,1
2894,2
2895,3
2896,1
2897,0
2898,3
2899,6
2900,1
2901,0
2902,0
2903,5
2904,1
2905,1
2906,1
2907,2
2908,5
2909,2
2910,1
2911,1
2912,2
2913,1
2914,0
2915,2
2916,1
2917,3
2918,4
2919,2
2920,3
2921,1
2922,2
2923,0
2924,2
2925,1
2926,0
2927,3
2928,0
2929,2
2930,1
2931,1
2932,2
2933,0
2934,2
2935,2
2936,3
2937,1
2938,3
2939,1
2940,1
2941,3
2942,4
2943,0
2944,1
2945,1
2946,1
2947,2
2948,3
2949,2
2950,2
2951,1
2952,3
2953,3
2954,2
2955,4
2956,1
2957,3
2958,2
2959,1
2960,4
2961,5
2962,0
2963,1
2964,0
2965,2
2966,1
2967,1
2968,5
2969,2
2970,2
2971,3
2972,4
2973,2
2974,3
2975,1
2976,3
2977,2
2978,3
2979,0
2980,0
2981,0
2982,1
2983,3
2984,1
2985,0
2986,1
2987,2
2988,2
2989,3
2990,2
2991,4
2992,3
2993,1
2994,1
2995,0
2996,0
2997,2
2998,2
2999,3
3000,4
3001,1
3002,1
3003,1
3004,1
3005,0
3006,2
3007,2
3008,1
3009,3
3010,1
3011,5
3012,3
3013,3
3014,2
3015,3
3016,1
3017,3
3018,2
3019,2
3020,1
3021,2
3022,2
3023,2
3024,2
3025,2
3026,0
3027,3
3028,0
3029,0
3030,2
3031,3
3032,1
3033,2
3034,0
3035,2
3036,0
3037,2
3038,4
3039,2
3040,1
3041,2
3042,1
3043,2
3044,1
3045,1
3046,1
3047,0
3048,0
3049,3
3050,3
3051,2
3052,1
3053,1
3054,2
3055,1
3056,0
3057,2
3058,2
3059,0
3060,3
3061,3
3062,2
3063,0
3064,2
3065,1
3066,0
3067,0
3068,3
3069,3
3070,1
3071,2
3072,0
3073,2
3074,2
3075,2
3076,2
3077,1
3078,2
3079,1
3080,1
3081,2
3082,4
3083,1
3084,0
3085,3
3086,0
3087,3
3088,4
3089,2
3090,2
3091,2
3092,1
3093,1
3094,2
3095,3
3096,0
3097,0
3098,3
3099,1
3100,3
3101,4
3102,0
3103,3
3104,1
3105,2
3106,1
3107,3
3108,2
3109,1
3110,2
3111,2
3112,0
3113,4
3114,2
3115,2
3116,2
3117,0
3118,2
3119,2
3120,2
3121,0
3122,0
3123,1
3124,1
3125,1
3126,3
3127,1
3128,1
3129,0
3130,1
3131,0
3132,5
3133,2
3134,1
3135,0
3136,1
3137,1
3138,2
3139,1
3140,3
3141,0
3142,1
3143,1
3144,3
3145,2
3146,1
3147,2
3148,2
3149,1
3150,1
3151,3
3152,2
3153,1
3154,3
3155,0
3156,2
3157,1
3158,0
3159,0
3160,1
3161,3
3162,4
3163,2
3164,2
3165,2
3166,3
3167,1
3168,1
3169,2
3170,2
3171,2
3172,3
3173,0
3174,2
3175,1
3176,1
3177,2
3178,0
3179,1
3180,1
3181,2
3182,2
3183,1
3184,4
3185,0
3186,1
3187,0
3188,3
3189,2
3190,1
3191,1
3192,3
3193,2
3194,3
3195,2
3196,3
3197,2
3198,1
3199,2
3200,3
3201,1
3202,4
3203,1
3204,2
3205,1
3206,2
3207,2
3208,4
3209,5
3210,0
3211,1
3212,2
3213,0
3214,2
3215,3
3216,3
3217,1
3218,1
3219,3
3220,1
3221,0
3222,1
3223,1
3224,2
3225,0
3226,1
3227,5
3228,2
3229,1
3230,2
3231,0
3232,2
3233,2
3234,0
3235,3
3236,1
3237,0
3238,4
3239,2
3240,1
3241,1
3242,4
3243,3
3244,0
3245,3
3246,1
3247,2
3248,1
3249,1
3250,0
3251,1
3252,2
3253,1
3254,2
3255,2
3256,1
3257,2
3258,2
3259,2
3260,4
3261,1
3262,2
3263,6
3264,2
3265,0
3266,0
3267,4
3268,2
3269,0
3270,1
3271,1
3272,0
3273,3
3274,1
3275,2
3276,2
3277,1
3278,2
3279,2
3280,3
3281,3
3282,4
3283,6
3284,2
3285,1
3286,0
3287,2
3288,1
3289,3
3290,1
3291,1
3292,1
3293,2
3294,0
3295,0
3296,5
3297,0
3298,4
3299,2
3300,0
3301,3
3302,1
3303,1
3304,2
3305,1
3306,1
3307,1
3308,1
3309,2
3310,1
3311,1
3312,2
3313,1
3314,3
3315,2
3316,3
3317,3
3318,1
3319,0
3320,1
3321,0
3322,1
3323,1
3324,1
3325,3
3326,1
3327,3
3328,1
3329,6
3330,1
3331,1
3332,2
3333,3
3334,3
3335,4
3336,1
3337,0
3338,1
3339,0
3340,2
3341,3
3342,4
3343,2
3344,0
3345,0
3346,2
3347,2
3348,3
3349,1
3350,3
3351,0
3352,1
3353,1
3354,1
3355,2
3356,0
3357,1
3358,1
3359,4
3360,1
3361,3
3362,2
3363,3
3364,2
3365,4
3366,0
3367,2
3368,1
3369,2
3370,1
3371,3
3372,1
3373,3
3374,0
3375,1
3376,1
3377,2
3378,1
3379,1
3380,0
3381,0
3382,3
3383,2
3384,5
3385,2
3386,2
3387,5
3388,3
3389,1
3390,2
3391,2
3392,2
3393,2
3394,0
3395,0
3396,1
3397,2
3398,2
3399,1
3400,2
3401,1
3402,0
3403,1
3404,0
3405,1
3406,4
3407,0
3408,2
3409,2
3410,3
3411,4
3412,3
3413,0
3414,2
3415,4
3416,0
3417,1
3418,1
3419,5
3420,2
3421,1
3422,3
3423,2
3424,3
3425,3
3426,1
3427,2
3428,3
3429,5
3430,1
3431,3
3432,2
3433,6
3434,0
3435,2
3436,1
3437,2
3438,2
3439,3
3440,2
3441,2
3442,1
3443,0
3444,2
3445,1
3446,1
3447,1
3448,0
3449,1
3450,2
3451,0
3452,2
3453,1
3454,1
3455,3
3456,3
3457,0
3458,1
3459,2
3460,4
3461,2
3462,1
3463,1
3464,1
3465,2
3466,4
3467,2
3468,3
3469,1
3470,2
3471,1
3472,3
3473,0
3474,3
3475,2
3476,2
3477,2
3478,3
3479,2
3480,3
3481,4
3482,0
3483,0
3484,2
3485,0
3486,3
3487,2
3488,0
3489,1
3490,1
3491,3
3492,1
3493,0
3494,1
3495,2
3496,1
3497,3
3498,2
3499,3
3500,2
3501,1
3502,1
3503,1
3504,1
3505,0
3506,3
3507,3
3508,1
3509,1
3510,3
3511,4
3512,1
3513,2
3514,0
3515,1
3516,0
3517,1
3518,1
3519,3
3520,3
3521,2
3522,3
3523,4
3524,5
3525,0
3526,2
3527,1
3528,0
3529,0
3530,1
3531,1
3532,1
3533,2
3534,2
3535,0
3536,1
3537,4
3538,2
3539,1
3540,2
3541,2
3542,5
3543,0
3544,1
3545,0
3546,3
3547,1
3548,5
3549,1
3550,2
3551,0
3552,1
3553,2
3554,0
3555,3
3556,0
3557,0
3558,1
3559,4
3560,0
3561,2
3562,1
3563,1
3564,2
3565,3
3566,5
3567,3
3568,1
3569,3
3570,3
3571,2
3572,4
3573,1
3574,4
3575,1
3576,5
3577,2
3578,2
3579,2
3580,1
3581,2
3582,0
3583,4
3584,0
3585,2
3586,1
3587,2
3588,3
3589,3
3590,2
3591,3
3592,1
3593,2
3594,4
3595,1
3596,0
3597,2
3598,2
3599,0
3600,1
3601,1
3602,1
3603,4
3604,2
3605,2
3606,0
3607,3
3608,3
3609,1
3610,1
3611,1
3612,1
3613,2
3614,1
3615,1
3616,1
3617,0
3618,3
3619,2
3620,1
3621,1
3622,3
3623,3
3624,0
3625,2
3626,3
3627,1
3628,1
3629,1
3630,0
3631,1
3632,2
3633,3
3634,3
3635,2
3636,1
3637,1
3638,3
3639,3
3640,0
3641,2
3642,1
3643,3
3644,1
3645,0
3646,0
3647,2
3648,3
3649,2
3650,1
3651,2
3652,2
3653,1
3654,3
3655,3
3656,4
3657,1
3658,0
3659,1
3660,0
3661,3
3662,2
3663,1
3664,3
3665,1
3666,0
3667,1
3668,2
3669,5
3670,1
3671,2
3672,0
3673,0
3674,0
3675,3
3676,0
3677,1
3678,3
3679,4
3680,2
3681,2
3682,1
3683,5
3684,1
3685,3
3686,0
3687,2
3688,3
3689,3
3690,0
3691,0
3692,4
3693,1
3694,1
3695,0
3696,0
3697,3
3698,0
3699,2
3700,3
3701,1
3702,0
3703,1
3704,0
3705,2
3706,1
3707,3
3708,1
3709,2
3710,0
3711,3
3712,2
3713,1
3714,0
3715,3
3716,2
3717,3
3718,0
3719,1
3720,1
3721,1
3722,2
3723,1
3724,1
3725,4
3726,3
3727,1
3728,4
3729,4
3730,0
3731,3
3732,2
3733,2
3734,5
3735,3
3736,2
3737,4
3738,3
3739,4
3740,1
3741,3
3742,3
3743,2
3744,4
3745,2
3746,2
3747,1
3748,4
3749,2
3750,5
3751,1
3752,2
3753,4
3754,4
3755,2
3756,1
3757,4
3758,4
3759,1
3760,1
3761,2
3762,0
3763,5
3764,2
3765,1
3766,2
3767,0
3768,2
3769,3
3770,2
3771,3
3772,3
3773,3
3774,0
3775,2
3776,2
3777,1
3778,3
3779,2
3780,0
3781,1
3782,0
3783,1
3784,0
3785,2
3786,1
3787,2
3788,3
3789,1
3790,4
3791,2
3792,3
3793,3
3794,0
3795,6
3796,2
3797,0
3798,0
3799,2
3800,1
3801,1
3802,2
3803,0
3804,2
3805,2
3806,2
3807,0
3808,1
3809,1
3810,4
3811,3
3812,0
3813,2
3814,2
3815,2
3816,0
3817,5
3818,0
3819,2
3820,1
3821,4
3822,3
3823,2
3824,2
3825,1
3826,3
3827,3
3828,0
3829,3
3830,3
3831,2
3832,5
3833,0
3834,1
3835,1
3836,2
3837,1
3838,3
3839,1
3840,2
3841,5
3842,1
3843,5
3844,1
3845,0
3846,2
3847,1
3848,2
3849,1
3850,2
3851,3
3852,3
3853,0
3854,3
3855,0
3856,3
3857,3
3858,5
3859,3
3860,1
3861,1
3862,1
3863,1
3864,1
3865,1
3866,4
3867,2
3868,3
3869,0
3870,1
3871,2
3872,2
3873,1
3874,0
3875,3
3876,4
3877,0
3878,2
3879,1
3880,1
3881,2
3882,3
3883,3
3884,5
3885,1
3886,0
3887,2
3888,3
3889,2
3890,1
3891,1
3892,3
3893,0
3894,1
3895,1
3896,0
3897,4
3898,3
3899,0
3900,3
3901,1
3902,2
3903,0
3904,7
3905,0
3906,3
3907,1
3908,2
3909,4
3910,1
3911,3
3912,4
3913,0
3914,2
3915,4
3916,2
3917,4
3918,2
3919,0
3920,4
3921,4
3922,1
3923,2
3924,3
3925,3
3926,2
3927,2
3928,2
3929,1
3930,3
3931,2
3932,6
3933,1
3934,3
3935,0
3936,0
3937,2
3938,2
3939,4
3940,3
3941,1
3942,0
3943,0
3944,3
3945,0
3946,4
3947,1
3948,4
3949,3
3950,2
3951,2
3952,2
3953,4
3954,2
3955,3
3956,3
3957,0
3958,1
3959,4
3960,1
3961,1
3962,2
3963,0
3964,0
3965,2
3966,0
3967,1
3968,3
3969,1
3970,3
3971,1
3972,1
3973,3
3974,0
3975,0
3976,2
3977,3
3978,0
3979,0
3980,0
3981,1
3982,4
3983,1
3984,1
3985,2
3986,1
3987,1
3988,1
3989,2
3990,2
3991,1
3992,0
3993,1
3994,4
3995,1
3996,1
3997,2
3998,2
3999,1
4000,3
4001,2
4002,0
4003,2
4004,1
4005,1
4006,2
4007,1
4008,2
4009,0
4010,2
4011,3
4012,1
4013,1
4014,2
4015,4
4016,0
4017,3
4018,3
4019,0
4020,3
4021,2
4022,3
4023,1
4024,2
4025,3
4026,1
4027,3
4028,2
4029,1
4030,2
4031,3
4032,2
4033,1
4034,1
4035,1
4036,3
4037,1
4038,3
4039,0
4040,2
4041,0
4042,5
4043,2
4044,1
4045,1
4046,2
4047,3
4048,4
4049,1
4050,1
4051,2
4052,0
4053,2
4054,3
4055,3
4056,1
4057,1
4058,3
4059,0
4060,2
4061,1
4062,2
4063,2
4064,3
4065,1
4066,1
4067,1
4068,1
4069,3
4070,0
4071,3
4072,2
4073,5
4074,0
4075,1
4076,2
4077,4
4078,0
4079,1
4080,3
4081,4
4082,3
4083,1
4084,0
4085,1
4086,2
4087,2
4088,1
4089,1
4090,0
4091,1
4092,0
4093,4
4094,1
4095,2
4096,1
4097,3
4098,4
4099,1
4100,6
4101,1
4102,1
4103,2
4104,6
4105,1
4106,0
4107,1
4108,3
4109,3
4110,0
4111,3
4112,1
4113,1
4114,2
4115,2
4116,3
4117,4
4118,5
4119,2
4120,3
4121,3
4122,0
4123,1
4124,0
4125,3
4126,1
4127,1
4128,0
4129,1
4130,3
4131,2
4132,2
4133,3
4134,0
4135,2
4136,0
4137,2
4138,1
4139,1
4140,0
4141,2
4142,3
4143,5
4144,5
4145,2
4146,4
4147,0
4148,1
4149,4
4150,3
4151,5
4152,1
4153,3
4154,0
4155,1
4156,0
4157,1
4158,1
4159,0
4160,3
4161,1
4162,2
4163,2
4164,4
4165,2
4166,0
4167,1
4168,1
4169,1
4170,4
4171,2
4172,3
4173,0
4174,1
4175,3
4176,2
4177,0
4178,3
4179,0
4180,2
4181,0
4182,3
4183,1
4184,1
4185,4
4186,1
4187,1
4188,2
4189,3
4190,1
4191,2
4192,2
4193,1
4194,1
4195,2
4196,0
4197,2
4198,1
4199,0
4200,3
4201,2
4202,2
4203,0
4204,1
4205,2
4206,2
4207,2
4208,3
4209,0
4210,1
4211,0
4212,1
4213,0
4214,1
4215,2
4216,2
4217,0
4218,0
4219,3
4220,0
4221,3
4222,2
4223,1
4224,1
4225,0
4226,1
4227,3
4228,1
4229,2
4230,1
4231,1
4232,1
4233,1
4234,3
4235,3
4236,1
4237,1
4238,2
4239,0
4240,0
4241,2
4242,0
4243,1
4244,0
4245,3
4246,2
4247,1
4248,4
4249,0
4250,1
4251,0
4252,1
4253,6
4254,1
4255,1
4256,2
4257,1
4258,0
4259,3
4260,2
4261,1
4262,0
4263,5
4264,1
4265,2
4266,1
4267,0
4268,2
4269,4
4270,3
4271,7
4272,2
4273,0
4274,3
4275,2
4276,0
4277,4
4278,2
4279,2
4280,2
4281,1
4282,0
4283,0
4284,0
4285,3
4286,3
4287,1
4288,1
4289,2
4290,0
4291,0
4292,3
4293,3
4294,1
4295,6
4296,3
4297,3
4298,2
4299,0
4300,3
4301,1
4302,2
4303,0
4304,3
4305,2
4306,3
4307,1
4308,0
4309,3
4310,1
4311,2
4312,2
4313,3
4314,3
4315,0
4316,2
4317,2
4318,3
4319,4
4320,2
4321,4
4322,2
4323,1
4324,0
4325,2
4326,2
4327,1
4328,2
4329,2
4330,2
4331,2
4332,2
4333,2
4334,1
4335,4
4336,2
4337,2
4338,1
4339,2
4340,3
4341,3
4342,1
4343,2
4344,5
4345,1
4346,3
4347,1
4348,5
4349,1
4350,0
4351,1
4352,3
4353,0
4354,6
4355,2
4356,2
4357,2
4358,1
4359,0
4360,2
4361,0
4362,1
4363,3
4364,1
4365,0
4366,2
4367,1
4368,2
4369,0
4370,0
4371,6
4372,3
4373,1
4374,3
4375,3
4376,1
4377,1
4378,3
4379,1
4380,1
4381,0
4382,5
4383,2
4384,0
4385,0
4386,2
4387,1
4388,5
4389,2
4390,2
4391,0
4392,1
4393,1
4394,2
4395,1
4396,0
4397,4
4398,0
4399,1
4400,3
4401,0
4402,0
4403,0
4404,0
4405,2
4406,1
4407,1
4408,1
4409,2
4410,0
4411,0
4412,0
4413,1
4414,0
4415,2
4416,2
4417,2
4418,1
4419,2
4420,2
4421,2
4422,2
4423,3
4424,1
4425,2
4426,2
4427,0
4428,1
4429,1
4430,1
4431,2
4432,6
4433,2
4434,1
4435,5
4436,4
4437,2
4438,3
4439,1
4440,1
4441,0
4442,1
4443,3
4444,2
4445,2
4446,2
4447,4
4448,1
4449,1
4450,3
4451,0
4452,2
4453,1
4454,1
4455,3
4456,2
4457,2
4458,1
4459,0
4460,1
4461,1
4462,0
4463,5
4464,2
4465,1
4466,4
4467,0
4468,4
4469,1
4470,2
4471,1
4472,1
4473,2
4474,1
4475,2
4476,0
4477,2
4478,0
4479,2
4480,2
4481,0
4482,1
4483,1
4484,4
4485,3
4486,1
4487,1
4488,0
4489,2
4490,3
4491,2
4492,1
4493,1
4494,1
4495,1
4496,1
4497,1
4498,2
4499,0
4500,0
4501,0
4502,3
4503,2
4504,5
4505,1
4506,3
4507,1
4508,2
4509,3
4510,1
4511,2
4512,0
4513,1
4514,1
4515,0
4516,3
4517,3
4518,2
4519,0
4520,3
4521,0
4522,1
4523,0
4524,4
4525,0
4526,3
4527,1
4528,1
4529,0
4530,4
4531,2
4532,2
4533,2
4534,1
4535,3
4536,1
4537,2
4538,5
4539,4
4540,1
4541,2
4542,2
4543,1
4544,2
4545,0
4546,1
4547,2
4548,1
4549,3
4550,2
4551,3
4552,3
4553,1
4554,1
4555,1
4556,4
4557,2
4558,1
4559,1
4560,1
4561,3
4562,2
4563,2
4564,4
4565,1
4566,1
4567,3
4568,2
4569,2
4570,3
4571,5
4572,3
4573,3
4574,3
4575,5
4576,2
4577,3
4578,1
4579,1
4580,1
4581,4
4582,1
4583,1
4584,1
4585,0
4586,2
4587,2
4588,1
4589,0
4590,5
4591,2
4592,1
4593,1
4594,1
4595,1
4596,2
4597,2
4598,1
4599,3
4600,1
4601,1
4602,4
4603,1
4604,1
4605,2
4606,1
4607,0
4608,0
4609,2
4610,1
4611,3
4612,0
4613,0
4614,0
4615,3
4616,0
4617,1
4618,2
4619,2
4620,1
4621,2
4622,0
4623,2
4624,2
4625,2
4626,1
4627,1
4628,1
4629,1
4630,0
4631,0
4632,0
4633,1
4634,4
4635,3
4636,4
4637,3
4638,3
4639,1
4640,2
4641,3
4642,0
4643,1
4644,2
4645,2
4646,2
4647,0
4648,1
4649,0
4650,1
4651,1
4652,1
4653,2
4654,4
4655,2
4656,1
4657,2
4658,2
4659,2
4660,1
4661,2
4662,3
4663,0
4664,1
4665,1
4666,3
4667,0
4668,2
4669,3
4670,4
4671,1
4672,2
4673,0
4674,3
4675,2
4676,2
4677,0
4678,1
4679,1
4680,1
4681,2
4682,1
4683,4
4684,3
4685,2
4686,3
4687,1
4688,1
4689,1
4690,3
4691,2
4692,2
4693,3
4694,1
4695,2
4696,3
4697,3
4698,4
4699,0
4700,3
4701,0
4702,5
4703,3
4704,0
4705,0
4706,2
4707,1
4708,4
4709,1
4710,4
4711,1
4712,2
4713,2
4714,4
4715,1
4716,2
4717,0
4718,1
4719,4
4720,2
4721,1
4722,2
4723,3
4724,1
4725,2
4726,0
4727,2
4728,2
4729,0
4730,2
4731,4
4732,3
4733,1
4734,0
4735,3
4736,1
4737,1
4738,2
4739,4
4740,1
4741,1
4742,1
4743,1
4744,0
4745,3
4746,0
4747,2
4748,2
4749,2
4750,2
4751,0
4752,4
4753,0
4754,1
4755,1
4756,0
4757,1
4758,1
4759,1
4760,2
4761,3
4762,1
4763,2
4764,2
4765,0
4766,8
4767,1
4768,0
4769,2
4770,3
4771,2
4772,3
4773,0
4774,3
4775,4
4776,3
4777,1
4778,7
4779,2
4780,3
4781,3
4782,3
4783,0
4784,3
4785,1
4786,3
4787,1
4788,1
4789,2
4790,2
4791,1
4792,3
4793,4
4794,4
4795,2
4796,4
4797,1
4798,2
4799,0
4800,3
4801,2
4802,3
4803,4
4804,1
4805,3
4806,2
4807,0
4808,1
4809,2
4810,1
4811,1
4812,1
4813,3
4814,2
4815,1
4816,2
4817,1
4818,2
4819,0
4820,3
4821,2
4822,2
4823,0
4824,2
4825,2
4826,2
4827,3
4828,2
4829,3
4830,0
4831,3
4832,0
4833,5
4834,0
4835,2
4836,1
4837,0
4838,1
4839,2
4840,3
4841,1
4842,2
4843,1
4844,3
4845,1
4846,2
4847,0
4848,2
4849,2
4850,0
4851,0
4852,2
4853,0
4854,1
4855,6
4856,3
4857,1
4858,0
4859,2
4860,1
4861,2
4862,2
4863,0
4864,1
4865,1
4866,1
4867,1
4868,3
4869,2
4870,1
4871,2
4872,0
4873,1
4874,2
4875,1
4876,1
4877,0
4878,2
4879,1
4880,1
4881,1
4882,2
4883,2
4884,2
4885,0
4886,4
4887,2
4888,3
4889,3
4890,0
4891,0
4892,1
4893,3
4894,5
4895,0
4896,2
4897,1
4898,5
4899,0
4900,1
4901,1
4902,2
4903,1
4904,5
4905,2
4906,3
4907,6
4908,3
4909,1
4910,1
4911,1
4912,6
4913,0
4914,1
4915,2
4916,3
4917,2
4918,3
4919,2
4920,1
4921,1
4922,0
4923,1
4924,1
4925,1
4926,3
4927,0
4928,2
4929,3
4930,5
4931,0
4932,2
4933,0
4934,3
4935,0
4936,2
4937,1
4938,1
4939,2
4940,2
4941,2
4942,3
4943,4
4944,3
4945,1
4946,1
4947,1
4948,0
4949,2
4950,1
4951,1
4952,0
4953,2
4954,2
4955,0
4956,0
4957,3
4958,3
4959,0
4960,2
4961,2
4962,2
4963,1
4964,2
4965,2
4966,2
4967,3
4968,4
4969,1
4970,0
4971,0
4972,2
4973,3
4974,0
4975,2
4976,4
4977,3
4978,2
4979,2
4980,1
4981,4
4982,1
4983,1
4984,2
4985,3
4986,4
4987,4
4988,2
4989,3
4990,4
4991,2
4992,2
4993,5
4994,3
4995,3
4996,0
4997,1
4998,2
4999,0
5000,1
5001,4
5002,3
5003,1
5004,1
5005,3
5006,1
5007,0
5008,3
5009,2
5010,2
5011,2
5012,2
5013,0
5014,1
5015,0
5016,3
5017,2
5018,2
5019,1
5020,4
5021,2
5022,0
5023,1
5024,3
5025,1
5026,1
5027,1
5028,3
5029,2
5030,1
5031,4
5032,5
5033,2
5034,4
5035,1
5036,1
5037,3
5038,1
5039,2
5040,3
5041,2
5042,3
5043,0
5044,2
5045,1
5046,2
5047,2
5048,1
5049,3
5050,0
5051,1
5052,3
5053,2
5054,0
5055,1
5056,1
5057,1
5058,2
5059,4
5060,1
5061,2
5062,1
5063,1
5064,1
5065,5
5066,2
5067,2
5068,0
5069,2
5070,0
5071,3
5072,3
5073,3
5074,2
5075,3
5076,1
5077,7
5078,3
5079,4
5080,0
5081,3
5082,2
5083,1
5084,1
5085,1
5086,2
5087,2
5088,1
5089,1
5090,2
5091,1
5092,2
5093,1
5094,1
5095,1
5096,3
5097,4
5098,2
5099,1
5100,2
5101,3
5102,4
5103,1
5104,4
5105,1
5106,4
5107,0
5108,2
5109,1
5110,2
5111,2
5112,2
5113,2
5114,2
5115,2
5116,0
5117,3
5118,0
5119,0
5120,2
5121,1
5122,1
5123,1
5124,1
5125,3
5126,2
5127,0
5128,1
5129,0
5130,1
5131,2
5132,2
5133,0
5134,1
5135,1
5136,2
5137,2
5138,3
5139,1
5140,0
5141,1
5142,4
5143,2
5144,2
5145,2
5146,2
5147,3
5148,2
5149,1
5150,2
5151,2
5152,1
5153,1
5154,3
5155,0
5156,2
5157,1
5158,1
5159,6
5160,3
5161,3
5162,0
5163,1
5164,2
5165,0
5166,2
5167,0
5168,1
5169,0
5170,3
5171,2
5172,1
5173,0
5174,1
5175,1
5176,2
5177,0
5178,0
5179,1
5180,3
5181,1
5182,0
5183,1
5184,1
5185,1
5186,2
5187,3
5188,1
5189,5
5190,0
5191,5
5192,1
5193,0
5194,3
5195,1
5196,3
5197,3
5198,2
5199,1
5200,4
5201,3
5202,1
5203,1
5204,0
5205,3
5206,1
5207,3
5208,0
5209,2
5210,1
5211,2
5212,0
5213,1
5214,2
5215,2
5216,4
5217,0
5218,1
5219,2
5220,1
5221,2
5222,1
5223,4
5224,1
5225,1
5226,0
5227,2
5228,2
5229,4
5230,2
5231,4
5232,1
5233,1
5234,5
5235,1
5236,1
5237,3
5238,1
5239,1
5240,0
5241,3
5242,2
5243,2
5244,0
5245,0
5246,4
5247,1
5248,4
5249,2
5250,3
5251,0
5252,1
5253,1
5254,2
5255,1
5256,1
5257,4
5258,4
5259,1
5260,1
5261,4
5262,3
5263,2
5264,1
5265,1
5266,1
5267,0
5268,1
5269,0
5270,2
5271,3
5272,2
5273,1
5274,1
5275,1
5276,4
5277,3
5278,1
5279,2
5280,1
5281,2
5282,0
5283,2
5284,1
5285,1
5286,2
5287,4
5288,1
5289,1
5290,1
5291,2
5292,3
5293,1
5294,1
5295,0
5296,0
5297,1
5298,3
5299,3
5300,1
5301,1
5302,3
5303,4
5304,1
5305,2
5306,0
5307,1
5308,3
5309,2
5310,2
5311,1
5312,1
5313,1
5314,1
5315,2
5316,0
5317,1
5318,2
5319,3
5320,5
5321,4
5322,2
5323,1
5324,3
5325,2
5326,3
5327,2
5328,3
5329,6
5330,1
5331,1
5332,3
5333,2
5334,5
5335,2
5336,0
5337,3
5338,1
5339,0
5340,0
5341,4
5342,1
5343,1
5344,2
5345,4
5346,2
5347,1
5348,1
5349,0
5350,1
5351,1
5352,2
5353,3
5354,5
5355,3
5356,1
5357,1
5358,1
5359,1
5360,2
5361,0
5362,1
5363,1
5364,1
5365,2
5366,1
5367,1
5368,1
5369,4
5370,0
5371,1
5372,0
