4489602,1
4164966,1
4048415,1
4463923,1
4163965,1
624654,1
4464126,1
6207634,1
4048171,1
6257307,1
630880,1
4048179,1
4164361,1
4496181,1
963485,1
4485376,1
6181674,1
4048398,1
4048391,1
4049489,1
648599,1
3661301,1
4049487,1
4048950,1
4048895,1
4164402,1
3661410,1
3661411,1
3661413,1
3661414,1
3661416,1
3661418,1
5409318,1
984909,1
3661239,1
4488301,1
3661230,1
3661236,1
3661237,1
644340,1
4154066,1
729607,1
4049258,1
4049250,1
4049746,1
4048287,1
4048128,1
4049027,1
4048126,1
4048120,1
3661124,1
3661121,1
3661122,1
4163683,1
3661128,1
3661129,1
4495666,1
4048234,1
4476712,1
4159805,1
6198172,1
6128294,1
4048340,1
654331,1
4048190,1
782406,1
782401,1
4048194,1
782408,1
4163757,1
4048041,1
3661373,1
4048049,1
3661479,1
3661469,1
3661108,1
4466791,1
3661461,1
3661460,1
3661463,1
3661462,1
3661465,1
3661464,1
4165139,1
4464371,1
6246763,1
4048993,1
4165134,1
6195514,1
4158630,1
4164722,1
6191824,1
3661518,1
3661517,1
3661516,1
3661511,1
4495366,1
4049167,1
4163871,1
646450,1
670117,1
4048909,1
4048904,1
4049118,1
4049113,1
6276168,1
4048791,1
4048242,1
4048796,1
3661168,1
3661240,1
3661243,1
4048358,1
3661244,1
3661247,1
4487863,1
3661165,1
6240711,1
4049201,1
5645263,1
4491771,1
6132473,1
6202911,1
4048018,1
4048019,1
4048016,1
4048543,1
4048012,1
4161523,1
4049380,1
638926,1
4154359,1
636424,1
4163062,1
4049062,1
671841,1
4048169,1
4165176,1
6255374,1
4156349,1
4487004,1
3661295,1
4497949,1
4048423,1
4048401,1
716829,1
3661339,1
4047955,1
4047957,1
4047951,1
4047953,1
4047959,1
3661337,1
4473355,1
6194060,1
4048838,1
4469526,1
3661427,1
3661426,1
3661421,1
3661420,1
3661423,1
3661422,1
3661205,1
3661206,1
3661201,1
3661200,1
3661202,1
3661209,1
3661208,1
6257020,1
4048931,1
4048837,1
4048834,1
6217938,1
4048832,1
4048833,1
4482355,1
4048531,1
4048293,1
4049756,1
6242495,2
4484326,1
64334,1
3661113,1
3661115,1
3661114,1
3661117,1
3661050,1
3661303,1
4163385,1
4048757,1
4048756,1
4048207,1
4048203,1
6162205,1
4048118,1
4048472,1
4483333,1
4048182,1
4159689,1
4154389,1
3661342,1
4156248,1
4048984,1
637992,1
4048115,1
6236291,1
3661451,1
4047983,1
635384,1
4493539,1
4047988,1
6183800,1
4048375,1
3661508,1
4159634,1
6210180,1
3661502,1
3661503,1
3661506,1
3661504,1
4049179,1
6244428,1
4476596,1
3661119,1
4048877,1
3661483,1
3661481,1
3661487,1
3661485,1
3661484,1
6272410,1
4048978,1
711781,1
6211108,1
3661477,1
3661474,1
3661475,1
3661472,1
3661473,1
3661470,1
3661471,1
3661374,1
6317573,1
3661371,1
3661478,1
4049476,1
3661155,1
3661154,1
3661156,1
3661098,1
3661153,1
3661094,1
3661096,1
4049304,1
3661159,1
3661158,1
3661092,1
3661252,1
3661250,1
3661251,1
4048807,1
4048801,1
3661169,1
659455,1
4156336,1
4155634,1
4049376,1
633739,1
4049007,1
6237651,1
4048020,1
4048023,1
4048530,1
4048535,1
4048026,1
4161553,1
4154340,1
4164166,1
6128527,1
4049099,1
4048155,1
4049094,1
4048442,1
4490310,1
4495014,1
4048713,1
626540,1
4048434,1
4048439,1
4047962,1
4047965,1
3661449,1
4047968,1
3661445,1
778555,1
3661443,1
3661442,1
3661441,1
4494018,1
4493795,1
4464093,1
633864,1
4153411,1
6187123,1
3661438,1
3661436,1
3661437,1
3661434,1
3661435,1
4049185,1
4049184,1
3661210,1
4049186,1
4049181,1
3661217,1
3661214,1
3661215,1
3661219,1
3661194,1
3661196,1
4048849,1
4478174,1
4048841,1
4494167,1
3661326,1
3661324,1
623466,1
3661323,1
4493314,1
3661280,1
3661283,1
3661061,1
3661265,1
3661264,1
3661261,1
3661106,1
3661105,1
3661102,1
3661103,1
3661101,1
4048663,1
629167,1
6135813,1
4048211,1
4048215,1
4488745,1
4103461,0
666421,1
716221,1
716223,1
4155442,1
4163771,1
4502489,1
4467984,1
729649,1
5910959,1
4153667,1
4048318,1
4153546,1
4047996,1
3661494,1
6183408,1
4048363,1
6239457,1
3661311,1
4049146,1
3661498,1
3661499,1
4178131,1
4048888,1
3661490,1
3661491,1
3661492,1
3661493,1
4048883,1
3661495,1
3661496,1
3661497,1
4500310,1
6192343,1
4048962,1
4048965,1
6239777,1
623516,1
4493982,1
3661367,1
3661364,1
3661140,1
3661146,1
3661147,1
3661144,1
4049317,1
52497,1
4156321,1
3661222,1
3661221,1
3661225,1
4163266,1
3661046,1
4049262,1
4164176,1
4153396,1
4048522,1
4048527,1
3661136,1
3661135,1
3661134,1
3661131,1
729606,1
3661139,1
3661138,1
4156192,1
5571386,1
4461167,1
6238677,1
4048147,1
4049083,1
631156,1
4479167,1
583180,1
4048453,1
4048351,1
2048369,1
6256159,1
782416,1
4490517,1
782414,2
782415,2
782412,1
782413,1
782410,1
4164210,1
782418,1
6131890,1
6184900,1
6066666,1
3661212,1
4488703,1
4048030,1
4048038,1
3661459,1
4153757,1
3661454,1
4047977,1
4047975,1
4047973,1
4047970,1
5277307,1
650771,1
4165101,1
4492550,1
620812,1
4495079,1
3661199,1
3661213,1
620141,1
4047979,1
3661211,1
4153377,1
4154058,1
4156364,1
4153990,1
3661216,1
4048852,1
4153683,1
3661352,1
3661350,1
4049109,1
3661356,1
3661354,1
3661292,1
3661358,1
3661296,1
3661297,1
626423,1
4048270,1
3661274,1
3661178,1
3661270,1
4049288,1
3661170,1
3661177,1
3661176,1
4049280,1
4048813,1
4665852,1
3661184,1
3661182,1
3661188,1
6212010,1
