4116811,50.0
3659057,50.0
3659056,50.0
5102413,50.0
3659192,50.0
3659193,50.0
3659059,50.0
3659191,50.0
3659194,50.0
3659195,50.0
4041431,50.0
4041827,50.0
3659100,50.0
4040927,50.0
4041439,50.0
4121835,50.0
4041388,50.0
4041383,50.0
4041140,50.0
4041142,50.0
630880,100.0
4041264,50.0
627593,50.0
3659286,50.0
3659287,50.0
4116045,50.0
3659058,50.0
3659282,50.0
4040693,50.0
3659281,50.0
3659288,50.0
3659324,50.0
4120732,50.0
4040146,50.0
4041693,50.0
3659329,50.0
3658878,50.0
4116037,50.0
4290345,50.0
3658979,50.0
4123116,50.0
3658876,50.0
3659238,50.0
5230719,50.0
648599,150.0
4319305,50.0
4118288,50.0
3659279,50.0
3659278,50.0
4040741,50.0
3659273,50.0
3659272,50.0
3659271,50.0
3659270,50.0
3659277,50.0
3659275,50.0
4969840,50.0
4838062,50.0
4296285,50.0
4115835,50.0
4040138,50.0
4040601,50.0
4040525,50.0
3659215,50.0
3659305,50.0
3659304,50.0
3659303,50.0
5156897,50.0
3659300,50.0
3659309,50.0
3659308,50.0
3659350,50.0
716437,550.0
634731,50.0
4499308,50.0
4041105,50.0
4040594,50.0
4041106,50.0
4307522,50.0
4278195,50.0
4116003,50.0
3658926,50.0
4041146,50.0
3658920,50.0
3658921,50.0
3658922,50.0
4040184,50.0
782401,400.0
782400,50.0
782403,200.0
782402,50.0
3659004,50.0
6287991,50.0
3659006,50.0
3659007,50.0
4040811,50.0
4040189,50.0
5118732,50.0
4041481,50.0
3659358,50.0
4537789,50.0
4041462,50.0
4115916,50.0
4041352,50.0
4041356,50.0
6102008,50.0
3658991,50.0
3658993,50.0
3658995,50.0
4040676,50.0
3658997,50.0
3658996,50.0
3658998,50.0
4284317,50.0
4041601,50.0
4040701,50.0
3659132,50.0
4040705,50.0
636424,50.0
4041773,50.0
4041778,50.0
4040634,50.0
3659349,50.0
3659348,50.0
4040631,50.0
3659222,50.0
4121024,50.0
3659343,50.0
3659342,50.0
3659341,50.0
4288437,50.0
4040638,50.0
3659346,50.0
3659345,50.0
3659344,50.0
583180,550.0
6054810,50.0
664116,50.0
4117661,50.0
3658988,50.0
4041784,50.0
3659040,50.0
4040856,50.0
4040857,50.0
4040859,50.0
4041423,50.0
4116070,50.0
4279076,50.0
4041586,50.0
4041254,50.0
4041257,50.0
4041256,50.0
4041250,50.0
4041397,50.0
4041391,50.0
671841,50.0
4117326,50.0
4121650,50.0
4116546,50.0
6244233,50.0
716573,50.0
5234691,50.0
4296207,50.0
3659189,50.0
4040517,50.0
4119845,50.0
4041457,50.0
3659021,50.0
4611078,50.0
3658966,50.0
3658967,50.0
3658968,50.0
716828,50.0
716829,50.0
3659188,50.0
3659028,50.0
4041635,50.0
4118298,50.0
3659182,50.0
3659268,50.0
3659269,50.0
3658978,50.0
3659260,50.0
3659148,50.0
3659262,50.0
3659263,50.0
3659266,50.0
3659267,50.0
3659176,50.0
623014,100.0
4115825,50.0
4117595,50.0
4041022,50.0
4305432,50.0
4041186,50.0
4303482,50.0
3659314,50.0
3659315,50.0
3659317,50.0
3659312,50.0
3659319,50.0
4971964,50.0
670117,50.0
4117377,50.0
3659070,50.0
64334,50.0
3659227,50.0
681488,50.0
4295678,50.0
4286504,50.0
3659221,50.0
4041112,50.0
4041768,50.0
4041119,50.0
782399,50.0
4122882,50.0
3658919,50.0
3658918,50.0
4041674,50.0
3658892,50.0
4040786,50.0
3659228,50.0
4118318,50.0
3659039,50.0
3659038,50.0
4121859,50.0
4040820,50.0
4041558,50.0
3659032,50.0
3659035,50.0
3659034,50.0
3659037,50.0
4041365,50.0
4116086,32.51
4041369,50.0
1187241,50.0
637992,50.0
4040669,50.0
3659101,50.0
4040730,50.0
3659103,50.0
3658984,50.0
3658982,50.0
3658983,50.0
3658980,50.0
4120182,50.0
3658850,50.0
3658852,50.0
626423,50.0
4040162,50.0
4119923,50.0
781879,600.0
781878,450.0
631859,50.0
3659211,50.0
3659359,50.0
3659212,50.0
4040605,50.0
3659214,50.0
3659217,50.0
3659219,50.0
3659351,50.0
3659354,50.0
3659355,50.0
3659356,50.0
3659357,50.0
4307429,50.0
4120527,50.0
4040540,50.0
4323593,50.0
4931300,50.0
4325339,50.0
4040720,50.0
4846700,50.0
4323449,50.0
4119998,50.0
4041292,50.0
4041592,50.0
3659078,50.0
4040865,50.0
3659077,50.0
3659076,50.0
805581,50.0
3659089,50.0
3659293,50.0
4279595,50.0
4041245,50.0
4041128,50.0
4122219,50.0
4041081,50.0
4121143,50.0
4041127,50.0
4857108,50.0
3658830,50.0
4041237,50.0
4976268,50.0
3658955,50.0
3658956,50.0
4041332,50.0
4123302,50.0
778555,800.0
3659255,50.0
4040644,50.0
3659257,50.0
3659256,50.0
3659251,50.0
3659250,50.0
3659253,50.0
3659252,50.0
4040648,50.0
3659340,50.0
3659096,50.0
3659093,50.0
3659091,50.0
3659223,50.0
3659099,50.0
5245754,50.0
5233290,50.0
6211470,50.0
662635,50.0
4119794,50.0
3659064,50.0
3659321,50.0
3659320,50.0
3659323,50.0
3659322,50.0
5308858,50.0
3659301,50.0
3659327,50.0
3659326,50.0
4041754,50.0
3659328,50.0
665316,50.0
5232433,50.0
4041309,50.0
4323523,50.0
4041497,50.0
4040943,50.0
4041803,50.0
4040476,50.0
4040473,50.0
4041280,50.0
4300948,50.0
4040478,50.0
4040479,50.0
3659046,50.0
4040572,50.0
643474,50.0
4120611,50.0
626540,50.0
3659237,50.0
3659024,50.0
3659022,50.0
3659023,50.0
4040831,50.0
3659184,50.0
3659187,50.0
3659235,50.0
4116140,50.0
3659029,50.0
716221,100.0
716222,50.0
4040938,50.0
4040936,50.0
4040935,50.0
3659229,50.0
4041372,50.0
4041370,50.0
3659230,50.0
4041174,50.0
4041172,100.0
4041270,50.0
4041688,50.0
3659360,50.0
3659299,50.0
3659298,50.0
3659110,50.0
3659111,50.0
3659116,50.0
3659239,50.0
3659114,50.0
3659115,50.0
3659290,50.0
3659118,50.0
3659119,50.0
3659294,50.0
3659296,50.0
4120723,50.0
4040153,50.0
4277942,50.0
4040159,50.0
4120332,50.0
4041307,50.0
4116027,50.0
3658905,50.0
3658902,100.0
4300159,50.0
3658901,50.0
3658908,50.0
3658909,50.0
4123333,50.0
4119597,50.0
3658887,50.0
3658886,50.0
3658885,50.0
3658884,50.0
3658882,50.0
3658881,50.0
3659362,50.0
3658888,50.0
4117842,50.0
3659208,50.0
5103987,50.0
4117008,50.0
3659207,50.0
3659204,50.0
3659205,50.0
3659202,50.0
5243430,50.0
5136104,50.0
4040641,50.0
4117638,50.0
4323356,50.0
4040531,50.0
4115674,50.0
4121707,50.0
4635588,50.0
4041001,50.0
3659258,50.0
4117310,50.0
4117133,50.0
4040973,50.0
3659068,50.0
3659069,50.0
538006,100.0
3659062,50.0
3659063,50.0
3659060,50.0
3659061,50.0
4117457,50.0
4040874,50.0
4115539,50.0
4305935,50.0
4040698,50.0
4041131,50.0
4041137,50.0
716564,400.0
4116172,50.0
3658936,50.0
3658931,50.0
3659018,50.0
3659016,50.0
3659011,50.0
4040195,50.0
4041348,50.0
4041341,50.0
3659233,50.0
4041345,50.0
3658945,50.0
4122121,50.0
4040652,50.0
3659243,50.0
4040650,50.0
3659241,50.0
3659246,50.0
3659247,50.0
3659244,50.0
3659245,50.0
4296094,50.0
3659248,50.0
3659249,50.0
3659084,50.0
3659085,50.0
3659086,50.0
3659080,50.0
4281881,50.0
3659088,50.0
52497,250.0
3659125,50.0
5115157,50.0
4120804,50.0
4295311,50.0
3659120,50.0
4041040,50.0
4040627,50.0
3659236,50.0
4041680,50.0
3659234,50.0
4040623,50.0
3659338,50.0
3659339,50.0
3659336,50.0
3659337,50.0
4040994,50.0
3659330,50.0
4041766,50.0
4118081,50.0
4115873,50.0
4115655,50.0
623516,50.0
6323919,50.0
3658927,50.0
4116380,0.0
4117314,50.0
4040401,50.0
4885734,50.0
4041009,50.0
1496602,50.0
5224944,50.0
4117673,50.0
3659008,50.0
3120043,50.0
