0,24
1,1
2,23
3,7
4,6
5,2
6,15
7,1
8,4
9,5
10,20
11,3
12,2
13,6
14,1
15,3
16,2
17,3
18,2
19,1
20,1
21,2
22,4
23,3
24,5
25,2
26,4
27,5
28,2
29,1
30,2
31,1
32,2
33,1
34,5
35,6
36,6
37,2
38,2
39,6
40,1
41,11
42,2
43,1
44,1
45,3
46,1
47,4
48,2
49,3
50,3
51,1
52,1
53,4
54,1
55,4
56,3
57,2
58,3
59,1
60,2
61,1
62,1
63,3
64,3
65,5
66,2
67,1
68,1
69,9
70,1
71,2
72,1
73,3
74,2
75,2
76,2
77,3
78,1
79,2
80,3
81,2
82,1
83,1
84,2
85,4
86,4
87,3
88,1
89,3
90,1
91,3
92,1
93,2
94,2
95,3
96,1
97,1
98,5
99,1
100,1
101,1
102,1
103,2
104,1
105,5
106,1
107,1
108,2
109,1
110,1
111,1
112,1
113,1
114,1
115,1
116,1
117,1
118,2
119,1
120,2
121,1
122,2
123,3
124,1
125,1
126,1
127,2
128,2
129,1
130,2
131,2
132,2
133,1
134,2
135,1
136,1
137,3
138,1
139,2
140,1
141,1
142,1
143,6
144,1
145,1
146,1
147,3
148,1
149,1
150,1
151,1
152,1
153,1
154,1
155,1
156,2
157,3
158,1
159,3
160,1
161,1
162,1
163,1
164,3
165,1
166,1
167,1
168,1
169,1
170,3
171,1
172,1
173,1
174,1
175,1
176,1
177,1
178,1
179,1
180,2
181,2
182,1
183,1
184,1
185,1
186,1
187,1
188,1
189,1
190,1
191,2
192,1
193,1
194,1
195,1
196,1
197,1
198,1
199,1
200,1
201,1
202,1
203,1
204,1
205,1
206,1
207,1
208,1
209,1
210,1
211,1
212,1
213,1
214,1
215,1
216,1
217,1
218,1
219,1
220,1
221,2
222,1
223,1
224,1
225,1
226,1
227,2
228,1
229,1
230,1
231,1
232,1
233,1
234,1
235,1
236,1
237,1
238,1
239,1
240,1
241,1
242,1
243,1
244,1
245,2
246,1
247,1
248,1
249,1
250,1
251,1
252,1
253,1
254,1
255,1
256,1
257,1
258,1
259,1
260,1
261,1
262,1
263,1
264,1
265,1
266,1
267,1
268,1
269,1
270,1
271,1
272,1
273,1
274,1
275,2
276,1
277,1
278,1
279,2
280,1
281,1
