3650094,1
3650096,1
3650097,1
781879,7
781878,16
4004699,1
5478871,1
4004695,1
3650098,1
1491573,1
6256191,1
3649974,1
1012180,1
3649842,1
782359,27
3937076,1
3650091,1
5528750,1
2969561,1
3649906,1
3935485,1
780553,1
3938115,1
3649971,1
3649829,1
3938629,1
936573,1
3650001,1
3650000,2
3649881,1
6032188,1
3937033,1
3270579,1
5561878,1
3267326,1
3938448,1
6280527,1
5526965,1
3650048,1
3650109,1
5544917,1
3938201,1
3933246,1
4003471,1
3649939,1
3649938,1
4003475,1
5493625,1
3649935,1
3649934,1
3649937,1
3649936,1
3649931,1
3649930,1
3649933,1
3649932,1
4004042,1
6299903,1
3650014,1
3650015,1
5493233,1
6074508,1
775436,7
3649831,1
3649832,1
4003476,1
6250648,1
3649988,1
640624,1
850789,1
637493,3
648599,1
668976,1
659455,1
3649890,1
52497,0
3937499,1
782377,5
782376,6
782375,12
3936870,1
3273390,1
782371,4
6249431,1
4004662,1
4004661,1
3649929,1
3650081,1
4004665,1
5541272,1
3649984,1
4003486,1
4753157,1
4004055,1
4003509,1
4003487,1
3649856,1
4003474,1
3650025,1
987456,1
3650026,1
3649981,1
3271200,1
661002,2
3650111,1
624654,1
3936918,1
3650088,1
3937315,1
3650113,1
4003997,1
3933260,1
644340,1
646450,1
4003327,1
6238750,1
1253808,1
5517174,1
3650039,1
626540,1
3254397,1
4003516,1
3649976,1
3649953,1
6242181,1
3649951,1
3649950,1
3650086,1
3263011,1
583180,9
19857,1
634731,1
3936246,1
778555,11
3649837,1
6135051,1
3933172,1
3650080,1
3650043,1
3650042,1
3270939,1
1219593,1
633864,1
3936392,1
4106934,1
3933275,1
3649830,1
4004021,1
3274675,1
3649948,1
4003523,1
3649947,1
3649940,1
3649941,1
3649942,1
3649943,1
620141,1
3648881,0
5529727,1
3650093,1
4004017,1
3269751,1
3273029,1
3650035,1
3650071,1
776255,1
6329093,1
3935465,1
4004806,1
4004659,1
3252171,1
3650055,1
3650056,1
4004652,1
3936487,1
780720,1
4004654,1
623466,1
5542327,1
5491167,1
3650110,1
6132922,1
3650112,1
3650114,1
3649977,1
637126,1
3937236,1
3649918,1
3649880,1
3649993,1
3933342,1
782339,1
3649997,1
3649995,1
5497116,1
4004732,1
3650106,1
3650107,1
3650105,1
3650102,1
3650103,1
3650100,1
3650101,1
3649845,1
3649844,1
2030026,1
3649846,1
3649841,1
3649840,1
3649843,1
3933460,1
3261902,1
6286158,1
5563099,1
3933362,1
3934608,1
3649888,1
3271870,1
649824,1
3650087,1
6243793,1
3937054,1
637992,1
3257706,1
3649980,1
3936469,1
3649982,1
4213250,1
3650089,1
3649987,1
3932623,1
6043554,1
3934281,1
3649849,1
5541650,1
5513656,1
3649847,1
5481259,1
3649916,1
3649853,1
3649850,1
3649851,1
5464794,1
3649854,1
3649952,1
4003648,1
6170920,1
4004689,1
3935083,1
3932593,1
2301002,1
