6332642,50.0
3743680,0.02
3743681,5.0
3743687,0.0
3743684,109.3
2088921,3.1
778115,0.0
3740310,75.1
3740312,74.6
3744496,111.25
3740319,73.1
3744493,50.0
3743442,2000.0
3744491,100.0
2015640,111.14999999999999
120611,0.0
1875393,4.5
4350789,50.0
4725908,9000.0
3739930,0.0
899862,2700.0
953739,0.0
3591032,50.0
3744140,3.96
3744141,0.02
3744142,0.02
3744143,110.1
3744144,0.0
3744145,123.0
3586843,0.0
3586842,111.8
3588049,50.0
6221085,0.060000000000000005
2296867,0.0
2108056,0.01
3741011,0.0
3738533,50.0
3740316,74.1
3738535,50.0
809866,80.6
2140602,0.0
3740477,98.1
778030,50.0
3739485,50.0
2096633,100.0
801117,100.0
1774260,100.0
51845,100.0
3743065,0.05
2110273,0.0
2074767,0.0
3743665,100.0
2114299,50.0
3743661,100.0
3743663,0.0
6270686,250.0
3587269,50.0
3740318,73.6
739503,50.0
3586519,50.0
2089696,50.0
2134609,0.0
3586514,50.0
5536736,0.0
3586512,50.0
3742422,1500.0
766105,50.0
3740491,96.1
3586196,50.0
613520,100.05
3536658,0.0
2096381,50.0
3597649,0.0
578371,50.0
3744955,112.55
3586423,100.0
3586422,50.0
775768,2615.04
3586420,108.75
3586427,50.0
3742331,50.0
1086333,4.35
3742332,50.0
3739463,100.0
3739460,50.0
739624,0.0
2124750,50.0
5971352,35.0
779708,100.0
779259,0.0
3585516,50.0
3585517,49.0
779706,200.0
779707,2000.0
3585512,50.0
3585513,50.0
3585511,27.6
799493,100.0
2709233,160.0
3733474,0.0
712807,60.0
2117126,100.0
4638294,5.0
3740878,3.55
3740874,100.0
3973307,100.0
6236775,0.0
3598272,50.0
3742765,100.0
779413,50.0
776742,0.0
6222747,50.0
1182515,50.0
3741192,50.0
779674,150.0
779675,8000.0
779676,800.0
779677,100.0
779670,20.04
779671,44.83
779672,50.0
779673,53.35
3745330,50.0
779679,52.0
779071,675.0
322310,100.0
1276954,0.0
4397259,99.1
774031,0.0
4646442,48.0
2094237,20.1
3745028,50.0
5405479,0.0
3745020,100.0
3745022,50.0
3745025,0.05
3745026,1000.0
230648,0.0
177811,0.0
3583907,0.0
6320435,50.0
3586840,111.75
2094837,0.0
3738785,50.0
776457,546.46
777109,0.0
2458753,0.0
3740303,67.6
3740300,68.1
3740309,75.6
36411,150.0
1070011,50.0
1690576,100.0
2099621,0.0
4671640,100.0
3738327,50.0
3744795,50.0
2130642,50.0
3744175,50.0
779278,3.0
3738258,50.0
1576606,100.0
3585579,49.1
3742652,50.0
3587161,50.0
3742951,50.0
3742656,50.0
3738255,0.6
3744772,100.0
3808160,71.6
3586852,111.95
6302883,50.0
2123411,2700.0
3738532,0.0
2109546,4.0
6265723,0.0
759174,50.0
2948330,100.0
6200107,111.85
5238895,107.89999999999999
3585573,47.6
6269115,0.7999999999999999
6320130,10.1
1841830,39.6
3739255,50.0
3739252,100.0
3742780,108.3
3742782,108.25
3742783,0.0
3742784,50.0
3586713,50.0
776187,0.0
776184,50.0
3586508,109.14999999999999
3586509,50.0
3586504,50.0
3586505,154.0
3586507,50.0
759951,0.0
2107781,8.0
780612,1000.0
844995,100.0
778912,50.0
5311944,50.0
3641691,50.0
3586439,100.0
3739679,26.6
3586436,50.0
3742328,0.0
2264864,50.0
618816,0.0
778828,50.0
3585299,0.0
3585298,15.6
779248,0.0
779713,100.0
779712,100.0
779247,0.0
779717,100.0
779716,150.0
3585297,16.1
3585296,50.0
3743439,39.95
3740849,3.0
3585184,50.0
779403,50.0
54188,50.0
774354,0.0
3585165,50.0
3585163,50.0
3585161,50.0
845104,4.6
3742137,50.0
3742136,0.0
3742134,107.39999999999999
3742130,55.0
3724474,0.0
779663,200.0
779662,200.0
779661,150.0
779660,150.0
779667,850.0
779666,50.0
779665,3067.62
779664,5300.0
779669,14.0
779668,100.06
3745305,112.75
2112725,107.14999999999999
3745307,0.0
779066,0.0
778595,50.0
2332021,50.0
3745235,50.0
778445,50.0
4836556,10.0
3745014,0.39999999999999997
1112291,50.0
3745011,50.0
2129477,50.0
2112652,50.0
3745012,405.02
3742919,0.0
1806486,20.1
3745019,50.0
3741256,4.05
816817,0.0
747682,0.0
2094647,50.0
4072987,50.0
4571356,4.8999999999999995
2114175,50.0
3738797,50.0
3738794,14.6
3738790,50.0
3738791,14.1
934543,109.7
774649,50.0
2124960,2.8
2095199,50.0
3727973,0.0
758531,0.0
4317139,50.0
1100000,38.1
3744789,0.02
3744780,1000.0
3562373,0.0
3744161,100.0
3744166,50.0
3586513,100.0
1620825,0.0
796343,46.1
782873,48.0
6335378,50.0
3740202,57.6
779871,200.0
3741078,2.94
5310826,108.55
3741072,45.0
3741076,3.94
771986,250.0
3698930,300.0
3743088,100.0
3739263,50.0
3739262,50.0
3744997,0.3
6320386,11.1
4276593,78.1
3587287,50.0
1125057,42.1
3815207,100.0
1282766,107.45
2470455,50.0
2117851,28.47
240947,1380.0
766127,0.0
3739043,50.0
3586531,109.2
3586530,100.0
3586533,100.0
3586532,0.0
3586534,109.25
3586190,50.0
817617,0.0
2135206,100.0
778904,50.0
3738805,50.0
3740471,99.6
3738800,15.1
3586157,8.5
3586404,50.0
3586155,107.8
3586401,100.0
733029,4200.0
3586151,0.0
3586150,25.0
927285,50.0
3741818,100.0
3718617,0.0
865187,0.0
3512743,100.0
3744977,50.0
3744970,0.0
3739249,100.0
3741816,50.0
3739441,100.0
3739446,50.0
840773,50.0
3742354,0.0
778839,100.0
3585621,54.1
3585622,53.6
3585623,53.1
3585627,72.1
778832,0.0
778835,100.0
6279773,108.14999999999999
3585578,49.6
779279,0.0
3741043,0.0
779272,50.0
1641013,111.64999999999999
3585575,51.1
3585576,50.6
3585577,50.1
3586711,0.0
3586710,110.0
827186,50.0
3586714,50.0
6263771,12.6
3586718,50.0
10502,0.0
5802110,4.45
3740857,0.0
3740854,3.5
6320708,13.1
6049352,0.0
763554,0.0
772167,50.0
3741555,4.7
898070,52.1
3585196,1.0
3585197,50.0
3585194,50.0
3585195,23.0
779473,50.0
3585371,23.1
779476,50.0
779477,0.0
779475,0.0
779478,200.0
2082189,0.0
3559093,0.0
3719360,0.0
964104,100.01
812280,96.6
3806296,100.0
2516874,100.0
950103,110.5
3742125,100.0
6171901,50.0
869810,50.0
3744995,0.01
3744993,0.01
779501,0.0
5331779,50.0
3744998,0.25
2103844,92.6
779698,50.0
779699,150.0
779696,200.0
779697,2400.0
779694,150.0
779695,28.63
779692,50.0
779693,0.1
778059,0.0
779691,150.0
779051,50.0
779506,0.0
779505,0.0
779503,0.0
779500,50.0
778586,50.0
6319221,50.0
3745229,50.0
779184,0.0
3740342,87.1
3648721,4.2
3745225,50.0
3745002,0.15000000000000002
3742663,50.0
3745000,0.2
3745007,0.35
3745005,100.0
778639,50.0
1629799,50.0
3741245,100.0
3689100,0.0
207489,0.4
611026,2350.0
6238973,50.0
3745318,50.0
3743411,50.0
6134620,100.0
3743418,109.0
3587615,50.0
5487387,100.6
1178535,0.05
6314201,0.05
3580473,0.0
1074555,50.0
880940,108.0
3740129,50.0
3485491,0.0
3744197,50.0
6314422,0.0
2114380,0.0
2123388,49.05
3744208,110.3
3744204,5.0
988168,50.0
1043822,3.8
3740212,56.6
5811628,50.0
3740215,56.1
2487219,50.0
897688,50.0
3739277,50.0
3739275,50.0
803557,58.1
3739270,100.0
3264255,50.0
4702967,50.0
240975,0.0
3907105,50.0
3741113,4.9399999999999995
987219,0.9500000000000001
3589796,50.0
3740505,94.6
778938,0.0
773750,0.05
3743740,100.0
3585519,29.1
778935,100.0
779608,150.05
6161553,0.0
2510850,0.0
3707496,0.0
3586412,100.0
3586145,0.0
3586147,50.0
3586416,67.62
3586417,100.0
894746,0.0
3586143,50.0
3586418,50.0
3586419,50.0
3586148,107.7
3586149,50.0
779701,100.0
5409827,50.0
3740991,0.0
3744962,100.0
779591,8333.45
779590,1900.0
778800,50.0
5979661,50.0
6311085,50.0
3735144,0.0
853498,4.95
3586527,50.0
3585619,55.1
3585618,55.6
3586521,24.79
3585611,59.1
3586528,44.95
3586709,110.05
1695858,105.1
3586704,0.0
3586701,149.04
1606870,103.6
3696045,0.0
3593556,50.0
90724,0.0
936303,0.0
2106796,4.0
864938,50.0
779463,50.0
779462,0.0
779465,100.0
779467,50.0
3585143,50.0
3585144,50.0
4845077,109.5
3585146,50.0
3585149,50.0
3742118,40.0
6323530,50.0
775537,0.0
3742110,50.0
3742113,32.0
3742112,64.99
3742114,50.0
3585545,37.6
3744985,5.06
3744986,1845.02
3585546,800.0
3585541,35.1
3744981,0.92
3744982,6.06
3585542,34.6
3739508,5.01
3744988,4.06
3616086,0.0
778021,0.0
779689,50.0
779688,4.0
779685,425.0
779684,50.0
779687,0.0
779686,1500.0
1279804,50.0
779680,21.21
779683,5.9
779682,500.0
779519,50.0
779518,0.0
779517,0.0
4606860,50.0
887657,0.0
1082692,15.0
5669673,50.0
2736267,100.0
3740744,106.6
779198,0.0
2094593,50.0
883971,50.0
3742978,4.75
3698107,0.0
750985,0.0
3741279,4.1
561506,0.0
6305985,109.55
3742804,100.0
1388041,50.0
946282,50.0
3742809,100.0
3745109,0.65
6250955,104.1
3745102,0.05
3745100,50.0
3745104,50.0
3740191,58.6
2114247,0.0
1409307,100.0
631894,0.0
1611412,110.75
5069973,110.7
6328089,22.6
493297,50.0
4274825,48.6
5491645,50.0
3741050,0.0
6318698,7.6
3741295,100.0
779790,100.0
4819094,111.5
3739203,32.33
3742599,100.0
3742594,100.0
3742597,108.05
785942,100.0
6328171,0.0
3742759,0.0
3742758,0.0
3742755,100.0
3742752,50.0
716514,0.0
3740532,92.1
3740535,91.6
3743620,50.0
3588716,50.0
3743624,100.0
3741127,4.95
3586396,108.7
2093337,19.1
3586399,50.0
3586398,100.0
841514,0.05
670501,0.0
2133948,110.85
3743758,0.0
4861090,50.0
3810129,0.0
806366,67.1
2102889,85.1
773784,50.0
3586174,100.0
3586176,100.0
944492,110.2
2101203,0.0
3740981,50.0
3740983,50.0
3740985,13.370000000000001
3740987,6.74
3740989,0.0
1352170,0.0
778819,35.5
3738579,50.0
3583255,0.0
3585606,61.6
3585604,62.6
4114340,0.0
841206,100.0
3586770,110.55
1206025,0.0
6226414,1.6
2126741,200.0
779455,50.0
779456,0.0
3742104,100.0
1117910,0.0
3585158,0.0
3585157,2.6
3585150,2.1
3585151,50.0
3741618,0.0
3741616,4.8
3585553,50.0
3585550,38.6
3585555,40.6
3743520,0.0
6293391,50.0
3743966,100.0
779678,200.0
779520,0.0
779521,0.0
4214051,10.0
779526,750.0
779527,50.0
2933998,0.05
844317,100.0
2004301,100.0
3741185,0.0
777677,0.0
5035549,50.0
5137838,50.0
778321,329.35
3277382,0.0
1727840,0.0
2137173,42.0
1337444,100.0
3742814,100.0
3742816,50.0
3742810,100.0
183626,0.05
881030,0.0
5810801,50.0
3743436,2.0
1718262,14.0
3745114,100.0
3981301,50.0
6320502,0.0
3744513,111.6
3744512,50.0
3744515,0.0
462044,957.01
5034162,82.1
779840,100.0
6265279,0.0
3744222,100.0
3738582,50.0
3741046,3.6999999999999997
3737327,0.0
3737324,0.0
4981695,100.0
3738588,50.0
3739212,24.6
3742589,500.0
3739214,0.0
4008635,50.0
3739217,24.1
3742582,50.0
3739219,0.0
3742580,50.0
3742587,1000.0
3742584,50.0
3742749,50.0
3744641,3.0
3742745,100.0
3742746,50.0
3742740,50.0
3742742,50.0
2100363,44.1
3743733,0.0
3031798,0.0
4500178,0.05
2877732,50.0
2133334,110.6
4425276,100.0
968117,100.0
1642275,0.0
2140745,0.75
4599650,100.0
778953,50.0
3658,0.0
778959,0.0
3739500,50.0
3739502,50.0
3743762,100.0
3743767,100.0
3743768,20.0
597076,50.0
1773651,100.0
2096661,50.0
3586168,100.0
3586169,40.0
3586167,10.0
3586164,0.0
3586165,50.0
3586162,0.0
4295639,0.0
3746808,50.0
3746800,50.0
2101693,59.6
3744965,900.0
3617131,50.0
3740736,106.1
2119839,0.0
3586540,50.0
5516483,4.75
192679,0.0
3585534,50.0
4937048,5.0
3585535,37.1
779720,100.0
841763,100.0
3676923,50.0
3586760,110.39999999999999
927366,50.0
3586762,0.0
3586767,0.0
3739725,30.1
3739727,29.6
3740880,0.0
3740887,100.0
2253261,50.0
5011410,112.3
3693814,100.0
5796116,50.0
5318133,0.7000000000000001
779445,0.0
3585129,50.0
3742177,107.55
586903,0.0
3585126,0.0
3741600,50.0
3741602,100.0
3741605,100.0
604274,50.0
62691,5202.0
775791,50.0
3743281,100.0
779537,550.0
779533,50.0
3743971,0.0
779531,50.0
847328,50.0
778552,0.2
906597,0.0
779022,50.0
841418,50.0
913845,1.03
4055638,0.94
756315,0.0
3743851,4.8
3745299,0.0
2072361,0.0
1539527,95.1
3745291,50.0
778317,50.0
3742820,108.39999999999999
3742827,50.0
3743423,109.05
2099909,40.1
3743425,0.0
778774,5.01
778771,0.0
3738662,11.6
6070013,71.1
6213559,94.1
710671,0.0
3744509,111.45
776338,50.0
777242,200.0
3749943,50.0
776936,50.0
405661,10.0
3739229,0.0
3739228,26.1
776203,50.0
3739224,50.0
925151,79.6
3739221,100.0
3739222,50.0
3742779,50.0
3742773,1.0
3742775,50.0
3744098,100.0
5963780,0.0
965385,1025.0
3587405,50.0
2114199,185.0
959277,39.78
3742486,50.0
3055995,0.0
3740431,76.6
779690,50.0
3583656,0.0
3743776,50.0
3743772,50.0
3743770,0.0
6120870,50.0
3586144,107.64999999999999
404116,50.0
1243520,50.0
967540,0.0
3586140,1300.0
93837,450.0
3748937,50.0
3586141,50.0
6253882,0.0
3586142,0.0
1333924,50.0
3740726,50.0
776436,2000.0
809768,81.1
5005579,112.25
3586754,100.0
3586757,0.04
3586024,50.0
3586753,0.0
3586758,50.0
3876225,100.0
3740897,1.95
3740894,0.0
3585620,54.6
3740893,3.5999999999999996
3740890,100.0
96847,0.0
3743367,100.0
3739713,28.6
742556,50.0
3703349,0.0
3840010,1.0
3585133,50.0
3585135,50.0
3585137,1.1
739299,50.0
779238,50.0
4084268,77.1
5348630,100.0
779542,50.0
779543,0.0
779544,100.0
779013,0.4
779548,850.0
779019,50.0
3589008,50.0
3741702,50.0
750126,50.0
3756006,50.0
1016607,2.0
777655,50.0
6078676,0.0
1110647,50.0
779495,0.0
779496,0.0
779497,0.0
6320693,50.0
4041762,50.0
3586855,112.1
2137330,5.9
2309570,0.0
4177863,100.0
3694010,0.0
3742830,108.45
778767,0.0
403488,50.0
1780346,0.9
3738610,8.6
719544,50.0
2112625,5.0
3744530,100.0
3744087,345.07
3744081,50.0
843361,4.3999999999999995
3744089,109.85
934641,0.0
859253,107.2
6310655,50.0
776433,0.0
1170116,0.0
6326683,50.0
3742764,50.0
3739239,50.0
3742761,100.0
3739230,25.6
3739231,25.1
3738548,50.0
3739956,45.1
6318399,0.5
921791,100.0
3740540,91.1
745715,5.0
2131975,50.0
3740544,90.6
3741158,3.9
2106971,2.0
3716089,0.0
3587181,50.0
1057078,50.0
780673,500.0
1218116,50.0
972790,112.6
776102,0.0
6334079,50.0
3587506,50.0
2134162,111.1
2141920,100.0
6329031,0.0
3742389,2.0
3740837,30.31
5053846,50.0
736715,100.0
3743010,100.0
5338217,0.8500000000000001
3286110,0.0
6221746,50.0
555006,0.0
2100129,0.5
3586034,100.0
3586035,50.0
3586031,0.0
3586032,50.0
752816,0.0
3743370,0.5
6283332,50.0
772113,0.0
3743170,100.0
762350,0.0
3739235,50.0
3584452,0.0
3543466,0.0
1782136,100.0
2017930,50.0
4717372,20.0
749709,0.0
2711234,10.0
411107,50.0
4953537,0.0
779220,50.0
5523137,50.0
779225,0.0
3585586,50.0
779551,0.0
779553,50.0
779552,50.0
779555,1700.0
779554,50.0
779557,1490.0
779556,0.1
779559,0.4
779558,2.5
3743950,50.0
3585211,50.0
3585212,50.0
779797,400.02
949163,100.0
1104424,50.0
1042684,1.94
779313,50.0
723376,50.0
440935,50.0
4690528,50.0
5989490,0.0
779489,50.0
779485,0.0
779480,350.0
6285221,93.1
987460,100.0
1141319,50.0
5659390,0.0
3019161,33.1
3740157,63.1
3740155,63.6
3740152,64.1
4405943,84.6
3738605,50.0
3741549,100.0
3803347,50.0
6315092,50.0
778687,50.0
778685,1.0
1791509,100.0
3744520,49.0
3744526,100.0
736272,50.0
5163688,108.35
3744093,100.0
3744091,0.0
3744095,50.0
755178,50.0
3745651,50.0
3756812,107.75
1841356,50.0
2094338,50.0
3738555,0.0
3738556,6.1
3738557,5.6
3738550,7.1
3738553,6.6
2059495,9.0
3738558,50.0
1198361,48.57
3740576,0.0
3740571,101.1
6325940,50.0
3740375,82.6
3741161,0.0
3740370,83.1
3809018,50.0
745707,0.0
898712,0.0
859609,100.0
3739958,44.6
3744980,0.93
3739953,45.6
779262,50.0
63626,300.0
3585543,34.1
3739392,100.0
3740412,78.6
3740410,79.1
778965,0.0
6320039,9.6
3585549,39.1
3583670,1.5
3583673,0.0
834929,5.0
1794858,100.0
3540340,0.0
779933,100.0
2105099,0.0
780206,100.0
5980148,100.0
2096962,50.0
3586001,50.0
3586000,100.0
3586003,0.0
3586002,4.85
772859,50.0
3586004,50.0
3586007,100.0
779681,705.0
62374,0.0
4430360,50.0
5104,9286.390000000001
6120323,50.0
730893,50.0
3586135,0.0
3586134,0.0
772690,5.0
3586131,50.0
778980,50.0
3586132,107.6
3586138,50.0
6329264,50.0
3586643,109.64999999999999
3586005,100.0
3586641,50.0
3586640,50.0
3586647,50.0
3586646,100.0
3586645,100.0
3585596,66.6
3585597,66.1
3585598,65.6
3585599,65.1
3740964,50.0
779568,2.2
779569,50.0
779564,100.0
779565,250.0
779566,224.0
779567,0.0
779560,204.93
779561,247.0
779562,407.0
779563,0.09
3585208,5.1
3585204,4.6
779761,100.0
699616,0.0
6057861,50.0
3744941,0.1
1675607,112.14999999999999
6222072,50.0
920061,100.0
779368,100.0
1065383,35.6
6273381,0.0
892236,57.1
18012,0.0
656279,10.0
3851431,50.0
5340243,0.0
2109388,4.25
778561,50.0
5724587,50.0
3742859,50.0
4354647,50.0
3742853,50.0
2124916,50.0
3742857,50.0
779616,55.0
779617,350.03999999999996
779614,176.94000000000003
779615,50.0
779612,200.0
779613,600.0
779610,200.0
779611,260.0
779618,50.0
779619,97.30000000000001
779586,3350.0
779587,100.0
779584,100.0
779585,50.0
779582,100.0
779583,4000.0
779580,0.09999999999999999
779581,100.0
6258155,0.0
3741551,50.0
779588,300.0
779589,50.0
778691,0.0
777636,0.0
886791,100.0
4885818,50.0
712530,24555.46
3738384,50.0
3738386,50.0
3738388,3.6
966859,50.0
946359,110.25
3744068,50.0
779802,350.0
3744065,50.0
3744062,69.69
3744060,50.0
3742774,50.0
3738708,13.6
3586136,100.0
3583323,0.0
3738565,150.0
1314995,50.0
3738567,1.0
683216,0.0
3740563,50.0
3744608,0.0
3740566,101.6
3755208,50.0
3744603,50.0
3744602,0.0
3744605,112.05
3744604,100.0
3741172,100.0
3740367,83.6
3741174,50.0
1557418,110.8
6266045,0.0
778988,50.0
3739948,46.6
3739946,47.1
6314117,50.0
779635,85.86
3739540,50.0
2184208,50.0
3744117,109.95
3743724,100.0
3743727,109.35
3744114,149.04999999999998
3742634,50.0
779213,50.0
4796168,100.0
3742630,50.0
3742632,50.0
3744118,109.89999999999999
3586839,50.0
3586834,111.7
3583667,0.0
754545,0.0
779210,0.0
3585561,41.6
741743,0.0
3583687,0.0
786917,50.0
972684,0.05
2092299,0.0
3586018,50.0
3586019,50.0
3741959,100.0
3586014,50.0
3586013,0.0
3586010,100.0
3743155,4.75
3739765,32.6
3740600,103.1
2096480,50.0
4081543,111.55
3589830,50.0
773447,50.0
2090185,50.0
5174890,50.0
1956150,30.6
805009,51.6
3745082,50.0
3705678,0.0
3745080,100.0
3739615,50.0
779579,100.00999999999999
779578,14.0
779573,101.25
779572,50.0
779571,1.02
779570,900.1
779577,100.0
779576,369.84
965820,50.0
779574,150.0
931711,0.0
779774,750.01
3742287,0.0
1342299,41.1
766856,0.0
779373,150.0
865606,50.0
775119,50.0
779379,2.0
3743805,100.0
4311573,0.0
3745254,50.0
3585307,50.0
3585306,16.6
3585305,17.1
3585304,17.6
3585303,18.1
3585302,0.0
3585301,18.6
3585300,50.0
3586761,110.35
811445,0.0
3743672,100.0
528989,0.0
778651,0.0
88428,0.0
5622174,50.0
6118090,81.6
3147514,0.0
4045483,50.0
779605,130.01
779604,300.0
779607,61.0
779606,200.0
779601,200.0
779600,600.0
779603,500.0
779602,70.0
3740170,61.1
779609,817.62
3740174,60.6
3740177,60.1
779402,50.0
779595,50.0
779594,105.0
779597,450.0
779596,150.0
926793,100.0
6336659,100.0
779593,50.0
779592,100.0
728520,50.0
6332558,50.0
779599,100.0
779598,627.0
934386,50.0
4132975,50.0
3745096,50.0
3742996,108.6
3745671,50.0
6250179,93.6
3738398,50.0
929191,76.1
3744079,109.8
2035952,0.0
3744077,100.0
3744071,45.0
3587754,50.0
3585572,48.1
3738714,0.0
3742867,0.01
3742862,108.5
777196,200.0
5604763,109.6
777374,100.0
3738576,50.0
714718,0.0
3738575,0.0
3742730,100.0
3738571,8.1
3744618,100.0
2104163,0.0
3756907,50.0
3744611,112.0
2088473,5.0
3741188,50.0
3685050,50.0
3741182,3.9499999999999997
3667501,0.0
777289,50.0
817699,0.0
3743732,109.39999999999999
3744105,100.0
3563533,0.0
3744100,50.0
3743735,0.01
3744108,2300.0
2335289,50.0
3586801,110.95
912573,1500.0
5356864,100.0
3588089,50.0
874863,50.0
2064048,0.0
3740760,0.5
3740762,0.0
1109468,50.0
3740765,0.0
3738975,50.0
3739289,50.0
3739283,100.0
3739280,50.0
6312292,50.0
3739286,50.0
4552551,0.0
755426,0.0
3741969,107.3
827106,50.0
3741966,50.0
3741962,107.25
3739755,33.6
172054,50.0
972346,0.0
2136805,112.2
3743129,0.05
969850,100.0
3740618,100.0
4047473,100.0
4573340,50.0
3586481,1.0
3586483,108.95
3586482,50.0
284764,0.0
5690990,50.0
48298,0.0
779261,0.0
3743235,108.85
1671388,50.0
3740906,100.0
3740907,50.0
112176,50.0
779748,700.02
1081934,112.64999999999999
779296,0.0
779746,400.03
3741982,107.35
3741989,0.0
487383,0.0
3740835,2.5
778599,50.0
169881,262.0
5175574,100.0
3743835,0.01
3741196,50.0
2119176,100.0
778342,50.0
3586025,50.0
3585314,50.0
3585310,50.0
3585311,50.0
3585312,19.6
3585313,50.0
5680054,50.0
6320831,50.0
6315374,50.0
1612583,110.64999999999999
3740160,62.1
727840,0.0
779630,1568.0
779631,1667.73
733955,50.0
779633,200.0
779634,50.0
2103352,50.0
779636,200.0
779637,2.0
779638,371.2
779639,200.0
4739350,13.0
3744200,100.0
3742982,3.75
3742988,108.64999999999999
640,0.0
6319718,9.1
3745089,100.0
777618,0.0
3743830,100.0
777966,50.0
782178,750.0
954222,111.0
6225512,50.0
6301585,23.6
6112504,50.0
3740293,69.6
3740294,69.1
3740297,68.6
6328259,22.1
3745066,50.0
3745060,0.0
3745061,0.0
3745063,0.45
681944,50.0
3745068,0.6000000000000001
3744044,109.75
3742871,50.0
3812871,9.0
92224,100.0
3742879,100.0
3739209,50.0
6314356,4.1
3744626,0.0
774217,0.0
3744628,0.05
777142,0.0
6327446,50.0
4969830,0.01
3739965,43.6
3741194,4.0
3740347,85.6
3740344,86.6
3740345,86.1
3741190,50.0
3740340,87.6
3680816,50.0
954870,102.1
5044698,0.0
6235937,50.0
3586817,111.39999999999999
3744133,50.0
3586812,20.04
3586813,111.3
3744137,50.0
3586818,111.35
3744549,0.0
938046,95.6
3740759,1.0
3740758,0.0
3740755,50.0
3740756,1.5
3740751,50.0
3583222,0.0
3743053,50.0
703054,0.0
5798299,100.0
5390564,0.05
3587258,50.0
93311,50.0
3587251,50.0
3587250,50.0
666904,400.0
3740149,64.6
6314915,50.0
3741975,50.0
3587811,50.0
3743132,43.62
3743135,100.0
2260293,77.6
3585507,27.1
6333568,50.0
3585509,50.0
3586498,109.1
3586499,0.0
3586493,1.0
3939290,50.0
3586497,50.0
3586494,50.0
3586495,14.0
3299643,0.0
2133264,50.0
5753414,0.0
927589,50.0
3586474,38.949999999999996
3586477,50.0
779575,100.0
4191983,50.0
3588376,50.0
4726307,110.89999999999999
778867,50.0
3699801,0.0
779757,100.0
3585521,28.1
1610881,0.8
1207709,100.0
4448430,84.1
779281,398.21
6258358,100.0
3741553,100.0
779284,0.0
3743828,50.0
3743829,50.0
4186131,50.0
3745279,112.7
779130,50.0
779138,0.0
4071027,0.0
778407,100.0
6320649,0.7
746757,0.0
725583,100.0
778716,0.0
1561126,0.0
767942,0.0
3741507,0.0
779629,65.21
779628,560.1
779627,150.0
779626,1700.0
779625,400.0
779624,1397.01
779623,5077.0
779622,39.5
779621,40.0
779620,105.1
840493,4.1499999999999995
4555923,50.0
549617,5.0
3742086,100.0
4118618,100.0
1256848,410.0
777600,0.0
777606,0.0
777973,50.0
3742088,50.0
3744056,100.0
3744054,50.0
1295388,108.2
1160203,50.0
835612,50.0
3744059,50.0
3745053,0.55
3745056,0.5
3740027,100.0
3740024,50.0
846891,50.0
778390,0.0
778392,50.0
778397,50.0
2113240,50.0
3742887,50.0
3742886,50.0
5920748,0.0
3744632,0.03
3744631,0.04
611903,100.0
3740338,88.1
3740331,89.6
779545,0.0
3740334,89.1
321,180.0
2131143,50.0
3735461,0.0
3742660,100.0
3742668,50.0
4579603,107.5
4226568,100.0
1256332,2000.0
3586861,0.0
3586860,0.0
3586864,108.64
3586868,50.0
3744122,0.0
828574,3.65
6316500,50.0
3740248,52.6
3741035,6.0
3741033,7.0
779532,50.2
6327585,50.0
3741039,3.75
224319,6.7
2416667,50.0
2092557,0.9
3740742,107.1
3740746,0.0
3738992,20.6
6007,50.0
668587,450.1
2100403,43.1
688236,0.0
741486,50.0
1343269,50.0
6242048,50.0
6317308,0.0
3739000,21.6
3739008,100.0
2146506,100.0
3740638,50.0
3742408,50.0
534363,50.0
3830348,70.6
4440449,50.0
3735172,0.0
5349302,100.0
3586441,108.8
3586446,0.0
3744935,112.5
778877,50.0
3586040,50.0
3586043,100.0
3564647,0.0
1290117,0.0
779723,150.0
3585536,36.6
3585532,31.6
3585533,31.1
3585538,36.1
3585539,0.0
2107291,100.0
906216,36.15
3743852,0.0
172925,50.0
3743858,50.0
6260425,20.0
775893,50.0
779434,300.0
779430,50.0
1262541,50.0
2128157,50.0
1020336,50.0
6323167,50.0
779658,200.0
779659,200.0
3741515,100.0
3741517,4.6499999999999995
779652,150.0
779653,1601.84
779650,400.0
779651,1341.0
779656,10.09
779657,50.0
779654,1000.0
779655,34.84
714984,0.0
954245,102.6
779632,78.35
3745266,100.0
3588321,50.0
1596483,110.45
3947146,13.62
778419,50.0
3743608,50.0
1323919,100.0
815880,0.0
442233,100.0
2256409,50.0
778674,100.0
3741527,100.0
3741206,100.0
4877154,50.0
3650777,50.0
4741727,0.8
3748065,50.0
2099487,32.1
3744484,100.0
3744487,50.0
3744486,50.0
732864,50.0
3744488,111.2
736352,50.0
3743452,2100.0
3743450,50.0
3740328,90.1
1385633,10.0
3740321,72.6
3740326,0.0
859498,100.0
3580127,0.0
3742670,108.1
3739344,100.0
3763886,100.0
1590364,0.0
3744159,50.0
3586878,50.0
3744151,110.14999999999999
3744155,0.0
3744154,0.0
4865293,1000.0
820920,0.0
2108063,3.8499999999999996
3741022,0.0
2099005,2.0
744550,0.0
3590880,50.0
2105752,2.0
795710,42.6
3743677,0.0
809957,80.1
3587270,50.0
5648396,4.55
1163642,0.0
3740475,98.6
3585651,88.6
3743119,50.0
1265460,50.0
3743116,100.0
3740484,97.1
3740481,97.6
3230072,4.3
1023475,0.0
4356074,100.1
3742411,50.0
5361104,50.0
3742414,107.95
3742417,0.0
3578650,0.0
2131113,0.05
2102230,70.1
3586699,50.0
3741686,50.0
5085277,105.6
4010889,108.89999999999999
3744927,112.39999999999999
3744925,112.45
3744920,112.35
3744928,0.0
3742300,107.85
3346906,0.0
772284,50.0
778848,0.0
778849,0.0
587747,0.0
779737,100.0
779739,100.0
3743841,109.45
918789,0.0
3740869,50.0
778604,50.0
2107664,4.0
3740865,50.0
6314699,50.0
1652778,111.89999999999999
33513,0.0
6023280,49.0
3585348,0.05
779398,0.0
3585347,21.1
779392,1450.0
4749280,111.05
3584328,0.0
4016853,100.0
4322541,50.0
3745329,50.0
750565,0.0
3745325,1.0
3745322,0.0
3745320,112.8
779649,2950.02
779648,100.0
3583728,0.0
3741529,5.0
779641,50.0
779640,8.55
779643,9.05
779642,150.0
779645,100.0
779644,2900.0
779647,650.0
779646,50.0
3868112,100.0
957876,104.6
3586021,50.0
775884,150.0
6082470,50.0
3744031,100.0
3744033,50.0
3744037,50.0
1669719,50.0
3745039,100.0
3745032,1000.0
3745035,50.0
3890994,0.01
6304380,0.0
725630,0.0
