0,7
1,51
2,64
3,14
4,22
5,35
6,13
7,10
8,7
9,56
10,45
11,5
12,13
13,38
14,67
15,41
16,40
17,47
18,13
19,37
20,25
21,6
22,32
23,40
24,32
25,21
26,59
27,30
28,16
29,27
30,18
31,32
32,25
33,28
34,21
35,23
36,15
37,6
38,2
39,5
40,58
41,6
42,11
43,5
44,9
45,4
46,25
47,18
48,12
49,22
50,34
51,6
52,21
53,14
54,21
55,10
56,3
57,5
58,33
59,2
60,15
61,6
62,4
63,15
64,4
65,21
66,2
67,16
68,45
69,39
70,44
71,2
72,12
73,10
74,8
75,11
76,26
77,11
78,11
79,10
80,2
81,14
82,5
83,9
84,11
85,2
86,3
87,6
88,37
89,35
90,10
91,44
92,5
93,28
94,8
95,33
96,9
97,2
98,4
99,6
100,6
101,7
102,35
103,25
104,21
105,31
106,6
107,8
108,11
109,3
110,22
111,9
112,6
113,1
114,12
115,8
116,12
117,1
118,5
119,13
120,2
121,10
122,65
123,5
124,8
125,17
126,11
127,4
128,6
129,24
130,29
131,6
132,18
133,3
134,5
135,7
136,9
137,4
138,13
139,15
140,27
141,4
142,2
143,2
144,3
145,3
146,8
147,32
148,3
149,24
150,6
151,5
152,4
153,29
154,4
155,12
156,15
157,10
158,4
159,2
160,5
161,5
162,7
163,6
164,5
165,21
166,27
167,11
168,1
169,5
170,18
171,5
172,4
173,4
174,54
175,6
176,3
177,2
178,4
179,15
180,4
181,30
182,12
183,6
184,4
185,18
186,1
187,2
188,3
189,34
190,27
191,3
192,1
193,23
194,2
195,6
196,4
197,2
198,7
199,2
200,20
201,5
202,9
203,38
204,21
205,9
206,3
207,13
208,25
209,27
210,33
211,5
212,5
213,3
214,7
215,22
216,5
217,1
218,20
219,10
220,10
221,3
222,6
223,5
224,33
225,2
226,2
227,20
228,4
229,18
230,5
231,23
232,6
233,25
234,17
235,12
236,8
237,42
238,13
239,9
240,1
241,7
242,10
243,2
244,6
245,7
246,3
247,2
248,3
249,18
250,5
251,7
252,3
253,4
254,2
255,1
256,33
257,11
258,2
259,2
260,13
261,23
262,2
263,5
264,13
265,5
266,10
267,3
268,4
269,11
270,12
271,5
272,3
273,6
274,4
275,2
276,5
277,6
278,5
279,1
280,6
281,15
282,5
283,6
284,2
285,12
286,1
287,4
288,3
289,3
290,12
291,4
292,2
293,20
294,8
295,5
296,11
297,2
298,1
299,7
300,1
301,6
302,3
303,5
304,21
305,7
306,11
307,2
308,2
309,1
310,6
311,8
312,2
313,16
314,4
315,1
316,5
317,10
318,13
319,5
320,3
321,3
322,1
323,22
324,25
325,2
326,4
327,13
328,3
329,1
330,7
331,7
332,1
333,11
334,7
335,19
336,33
337,2
338,4
339,2
340,9
341,9
342,13
343,3
344,3
345,4
346,11
347,17
348,5
349,1
350,2
351,1
352,4
353,1
354,5
355,7
356,40
357,12
358,1
359,3
360,5
361,3
362,2
363,2
364,15
365,27
366,3
367,14
368,3
369,2
370,2
371,3
372,10
373,11
374,2
375,14
376,6
377,3
378,4
379,9
380,25
381,1
382,1
383,3
384,5
385,6
386,1
387,3
388,7
389,4
390,6
391,7
392,2
393,3
394,10
395,3
396,2
397,3
398,17
399,1
400,11
401,1
402,2
403,34
404,2
405,6
406,9
407,8
408,2
409,1
410,2
411,39
412,9
413,5
414,2
415,1
416,11
417,15
418,1
419,3
420,1
421,2
422,9
423,13
424,3
425,1
426,4
427,4
428,2
429,8
430,10
431,1
432,50
433,3
434,2
435,5
436,3
437,14
438,1
439,2
440,5
441,3
442,2
443,2
444,1
445,2
446,3
447,4
448,10
449,8
450,1
451,4
452,14
453,1
454,1
455,2
456,11
457,2
458,3
459,1
460,2
461,3
462,3
463,1
464,6
465,9
466,6
467,11
468,2
469,4
470,2
471,2
472,11
473,2
474,2
475,3
476,2
477,8
478,4
479,5
480,2
481,17
482,2
483,10
484,7
485,8
486,4
487,4
488,11
489,1
490,3
491,1
492,1
493,1
494,1
495,1
496,6
497,16
498,2
499,2
500,2
501,27
502,3
503,1
504,6
505,7
506,2
507,29
508,7
509,1
510,1
511,6
512,1
513,2
514,1
515,2
516,2
517,5
518,15
519,20
520,24
521,6
522,3
523,2
524,4
525,1
526,10
527,1
528,4
529,3
530,1
531,42
532,2
533,5
534,5
535,7
536,7
537,2
538,3
539,1
540,13
541,7
542,20
543,1
544,2
545,2
546,5
547,1
548,13
549,7
550,4
551,1
552,4
553,2
554,2
555,4
556,3
557,19
558,2
559,2
560,1
561,8
562,9
563,43
564,3
565,5
566,5
567,2
568,18
569,1
570,1
571,17
572,3
573,8
574,2
575,3
576,1
577,12
578,2
579,2
580,1
581,43
582,18
583,5
584,3
585,1
586,2
587,1
588,18
589,1
590,14
591,6
592,4
593,1
594,1
595,1
596,7
597,14
598,2
599,9
600,2
601,2
602,3
603,5
604,2
605,11
606,4
607,2
608,3
609,5
610,1
611,9
612,6
613,5
614,3
615,4
616,1
617,5
618,12
619,3
620,2
621,14
622,3
623,4
624,2
625,4
626,2
627,1
628,8
629,1
630,7
631,3
632,1
633,7
634,2
635,26
636,1
637,5
638,1
639,1
640,12
641,2
642,2
643,2
644,2
645,13
646,2
647,1
648,8
649,1
650,2
651,3
652,9
653,1
654,16
655,7
656,1
657,1
658,5
659,3
660,10
661,3
662,3
663,1
664,2
665,5
666,2
667,1
668,2
669,3
670,7
671,1
672,3
673,7
674,7
675,19
676,2
677,4
678,8
679,38
680,7
681,11
682,14
683,4
684,3
685,5
686,1
687,5
688,14
689,1
690,1
691,11
692,7
693,3
694,5
695,2
696,1
697,3
698,12
699,1
700,1
701,3
702,4
703,1
704,5
705,14
706,19
707,3
708,2
709,2
710,4
711,4
712,1
713,1
714,6
715,2
716,2
717,1
718,1
719,2
720,4
721,9
722,3
723,1
724,1
725,7
726,5
727,1
728,1
729,1
730,1
731,9
732,6
733,6
734,26
735,4
736,1
737,6
738,1
739,1
740,4
741,3
742,2
743,2
744,1
745,3
746,17
747,9
748,1
749,6
750,1
751,1
752,5
753,4
754,6
755,2
756,3
757,1
758,12
759,5
760,1
761,6
762,1
763,1
764,4
765,1
766,11
767,5
768,1
769,3
770,4
771,3
772,2
773,1
774,1
775,5
776,4
777,1
778,1
779,2
780,3
781,3
782,2
783,4
784,3
785,11
786,1
787,1
788,1
789,18
790,6
791,1
792,36
793,1
794,6
795,4
796,6
797,2
798,10
799,4
800,1
801,1
802,3
803,2
804,8
805,2
806,6
807,1
808,13
809,2
810,12
811,1
812,12
813,4
814,5
815,8
816,4
817,1
818,2
819,3
820,2
821,2
822,1
823,3
824,1
825,1
826,3
827,1
828,4
829,4
830,14
831,1
832,4
833,2
834,16
835,2
836,5
837,2
838,1
839,2
840,3
841,9
842,15
843,1
844,5
845,2
846,16
847,15
848,1
849,1
850,38
851,2
852,3
853,16
854,9
855,4
856,2
857,17
858,6
859,2
860,1
861,5
862,24
863,1
864,10
865,2
866,4
867,2
868,13
869,24
870,14
871,1
872,3
873,2
874,4
875,1
876,1
877,1
878,1
879,16
880,2
881,5
882,22
883,2
884,2
885,1
886,2
887,2
888,1
889,3
890,49
891,2
892,1
893,11
894,26
895,7
896,5
897,1
898,3
899,1
900,3
901,14
902,4
903,5
904,3
905,2
906,1
907,43
908,5
909,3
910,2
911,1
912,3
913,5
914,3
915,1
916,2
917,2
918,4
919,12
920,2
921,3
922,2
923,6
924,4
925,4
926,1
927,2
928,4
929,2
930,1
931,1
932,3
933,4
934,1
935,1
936,29
937,1
938,2
939,2
940,16
941,1
942,1
943,2
944,1
945,4
946,4
947,2
948,32
949,2
950,1
951,6
952,2
953,10
954,2
955,59
956,5
957,13
958,4
959,2
960,4
961,2
962,1
963,2
964,1
965,1
966,1
967,1
968,1
969,1
970,5
971,1
972,1
973,7
974,1
975,1
976,2
977,2
978,4
979,1
980,12
981,2
982,6
983,1
984,1
985,5
986,2
987,2
988,6
989,1
990,3
991,50
992,2
993,2
994,3
995,4
996,5
997,2
998,2
999,4
1000,3
1001,4
1002,5
1003,17
1004,4
1005,2
1006,1
1007,1
1008,3
1009,9
1010,1
1011,4
1012,3
1013,1
1014,1
1015,3
1016,1
1017,1
1018,2
1019,11
1020,1
1021,6
1022,29
1023,1
1024,6
1025,2
1026,5
1027,25
1028,1
1029,3
1030,4
1031,1
1032,1
1033,5
1034,2
1035,1
1036,1
1037,1
1038,4
1039,3
1040,1
1041,9
1042,3
1043,7
1044,1
1045,9
1046,18
1047,7
1048,1
1049,1
1050,1
1051,1
1052,6
1053,14
1054,2
1055,2
1056,1
1057,1
1058,4
1059,2
1060,1
1061,6
1062,3
1063,6
1064,1
1065,10
1066,2
1067,3
1068,1
1069,7
1070,2
1071,1
1072,1
1073,5
1074,1
1075,2
1076,2
1077,2
1078,2
1079,2
1080,1
1081,4
1082,6
1083,1
1084,3
1085,3
1086,44
1087,5
1088,1
1089,1
1090,3
1091,1
1092,1
1093,2
1094,1
1095,3
1096,1
1097,1
1098,2
1099,1
1100,1
1101,1
1102,1
1103,2
1104,2
1105,4
1106,9
1107,1
1108,1
1109,1
1110,7
1111,3
1112,4
1113,1
1114,4
1115,4
1116,4
1117,4
1118,2
1119,1
1120,1
1121,3
1122,1
1123,12
1124,8
1125,4
1126,55
1127,1
1128,1
1129,2
1130,2
1131,3
1132,2
1133,3
1134,3
1135,1
1136,1
1137,3
1138,14
1139,2
1140,8
1141,3
1142,6
1143,1
1144,1
1145,2
1146,2
1147,2
1148,1
1149,1
1150,1
1151,2
1152,4
1153,1
1154,1
1155,3
1156,3
1157,2
1158,14
1159,11
1160,1
1161,7
1162,1
1163,1
1164,1
1165,36
1166,7
1167,2
1168,5
1169,1
1170,1
1171,2
1172,8
1173,1
1174,63
1175,2
1176,4
1177,3
1178,4
1179,10
1180,4
1181,48
1182,3
1183,1
1184,2
1185,3
1186,6
1187,2
1188,1
1189,4
1190,2
1191,1
1192,1
1193,9
1194,2
1195,5
1196,4
1197,1
1198,1
1199,1
1200,1
1201,1
1202,5
1203,3
1204,1
1205,2
1206,16
1207,1
1208,2
1209,1
1210,2
1211,43
1212,1
1213,4
1214,11
1215,6
1216,1
1217,10
1218,1
1219,1
1220,1
1221,2
1222,3
1223,4
1224,2
1225,5
1226,1
1227,1
1228,1
1229,2
1230,2
1231,1
1232,6
1233,3
1234,1
1235,4
1236,1
1237,1
1238,48
1239,4
1240,2
1241,2
1242,1
1243,1
1244,2
1245,2
1246,1
1247,46
1248,2
1249,1
1250,1
1251,1
1252,1
1253,1
1254,4
1255,15
1256,3
1257,6
1258,1
1259,5
1260,1
1261,57
1262,6
1263,2
1264,3
1265,6
1266,1
1267,1
1268,1
1269,4
1270,7
1271,1
1272,1
1273,2
1274,1
1275,4
1276,5
1277,8
1278,1
1279,1
1280,1
1281,1
1282,1
1283,7
1284,1
1285,3
1286,1
1287,2
1288,5
1289,3
1290,3
1291,20
1292,6
1293,1
1294,15
1295,1
1296,1
1297,2
1298,1
1299,9
1300,2
1301,17
1302,5
1303,9
1304,2
1305,2
1306,1
1307,2
1308,1
1309,1
1310,5
1311,4
1312,2
1313,1
1314,4
1315,1
1316,1
1317,2
1318,1
1319,3
1320,1
1321,6
1322,1
1323,6
1324,4
1325,1
1326,1
1327,1
1328,2
1329,1
1330,2
1331,1
1332,1
1333,6
1334,8
1335,1
1336,6
1337,1
1338,2
1339,2
1340,63
1341,1
1342,1
1343,2
1344,1
1345,1
1346,2
1347,1
1348,1
1349,1
1350,1
1351,4
1352,2
1353,13
1354,1
1355,1
1356,16
1357,1
1358,1
1359,1
1360,1
1361,2
1362,8
1363,3
1364,2
1365,3
1366,8
1367,3
1368,1
1369,1
1370,14
1371,1
1372,1
1373,1
1374,2
1375,1
1376,1
1377,1
1378,2
1379,4
1380,1
1381,1
1382,1
1383,1
1384,1
1385,4
1386,3
1387,1
1388,1
1389,1
1390,5
1391,1
1392,2
1393,1
1394,2
1395,1
1396,2
1397,3
1398,1
1399,2
1400,1
1401,1
1402,1
1403,1
1404,2
1405,2
1406,1
1407,1
1408,2
1409,4
1410,1
1411,6
1412,1
1413,1
1414,1
1415,2
1416,1
1417,1
1418,2
1419,2
1420,1
1421,1
1422,3
1423,9
1424,2
1425,1
1426,3
1427,5
1428,1
1429,6
1430,1
1431,1
1432,7
1433,1
1434,2
1435,45
1436,3
1437,1
1438,2
1439,2
1440,47
1441,30
1442,1
1443,2
1444,4
1445,1
1446,1
1447,1
1448,1
1449,1
1450,3
1451,1
1452,1
1453,2
1454,1
1455,1
1456,2
1457,1
1458,3
1459,1
1460,2
1461,2
1462,1
1463,1
1464,2
1465,2
1466,12
1467,2
1468,2
1469,23
1470,2
1471,4
1472,1
1473,6
1474,2
1475,1
1476,2
1477,1
1478,1
1479,2
1480,1
1481,8
1482,4
1483,1
1484,3
1485,5
1486,1
1487,1
1488,1
1489,1
1490,5
1491,2
1492,1
1493,1
1494,3
1495,1
1496,12
1497,1
1498,4
1499,2
1500,2
1501,3
1502,3
1503,1
1504,1
1505,6
1506,1
1507,3
1508,1
1509,1
1510,3
1511,4
1512,2
1513,4
1514,33
1515,1
1516,1
1517,3
1518,6
1519,2
1520,2
1521,1
1522,7
1523,3
1524,1
1525,2
1526,4
1527,3
1528,1
1529,8
1530,3
1531,1
1532,10
1533,17
1534,1
1535,14
1536,1
1537,2
1538,2
1539,1
1540,1
1541,24
1542,2
1543,1
1544,1
1545,2
1546,3
1547,9
1548,2
1549,2
1550,1
1551,4
1552,3
1553,20
1554,2
1555,1
1556,3
1557,2
1558,1
1559,3
1560,1
1561,3
1562,1
1563,7
1564,1
1565,3
1566,3
1567,2
1568,1
1569,7
1570,1
1571,3
1572,1
1573,16
1574,4
1575,23
1576,23
1577,27
1578,1
1579,2
1580,2
1581,1
1582,1
1583,2
1584,2
1585,1
1586,22
1587,5
1588,1
1589,2
1590,2
1591,3
1592,3
1593,3
1594,1
1595,1
1596,2
1597,1
1598,1
1599,2
1600,2
1601,6
1602,1
1603,1
1604,3
1605,35
1606,3
1607,4
1608,3
1609,1
1610,31
1611,2
1612,1
1613,26
1614,3
1615,3
1616,14
1617,4
1618,1
1619,9
1620,3
1621,4
1622,1
1623,2
1624,4
1625,2
1626,2
1627,2
1628,2
1629,3
1630,1
1631,1
1632,2
1633,1
1634,1
1635,1
1636,15
1637,1
1638,1
1639,5
1640,1
1641,1
1642,1
1643,8
1644,1
1645,1
1646,3
1647,1
1648,1
1649,18
1650,4
1651,6
1652,4
1653,1
1654,1
1655,1
1656,1
1657,1
1658,1
1659,1
1660,1
1661,3
1662,1
1663,47
1664,20
1665,10
1666,1
1667,1
1668,1
1669,1
1670,1
1671,1
1672,2
1673,3
1674,2
1675,2
1676,4
1677,12
1678,2
1679,1
1680,1
1681,2
1682,1
1683,1
1684,4
1685,3
1686,1
1687,2
1688,1
1689,4
1690,3
1691,11
1692,14
1693,1
1694,2
1695,3
1696,4
1697,1
1698,1
1699,1
1700,1
1701,1
1702,2
1703,2
1704,1
1705,7
1706,10
1707,3
1708,2
1709,2
1710,1
1711,2
1712,1
1713,1
1714,28
1715,2
1716,3
1717,1
1718,3
1719,15
1720,2
1721,3
1722,1
1723,14
1724,1
1725,3
1726,3
1727,1
1728,1
1729,4
1730,9
1731,2
1732,1
1733,1
1734,1
1735,8
1736,11
1737,3
1738,1
1739,5
1740,4
1741,31
1742,8
1743,2
1744,43
1745,1
1746,1
1747,1
1748,45
1749,1
1750,1
1751,1
1752,1
1753,1
1754,1
1755,1
1756,2
1757,30
1758,1
1759,1
1760,2
1761,1
1762,1
1763,2
1764,1
1765,1
1766,1
1767,2
1768,1
1769,1
1770,1
1771,4
1772,1
1773,3
1774,3
1775,1
1776,2
1777,1
1778,2
1779,2
1780,1
1781,4
1782,5
1783,1
1784,1
1785,1
1786,1
1787,11
1788,1
1789,10
1790,1
1791,3
1792,1
1793,2
1794,2
1795,3
1796,4
1797,16
1798,1
1799,1
1800,1
1801,1
1802,3
1803,1
1804,2
1805,10
1806,1
1807,2
1808,1
1809,26
1810,1
1811,1
1812,11
1813,1
1814,1
1815,12
1816,37
1817,1
1818,3
1819,1
1820,3
1821,2
1822,1
1823,2
1824,1
1825,2
1826,19
1827,4
1828,5
1829,1
1830,1
1831,2
1832,1
1833,1
1834,1
1835,3
1836,1
1837,1
1838,1
1839,1
1840,4
1841,1
1842,2
1843,18
1844,1
1845,1
1846,1
1847,1
1848,7
1849,2
1850,3
1851,1
1852,1
1853,2
1854,1
1855,1
1856,6
1857,4
1858,1
1859,24
1860,2
1861,6
1862,1
1863,2
1864,1
1865,2
1866,1
1867,1
1868,2
1869,1
1870,2
1871,1
1872,6
1873,40
1874,5
1875,1
1876,5
1877,1
1878,2
1879,3
1880,1
1881,6
1882,2
1883,1
1884,1
1885,1
1886,2
1887,2
1888,3
1889,1
1890,1
1891,1
1892,1
1893,1
1894,1
1895,1
1896,1
1897,1
1898,1
1899,1
1900,1
1901,12
1902,1
1903,1
1904,2
1905,1
1906,4
1907,2
1908,2
1909,1
1910,1
1911,1
1912,9
1913,1
1914,1
1915,2
1916,1
1917,1
1918,8
1919,7
1920,1
1921,1
1922,3
1923,2
1924,35
1925,1
1926,2
1927,1
1928,4
1929,2
1930,3
1931,1
1932,1
1933,2
1934,2
1935,11
1936,1
1937,1
1938,1
1939,1
1940,1
1941,1
1942,1
1943,1
1944,1
1945,1
1946,3
1947,1
1948,1
1949,3
1950,16
1951,3
1952,2
1953,1
1954,1
1955,3
1956,1
1957,2
1958,1
1959,2
1960,1
1961,6
1962,1
1963,1
1964,1
1965,1
1966,1
1967,1
1968,1
1969,1
1970,1
1971,1
1972,1
1973,7
1974,1
1975,2
1976,2
1977,1
1978,1
1979,1
1980,1
1981,2
1982,2
1983,1
1984,1
1985,1
1986,1
1987,1
1988,1
1989,2
1990,1
1991,1
1992,2
1993,1
1994,2
1995,1
1996,1
1997,1
1998,3
1999,1
2000,1
2001,9
2002,1
2003,1
2004,1
2005,1
2006,2
2007,1
2008,3
2009,5
2010,1
2011,1
2012,1
2013,1
2014,2
2015,1
2016,1
2017,2
2018,3
2019,2
2020,1
2021,8
2022,5
2023,1
2024,1
2025,9
2026,1
2027,1
2028,1
2029,1
2030,1
2031,1
2032,5
2033,1
2034,1
2035,1
2036,1
2037,2
2038,3
2039,1
2040,9
2041,1
2042,3
2043,1
2044,2
2045,2
2046,1
2047,1
2048,2
2049,1
2050,2
2051,1
2052,1
2053,1
2054,8
2055,3
2056,2
2057,21
2058,5
2059,9
2060,1
2061,6
2062,1
2063,1
2064,33
2065,1
2066,2
2067,6
2068,2
2069,16
2070,1
2071,1
2072,1
2073,1
2074,2
2075,1
2076,1
2077,2
2078,2
2079,7
2080,37
2081,1
2082,1
2083,1
2084,2
2085,2
2086,52
2087,2
2088,1
2089,2
2090,3
2091,4
2092,1
2093,2
2094,1
2095,19
2096,3
2097,1
2098,1
2099,4
2100,1
2101,6
2102,1
2103,1
2104,1
2105,2
2106,4
2107,1
2108,1
2109,2
2110,1
2111,3
2112,5
2113,1
2114,1
2115,3
2116,3
2117,1
2118,2
2119,7
2120,1
2121,1
2122,1
2123,1
2124,5
2125,1
2126,1
2127,1
2128,1
2129,1
2130,17
2131,5
2132,1
2133,1
2134,1
2135,1
2136,2
2137,1
2138,2
2139,4
2140,2
2141,1
2142,2
2143,1
2144,1
2145,1
2146,1
2147,1
2148,2
2149,12
2150,1
2151,1
2152,1
2153,1
2154,40
2155,1
2156,2
2157,2
2158,1
2159,1
2160,2
2161,1
2162,2
2163,3
2164,2
2165,1
2166,10
2167,1
2168,1
2169,3
2170,1
2171,3
2172,2
2173,1
2174,1
2175,2
2176,1
2177,1
2178,1
2179,1
2180,1
2181,7
2182,7
2183,1
2184,1
2185,1
2186,1
2187,1
2188,1
2189,5
2190,1
2191,8
2192,11
2193,1
2194,1
2195,1
2196,1
2197,1
2198,1
2199,1
2200,1
2201,1
2202,1
2203,2
2204,1
2205,28
2206,1
2207,2
2208,2
2209,1
2210,2
2211,2
2212,1
2213,1
2214,1
2215,2
2216,1
2217,14
2218,2
2219,1
2220,1
2221,1
2222,16
2223,3
2224,3
2225,1
2226,1
2227,1
2228,1
2229,1
2230,4
2231,1
2232,5
2233,1
2234,3
2235,1
2236,1
2237,2
2238,13
2239,1
2240,1
2241,1
2242,1
2243,1
2244,3
2245,3
2246,33
2247,1
2248,2
2249,1
2250,9
2251,1
2252,3
2253,2
2254,2
2255,2
2256,1
2257,1
2258,1
2259,1
2260,1
2261,1
2262,1
2263,1
2264,1
2265,5
2266,1
2267,1
2268,2
2269,1
2270,1
2271,1
2272,2
2273,2
2274,2
2275,1
2276,5
2277,12
2278,3
2279,1
2280,2
2281,1
2282,1
2283,1
2284,3
2285,1
2286,1
2287,1
2288,1
2289,1
2290,1
2291,1
2292,1
2293,1
2294,3
2295,1
2296,1
2297,1
2298,4
2299,1
2300,1
2301,1
2302,1
2303,2
2304,1
2305,1
2306,1
2307,1
2308,1
2309,1
2310,2
2311,1
2312,1
2313,2
2314,8
2315,1
2316,21
2317,3
2318,1
2319,3
2320,1
2321,4
2322,2
2323,1
2324,1
2325,1
2326,6
2327,1
2328,1
2329,1
2330,3
2331,1
2332,1
2333,1
2334,2
2335,1
2336,1
2337,2
2338,2
2339,1
2340,1
2341,1
2342,1
2343,18
2344,1
2345,1
2346,1
2347,1
2348,5
2349,1
2350,1
2351,1
2352,1
2353,1
2354,1
2355,2
2356,3
2357,1
2358,1
2359,1
2360,2
2361,2
2362,2
2363,1
2364,3
2365,1
2366,1
2367,1
2368,3
2369,1
2370,1
2371,1
2372,1
2373,1
2374,1
2375,1
2376,1
2377,1
2378,1
2379,1
2380,1
2381,1
2382,2
2383,1
2384,3
2385,1
2386,2
2387,1
2388,2
2389,1
2390,1
2391,1
2392,1
2393,1
2394,2
2395,3
2396,1
2397,1
2398,1
2399,2
2400,1
2401,1
2402,1
2403,1
2404,1
2405,1
2406,1
2407,1
2408,3
2409,1
2410,1
2411,1
2412,3
2413,1
2414,1
2415,1
2416,1
2417,1
2418,1
2419,3
2420,1
2421,1
2422,1
2423,2
2424,1
2425,31
2426,1
2427,1
2428,3
2429,1
2430,38
2431,6
2432,1
2433,1
2434,1
2435,1
2436,1
2437,1
2438,1
2439,1
2440,2
2441,1
2442,1
2443,2
2444,1
2445,1
2446,1
2447,1
2448,1
2449,1
2450,8
2451,2
2452,1
2453,1
2454,2
2455,1
2456,2
2457,1
2458,2
2459,1
2460,1
2461,1
2462,2
2463,2
2464,1
2465,1
2466,30
2467,1
2468,7
2469,1
2470,1
2471,4
2472,1
2473,2
2474,1
2475,1
2476,1
2477,1
2478,1
2479,11
2480,1
2481,2
2482,2
2483,1
2484,1
2485,1
2486,1
2487,2
2488,1
2489,3
2490,2
2491,1
2492,1
2493,2
2494,11
2495,1
2496,1
2497,1
2498,23
2499,1
2500,1
2501,1
2502,1
2503,1
2504,1
2505,1
2506,1
2507,2
2508,1
2509,1
2510,1
2511,1
2512,1
2513,2
2514,3
2515,25
2516,1
2517,1
2518,3
2519,2
2520,1
2521,1
2522,1
2523,1
2524,2
2525,1
2526,4
2527,2
2528,34
2529,3
2530,1
2531,1
2532,1
2533,1
2534,1
2535,1
2536,1
2537,1
2538,2
2539,2
2540,4
2541,1
2542,2
2543,4
2544,1
2545,1
2546,1
2547,2
2548,1
2549,1
2550,1
2551,1
2552,1
2553,1
2554,1
2555,4
2556,1
2557,1
2558,1
2559,1
2560,1
2561,1
2562,1
2563,1
2564,1
2565,12
2566,1
2567,1
2568,2
2569,2
2570,3
2571,1
2572,1
2573,1
2574,1
2575,1
2576,1
2577,10
2578,1
2579,4
2580,1
2581,12
2582,4
2583,1
2584,1
2585,1
2586,1
2587,1
2588,10
2589,1
2590,1
2591,2
2592,2
2593,1
2594,6
2595,2
2596,1
2597,2
2598,1
2599,1
2600,1
2601,2
2602,1
2603,1
2604,1
2605,1
2606,1
2607,2
2608,1
2609,1
2610,1
2611,1
2612,1
2613,3
2614,1
2615,1
2616,21
2617,1
2618,2
2619,2
2620,5
2621,1
2622,2
2623,1
2624,1
2625,1
2626,1
2627,1
2628,1
2629,6
2630,1
2631,2
2632,1
2633,6
2634,2
2635,2
2636,1
2637,1
2638,22
2639,1
2640,1
2641,2
2642,1
2643,1
2644,1
2645,1
2646,9
2647,1
2648,1
2649,1
2650,1
2651,1
2652,2
2653,1
2654,1
2655,1
2656,2
2657,1
2658,14
2659,1
2660,1
2661,2
2662,2
2663,5
2664,1
2665,1
2666,2
2667,1
2668,1
2669,6
2670,1
2671,1
2672,1
2673,1
2674,2
2675,1
2676,2
2677,1
2678,1
2679,7
2680,1
2681,2
2682,1
2683,2
2684,1
2685,1
2686,1
2687,3
2688,1
2689,1
2690,4
2691,1
2692,1
2693,2
2694,2
2695,1
2696,1
2697,1
2698,2
2699,1
2700,28
2701,1
2702,1
2703,1
2704,1
2705,1
2706,2
2707,2
2708,1
2709,1
2710,1
2711,1
2712,2
2713,1
2714,1
2715,1
2716,2
2717,2
2718,3
2719,1
2720,2
2721,1
2722,1
2723,1
2724,1
2725,4
2726,1
2727,1
2728,1
2729,1
2730,7
2731,1
2732,1
2733,1
2734,1
2735,1
2736,1
2737,1
2738,1
2739,2
2740,1
2741,1
2742,1
2743,1
2744,1
2745,13
2746,1
2747,1
2748,1
2749,1
2750,2
2751,1
2752,1
2753,2
2754,1
2755,1
2756,9
2757,1
2758,1
2759,1
2760,2
2761,1
2762,2
2763,1
2764,1
2765,7
2766,2
2767,1
2768,2
2769,2
2770,1
2771,1
2772,1
2773,1
2774,1
2775,1
2776,1
2777,11
2778,1
2779,1
2780,1
2781,1
2782,2
2783,1
2784,1
2785,1
2786,2
2787,10
2788,2
2789,1
2790,7
2791,2
2792,1
2793,2
2794,1
2795,2
2796,1
2797,1
2798,4
2799,1
2800,1
2801,1
2802,1
2803,1
2804,1
2805,1
2806,1
2807,1
2808,2
2809,1
2810,1
2811,1
2812,1
2813,1
2814,1
2815,1
2816,20
2817,1
2818,1
2819,2
2820,1
2821,2
2822,1
2823,1
2824,2
2825,15
2826,1
2827,1
2828,5
2829,1
2830,1
2831,1
2832,1
2833,1
2834,1
2835,1
2836,1
2837,1
2838,10
2839,1
2840,1
2841,1
2842,2
2843,1
2844,1
2845,1
2846,1
2847,3
2848,3
2849,1
2850,2
2851,1
2852,3
2853,1
2854,1
2855,1
2856,1
2857,1
2858,1
2859,7
2860,1
2861,1
2862,1
2863,1
2864,1
2865,1
2866,1
2867,1
2868,1
2869,1
2870,1
2871,1
2872,18
2873,1
2874,1
2875,2
2876,1
2877,1
2878,1
2879,1
2880,1
2881,1
2882,1
2883,1
2884,1
2885,1
2886,2
2887,1
2888,1
2889,2
2890,1
2891,2
2892,1
2893,1
2894,1
2895,1
2896,1
2897,1
2898,1
2899,1
2900,1
2901,1
2902,1
2903,3
2904,2
2905,1
2906,1
2907,1
2908,2
2909,1
2910,1
2911,1
2912,1
2913,3
2914,1
2915,1
2916,1
2917,2
2918,1
2919,2
2920,1
2921,1
2922,1
2923,1
2924,1
2925,1
2926,1
2927,10
2928,2
2929,15
2930,1
2931,1
2932,2
2933,1
2934,3
2935,8
2936,1
2937,1
2938,1
2939,3
2940,3
2941,2
2942,1
2943,2
2944,1
2945,1
2946,1
2947,1
2948,1
2949,1
2950,1
2951,1
2952,9
2953,1
2954,1
2955,1
2956,1
2957,2
2958,1
2959,1
2960,1
2961,1
2962,1
2963,1
2964,6
2965,1
2966,1
2967,1
2968,1
2969,1
2970,1
2971,1
2972,1
2973,1
2974,1
2975,1
2976,1
2977,3
2978,2
2979,1
2980,1
2981,1
2982,1
2983,1
2984,1
2985,1
2986,1
2987,1
2988,1
2989,1
2990,1
2991,1
2992,1
2993,1
2994,1
2995,1
2996,1
2997,1
2998,1
2999,1
3000,1
3001,1
3002,1
3003,1
3004,1
3005,1
3006,2
3007,2
3008,1
3009,1
3010,3
3011,1
3012,17
3013,2
3014,6
3015,1
3016,1
3017,1
3018,3
3019,1
3020,1
3021,1
3022,1
3023,1
3024,1
3025,2
3026,1
3027,1
3028,1
3029,1
3030,1
3031,1
3032,11
3033,1
3034,1
3035,10
3036,1
3037,1
3038,1
3039,1
3040,1
3041,4
3042,1
3043,1
3044,3
3045,1
3046,1
3047,1
3048,1
3049,1
3050,1
3051,13
3052,1
3053,2
3054,1
3055,2
3056,1
3057,1
3058,1
3059,1
3060,1
3061,11
3062,1
3063,5
3064,1
3065,1
3066,1
3067,7
3068,1
3069,1
3070,2
3071,1
3072,1
3073,1
3074,2
3075,1
3076,1
3077,1
3078,2
3079,1
3080,1
3081,1
3082,1
3083,1
3084,1
3085,1
3086,1
3087,2
3088,1
3089,1
3090,1
3091,1
3092,1
3093,1
3094,1
3095,1
3096,2
3097,1
3098,1
3099,3
3100,1
3101,1
3102,1
3103,1
3104,1
3105,1
3106,1
3107,1
3108,1
3109,1
3110,1
3111,1
3112,1
3113,1
3114,1
3115,1
3116,1
3117,1
3118,1
3119,1
3120,1
3121,1
3122,1
3123,1
3124,1
3125,1
3126,1
3127,1
3128,1
3129,10
3130,1
3131,1
3132,1
3133,1
3134,1
3135,1
3136,1
3137,1
3138,1
3139,1
3140,1
3141,1
3142,1
3143,1
3144,1
3145,1
3146,1
3147,1
3148,1
3149,1
3150,1
3151,1
3152,1
3153,1
3154,1
3155,1
3156,1
3157,2
3158,1
3159,1
3160,1
3161,1
3162,1
3163,1
3164,1
3165,1
3166,2
3167,1
3168,1
3169,1
3170,1
3171,1
3172,1
3173,1
3174,1
3175,1
3176,2
3177,1
3178,1
3179,1
3180,1
3181,1
3182,1
3183,1
3184,1
3185,1
3186,2
3187,1
3188,1
3189,7
3190,1
3191,2
3192,3
3193,1
3194,9
3195,1
3196,1
3197,1
3198,1
3199,1
3200,1
3201,1
3202,1
3203,2
3204,1
3205,1
3206,1
3207,1
3208,2
3209,1
3210,1
3211,1
3212,4
3213,1
3214,1
3215,1
3216,1
3217,1
3218,2
3219,1
3220,1
3221,1
3222,1
3223,1
3224,1
3225,1
3226,1
3227,1
3228,1
3229,1
3230,1
3231,1
3232,1
3233,1
3234,1
3235,1
3236,1
3237,1
3238,1
3239,1
3240,1
3241,1
3242,1
3243,1
3244,1
3245,1
3246,1
3247,1
3248,1
3249,1
3250,1
3251,1
3252,1
3253,3
3254,1
3255,1
3256,1
3257,1
3258,1
3259,1
3260,1
3261,1
3262,1
3263,1
3264,1
3265,2
3266,1
3267,1
3268,1
3269,1
3270,1
3271,1
3272,1
3273,1
3274,2
3275,1
3276,1
3277,2
3278,1
3279,1
3280,1
3281,1
3282,6
3283,1
3284,1
3285,1
3286,1
3287,1
3288,1
3289,1
3290,1
3291,1
3292,1
3293,1
3294,1
3295,1
3296,1
3297,2
3298,1
3299,1
3300,1
3301,1
3302,1
3303,1
3304,2
3305,1
3306,1
3307,1
3308,1
3309,1
3310,1
3311,1
3312,1
3313,1
3314,1
3315,3
3316,1
3317,1
3318,1
3319,1
3320,1
3321,1
3322,1
3323,1
3324,2
3325,1
3326,1
3327,1
3328,1
3329,1
3330,1
3331,1
3332,1
3333,2
3334,1
3335,1
3336,1
3337,1
3338,1
3339,1
3340,1
3341,1
3342,1
3343,1
3344,1
3345,1
3346,2
3347,1
3348,1
3349,1
3350,1
3351,1
3352,1
3353,1
3354,1
3355,1
3356,1
3357,1
3358,1
3359,1
3360,1
3361,1
3362,1
3363,1
3364,1
3365,1
3366,1
3367,1
3368,1
3369,1
3370,1
3371,1
3372,1
3373,1
3374,2
3375,2
3376,1
3377,1
3378,1
3379,1
3380,2
3381,1
3382,1
3383,1
3384,1
3385,1
3386,1
3387,1
3388,1
3389,4
3390,1
3391,1
3392,1
3393,1
3394,1
3395,1
3396,1
3397,1
3398,1
3399,1
3400,1
3401,2
3402,1
3403,1
3404,1
3405,1
3406,1
3407,1
3408,1
3409,1
3410,1
3411,1
3412,1
3413,1
3414,1
3415,1
3416,1
3417,1
3418,1
3419,1
3420,1
3421,1
3422,1
3423,1
3424,1
3425,1
3426,1
3427,1
3428,1
3429,1
3430,1
3431,1
3432,1
3433,1
3434,4
3435,1
3436,1
3437,1
3438,1
3439,1
3440,1
3441,1
3442,1
3443,1
3444,1
3445,1
3446,1
3447,2
3448,1
3449,1
3450,1
3451,1
3452,1
3453,1
3454,1
3455,1
3456,1
3457,1
3458,1
3459,1
3460,1
3461,1
3462,1
3463,1
3464,1
3465,1
3466,1
3467,1
3468,1
3469,1
3470,1
3471,1
3472,1
3473,1
3474,1
3475,1
3476,1
3477,1
3478,1
3479,1
3480,1
3481,1
3482,1
3483,1
3484,1
3485,1
3486,1
3487,1
3488,1
3489,1
3490,1
3491,1
3492,1
3493,1
3494,1
3495,1
3496,1
3497,1
3498,1
