780874,1
4349368,2
742163,1
4171693,1
4113742,1
3611664,1
3611666,1
3841831,1
3840838,0
3611093,1
3611091,1
3611545,1
3611096,1
3611094,2
3611808,1
3611202,1
1174687,2
3611203,2
4211317,1
6069503,1
4111792,2
3839519,2
3840477,1
780523,1
781277,1
74018,1
780879,1
3839451,2
3611488,2
720941,1
3837978,1
780095,4
4147342,2
3610543,0
3611205,2
3611481,2
3840278,1
6186855,1
3611719,2
3611249,1
3611715,1
3611716,1
3611726,0
3612134,1
3611712,1
780850,0
3611935,1
780852,2
780853,0
780854,2
780855,3
780856,1
780857,3
780858,2
780859,1
780676,7
780179,9
3840511,2
3841792,2
3841010,2
744910,3
4472887,1
5079940,2
3610825,2
4367472,2
780845,2
778234,11
3840153,2
3840156,2
780842,4
3611029,1
4112089,2
3611022,1
3611021,1
707518,1
4459628,2
3611024,1
3840609,1
4109585,0
5668427,1
3839773,1
578371,2
3841338,1
3841336,2
3841333,0
3611116,2
3841563,2
780320,2
729262,0
3065072,0
751352,1
3611118,1
3841649,1
780803,3
780759,2
780691,1
780757,2
780756,4
780755,28
780754,4
780753,4
780752,0
780698,0
303001,1
778850,0
780740,1
780805,1
3611684,2
3611685,0
3611682,1
3611680,1
493297,4
3611942,1
2842753,1
3841206,2
629827,5
3611751,1
3611753,2
3611204,1
3840942,2
3611097,1
2855270,2
4313797,1
3611619,2
3611618,2
777819,5
779461,2
3611876,1
780038,6
669660,1
3840096,2
3841116,1
3841110,2
780737,1
3611477,0
3611473,2
3841299,2
780825,5
3841297,2
4147276,1
3611478,0
3841290,1
780739,2
780624,1
741152,1
780789,3
4110340,1
780784,3
780785,0
780786,3
780787,0
780780,1
780781,0
780782,0
780783,3
4257561,2
3839736,2
778886,1
780140,4
4148759,1
3839630,1
3845188,2
780814,0
780815,0
780816,1
780817,2
780810,4
780811,3
5743343,2
780813,5
780818,4
780819,1
4183057,2
780826,33
726444,1
780776,3
780735,9
2853029,2
4388489,2
780713,1
3840737,1
3611158,2
3841609,2
780716,1
3611152,1
3611153,2
3841607,2
3611018,1
3611155,1
668103,1
3840634,0
3840630,2
3611925,1
4677332,2
780399,1
4391178,1
777378,3
5718280,2
3841240,2
738279,1
4106988,2
3840273,2
3840272,0
780766,3
780767,1
468600,9
780765,4
780762,3
5188233,1
3611129,1
3611551,2
3611125,2
3611124,2
4145918,2
3611558,2
780769,3
3611484,1
3611081,1
3611082,2
689732,6
3611085,1
3611087,1
3837411,0
779751,2
4096698,2
4153644,2
3839685,2
3840463,1
780751,1
3840465,1
3842002,1
777219,16
487383,2
779284,4
3839443,1
3612123,1
5353579,2
3611888,1
3840268,2
725512,1
4577485,2
3611239,2
753201,1
4139561,2
3611233,0
402023,0
3611231,1
3611230,2
3611236,2
169881,13
3611743,2
4105350,2
780849,5
780848,3
780847,4
780846,5
4142664,2
780844,7
780843,1
3726826,2
780841,3
780840,1
3611740,1
3612133,1
780062,1
780906,1
3840411,2
4132425,0
3611744,2
731346,0
3839836,1
3838490,1
4968612,2
780851,5
4110574,1
88917,1
6171286,1
780518,5
4725415,1
3611746,2
780201,2
779689,1
2839678,2
780610,2
3841730,1
3839709,1
3838798,0
780195,0
5611128,1
780778,0
4108763,1
3921051,1
3825417,0
3929121,0
3838467,2
3611160,2
3840138,1
3841653,1
4137008,1
739855,1
4115553,1
5104,3
780869,1
780684,2
3611519,1
3611048,1
780680,1
4094273,2
780682,2
780721,1
780689,4
780688,1
3611042,1
780725,9
3611622,2
4086217,2
778134,3
3841970,1
3841827,2
780868,1
3036397,2
3612040,1
3841195,2
779710,1
777391,4
3143591,0
779929,9
676085,5
3611606,2
3840180,1
3611602,2
3611603,2
3611600,2
3611601,0
3841818,2
3611764,2
3611762,1
4449281,2
3611569,1
3611563,2
3838729,2
780812,4
780774,5
779018,0
3838726,1
3611649,2
4823160,1
779760,1
4479213,1
3611461,1
3839878,1
732355,2
405661,4
780896,1
3611265,2
3840925,2
3611267,1
4374371,2
4111055,2
3611268,1
224319,6
284764,0
780799,5
780798,3
780872,1
780873,1
780870,1
780793,3
780792,1
780791,2
780659,1
780797,2
780796,21
780795,2
780794,3
3841774,1
780159,3
3611791,2
6148605,1
4118657,2
106788,9
4115851,2
780802,3
780801,3
780800,3
780807,3
780806,1
3611284,1
780804,1
669624,2
780809,3
780808,5
708198,9
780686,2
4106192,2
779611,2
3841612,2
941570,1
3841611,2
3838515,2
3840587,1
780499,2
712530,7
4478820,2
5469592,2
3611040,1
776589,1
780727,3
780571,1
3840010,0
780577,3
51697,0
3031968,1
2852044,2
4279894,2
780775,3
3611522,2
780777,1
3840047,2
780771,2
780770,5
780773,3
780772,2
3611642,2
3611643,2
780779,0
780477,0
3611132,1
6132243,2
3840696,1
4138778,2
779444,2
2848625,1
3611441,1
3705975,0
3611736,1
263310,1
3840255,2
4110462,1
780500,8
3840256,2
4139916,2
4109160,2
3611445,2
4379627,1
3611183,1
3611182,1
3611446,2
4111645,2
719829,1
3611633,2
3611225,1
3611631,2
3611630,2
3838712,2
780838,5
780839,0
3838714,1
780832,4
780833,5
775892,1
780831,0
780836,5
780837,8
780834,6
780835,12
210014,0
703140,2
3611234,1
4153195,2
4487666,1
3839826,2
1112058,2
4109074,1
3611026,1
780790,2
3611355,0
3611821,0
3839294,2
3611453,1
4108171,1
3611025,1
5115007,2
780229,1
3611455,2
3611454,2
3839963,2
3839962,0
4111210,2
4117567,3
772711,2
863748,1
4129705,2
3854841,1
780607,0
779657,1
3841045,2
5764096,1
3838786,2
3840939,2
3834164,1
776258,1
780286,2
780865,1
778170,1
4139498,2
780908,1
781129,1
780866,1
3840897,1
3611175,1
780861,2
3842442,1
780738,3
3840718,1
780863,1
3611229,2
3840714,1
780730,6
3611073,2
780732,0
3611075,1
780734,3
3611077,1
780736,2
778555,1
4163232,2
4103636,1
4116803,2
779279,3
3823637,2
4446329,0
29598,7
3839436,1
6127111,3
4450166,2
4106964,1
4920,3
3611221,2
732864,2
5374809,1
4110748,2
3611671,1
3611677,1
4092768,2
3611674,1
727888,4
732554,1
780540,7
3611776,2
3611777,2
733029,6
776546,0
701464,4
3611574,2
3838884,2
4082135,1
4248068,2
4116734,2
4127009,2
3611813,2
3839124,2
3611814,2
3838145,1
4135897,2
780882,1
780881,2
780880,1
689312,1
3840934,2
4429395,2
3611256,2
763177,0
780830,1
780641,1
780864,1
780643,0
3839887,1
780645,1
780860,2
2842078,2
3839883,2
780649,1
779692,2
780764,1
3611928,1
780168,2
779051,1
3611859,1
3838744,1
780088,0
780164,2
780763,1
780760,4
3841002,1
780761,2
3838130,1
780325,4
3611958,1
780344,2
4140667,0
3611110,2
3611122,1
4105862,2
3611039,1
780768,5
780268,2
3611035,0
3611030,1
3611032,1
3840124,2
779591,0
611026,0
5058869,2
777624,1
751827,2
780697,0
4083470,1
780788,2
4385972,2
3841577,2
2852152,0
4148853,2
170829,2
604244,1
780741,1
780742,2
780743,1
4007955,0
780747,1
780748,1
780749,1
3611103,1
3611102,1
3611101,2
3611106,1
4218848,1
3842478,1
3611056,1
3840685,1
2854740,2
4495962,1
3611697,2
777374,4
3611053,1
1014801,2
4256878,1
741354,1
3611130,1
3611052,1
663299,1
3611051,1
3840485,1
3840486,2
780750,2
3840480,1
3840482,2
4139844,2
4172740,1
3611216,2
3611211,2
3611210,1
3611745,2
3611212,0
3866491,2
731345,0
415891,1
731347,0
3611585,2
3611079,1
4112441,2
3611620,2
3611621,2
3611190,1
3611623,2
780829,4
780828,2
4117924,1
780043,12
780821,5
780820,5
780823,3
780822,4
4074017,1
780824,10
780827,5
531141,1
579074,1
5381441,0
776257,1
4167376,1
3838074,1
3611829,1
780731,0
2850519,1
3839995,2
3611448,2
3611449,2
4179736,1
4139628,2
3611442,1
5762400,1
3611444,1
4237712,1
780758,5
3611038,1
4140580,2
579240,6
3840020,1
3839979,1
780387,3
773009,1
3840659,2
3837663,0
2837960,2
5585227,2
778204,1
3841057,2
2836504,2
3839645,1
3839643,2
4269613,1
6154959,2
3611070,0
3839419,2
1372502,0
4129600,1
3840111,2
4230152,2
3611741,1
3611066,1
780705,2
780745,2
3611062,2
3841635,1
780702,1
3611069,2
778804,1
743905,2
3838533,2
6042427,0
762350,0
