0,4
1,5
2,5
3,7
4,0
5,3
6,4
7,1
8,5
9,0
10,3
11,5
12,2
13,4
14,5
15,1
16,4
17,4
18,4
19,3
20,1
21,5
22,2
23,4
24,2
25,1
26,2
27,6
28,4
29,6
30,3
31,3
32,4
33,3
34,5
35,3
36,3
37,2
38,5
39,6
40,4
41,1
42,3
43,2
44,3
45,3
46,5
47,2
48,1
49,0
50,1
51,1
52,3
53,4
54,1
55,3
56,1
57,2
58,1
59,3
60,1
61,3
62,1
63,3
64,3
65,4
66,0
67,4
68,5
69,2
70,1
71,1
72,4
73,2
74,2
75,0
76,1
77,3
78,6
79,3
80,7
81,1
82,0
83,1
84,0
85,9
86,1
87,2
88,1
89,3
90,0
91,1
92,0
93,2
94,0
95,0
96,2
97,1
98,1
99,1
100,0
101,6
102,1
103,4
104,4
105,1
106,2
107,3
108,1
109,0
110,2
111,3
112,1
113,0
114,2
115,0
116,1
117,3
118,4
119,1
120,0
121,7
122,3
123,2
124,2
125,1
126,3
127,1
128,2
129,1
130,4
131,2
132,3
133,0
134,1
135,2
136,9
137,2
138,3
139,1
140,0
141,2
142,1
143,1
144,2
145,2
146,1
147,0
148,0
149,0
150,2
151,0
152,2
153,3
154,1
155,4
156,2
157,1
158,2
159,0
160,1
161,4
162,2
163,1
164,4
165,0
166,0
167,0
168,0
169,1
170,0
171,7
172,1
173,1
174,3
175,2
176,2
177,2
178,0
179,0
180,1
181,0
182,1
183,0
184,2
185,5
186,1
187,2
188,4
189,0
190,0
191,1
192,2
193,1
194,0
195,4
196,1
197,1
198,0
199,0
200,4
201,1
202,0
203,0
204,4
205,1
206,2
207,1
208,2
209,1
210,3
211,1
212,0
213,0
214,2
215,0
216,1
217,5
218,0
219,2
220,8
221,0
222,1
223,3
224,0
225,0
226,0
227,2
228,0
229,1
230,2
231,3
232,0
233,1
234,1
235,0
236,2
237,1
238,0
239,0
240,1
241,2
242,1
243,0
244,1
245,2
246,4
247,0
248,1
249,1
250,0
251,1
252,0
253,1
254,0
255,0
256,5
257,1
258,2
259,0
260,1
261,3
262,2
263,0
264,0
265,0
266,1
267,2
268,1
269,2
270,1
271,1
272,2
273,1
274,2
275,1
276,5
277,0
278,1
279,1
280,2
281,2
282,1
283,6
284,1
285,0
286,0
287,0
288,1
289,0
290,0
291,1
292,1
293,1
294,0
295,1
296,1
297,1
298,0
299,1
300,2
301,5
302,0
303,2
304,0
305,1
306,0
307,0
308,1
309,0
310,1
311,0
312,2
313,1
314,0
315,1
316,11
317,1
318,1
319,1
320,0
321,1
322,5
323,4
324,2
325,0
326,0
327,7
328,2
329,0
330,0
331,3
332,0
333,4
334,0
335,0
336,0
337,0
338,2
339,1
340,0
341,2
342,0
343,0
344,1
345,0
346,0
347,0
348,2
349,0
350,0
351,1
352,3
353,7
354,0
355,2
356,0
357,0
358,0
359,0
360,4
361,1
362,0
363,0
364,0
365,0
366,0
367,2
368,1
369,0
370,0
371,0
372,0
373,3
374,0
375,1
376,2
377,0
378,0
379,0
380,0
381,0
382,0
383,0
384,5
385,0
386,1
387,0
388,0
389,0
390,0
391,1
392,0
393,0
394,5
395,1
396,1
397,0
398,8
399,1
400,0
401,1
402,5
403,0
404,0
405,0
406,6
407,0
408,0
409,0
410,3
411,5
412,1
413,5
414,18
415,0
416,1
417,5
418,0
419,5
420,0
421,0
422,0
423,4
424,0
425,0
426,0
427,2
428,0
429,24
