781384,0
781382,0
3040806,0
781380,0
5753406,1
3616537,1
3616536,1
781367,1
781576,0
781366,1
3863357,1
3865086,1
5877062,1
3865324,1
3864013,1
5647402,1
3617230,1
4570121,1
5541931,1
776436,1
775686,1
629827,1
781273,1
781277,2
781276,1
781274,2
781278,1
3863036,1
781075,2
781074,3
781077,2
781379,0
781072,2
781372,0
3617020,1
781370,0
781371,0
781079,1
781078,1
2221972,1
169881,5
3865828,1
780919,1
3014264,1
780859,5
3865301,1
780672,2
3616710,1
3616713,1
3616715,1
3616714,1
3863720,0
3616651,1
781207,2
780981,1
744910,4
778500,2
779193,2
778506,1
5765864,1
3865459,1
4141788,1
3865852,1
778234,13
778231,1
3620855,0
3616871,2
779635,4
3866112,0
3864484,1
3864485,1
3863591,1
3616970,1
1538332,1
3616972,1
3862626,1
3862628,3
781311,5
781108,1
4633728,1
3866552,0
106788,16
3616757,1
3672668,0
781109,4
3866203,0
3614259,6
3864947,1
781107,6
751352,9
774700,2
780696,3
3617274,1
780691,1
6129726,1
3617278,1
3867862,0
3863503,1
762350,21
779709,1
3616690,1
3014197,1
493297,8
1229576,1
780712,2
3864638,1
563460,1
1372274,1
780528,1
4684255,1
6277377,1
6283424,1
3616573,1
777819,6
3616755,1
3616754,1
4655283,1
3616698,1
3616699,0
3616695,1
3616697,1
4216886,1
3616692,1
3616693,1
3616597,1
3616596,1
3616594,1
709989,5
3616590,1
3863762,1
3863761,1
3616598,1
781325,6
781324,2
781327,1
781326,1
781321,6
4969884,1
781323,22
781322,1
4693236,1
781329,3
781328,3
781244,4
779098,1
4722918,1
780624,2
781089,1
3017621,1
3616621,1
3616620,1
3616625,1
3616938,1
780148,1
732317,5
3616629,1
3616934,1
778886,4
3616936,1
3616931,1
3616933,1
781320,1
3617058,1
3617055,1
3617054,1
3617057,1
3617056,1
3617051,1
3617053,1
3617359,0
781242,4
2108212,1
3617681,0
3616810,1
3864964,1
3864967,1
780244,2
3861968,1
780718,1
3863547,1
3088058,2
3024331,1
3616806,1
4580434,1
3617123,1
3617122,1
3617125,1
3617127,1
3617126,1
53494,1
5749667,1
774730,3
3618329,0
1715037,1
4634594,1
4676905,1
3617228,1
3617226,1
3617227,1
3865902,1
689732,16
3617223,1
5601939,1
3044815,0
531141,1
781377,0
3617138,1
781289,4
781286,1
781287,3
781284,5
3617139,1
3023891,1
781368,0
3865569,1
781361,1
781360,12
781363,2
5653537,1
781365,2
781364,3
6295551,1
3864661,1
3616524,1
3864012,1
3616522,1
3616523,1
4246441,1
3616529,1
4625772,1
1816162,1
780665,2
780840,2
3616702,1
3616703,1
3616701,1
3030667,1
781362,2
780999,38
712530,8
3863056,1
781218,1
4678604,1
6133474,1
4805132,1
6136606,1
3865045,1
3865041,1
3863587,1
3616961,1
780201,1
3616846,1
3616937,1
780610,1
3616842,1
781018,1
3864479,1
3617165,1
2061382,1
3867989,0
780140,1
3617368,0
3617364,0
3617363,0
3023344,1
780335,1
4686687,1
780179,3
6141212,1
5402840,1
5104,9
780684,2
580301,1
3865197,1
780725,10
2195874,1
3617467,0
3865788,1
3616996,1
3616994,1
5007460,0
779710,5
10476,8
3617358,0
3865439,1
781415,0
3617052,1
779921,1
3864051,1
3865344,1
3862274,1
3865340,1
3617216,1
3616568,1
3617214,1
3617213,1
3864292,1
3617211,1
3617210,1
3616562,1
3616561,1
3865876,1
3616742,1
779406,2
3020642,1
3020095,1
780777,2
3616760,1
3616585,1
4704363,1
3616589,1
781310,1
781258,2
781312,3
781313,6
781314,3
3864652,1
781316,6
781317,2
781318,4
781319,0
3619365,0
3035626,1
780893,1
3024600,1
775108,1
780876,1
780877,2
5985652,1
3863904,1
3816116,0
780797,5
867435,0
780878,2
3616736,1
3864431,1
3616929,1
780159,2
3616731,1
3616924,1
3616925,1
3617048,1
3862539,1
781348,2
3617040,1
145349,1
3617046,1
3617047,1
3617045,1
5243421,1
3825518,1
4664876,1
3862554,1
4768112,0
4628089,1
3865399,1
3865394,1
3865390,1
5450629,1
3616815,1
780274,2
3043375,0
3865153,1
738090,2
3617134,1
3617135,1
3617133,1
3616959,1
3616958,1
3616956,1
3862114,1
3616953,1
3862059,1
3616950,1
4688891,1
3617034,1
3617033,1
3617031,1
781234,4
6210481,1
3617000,1
2024110,1
777991,1
4701577,1
3862337,1
5099,1
6172427,1
780776,14
3865932,1
781687,0
3863277,1
3041555,0
4657338,1
3617253,1
3617252,1
3617251,1
3617250,1
3617255,1
3617254,1
3863723,1
3032880,1
779444,2
781354,1
781355,2
781356,2
781357,2
781350,3
781351,1
3865573,1
781353,2
781294,2
781297,1
781358,4
781359,1
781293,2
781292,4
781195,1
3864992,1
781058,1
4646919,1
778170,3
781061,2
3865378,1
3616557,1
62691,1
4680923,1
719829,2
3616558,1
781305,6
781298,5
781352,2
775892,2
4694836,1
779381,1
4695759,1
210014,1
3865412,1
781069,1
781221,2
3862516,1
781291,2
571484,3
781290,2
565146,2
5494648,1
392188,1
3616789,1
4684151,1
781299,1
3865057,1
3616607,1
3616606,1
738198,1
779151,2
3616916,1
3863933,1
760256,10
3863937,1
3616609,1
778317,3
3617075,1
3866003,1
3860947,1
781191,1
3866009,1
3589129,1
3617175,1
3616971,1
780282,1
3617434,0
773845,1
781126,2
781125,4
781124,3
781123,4
781122,4
3864945,1
781120,9
781085,1
781082,1
780303,1
4669772,1
3866266,0
780307,3
3865020,1
4709101,1
3865181,1
3897976,1
3616982,1
773445,3
4666226,1
3864795,1
3866509,0
3866508,0
4920,34
781014,3
3313006,0
3616559,1
3864043,1
727888,1
2157211,1
3865330,1
3862260,1
6025576,1
733029,11
5029343,1
3617205,1
3617206,1
3617203,1
405661,2
3859732,1
4587754,1
3014088,1
781264,3
781267,1
3019090,1
781335,0
3617148,1
3863020,1
4684725,1
3861972,0
781309,2
781308,4
781307,2
781306,28
4734506,0
781304,5
781303,1
689312,22
781301,1
781300,3
780645,5
710378,3
780901,2
780907,1
3865421,1
3616643,1
3616728,1
780165,1
3862647,1
3617332,0
1324185,1
3862649,1
2090169,1
781330,3
3862218,1
3865388,1
780347,1
3865069,1
3865386,1
781166,6
3865384,1
691721,1
3866109,0
3616869,1
3866100,0
3862216,1
3616948,1
3616744,1
3863603,1
3616944,1
3617149,1
3616947,1
3616940,1
611026,2
3862635,1
3862736,1
756291,1
3617021,1
3866548,0
3866460,0
6265229,1
735750,1
738279,1
781119,4
781112,3
781113,3
781110,4
781111,10
3866218,0
780747,2
3863366,1
5492164,1
3863361,1
3617249,1
4715035,1
3617242,1
4652294,1
3617245,1
3617247,1
777372,1
1583130,1
3617240,1
781343,3
781342,1
781341,3
781340,1
781347,2
781346,1
781345,25
781344,2
781349,3
3034440,1
3025373,1
4456278,1
3616542,1
3616638,1
3014172,1
6252311,1
3862090,1
5598501,1
4742104,0
3616689,1
3616688,1
3616686,1
5185640,1
3616682,1
780122,2
4643792,1
776258,2
776257,1
5089408,1
3616762,1
3616763,1
3616764,1
781315,2
781336,1
781337,4
781334,8
5968152,1
781332,5
781333,5
781239,2
781331,30
781237,21
4641409,1
781233,3
781338,0
781339,3
3863501,1
3031208,1
780221,1
780953,3
781255,4
780229,3
3026400,1
780387,2
3616614,1
3616617,1
3616611,1
3030763,1
3863921,1
5410376,1
3616619,1
653900,1
3788630,1
3617063,1
6104547,1
3866039,1
3617349,0
3617343,0
3617342,0
781155,1
781091,2
781094,4
4678477,1
775759,1
2353776,1
3617447,0
3616949,1
3616838,1
3617284,1
3863497,1
3862706,1
3617118,1
3037424,1
3616603,1
3617116,1
3617117,1
3616946,1
