631156,1
781879,1
781878,1
3652161,1
4014472,1
3630165,1
3651984,1
3652075,1
3652076,1
3652265,1
5926388,1
583180,1
3652254,1
624654,1
3985838,1
6276582,1
3652269,1
3988293,1
6194136,1
3652177,1
4014086,1
4013698,1
4014409,1
3652237,1
3652277,1
3652274,1
3652275,1
1940108,1
3652270,1
4013871,1
3652157,1
3988178,1
3652263,1
3652098,1
6296118,1
3070745,1
4262245,1
4747536,1
3982045,1
3652281,1
3652280,1
3652287,1
3652163,1
3652285,1
3652284,1
4014060,1
3652044,1
3652047,1
3652046,1
4014064,1
3652040,1
638926,1
636424,1
3652262,1
3652258,1
3641407,1
659455,1
3652259,1
782377,1
6166496,1
746623,1
3629502,1
4014274,1
4014265,1
4013106,1
633739,1
3988446,1
4014055,1
820950,1
2326933,1
637493,1
648599,1
3987437,1
1045759,1
3652250,1
3652041,1
3652291,1
3635912,1
3652117,1
4277375,1
3652115,1
3652297,1
3636685,1
3652053,1
1951661,1
3652118,1
3982885,1
3652054,1
4014298,1
3652251,1
3988327,1
4013845,1
3652160,1
3652218,1
3652219,1
3691374,1
3761609,1
4014145,1
3988075,1
4014262,1
3652211,1
639948,1
4014264,1
3652217,1
4013555,1
3646803,1
538006,1
3652241,1
3988259,1
649824,1
3982147,1
3652125,1
3652268,1
3652243,1
4452934,1
3652103,1
3652104,1
3652216,1
3652156,1
3652108,1
3611023,1
1152391,1
4013653,1
3652039,1
3652225,1
644340,1
3652221,1
3652223,1
3652222,1
3652025,1
3652024,1
3652023,1
3652228,1
3652021,1
3652020,1
1228026,1
2170958,1
1220397,1
4013949,1
3643006,1
1135811,1
5551689,1
3652239,1
4105182,1
4013709,1
781740,1
778555,1
3652174,1
3605816,1
3652309,1
4014033,1
664116,1
703140,1
3652134,1
4013621,1
632354,1
3652133,1
3652048,1
3988411,1
3652230,1
4013831,1
3652038,1
4014053,1
3652234,1
3652235,1
633864,1
4013838,1
3652037,1
3985602,1
1842198,1
6158848,1
668976,1
3986705,1
6061680,1
3652121,1
3989402,1
1126916,1
4013972,1
3982772,1
620141,1
662635,1
3628919,1
4013537,1
64334,1
4013535,1
4013534,1
865728,1
4014249,1
3652126,1
3652123,1
3652120,1
4014140,1
3652231,1
3652127,1
3652124,1
4013538,1
3652009,1
3984404,1
4155555,1
3652256,1
3652272,1
780720,1
3652005,1
52497,1
3652007,1
3652006,1
3652081,1
3652080,1
3652083,1
3652244,1
3652085,1
3652084,1
3652087,1
3652086,1
1215794,1
4014438,1
4249703,1
3651985,1
4013998,1
4013828,1
3652043,1
4013647,1
29886,1
4013549,1
3986974,1
5882565,1
3611104,1
3652017,1
3652012,1
3652013,1
3652010,1
4013995,1
661002,1
4013991,1
3652119,1
3652018,1
3652019,1
3652049,1
3652311,1
3652313,1
3652260,1
716829,1
629167,1
3652052,1
726444,1
3652152,1
3652151,1
4013529,1
4013854,1
6291421,1
3652257,1
643474,1
3651988,1
3652242,1
3982161,1
3652096,1
3652097,1
3652094,1
3652095,1
3652092,1
3652093,1
3652090,1
3652091,1
3984335,1
4014779,1
4013953,1
6132006,1
4014161,1
4014487,1
637992,1
4014679,1
4013593,1
3984923,1
3267743,1
3652060,1
6221620,1
782341,1
4014007,1
3652109,1
3652055,1
4633489,1
4014239,1
670117,1
4014001,1
4013570,1
3652301,1
4013913,1
3652050,1
3652305,1
3652146,1
3986451,1
3652164,1
3652142,1
727117,1
3652261,1
3988432,1
3651998,1
3984354,1
4014419,1
626423,1
3652267,1
4014254,1
3651992,1
3651993,1
3651990,1
3651995,1
3651996,1
3651997,1
3652286,1
