3748076,1
624654,1
3966739,1
776848,1
776849,1
3965189,1
630880,1
776436,1
4489693,1
5861779,1
6162118,1
3965955,1
3965957,1
5784930,1
3965599,1
3965592,1
781375,1
5665193,1
3964977,1
733302,1
637493,1
571921,1
763651,1
754439,1
3641146,1
3641140,1
3965520,1
781611,1
636015,1
766103,1
5118110,1
5857476,1
362333,1
634731,1
782311,1
782310,1
782312,1
3965780,1
1864997,1
3746472,1
782301,1
3752432,1
4704954,1
3754542,1
3967079,1
3965712,1
4383098,1
3966069,2
3965984,1
1845675,1
3966316,1
3966250,1
2893323,1
3966506,1
3641102,1
5862707,1
1266240,1
3965562,1
3966661,1
3965214,1
3642034,1
636424,1
1858762,1
750550,1
3752450,1
646450,1
3640953,1
3640954,1
3640955,1
3640959,1
778076,1
3641039,1
3641035,1
3641036,1
3641037,1
3641031,1
3966982,1
3966986,1
3966985,1
678207,1
782212,1
3966913,1
3966912,1
5603267,1
3966139,1
3965061,1
5085429,1
541128,1
3967033,1
780560,1
1908103,1
781562,1
1407122,1
3863340,1
3966049,1
466547,1
3748545,1
5703046,1
1677821,1
5687126,1
3744770,1
5783211,1
782097,1
4085773,1
624824,1
639948,1
645184,1
3966184,1
3966438,1
3966945,1
3966941,1
633739,1
3965538,1
623014,1
3965530,1
5802311,1
5576165,1
3965027,1
632354,1
5650821,1
3640927,1
782148,1
5695198,1
1708053,1
3966766,1
3744945,1
3965655,1
782244,1
3752415,1
3756483,1
3966009,1
679459,1
3744518,1
3965927,1
777250,1
3754554,1
5853135,1
3965845,1
779921,1
3965488,1
5700979,1
5693186,1
3965994,1
3965998,1
3966306,1
3641138,1
3747998,1
3754528,1
635384,1
3754844,1
766868,1
3749303,1
626423,1
3965772,1
781877,1
1851059,1
781704,1
766390,1
5560482,1
3965336,1
3966872,1
782021,1
781675,1
781671,1
3745018,1
3745787,1
669992,1
3966120,1
3966126,1
713808,1
782294,1
782290,1
782291,1
782292,1
782293,1
762937,1
739746,1
3965801,1
3965806,1
680326,1
782279,1
3965602,1
3966754,1
3640985,1
3640984,1
3640982,1
781994,1
781990,1
781991,1
1867200,1
649824,1
3747591,1
3753322,1
699809,1
3748053,1
62691,1
768828,1
778555,1
3966446,1
210014,1
3641046,1
3641040,1
3641043,1
3641042,1
3966685,1
3966934,1
3965422,1
782137,1
620141,1
782136,1
662635,1
781631,1
782125,1
782120,1
3640937,1
778263,1
3750073,1
5822738,1
754435,1
1867581,1
665316,1
5610407,1
623466,1
781835,1
782154,1
5689034,1
3965642,1
782239,1
3965644,1
3745048,1
782237,1
3965082,1
629167,1
3746558,1
643474,1
3744506,1
3748799,1
3965933,1
3967018,1
3748066,1
666421,1
716222,1
761773,1
781498,1
3641129,1
3965943,1
3965941,1
3641120,1
3641126,1
3641124,1
3965589,1
3966645,1
689312,1
638926,1
5561365,1
3964994,1
782048,1
782042,1
3964949,1
668279,1
3640970,1
3640977,1
3640974,1
3965304,1
3641156,1
761412,1
3641151,1
3965515,1
3965513,1
623516,1
3964946,1
640624,1
617082,1
3215101,1
52497,1
752935,1
3746599,1
5723081,1
637992,1
1169779,1
3966377,1
782282,1
3641169,1
538006,1
3748104,1
782308,1
782309,1
3744922,1
782302,1
782303,1
782300,1
3744886,1
782306,1
782307,1
782305,1
3965639,1
5806395,1
5894223,1
3966747,1
3640994,1
781595,1
3746506,1
3965883,1
3965887,1
631156,1
583180,1
3754579,1
3754479,1
3744209,1
710116,1
4113782,1
3754222,1
1890332,1
775394,1
3966360,2
2056216,1
3641052,1
3641055,1
1898395,1
3966691,1
3966929,1
3965265,1
637126,1
3744625,1
781503,1
1438858,1
3745324,1
781730,1
782132,1
3640942,1
3640944,1
1851526,1
5803521,1
3641029,1
3641026,1
3641025,1
3641023,1
3641022,1
3641020,1
3641188,1
782009,1
766687,1
3753686,1
775108,1
3751386,1
3965444,1
3966148,1
675873,1
3746627,1
