629167,50.0
3914001,50.0
781879,600.0
781878,600.0
3998771,50.0
3071904,50.0
3648681,50.0
3648683,50.0
3648684,50.0
3648685,50.0
3648687,50.0
3648747,50.0
631859,100.0
3998695,50.0
4932286,50.0
3998539,50.0
782359,5049.88
3648868,50.0
3648869,50.0
3648905,50.0
3648904,50.0
3648617,50.0
3648902,50.0
3648901,50.0
3648597,50.0
3648860,50.0
3648753,50.0
3648862,50.0
3648863,50.0
3648865,50.0
3648866,50.0
3648867,50.0
3648692,50.0
3648661,50.0
3648820,50.0
627593,50.0
3648811,50.12
3913668,50.0
3648813,50.0
3910455,50.0
3648855,50.0
3648854,50.0
3648857,50.0
3648757,50.0
3648851,50.0
3648850,50.0
3648853,50.0
3648852,50.0
782368,100.0
3648809,50.0
3911266,50.0
3997304,50.0
3997491,50.0
638926,50.0
3781521,50.0
3648601,50.0
3648602,50.0
3648672,50.0
3648604,50.0
3648605,50.0
3648606,50.0
3648608,50.0
3648816,50.0
4966510,50.0
3910732,50.0
3997392,50.0
5741648,50.0
3908426,50.0
3911885,50.0
716828,50.0
3648729,50.0
3648728,50.0
3648727,50.0
3648726,50.0
3648725,50.0
3648724,50.0
3648723,50.0
3648870,50.0
4923235,50.0
3648780,50.0
3648783,50.0
3648782,50.0
3648785,50.0
3648784,50.0
3648787,50.0
648599,50.0
3648789,50.0
3648788,50.0
3997558,50.0
3648842,50.0
3648843,50.0
52497,350.0
3648841,50.0
4841655,50.0
3648847,50.0
3648844,50.0
3648845,50.0
3648849,50.0
3997936,50.0
782372,350.0
782371,1200.0
782370,200.0
3098566,50.0
3648638,50.0
782341,50.0
3911055,50.0
3648635,50.0
3648634,50.0
3648872,50.0
3908568,50.0
3997789,50.0
3648632,50.0
3648807,50.0
3648739,50.0
3648797,50.0
3648734,50.0
3998190,50.0
3648736,50.0
3648737,50.0
3648731,50.0
3648732,50.0
716829,50.0
3913886,50.0
3913071,50.0
3648799,50.0
649824,100.0
3648794,50.0
3648792,50.0
3648826,50.0
3648790,50.0
3648793,50.0
3648759,50.0
3753328,50.0
3910521,50.0
4797008,50.0
3648791,50.0
3648595,50.0
3648837,50.0
3648836,50.0
3909709,50.0
3648834,50.0
3098694,50.0
3648832,50.0
3648830,50.0
3648623,50.0
3648808,50.0
3648627,50.0
3648839,50.0
3648838,50.0
3997560,50.0
3648599,50.0
782360,50.0
3648703,50.0
3648702,50.0
3648705,50.0
3648750,50.0
3648706,50.0
631156,50.0
3997860,50.0
3648618,50.0
583180,350.0
634731,50.0
778555,500.0
3908913,50.0
3997682,50.0
3998141,50.0
3997336,50.0
3648875,50.0
3998670,50.0
3998434,50.0
3998370,50.0
3648717,50.0
3648714,50.0
3648592,50.0
3648712,50.0
637493,50.0
3648822,50.0
3648711,50.0
4827088,50.0
3997996,50.0
3648828,50.0
3648829,50.0
3648718,50.0
3648719,50.0
3648611,50.0
3648659,50.0
3161188,50.0
4321562,50.0
3648656,50.0
3648654,50.0
3648653,50.0
3648652,50.0
3648651,50.0
3997698,50.0
4831719,50.0
3909218,50.0
3648658,50.0
3648664,50.0
4799258,50.0
3648899,50.0
3648610,50.0
3648629,50.0
3068041,50.0
3648891,50.0
3648893,50.0
3648892,50.0
3648895,50.0
3648896,50.0
3648763,50.0
3648810,50.0
3648761,50.0
3648760,50.0
3648767,50.0
3648766,50.0
3648765,50.0
3648752,50.0
3998011,50.0
780720,50.0
3998399,50.0
3648840,50.0
3910163,50.0
2711054,50.0
3998093,50.0
3910629,50.0
3648877,50.0
3648649,50.0
3648744,50.0
3648660,50.0
3648647,50.0
3648640,50.0
3648589,50.0
3648642,50.0
3648643,50.0
3648886,50.0
3648887,50.0
3648667,50.0
3648883,50.0
3648880,50.0
3648881,1.0
3648741,50.0
3648874,50.0
3911110,50.0
3648748,50.0
3648888,50.0
3648615,50.0
3909689,50.0
3648743,50.0
3998299,50.0
3648871,50.0
3648625,50.0
3908604,50.0
3998291,50.0
3997749,50.0
3648630,50.0
3648772,50.0
3648773,50.0
3648774,50.0
662635,50.0
3648776,50.0
3648708,50.0
3648778,50.0
3998366,50.0
3648804,50.0
3648805,50.0
3648802,50.0
3648803,50.0
3648800,50.0
3648801,50.0
3648679,50.0
3648678,50.0
643474,50.0
3911988,50.0
3648670,50.0
3998085,50.0
3997403,50.0
3648751,50.0
3648698,50.0
3648693,50.0
3909423,50.0
3648691,50.0
3765491,50.0
3648696,50.0
3997816,50.0
3648694,50.0
3648619,50.0
716221,50.0
3912327,50.0
3911459,50.0
2986038,50.0
670117,50.0
3648825,50.0
3648666,50.0
4806203,50.0
3648775,50.0
635384,50.0
3648662,50.0
3998379,50.0
671740,50.0
3648898,50.0
3648745,50.0
623014,100.0
3997571,50.0
3648746,50.0
3998442,50.0
3648876,50.0
3997575,50.0
3648669,50.0
3909598,50.0
3648806,50.0
3908898,50.0
3648779,50.0
3648735,50.0
4780664,50.0
655614,50.0
3648858,50.0
782365,50.0
