4490920,2
778116,1
778117,1
778114,61
778115,2
3650494,1
778113,6
778110,1
778111,1
778118,2
778119,1
3650160,2
776846,13
3561531,0
6284802,0
777820,1
741266,0
777222,1
27371,5
755602,2
3648912,2
3654004,0
6181672,2
778112,1
3650942,1
3650940,2
3650947,2
3650945,2
3654624,1
3653938,2
4167765,0
4440004,2
3650839,2
766104,0
1551178,1
5500993,0
613520,1
3565824,2
3565825,0
3565826,2
3565508,0
1537960,2
6027847,0
3653154,1
3566401,1
3566400,2
739216,1
775768,1
6199199,0
3565500,1
3565356,2
3565355,1
3565352,1
3565353,2
3565350,1
4411525,2
1548508,0
3565682,2
3565683,1
5181,3
3526253,0
6318404,2
3565758,2
3565754,1
3565755,2
3565533,2
3565536,2
3565537,1
3565535,2
1506056,0
4490060,1
3652397,2
4409587,1
3652159,2
3652406,2
67109,0
3566228,2
3566221,1
3648675,1
3648106,1
3648102,1
778079,12
5883979,1
3654822,1
778075,2
778074,4
778071,9
778070,1
778073,5
778072,0
3648585,1
5948077,1
3649852,2
1305831,0
3652713,2
97975,0
230648,0
1514958,1
4412964,2
3653670,2
4453562,1
3652374,2
3651179,1
3651176,2
3656385,2
777720,1
3651393,2
778105,13
778104,1
778107,1
778106,1
778101,4
778100,2
778103,1
778102,1
778109,1
778108,1
468600,0
1405820,0
3650155,1
3650626,2
625487,0
3650152,2
777852,6
6097725,2
777851,0
777855,2
4458181,1
6114067,2
777215,4
773009,1
6067973,2
3648922,2
3648928,2
3650532,2
3654635,1
3649724,2
5436918,1
4449324,2
776187,0
776184,1
3654706,2
776188,0
3656412,2
951775,1
3650849,2
3650844,2
431537,1
4403954,1
3647923,1
3653383,1
773228,0
33446,54
4451315,2
4458467,2
3566419,2
1552992,3
3648148,2
777606,2
618816,1
3653092,2
3565323,2
3565322,2
3565321,2
3566332,2
3565327,1
3565324,2
3565329,1
3565328,2
3662628,1
3563414,0
763554,1
157398,2
759572,0
1546455,1
3565785,2
3565786,2
3565788,1
3652386,2
3652414,2
3650589,2
3566231,1
3566232,2
5523576,0
3653833,2
751012,0
3565417,2
778048,1
778141,7
778044,0
778047,0
4484176,2
3648596,2
1283365,1
3652708,2
778144,1
1549490,2
1549493,1
3650702,1
3650705,2
3650709,2
816816,0
4465628,2
3651148,1
747682,0
3649087,2
778130,1
778131,2
778132,4
778133,3
778134,1
778135,41
778136,1
778137,1
778138,1
778139,24
3650743,2
4492617,1
3651728,2
3560975,0
5015851,2
777846,4
3558473,0
3651928,2
3654021,1
3651035,2
4524933,2
771986,0
1073865,2
845589,0
3653956,2
1536898,2
4464095,2
6191809,2
3655644,2
3566624,1
3650857,2
3654357,2
6320092,1
3565803,2
4526000,2
6146440,1
1524022,1
3563310,0
3566421,2
3566420,2
3647868,0
3565330,1
3565333,1
3565335,2
3565337,2
3565338,1
774900,0
739300,3
10502,2
3562427,0
3566338,1
3566331,1
346558,0
3566335,2
3566337,2
3566336,1
1541930,2
3565796,2
752281,0
3565242,2
3566205,2
3566204,2
5679599,1
3566201,2
3566200,2
321,2
778057,0
3648438,0
778051,1
778059,0
8630,0
4425022,2
3565240,2
3565241,2
1546001,0
6249395,2
610879,1
1532716,1
777905,0
775513,0
3564860,0
3648722,2
750990,0
3648545,2
777692,0
774017,0
3649236,2
774011,2
775835,1
3650739,1
6248148,2
3650733,2
207489,0
3651153,2
611026,0
3652355,2
644191,0
777473,0
3649521,2
750193,1
5605644,0
778129,4
778128,2
778127,1
778126,1
778125,1
778124,2
778123,7
778122,1
778121,3
778120,17
92336,0
4464676,2
777879,0
2358640,0
1542027,2
3650194,2
1533108,2
3566938,1
6148695,2
3655034,1
1522544,2
3654031,1
6248948,1
3654035,1
3651024,1
3652917,1
3541040,0
736132,1
3653414,2
3649701,1
3654501,2
773750,1
3565879,1
3565878,2
3565873,2
3565871,1
3565877,0
3565875,1
3653345,1
773974,0
5708699,0
3565721,2
3647878,2
3565905,1
3565902,2
740220,2
3565305,2
3566325,1
3566322,1
3566323,1
3566321,1
3566328,2
777993,0
775355,1
4462032,2
4431221,1
90724,9
781704,1
3565015,0
4497810,0
3566213,1
1512138,2
3978604,0
4473078,0
3565499,2
3565498,1
3656668,1
3565495,2
3565496,2
3565491,2
4464463,2
778023,2
778024,0
778029,0
3565279,2
3652296,2
3652766,2
3565612,1
777914,0
690147,1
1535697,2
777680,0
777686,11
1549475,2
1535343,2
6301666,1
3652616,1
3652343,1
774483,0
3651831,2
3651834,2
3650617,2
778158,4
778159,16
3650612,2
778152,1
778153,6
4453845,2
778151,1
778156,4
778157,1
778154,41
778155,1
777045,0
3650186,2
3152560,2
750277,0
5964796,2
1523886,1
3650503,2
3650057,2
4413841,1
3648957,1
776402,0
3650298,2
6121528,2
777316,0
598435,0
3653971,1
3653402,1
4396397,0
3654197,2
3656003,1
4393909,1
3650473,2
3650871,2
3650877,2
3649604,2
4441485,2
773563,2
6074557,1
668587,3
4489446,2
617119,1
3657064,1
3647803,1
6079862,1
3565914,2
3653995,2
3564422,0
3565918,2
3565919,2
3566353,2
3566352,2
3566351,1
3566357,2
3566356,1
3566359,1
3566358,2
6146264,2
743374,0
6105974,1
3653191,3
4489685,2
6161893,2
743629,0
3652111,1
3635391,0
3656130,2
725512,1
3639574,0
778031,1
3564998,0
3654486,1
3564990,0
4469527,2
3651574,2
3648707,1
3648566,1
777677,0
777674,1
6133921,2
4664623,1
3648098,2
3584045,0
3654974,2
4485577,2
3566007,2
3566005,2
751024,0
751023,0
3566001,1
3566000,1
3652333,2
3652622,1
3566009,1
3566008,2
183626,0
777416,1
4424194,2
778149,1
778148,1
777782,2
778140,1
778143,1
778142,1
778145,5
3648894,1
778147,2
778146,1
3581497,0
3655400,1
6255111,2
3651227,0
1535247,1
3651222,2
6162201,3
777257,0
3522094,0
3655900,1
3649164,2
3651826,2
24639,6
3650266,1
764395,0
372118,20
3564214,0
3680982,1
1511544,1
3654741,2
3654747,1
726343,0
3649764,1
765736,0
1551307,2
3655160,2
4521265,1
3650882,0
755965,1
3658,0
3649615,1
778198,1
3653504,1
3650317,2
3650313,2
3686449,1
3654369,2
3654410,2
1239347,0
3564099,0
3647812,1
3653213,1
1513356,1
3565677,0
3565676,2
3566340,2
3566342,2
3566343,2
3566344,2
3651853,2
3566346,2
3566347,0
3566348,1
3566349,2
6315446,2
3566588,1
4514577,1
772134,1
3565073,1
3565076,1
3652574,2
743149,4
4456364,1
3652106,1
1547703,2
5774721,2
3656125,2
3410841,0
775026,1
3655200,2
3565299,2
778007,0
3565106,1
3565100,1
3648713,1
3314124,0
3652740,2
3652744,2
3566168,2
1532903,2
3566164,2
4499179,2
3648574,1
76254,0
779154,1
3648088,1
3652328,0
3648403,1
3566011,1
3649972,2
1305408,0
778174,1
778175,3
778176,41
778177,3
778170,1
778171,1
778172,1
778173,3
778178,3
778179,1
777407,0
3650670,2
3650674,1
3650678,2
777793,1
4716203,1
777885,0
3652927,0
3651211,1
1514874,2
776338,2
777242,1
777536,6
777248,0
3648973,2
3649117,1
3566619,1
469498,1
4436224,2
696390,3
4454069,2
3650277,2
3650271,2
3654088,1
3649755,2
1263809,0
3655685,1
737450,2
3654770,1
3655172,2
3654794,2
780862,1
3565275,2
53157,0
3654799,2
3650893,2
6274284,2
778187,1
3565975,1
4336542,0
3650307,2
3655777,2
4493984,1
3654316,2
4451437,2
404116,2
6201263,2
3647827,2
1535524,2
3654225,2
6208678,1
3565937,2
3565930,2
4518907,0
3655911,1
4457578,2
3566375,2
3566376,2
3566370,2
3566372,2
3539255,0
3566570,1
781595,1
3565061,2
3565068,1
6017783,1
3652130,2
4522894,2
4426967,1
3565660,0
5856218,2
778014,1
756495,0
3656034,1
3565113,0
3566157,1
3566159,2
3566397,2
3565592,0
777611,0
3565595,1
3565596,1
3652797,1
778300,2
782137,1
777655,1
3564881,0
3652312,2
3651444,1
3651447,2
3651440,2
3566027,1
3647704,2
778163,1
778162,3
778161,1
778160,5
778167,1
778166,1
778165,1
778164,1
3649562,2
778169,1
778168,1
4467908,0
4866312,1
3649364,1
403488,1
3651207,2
3650215,1
6289258,2
777506,1
1511142,0
782351,1
3649101,2
3649107,1
778098,0
6170149,1
3651661,1
777433,1
3650242,0
776436,0
776742,0
3649746,2
6316957,2
3655142,0
3655148,1
776699,0
1533639,2
3654782,2
3654788,0
4450755,2
3653839,2
3566713,1
311307,0
3653521,2
6248490,0
3655789,1
773082,0
3655783,0
3650932,1
736715,0
4440504,2
3654231,2
3565942,1
3565941,2
3566444,0
3563471,0
1547658,1
752816,0
3566368,2
5848984,2
3566366,2
3566367,1
3566568,2
3652818,1
772113,1
3566567,1
3653650,0
3653659,2
1526821,2
3565059,2
5971126,0
3565724,2
3565723,2
3565053,2
556431,0
3565613,2
3566499,2
3565610,1
3565614,2
3565619,1
3565402,2
3652011,1
3565436,1
3565435,1
3565434,1
3566148,2
3566149,2
736493,2
278186,10
3566388,1
3566389,2
3559020,0
4178479,0
776948,1
3565540,2
1514975,2
3652302,2
3652651,2
4447834,2
3649917,1
3656311,2
3654945,2
3110,0
6129409,1
3566036,2
3648202,2
778199,1
778196,2
778197,2
778194,2
778195,3
778192,1
778193,1
778190,9
778191,2
6274547,0
778208,2
778209,1
778206,3
778207,1
778204,1
778205,1
778202,4
778203,4
778200,1
778201,1
1518727,2
777648,2
766695,0
775532,0
3648999,1
3648993,1
6265195,2
3651091,2
4479632,1
3111564,2
776912,4
3566218,1
3566819,1
457027,0
5726997,0
472391,0
4773784,2
1540463,0
6182011,1
3271207,2
63626,5
3669695,2
757950,2
3653827,1
3653823,2
771739,1
6289885,0
3654440,2
766504,0
3656552,1
5745957,1
3557975,0
3654208,2
3565952,1
6253845,2
4515373,2
4404452,0
5104,25
6148835,2
730893,1
3653645,2
4488805,2
346685,0
4641034,0
3565734,2
3565040,1
3565041,1
4457739,2
3565731,2
3565732,2
3565733,0
3656176,2
4498219,1
3656776,2
3565609,2
4448403,2
3656014,1
746657,4
3648740,1
20302,10
6018219,1
3801080,2
775852,0
4452704,2
1539371,1
3565553,2
3577034,2
3654932,2
3566049,2
3559633,0
3566041,1
3566047,2
3566046,2
3566045,2
778189,2
778188,6
777749,0
777746,0
778184,2
777744,0
778186,1
778181,1
778180,2
778183,1
778182,2
3651792,2
778214,1
778217,1
778216,1
738090,0
3656944,1
654432,0
3651267,0
3656948,1
711717,0
777636,0
1549425,1
778696,1
777988,0
777569,0
4499639,2
4177674,2
4357112,0
3651317,0
777182,1
3651313,2
777369,0
3651884,1
3649014,1
3649010,2
2558538,2
3654142,2
1546984,2
3636883,2
3605228,0
776349,1
3650130,2
3210785,0
1550271,0
5000665,2
4492468,2
579074,2
17440,0
3656788,2
6090551,1
3650913,2
3657012,1
10476,1
4458757,2
3554540,0
4456492,2
3564761,0
36411,1
36416,0
3648133,2
3565705,1
3565704,2
5844336,2
3655894,1
1552934,2
3565631,1
3565414,2
6300248,0
3565146,1
3565145,1
3565144,1
3648680,1
3565148,1
3564941,0
3648686,2
3565383,1
689312,0
243665,1
1540650,2
4071000,2
6106496,1
3654928,1
3565093,2
528989,0
3565095,1
3565094,2
3565097,1
3565098,1
3654923,2
3566052,2
3566053,2
3566054,0
3649332,2
777759,7
778221,1
778223,1
3650597,1
738201,2
3649809,1
777996,1
777995,0
3652210,2
4402429,2
774700,0
4437759,2
2035952,0
3649242,2
3650230,2
6202419,2
3650239,2
785478,2
777371,7
776719,0
776713,1
5843795,2
2387300,2
3650699,1
3650694,2
3650120,1
6239233,2
3653804,1
1551392,1
3653808,2
3650345,2
3657007,2
3650904,1
3565976,1
3565974,2
3653247,1
12290,0
4525970,2
3061712,2
3653060,0
3396316,0
4390687,1
3567006,1
772475,6
3563395,0
3653665,2
4451389,2
772496,6
4505173,2
4489355,2
6004671,0
3655883,2
3654557,2
3676640,1
3565629,2
1128900,0
3565627,2
3565625,2
3565150,1
3565151,1
3565152,4
3565401,4
3565154,2
4448426,2
3565408,1
3565409,2
3634552,0
4594932,2
3565390,1
3565399,2
5951395,2
3652042,2
487383,0
3565716,2
3565714,2
3565712,2
3565710,1
3565711,1
4367655,0
3565719,2
3648781,2
3565552,1
3648786,2
3565574,2
3565572,1
3565573,2
3565570,1
3565571,1
3566064,2
3649928,0
3566066,1
3565088,2
3287027,0
3565082,0
3565083,1
3565080,1
3565081,2
3615059,0
5280386,0
774411,0
777930,13
3648252,1
3648257,2
778239,1
777767,2
733955,1
3654861,2
3652227,2
3654865,2
777937,0
4491314,2
681308,0
6189164,2
4480639,2
3649498,2
3649492,1
4495144,2
681944,0
3618969,0
3649252,2
3650592,1
224053,0
3650203,2
3891,1
3651625,2
776490,0
3621728,0
3654121,2
3611206,0
4491042,0
777816,1
776815,2
777548,0
1534887,1
3647986,2
3649676,0
3653874,2
1514173,1
3654690,2
778185,1
5839224,1
3650574,2
3654051,1
3660161,2
3650972,2
5033005,0
3653909,2
3566662,1
3653901,0
93311,1
3653478,1
666904,0
739396,10
3650805,2
3650802,2
3566527,1
4403597,2
60765,0
6101751,1
1543079,2
3543420,0
3656187,2
4423200,2
4412464,2
3566455,0
3656744,2
3653055,2
1023475,0
4412869,2
4412645,2
4425767,1
3565160,2
3566185,2
775131,2
4448230,0
6261908,2
26699,0
3654901,2
3654905,2
3565502,1
3565501,1
3651436,2
4488543,1
3565505,1
3588941,0
3652453,2
3647777,1
778539,1
724290,3
4407747,0
3648244,2
3565217,2
778080,2
778083,0
4513918,0
3565186,2
3565185,1
3565184,1
3654870,2
549617,1
777603,1
777970,0
23888,3
3628912,0
1545959,2
6259745,2
3649264,1
3651341,1
3651616,2
3561466,0
6130352,1
777777,0
3651184,1
777773,1
777771,0
6143029,2
777778,0
6315837,1
777393,3
3650108,1
777806,0
348546,3
776600,2
3523759,0
3649686,1
776730,2
3655514,2
3565118,1
3654062,2
3569390,1
224319,4
3654641,2
3647882,0
3563643,0
4471564,0
6302704,2
6209183,2
3565998,1
3565999,2
3654243,1
1618143,2
3565992,1
3565993,1
3653282,2
3567026,1
3566519,1
6163705,2
3566514,1
778150,1
3566516,1
3566511,2
773706,0
773707,2
3555995,0
1552652,2
5680457,2
1180,0
3653043,2
3653730,2
3565372,1
3655998,2
5461330,0
3917281,1
775897,0
3565519,2
3565510,2
3565515,1
3565517,0
3647760,1
3647765,2
3564917,0
3647164,0
724573,4
4397761,1
3648474,2
3649300,0
778093,5
778092,1
778091,2
778097,6
778096,6
778095,1
778094,1
778099,6
132102,4
3565197,0
3565190,1
3654805,0
1532279,1
778066,0
764317,0
3651351,2
777491,4
4112132,0
1513788,1
3651605,1
4452682,2
3651192,2
3651197,2
3652886,1
3649054,2
749131,1
3650689,2
3650484,2
732864,1
1511783,2
736352,0
6065577,2
777832,2
3629161,0
777837,8
3651994,2
3650929,2
4396474,2
6166954,1
3649696,1
3649691,2
5835611,2
3648906,2
3648903,2
2482665,2
3650396,2
1518530,1
3650950,2
4662441,2
744550,0
6170877,1
764627,2
764626,0
3603970,1
3653452,1
3648217,1
3566599,1
4482281,2
3566508,2
3566509,1
3566503,1
3566500,0
3566507,2
4457850,2
3653633,2
773486,3
3653639,1
3647941,1
4508593,2
3653145,1
736504,1
3655857,1
3656728,1
3563696,0
4498804,2
3650648,1
3565349,2
3565341,1
3565340,1
3565345,1
3565347,2
3565346,2
3656656,1
4388527,1
3565749,0
3567274,1
3565524,1
3565521,2
33513,5
1710095,0
3566094,2
3566095,0
3566092,1
3566093,2
3567304,1
3648648,2
3564908,0
778068,0
778069,1
15472,0
778064,40
778062,12
778063,0
777954,0
6263361,2
3654811,0
495558,1
3648001,1
6089358,2
507986,2
6155095,1
3652893,2
3652891,2
777712,2
725630,0
4418585,2
3651167,1
3652542,2
3651163,2
