0,3
1,7
2,5
3,4
4,6
5,7
6,6
7,2
8,4
9,9
10,3
11,3
12,2
13,6
14,2
15,1
16,2
17,3
18,3
19,2
20,4
21,1
22,2
23,0
24,4
25,4
26,5
27,1
28,3
29,2
30,1
31,3
32,2
33,1
34,1
35,4
36,0
37,1
38,2
39,3
40,4
41,2
42,2
43,3
44,3
45,4
46,4
47,3
48,1
49,0
50,2
51,4
52,5
53,2
54,3
55,3
56,2
57,0
58,3
59,3
60,2
61,4
62,3
63,1
64,0
65,1
66,2
67,2
68,1
69,1
70,2
71,3
72,2
73,1
74,1
75,6
76,1
77,2
78,0
79,7
80,3
81,2
82,1
83,2
84,2
85,1
86,3
87,0
88,1
89,0
90,1
91,5
92,3
93,1
94,2
95,2
96,3
97,0
98,3
99,0
100,1
101,1
102,2
103,1
104,1
105,1
106,1
107,2
108,1
109,2
110,1
111,4
112,1
113,1
114,2
115,0
116,2
117,0
118,3
119,1
120,1
121,0
122,0
123,4
124,0
125,3
126,3
127,1
128,1
129,1
130,3
131,1
132,1
133,4
134,6
135,0
136,0
137,0
138,1
139,0
140,2
141,2
142,2
143,2
144,2
145,0
146,3
147,0
148,1
149,1
150,0
151,5
152,3
153,1
154,1
155,2
156,1
157,2
158,1
159,1
160,2
161,1
162,2
163,1
164,2
165,0
166,0
167,8
168,0
169,1
170,0
171,0
172,0
173,0
174,0
175,3
176,1
177,0
178,0
179,1
180,3
181,1
182,0
183,0
184,1
185,0
186,1
187,0
188,2
189,1
190,0
191,0
192,2
193,1
194,0
195,2
196,6
197,0
198,1
199,0
200,1
201,1
202,0
203,0
204,0
205,2
206,0
207,1
208,1
209,0
210,0
211,1
212,4
213,1
214,0
215,0
216,2
217,0
218,0
219,0
220,1
221,2
222,0
223,1
224,1
225,2
226,0
227,0
228,3
229,1
230,0
231,3
232,0
233,6
234,0
235,0
236,1
237,0
238,1
239,0
240,1
241,4
242,1
243,0
244,0
245,0
246,2
247,1
248,0
249,0
250,1
251,0
252,8
253,0
254,4
255,0
256,0
257,4
258,0
259,0
260,3
261,1
262,1
263,1
264,1
265,0
266,0
267,3
268,0
269,6
270,0
271,0
272,1
273,1
274,0
275,3
276,0
277,1
278,0
279,3
280,2
281,0
282,1
283,1
284,0
285,0
286,1
287,1
288,2
289,0
290,0
291,0
292,0
293,1
294,0
295,1
296,0
297,1
298,1
299,4
300,0
301,0
302,2
303,0
304,0
305,0
306,1
307,9
308,0
309,0
310,6
311,0
312,1
313,1
314,0
315,0
316,1
317,1
318,1
319,0
320,0
321,0
322,2
323,0
324,0
325,1
326,0
327,0
328,0
329,0
330,0
331,6
332,0
333,0
334,1
335,2
336,0
337,0
338,0
339,2
340,0
341,0
342,0
343,0
344,0
345,0
346,0
347,0
348,0
349,0
350,1
