0,4
1,2
2,2
3,3
4,0
5,0
6,1
7,4
8,1
9,0
10,2
11,0
12,2
13,3
14,3
15,1
16,2
17,2
18,3
19,1
20,2
21,2
22,1
23,2
24,0
25,2
26,1
27,2
28,1
29,2
30,1
31,1
32,1
33,4
34,2
35,3
36,0
37,1
38,1
39,1
40,2
41,2
42,2
43,0
44,0
45,0
46,0
47,2
48,0
49,1
50,1
51,2
52,0
53,2
54,2
55,1
56,0
57,1
58,0
59,0
60,2
61,2
62,2
63,1
64,2
65,1
66,1
67,0
68,0
69,1
70,3
71,2
72,1
73,3
74,1
75,2
76,2
77,2
78,1
79,1
80,0
81,0
82,0
83,1
84,0
85,1
86,1
87,3
88,0
89,7
90,1
91,1
92,1
93,1
94,2
95,2
96,3
97,1
98,0
99,5
100,3
101,2
102,1
103,2
104,3
105,2
106,1
107,0
108,1
109,0
110,1
111,3
112,0
113,1
114,2
115,0
116,1
117,2
118,2
119,3
120,0
121,3
122,0
123,2
124,0
125,1
126,0
127,2
128,1
129,1
130,1
131,1
132,1
133,3
134,1
135,2
136,1
137,1
138,2
139,0
140,2
141,4
142,0
143,4
144,1
145,4
146,1
147,1
148,4
149,0
150,3
151,1
152,0
153,2
154,0
155,0
156,2
157,1
158,0
159,0
160,3
161,1
162,0
163,2
164,2
165,0
166,1
167,0
168,2
169,1
170,1
171,1
172,3
173,2
174,1
175,0
176,1
177,1
178,0
179,2
180,1
181,1
182,2
183,0
184,3
185,0
186,4
187,0
188,3
189,3
190,1
191,1
192,1
193,2
194,2
195,3
196,2
197,2
198,2
199,2
200,2
201,1
202,0
203,1
204,2
205,0
206,0
207,3
208,2
209,2
210,2
211,0
212,2
213,1
214,2
215,1
216,0
217,1
218,1
219,3
220,1
221,3
222,2
223,1
224,0
225,4
226,1
227,2
228,1
229,2
230,3
231,2
232,2
233,2
234,4
235,3
236,2
237,1
238,1
239,1
240,2
241,0
242,0
243,0
244,0
245,3
246,3
247,2
248,1
249,1
250,1
251,1
252,2
253,1
254,0
255,2
256,3
257,4
258,3
259,1
260,1
261,4
262,3
263,1
264,1
265,1
266,1
267,0
268,4
269,2
270,1
271,3
272,0
273,2
274,2
275,3
276,2
277,2
278,7
279,0
280,0
281,1
282,1
283,1
284,3
285,1
286,2
287,5
288,1
289,2
290,2
291,1
292,0
293,1
294,1
295,1
296,2
297,0
298,0
299,1
300,3
301,2
302,2
303,0
304,1
305,0
306,1
307,2
308,0
309,1
310,0
311,1
312,2
313,2
314,1
315,0
316,3
317,2
318,1
319,1
320,2
321,1
322,1
323,1
324,1
325,3
326,0
327,0
328,0
329,1
330,3
331,2
332,1
333,2
334,1
335,0
336,1
337,1
338,3
339,1
340,1
341,2
342,2
343,4
344,3
345,2
346,2
347,2
348,1
349,0
350,2
351,3
352,1
353,0
354,0
355,2
356,1
357,4
358,1
359,1
360,0
361,1
362,1
363,1
364,2
365,1
366,2
367,4
368,0
369,3
370,1
371,2
372,1
373,1
374,1
375,3
376,3
377,4
378,2
379,3
380,3
381,1
382,2
383,1
384,1
385,2
386,0
387,0
388,2
389,1
390,3
391,0
392,5
393,3
394,2
395,2
396,3
397,2
398,0
399,2
400,1
401,3
402,3
403,1
404,1
405,1
406,3
407,1
408,1
409,0
410,3
411,2
412,0
413,0
414,2
415,2
416,0
417,0
418,1
419,3
420,3
421,4
422,1
423,1
424,3
425,2
426,3
427,2
428,3
429,2
430,2
431,0
432,4
433,1
434,3
435,1
436,2
437,1
438,0
439,2
440,1
441,3
442,1
443,2
444,1
445,2
446,1
447,1
448,4
449,2
450,2
451,0
452,1
453,3
454,5
455,2
456,1
457,0
458,2
459,1
460,1
461,0
462,2
463,1
464,1
465,2
466,2
467,1
468,1
469,1
470,3
471,4
472,1
473,0
474,1
475,2
476,0
477,1
478,2
479,3
480,1
481,1
482,1
483,0
484,3
485,3
486,0
487,1
488,0
489,2
490,2
491,1
492,1
493,2
494,2
495,2
496,0
497,1
498,1
499,2
500,3
501,0
502,4
503,3
504,1
505,1
506,0
507,1
508,4
509,1
510,1
511,3
512,2
513,1
514,1
515,2
516,3
517,6
518,2
519,1
520,1
521,1
522,0
523,2
524,0
525,0
526,5
527,4
528,3
529,1
530,0
531,0
532,1
533,2
534,1
535,4
536,0
537,2
538,1
539,2
540,2
541,0
542,4
543,1
544,3
545,2
546,2
547,2
548,0
549,1
550,0
551,2
552,0
553,2
554,5
555,2
556,2
557,3
558,1
559,0
560,1
561,1
562,1
563,1
564,2
565,2
566,0
567,0
568,1
569,3
570,3
571,1
572,1
573,1
574,2
575,1
576,1
577,0
578,1
579,1
580,2
581,2
582,2
583,2
584,2
585,2
586,3
587,1
588,2
589,3
590,1
591,1
592,3
593,3
594,2
595,1
596,2
597,1
598,0
599,1
600,0
601,3
602,2
603,1
604,3
605,1
606,3
607,2
608,3
609,2
610,2
611,1
612,3
613,2
614,1
615,0
616,2
617,1
618,0
619,1
620,4
621,1
622,2
623,0
624,3
625,4
626,2
627,2
628,2
629,1
630,0
631,1
632,1
633,5
634,1
635,1
636,2
637,2
638,4
639,2
640,0
641,0
642,4
643,2
644,2
645,2
646,1
647,1
648,2
649,0
650,3
651,3
652,1
653,1
654,3
655,3
656,1
657,2
658,3
659,2
660,0
661,0
662,0
663,1
664,2
665,1
666,2
667,1
668,1
669,2
670,1
671,0
672,0
673,1
674,0
675,0
676,2
677,2
678,3
679,1
680,1
681,2
682,3
683,1
684,0
685,2
686,3
687,0
688,3
689,1
690,0
691,2
692,0
693,0
694,1
695,0
696,0
697,2
698,1
699,0
700,1
701,2
702,0
703,1
704,3
705,1
706,2
707,5
708,2
709,2
710,1
711,1
712,3
713,1
714,3
715,1
716,1
717,1
718,1
719,2
720,2
721,2
722,1
723,0
724,0
725,0
726,1
727,2
728,4
729,0
730,1
731,1
732,4
733,2
734,0
735,1
736,1
737,2
738,1
739,0
740,1
741,0
742,2
743,3
744,0
745,3
746,1
747,2
748,2
749,0
750,2
751,1
752,1
753,0
754,2
755,0
756,1
757,0
758,3
759,0
760,2
761,1
762,1
763,0
764,1
765,1
766,2
767,3
768,1
769,1
770,2
771,1
772,2
773,3
774,1
775,2
776,1
777,2
778,1
779,1
780,2
781,3
782,2
783,1
784,3
785,1
786,2
787,3
788,1
789,1
790,4
791,1
792,1
793,2
794,2
795,3
796,1
797,1
798,2
799,2
800,2
801,1
802,3
803,1
804,2
805,2
806,1
807,3
808,0
809,0
810,1
811,1
812,0
813,1
814,1
815,0
816,1
817,1
818,0
819,1
820,1
821,2
822,0
823,2
824,3
825,3
826,0
827,2
828,2
829,0
830,3
831,0
832,3
833,1
834,2
835,2
836,3
837,1
838,0
839,2
840,1
841,0
842,1
843,1
844,4
845,2
846,1
847,3
848,1
849,0
850,3
851,3
852,1
853,1
854,0
855,1
856,1
857,6
858,2
859,2
860,1
861,3
862,2
863,2
864,0
865,1
866,1
867,0
868,1
869,0
870,2
871,2
872,1
873,2
874,1
875,0
876,1
877,0
878,4
879,2
880,1
881,0
882,1
883,3
884,2
885,1
886,0
887,2
888,2
889,0
890,2
891,1
892,0
893,2
894,2
895,3
896,1
897,3
898,1
899,1
900,1
901,1
902,1
903,0
904,0
905,2
906,1
907,0
908,1
909,3
910,0
911,3
912,2
913,2
914,1
915,0
916,2
917,1
918,2
919,3
920,2
921,0
922,0
923,3
924,2
925,3
926,0
927,1
928,2
929,2
930,2
931,1
932,1
933,2
934,0
935,4
936,2
937,2
938,1
939,5
940,2
941,1
942,0
943,2
944,1
945,2
946,0
947,1
948,4
949,1
950,2
951,1
952,3
953,2
954,2
955,1
956,1
957,0
958,0
959,0
960,1
961,0
962,1
963,1
964,2
965,2
966,1
967,2
968,3
969,1
970,1
971,3
972,1
973,4
974,1
975,2
976,2
977,1
978,1
979,2
980,1
981,2
982,2
983,0
984,0
985,1
986,0
987,3
988,2
989,2
990,0
991,7
992,2
993,2
994,2
995,0
996,2
997,0
998,0
999,0
1000,0
1001,4
1002,0
1003,3
1004,0
1005,1
1006,1
1007,0
1008,2
1009,1
1010,2
1011,1
1012,0
1013,2
1014,2
1015,2
1016,0
1017,4
1018,3
1019,0
1020,2
1021,0
1022,2
1023,1
1024,1
1025,0
1026,0
1027,1
1028,0
1029,0
1030,1
1031,2
1032,2
1033,1
1034,1
1035,1
1036,0
1037,2
1038,0
1039,2
1040,1
1041,1
1042,3
1043,4
1044,0
1045,1
1046,0
1047,2
1048,3
1049,0
1050,3
1051,2
1052,2
1053,4
1054,2
1055,5
1056,0
1057,3
1058,0
1059,3
1060,5
1061,0
1062,1
1063,0
1064,2
1065,3
1066,0
1067,1
1068,4
1069,2
1070,3
1071,1
1072,0
1073,2
1074,2
1075,4
1076,1
1077,1
1078,1
1079,0
1080,3
1081,0
1082,5
1083,1
1084,1
1085,3
1086,2
1087,1
1088,3
1089,0
1090,1
1091,1
1092,2
1093,0
1094,1
1095,0
1096,1
1097,1
1098,1
1099,2
1100,2
1101,0
1102,2
1103,2
1104,0
1105,2
1106,0
1107,1
1108,1
1109,0
1110,1
1111,2
1112,1
1113,3
1114,2
1115,1
1116,2
1117,1
1118,1
1119,0
1120,1
1121,1
1122,1
1123,3
1124,2
1125,1
1126,1
1127,2
1128,0
1129,0
1130,2
1131,0
1132,1
1133,2
1134,3
1135,0
1136,2
1137,3
1138,1
1139,2
1140,0
1141,1
1142,2
1143,1
1144,6
1145,1
1146,3
1147,1
1148,0
1149,0
1150,2
1151,2
1152,0
1153,0
1154,3
1155,0
1156,1
1157,1
1158,2
1159,2
1160,1
1161,4
1162,2
1163,3
1164,3
1165,3
1166,0
1167,2
1168,1
1169,2
1170,2
1171,2
1172,2
1173,0
1174,2
1175,0
1176,2
1177,2
1178,1
1179,3
1180,0
1181,2
1182,0
1183,0
1184,1
1185,2
1186,1
1187,1
1188,1
1189,1
1190,3
1191,3
1192,1
1193,2
1194,0
1195,1
1196,1
1197,2
1198,0
1199,0
1200,1
1201,1
1202,0
1203,0
1204,2
1205,4
1206,2
1207,4
1208,3
1209,0
1210,1
1211,2
1212,2
1213,1
1214,1
1215,1
1216,2
1217,0
1218,2
1219,1
1220,1
1221,1
1222,2
1223,1
1224,1
1225,2
1226,3
1227,0
1228,1
1229,0
1230,2
1231,0
1232,1
1233,3
1234,2
1235,1
1236,0
1237,1
1238,1
1239,2
1240,1
1241,2
1242,0
1243,1
1244,1
1245,1
1246,1
1247,1
1248,0
1249,2
1250,0
1251,1
1252,0
1253,1
1254,1
1255,2
1256,1
1257,2
1258,1
1259,2
1260,0
1261,1
1262,1
1263,3
1264,1
1265,1
1266,2
1267,3
1268,1
1269,1
1270,2
1271,0
1272,2
1273,5
1274,2
1275,1
1276,2
1277,1
1278,0
1279,3
1280,3
1281,1
1282,3
1283,2
1284,0
1285,1
1286,1
1287,0
1288,1
1289,4
1290,0
1291,0
1292,2
1293,2
1294,1
1295,0
1296,1
1297,3
1298,2
1299,0
1300,0
1301,1
1302,0
1303,1
1304,4
1305,2
1306,0
1307,0
1308,1
1309,1
1310,1
1311,1
1312,2
1313,1
1314,1
1315,0
1316,1
1317,2
1318,1
1319,2
1320,0
1321,1
1322,1
1323,0
1324,1
1325,0
1326,1
1327,0
1328,4
1329,0
1330,2
1331,2
1332,0
1333,0
1334,1
1335,0
1336,2
1337,1
1338,1
1339,5
1340,0
1341,1
1342,3
1343,3
1344,2
1345,0
1346,0
1347,0
1348,1
1349,2
1350,2
1351,2
1352,2
1353,1
1354,2
1355,2
1356,1
1357,1
1358,2
1359,2
1360,0
1361,3
1362,2
1363,0
1364,0
1365,1
1366,1
1367,2
1368,2
1369,1
1370,1
1371,1
1372,1
1373,1
1374,2
1375,0
1376,0
1377,5
1378,2
1379,3
1380,1
1381,1
1382,1
1383,0
1384,3
1385,1
1386,3
1387,2
1388,3
1389,2
1390,2
1391,1
1392,3
1393,2
1394,1
1395,3
1396,1
1397,0
1398,4
1399,1
1400,1
1401,2
1402,1
1403,2
1404,1
1405,2
1406,0
1407,1
1408,2
1409,3
1410,3
1411,2
1412,3
1413,1
1414,3
1415,1
1416,3
1417,1
1418,3
1419,3
1420,1
1421,1
1422,3
1423,0
1424,1
1425,0
1426,4
1427,2
1428,2
1429,2
1430,1
1431,2
1432,2
1433,4
1434,1
1435,1
1436,3
1437,3
1438,0
1439,1
1440,0
1441,1
1442,3
1443,4
1444,0
1445,2
1446,1
1447,0
1448,0
1449,0
1450,0
1451,0
1452,3
1453,1
1454,0
1455,0
1456,0
1457,1
1458,3
1459,1
1460,3
1461,0
1462,2
1463,3
1464,2
1465,1
1466,2
1467,0
1468,1
1469,2
1470,3
1471,0
1472,0
1473,1
1474,0
1475,0
1476,0
1477,1
1478,3
1479,2
1480,3
1481,3
1482,4
1483,1
1484,0
1485,2
1486,1
1487,1
1488,3
1489,0
1490,2
1491,1
1492,2
1493,1
1494,1
1495,1
1496,0
1497,2
1498,4
1499,1
1500,1
1501,2
1502,0
1503,1
1504,1
1505,4
1506,2
1507,2
1508,0
1509,1
1510,1
1511,3
1512,1
1513,2
1514,0
1515,2
1516,0
1517,4
1518,4
1519,1
1520,1
1521,4
1522,4
1523,0
1524,0
1525,2
1526,0
1527,0
1528,1
1529,3
1530,2
1531,2
1532,1
1533,2
1534,0
1535,0
1536,3
1537,1
1538,4
1539,1
1540,2
1541,2
1542,2
1543,0
1544,1
1545,1
1546,1
1547,3
1548,4
1549,1
1550,1
1551,3
1552,2
1553,1
1554,2
1555,1
1556,0
1557,3
1558,3
1559,1
1560,1
1561,0
1562,1
1563,3
1564,0
1565,3
1566,1
1567,1
1568,4
1569,4
1570,1
1571,1
1572,1
1573,1
1574,0
1575,1
1576,2
1577,2
1578,0
1579,1
1580,2
1581,2
1582,0
1583,1
1584,1
1585,1
1586,1
1587,2
1588,0
1589,2
1590,1
1591,2
1592,2
1593,1
1594,3
1595,4
1596,2
1597,1
1598,1
1599,1
1600,0
1601,0
1602,0
1603,3
1604,1
1605,2
1606,0
1607,1
1608,0
1609,1
1610,2
1611,1
1612,1
1613,3
1614,1
1615,2
1616,3
1617,1
1618,1
1619,1
1620,1
1621,2
1622,2
1623,0
1624,1
1625,1
1626,1
1627,1
1628,0
1629,0
1630,1
1631,0
1632,1
1633,5
1634,0
1635,1
1636,0
1637,0
1638,1
1639,3
1640,3
1641,2
1642,2
1643,5
1644,1
1645,0
1646,0
1647,0
1648,2
1649,1
1650,1
1651,1
1652,2
1653,0
1654,1
1655,4
1656,2
1657,0
1658,4
1659,1
1660,3
1661,4
1662,0
1663,1
1664,1
1665,2
1666,1
1667,2
1668,3
1669,2
1670,1
1671,0
1672,1
1673,2
1674,1
1675,2
1676,1
1677,1
1678,1
1679,1
1680,0
1681,1
1682,2
1683,2
1684,0
1685,1
1686,0
1687,1
1688,2
1689,2
1690,1
1691,2
1692,2
1693,0
1694,4
1695,6
1696,1
1697,0
1698,1
1699,1
1700,1
1701,1
1702,2
1703,0
1704,0
1705,0
1706,3
1707,1
1708,0
1709,1
1710,2
1711,1
1712,2
1713,4
1714,2
1715,1
1716,1
1717,2
1718,1
1719,4
1720,2
1721,1
1722,2
1723,1
1724,1
1725,1
1726,3
1727,2
1728,2
1729,5
1730,0
1731,0
1732,0
1733,2
1734,2
1735,1
1736,3
1737,0
1738,3
1739,0
1740,1
1741,6
1742,0
1743,2
1744,2
1745,2
1746,2
1747,3
1748,2
1749,3
1750,1
1751,1
1752,2
1753,2
1754,2
1755,1
1756,1
1757,3
1758,1
1759,3
1760,2
1761,0
1762,3
1763,2
1764,3
1765,0
1766,1
1767,5
1768,0
1769,2
1770,0
1771,0
1772,0
1773,1
1774,2
1775,1
1776,2
1777,3
1778,2
1779,1
1780,4
1781,3
1782,1
1783,0
1784,0
1785,2
1786,6
1787,2
1788,3
1789,3
1790,3
1791,3
1792,1
1793,0
1794,0
1795,0
1796,3
1797,4
1798,1
1799,0
1800,1
1801,1
1802,1
1803,1
1804,0
1805,1
1806,1
1807,0
1808,0
1809,1
1810,3
1811,1
1812,0
1813,0
1814,2
1815,1
1816,2
1817,2
1818,3
1819,3
1820,1
1821,1
1822,2
1823,1
1824,0
1825,1
1826,0
1827,0
1828,2
1829,0
1830,1
1831,1
1832,2
1833,3
1834,0
1835,1
1836,1
1837,0
1838,1
1839,0
1840,1
1841,1
1842,1
1843,2
1844,0
1845,3
1846,0
1847,0
1848,1
1849,1
1850,1
1851,1
1852,0
1853,1
1854,0
1855,5
1856,0
1857,2
1858,3
1859,2
1860,1
1861,1
1862,1
1863,1
1864,1
1865,0
1866,1
1867,1
1868,2
1869,0
1870,1
1871,2
1872,0
1873,1
1874,3
1875,2
1876,1
1877,1
1878,1
1879,1
1880,1
1881,2
1882,2
1883,2
1884,0
1885,2
1886,1
1887,2
1888,3
1889,1
1890,3
1891,1
1892,1
1893,1
1894,4
1895,0
1896,1
1897,2
1898,2
1899,2
1900,2
1901,0
1902,3
1903,2
1904,4
1905,2
1906,2
1907,1
1908,0
1909,2
1910,0
1911,0
1912,1
1913,0
1914,4
1915,2
1916,1
1917,2
1918,3
1919,1
1920,1
1921,2
1922,0
1923,2
1924,1
1925,0
1926,4
1927,1
1928,1
1929,1
1930,0
1931,0
1932,2
1933,1
1934,0
1935,1
1936,1
1937,1
1938,4
1939,3
1940,0
1941,5
1942,0
1943,0
1944,0
1945,0
1946,1
1947,1
1948,2
1949,1
1950,3
1951,1
1952,1
1953,2
1954,0
1955,2
1956,2
1957,2
1958,4
1959,2
1960,3
1961,0
1962,3
1963,1
1964,2
1965,4
1966,2
1967,3
1968,2
1969,0
1970,0
1971,1
1972,2
1973,1
1974,2
1975,3
1976,3
1977,1
1978,1
1979,0
1980,0
1981,4
1982,0
1983,1
1984,2
1985,0
1986,1
1987,7
1988,4
1989,0
1990,2
1991,1
1992,0
1993,1
1994,1
1995,2
1996,2
1997,3
1998,0
1999,1
2000,0
2001,2
2002,1
2003,4
2004,2
2005,1
2006,3
2007,1
2008,1
2009,2
2010,1
2011,3
2012,3
2013,0
2014,5
2015,1
2016,1
2017,1
2018,1
2019,0
2020,0
2021,2
2022,0
2023,2
2024,0
2025,0
2026,3
2027,1
2028,3
2029,2
2030,0
2031,0
2032,2
2033,2
2034,0
2035,1
2036,2
2037,1
2038,1
2039,0
2040,2
2041,1
2042,1
2043,4
2044,3
2045,0
2046,3
2047,3
2048,0
2049,2
2050,3
2051,1
2052,1
2053,3
2054,2
2055,0
2056,4
2057,2
2058,0
2059,1
2060,2
2061,3
2062,1
2063,2
2064,2
2065,3
2066,1
2067,1
2068,2
2069,0
2070,1
2071,2
2072,1
2073,3
2074,1
2075,0
2076,0
2077,3
2078,1
2079,4
2080,0
2081,1
2082,4
2083,2
2084,1
2085,2
2086,1
2087,4
2088,2
2089,2
2090,3
2091,1
2092,2
2093,1
2094,2
2095,4
2096,2
2097,1
2098,0
2099,4
2100,3
2101,3
2102,0
2103,0
2104,2
2105,0
2106,1
2107,1
2108,0
2109,1
2110,0
2111,1
2112,0
2113,1
2114,1
2115,2
2116,1
2117,1
2118,0
2119,0
2120,2
2121,3
2122,1
2123,3
2124,1
2125,3
2126,3
2127,3
2128,1
2129,0
2130,2
2131,0
2132,1
2133,1
2134,4
2135,1
2136,0
2137,1
2138,1
2139,2
2140,0
2141,1
2142,0
2143,3
2144,1
2145,5
2146,1
2147,0
2148,2
2149,1
2150,1
2151,4
2152,2
2153,2
2154,1
2155,1
2156,0
2157,1
2158,4
2159,1
2160,1
2161,2
2162,1
2163,2
2164,1
2165,2
2166,0
2167,2
2168,2
2169,3
2170,2
2171,0
2172,1
2173,1
2174,0
2175,0
2176,3
2177,0
2178,0
2179,4
2180,1
2181,0
2182,2
2183,2
2184,1
2185,1
2186,0
2187,1
2188,0
2189,3
2190,1
2191,1
2192,1
2193,2
2194,3
2195,2
2196,1
2197,3
2198,0
2199,2
2200,0
2201,1
2202,1
2203,2
2204,3
2205,1
2206,2
2207,5
2208,1
2209,2
2210,1
2211,1
2212,3
2213,0
2214,2
2215,1
2216,2
2217,1
2218,2
2219,2
2220,1
2221,2
2222,1
2223,0
2224,1
2225,2
2226,2
2227,3
2228,1
2229,3
2230,4
2231,0
2232,0
2233,1
2234,0
2235,0
2236,2
2237,2
2238,0
2239,1
2240,1
2241,2
2242,4
2243,2
2244,1
2245,1
2246,1
2247,4
2248,2
2249,0
2250,6
2251,2
2252,3
2253,0
2254,2
2255,4
2256,3
2257,1
2258,3
2259,2
2260,1
2261,0
2262,0
2263,0
2264,0
2265,2
2266,2
2267,4
2268,0
2269,2
2270,2
2271,0
2272,4
2273,2
2274,0
2275,0
2276,1
2277,1
2278,1
2279,0
2280,1
2281,2
2282,2
2283,3
2284,1
2285,1
2286,1
2287,2
2288,0
2289,2
2290,1
2291,1
2292,0
2293,0
2294,1
2295,0
2296,1
2297,0
2298,3
2299,2
2300,1
2301,1
2302,1
2303,2
2304,1
2305,1
2306,3
2307,0
2308,0
2309,1
2310,0
2311,1
2312,2
2313,1
2314,2
2315,2
2316,0
2317,3
2318,0
2319,0
2320,0
2321,0
2322,1
2323,2
2324,2
2325,0
2326,2
2327,4
2328,0
2329,2
2330,2
2331,1
2332,2
2333,0
2334,0
2335,2
2336,1
2337,1
2338,1
2339,2
2340,1
2341,1
2342,1
2343,3
2344,3
2345,0
2346,2
2347,2
2348,2
2349,2
2350,0
2351,0
2352,0
2353,2
2354,0
2355,2
2356,0
2357,0
2358,2
2359,4
2360,0
2361,2
2362,2
2363,0
2364,1
2365,2
2366,1
2367,1
2368,1
2369,0
2370,1
2371,3
2372,1
2373,2
2374,0
2375,2
2376,6
2377,0
2378,2
2379,0
2380,1
2381,2
2382,2
2383,2
2384,3
2385,3
2386,0
2387,2
2388,2
2389,1
2390,1
2391,0
2392,7
2393,0
2394,3
2395,1
2396,2
2397,3
2398,2
2399,1
2400,2
2401,1
2402,0
2403,3
2404,2
2405,1
2406,3
2407,3
2408,2
2409,2
2410,1
2411,2
2412,2
2413,1
2414,0
2415,0
2416,1
2417,0
2418,0
2419,1
2420,0
2421,1
2422,3
2423,2
2424,3
2425,1
2426,0
2427,3
2428,1
2429,2
2430,3
2431,0
2432,2
2433,0
2434,1
2435,0
2436,1
2437,2
2438,2
2439,0
2440,2
2441,1
2442,3
2443,0
2444,0
2445,2
2446,3
2447,3
2448,2
2449,1
2450,2
2451,2
2452,1
2453,3
2454,3
2455,2
2456,1
2457,0
2458,0
2459,0
2460,1
2461,0
2462,2
2463,0
2464,3
2465,1
2466,3
2467,5
2468,3
2469,0
2470,2
2471,2
2472,1
2473,3
2474,1
2475,0
2476,0
2477,2
2478,1
2479,1
2480,1
2481,2
2482,2
2483,0
2484,0
2485,1
2486,0
2487,1
2488,3
2489,0
2490,2
2491,0
2492,2
2493,0
2494,1
2495,1
2496,0
2497,1
2498,2
2499,2
2500,1
2501,4
2502,2
2503,2
2504,0
2505,0
2506,1
2507,1
2508,1
2509,2
2510,0
2511,1
2512,2
2513,1
2514,1
2515,3
2516,3
2517,1
2518,0
2519,3
2520,1
2521,1
2522,2
2523,2
2524,2
2525,1
2526,3
2527,2
2528,1
2529,1
2530,1
2531,3
2532,1
2533,1
2534,2
2535,2
2536,1
2537,2
2538,2
2539,2
2540,0
2541,2
2542,1
2543,1
2544,2
2545,0
2546,2
2547,1
2548,2
2549,3
2550,3
2551,0
2552,0
2553,4
2554,1
2555,4
2556,1
2557,0
2558,0
2559,2
2560,2
2561,0
2562,2
2563,2
2564,0
2565,2
2566,2
2567,0
2568,1
2569,0
2570,1
2571,2
2572,3
2573,2
2574,2
2575,1
2576,1
2577,1
2578,1
2579,2
2580,2
2581,1
2582,1
2583,3
2584,1
2585,0
2586,2
2587,0
2588,2
2589,0
2590,1
2591,1
2592,0
2593,3
2594,3
2595,2
2596,2
2597,1
2598,2
2599,3
2600,2
2601,6
2602,0
2603,1
2604,1
2605,1
2606,0
2607,3
2608,2
2609,2
2610,3
2611,1
2612,0
2613,4
2614,3
2615,1
2616,2
2617,2
2618,0
2619,0
2620,2
2621,0
2622,0
2623,3
2624,1
2625,5
2626,0
2627,0
2628,2
2629,2
2630,2
2631,0
2632,2
2633,3
2634,2
2635,3
2636,1
2637,3
2638,0
2639,1
2640,3
2641,2
2642,2
2643,1
2644,2
2645,1
2646,0
2647,1
2648,1
2649,2
2650,2
2651,2
2652,2
2653,0
2654,2
2655,1
2656,1
2657,1
2658,3
2659,1
2660,0
2661,1
2662,1
2663,1
2664,1
2665,2
2666,6
2667,1
2668,0
2669,0
2670,1
2671,4
2672,1
2673,1
2674,0
2675,1
2676,4
2677,2
2678,1
2679,2
2680,1
2681,2
2682,0
2683,3
2684,1
2685,3
2686,1
2687,2
2688,1
2689,0
2690,1
2691,2
2692,0
2693,0
2694,3
2695,1
2696,5
2697,0
2698,1
2699,2
2700,4
2701,3
2702,0
2703,1
2704,0
2705,4
2706,0
2707,0
2708,0
2709,2
2710,0
2711,4
2712,2
2713,4
2714,1
2715,3
2716,2
2717,1
2718,2
2719,2
2720,2
2721,1
2722,3
2723,0
2724,1
2725,0
2726,3
2727,0
2728,2
2729,3
2730,0
2731,3
2732,2
2733,0
2734,0
2735,3
2736,1
2737,1
2738,1
2739,1
2740,2
2741,1
2742,0
2743,0
2744,3
2745,0
2746,1
2747,0
2748,1
2749,3
2750,1
2751,3
2752,4
2753,1
2754,1
2755,0
2756,0
2757,0
2758,1
2759,1
2760,1
2761,1
2762,2
2763,1
2764,1
2765,2
2766,1
2767,0
2768,1
2769,1
2770,2
2771,0
2772,1
2773,3
2774,0
2775,0
2776,2
2777,0
2778,1
2779,0
2780,2
2781,1
2782,2
2783,2
2784,1
2785,1
2786,0
2787,5
2788,2
2789,2
2790,0
2791,1
2792,3
2793,3
2794,0
2795,1
2796,1
2797,0
2798,3
2799,1
2800,0
2801,4
2802,1
2803,1
2804,0
2805,1
2806,3
2807,1
2808,2
2809,0
2810,1
2811,2
2812,4
2813,0
2814,0
2815,3
2816,2
2817,2
2818,0
2819,2
2820,1
2821,1
2822,1
2823,0
2824,0
2825,4
2826,1
2827,0
2828,3
2829,0
2830,3
2831,2
2832,0
2833,2
2834,1
2835,1
2836,1
2837,1
2838,3
2839,2
2840,3
2841,2
2842,0
2843,2
2844,2
2845,1
2846,1
2847,0
2848,1
2849,1
2850,2
2851,0
2852,2
2853,0
2854,1
2855,1
2856,0
2857,4
2858,0
2859,2
2860,2
2861,3
2862,3
2863,0
2864,2
2865,0
2866,4
2867,0
2868,0
2869,0
2870,1
2871,1
2872,1
2873,2
2874,0
2875,2
2876,5
2877,3
2878,0
2879,2
2880,1
2881,1
2882,0
2883,0
2884,2
2885,1
2886,1
2887,0
2888,2
2889,1
2890,1
2891,0
2892,1
2893,4
2894,3
2895,1
2896,1
2897,1
2898,2
2899,2
2900,1
2901,1
2902,2
2903,2
2904,2
2905,0
2906,1
2907,1
2908,0
2909,1
2910,0
2911,1
2912,1
2913,2
2914,1
2915,4
2916,2
2917,1
2918,0
2919,3
2920,2
2921,3
2922,1
2923,2
2924,0
2925,3
2926,2
2927,1
2928,1
2929,1
2930,1
2931,1
2932,1
2933,2
2934,2
2935,3
2936,2
2937,0
2938,1
2939,0
2940,0
2941,2
2942,1
2943,1
2944,1
2945,1
2946,2
2947,0
2948,1
2949,3
2950,3
2951,1
2952,3
2953,1
2954,3
2955,1
2956,0
2957,2
2958,0
2959,0
2960,2
2961,0
2962,0
2963,1
2964,1
2965,0
2966,0
2967,3
2968,0
2969,0
2970,0
2971,0
2972,1
2973,2
2974,0
2975,1
2976,2
2977,1
2978,0
2979,3
2980,4
2981,1
2982,3
2983,2
2984,2
2985,1
2986,2
2987,3
2988,2
2989,0
2990,0
2991,2
2992,1
2993,1
2994,5
2995,3
2996,3
2997,2
2998,4
2999,1
3000,4
3001,1
3002,3
3003,1
3004,2
3005,0
3006,2
3007,2
3008,1
3009,0
3010,0
3011,1
3012,0
3013,1
3014,1
3015,2
3016,2
3017,3
3018,2
3019,4
3020,2
3021,1
3022,0
3023,1
3024,1
3025,2
3026,1
3027,2
3028,0
3029,2
3030,2
3031,1
3032,0
3033,1
3034,2
3035,1
3036,2
3037,2
3038,2
3039,1
3040,1
3041,0
3042,1
3043,0
3044,0
3045,0
3046,0
3047,0
3048,1
3049,1
3050,2
3051,0
3052,2
3053,2
3054,3
3055,1
3056,2
3057,2
3058,2
3059,1
3060,0
3061,2
3062,2
3063,1
3064,1
3065,0
3066,0
3067,4
3068,2
3069,1
3070,2
3071,2
3072,1
3073,3
3074,0
3075,0
3076,1
3077,0
3078,3
3079,1
3080,1
3081,1
3082,0
3083,0
3084,1
3085,4
3086,0
3087,0
3088,2
3089,1
3090,1
3091,1
3092,0
3093,1
3094,1
3095,1
3096,0
3097,3
3098,2
3099,3
3100,1
3101,2
3102,3
3103,0
3104,1
3105,2
3106,3
3107,2
3108,1
3109,1
3110,2
3111,0
3112,2
3113,1
3114,2
3115,2
3116,1
3117,5
3118,2
3119,1
3120,2
3121,2
3122,3
3123,1
3124,1
3125,2
3126,2
3127,2
3128,3
3129,1
3130,1
3131,0
3132,1
3133,2
3134,2
3135,0
3136,1
3137,0
3138,1
3139,3
3140,0
3141,2
3142,0
3143,0
3144,0
3145,0
3146,3
3147,3
3148,3
3149,2
3150,1
3151,2
3152,1
3153,1
3154,1
3155,0
3156,0
3157,3
3158,0
3159,0
3160,0
3161,0
3162,1
3163,0
3164,1
3165,0
3166,2
3167,2
3168,2
3169,0
3170,1
3171,1
3172,2
3173,1
3174,0
3175,3
3176,0
3177,2
3178,1
3179,3
3180,1
3181,1
3182,3
3183,3
3184,1
3185,2
3186,1
3187,2
3188,0
3189,2
3190,1
3191,2
3192,2
3193,1
3194,2
3195,2
3196,1
3197,2
3198,1
3199,0
3200,1
3201,1
3202,2
3203,2
3204,0
3205,1
3206,1
3207,0
3208,0
3209,1
3210,1
3211,1
3212,0
3213,2
3214,2
3215,2
3216,0
3217,3
3218,0
3219,1
3220,1
3221,0
3222,1
3223,1
3224,3
3225,1
3226,2
3227,2
3228,0
3229,1
3230,0
3231,1
3232,1
3233,0
3234,1
3235,1
3236,1
3237,0
3238,1
3239,0
3240,0
3241,0
3242,1
3243,2
3244,1
3245,1
3246,0
3247,3
3248,1
3249,3
3250,1
3251,2
3252,1
3253,1
3254,2
3255,3
3256,1
3257,1
3258,0
3259,2
3260,0
3261,0
3262,0
3263,1
3264,3
3265,0
3266,1
3267,2
3268,2
3269,3
3270,0
3271,1
3272,3
3273,1
3274,2
3275,3
3276,1
3277,1
3278,0
3279,3
3280,2
3281,2
3282,0
3283,2
3284,4
3285,1
3286,2
3287,0
3288,2
3289,0
3290,0
3291,0
3292,1
3293,2
3294,3
3295,1
3296,3
3297,1
3298,0
3299,1
3300,2
3301,1
3302,0
3303,1
3304,4
3305,3
3306,2
3307,0
3308,0
3309,3
3310,3
3311,1
3312,2
3313,1
3314,3
3315,3
3316,2
3317,0
3318,3
3319,1
3320,3
3321,1
3322,1
3323,2
3324,1
3325,4
3326,0
3327,2
3328,4
3329,0
3330,0
3331,1
3332,8
3333,1
3334,1
3335,0
3336,0
3337,1
3338,0
3339,1
3340,1
3341,2
3342,0
3343,1
3344,2
3345,0
3346,3
3347,0
3348,1
3349,1
3350,1
3351,3
3352,1
3353,3
3354,3
3355,4
3356,0
3357,0
3358,2
3359,3
3360,3
3361,3
3362,2
3363,0
3364,2
3365,2
3366,2
3367,2
3368,0
3369,0
3370,1
3371,1
3372,2
3373,1
3374,2
3375,0
3376,1
3377,1
3378,1
3379,2
3380,2
3381,2
3382,2
3383,0
3384,1
3385,1
3386,2
3387,1
3388,0
3389,1
3390,2
3391,2
3392,2
3393,1
3394,2
3395,2
3396,1
3397,0
3398,2
3399,2
3400,1
3401,2
3402,0
3403,1
3404,1
3405,0
3406,0
3407,2
3408,0
3409,1
3410,1
3411,0
3412,1
3413,2
3414,1
3415,1
3416,0
3417,1
3418,1
3419,5
3420,0
3421,0
3422,1
3423,1
3424,2
3425,2
3426,1
3427,0
3428,0
3429,1
3430,2
3431,5
3432,1
3433,3
3434,0
3435,1
3436,2
3437,2
3438,2
3439,2
3440,1
3441,3
3442,3
3443,1
3444,1
3445,0
3446,1
3447,5
3448,4
3449,1
3450,0
3451,0
3452,1
3453,2
3454,0
3455,2
3456,0
3457,1
3458,2
3459,1
3460,1
3461,1
3462,3
3463,1
3464,2
3465,1
3466,3
3467,1
3468,0
3469,1
3470,1
3471,4
3472,3
3473,3
3474,0
3475,2
3476,0
3477,1
3478,1
3479,2
3480,2
3481,2
3482,2
3483,1
3484,0
3485,2
3486,0
3487,4
3488,0
3489,2
3490,1
3491,0
3492,1
3493,1
3494,0
3495,1
3496,3
3497,1
3498,6
3499,0
3500,1
3501,1
3502,2
3503,1
3504,0
3505,1
3506,1
3507,1
3508,2
3509,3
3510,3
3511,0
3512,3
3513,1
3514,1
3515,1
3516,2
3517,0
3518,0
3519,2
3520,0
3521,0
3522,1
3523,0
3524,3
3525,3
3526,0
3527,0
3528,1
3529,1
3530,2
3531,0
3532,2
3533,0
3534,1
3535,2
3536,0
3537,2
3538,1
3539,2
3540,0
3541,0
3542,1
3543,1
3544,2
3545,1
3546,1
3547,0
3548,1
3549,2
3550,5
3551,2
3552,4
3553,1
3554,3
3555,2
3556,2
3557,2
3558,4
3559,0
3560,0
3561,3
3562,1
3563,4
3564,3
3565,1
3566,1
3567,0
3568,1
3569,0
3570,2
3571,1
3572,2
3573,3
3574,1
3575,1
3576,1
3577,1
3578,2
3579,3
3580,0
3581,0
3582,0
3583,3
3584,3
3585,1
3586,2
3587,1
3588,1
3589,3
3590,1
3591,2
3592,2
3593,0
3594,3
3595,1
3596,0
3597,1
3598,1
3599,0
3600,1
3601,3
3602,1
3603,1
3604,3
3605,4
3606,0
3607,2
3608,0
3609,4
3610,1
3611,2
3612,1
3613,0
3614,0
3615,1
3616,5
3617,2
3618,1
3619,1
3620,1
3621,1
3622,2
3623,2
3624,2
3625,1
3626,0
3627,2
3628,0
3629,1
3630,1
3631,1
3632,1
3633,2
3634,1
3635,0
3636,1
3637,0
3638,0
3639,3
3640,0
3641,0
3642,4
3643,0
3644,0
3645,1
3646,2
3647,1
3648,4
3649,2
3650,2
3651,1
3652,1
3653,0
3654,1
3655,2
3656,3
3657,1
3658,1
3659,1
3660,0
3661,2
3662,1
3663,2
3664,1
3665,5
3666,1
3667,0
3668,3
3669,2
3670,1
3671,4
3672,1
3673,0
3674,2
3675,2
3676,3
3677,0
3678,1
3679,1
3680,0
3681,0
3682,1
3683,2
3684,1
3685,1
3686,1
3687,2
3688,3
3689,0
3690,2
3691,3
3692,3
3693,1
3694,2
3695,1
3696,3
3697,1
3698,4
3699,1
3700,2
3701,0
3702,0
3703,3
3704,3
3705,1
3706,3
3707,0
3708,2
3709,1
3710,1
3711,3
3712,2
3713,0
3714,1
3715,3
3716,2
3717,2
3718,0
3719,2
3720,2
3721,4
3722,2
3723,1
3724,2
3725,3
3726,1
3727,3
3728,4
3729,0
3730,1
3731,1
3732,0
3733,2
3734,1
3735,2
3736,0
3737,0
3738,0
3739,1
3740,3
3741,2
3742,1
3743,1
3744,1
3745,1
3746,1
3747,1
3748,1
3749,1
3750,1
3751,0
3752,6
3753,1
3754,3
3755,2
3756,2
3757,0
3758,2
3759,3
3760,2
3761,1
3762,2
3763,2
3764,3
3765,1
3766,4
3767,1
3768,2
3769,0
3770,1
3771,4
3772,3
3773,2
3774,0
3775,4
3776,2
3777,0
3778,0
3779,1
3780,3
3781,1
3782,2
3783,4
3784,0
3785,2
3786,2
3787,0
3788,0
3789,2
3790,2
3791,1
3792,1
3793,1
3794,5
3795,0
3796,0
3797,1
3798,2
3799,1
3800,0
3801,2
3802,2
3803,0
3804,3
3805,4
3806,0
3807,1
3808,0
3809,1
3810,2
3811,1
3812,5
3813,2
3814,0
3815,1
3816,1
3817,1
3818,2
3819,1
3820,2
3821,0
3822,1
3823,3
3824,2
3825,3
3826,1
3827,0
3828,4
3829,0
3830,2
3831,0
3832,1
3833,1
3834,0
3835,1
3836,2
3837,2
3838,1
3839,2
3840,2
3841,1
3842,1
3843,1
3844,1
3845,1
3846,0
3847,1
3848,2
3849,1
3850,2
3851,1
3852,1
3853,3
3854,5
3855,1
3856,2
3857,1
3858,3
3859,0
3860,1
3861,0
3862,0
3863,2
3864,1
3865,1
3866,2
3867,2
3868,1
3869,2
3870,3
3871,0
3872,4
3873,1
3874,0
3875,0
3876,1
3877,3
3878,2
3879,1
3880,1
3881,0
3882,2
3883,2
3884,2
3885,0
3886,1
3887,1
3888,2
3889,0
3890,0
3891,3
3892,2
3893,1
3894,0
3895,2
3896,6
3897,2
3898,1
3899,1
3900,0
3901,2
3902,2
3903,0
3904,1
3905,1
3906,5
3907,5
3908,1
3909,1
3910,2
3911,1
3912,2
3913,0
3914,1
3915,5
3916,2
3917,0
3918,2
3919,1
3920,0
3921,2
3922,2
3923,1
3924,2
3925,3
3926,0
3927,1
3928,1
3929,2
3930,1
3931,1
3932,5
3933,2
3934,1
3935,2
3936,1
3937,1
3938,4
3939,1
3940,0
3941,4
3942,0
3943,1
3944,0
3945,2
3946,1
3947,2
3948,0
3949,2
3950,0
3951,1
3952,3
3953,2
3954,1
3955,1
3956,1
3957,1
3958,1
3959,1
3960,4
3961,1
3962,1
3963,2
3964,0
3965,1
3966,3
3967,3
3968,0
3969,0
3970,0
3971,3
3972,1
3973,1
3974,1
3975,3
3976,0
3977,1
3978,1
3979,1
3980,1
3981,2
3982,3
3983,1
3984,2
3985,2
3986,0
3987,1
3988,0
3989,2
3990,0
3991,1
3992,2
3993,1
3994,2
3995,2
3996,0
3997,1
3998,1
3999,1
4000,2
4001,3
4002,3
4003,2
4004,3
4005,2
4006,1
4007,2
4008,3
4009,1
4010,3
4011,4
4012,1
4013,1
4014,1
4015,1
4016,1
4017,2
4018,0
4019,2
4020,1
4021,2
4022,1
4023,2
4024,0
4025,0
4026,0
4027,2
4028,1
4029,1
4030,1
4031,1
4032,1
4033,1
4034,4
4035,0
4036,0
4037,1
4038,1
4039,1
4040,4
4041,1
4042,2
4043,3
4044,3
4045,3
4046,2
4047,1
4048,0
4049,5
4050,2
4051,4
4052,3
4053,2
4054,0
4055,2
4056,1
4057,5
4058,2
4059,3
4060,3
4061,0
4062,2
4063,2
4064,2
4065,0
4066,2
4067,0
4068,3
4069,1
4070,0
4071,1
4072,1
4073,2
4074,3
4075,3
4076,3
4077,4
4078,0
4079,3
4080,1
4081,2
4082,2
4083,1
4084,2
4085,1
4086,3
4087,3
4088,3
4089,2
4090,1
4091,0
4092,1
4093,5
4094,0
4095,2
4096,4
4097,3
4098,1
4099,4
4100,2
4101,2
4102,1
4103,4
4104,2
4105,1
4106,3
4107,1
4108,2
4109,0
4110,1
4111,3
4112,0
4113,0
4114,1
4115,3
4116,2
4117,0
4118,2
4119,4
4120,4
4121,1
4122,2
4123,0
4124,3
4125,1
4126,1
4127,3
4128,2
4129,2
4130,0
4131,1
4132,2
4133,2
4134,2
4135,2
4136,0
4137,5
4138,0
4139,1
4140,3
4141,1
4142,3
4143,1
4144,0
4145,1
4146,2
4147,3
4148,3
4149,3
4150,1
4151,3
4152,2
4153,1
4154,1
4155,0
4156,2
4157,2
4158,1
4159,1
4160,1
4161,0
4162,0
4163,0
4164,1
4165,3
4166,1
4167,0
4168,1
4169,0
4170,1
4171,4
4172,2
4173,1
4174,1
4175,2
4176,0
4177,1
4178,0
4179,1
4180,0
4181,1
4182,1
4183,1
4184,2
4185,0
4186,1
4187,1
4188,2
4189,0
4190,1
4191,3
4192,1
4193,0
4194,2
4195,2
4196,6
4197,2
4198,2
4199,0
4200,2
4201,1
4202,2
4203,1
4204,4
4205,1
4206,2
4207,2
4208,1
4209,4
4210,2
4211,2
4212,0
4213,1
4214,1
4215,0
4216,0
4217,0
4218,1
4219,3
4220,0
4221,2
4222,1
4223,0
4224,0
4225,2
4226,0
4227,1
4228,1
4229,3
4230,1
4231,2
4232,0
4233,3
4234,0
4235,2
4236,0
4237,4
4238,2
4239,0
4240,1
4241,1
4242,0
4243,2
4244,3
4245,0
4246,2
4247,1
4248,0
4249,1
4250,2
4251,1
4252,0
4253,3
4254,0
4255,2
4256,3
4257,1
4258,1
4259,1
4260,1
4261,2
4262,1
4263,2
4264,2
4265,0
4266,1
4267,1
4268,2
4269,2
4270,1
4271,3
4272,2
4273,4
4274,2
4275,1
4276,1
4277,2
4278,1
4279,4
4280,0
4281,1
4282,1
4283,2
4284,2
4285,0
4286,2
4287,0
4288,1
4289,2
4290,3
4291,0
4292,2
4293,3
4294,0
4295,1
4296,2
4297,1
4298,3
4299,1
4300,1
4301,3
4302,2
4303,2
4304,2
4305,1
4306,1
4307,1
4308,2
4309,1
4310,1
4311,3
4312,2
4313,6
4314,1
4315,1
4316,2
4317,1
4318,0
4319,0
4320,1
4321,1
4322,4
4323,0
4324,3
4325,1
4326,2
4327,0
4328,2
4329,3
4330,0
4331,0
4332,2
4333,2
4334,0
4335,0
4336,1
4337,0
4338,0
4339,0
4340,2
4341,2
4342,0
4343,1
4344,0
4345,1
4346,3
4347,2
4348,1
4349,1
4350,1
4351,2
4352,1
4353,1
4354,1
4355,5
4356,3
4357,0
4358,1
4359,1
4360,2
4361,2
4362,1
4363,1
4364,2
4365,0
4366,3
4367,0
4368,1
4369,2
4370,1
4371,0
4372,4
4373,0
4374,4
4375,3
4376,0
4377,1
4378,0
4379,0
4380,3
4381,2
4382,1
4383,1
4384,1
4385,3
4386,0
4387,0
4388,2
4389,3
4390,0
4391,3
4392,0
4393,0
4394,2
4395,3
4396,2
4397,1
4398,1
4399,4
4400,1
4401,1
4402,1
4403,0
4404,1
4405,1
4406,2
4407,0
4408,3
4409,1
4410,2
4411,1
4412,2
4413,0
4414,1
4415,0
4416,1
4417,4
4418,1
4419,1
4420,0
4421,0
4422,1
4423,2
4424,0
4425,1
4426,3
4427,2
4428,0
4429,0
4430,1
4431,4
4432,0
4433,0
4434,1
4435,3
4436,1
4437,2
4438,0
4439,1
4440,2
4441,4
4442,3
4443,0
4444,1
4445,2
4446,2
4447,0
4448,0
4449,1
4450,3
4451,0
4452,4
4453,0
4454,1
4455,1
4456,2
4457,0
4458,0
4459,1
4460,0
4461,3
4462,2
4463,0
4464,1
4465,1
4466,1
4467,1
4468,1
4469,2
4470,1
4471,1
4472,0
4473,2
4474,0
4475,1
4476,0
4477,2
4478,0
4479,1
4480,1
4481,2
4482,0
4483,0
4484,3
4485,1
4486,1
4487,2
4488,2
4489,2
4490,4
4491,2
4492,2
4493,2
4494,0
4495,0
4496,1
4497,0
4498,1
4499,1
4500,5
4501,1
4502,0
4503,0
4504,2
4505,3
4506,1
4507,3
4508,4
4509,0
4510,3
4511,0
4512,3
4513,0
4514,1
4515,2
4516,1
4517,1
4518,4
4519,0
4520,2
4521,1
4522,0
4523,2
4524,1
4525,0
4526,1
4527,2
4528,2
4529,3
4530,3
4531,2
4532,1
4533,4
4534,1
4535,3
4536,3
4537,2
4538,1
4539,0
4540,2
4541,2
4542,1
4543,2
4544,0
4545,1
4546,4
4547,2
4548,3
4549,1
4550,2
4551,2
4552,1
4553,1
4554,0
4555,2
4556,2
4557,1
4558,1
4559,1
4560,0
4561,0
4562,1
4563,0
4564,0
4565,1
4566,2
4567,1
4568,1
4569,2
4570,2
4571,1
4572,0
4573,2
4574,4
4575,2
4576,0
4577,2
4578,4
4579,1
4580,2
4581,0
4582,3
4583,1
4584,3
4585,1
4586,0
4587,0
4588,2
4589,0
4590,0
4591,1
4592,2
4593,3
4594,4
4595,2
4596,1
4597,1
4598,1
4599,1
4600,1
4601,1
4602,2
4603,2
4604,2
4605,1
4606,0
4607,0
4608,0
4609,2
4610,0
4611,0
4612,2
4613,2
4614,2
4615,2
4616,2
4617,0
4618,1
4619,1
4620,3
4621,0
4622,1
4623,1
4624,1
4625,4
4626,2
4627,0
4628,1
4629,2
4630,2
4631,1
4632,3
4633,3
4634,3
4635,1
4636,0
4637,1
4638,2
4639,0
4640,1
4641,0
4642,3
4643,2
4644,1
4645,1
4646,1
4647,2
4648,2
4649,0
4650,1
4651,2
4652,5
4653,1
4654,3
4655,1
4656,0
4657,2
4658,0
4659,0
4660,1
4661,0
4662,0
4663,3
4664,0
4665,2
4666,4
4667,2
4668,1
4669,1
4670,3
4671,3
4672,1
4673,1
4674,1
4675,1
4676,1
4677,1
4678,3
4679,0
4680,1
4681,1
4682,1
4683,1
4684,3
4685,4
4686,2
4687,0
4688,2
4689,2
4690,1
4691,0
4692,1
4693,3
4694,0
4695,1
4696,1
4697,2
4698,0
4699,2
4700,1
4701,3
4702,2
4703,1
4704,2
4705,0
4706,2
4707,0
4708,1
4709,0
4710,2
4711,1
4712,0
4713,0
4714,1
4715,1
4716,0
4717,3
4718,1
4719,1
4720,2
4721,2
4722,0
4723,1
4724,1
4725,1
4726,0
4727,0
4728,1
4729,1
4730,2
4731,1
4732,2
4733,1
4734,2
4735,5
4736,1
4737,1
4738,3
4739,3
4740,0
4741,1
4742,1
4743,2
4744,4
4745,1
4746,1
4747,1
4748,1
4749,0
4750,1
4751,0
4752,2
4753,4
4754,3
4755,3
4756,1
4757,0
4758,0
4759,2
4760,5
4761,2
4762,0
4763,0
4764,1
4765,1
4766,0
4767,0
4768,3
4769,1
4770,0
4771,0
4772,1
4773,0
4774,0
4775,1
4776,0
4777,0
4778,1
4779,0
4780,2
4781,4
4782,1
4783,0
4784,1
4785,0
4786,0
4787,4
4788,2
4789,1
4790,0
4791,0
4792,0
4793,0
4794,2
4795,0
4796,1
4797,1
4798,2
4799,1
4800,0
4801,2
4802,2
4803,2
4804,2
4805,1
4806,3
4807,4
4808,1
4809,3
4810,1
4811,1
4812,0
4813,0
4814,2
4815,3
4816,0
4817,1
4818,1
4819,2
4820,2
4821,2
4822,5
4823,1
4824,3
4825,1
4826,1
4827,3
4828,4
4829,1
4830,2
4831,3
4832,0
4833,2
4834,3
4835,0
4836,1
4837,0
4838,2
4839,1
4840,3
4841,0
4842,5
4843,1
4844,2
4845,1
4846,0
4847,2
4848,2
4849,1
4850,0
4851,1
4852,1
4853,0
4854,0
4855,1
4856,1
4857,0
4858,2
4859,2
4860,0
4861,2
4862,1
4863,3
4864,1
4865,1
4866,2
4867,0
4868,3
4869,1
4870,0
4871,0
4872,1
4873,1
4874,2
4875,0
4876,3
4877,2
4878,2
4879,3
4880,2
4881,0
4882,3
4883,1
4884,2
4885,1
4886,3
4887,0
4888,1
4889,2
4890,1
4891,1
4892,2
4893,2
4894,0
4895,0
4896,0
4897,1
4898,1
4899,0
4900,1
4901,2
4902,0
4903,0
4904,0
4905,2
4906,4
4907,0
4908,0
4909,1
4910,1
4911,0
4912,3
4913,0
4914,2
4915,1
4916,1
4917,1
4918,3
4919,2
4920,1
4921,1
4922,0
4923,0
4924,2
4925,1
4926,2
4927,2
4928,1
4929,2
4930,0
4931,3
4932,1
4933,0
4934,3
4935,0
4936,2
4937,2
4938,2
4939,1
4940,4
4941,4
4942,0
4943,1
4944,1
4945,1
4946,2
4947,1
4948,3
4949,3
4950,4
4951,2
4952,1
4953,1
4954,4
4955,1
4956,2
4957,2
4958,0
4959,1
4960,2
4961,0
4962,3
4963,0
4964,1
4965,3
4966,3
4967,2
4968,4
4969,1
4970,4
4971,0
4972,1
4973,1
4974,2
4975,2
4976,0
4977,0
4978,0
4979,2
4980,0
4981,2
4982,3
4983,0
4984,4
4985,1
4986,2
4987,2
4988,3
4989,1
4990,0
4991,0
4992,2
4993,2
4994,2
4995,1
4996,3
4997,1
4998,1
4999,4
5000,2
5001,1
5002,1
5003,0
5004,0
5005,0
5006,1
5007,2
5008,0
5009,2
5010,5
5011,0
5012,6
5013,2
5014,2
5015,2
5016,2
5017,3
5018,5
5019,3
5020,1
5021,0
5022,1
5023,0
5024,2
5025,0
5026,2
5027,0
5028,0
5029,0
5030,1
5031,2
5032,3
5033,4
5034,4
5035,0
5036,1
5037,2
5038,3
5039,1
5040,0
5041,1
5042,3
5043,3
5044,1
5045,1
5046,1
5047,2
5048,3
5049,0
5050,1
5051,2
5052,2
5053,1
5054,2
5055,3
5056,2
5057,0
5058,1
5059,4
5060,0
5061,1
5062,3
5063,0
5064,0
5065,1
5066,2
5067,2
5068,4
5069,0
5070,1
5071,0
5072,0
5073,2
5074,2
5075,1
5076,0
5077,0
5078,2
5079,2
5080,0
5081,3
5082,0
5083,3
5084,0
5085,1
5086,2
5087,2
5088,1
5089,4
5090,3
5091,1
5092,1
5093,2
5094,3
5095,1
5096,1
5097,2
5098,3
5099,4
5100,0
5101,2
5102,1
5103,1
5104,1
5105,1
5106,1
5107,3
5108,0
5109,2
5110,0
5111,3
5112,0
5113,3
5114,4
5115,1
5116,0
5117,2
5118,1
5119,1
5120,1
5121,2
5122,5
5123,0
5124,0
5125,1
5126,1
5127,1
5128,1
5129,2
5130,2
5131,2
5132,0
5133,3
5134,0
5135,2
5136,2
5137,0
5138,1
5139,3
5140,0
5141,0
5142,5
5143,1
5144,1
5145,1
5146,2
5147,4
5148,1
5149,7
5150,0
5151,4
5152,1
5153,0
5154,1
5155,1
5156,3
5157,3
5158,0
5159,2
5160,0
5161,1
5162,1
5163,0
5164,4
5165,5
5166,1
5167,0
5168,1
5169,1
5170,0
5171,1
5172,2
5173,3
5174,0
5175,1
5176,2
5177,2
5178,2
5179,2
5180,2
5181,0
5182,3
5183,3
5184,1
5185,1
5186,1
5187,0
5188,1
5189,2
5190,1
5191,3
5192,4
5193,1
5194,0
5195,2
5196,4
5197,0
5198,0
5199,0
5200,1
5201,1
5202,2
5203,1
5204,0
5205,2
5206,2
5207,1
5208,2
5209,0
5210,1
5211,0
5212,1
5213,3
5214,2
5215,0
5216,0
5217,1
5218,0
5219,2
5220,0
5221,0
5222,1
5223,0
5224,1
5225,1
5226,1
5227,0
5228,0
5229,1
5230,1
5231,2
5232,4
5233,1
5234,0
5235,0
5236,1
5237,2
5238,2
5239,1
5240,1
5241,2
5242,2
5243,1
5244,2
5245,0
5246,0
5247,0
5248,2
5249,3
5250,1
5251,0
5252,2
5253,1
5254,0
5255,3
5256,2
5257,1
5258,0
5259,1
5260,5
5261,3
5262,3
5263,0
5264,3
5265,1
5266,2
5267,1
5268,0
5269,1
5270,2
5271,0
5272,3
5273,2
5274,1
5275,0
5276,1
5277,3
5278,1
5279,1
5280,1
5281,2
5282,3
5283,3
5284,2
5285,1
5286,0
5287,6
5288,1
5289,1
5290,2
5291,1
5292,1
5293,3
5294,4
5295,4
5296,0
5297,0
5298,3
5299,1
5300,1
5301,1
5302,2
5303,1
5304,0
5305,1
5306,3
5307,5
5308,1
5309,2
5310,2
5311,0
5312,0
5313,2
5314,1
5315,2
5316,2
5317,1
5318,2
5319,1
5320,1
5321,0
5322,1
5323,1
5324,0
5325,3
5326,0
5327,1
5328,2
5329,0
5330,0
5331,2
5332,2
5333,2
5334,1
5335,2
5336,2
5337,3
5338,4
5339,0
5340,3
5341,2
5342,2
5343,0
5344,1
5345,2
5346,0
5347,2
5348,0
5349,1
5350,3
5351,2
5352,3
5353,2
5354,1
5355,2
5356,2
5357,1
5358,3
5359,1
5360,2
5361,1
5362,2
5363,3
5364,1
5365,2
5366,4
5367,2
5368,1
5369,1
5370,0
5371,3
5372,1
5373,2
5374,1
5375,2
5376,4
5377,1
5378,1
5379,0
5380,1
5381,1
5382,2
5383,1
5384,0
5385,2
5386,2
5387,2
5388,3
5389,2
5390,3
5391,3
5392,0
5393,3
5394,3
5395,2
5396,3
5397,1
5398,3
5399,2
5400,1
5401,5
5402,4
5403,1
5404,1
5405,4
5406,1
5407,3
5408,2
5409,3
5410,6
5411,1
5412,0
5413,1
5414,1
5415,0
5416,2
5417,0
5418,2
5419,2
5420,1
5421,0
5422,1
5423,1
5424,2
5425,3
5426,1
5427,2
5428,2
5429,1
5430,1
5431,4
5432,0
5433,2
5434,2
5435,1
5436,1
5437,1
5438,1
5439,0
5440,5
5441,3
5442,3
5443,2
5444,1
5445,0
5446,0
5447,2
5448,0
5449,0
5450,0
5451,2
5452,3
5453,2
5454,2
5455,1
5456,1
5457,1
5458,3
5459,2
5460,2
5461,5
5462,1
5463,1
5464,2
5465,2
5466,3
5467,0
5468,2
5469,0
5470,2
5471,2
5472,3
5473,0
5474,2
5475,1
5476,0
5477,1
5478,2
5479,0
5480,1
5481,4
5482,4
5483,3
5484,4
5485,0
5486,1
5487,2
5488,3
5489,1
5490,0
5491,2
5492,3
5493,0
5494,3
5495,0
5496,2
5497,2
5498,2
5499,1
5500,0
5501,1
5502,2
5503,0
5504,1
5505,1
5506,1
5507,3
5508,2
5509,0
5510,1
5511,1
5512,2
5513,0
5514,2
5515,2
5516,1
5517,2
5518,3
5519,2
5520,1
5521,2
5522,0
5523,3
5524,3
5525,1
5526,1
5527,3
5528,4
5529,1
5530,1
5531,1
5532,4
5533,1
5534,3
5535,0
5536,1
5537,0
5538,1
5539,2
5540,3
5541,3
5542,0
5543,1
5544,6
5545,3
5546,1
5547,2
5548,4
5549,2
5550,2
5551,1
5552,2
5553,2
5554,0
5555,5
5556,2
5557,1
5558,1
5559,2
5560,1
5561,1
5562,4
5563,2
5564,1
5565,1
5566,0
5567,1
5568,0
5569,0
5570,1
5571,2
5572,2
5573,1
5574,2
5575,1
5576,1
5577,2
5578,1
5579,2
5580,1
5581,0
5582,1
5583,0
5584,1
5585,5
5586,2
5587,4
5588,1
5589,0
5590,1
5591,2
5592,0
5593,3
5594,0
5595,2
5596,0
5597,2
5598,1
5599,1
5600,3
5601,0
5602,1
5603,1
5604,0
5605,1
5606,0
5607,2
5608,4
5609,3
5610,3
5611,1
5612,1
5613,1
5614,0
5615,1
5616,1
5617,2
5618,1
5619,1
5620,4
5621,0
5622,2
5623,1
5624,1
5625,2
5626,2
5627,2
5628,2
5629,0
5630,1
5631,2
5632,0
5633,1
5634,0
5635,4
5636,3
5637,0
5638,0
5639,3
5640,1
5641,3
5642,1
5643,2
5644,3
5645,3
5646,1
5647,3
5648,2
5649,0
5650,2
5651,0
5652,1
5653,0
5654,1
5655,0
5656,2
5657,2
5658,4
5659,3
5660,0
5661,1
5662,2
5663,0
5664,1
5665,0
5666,2
5667,2
5668,3
5669,1
5670,4
5671,0
5672,3
5673,0
5674,1
5675,2
5676,3
5677,0
5678,1
5679,2
5680,0
5681,1
5682,2
5683,1
5684,0
5685,1
5686,1
5687,3
5688,1
5689,3
5690,1
5691,1
5692,3
5693,1
5694,0
5695,0
5696,3
5697,1
5698,3
5699,0
5700,3
5701,3
5702,1
5703,0
5704,2
5705,3
5706,1
5707,3
5708,2
5709,1
5710,1
5711,2
5712,0
5713,5
5714,2
5715,2
5716,2
5717,1
5718,0
5719,2
5720,0
5721,3
5722,0
5723,1
5724,1
5725,2
5726,2
5727,1
5728,5
5729,4
5730,1
5731,1
5732,0
5733,2
5734,1
5735,1
5736,2
5737,2
5738,1
5739,1
5740,1
5741,1
5742,0
5743,2
5744,1
5745,1
5746,2
5747,1
5748,0
5749,5
5750,2
5751,2
5752,2
5753,0
5754,0
5755,5
5756,1
5757,2
5758,1
5759,2
5760,3
5761,1
5762,1
5763,1
5764,2
5765,0
5766,3
5767,2
5768,1
5769,1
5770,1
5771,2
5772,1
5773,0
5774,1
5775,1
5776,2
5777,1
5778,1
5779,0
5780,0
5781,1
5782,4
5783,5
5784,0
5785,4
5786,2
5787,2
5788,2
5789,1
5790,1
5791,2
5792,2
5793,1
5794,1
5795,1
5796,1
5797,0
5798,3
5799,1
5800,0
5801,2
5802,3
5803,1
5804,3
5805,4
5806,1
5807,2
5808,0
5809,0
5810,4
5811,1
5812,2
5813,3
5814,1
5815,0
5816,1
5817,1
5818,2
5819,2
5820,0
5821,1
5822,2
5823,2
5824,2
5825,1
5826,0
5827,2
5828,3
5829,1
5830,2
5831,0
5832,0
5833,2
5834,3
5835,5
5836,2
5837,0
5838,2
5839,2
5840,0
5841,1
5842,1
5843,1
5844,2
5845,1
5846,1
5847,2
5848,1
5849,1
5850,3
5851,2
5852,1
5853,0
5854,3
5855,3
5856,2
5857,3
5858,3
5859,0
5860,2
5861,2
5862,4
5863,1
5864,1
5865,2
5866,3
5867,2
5868,3
5869,2
5870,2
5871,1
5872,0
5873,2
5874,3
5875,0
5876,1
5877,3
5878,6
5879,1
5880,0
5881,0
5882,1
5883,3
5884,0
5885,3
5886,1
5887,2
5888,6
5889,0
5890,1
5891,0
5892,3
5893,5
5894,2
5895,2
5896,3
5897,3
5898,0
5899,1
5900,1
5901,2
5902,3
5903,1
5904,0
5905,2
5906,1
5907,1
5908,3
5909,2
5910,2
5911,2
5912,2
5913,2
5914,3
5915,2
5916,2
5917,2
5918,1
5919,1
5920,0
5921,0
5922,4
5923,2
5924,1
5925,1
5926,4
5927,2
5928,1
5929,0
5930,0
5931,1
5932,1
5933,0
5934,1
5935,0
5936,1
5937,2
5938,2
5939,2
5940,3
5941,3
5942,1
5943,2
5944,2
5945,2
5946,2
5947,0
5948,1
5949,1
5950,0
5951,1
5952,1
5953,2
5954,2
5955,1
5956,0
5957,0
5958,5
5959,2
5960,0
5961,2
5962,0
5963,2
5964,1
5965,2
5966,0
5967,1
5968,1
5969,2
5970,3
5971,1
5972,0
5973,4
5974,1
5975,2
5976,4
5977,0
5978,1
5979,3
5980,2
5981,1
5982,1
5983,1
5984,2
5985,1
5986,3
5987,0
5988,4
5989,0
5990,0
5991,3
5992,2
5993,1
5994,1
5995,0
5996,0
5997,3
5998,2
5999,1
6000,1
6001,1
6002,2
6003,2
6004,6
6005,1
6006,1
6007,1
6008,4
6009,3
6010,3
6011,0
6012,3
6013,1
6014,2
6015,1
6016,1
6017,0
6018,2
6019,1
6020,0
6021,0
6022,2
6023,1
6024,1
6025,1
6026,0
6027,3
6028,1
6029,2
6030,2
6031,1
6032,1
6033,0
6034,2
6035,1
6036,0
6037,2
6038,0
6039,2
6040,0
6041,1
6042,1
6043,1
6044,3
6045,3
6046,0
6047,1
6048,0
6049,1
6050,2
6051,0
6052,1
6053,2
6054,1
6055,1
6056,1
6057,1
6058,3
6059,1
6060,2
6061,4
6062,3
6063,4
6064,1
6065,2
6066,1
6067,1
6068,0
6069,3
6070,2
6071,0
6072,1
6073,2
6074,0
6075,0
6076,0
6077,0
6078,4
6079,1
6080,0
6081,0
6082,1
6083,1
6084,0
6085,1
6086,1
6087,2
6088,2
6089,3
6090,0
6091,1
6092,1
6093,1
6094,2
6095,0
6096,1
6097,3
6098,0
6099,5
6100,3
6101,1
6102,4
6103,4
6104,3
6105,3
6106,1
6107,2
6108,1
6109,3
6110,1
6111,1
6112,1
6113,2
6114,2
6115,1
6116,1
6117,2
6118,2
6119,1
6120,0
6121,0
6122,2
6123,0
6124,3
6125,1
6126,3
6127,3
6128,0
6129,2
6130,1
6131,2
6132,1
6133,1
6134,0
6135,1
6136,0
6137,0
6138,1
6139,2
6140,1
6141,0
6142,1
6143,4
6144,0
6145,1
6146,1
6147,1
6148,1
6149,1
6150,1
6151,3
6152,1
6153,1
6154,1
6155,0
6156,2
6157,1
6158,1
6159,2
6160,2
6161,1
6162,0
6163,4
6164,4
6165,2
6166,3
6167,0
6168,2
6169,0
6170,0
6171,3
6172,1
6173,1
6174,0
6175,1
6176,3
6177,4
6178,0
6179,2
6180,1
6181,3
6182,6
6183,1
6184,2
6185,0
6186,2
6187,1
6188,4
6189,0
6190,2
6191,3
6192,1
6193,0
6194,0
6195,3
6196,1
6197,0
6198,1
6199,3
6200,0
6201,4
6202,2
6203,2
6204,0
6205,4
6206,0
6207,3
6208,1
6209,2
6210,2
6211,2
6212,2
6213,1
6214,2
6215,1
6216,2
6217,2
6218,1
6219,1
6220,3
6221,3
6222,1
6223,2
6224,1
6225,1
6226,1
6227,1
6228,1
6229,5
6230,1
6231,1
6232,2
6233,3
6234,3
6235,0
6236,3
6237,1
6238,2
6239,1
6240,1
6241,2
6242,0
6243,2
6244,2
6245,2
6246,2
6247,3
6248,1
6249,0
6250,2
6251,0
6252,2
6253,0
6254,0
6255,0
6256,0
6257,0
6258,2
6259,3
6260,1
6261,1
6262,0
6263,3
6264,2
6265,0
6266,0
6267,4
6268,1
6269,1
6270,1
6271,1
6272,1
6273,1
6274,2
6275,0
6276,2
6277,1
6278,2
6279,0
6280,0
6281,1
6282,0
6283,2
6284,2
6285,2
6286,1
6287,3
6288,1
6289,1
6290,2
6291,1
6292,0
6293,1
6294,1
6295,1
6296,1
6297,0
6298,1
6299,0
6300,3
6301,3
6302,2
6303,3
6304,1
6305,0
6306,2
6307,0
6308,4
6309,4
6310,0
6311,1
6312,0
6313,1
6314,2
6315,3
6316,0
6317,0
6318,0
6319,1
6320,1
6321,1
6322,0
6323,1
6324,1
6325,0
6326,1
6327,0
6328,0
6329,1
6330,3
6331,1
6332,0
6333,1
6334,1
6335,2
6336,2
6337,1
6338,6
6339,0
6340,0
6341,1
6342,0
6343,0
6344,2
6345,3
6346,0
6347,2
6348,2
6349,0
6350,1
6351,2
6352,0
6353,4
6354,1
6355,1
6356,2
6357,1
6358,0
6359,1
6360,0
6361,1
6362,2
6363,3
6364,2
6365,0
6366,0
6367,1
6368,4
6369,2
6370,2
6371,1
6372,2
6373,2
6374,2
6375,2
6376,2
6377,0
6378,1
6379,0
6380,1
6381,2
6382,1
6383,3
6384,1
6385,0
6386,2
6387,0
6388,2
6389,1
6390,5
6391,1
6392,0
6393,0
6394,3
6395,1
6396,1
6397,1
6398,3
6399,3
6400,2
6401,2
6402,1
6403,1
6404,0
6405,1
6406,2
6407,1
6408,1
6409,3
6410,1
6411,0
6412,2
6413,1
6414,2
6415,1
6416,0
6417,1
6418,1
6419,0
6420,4
6421,2
6422,1
6423,1
6424,2
6425,0
6426,1
6427,1
6428,5
6429,0
6430,3
6431,0
6432,1
6433,2
6434,2
6435,4
6436,2
6437,1
6438,3
6439,2
6440,3
6441,1
6442,3
6443,4
6444,1
6445,2
6446,2
6447,2
6448,1
6449,1
6450,2
6451,2
6452,2
6453,0
6454,1
6455,2
6456,0
6457,2
6458,1
6459,2
6460,0
6461,1
6462,1
6463,2
6464,0
6465,0
6466,1
6467,1
6468,0
6469,1
6470,4
6471,3
6472,2
6473,2
6474,2
6475,0
6476,2
6477,1
6478,2
6479,2
6480,1
6481,1
6482,3
6483,0
6484,2
6485,0
6486,2
6487,0
6488,0
6489,2
6490,1
6491,5
6492,2
6493,1
6494,1
6495,3
6496,2
6497,0
6498,1
6499,1
6500,0
6501,0
6502,2
6503,2
6504,1
6505,2
6506,0
6507,2
6508,0
6509,2
6510,2
6511,1
6512,2
6513,0
6514,1
6515,0
6516,3
6517,2
6518,3
6519,0
6520,1
6521,1
6522,1
6523,0
6524,3
6525,1
6526,5
6527,0
6528,1
6529,0
6530,1
6531,0
6532,0
6533,1
6534,0
6535,2
6536,4
6537,2
6538,4
6539,1
6540,1
6541,2
6542,2
6543,0
6544,3
6545,2
6546,2
6547,3
6548,1
6549,2
6550,0
6551,0
6552,1
6553,3
6554,0
6555,2
6556,5
6557,1
6558,1
6559,1
6560,0
6561,2
6562,1
6563,4
6564,2
6565,2
6566,1
6567,3
6568,0
6569,5
6570,2
6571,0
6572,2
6573,1
6574,1
6575,1
6576,2
6577,4
6578,1
6579,3
6580,0
6581,1
6582,2
6583,4
6584,0
6585,0
6586,0
6587,1
6588,3
6589,1
6590,4
6591,2
6592,3
6593,1
6594,0
6595,0
6596,1
6597,0
6598,4
6599,0
6600,1
6601,2
6602,1
6603,1
6604,0
6605,2
6606,1
6607,1
6608,2
6609,1
6610,0
6611,1
6612,1
6613,1
6614,0
6615,2
6616,1
6617,1
6618,3
6619,1
6620,2
6621,1
6622,3
6623,2
6624,2
6625,1
6626,2
6627,0
6628,3
6629,0
6630,1
6631,3
6632,0
6633,0
6634,1
6635,1
6636,1
6637,0
6638,2
6639,0
6640,4
6641,1
6642,3
6643,0
6644,6
6645,0
6646,4
6647,0
6648,1
6649,2
6650,1
6651,2
6652,0
6653,0
6654,1
6655,0
6656,0
6657,3
6658,0
6659,3
6660,1
6661,1
6662,1
6663,4
6664,0
6665,0
6666,4
6667,1
6668,3
6669,3
6670,1
6671,1
6672,1
6673,2
6674,2
6675,1
6676,1
6677,1
6678,3
6679,0
6680,3
6681,1
6682,1
6683,1
6684,2
6685,1
6686,2
6687,2
6688,1
6689,2
6690,2
6691,2
6692,2
6693,3
6694,4
6695,4
6696,2
6697,0
6698,3
6699,1
6700,0
6701,1
6702,1
6703,1
6704,1
6705,1
6706,1
6707,1
6708,1
6709,3
6710,3
6711,1
6712,4
6713,5
6714,1
6715,0
6716,3
6717,4
6718,1
6719,1
6720,2
6721,1
6722,2
6723,1
6724,2
6725,2
6726,1
6727,2
6728,0
6729,3
6730,1
6731,2
6732,0
6733,1
6734,0
6735,1
6736,0
6737,3
6738,1
6739,1
6740,2
6741,4
6742,4
6743,0
6744,1
6745,2
6746,0
6747,0
6748,2
6749,1
6750,3
6751,4
6752,0
6753,0
6754,2
6755,2
6756,1
6757,2
6758,1
6759,1
6760,1
6761,2
6762,1
6763,0
6764,3
6765,0
6766,1
6767,2
6768,0
6769,1
6770,1
6771,0
6772,3
6773,1
6774,2
6775,2
6776,0
6777,0
6778,4
6779,3
6780,0
6781,1
6782,0
6783,1
6784,0
6785,2
6786,3
6787,2
6788,0
6789,2
6790,2
6791,2
6792,1
6793,1
6794,3
6795,2
6796,1
6797,2
6798,0
6799,2
6800,0
6801,2
6802,2
6803,1
6804,5
6805,2
6806,5
6807,4
6808,0
6809,2
6810,0
6811,1
6812,1
6813,1
6814,0
6815,2
6816,0
6817,1
6818,2
6819,1
6820,2
6821,1
6822,3
6823,1
6824,3
6825,2
6826,1
6827,1
6828,0
6829,2
6830,1
6831,1
6832,0
6833,0
6834,0
6835,0
6836,0
6837,2
6838,3
6839,0
6840,0
6841,2
6842,1
6843,1
6844,1
6845,2
6846,1
6847,1
6848,0
6849,1
6850,4
6851,3
6852,1
6853,4
6854,1
6855,5
6856,1
6857,1
6858,3
6859,0
6860,2
6861,1
6862,1
6863,1
6864,1
6865,0
6866,2
6867,2
6868,0
6869,2
6870,2
6871,2
6872,2
6873,3
6874,2
6875,1
6876,2
6877,0
6878,1
6879,2
6880,1
6881,2
6882,3
6883,1
6884,1
6885,1
6886,2
6887,4
6888,4
6889,0
6890,0
6891,3
6892,2
6893,2
6894,0
6895,1
6896,1
6897,1
6898,2
6899,2
6900,1
6901,1
6902,1
6903,2
6904,0
6905,0
6906,1
6907,3
6908,1
6909,3
6910,0
6911,1
6912,0
6913,0
6914,1
6915,1
6916,0
6917,2
6918,3
6919,2
6920,0
6921,2
6922,4
6923,1
6924,2
6925,2
6926,0
6927,0
6928,2
6929,2
6930,4
6931,0
6932,1
6933,1
6934,0
6935,1
6936,2
6937,3
6938,0
6939,2
6940,1
6941,0
6942,1
6943,0
6944,0
6945,0
6946,0
6947,2
6948,3
6949,2
6950,6
6951,0
6952,1
6953,3
6954,1
6955,4
6956,1
6957,1
6958,3
6959,0
6960,0
6961,1
6962,2
6963,4
6964,4
6965,3
6966,2
6967,2
6968,3
6969,2
6970,1
6971,1
6972,1
6973,0
6974,2
6975,0
6976,0
6977,3
6978,3
6979,3
6980,0
6981,0
6982,0
6983,1
6984,5
6985,3
6986,2
6987,2
6988,2
6989,1
6990,0
6991,1
6992,2
6993,2
6994,2
6995,3
6996,1
6997,0
6998,2
6999,3
7000,3
7001,2
7002,2
7003,1
7004,4
7005,0
7006,0
7007,3
7008,1
7009,2
7010,3
7011,2
7012,0
7013,0
7014,1
7015,0
7016,2
7017,3
7018,0
7019,0
7020,4
7021,0
7022,3
7023,1
7024,1
7025,1
7026,4
7027,1
7028,2
7029,4
7030,1
7031,3
7032,1
7033,1
7034,3
7035,3
7036,1
7037,2
7038,2
7039,4
7040,2
7041,2
7042,2
7043,0
7044,0
7045,3
7046,1
7047,1
7048,0
7049,1
7050,3
7051,2
7052,2
7053,0
7054,2
7055,1
7056,2
7057,2
7058,0
7059,3
7060,2
7061,1
7062,2
7063,1
7064,1
7065,5
7066,2
7067,0
7068,2
7069,2
7070,5
7071,0
7072,1
7073,1
7074,2
7075,5
7076,3
7077,2
7078,1
7079,3
7080,3
7081,2
7082,0
7083,1
7084,0
7085,0
7086,0
7087,3
7088,2
7089,2
7090,6
7091,2
7092,1
7093,0
7094,4
7095,1
7096,0
7097,1
7098,1
7099,3
7100,1
7101,3
7102,2
7103,1
7104,1
7105,0
7106,0
7107,0
7108,2
7109,3
7110,1
7111,1
7112,1
7113,2
7114,2
7115,2
7116,3
7117,1
7118,2
7119,2
7120,0
7121,3
7122,1
7123,0
7124,2
7125,3
7126,0
7127,0
7128,1
7129,1
7130,2
7131,3
7132,2
7133,1
7134,2
7135,1
7136,1
7137,2
7138,1
7139,1
7140,3
7141,0
7142,0
7143,1
7144,1
7145,0
7146,1
7147,1
7148,3
7149,3
7150,1
7151,1
7152,2
7153,2
7154,2
7155,1
7156,3
7157,2
7158,3
7159,2
7160,1
7161,1
7162,2
7163,3
7164,1
7165,2
7166,2
7167,1
7168,3
7169,3
7170,1
7171,3
7172,2
7173,2
7174,1
7175,0
7176,2
7177,3
7178,0
7179,1
7180,2
7181,0
7182,3
7183,1
7184,3
7185,3
7186,0
7187,1
7188,3
7189,3
7190,4
7191,1
7192,2
7193,2
7194,2
7195,1
7196,2
7197,6
7198,1
7199,3
7200,1
7201,2
7202,3
7203,0
7204,1
7205,1
7206,3
7207,1
7208,5
7209,1
7210,1
7211,1
7212,3
7213,2
7214,1
7215,4
7216,2
7217,3
7218,2
7219,2
7220,2
7221,0
7222,0
7223,3
7224,1
7225,1
7226,1
7227,1
7228,3
7229,2
7230,1
7231,0
7232,4
7233,1
7234,1
7235,0
7236,0
7237,1
7238,2
7239,0
7240,0
7241,2
7242,3
7243,0
7244,0
7245,2
7246,3
7247,3
7248,0
7249,2
7250,0
7251,1
7252,3
7253,2
7254,2
7255,1
7256,3
7257,1
7258,0
7259,1
7260,0
7261,0
7262,2
7263,1
7264,1
7265,0
7266,1
7267,2
7268,3
7269,2
7270,1
7271,2
7272,3
7273,1
7274,0
7275,2
7276,2
7277,1
7278,1
7279,3
7280,1
7281,2
7282,1
7283,1
7284,0
7285,4
7286,0
7287,3
7288,2
7289,1
7290,4
7291,1
7292,3
7293,3
7294,1
7295,2
7296,1
7297,1
7298,1
7299,1
7300,2
7301,2
7302,2
7303,0
7304,2
7305,2
7306,0
7307,1
7308,0
7309,1
7310,3
7311,4
7312,2
7313,1
7314,1
7315,1
7316,2
7317,3
7318,3
7319,2
7320,2
7321,3
7322,3
7323,1
7324,1
7325,0
7326,4
7327,2
7328,1
7329,1
7330,2
7331,1
7332,0
7333,0
7334,1
7335,1
7336,2
7337,0
7338,0
7339,1
7340,0
7341,4
7342,1
7343,0
7344,0
7345,0
7346,0
7347,0
7348,0
7349,1
7350,0
7351,1
7352,2
7353,1
7354,3
7355,4
7356,1
7357,1
7358,0
7359,3
7360,2
7361,3
7362,1
7363,2
7364,1
7365,1
7366,0
7367,1
7368,1
7369,2
7370,2
7371,0
7372,5
7373,1
7374,1
7375,1
7376,4
7377,1
7378,1
7379,2
7380,1
7381,0
7382,0
7383,1
7384,3
7385,1
7386,1
7387,2
7388,1
7389,5
7390,1
7391,0
7392,2
7393,1
7394,2
7395,1
7396,2
7397,2
7398,1
7399,2
7400,0
7401,0
7402,3
7403,4
7404,0
7405,2
7406,1
7407,2
7408,0
7409,0
7410,0
7411,2
7412,0
7413,1
7414,2
7415,0
7416,0
7417,2
7418,3
7419,1
7420,2
7421,0
7422,3
7423,3
7424,1
7425,3
7426,2
7427,1
7428,1
7429,4
7430,0
7431,1
7432,2
7433,4
7434,0
7435,1
7436,4
7437,1
7438,5
7439,0
7440,0
7441,0
7442,1
7443,1
7444,1
7445,2
7446,1
7447,0
7448,3
7449,0
7450,0
7451,2
7452,1
7453,2
7454,0
7455,3
7456,2
7457,0
7458,0
7459,1
7460,0
7461,1
7462,0
7463,1
7464,1
7465,0
7466,3
7467,2
7468,0
7469,1
7470,1
7471,1
7472,3
7473,3
7474,1
7475,1
7476,1
7477,2
7478,1
7479,1
7480,1
7481,0
7482,3
7483,4
7484,3
7485,0
7486,1
7487,4
7488,2
7489,0
7490,0
7491,0
7492,2
7493,0
7494,2
7495,3
7496,1
7497,2
7498,2
7499,3
7500,0
7501,0
7502,1
7503,2
7504,1
7505,2
7506,2
7507,1
7508,3
7509,1
7510,1
7511,0
7512,3
7513,1
7514,1
7515,1
7516,0
7517,1
7518,1
7519,2
7520,0
7521,5
7522,1
7523,1
7524,0
7525,2
7526,0
7527,1
7528,1
7529,3
7530,1
7531,0
7532,0
7533,0
7534,1
7535,1
7536,1
7537,3
7538,1
7539,1
7540,1
7541,0
7542,0
7543,2
7544,1
7545,1
7546,0
7547,0
7548,1
7549,0
7550,2
7551,3
7552,1
7553,1
7554,1
7555,2
7556,1
7557,0
7558,2
7559,0
7560,0
7561,1
7562,1
7563,0
7564,2
7565,4
7566,0
7567,0
7568,2
7569,4
7570,2
7571,1
7572,2
7573,1
7574,1
7575,0
7576,1
7577,1
7578,1
7579,1
7580,1
7581,2
7582,2
7583,2
7584,4
7585,2
7586,0
7587,1
7588,1
7589,0
7590,2
7591,4
7592,6
7593,2
7594,0
7595,0
7596,4
7597,1
7598,2
7599,2
7600,2
7601,2
7602,0
7603,0
7604,1
7605,5
7606,2
7607,1
7608,4
7609,2
7610,0
7611,1
7612,2
7613,2
7614,1
7615,0
7616,1
7617,1
7618,0
7619,4
7620,0
7621,2
7622,2
7623,0
7624,3
7625,2
7626,1
7627,1
7628,3
7629,3
7630,3
7631,1
7632,2
7633,0
7634,0
7635,2
7636,0
7637,1
7638,1
7639,0
7640,7
7641,3
7642,0
7643,0
7644,5
7645,2
7646,0
7647,0
7648,3
7649,3
7650,1
7651,0
7652,0
7653,1
7654,1
7655,0
7656,1
7657,0
7658,1
7659,2
7660,1
7661,0
7662,1
7663,2
7664,0
7665,2
7666,0
7667,0
7668,2
7669,1
7670,0
7671,2
7672,1
7673,2
7674,0
7675,2
7676,1
7677,1
7678,2
7679,2
7680,2
7681,2
7682,0
7683,2
7684,2
7685,2
7686,1
7687,2
7688,1
7689,1
7690,2
7691,1
7692,1
7693,3
7694,0
7695,3
7696,0
7697,3
7698,3
7699,1
7700,0
7701,3
7702,2
7703,1
7704,1
7705,5
7706,0
7707,0
7708,3
7709,1
7710,0
7711,0
7712,0
7713,3
7714,0
7715,1
7716,2
7717,1
7718,1
7719,5
7720,2
7721,1
7722,2
7723,3
7724,1
7725,0
7726,0
7727,2
7728,0
7729,1
7730,4
7731,2
7732,1
7733,0
7734,0
7735,2
7736,2
7737,3
7738,2
7739,0
7740,2
7741,0
7742,1
7743,0
7744,0
7745,3
7746,2
7747,0
7748,5
7749,2
7750,2
7751,2
7752,0
7753,0
7754,1
7755,1
7756,5
7757,1
7758,2
7759,3
7760,2
7761,1
7762,1
7763,2
7764,2
7765,0
7766,1
7767,1
7768,2
7769,3
7770,2
7771,2
7772,0
7773,0
7774,1
7775,1
7776,2
7777,1
7778,0
7779,4
7780,2
7781,0
7782,2
7783,3
7784,2
7785,2
7786,1
7787,2
7788,3
7789,1
7790,2
7791,1
7792,1
7793,2
7794,2
7795,0
7796,3
7797,1
7798,0
7799,1
7800,2
7801,3
7802,4
7803,0
7804,0
7805,0
7806,1
7807,1
7808,1
7809,0
7810,2
7811,1
7812,3
7813,1
7814,0
7815,1
7816,3
7817,3
7818,1
7819,1
7820,3
7821,2
7822,0
7823,0
7824,1
7825,1
7826,1
7827,1
7828,2
7829,0
7830,2
7831,1
7832,2
7833,2
7834,0
7835,1
7836,3
7837,0
7838,4
7839,3
7840,2
7841,1
7842,2
7843,1
7844,0
7845,2
7846,2
7847,1
7848,2
7849,2
7850,0
7851,1
7852,0
7853,1
7854,0
7855,0
7856,0
7857,1
7858,4
7859,0
7860,0
7861,1
7862,0
7863,1
7864,1
7865,0
7866,3
7867,1
7868,2
7869,4
7870,1
7871,0
7872,3
7873,2
7874,3
7875,0
7876,1
7877,4
7878,2
7879,3
7880,2
7881,1
7882,0
7883,2
7884,4
7885,1
7886,3
7887,0
7888,1
7889,0
7890,2
7891,1
7892,1
7893,4
7894,1
7895,1
7896,2
7897,3
7898,3
7899,2
7900,1
7901,1
7902,0
7903,3
7904,1
7905,6
7906,1
7907,2
7908,0
7909,1
7910,2
7911,1
7912,2
7913,1
7914,2
7915,2
7916,3
7917,2
7918,2
7919,0
7920,2
7921,1
7922,0
7923,2
7924,2
7925,2
7926,2
7927,1
7928,2
7929,0
7930,2
7931,0
7932,1
7933,4
7934,1
7935,0
7936,1
7937,1
7938,2
7939,1
7940,2
7941,1
7942,0
7943,2
7944,2
7945,0
7946,1
7947,1
7948,2
7949,0
7950,2
7951,1
7952,1
7953,1
7954,4
7955,1
7956,1
7957,2
7958,0
7959,2
7960,1
7961,0
7962,1
7963,0
7964,1
7965,2
7966,5
7967,4
7968,4
7969,1
7970,0
7971,1
7972,1
7973,2
7974,2
7975,0
7976,1
7977,0
7978,1
7979,1
7980,0
7981,1
7982,1
7983,3
7984,1
7985,3
7986,2
7987,0
7988,2
7989,0
7990,1
7991,1
7992,1
7993,0
7994,1
7995,4
7996,3
7997,3
7998,1
7999,0
8000,2
8001,2
8002,1
8003,1
8004,0
8005,1
8006,1
8007,1
8008,4
8009,1
8010,3
8011,0
8012,2
8013,1
8014,3
8015,4
8016,2
8017,3
8018,0
8019,0
8020,1
8021,4
8022,1
8023,3
8024,0
8025,2
8026,3
8027,1
8028,4
8029,1
8030,1
8031,0
8032,0
8033,2
8034,0
8035,3
8036,2
8037,1
8038,0
8039,4
8040,3
8041,2
8042,2
8043,3
8044,1
8045,1
8046,2
8047,1
8048,2
8049,1
8050,1
8051,5
8052,4
8053,1
8054,1
8055,1
8056,0
8057,1
8058,0
8059,2
8060,4
8061,0
8062,3
8063,2
8064,1
8065,2
8066,2
8067,3
8068,1
8069,2
8070,4
8071,0
8072,1
8073,1
8074,2
8075,0
8076,5
8077,0
8078,1
8079,0
8080,1
8081,1
8082,3
8083,0
8084,0
8085,0
8086,2
8087,2
8088,0
8089,3
8090,2
8091,3
8092,2
8093,4
8094,3
8095,1
8096,0
8097,4
8098,1
8099,1
8100,2
8101,2
8102,0
8103,3
8104,2
8105,0
8106,0
8107,0
8108,1
8109,1
8110,0
8111,4
8112,1
8113,2
8114,4
8115,1
8116,1
8117,2
8118,0
8119,2
8120,4
8121,1
8122,1
8123,0
8124,2
8125,2
8126,0
8127,1
8128,1
8129,0
8130,0
8131,1
8132,2
8133,2
8134,1
8135,2
8136,1
8137,0
8138,0
8139,2
8140,1
8141,1
8142,2
8143,2
8144,5
8145,1
8146,2
8147,5
8148,1
8149,1
8150,3
8151,2
8152,0
8153,1
8154,0
8155,2
8156,1
8157,2
8158,1
8159,0
8160,1
8161,0
8162,1
8163,2
8164,1
8165,1
8166,1
8167,3
8168,2
8169,2
8170,1
8171,2
8172,0
8173,3
8174,2
8175,2
8176,0
8177,5
8178,4
8179,2
8180,1
8181,1
8182,2
8183,0
8184,0
8185,3
8186,0
8187,1
8188,2
8189,1
8190,3
8191,0
8192,4
8193,2
8194,1
8195,2
8196,1
8197,0
8198,1
8199,2
8200,0
8201,2
8202,0
8203,1
8204,1
8205,0
8206,2
8207,1
8208,1
8209,0
8210,1
8211,2
8212,2
8213,1
8214,2
8215,1
8216,3
8217,1
8218,0
8219,0
8220,1
8221,1
8222,3
8223,4
8224,2
8225,0
8226,2
8227,2
8228,1
8229,1
8230,3
8231,0
8232,4
8233,2
8234,6
8235,2
8236,1
8237,1
8238,1
8239,3
8240,0
8241,4
8242,0
8243,1
8244,0
8245,2
8246,3
8247,1
8248,3
8249,1
8250,1
8251,3
8252,3
8253,2
8254,3
8255,2
8256,1
8257,1
8258,0
8259,1
8260,1
8261,0
8262,2
8263,3
8264,4
8265,0
8266,1
8267,0
8268,1
8269,1
8270,1
8271,1
8272,1
8273,4
8274,3
8275,2
8276,3
8277,0
8278,1
8279,1
8280,1
8281,2
8282,1
8283,4
8284,0
8285,1
8286,2
8287,0
8288,0
8289,1
8290,1
8291,1
8292,0
8293,1
8294,1
8295,0
8296,3
8297,2
8298,2
8299,2
8300,1
8301,1
8302,0
8303,3
8304,4
8305,0
8306,1
8307,2
8308,1
8309,1
8310,1
8311,2
8312,0
8313,3
8314,1
8315,1
8316,0
8317,1
8318,1
8319,1
8320,0
8321,2
8322,0
8323,1
8324,3
8325,1
8326,0
8327,0
8328,1
8329,1
8330,1
8331,0
8332,1
8333,1
8334,1
8335,1
8336,0
8337,0
8338,1
8339,0
8340,0
8341,3
8342,5
8343,2
8344,2
8345,1
8346,2
8347,4
8348,2
8349,2
8350,1
8351,2
8352,2
8353,2
8354,2
8355,0
8356,1
8357,2
8358,2
8359,3
8360,1
8361,0
8362,3
8363,2
8364,2
8365,1
8366,0
8367,0
8368,0
8369,0
8370,2
8371,3
8372,2
8373,0
8374,1
8375,1
8376,3
8377,1
8378,3
8379,1
8380,1
8381,1
8382,0
8383,0
8384,1
8385,2
8386,4
8387,1
8388,1
8389,2
8390,2
8391,2
8392,2
8393,5
8394,3
8395,1
8396,5
8397,0
8398,4
8399,0
8400,1
8401,0
8402,4
8403,2
8404,3
8405,1
8406,4
8407,2
8408,0
8409,1
8410,1
8411,1
8412,2
8413,0
8414,2
8415,1
8416,2
8417,4
8418,2
8419,0
8420,0
8421,2
8422,0
8423,3
8424,0
8425,4
8426,4
8427,1
8428,2
8429,3
8430,0
8431,2
8432,2
8433,2
8434,3
8435,1
8436,3
8437,1
8438,1
8439,1
8440,2
8441,3
8442,1
8443,1
8444,1
8445,1
8446,0
8447,2
8448,4
8449,1
8450,1
8451,1
8452,1
8453,1
8454,2
8455,6
8456,1
8457,1
8458,1
8459,2
8460,2
8461,0
8462,1
8463,1
8464,3
8465,2
8466,3
8467,0
8468,1
8469,0
8470,6
8471,0
8472,2
8473,2
8474,2
8475,1
8476,2
8477,1
8478,1
8479,0
8480,2
8481,3
8482,0
8483,0
8484,1
8485,0
8486,3
8487,1
8488,0
8489,1
8490,1
8491,1
8492,0
8493,3
8494,3
8495,1
8496,5
8497,3
8498,2
8499,0
8500,2
8501,1
8502,0
8503,1
8504,1
8505,1
8506,0
8507,3
8508,1
8509,2
8510,4
8511,1
8512,1
8513,0
8514,2
8515,0
8516,1
8517,0
8518,1
8519,1
8520,2
8521,2
8522,2
8523,2
8524,3
8525,1
8526,3
8527,1
8528,0
8529,2
8530,1
8531,2
8532,0
8533,1
8534,1
8535,4
8536,3
8537,3
8538,1
8539,2
8540,4
8541,1
8542,1
8543,1
8544,3
8545,1
8546,1
8547,2
8548,4
8549,1
8550,0
8551,1
8552,1
8553,1
8554,2
8555,6
8556,2
8557,2
8558,0
8559,2
8560,4
8561,2
8562,1
8563,0
8564,3
8565,1
8566,1
8567,1
8568,5
8569,0
8570,2
8571,2
8572,1
8573,1
8574,1
8575,1
8576,1
8577,0
8578,0
8579,0
8580,1
8581,2
8582,1
8583,1
8584,3
8585,2
8586,5
8587,1
8588,1
8589,2
8590,0
8591,2
8592,2
8593,2
8594,3
8595,3
8596,1
8597,0
8598,0
8599,1
8600,1
8601,2
8602,0
8603,1
8604,1
8605,2
8606,0
8607,1
8608,0
8609,1
8610,3
8611,0
8612,3
8613,0
8614,2
8615,0
8616,4
8617,3
8618,1
8619,3
8620,2
8621,1
8622,0
8623,0
8624,1
8625,1
8626,3
8627,1
8628,2
8629,3
8630,0
8631,0
8632,2
8633,4
8634,2
8635,0
8636,1
8637,3
8638,1
8639,1
8640,0
8641,4
8642,0
8643,1
8644,0
8645,3
8646,1
8647,5
8648,1
8649,1
8650,1
8651,2
8652,3
8653,1
8654,3
8655,2
8656,1
8657,1
8658,3
8659,2
8660,1
8661,2
8662,2
8663,2
8664,1
8665,4
8666,0
8667,1
8668,2
8669,0
8670,1
8671,2
8672,1
8673,2
8674,2
8675,0
8676,1
8677,2
8678,1
8679,0
8680,1
8681,4
8682,2
8683,2
8684,0
8685,1
8686,1
8687,2
8688,4
8689,1
8690,3
8691,1
8692,1
8693,3
8694,2
8695,2
8696,5
8697,0
8698,0
8699,2
8700,2
8701,3
8702,2
8703,2
8704,1
8705,2
8706,3
8707,2
8708,5
8709,0
8710,0
8711,2
8712,0
8713,2
8714,0
8715,2
8716,2
8717,0
8718,0
8719,1
8720,2
8721,1
8722,0
8723,1
8724,1
8725,0
8726,2
8727,3
8728,2
8729,5
8730,0
8731,1
8732,1
8733,2
8734,2
8735,2
8736,2
8737,1
8738,4
8739,1
8740,3
8741,0
8742,3
8743,1
8744,4
8745,1
8746,0
8747,0
8748,0
8749,1
8750,1
8751,0
8752,2
8753,3
8754,1
8755,0
8756,2
8757,0
8758,3
8759,1
8760,0
8761,1
8762,1
8763,1
8764,0
8765,2
8766,2
8767,2
8768,1
8769,5
8770,1
8771,3
8772,2
8773,3
8774,4
8775,2
8776,1
8777,2
8778,2
8779,0
8780,0
8781,1
8782,3
8783,1
8784,1
8785,1
8786,2
8787,1
8788,0
8789,1
8790,2
8791,4
8792,2
8793,1
8794,2
8795,1
8796,1
8797,3
8798,1
8799,5
8800,0
8801,0
8802,2
8803,2
8804,0
8805,4
8806,0
8807,1
8808,1
8809,2
8810,1
8811,2
8812,2
8813,1
8814,1
8815,1
8816,2
8817,1
8818,0
8819,4
8820,0
8821,0
8822,3
8823,0
8824,0
8825,2
8826,0
8827,2
8828,2
8829,0
8830,1
8831,1
8832,2
8833,2
8834,2
8835,1
8836,3
8837,2
8838,0
8839,2
8840,1
8841,3
8842,2
8843,2
8844,3
8845,2
8846,0
8847,2
8848,3
8849,0
8850,3
8851,1
8852,4
8853,2
8854,0
8855,3
8856,0
8857,0
8858,1
8859,5
8860,1
8861,2
8862,6
8863,3
8864,0
8865,0
8866,1
8867,3
8868,4
8869,0
8870,2
8871,1
8872,1
8873,3
8874,1
8875,2
8876,2
8877,2
8878,2
8879,2
8880,0
8881,2
8882,0
8883,2
8884,0
8885,2
8886,2
8887,1
8888,2
8889,2
8890,1
8891,3
8892,1
8893,2
8894,0
8895,1
8896,1
8897,0
8898,1
8899,1
8900,0
8901,1
8902,1
8903,0
8904,0
8905,0
8906,1
8907,0
8908,0
8909,2
8910,1
8911,0
8912,2
8913,3
8914,0
8915,3
8916,0
8917,1
8918,1
8919,1
8920,0
8921,2
8922,1
8923,1
8924,1
8925,2
8926,0
8927,0
8928,0
8929,2
8930,6
8931,0
8932,1
8933,1
8934,0
8935,0
8936,1
8937,0
8938,0
8939,2
8940,1
8941,2
8942,4
8943,4
8944,1
8945,1
8946,0
8947,2
8948,1
8949,3
8950,1
8951,3
8952,2
8953,0
8954,1
8955,0
8956,1
8957,0
8958,2
8959,2
8960,0
8961,0
8962,0
8963,2
8964,4
8965,0
8966,1
8967,2
8968,2
8969,1
8970,2
8971,1
8972,0
8973,1
8974,2
8975,0
8976,1
8977,2
8978,2
8979,0
8980,1
8981,1
8982,3
8983,0
8984,1
8985,1
8986,1
8987,2
8988,0
8989,1
8990,1
8991,0
8992,1
8993,3
8994,0
8995,1
8996,2
8997,2
8998,0
8999,2
9000,1
9001,2
9002,0
9003,1
9004,2
9005,3
9006,3
9007,1
9008,0
9009,2
9010,0
9011,2
9012,0
9013,2
9014,4
9015,3
9016,2
9017,5
9018,0
9019,5
9020,1
9021,3
9022,0
9023,3
9024,2
9025,5
9026,1
9027,1
9028,3
9029,0
9030,1
9031,5
9032,0
9033,5
9034,0
9035,3
9036,4
9037,4
9038,4
9039,4
9040,2
9041,1
9042,1
9043,0
9044,1
9045,3
9046,2
9047,2
9048,3
9049,4
9050,3
9051,1
9052,3
9053,2
9054,1
9055,1
9056,1
9057,2
9058,0
9059,0
9060,4
9061,2
9062,1
9063,0
9064,1
9065,2
9066,1
