0,2
1,2
2,1
3,0
4,2
5,4
6,1
7,3
8,0
9,1
10,4
11,1
12,1
13,1
14,5
15,2
16,2
17,1
18,2
19,5
20,0
21,2
22,1
23,0
24,1
25,3
26,2
27,3
28,2
29,2
30,0
31,1
32,1
33,2
34,2
35,1
36,2
37,2
38,1
39,1
40,1
41,2
42,1
43,0
44,0
45,1
46,1
47,0
48,3
49,0
50,1
51,1
52,3
53,3
54,3
55,0
56,2
57,1
58,2
59,2
60,2
61,2
62,3
63,4
64,0
65,2
66,3
67,1
68,2
69,0
70,0
71,0
72,0
73,3
74,3
75,0
76,2
77,1
78,0
79,3
80,2
81,2
82,1
83,3
84,4
85,0
86,2
87,1
88,0
89,2
90,2
91,0
92,1
93,3
94,0
95,0
96,1
97,1
98,3
99,1
100,1
101,0
102,1
103,1
104,3
105,2
106,3
107,1
108,0
109,2
110,3
111,3
112,1
113,1
114,3
115,1
116,0
117,0
118,3
119,3
120,4
121,2
122,1
123,3
124,0
125,5
126,1
127,2
128,2
129,2
130,1
131,2
132,0
133,3
134,0
135,5
136,1
137,1
138,0
139,0
140,1
141,1
142,4
143,1
144,2
145,2
146,0
147,3
148,4
149,2
150,2
151,3
152,0
153,1
154,2
155,1
156,2
157,3
158,1
159,3
160,3
161,1
162,3
163,0
164,2
165,2
166,0
167,2
168,3
169,3
170,3
171,2
172,1
173,1
174,1
175,1
176,1
177,2
178,4
179,5
180,0
181,2
182,1
183,0
184,0
185,1
186,1
187,1
188,0
189,1
190,2
191,1
192,1
193,2
194,1
195,1
196,2
197,3
198,0
199,1
200,1
201,4
202,0
203,2
204,2
205,1
206,4
207,2
208,1
209,0
210,3
211,1
212,1
213,4
214,2
215,2
216,3
217,2
218,5
219,1
220,2
221,2
222,2
223,1
224,2
225,2
226,1
227,1
228,0
229,1
230,1
231,1
232,0
233,2
234,1
235,2
236,4
237,3
238,0
239,1
240,2
241,0
242,2
243,1
244,2
245,3
246,0
247,2
248,2
249,1
250,2
251,3
252,0
253,1
254,1
255,2
256,2
257,0
258,3
259,3
260,1
261,1
262,3
263,1
264,2
265,1
266,3
267,2
268,0
269,4
270,5
271,0
272,1
273,2
274,2
275,1
276,3
277,1
278,1
279,1
280,2
281,2
282,5
283,1
284,2
285,2
286,2
287,0
288,1
289,1
290,1
291,2
292,2
293,2
294,1
295,2
296,3
297,0
298,0
299,1
300,1
301,2
302,1
303,0
304,0
305,2
306,3
307,2
308,0
309,2
310,3
311,3
312,3
313,0
314,2
315,7
316,0
317,0
318,4
319,1
320,2
321,1
322,0
323,3
324,1
325,3
326,2
327,0
328,1
329,1
330,0
331,2
332,2
333,2
334,2
335,4
336,1
337,2
338,2
339,5
340,2
341,3
342,4
343,3
344,4
345,1
346,2
347,1
348,1
349,1
350,2
351,0
352,1
353,2
354,1
355,1
356,3
357,1
358,3
359,1
360,3
361,3
362,0
363,1
364,1
365,0
366,2
367,6
368,0
369,1
370,0
371,3
372,2
373,1
374,1
375,1
376,2
377,1
378,4
379,5
380,1
381,1
382,2
383,2
384,1
385,3
386,4
387,3
388,0
389,1
390,2
391,2
392,3
393,0
394,1
395,1
396,1
397,1
398,1
399,1
400,1
401,3
402,0
403,0
404,2
405,3
406,0
407,2
408,1
409,0
410,1
411,1
412,0
413,1
414,4
415,1
416,4
417,5
418,2
419,2
420,2
421,1
422,2
423,3
424,3
425,3
426,2
427,0
428,3
429,2
430,2
431,1
432,3
433,7
434,2
435,3
436,5
437,4
438,1
439,0
440,1
441,3
442,3
443,0
444,1
445,3
446,0
447,1
448,0
449,6
450,1
451,3
452,1
453,2
454,1
455,0
456,0
457,1
458,0
459,2
460,1
461,2
462,1
463,0
464,1
465,2
466,1
467,2
468,0
469,0
470,1
471,1
472,3
473,4
474,1
475,2
476,1
477,4
478,0
479,1
480,3
481,4
482,1
483,3
484,2
485,3
486,2
487,4
488,3
489,3
490,2
491,1
492,1
493,2
494,1
495,2
496,1
497,1
498,1
499,1
500,0
501,1
502,4
503,1
504,4
505,6
506,1
507,0
508,1
509,1
510,3
511,1
512,2
513,3
514,3
515,4
516,1
517,3
518,3
519,0
520,4
521,5
522,0
523,3
524,4
525,3
526,2
527,3
528,5
529,3
530,2
531,2
532,1
533,1
534,1
535,2
536,5
537,0
538,4
539,3
540,1
541,0
542,1
543,2
544,2
545,0
546,1
547,3
548,3
549,2
550,2
551,0
552,3
553,3
554,0
555,4
556,2
557,2
558,2
559,3
560,0
561,1
562,0
563,0
564,2
565,2
566,1
567,1
568,1
569,1
570,3
571,1
572,3
573,1
574,4
575,1
576,0
577,2
578,4
579,1
580,1
581,2
582,2
583,0
584,3
585,3
586,1
587,1
588,3
589,4
590,1
591,2
592,1
593,1
594,2
595,1
596,1
597,2
598,1
599,1
600,1
601,0
602,0
603,2
604,6
605,2
606,1
607,4
608,2
609,1
610,1
611,5
612,1
613,1
614,2
615,1
616,2
617,3
618,1
619,2
620,2
621,3
622,1
623,1
624,3
625,4
626,3
627,0
628,2
629,2
630,0
631,2
632,2
633,3
634,1
635,1
636,1
637,2
638,3
639,2
640,0
641,0
642,4
643,0
644,2
645,2
646,2
647,1
648,2
649,0
650,0
651,1
652,4
653,1
654,2
655,4
656,2
657,0
658,2
659,0
660,2
661,2
662,4
663,2
664,1
665,1
666,2
667,2
668,0
669,2
670,1
671,1
672,4
673,0
674,0
675,5
676,1
677,0
678,0
679,0
680,1
681,0
682,0
683,2
684,1
685,1
686,1
687,0
688,1
689,1
690,3
691,0
692,1
693,4
694,3
695,1
696,1
697,2
698,2
699,2
700,1
701,1
702,1
703,2
704,2
705,1
706,0
707,2
708,1
709,1
710,1
711,1
712,3
713,0
714,3
715,1
716,1
717,0
718,5
719,1
720,1
721,4
722,2
723,1
724,3
725,3
726,0
727,3
728,3
729,3
730,3
731,1
732,3
733,0
734,0
735,1
736,0
737,4
738,3
739,1
740,0
741,1
742,0
743,1
744,0
745,1
746,3
747,2
748,3
749,2
750,0
751,0
752,3
753,3
754,0
755,4
756,1
757,4
758,0
759,1
760,2
761,1
762,0
763,0
764,2
765,0
766,2
767,2
768,0
769,4
770,2
771,2
772,2
773,4
774,1
775,2
776,0
777,1
778,2
779,1
780,2
781,1
782,1
783,2
784,1
785,2
786,3
787,1
788,0
789,3
790,1
791,0
792,4
793,2
794,1
795,1
796,1
797,0
798,1
799,3
800,1
801,1
802,1
803,1
804,3
805,3
806,1
807,1
808,4
809,1
810,3
811,4
812,1
813,2
814,1
815,0
816,1
817,1
818,3
819,5
820,4
821,1
822,4
823,1
824,2
825,1
826,1
827,2
828,0
829,1
830,3
831,1
832,0
833,1
834,4
835,3
836,1
837,1
838,0
839,1
840,2
841,1
842,0
843,3
844,3
845,1
846,0
847,0
848,3
849,3
850,0
851,0
852,5
853,1
854,0
855,2
856,2
857,2
858,2
859,0
860,1
861,4
862,3
863,5
864,2
865,0
866,1
867,2
868,3
869,0
870,0
871,1
872,5
873,1
874,0
875,0
876,0
877,0
878,0
879,1
880,0
881,2
882,1
883,2
884,1
885,0
886,3
887,0
888,1
889,0
890,1
891,0
892,0
893,1
894,1
895,3
896,2
897,1
898,0
899,6
900,0
901,0
902,0
903,2
904,1
905,2
906,2
907,0
908,1
909,3
910,1
911,2
912,1
913,3
914,4
915,3
916,1
917,1
918,4
919,0
920,1
921,3
922,3
923,1
924,2
925,5
926,0
927,1
928,2
929,4
930,1
931,3
932,1
933,1
934,1
935,3
936,1
937,2
938,4
939,1
940,3
941,0
942,2
943,5
944,1
945,6
946,2
947,1
948,2
949,5
950,0
951,2
952,3
953,3
954,3
955,2
956,1
957,3
958,1
959,3
960,2
961,1
962,2
963,3
964,5
965,1
966,5
967,1
968,1
969,1
970,1
971,5
972,2
973,0
974,3
975,2
976,4
977,1
978,0
979,2
980,1
981,1
982,2
983,3
984,2
985,4
986,0
987,4
988,0
989,2
990,3
991,5
992,3
993,3
994,1
995,1
996,1
997,1
998,3
999,1
1000,3
1001,2
1002,1
1003,1
1004,2
1005,1
1006,0
1007,5
1008,1
1009,1
1010,1
1011,2
1012,2
1013,4
1014,3
1015,2
1016,1
1017,2
1018,0
1019,2
1020,1
1021,1
1022,1
1023,1
1024,3
1025,3
1026,0
1027,4
1028,1
1029,1
1030,0
1031,7
1032,3
1033,2
1034,0
1035,2
1036,1
1037,0
1038,1
1039,2
1040,1
1041,0
1042,1
1043,4
1044,1
1045,2
1046,2
1047,0
1048,2
1049,1
1050,0
1051,2
1052,2
1053,2
1054,2
1055,2
1056,2
1057,2
1058,2
1059,4
1060,0
1061,0
1062,2
1063,1
1064,1
1065,2
1066,1
1067,1
1068,0
1069,1
1070,1
1071,3
1072,0
1073,3
1074,2
1075,1
1076,1
1077,1
1078,2
1079,3
1080,2
1081,1
1082,2
1083,2
1084,0
1085,3
1086,3
1087,2
1088,1
1089,2
1090,2
1091,3
1092,2
1093,1
1094,3
1095,1
1096,1
1097,1
1098,0
1099,2
1100,1
1101,3
1102,3
1103,1
1104,4
1105,1
1106,2
1107,5
1108,1
1109,0
1110,2
1111,2
1112,1
1113,2
1114,1
1115,1
1116,1
1117,2
1118,2
1119,0
1120,2
1121,4
1122,2
1123,1
1124,1
1125,1
1126,2
1127,0
1128,0
1129,2
1130,4
1131,2
1132,2
1133,1
1134,1
1135,0
1136,2
1137,1
1138,3
1139,0
1140,3
1141,0
1142,2
1143,2
1144,1
1145,2
1146,0
1147,3
1148,0
1149,1
1150,1
1151,0
1152,3
1153,0
1154,0
1155,2
1156,2
1157,4
1158,2
1159,0
1160,1
1161,2
1162,0
1163,2
1164,3
1165,1
1166,1
1167,0
1168,0
1169,0
1170,0
1171,2
1172,1
1173,1
1174,0
1175,1
1176,2
1177,2
1178,7
1179,2
1180,4
1181,3
1182,3
1183,0
1184,3
1185,3
1186,2
1187,1
1188,1
1189,3
1190,0
1191,3
1192,2
1193,0
1194,1
1195,1
1196,0
1197,0
1198,0
1199,0
1200,2
1201,3
1202,1
1203,1
1204,0
1205,1
1206,4
1207,2
1208,2
1209,2
1210,2
1211,2
1212,2
1213,2
1214,0
1215,1
1216,2
1217,1
1218,1
1219,6
1220,2
1221,1
1222,0
1223,4
1224,3
1225,2
1226,3
1227,0
1228,0
1229,0
1230,0
1231,3
1232,3
1233,1
1234,6
1235,1
1236,1
1237,3
1238,4
1239,1
1240,0
1241,3
1242,1
1243,3
1244,0
1245,0
1246,2
1247,0
1248,1
1249,2
1250,2
1251,2
1252,0
1253,2
1254,1
1255,2
1256,4
1257,2
1258,1
1259,2
1260,4
1261,1
1262,1
1263,0
1264,3
1265,2
1266,0
1267,1
1268,1
1269,1
1270,0
1271,4
1272,0
1273,1
1274,2
1275,4
1276,2
1277,2
1278,1
1279,1
1280,4
1281,4
1282,0
1283,2
1284,0
1285,0
1286,1
1287,0
1288,1
1289,2
1290,2
1291,3
1292,2
1293,1
1294,0
1295,1
1296,4
1297,1
1298,1
1299,3
1300,2
1301,4
1302,1
1303,1
1304,0
1305,1
1306,1
1307,1
1308,1
1309,4
1310,1
1311,2
1312,1
1313,2
1314,2
1315,3
1316,1
1317,1
1318,1
1319,0
1320,2
1321,3
1322,3
1323,1
1324,1
1325,7
1326,1
1327,1
1328,4
1329,0
1330,4
1331,2
1332,0
1333,1
1334,3
1335,3
1336,2
1337,0
1338,2
1339,0
1340,3
1341,3
1342,1
1343,0
1344,4
1345,3
1346,1
1347,4
1348,0
1349,0
1350,2
1351,2
1352,2
1353,2
1354,4
1355,2
1356,1
1357,0
1358,2
1359,1
1360,0
1361,0
1362,4
1363,1
1364,3
1365,3
1366,1
1367,1
1368,1
1369,2
1370,0
1371,2
1372,0
1373,1
1374,1
1375,2
1376,1
1377,2
1378,2
1379,2
1380,1
1381,0
1382,0
1383,1
1384,4
1385,2
1386,2
1387,0
1388,1
1389,3
1390,3
1391,0
1392,3
1393,1
1394,6
1395,2
1396,0
1397,0
1398,1
1399,4
1400,4
1401,3
1402,0
1403,3
1404,3
1405,3
1406,2
1407,2
1408,0
1409,3
1410,1
1411,1
1412,0
1413,0
1414,2
1415,2
1416,0
1417,2
1418,2
1419,3
1420,3
1421,2
1422,2
1423,1
1424,3
1425,1
1426,0
1427,1
1428,4
1429,1
1430,5
1431,1
1432,1
1433,1
1434,2
1435,2
1436,1
1437,0
1438,0
1439,0
1440,2
1441,2
1442,1
1443,2
1444,2
1445,4
1446,1
1447,1
1448,3
1449,0
1450,0
1451,5
1452,0
1453,2
1454,1
1455,0
1456,3
1457,3
1458,3
1459,1
1460,3
1461,1
1462,0
1463,0
1464,1
1465,2
1466,2
1467,2
1468,1
1469,1
1470,2
1471,0
1472,3
1473,3
1474,3
1475,1
1476,2
1477,1
1478,1
1479,1
1480,1
1481,3
1482,1
1483,1
1484,1
1485,1
1486,2
1487,1
1488,4
1489,0
1490,3
1491,1
1492,2
1493,0
1494,1
1495,2
1496,2
1497,3
1498,0
1499,3
1500,2
1501,3
1502,2
1503,3
1504,3
1505,2
1506,0
1507,1
1508,3
1509,0
1510,2
1511,1
1512,2
1513,6
1514,4
1515,3
1516,2
1517,0
1518,4
1519,2
1520,1
1521,3
1522,1
1523,0
1524,2
1525,1
1526,4
1527,2
1528,5
1529,0
1530,1
1531,2
1532,4
1533,3
1534,2
1535,0
1536,1
1537,2
1538,1
1539,0
1540,2
1541,0
1542,2
1543,3
1544,4
1545,1
1546,4
1547,0
1548,3
1549,1
1550,2
1551,2
1552,2
1553,3
1554,0
1555,1
1556,0
1557,3
1558,1
1559,2
1560,0
1561,2
1562,1
1563,2
1564,1
1565,1
1566,2
1567,1
1568,3
1569,2
1570,2
1571,2
1572,0
1573,0
1574,6
1575,1
1576,3
1577,1
1578,1
1579,2
1580,4
1581,1
1582,1
1583,1
1584,4
1585,1
1586,1
1587,2
1588,1
1589,0
1590,2
1591,3
1592,2
1593,1
1594,2
1595,5
1596,1
1597,2
1598,1
1599,2
1600,2
1601,1
1602,0
1603,1
1604,1
1605,0
1606,0
1607,2
1608,0
1609,5
1610,4
1611,2
1612,1
1613,4
1614,0
1615,2
1616,0
1617,2
1618,1
1619,2
1620,1
1621,1
1622,1
1623,1
1624,1
1625,4
1626,1
1627,0
1628,2
1629,0
1630,1
1631,1
1632,2
1633,1
1634,4
1635,2
1636,3
1637,1
1638,2
1639,1
1640,1
1641,3
1642,2
1643,1
1644,4
1645,2
1646,1
1647,2
1648,1
1649,0
1650,1
1651,1
1652,3
1653,2
1654,3
1655,0
1656,2
1657,2
1658,3
1659,1
1660,2
1661,0
1662,2
1663,3
1664,2
1665,5
1666,0
1667,3
1668,2
1669,2
1670,4
1671,4
1672,2
1673,2
1674,1
1675,4
1676,2
1677,2
1678,3
1679,1
1680,4
1681,0
1682,1
1683,3
1684,3
1685,3
1686,1
1687,2
1688,1
1689,1
1690,3
1691,5
1692,4
1693,1
1694,2
1695,1
1696,2
1697,4
1698,0
1699,3
1700,3
1701,2
1702,3
1703,3
1704,2
1705,2
1706,0
1707,1
1708,3
1709,2
1710,2
1711,0
1712,1
1713,0
1714,1
1715,1
1716,1
1717,0
1718,2
1719,3
1720,1
1721,1
1722,2
1723,1
1724,1
1725,6
1726,2
1727,1
1728,2
1729,2
1730,1
1731,0
1732,5
1733,2
1734,2
1735,1
1736,1
1737,2
1738,4
1739,2
1740,1
1741,1
1742,0
1743,2
1744,1
1745,0
1746,1
1747,1
1748,2
1749,3
1750,0
1751,2
1752,1
1753,2
1754,1
1755,0
1756,1
1757,1
1758,2
1759,4
1760,0
1761,4
1762,0
1763,1
1764,3
1765,1
1766,0
1767,2
1768,0
1769,1
1770,4
1771,0
1772,1
1773,1
1774,2
1775,2
1776,0
1777,2
1778,2
1779,1
1780,2
1781,2
1782,3
1783,2
1784,0
1785,0
1786,3
1787,5
1788,2
1789,1
1790,2
1791,0
1792,1
1793,1
1794,1
1795,1
1796,6
1797,2
1798,2
1799,1
1800,3
1801,2
1802,2
1803,1
1804,1
1805,3
1806,1
1807,1
1808,3
1809,2
1810,4
1811,1
1812,2
1813,3
1814,2
1815,2
1816,3
1817,2
1818,1
1819,2
1820,1
1821,2
1822,1
1823,4
1824,6
1825,2
1826,2
1827,0
1828,1
1829,1
1830,2
1831,1
1832,3
1833,1
1834,2
1835,0
1836,4
1837,1
1838,0
1839,3
1840,4
1841,0
1842,5
1843,1
1844,1
1845,1
1846,3
1847,7
1848,2
1849,1
1850,1
1851,3
1852,1
1853,1
1854,3
1855,1
1856,1
1857,1
1858,1
1859,3
1860,3
1861,1
1862,0
1863,3
1864,1
1865,1
1866,2
1867,3
1868,1
1869,1
1870,1
1871,3
1872,0
1873,1
1874,3
1875,4
1876,1
1877,2
1878,2
1879,0
1880,0
1881,3
1882,1
1883,2
1884,3
1885,5
1886,1
1887,1
1888,1
1889,2
1890,0
1891,2
1892,1
1893,4
1894,1
1895,1
1896,3
1897,2
1898,3
1899,0
1900,0
1901,3
1902,1
1903,1
1904,3
1905,2
1906,5
1907,1
1908,0
1909,0
1910,5
1911,0
1912,2
1913,0
1914,1
1915,0
1916,1
1917,2
1918,2
1919,3
1920,2
1921,2
1922,2
1923,2
1924,2
1925,1
1926,2
1927,0
1928,1
1929,3
1930,1
1931,2
1932,0
1933,2
1934,1
1935,1
1936,0
1937,3
1938,2
1939,4
1940,1
1941,1
1942,1
1943,1
1944,0
1945,3
1946,2
1947,1
1948,0
1949,0
1950,4
1951,0
1952,2
1953,0
1954,1
1955,0
1956,2
1957,1
1958,3
1959,2
1960,3
1961,1
1962,2
1963,3
1964,1
1965,3
1966,0
1967,3
1968,0
1969,3
1970,2
1971,3
1972,2
1973,1
1974,0
1975,3
1976,1
1977,2
1978,4
1979,2
1980,0
1981,0
1982,2
1983,4
1984,1
1985,0
1986,1
1987,4
1988,1
1989,2
1990,1
1991,2
1992,6
1993,4
1994,1
1995,1
1996,0
1997,2
1998,2
1999,3
2000,4
2001,2
2002,0
2003,1
2004,0
2005,8
2006,1
2007,3
2008,4
2009,2
2010,0
2011,3
2012,1
2013,1
2014,1
2015,1
2016,3
2017,1
2018,4
2019,4
2020,5
2021,1
2022,0
2023,3
2024,4
2025,0
2026,0
2027,2
2028,4
2029,2
2030,4
2031,0
2032,5
2033,2
2034,3
2035,2
2036,0
2037,2
2038,3
2039,1
2040,6
2041,2
2042,2
2043,1
2044,5
2045,1
2046,4
2047,2
2048,2
2049,3
2050,4
2051,2
2052,2
2053,4
2054,2
2055,0
2056,4
2057,2
2058,2
2059,0
2060,1
2061,1
2062,0
2063,3
2064,0
2065,2
2066,0
2067,0
2068,1
2069,3
2070,2
2071,2
2072,2
2073,1
2074,3
2075,1
2076,3
2077,2
2078,0
2079,2
2080,4
2081,1
2082,2
2083,0
2084,6
2085,2
2086,1
2087,0
2088,2
2089,1
2090,1
2091,2
2092,2
2093,1
2094,4
2095,1
2096,2
2097,1
2098,0
2099,2
2100,3
2101,1
2102,0
2103,3
2104,2
2105,4
2106,3
2107,5
2108,0
2109,2
2110,2
2111,1
2112,1
2113,1
2114,1
2115,3
2116,3
2117,3
2118,2
2119,3
2120,1
2121,0
2122,3
2123,5
2124,4
2125,2
2126,2
2127,1
2128,0
2129,2
2130,2
2131,2
2132,2
2133,3
2134,0
2135,3
2136,1
2137,5
2138,5
2139,0
2140,1
2141,2
2142,0
2143,3
2144,1
2145,0
2146,3
2147,0
2148,0
2149,2
2150,0
2151,0
2152,3
2153,3
2154,2
2155,1
2156,0
2157,1
2158,3
2159,1
2160,2
2161,3
2162,2
2163,1
2164,5
2165,1
2166,1
2167,2
2168,0
2169,1
2170,4
2171,2
2172,3
2173,3
2174,1
2175,5
2176,3
2177,2
2178,1
2179,3
2180,3
2181,4
2182,4
2183,0
2184,2
2185,1
2186,2
2187,3
2188,1
2189,1
2190,2
2191,1
2192,1
2193,2
2194,0
2195,2
2196,0
2197,2
2198,1
2199,3
2200,3
2201,2
2202,2
2203,1
2204,2
2205,1
2206,1
2207,1
2208,1
2209,1
2210,1
2211,3
2212,1
2213,2
2214,1
2215,3
2216,2
2217,2
2218,2
2219,2
2220,3
2221,3
2222,0
2223,1
2224,2
2225,1
2226,1
2227,3
2228,5
2229,2
2230,2
2231,4
2232,0
2233,6
2234,1
2235,1
2236,2
2237,0
2238,0
2239,1
2240,0
2241,0
2242,2
2243,1
2244,1
2245,1
2246,1
2247,0
2248,2
2249,0
2250,3
2251,1
2252,3
2253,2
2254,2
2255,1
2256,0
2257,2
2258,1
2259,0
2260,0
2261,1
2262,2
2263,3
2264,1
2265,3
2266,1
2267,1
2268,0
2269,2
2270,2
2271,3
2272,2
2273,2
2274,3
2275,2
2276,2
2277,3
2278,2
2279,1
2280,1
2281,1
2282,1
2283,2
2284,4
2285,2
2286,1
2287,1
2288,2
2289,1
2290,0
2291,1
2292,3
2293,1
2294,2
2295,0
2296,0
2297,2
2298,1
2299,2
2300,1
2301,0
2302,3
2303,0
2304,1
2305,1
2306,2
2307,1
2308,2
2309,0
2310,1
2311,2
2312,2
2313,2
2314,0
2315,2
2316,1
2317,0
2318,1
2319,1
2320,2
2321,3
2322,1
2323,1
2324,3
2325,2
2326,1
2327,0
2328,1
2329,0
2330,2
2331,0
2332,0
2333,2
2334,0
2335,2
2336,4
2337,3
2338,2
2339,0
2340,2
2341,0
2342,0
2343,1
2344,1
2345,0
2346,3
2347,4
2348,0
2349,1
2350,2
2351,1
2352,0
2353,0
2354,3
2355,2
2356,1
2357,1
2358,5
2359,2
2360,4
2361,0
2362,0
2363,4
2364,0
2365,5
2366,2
2367,0
2368,2
2369,2
2370,2
2371,1
2372,1
2373,1
2374,1
2375,2
2376,0
2377,3
2378,1
2379,2
2380,1
2381,2
2382,1
2383,3
2384,0
2385,2
2386,2
2387,1
2388,1
2389,1
2390,1
2391,3
2392,3
2393,2
2394,3
2395,0
2396,1
2397,0
2398,0
2399,0
2400,5
2401,2
2402,2
2403,1
2404,0
2405,2
2406,0
2407,3
2408,0
2409,0
2410,0
2411,1
2412,2
2413,1
2414,2
2415,3
2416,1
2417,3
2418,2
2419,5
2420,4
2421,1
2422,1
2423,0
2424,3
2425,1
2426,3
2427,0
2428,1
2429,0
2430,3
2431,4
2432,2
2433,4
2434,2
2435,1
2436,2
2437,3
2438,0
2439,2
2440,3
2441,0
2442,1
2443,2
2444,2
2445,2
2446,2
2447,2
2448,2
2449,2
2450,0
2451,5
2452,1
2453,2
2454,4
2455,0
2456,2
2457,1
2458,2
2459,3
2460,1
2461,1
2462,3
2463,4
2464,1
2465,2
2466,1
2467,1
2468,1
2469,4
2470,3
2471,0
2472,1
2473,2
2474,3
2475,2
2476,4
2477,5
2478,0
2479,2
2480,3
2481,2
2482,3
2483,2
2484,3
2485,3
2486,1
2487,5
2488,1
2489,0
2490,4
2491,3
2492,3
2493,3
2494,1
2495,1
2496,3
2497,2
2498,4
2499,2
2500,0
2501,1
2502,4
2503,2
2504,1
2505,3
2506,2
2507,4
2508,0
2509,1
2510,2
2511,1
2512,1
2513,1
2514,2
2515,0
2516,3
2517,1
2518,1
2519,2
2520,1
2521,1
2522,1
2523,4
2524,1
2525,0
2526,3
2527,1
2528,0
2529,1
2530,0
2531,3
2532,1
2533,2
2534,1
2535,1
2536,1
2537,2
2538,0
2539,3
2540,2
2541,3
2542,2
2543,3
2544,1
2545,3
2546,1
2547,2
2548,0
2549,3
2550,1
2551,3
2552,3
2553,3
2554,2
2555,4
2556,2
2557,1
2558,2
2559,4
2560,1
2561,0
2562,1
2563,6
2564,3
2565,1
2566,6
2567,0
2568,0
2569,4
2570,1
2571,2
2572,0
2573,0
2574,5
2575,1
2576,1
2577,2
2578,0
2579,3
2580,3
2581,2
2582,1
2583,2
2584,1
2585,1
2586,1
2587,0
2588,0
2589,1
2590,1
2591,0
2592,3
2593,3
2594,2
2595,2
2596,4
2597,4
2598,0
2599,2
2600,4
2601,0
2602,3
2603,1
2604,2
2605,0
2606,1
2607,2
2608,2
2609,0
2610,1
2611,0
2612,0
2613,3
2614,3
2615,1
2616,2
2617,4
2618,3
2619,2
2620,3
2621,0
2622,0
2623,0
2624,1
2625,2
2626,1
2627,0
2628,2
2629,2
2630,3
2631,2
2632,3
2633,1
2634,4
2635,1
2636,5
2637,2
2638,0
2639,1
2640,2
2641,3
2642,3
2643,2
2644,1
2645,1
2646,0
2647,0
2648,1
2649,3
2650,2
2651,7
2652,2
2653,3
2654,1
2655,1
2656,3
2657,2
2658,2
2659,5
2660,2
2661,3
2662,2
2663,3
2664,3
2665,3
2666,2
2667,4
2668,1
2669,1
2670,2
2671,3
2672,2
2673,1
2674,4
2675,0
2676,5
2677,1
2678,1
2679,1
2680,2
2681,2
2682,3
2683,5
2684,3
2685,2
2686,0
2687,1
2688,0
2689,5
2690,1
2691,3
2692,2
2693,0
2694,1
2695,2
2696,3
2697,1
2698,1
2699,2
2700,1
2701,2
2702,1
2703,2
2704,1
2705,1
2706,3
2707,1
2708,2
2709,4
2710,2
2711,4
2712,1
2713,2
2714,2
2715,0
2716,1
2717,0
2718,2
2719,3
2720,4
2721,3
2722,1
2723,2
2724,3
2725,1
2726,0
2727,3
2728,1
2729,1
2730,6
2731,3
2732,0
2733,5
2734,3
2735,2
2736,2
2737,0
2738,1
2739,3
2740,1
2741,3
2742,2
2743,0
2744,1
2745,0
2746,1
2747,3
2748,0
2749,4
2750,1
2751,0
2752,2
2753,2
2754,0
2755,1
2756,3
2757,0
2758,1
2759,3
2760,3
2761,2
2762,1
2763,4
2764,2
2765,0
2766,2
2767,2
2768,1
2769,2
2770,4
2771,4
2772,1
2773,0
2774,4
2775,0
2776,2
2777,0
2778,0
2779,1
2780,3
2781,2
2782,2
2783,0
2784,3
2785,3
2786,2
2787,2
2788,2
2789,3
2790,0
2791,2
2792,3
2793,4
2794,1
2795,2
2796,2
2797,1
2798,1
2799,4
2800,2
2801,2
2802,1
2803,2
2804,5
2805,4
2806,0
2807,1
2808,0
2809,3
2810,2
2811,1
2812,0
2813,3
2814,2
2815,0
2816,1
2817,1
2818,2
2819,3
2820,0
2821,1
2822,2
2823,0
2824,1
2825,6
2826,2
2827,0
2828,1
2829,1
2830,0
2831,1
2832,1
2833,4
2834,0
2835,2
2836,1
2837,2
2838,1
2839,2
2840,1
2841,2
2842,2
2843,1
2844,2
2845,3
2846,1
2847,1
2848,5
2849,3
2850,1
2851,0
2852,1
2853,3
2854,0
2855,0
2856,1
2857,1
2858,1
2859,1
2860,6
2861,0
2862,4
2863,1
2864,4
2865,1
2866,5
2867,1
2868,0
2869,1
2870,6
2871,0
2872,1
2873,2
2874,2
2875,2
2876,2
2877,2
2878,0
2879,2
2880,2
2881,0
2882,1
2883,2
2884,1
2885,4
2886,2
2887,0
2888,1
2889,2
2890,0
2891,3
2892,1
2893,1
2894,1
2895,7
2896,0
2897,1
2898,3
2899,2
2900,3
2901,4
2902,2
2903,1
2904,2
2905,3
2906,1
2907,1
2908,0
2909,2
2910,4
2911,3
2912,3
2913,0
2914,2
2915,3
2916,2
2917,3
2918,1
2919,3
2920,0
2921,2
2922,2
2923,3
2924,0
2925,1
2926,3
2927,2
2928,0
2929,3
2930,3
2931,1
2932,0
2933,2
2934,4
2935,0
2936,2
2937,1
2938,2
2939,1
2940,3
2941,3
2942,4
2943,4
2944,1
2945,2
2946,3
2947,2
2948,2
2949,1
2950,1
2951,2
2952,0
2953,0
2954,2
2955,2
2956,1
2957,1
2958,0
2959,2
2960,0
2961,2
2962,0
2963,4
2964,0
2965,1
2966,4
2967,3
2968,3
2969,1
2970,0
2971,0
2972,1
2973,3
2974,1
2975,3
2976,0
2977,1
2978,0
2979,0
2980,1
2981,2
2982,0
2983,1
2984,3
2985,2
2986,1
2987,1
2988,3
2989,4
2990,1
2991,4
2992,2
2993,1
2994,0
2995,1
2996,2
2997,0
2998,1
2999,3
3000,4
3001,0
3002,2
3003,2
3004,2
3005,3
3006,1
3007,2
3008,2
3009,3
3010,1
3011,1
3012,0
3013,1
3014,2
3015,2
3016,0
3017,2
3018,2
3019,1
3020,0
3021,4
3022,2
3023,0
3024,1
3025,1
3026,3
3027,2
3028,2
3029,1
3030,2
3031,0
3032,2
3033,1
3034,1
3035,2
3036,2
3037,1
3038,0
3039,1
3040,2
3041,2
3042,1
3043,2
3044,2
3045,0
3046,2
3047,1
3048,1
3049,2
3050,3
3051,5
3052,2
3053,3
3054,1
3055,2
3056,1
3057,2
3058,3
3059,4
3060,5
3061,2
3062,2
3063,1
3064,2
3065,2
3066,1
3067,3
3068,1
3069,0
3070,2
3071,1
3072,1
3073,1
3074,1
3075,1
3076,4
3077,2
3078,1
3079,2
3080,2
3081,1
3082,4
3083,2
3084,1
3085,0
3086,1
3087,3
3088,1
3089,3
3090,2
3091,4
3092,1
3093,2
3094,1
3095,1
3096,3
3097,2
3098,5
3099,1
3100,1
3101,4
3102,1
3103,1
3104,0
3105,2
3106,2
3107,3
3108,1
3109,1
3110,2
3111,2
3112,3
3113,1
3114,1
3115,4
3116,4
3117,1
3118,0
3119,2
3120,1
3121,2
3122,2
3123,0
3124,0
3125,0
3126,0
3127,2
3128,2
3129,2
3130,1
3131,1
3132,3
3133,2
3134,3
3135,1
3136,2
3137,2
3138,2
3139,2
3140,0
3141,1
3142,2
3143,2
3144,0
3145,2
3146,5
3147,2
3148,1
3149,2
3150,0
3151,2
3152,2
3153,2
3154,5
3155,0
3156,1
3157,1
3158,1
3159,2
3160,3
3161,1
3162,2
3163,3
3164,1
3165,2
3166,1
3167,2
3168,1
3169,3
3170,4
3171,2
3172,0
3173,2
3174,0
3175,1
3176,0
3177,1
3178,0
3179,0
3180,0
3181,4
3182,0
3183,1
3184,1
3185,2
3186,0
3187,0
3188,3
3189,0
3190,1
3191,1
3192,2
3193,1
3194,2
3195,1
3196,2
3197,0
3198,1
3199,2
3200,1
3201,2
3202,1
3203,2
3204,3
3205,1
3206,0
3207,3
3208,3
3209,3
3210,1
3211,0
3212,2
3213,2
3214,2
3215,2
3216,1
3217,2
3218,1
3219,2
3220,5
3221,2
3222,3
3223,0
3224,1
3225,5
3226,2
3227,1
3228,3
3229,1
3230,2
3231,2
3232,2
3233,1
3234,1
3235,2
3236,2
3237,1
3238,1
3239,0
3240,1
3241,1
3242,2
3243,0
3244,0
3245,1
3246,3
3247,2
3248,2
3249,2
3250,1
3251,3
3252,1
3253,0
3254,0
3255,1
3256,3
3257,5
3258,3
3259,3
3260,3
3261,3
3262,5
3263,0
3264,0
3265,2
3266,0
3267,3
3268,5
3269,4
3270,2
3271,3
3272,0
3273,2
3274,2
3275,2
3276,4
3277,3
3278,3
3279,0
3280,2
3281,3
3282,3
3283,1
3284,1
3285,2
3286,3
3287,2
3288,2
3289,1
3290,3
3291,2
3292,1
3293,3
3294,3
3295,3
3296,2
3297,1
3298,1
3299,3
3300,4
3301,1
3302,2
3303,2
3304,0
3305,2
3306,4
3307,2
3308,0
3309,0
3310,2
3311,0
3312,2
3313,2
3314,3
3315,3
3316,1
3317,1
3318,3
3319,1
3320,0
3321,0
3322,0
3323,2
3324,0
3325,2
3326,1
3327,1
3328,1
3329,2
3330,3
3331,3
3332,2
3333,2
3334,3
3335,2
3336,3
3337,3
3338,1
3339,0
3340,0
3341,0
3342,2
3343,2
3344,2
3345,2
3346,3
3347,0
3348,0
3349,2
3350,3
3351,0
3352,2
3353,5
3354,0
3355,2
3356,1
3357,1
3358,3
3359,1
3360,3
3361,2
3362,6
3363,2
3364,1
3365,1
3366,1
3367,2
3368,1
3369,2
3370,2
3371,0
3372,7
3373,0
3374,2
3375,1
3376,1
3377,1
3378,1
3379,1
3380,0
3381,3
3382,3
3383,2
3384,1
3385,0
3386,2
3387,2
3388,0
3389,2
3390,0
3391,2
3392,5
3393,1
3394,0
3395,1
3396,1
3397,1
3398,3
3399,2
3400,4
3401,1
3402,1
3403,1
3404,1
3405,2
3406,3
3407,0
3408,2
3409,7
3410,1
3411,4
3412,3
3413,1
3414,3
3415,2
3416,1
3417,4
3418,2
3419,2
3420,1
3421,4
3422,2
3423,1
3424,1
3425,4
3426,2
3427,3
3428,0
3429,0
3430,1
3431,2
3432,0
3433,3
3434,3
3435,1
3436,4
3437,2
3438,4
3439,3
3440,1
3441,2
3442,2
3443,5
3444,3
3445,2
3446,1
3447,5
3448,3
3449,3
3450,0
3451,4
3452,2
3453,1
3454,1
3455,2
3456,1
3457,1
3458,0
3459,0
3460,3
3461,2
3462,5
3463,1
3464,3
3465,1
3466,0
3467,1
3468,3
3469,1
3470,2
3471,0
3472,0
3473,0
3474,1
3475,1
3476,0
3477,3
3478,0
3479,3
3480,2
3481,1
3482,1
3483,0
3484,2
3485,4
3486,1
3487,3
3488,2
3489,2
3490,2
3491,1
3492,3
3493,4
3494,0
3495,1
3496,0
3497,1
3498,3
3499,2
3500,2
3501,0
3502,2
3503,2
3504,2
3505,1
3506,3
3507,3
3508,1
3509,4
3510,0
3511,0
3512,1
3513,1
3514,2
3515,2
3516,1
3517,3
3518,3
3519,1
3520,3
3521,3
3522,5
3523,2
3524,2
3525,0
3526,0
3527,4
3528,1
3529,3
3530,0
3531,0
3532,4
3533,3
3534,2
3535,1
3536,2
3537,0
3538,4
3539,1
3540,1
3541,4
3542,0
3543,3
3544,2
3545,4
3546,3
3547,1
3548,1
3549,2
3550,3
3551,1
3552,3
3553,0
3554,1
3555,0
3556,4
3557,0
3558,5
3559,1
3560,0
3561,4
3562,1
3563,1
3564,2
3565,4
3566,0
3567,0
3568,1
3569,2
3570,3
3571,1
3572,4
3573,3
3574,1
3575,3
3576,0
3577,2
3578,0
3579,6
3580,4
3581,4
3582,1
3583,3
3584,3
3585,4
3586,4
3587,2
3588,2
3589,2
3590,1
3591,1
3592,0
3593,0
3594,3
3595,2
3596,0
3597,1
3598,2
3599,2
3600,1
3601,1
3602,0
3603,3
3604,2
3605,5
3606,0
3607,5
3608,0
3609,0
3610,1
3611,2
3612,1
3613,1
3614,1
3615,1
3616,3
3617,4
3618,1
3619,5
3620,2
3621,0
3622,2
3623,3
3624,4
3625,3
3626,1
3627,3
3628,2
3629,2
3630,1
3631,1
3632,2
3633,3
3634,0
3635,0
3636,6
3637,5
3638,3
3639,0
3640,4
3641,3
3642,3
3643,0
3644,1
3645,1
3646,1
3647,3
3648,0
3649,3
3650,1
3651,4
3652,1
3653,5
3654,0
3655,4
3656,3
3657,1
3658,3
3659,1
3660,1
3661,0
3662,1
3663,1
3664,0
3665,7
3666,4
3667,2
3668,1
3669,0
3670,1
3671,2
3672,0
3673,0
3674,4
3675,2
3676,6
3677,1
3678,1
3679,3
3680,1
3681,1
3682,2
3683,2
3684,3
3685,4
3686,1
3687,5
3688,0
3689,1
3690,4
3691,2
3692,2
3693,1
3694,2
3695,5
3696,4
3697,3
3698,2
3699,5
3700,4
3701,2
3702,1
3703,3
3704,1
3705,0
3706,1
3707,5
3708,3
3709,0
3710,0
3711,1
3712,3
3713,4
3714,2
3715,1
3716,1
3717,2
3718,1
3719,0
3720,1
3721,4
3722,0
3723,0
3724,2
3725,2
3726,3
3727,1
3728,1
3729,1
3730,1
3731,1
3732,2
3733,1
3734,3
3735,1
3736,0
3737,1
3738,1
3739,4
3740,1
3741,3
3742,1
3743,0
3744,0
3745,1
3746,1
3747,0
3748,2
3749,2
3750,5
3751,0
3752,2
3753,4
3754,1
3755,1
3756,3
3757,1
3758,2
3759,2
3760,3
3761,6
3762,1
3763,2
3764,2
3765,1
3766,2
3767,0
3768,3
3769,0
3770,0
3771,2
3772,2
3773,0
3774,2
3775,0
3776,2
3777,2
3778,0
3779,3
3780,0
3781,0
3782,3
3783,2
3784,2
3785,2
3786,3
3787,0
3788,3
3789,3
3790,1
3791,2
3792,0
3793,0
3794,3
3795,2
3796,5
3797,2
3798,2
3799,3
3800,3
3801,2
3802,1
3803,3
3804,2
3805,0
3806,0
3807,2
3808,1
3809,1
3810,4
3811,3
3812,0
3813,1
3814,2
3815,4
3816,2
3817,4
3818,3
3819,1
3820,1
3821,1
3822,0
3823,4
3824,0
3825,1
3826,1
3827,1
3828,4
3829,0
3830,4
3831,3
3832,0
3833,0
3834,1
3835,2
3836,1
3837,1
3838,2
3839,1
3840,4
3841,0
3842,0
3843,2
3844,2
3845,2
3846,1
3847,1
3848,2
3849,0
3850,3
3851,3
3852,0
3853,3
3854,2
3855,0
3856,2
3857,1
3858,1
3859,4
3860,1
3861,3
3862,0
3863,2
3864,0
3865,3
3866,0
3867,1
3868,0
3869,2
3870,1
3871,1
3872,3
3873,3
3874,2
3875,2
3876,0
3877,4
3878,1
3879,2
3880,3
3881,1
3882,0
3883,1
3884,0
3885,1
3886,2
3887,3
3888,0
3889,0
3890,0
3891,1
3892,2
3893,5
3894,5
3895,2
3896,3
3897,0
3898,1
3899,2
3900,1
3901,0
3902,6
3903,2
3904,1
3905,0
3906,2
3907,1
3908,2
3909,1
3910,1
3911,2
3912,0
3913,2
3914,1
3915,1
3916,4
3917,1
3918,1
3919,1
3920,1
3921,2
3922,0
3923,2
3924,0
3925,0
3926,5
3927,1
3928,2
3929,1
3930,4
3931,0
3932,1
3933,2
3934,3
3935,1
3936,0
3937,0
3938,1
3939,2
3940,0
3941,3
3942,2
3943,0
3944,0
3945,2
3946,3
3947,2
3948,2
3949,2
3950,4
3951,5
3952,5
3953,2
3954,2
3955,2
3956,4
3957,2
3958,2
3959,0
3960,1
3961,5
3962,2
3963,2
3964,2
3965,1
3966,2
3967,2
3968,1
3969,1
3970,0
3971,1
3972,2
3973,2
3974,1
3975,2
3976,4
3977,0
3978,1
3979,1
3980,2
3981,0
3982,1
3983,0
3984,0
3985,0
3986,4
3987,4
3988,1
3989,5
3990,4
3991,1
3992,3
3993,2
3994,4
3995,3
3996,1
3997,0
3998,1
3999,3
4000,4
4001,0
4002,2
4003,0
4004,3
4005,1
4006,3
4007,2
4008,4
4009,0
4010,4
4011,0
4012,1
4013,2
4014,2
4015,2
4016,4
4017,3
4018,1
4019,2
4020,2
4021,1
4022,0
4023,0
4024,2
4025,4
4026,1
4027,1
4028,1
4029,3
4030,2
4031,3
4032,2
4033,1
4034,1
4035,0
4036,3
4037,1
4038,0
4039,1
4040,1
4041,2
4042,1
4043,2
4044,1
4045,0
4046,0
4047,2
4048,1
4049,2
4050,0
4051,2
4052,1
4053,2
4054,1
4055,1
4056,5
4057,2
4058,1
4059,6
4060,2
4061,0
4062,1
4063,2
4064,3
4065,2
4066,1
4067,1
4068,1
4069,2
4070,2
4071,0
4072,4
4073,3
4074,2
4075,1
4076,1
4077,0
4078,2
4079,2
4080,2
4081,5
4082,3
4083,0
4084,4
4085,3
4086,5
4087,1
4088,3
4089,2
4090,1
4091,0
4092,1
4093,1
4094,5
4095,0
4096,4
4097,0
4098,0
4099,5
4100,4
4101,3
4102,4
4103,3
4104,0
4105,1
4106,2
4107,4
4108,2
4109,2
4110,0
4111,2
4112,3
4113,2
4114,5
4115,3
4116,1
4117,0
4118,1
4119,0
4120,1
4121,0
4122,0
4123,2
4124,2
4125,0
4126,3
4127,1
4128,0
4129,0
4130,3
4131,2
4132,2
4133,2
4134,1
4135,0
4136,0
4137,1
4138,0
4139,2
4140,1
4141,2
4142,1
4143,3
4144,1
4145,4
4146,0
4147,1
4148,0
4149,2
4150,1
4151,4
4152,3
4153,4
4154,2
4155,0
4156,3
4157,1
4158,1
4159,3
4160,0
4161,2
4162,2
4163,0
4164,3
4165,1
4166,0
4167,0
4168,4
4169,7
4170,1
4171,2
4172,1
4173,0
4174,4
4175,2
4176,0
4177,5
4178,1
4179,0
4180,1
4181,2
4182,4
4183,2
4184,1
4185,3
4186,0
4187,0
4188,3
4189,1
4190,7
4191,1
4192,1
4193,2
4194,1
4195,1
4196,4
4197,3
4198,4
4199,3
4200,2
4201,2
4202,4
4203,5
4204,1
4205,1
4206,2
4207,3
4208,2
4209,0
4210,1
4211,3
4212,3
4213,2
4214,0
4215,4
4216,1
4217,2
4218,3
4219,2
4220,4
4221,2
4222,3
4223,0
4224,2
4225,2
4226,1
4227,1
4228,1
4229,2
4230,4
4231,4
4232,1
4233,1
4234,2
4235,3
4236,3
4237,2
4238,1
4239,1
4240,3
4241,2
4242,4
4243,0
4244,1
4245,2
4246,1
4247,2
4248,2
4249,2
4250,2
4251,5
4252,2
4253,2
4254,3
4255,1
4256,1
4257,3
4258,2
4259,1
4260,3
4261,5
4262,1
4263,3
4264,3
4265,0
4266,4
4267,3
4268,5
4269,2
4270,3
4271,4
4272,2
4273,1
4274,1
4275,0
4276,1
4277,2
4278,1
4279,0
4280,1
4281,2
4282,1
4283,3
4284,1
4285,4
4286,3
4287,4
4288,2
4289,0
4290,5
4291,1
4292,2
4293,0
4294,0
4295,1
4296,1
4297,2
4298,2
4299,1
4300,1
4301,1
4302,1
4303,1
4304,2
4305,2
4306,0
4307,3
4308,2
4309,2
4310,1
4311,2
4312,2
4313,1
4314,0
4315,2
4316,0
4317,2
4318,3
4319,0
4320,0
4321,0
4322,2
4323,1
4324,2
4325,2
4326,1
4327,0
4328,1
4329,2
4330,2
4331,4
4332,1
4333,1
4334,0
4335,0
4336,2
4337,3
4338,2
4339,1
4340,1
4341,8
4342,2
4343,1
4344,1
4345,3
4346,1
4347,2
4348,3
4349,4
4350,0
4351,3
4352,4
4353,2
4354,6
4355,2
4356,3
4357,3
4358,3
4359,2
4360,3
4361,1
4362,4
4363,0
4364,2
4365,2
4366,0
4367,3
4368,2
4369,1
4370,3
4371,4
4372,1
4373,0
4374,2
4375,6
4376,2
4377,2
4378,2
4379,0
4380,4
4381,3
4382,2
4383,1
4384,3
4385,1
4386,1
4387,0
4388,1
4389,2
4390,2
4391,0
4392,1
4393,1
4394,0
4395,2
4396,1
4397,5
4398,6
4399,2
4400,2
4401,1
4402,0
4403,3
4404,2
4405,3
4406,1
4407,1
4408,1
4409,1
4410,2
4411,1
4412,2
4413,3
4414,4
4415,3
4416,5
4417,3
4418,2
4419,3
4420,1
4421,0
4422,0
4423,0
4424,0
4425,1
4426,1
4427,3
4428,2
4429,1
4430,2
4431,1
4432,3
4433,1
4434,0
4435,1
4436,0
4437,2
4438,2
4439,3
4440,1
4441,5
4442,3
4443,4
4444,1
4445,2
4446,3
4447,1
4448,2
4449,0
4450,0
4451,1
4452,2
4453,1
4454,0
4455,2
4456,1
4457,1
4458,1
4459,3
4460,3
4461,3
4462,2
4463,3
4464,2
4465,3
4466,2
4467,1
4468,2
4469,1
4470,2
4471,3
4472,2
4473,1
4474,2
4475,2
4476,3
4477,2
4478,2
4479,2
4480,2
4481,1
4482,4
4483,0
4484,1
4485,2
4486,0
4487,5
4488,3
4489,5
4490,1
4491,1
4492,3
4493,3
4494,3
4495,3
4496,2
4497,2
4498,2
4499,2
4500,4
4501,3
4502,0
4503,3
4504,2
4505,1
4506,1
4507,6
4508,0
4509,3
4510,1
4511,2
4512,0
4513,1
4514,3
4515,0
4516,1
4517,2
4518,1
4519,2
4520,2
4521,3
4522,2
4523,1
4524,2
4525,4
4526,3
4527,2
4528,1
4529,0
4530,2
4531,3
4532,3
4533,1
4534,0
4535,3
4536,1
4537,4
4538,1
4539,1
4540,2
4541,2
4542,2
4543,2
4544,1
4545,0
4546,2
4547,3
4548,0
4549,2
4550,3
4551,1
4552,1
4553,1
4554,1
4555,1
4556,2
4557,1
4558,0
4559,1
4560,1
4561,1
4562,1
4563,6
4564,1
4565,2
4566,2
4567,2
4568,0
4569,0
4570,2
4571,3
4572,2
4573,3
4574,1
4575,2
4576,2
4577,1
4578,1
4579,2
4580,2
4581,5
4582,2
4583,2
4584,3
4585,2
4586,0
4587,0
4588,2
4589,2
4590,2
4591,2
4592,1
4593,1
4594,1
4595,3
4596,2
4597,3
4598,3
4599,1
4600,1
4601,4
4602,1
4603,0
4604,1
4605,0
4606,1
4607,2
4608,2
4609,2
4610,2
4611,0
4612,1
4613,2
4614,3
4615,0
4616,1
4617,3
4618,3
4619,1
4620,2
4621,2
4622,1
4623,2
4624,0
4625,4
4626,1
4627,0
4628,2
4629,1
4630,1
4631,2
4632,1
4633,3
4634,3
4635,0
4636,2
4637,1
4638,1
4639,2
4640,0
4641,1
4642,4
4643,2
4644,3
4645,1
4646,2
4647,2
4648,2
4649,0
4650,2
4651,2
4652,1
4653,2
4654,2
4655,2
4656,1
4657,1
4658,1
4659,2
4660,2
4661,2
4662,1
4663,1
4664,3
4665,2
4666,1
4667,4
4668,2
4669,1
4670,1
4671,3
4672,1
4673,1
4674,1
4675,3
4676,1
4677,0
4678,2
4679,2
4680,3
4681,0
4682,1
4683,3
4684,1
4685,2
4686,1
4687,0
4688,0
4689,2
4690,4
4691,1
4692,0
4693,1
4694,4
4695,1
4696,2
4697,3
4698,3
4699,2
4700,3
4701,2
4702,3
4703,1
4704,1
4705,2
4706,3
4707,2
4708,2
4709,6
4710,3
4711,1
4712,0
4713,1
4714,0
4715,1
4716,3
4717,3
4718,0
4719,1
4720,0
4721,1
4722,1
4723,1
4724,0
4725,2
4726,3
4727,2
4728,2
4729,3
4730,6
4731,1
4732,6
4733,3
4734,1
4735,0
4736,2
4737,1
4738,2
4739,0
4740,2
4741,1
4742,4
4743,2
4744,2
4745,0
4746,1
4747,2
4748,1
4749,3
4750,2
4751,2
4752,1
4753,2
4754,0
4755,1
4756,3
4757,1
4758,2
4759,0
4760,1
4761,1
4762,2
4763,0
4764,0
4765,2
4766,3
4767,0
4768,1
4769,5
4770,1
4771,2
4772,0
4773,4
4774,2
4775,1
4776,1
4777,3
4778,1
4779,1
4780,0
4781,1
4782,1
4783,2
4784,1
4785,0
4786,3
4787,3
4788,3
4789,3
4790,0
4791,2
4792,3
4793,2
4794,2
4795,3
4796,2
4797,3
4798,3
4799,2
4800,3
4801,1
4802,2
4803,3
4804,2
4805,0
4806,1
4807,0
4808,1
4809,1
4810,0
4811,2
4812,2
4813,1
4814,3
4815,2
4816,3
4817,0
4818,1
4819,1
4820,1
4821,1
4822,1
4823,3
4824,1
4825,1
4826,1
4827,3
4828,4
4829,0
4830,0
4831,1
4832,1
4833,0
4834,0
4835,2
4836,4
4837,1
4838,1
4839,1
4840,2
4841,2
4842,1
4843,0
4844,2
4845,2
4846,2
4847,4
4848,2
4849,3
4850,0
4851,1
4852,4
4853,0
4854,3
4855,1
4856,0
4857,5
4858,1
4859,3
4860,0
4861,2
4862,2
4863,1
4864,3
4865,2
4866,1
4867,3
4868,4
4869,2
4870,1
4871,1
4872,0
4873,0
4874,3
4875,0
4876,0
4877,1
4878,1
4879,0
4880,1
4881,2
4882,1
4883,0
4884,0
4885,2
4886,1
4887,4
4888,5
4889,1
4890,1
4891,2
4892,0
4893,4
4894,3
4895,2
4896,3
4897,1
4898,2
4899,3
4900,1
4901,2
4902,1
4903,2
4904,1
4905,0
4906,4
4907,1
4908,0
4909,2
4910,3
4911,1
4912,1
4913,3
4914,1
4915,2
4916,2
4917,1
4918,3
4919,2
4920,1
4921,0
4922,1
4923,1
4924,3
4925,5
4926,2
4927,1
4928,3
4929,1
4930,0
4931,2
4932,1
4933,1
4934,5
4935,2
4936,3
4937,2
4938,3
4939,1
4940,1
4941,0
4942,1
4943,2
4944,2
4945,0
4946,4
4947,2
4948,0
4949,0
4950,2
4951,2
4952,1
4953,2
4954,0
4955,1
4956,1
4957,2
4958,2
4959,3
4960,5
4961,3
4962,2
4963,1
4964,2
4965,3
4966,0
4967,2
4968,3
4969,4
4970,0
4971,2
4972,1
4973,0
4974,3
4975,0
4976,1
4977,5
4978,1
4979,2
4980,0
4981,1
4982,0
4983,2
4984,1
4985,0
4986,1
4987,1
4988,2
4989,1
4990,1
4991,2
4992,3
4993,6
4994,2
4995,2
4996,0
4997,3
4998,3
4999,3
5000,1
5001,2
5002,3
5003,2
5004,2
5005,1
5006,0
5007,3
5008,1
5009,1
5010,2
5011,2
5012,0
5013,1
5014,2
5015,0
5016,1
5017,2
5018,2
5019,0
5020,1
5021,1
5022,4
5023,2
5024,1
5025,4
5026,1
5027,2
5028,1
5029,3
5030,1
5031,8
5032,2
5033,0
5034,3
5035,0
5036,2
5037,1
5038,2
5039,3
5040,4
5041,2
5042,1
5043,2
5044,2
5045,1
5046,1
5047,3
5048,1
5049,2
5050,2
5051,4
5052,2
5053,2
5054,1
5055,0
5056,4
5057,3
5058,2
5059,2
5060,0
5061,3
5062,1
5063,3
5064,2
5065,3
5066,0
5067,1
5068,3
5069,0
5070,1
5071,0
5072,2
5073,2
5074,1
5075,3
5076,1
5077,0
5078,2
5079,1
5080,1
5081,1
5082,4
5083,3
5084,1
5085,3
5086,5
5087,3
5088,2
5089,3
5090,5
5091,2
5092,1
5093,1
5094,2
5095,0
5096,3
5097,3
5098,4
5099,4
5100,0
5101,3
5102,0
5103,2
5104,0
5105,2
5106,1
5107,2
5108,3
5109,0
5110,0
5111,0
5112,0
5113,1
5114,2
5115,0
5116,2
5117,3
5118,2
5119,0
5120,0
5121,1
5122,2
5123,2
5124,2
5125,0
5126,4
5127,4
5128,3
5129,7
5130,2
5131,1
5132,4
5133,0
5134,2
5135,2
5136,1
5137,2
5138,1
5139,0
5140,1
5141,1
5142,1
5143,2
5144,1
5145,2
5146,5
5147,2
5148,0
5149,3
5150,4
5151,1
5152,2
5153,3
5154,2
5155,2
5156,3
5157,1
5158,2
5159,0
5160,1
5161,3
5162,1
5163,3
5164,2
5165,2
5166,1
5167,0
5168,2
5169,1
5170,0
5171,2
5172,1
5173,2
5174,4
5175,1
5176,3
5177,2
5178,2
5179,2
5180,1
5181,0
5182,2
5183,2
5184,0
5185,2
5186,0
5187,3
5188,3
5189,0
5190,2
5191,3
5192,1
5193,4
5194,4
5195,2
5196,1
5197,1
5198,2
5199,1
5200,1
5201,1
5202,3
5203,1
5204,2
5205,2
5206,5
5207,2
5208,2
5209,2
5210,1
5211,0
5212,2
5213,1
5214,2
5215,1
5216,3
5217,5
5218,0
5219,3
5220,0
5221,3
5222,1
5223,1
5224,1
5225,1
5226,2
5227,4
5228,0
5229,1
5230,2
5231,2
5232,1
5233,4
5234,3
5235,2
5236,0
5237,3
5238,2
5239,3
5240,2
5241,4
5242,0
5243,0
5244,1
5245,3
5246,0
5247,2
5248,0
5249,2
5250,1
5251,1
5252,1
5253,4
5254,3
5255,2
5256,1
5257,0
5258,4
5259,2
5260,1
5261,1
5262,0
5263,4
5264,3
5265,4
5266,3
5267,2
5268,3
5269,4
5270,4
5271,2
5272,2
5273,5
5274,1
5275,3
5276,2
5277,0
5278,6
5279,2
5280,4
5281,3
5282,1
5283,3
5284,1
5285,3
5286,3
5287,2
5288,1
5289,1
5290,5
5291,1
5292,2
5293,2
5294,1
5295,3
5296,3
5297,0
5298,1
5299,0
5300,2
5301,0
5302,6
5303,1
5304,3
5305,2
5306,2
5307,1
5308,0
5309,2
5310,1
5311,1
5312,4
5313,2
5314,3
5315,1
5316,2
5317,0
5318,1
5319,2
5320,1
5321,1
5322,0
5323,0
5324,1
5325,4
5326,3
5327,1
5328,5
5329,3
5330,2
5331,4
5332,3
5333,2
5334,4
5335,2
5336,1
5337,4
5338,3
5339,1
5340,1
5341,2
5342,6
5343,2
5344,3
5345,0
5346,4
5347,2
5348,3
5349,5
5350,2
5351,2
5352,4
5353,2
5354,0
5355,2
5356,3
5357,2
5358,3
5359,2
5360,0
5361,3
5362,3
5363,2
5364,5
5365,1
5366,1
5367,0
5368,1
5369,3
5370,1
5371,1
5372,3
5373,3
5374,3
5375,1
5376,2
5377,4
5378,2
5379,3
5380,3
5381,2
5382,1
5383,1
5384,1
5385,2
5386,2
5387,4
5388,0
5389,3
5390,1
5391,1
5392,2
5393,3
5394,3
5395,3
5396,1
5397,0
5398,1
5399,5
5400,5
5401,0
5402,5
5403,3
5404,1
5405,4
5406,3
5407,1
5408,1
5409,4
5410,0
5411,0
5412,2
5413,2
5414,4
5415,0
5416,1
5417,1
5418,2
5419,1
5420,3
5421,1
5422,3
5423,1
5424,2
5425,2
5426,1
5427,1
5428,2
5429,1
5430,3
5431,2
5432,2
5433,0
5434,2
5435,1
5436,3
5437,3
5438,2
5439,0
5440,1
5441,1
5442,3
5443,4
5444,3
5445,1
5446,4
5447,2
5448,2
5449,2
5450,0
5451,2
5452,1
5453,2
5454,2
5455,1
5456,1
5457,0
5458,2
5459,1
5460,0
5461,1
5462,2
5463,2
5464,4
5465,1
5466,1
5467,1
5468,1
5469,0
5470,2
5471,3
5472,2
5473,1
5474,2
5475,1
5476,2
5477,1
5478,0
5479,1
5480,0
5481,2
5482,3
5483,2
5484,2
5485,2
5486,0
5487,2
5488,1
5489,1
5490,0
5491,2
5492,3
5493,3
5494,1
5495,3
5496,1
5497,3
5498,3
5499,2
5500,3
5501,2
5502,0
5503,3
5504,2
5505,1
5506,2
5507,0
5508,2
5509,0
5510,1
5511,2
5512,4
5513,2
5514,2
5515,3
5516,1
5517,1
5518,3
5519,1
5520,1
5521,2
5522,2
5523,0
5524,0
5525,3
5526,2
5527,3
5528,1
5529,3
5530,0
5531,3
5532,1
5533,2
5534,1
5535,1
5536,2
5537,1
5538,4
5539,2
5540,1
5541,2
5542,1
5543,1
5544,4
5545,3
5546,2
5547,1
5548,2
5549,2
5550,1
5551,2
5552,3
5553,2
5554,2
5555,0
5556,0
5557,1
5558,1
5559,1
5560,1
5561,2
5562,0
5563,1
5564,4
5565,2
5566,1
5567,3
5568,3
5569,0
5570,2
5571,2
5572,4
5573,3
5574,2
5575,0
5576,2
5577,0
5578,2
5579,1
5580,2
5581,3
5582,1
5583,5
5584,1
5585,7
5586,3
5587,3
5588,3
5589,2
5590,0
5591,1
5592,2
5593,2
5594,3
5595,3
5596,1
5597,2
5598,1
5599,3
5600,5
5601,2
5602,2
5603,2
5604,4
5605,0
5606,0
5607,2
5608,1
5609,1
5610,3
5611,2
5612,4
5613,3
5614,3
5615,1
5616,0
5617,0
5618,1
5619,3
5620,3
5621,1
5622,3
5623,0
5624,5
5625,3
5626,3
5627,1
5628,2
5629,1
5630,1
5631,1
5632,3
5633,0
5634,5
5635,0
5636,2
5637,1
5638,2
5639,1
5640,4
5641,3
5642,2
5643,6
5644,3
5645,4
5646,5
5647,1
5648,1
5649,3
5650,4
5651,0
5652,1
5653,3
5654,1
5655,1
5656,3
5657,1
5658,4
5659,0
5660,0
5661,0
5662,0
5663,2
5664,5
5665,0
5666,0
5667,3
5668,2
5669,1
5670,3
5671,3
5672,1
5673,2
5674,0
5675,1
5676,2
5677,4
5678,3
5679,2
5680,4
5681,1
5682,0
5683,1
5684,2
5685,0
5686,3
5687,1
5688,4
5689,4
5690,1
5691,1
5692,1
5693,3
5694,3
5695,1
5696,2
5697,0
5698,0
5699,2
5700,2
5701,1
5702,4
5703,2
5704,1
5705,1
5706,0
5707,0
5708,0
5709,6
5710,3
5711,0
5712,4
5713,4
5714,0
5715,3
5716,3
5717,2
5718,4
5719,3
5720,3
5721,4
5722,1
5723,2
5724,3
5725,3
5726,5
5727,1
5728,4
5729,2
5730,3
5731,3
5732,2
5733,1
5734,5
5735,2
5736,1
5737,5
5738,3
5739,0
5740,2
5741,1
5742,2
5743,1
5744,3
5745,4
5746,2
5747,1
5748,2
5749,3
5750,0
5751,2
5752,0
5753,1
5754,2
5755,1
5756,1
5757,0
5758,0
5759,1
5760,6
5761,4
5762,0
5763,2
5764,1
5765,3
5766,0
5767,0
5768,1
5769,3
5770,3
5771,2
5772,2
5773,2
5774,4
5775,3
5776,0
5777,2
5778,2
5779,1
5780,5
5781,1
5782,2
5783,3
5784,3
5785,0
5786,2
5787,3
5788,4
5789,0
5790,0
5791,3
5792,0
5793,3
5794,1
5795,1
5796,1
5797,2
5798,0
5799,2
5800,1
5801,4
5802,2
5803,2
5804,0
5805,4
5806,0
5807,3
5808,1
5809,1
5810,2
5811,1
5812,0
5813,0
5814,3
5815,3
5816,3
5817,1
5818,0
5819,2
5820,1
5821,2
5822,1
5823,1
5824,1
5825,2
5826,6
5827,3
5828,0
5829,0
5830,3
5831,0
5832,2
5833,2
5834,3
5835,2
5836,1
5837,1
5838,3
5839,4
5840,2
5841,0
5842,2
5843,2
5844,2
5845,1
5846,6
5847,0
5848,1
5849,0
5850,2
5851,2
5852,1
5853,2
5854,3
5855,4
5856,1
5857,2
5858,6
5859,0
5860,0
5861,2
5862,0
5863,4
5864,1
5865,4
5866,4
5867,1
5868,0
5869,1
5870,1
5871,2
5872,1
5873,2
5874,1
5875,1
5876,0
5877,2
5878,1
5879,2
5880,2
5881,2
5882,4
5883,2
5884,2
5885,3
5886,0
5887,2
5888,0
5889,5
5890,1
5891,2
5892,2
5893,2
5894,0
5895,4
5896,1
5897,3
5898,3
5899,3
5900,2
5901,1
5902,0
5903,1
5904,2
5905,2
5906,3
5907,2
5908,1
5909,0
5910,2
5911,2
5912,2
5913,2
5914,1
5915,2
5916,0
5917,2
5918,0
5919,0
5920,4
5921,1
5922,5
5923,1
5924,2
5925,2
5926,2
5927,2
5928,1
5929,2
5930,4
5931,2
5932,0
5933,2
5934,2
5935,0
5936,3
5937,0
5938,1
5939,2
5940,3
5941,3
5942,3
5943,2
5944,2
5945,1
5946,0
5947,1
5948,0
5949,4
5950,0
5951,1
5952,2
5953,1
5954,2
5955,3
5956,3
5957,2
5958,0
5959,4
5960,1
5961,3
5962,3
5963,0
5964,2
5965,3
5966,4
5967,0
5968,3
5969,4
5970,2
5971,1
5972,1
5973,2
5974,1
5975,1
5976,2
5977,1
5978,0
5979,3
5980,1
5981,2
5982,1
5983,2
5984,1
5985,0
5986,2
5987,1
5988,1
5989,1
5990,2
5991,2
5992,3
5993,1
5994,1
5995,2
5996,1
5997,1
5998,1
5999,0
6000,1
6001,1
6002,0
6003,3
6004,3
6005,1
6006,0
6007,1
6008,0
6009,1
6010,3
6011,0
6012,2
6013,0
6014,4
6015,2
6016,4
6017,0
6018,4
6019,0
6020,3
6021,0
6022,1
6023,3
6024,1
6025,1
6026,6
6027,2
6028,4
6029,2
6030,3
6031,3
6032,1
6033,2
6034,2
6035,1
6036,1
6037,4
6038,1
6039,1
6040,3
6041,2
6042,1
6043,2
6044,1
6045,0
6046,1
6047,2
6048,2
6049,1
6050,3
6051,1
6052,0
6053,0
6054,3
6055,1
6056,3
6057,0
6058,1
6059,1
6060,0
6061,1
6062,2
6063,3
6064,1
6065,2
6066,1
6067,1
6068,1
6069,2
6070,1
6071,2
6072,1
6073,2
6074,1
6075,2
6076,0
6077,1
6078,2
6079,0
6080,0
6081,0
6082,1
6083,3
6084,2
6085,3
6086,4
6087,1
6088,0
6089,0
6090,1
6091,2
6092,1
6093,4
6094,2
6095,0
6096,3
6097,1
6098,2
6099,3
6100,0
6101,1
6102,1
6103,5
6104,1
6105,0
6106,0
6107,2
6108,0
6109,4
6110,1
6111,5
6112,2
6113,2
6114,2
6115,1
6116,3
6117,0
6118,0
6119,1
6120,3
6121,1
6122,2
6123,2
6124,2
6125,1
6126,0
6127,2
6128,2
6129,2
6130,2
6131,1
6132,1
6133,1
6134,2
6135,4
6136,1
6137,0
6138,1
6139,2
6140,2
6141,3
6142,0
6143,1
6144,4
6145,0
6146,2
6147,4
6148,3
6149,1
6150,3
6151,1
6152,0
6153,1
6154,2
6155,2
6156,2
6157,1
6158,2
6159,2
6160,2
6161,2
6162,1
6163,1
6164,0
6165,1
6166,3
6167,0
6168,3
6169,1
6170,6
6171,3
6172,1
6173,1
6174,0
6175,2
6176,1
6177,0
6178,1
6179,2
6180,3
6181,1
6182,1
6183,3
6184,0
6185,1
6186,2
6187,2
6188,1
6189,0
6190,1
6191,0
6192,0
6193,3
6194,2
6195,1
6196,2
6197,1
6198,4
6199,4
6200,4
6201,2
6202,1
6203,1
6204,1
6205,1
6206,2
6207,1
6208,4
6209,0
6210,3
6211,2
6212,3
6213,1
6214,2
6215,3
6216,2
6217,0
6218,5
6219,1
6220,0
6221,1
6222,3
6223,1
6224,1
6225,4
6226,3
6227,3
6228,1
6229,0
6230,1
6231,1
6232,6
6233,0
6234,3
6235,2
6236,2
6237,1
6238,4
6239,3
6240,2
6241,1
6242,1
6243,2
6244,2
6245,1
6246,4
6247,1
6248,5
6249,2
6250,2
6251,1
6252,2
6253,2
6254,1
6255,2
6256,2
6257,2
6258,1
6259,0
6260,2
6261,1
6262,3
6263,2
6264,0
6265,1
6266,1
6267,2
6268,1
6269,0
6270,5
6271,2
6272,3
6273,0
6274,1
6275,4
6276,0
6277,2
6278,1
6279,3
6280,2
6281,3
6282,2
6283,0
6284,3
6285,4
6286,1
6287,1
6288,3
6289,2
6290,4
6291,1
6292,0
6293,1
6294,1
6295,1
