3847466,0.0
3854535,50.0
779823,50.0
4457701,50.0
3852937,50.0
779657,300.0
3854838,5064.37
2970297,50.0
6130494,50.0
3853403,50.0
3856867,50.0
563460,50.0
780001,1308.3599999999997
4427199,50.0
3614980,100.0
3854658,100.0
3614981,100.0
3853849,50.0
3854402,50.0
720941,50.0
6214613,100.0
781374,100.0
3854600,80.19
4502076,50.0
4880783,100.0
5222333,50.0
2947568,100.0
4441363,1.0
779689,50.0
780170,200.0
780676,350.0
780179,200.0
780673,100.0
3853909,50.0
3854620,0.0
781206,2500.0
781207,9000.0
781204,400.0
781205,1800.0
781202,350.0
780987,0.0
781200,250.0
781201,0.0
3857541,50.0
6247137,1570.0
780988,0.0
3614871,2.0
3855613,50.0
3856720,50.0
781209,50.0
583180,50.0
2950199,1.0
778506,100.0
3610825,0.0
4461887,100.0
3615196,100.0
3615195,50.0
3855396,100.0
759941,50.0
778234,500.0
4453529,39.0
3614712,100.0
3614711,100.0
3615379,50.0
777764,50.0
3614715,100.0
3615174,6065.49
3615172,6066.49
780500,300.0
3615277,50.0
3615179,50.0
4493645,100.0
3853996,45.0
3614474,50.0
3614804,30.0
3614803,100.0
3614802,25.0
3614626,50.0
3614622,100.0
3614394,0.0
780595,0.0
751352,0.0
774700,0.0
780691,250.0
3614652,20.0
3614651,15.0
3850401,0.0
2963130,100.0
6284141,50.0
680547,50.0
762350,250.0
780991,0.0
5923831,50.0
780990,0.0
4467670,100.0
780993,0.0
493297,50.0
6074451,100.0
3901133,10000.0
780994,0.0
629827,150.0
4464112,50.0
3852809,50.0
781212,300.0
781035,50.0
1784024,50.0
3853470,100.0
780711,150.0
3853570,500.0
3854251,45.0
3854253,100.0
3615324,50.0
4445996,50.0
2968459,100.0
3615004,50.0
3615001,50.0
3615003,50.0
3856763,50.0
4425295,50.0
709989,150.0
420363,50.0
404400,50.0
5055245,100.0
3852656,50.0
781322,1800.0
3854846,50.0
781174,200.0
4486232,100.0
6226675,50.0
3852714,50.0
3614990,50.0
3854828,100.0
3854676,50.0
3854674,50.0
780148,100.0
778886,150.0
3262593,0.0
780140,150.0
3615137,8000.0
368407,2.02
3614840,11.11
3854899,50.0
3852655,50.0
3110,100.0
3614533,300.0
3614531,50.0
3614928,100.0
3614535,36.629999999999995
3614534,13.37
3614926,100.0
3614436,50.0
781141,0.0
781140,0.0
781143,0.0
781145,0.0
781144,0.0
3614742,50.0
3614743,0.0
781149,50.0
3614748,100.0
3614665,50.0
780499,50.0
3615226,50.0
6233338,50.0
3615178,100.0
6206410,50.0
3615343,50.0
3632745,0.0
3615344,50.0
3614697,50.0
3614694,30.0
3614695,50.0
3614693,5.0
3614698,50.0
2941257,50.0
53494,50.0
5991328,50.0
738279,100.0
4395395,0.0
3854528,100.0
5950577,50.0
4429164,10.0
780767,50.0
780764,100.0
3694076,726.29
4416847,50.0
5814881,50.0
3852923,50.0
689732,300.0
4479205,50.0
3615163,50.0
531141,50.0
4441616,1.0
2953940,50.0
4489662,100.0
773009,0.0
777219,615.0
3859035,50.0
6190350,100.0
781047,100.0
6225107,100.0
752188,0.0
3854412,50.0
6079073,100.0
753200,50.0
639948,50.0
169881,2117.1
4455498,100.0
780667,50.0
780665,300.0
780840,150.0
781029,150.0
5935383,50.0
3853912,50.0
4920,0.0
780062,100.0
781215,650.0
781214,150.0
781217,150.0
781216,100.0
781211,400.0
781210,200.0
781213,200.0
780996,0.0
780999,3405.0
4496441,50.0
4132425,0.01
3853968,50.0
781219,550.0
736016,50.0
781022,0.0
781010,0.0
3615049,100.0
3852660,50.0
4418151,5.0
4433378,50.0
3614706,100.0
3614707,1.0
3615143,100.0
3615144,242.16
3615146,100.0
3854875,50.0
3854870,50.0
3614495,0.0
3614790,10.0
3614797,100.0
3614796,20.0
3614795,50.0
3614794,5.0
3614578,50.0
3854249,100.0
3614818,40.0
3615166,0.0
3614635,100.0
3614636,100.0
4477805,100.0
3614631,50.0
3614633,100.0
3614638,100.0
781138,0.0
781139,0.0
3615316,50.0
3614571,50.0
781132,150.0
781133,0.0
781134,0.0
781135,0.0
5104,2050.0
781137,0.0
780684,100.0
780686,150.0
3856938,50.0
3855377,100.0
6075321,100.0
3608208,0.0
4452747,100.0
779710,100.0
3854453,50.0
4456525,100.0
781007,0.0
3854456,100.0
781003,300.0
742504,50.0
781008,0.0
781009,0.0
3854266,0.0
780536,50.0
3615018,50.0
3853548,50.0
779406,100.0
780024,50.0
637992,50.0
3615035,100.0
3615034,100.0
780981,50.0
781203,100.0
781310,250.0
3852960,50.0
2953911,100.0
723281,50.0
744910,50.0
3852701,1560.0
3614870,1.0
224319,3230.0
780799,150.0
3614591,100.0
3854835,50.0
3614592,100.0
3614454,50.0
780974,100.0
780797,100.0
6071765,100.0
29598,300.0
3614453,50.0
3855839,100.0
3853920,100.0
3854607,100.0
781208,50.0
6073946,35.0
4453856,474.13
3614741,50.0
6136493,50.0
3614856,50.0
3614857,2.0
3614858,1.0
3614859,100.0
106788,300.0
919514,50.0
4495173,50.0
2971879,50.0
3614529,50.0
3614772,100.0
781178,200.0
781179,0.0
3614779,100.0
781175,600.0
781176,2520.0
781177,50.0
781170,625.0
781171,150.0
781172,100.0
781173,200.0
3615359,50.0
728656,50.0
4495632,50.0
3615351,50.0
5885736,50.0
2955307,300.09
3853643,100.0
780244,100.0
3620273,50.0
3853720,100.0
3855744,0.0
3855748,6064.49
4918293,78.17
712530,13900.0
3854497,50.0
781017,0.0
780573,5.0
3854949,100.0
778134,50.0
653900,100.0
780725,200.0
780776,0.0
6194816,100.0
3853428,100.0
3853582,25.0
5203709,100.0
4353217,0.0
3854022,15.0
772426,0.0
3854024,5.0
6035895,50.0
6004929,50.0
779337,50.0
779444,50.0
3855049,100.0
781196,500.0
781197,500.0
781194,150.0
781195,50.0
781192,2500.0
781193,100.0
781190,102.0
781191,100.0
781057,50.0
3854462,50.0
3854549,100.0
781198,200.0
781199,200.0
62691,0.0
719829,250.0
3615065,100.0
3853459,50.0
4441515,35.0
4425171,50.0
689312,201.01
4496477,50.0
741291,50.0
781220,1600.0
781223,100.0
3614959,50.0
3614487,50.0
3615075,50.0
392188,9000.0
3615077,100.0
3615076,100.0
3615073,100.0
780945,200.0
779151,200.0
3615153,100.0
3615159,5064.4
3854841,0.0
3615157,50.0
3615152,50.0
3854844,50.0
4437231,5.0
3614782,1.0
3853609,0.0
3614784,100.0
3614785,1.0
3614786,5.0
3614789,100.0
781058,50.0
3854652,100.0
780282,150.0
5987152,38.0
781000,0.0
3614600,100.0
2966548,6064.4
778170,100.0
3614606,50.0
4447789,50.0
6179682,100.0
738229,100.0
781082,0.0
781128,100.0
4431719,100.0
780303,50.0
737139,50.0
3854383,100.0
601287,50.0
780307,50.0
780645,100.0
3853075,50.0
3853077,50.0
780862,100.0
3853070,50.0
2970586,50.0
3853072,50.0
3614737,100.0
3614731,50.0
3614733,50.0
3614732,100.0
3853676,100.0
3855552,100.0
3853674,100.0
773445,50.0
3853537,100.0
779692,50.0
4422558,3000.0
3855008,0.0
4422794,50.0
3852784,50.0
781016,0.0
3852786,50.0
781014,150.0
3612588,0.0
3614525,50.0
3855004,50.0
3853552,100.0
3854271,40.0
3853556,100.0
3854274,1.0
727888,250.0
3854501,50.0
733029,200.0
4449767,50.0
701464,201.0
405661,400.0
6073025,100.0
6159976,50.0
3853944,100.0
781062,0.0
780883,100.0
3854439,100.0
3615445,50.0
3614586,100.0
3614584,5.0
3614585,45.0
4452717,100.0
780906,100.0
3873562,23.09
779051,100.0
3854614,4964.0
3853936,50.0
3614902,100.0
3614865,50.0
3614866,100.0
3614860,50.0
3614862,50.0
3615026,50.0
3615027,50.0
3615025,100.0
3614519,0.0
3615185,100.0
3615184,100.0
3615186,100.0
3614511,50.0
3615180,50.0
6114729,100.0
4542212,50.0
781169,150.0
781168,500.0
3614882,49.0
3614881,2.0
781163,100.0
781162,50.0
781161,0.0
781160,1100.0
781167,100.0
781166,250.0
781165,0.0
3614888,100.0
3615167,100.0
781105,0.0
3615165,50.0
3854896,100.0
3615162,100.0
3615161,100.0
780268,250.0
3615206,50.0
3615204,50.0
3614909,100.0
3615202,50.0
3615168,100.0
781106,0.0
3853983,40.0
4485611,50.0
652266,150.0
3853737,1.0
777991,50.0
774883,50.0
777624,50.0
781102,0.0
3855752,50.0
781158,0.0
4496288,50.0
5920120,50.0
5974781,100.0
4422592,0.0
3855564,50.0
781118,50.0
3853687,1.0
781114,50.0
781115,150.0
3853599,100.0
776970,250.0
780747,100.0
3854002,50.0
3614644,100.0
3889426,40.0
3614641,100.0
3614643,15.0
4422866,50.0
4451165,100.0
777372,5.0
3614521,50.0
3853205,50.0
741354,50.0
3855033,100.0
4495387,50.0
3615138,100.0
780347,50.0
4487977,100.0
4456379,50.0
781185,300.0
781184,200.0
781187,200.0
781186,1000.0
781181,300.0
781180,1100.0
781183,600.0
781182,1000.0
3854470,100.0
781020,0.0
781021,100.0
781189,101.0
781188,100.0
6266328,50.0
3614745,100.0
4421850,50.0
3853562,10.0
580301,100.0
780159,50.0
3853296,100.0
3270333,50.0
6174417,100.0
779011,221.0
3615019,50.0
781258,500.0
4498411,50.0
3615014,0.09
780995,0.0
781164,50.0
4494007,50.0
780348,50.0
4440259,0.01
3854893,100.0
765716,262.15999999999997
6104302,50.0
3612449,10.0
781232,200.0
781230,150.0
4622153,100.0
3614438,50.0
3852768,50.0
3615062,100.0
3615063,50.0
3615060,100.0
2958385,100.0
3852761,50.0
579240,50.0
780229,50.0
3854858,100.0
780387,200.0
3853949,50.0
3614834,0.09
3614835,100.0
781136,0.0
3614830,100.0
2941238,50.0
6077837,100.0
3854667,100.0
3614839,50.0
2962557,100.0
3614542,50.0
3853733,5.0
3614541,50.0
3614936,50.0
725630,100.0
781152,350.0
781153,0.0
781151,100.0
781156,0.0
781157,0.0
781154,0.0
781093,50.0
3614617,100.0
781091,50.0
781159,0.0
781096,100.0
3614610,35.0
3614611,15.0
775759,50.0
3615337,50.0
10476,5.0
4483476,50.0
3853705,50.0
3614722,1.0
4859993,100.0
771571,100.37
4315832,50.0
3614727,50.0
3614725,1.0
3614680,50.0
3614729,100.0
3614686,100.0
