4490920,2
3566875,2
778116,0
778117,0
778114,23
776846,13
6284802,0
777820,1
4554853,2
741266,0
777222,1
1555513,2
27371,3
755602,2
3654004,0
6181672,2
4554290,2
3654624,1
3660157,2
1199073,2
3653938,2
3566890,1
3566898,2
3660550,2
3660554,2
3568919,1
4167765,0
3567049,2
766104,0
1551178,1
1276521,2
3565824,2
3565825,0
4572890,2
1537960,2
6027847,0
1573246,1
3653154,1
3566401,1
3566400,2
2856916,0
6199199,0
1257500,2
4547450,2
4526000,2
3659954,1
3659958,2
1548508,0
3579953,2
3659009,2
3565682,2
3565683,1
5181,1
3656668,1
6318404,2
3565758,2
3567264,1
3565754,1
3565755,2
3565536,0
3658284,2
4490060,1
3652397,2
748821,2
4592060,1
1566323,2
3652159,1
3652406,2
3566420,2
3566228,2
3658849,2
778279,1
778276,1
778274,1
778079,6
3654822,1
778075,1
778074,3
778071,6
778072,0
3659226,1
1305831,0
3659780,2
3652713,2
3560946,0
230648,0
3546028,0
3653670,2
4453562,1
3652374,1
3656385,2
1407043,0
3651393,1
778104,0
778106,0
778103,0
468600,0
3569274,1
710427,1
777852,2
6097725,2
777851,0
777855,2
4458181,1
3566798,2
6114067,2
777215,4
773009,1
6067973,2
1567359,2
3654635,1
5436918,1
4449324,1
4589659,2
776184,1
3660834,1
3654706,2
3656412,2
951775,1
3660233,1
431537,1
3653383,1
773228,0
4572719,2
3659729,1
4537851,2
33446,40
4451315,2
4576304,2
4458467,2
3566419,2
1552992,3
3652622,1
3657653,1
777606,2
618816,1
2373791,0
4556379,2
3653092,2
3566332,2
3662628,1
3659031,2
157398,6
781414,1
3659036,2
12290,0
4572918,2
759572,0
1546455,1
3565785,2
3565786,2
3565788,1
3652386,2
3652414,2
1223536,1
311307,0
3566231,1
3566232,2
3566711,1
3658183,2
3653521,2
751011,0
778048,1
3658670,2
778044,0
3658675,2
778047,0
4484176,2
3657600,2
6248148,2
1283365,1
3660806,2
3652708,2
777785,0
1549490,2
1549493,1
816816,0
4465628,2
777739,0
747682,0
3823920,1
6237650,2
778130,0
778131,1
778132,3
778133,2
778134,1
778135,40
778136,1
778137,1
778138,1
778139,23
4492617,1
3651728,2
3560975,0
1570134,1
777846,2
3566783,2
3566784,2
3651928,2
3654021,1
4524933,2
3566850,1
771986,1
4533659,2
3653956,2
1536898,2
3660134,2
4464095,2
6191809,1
3655644,2
1569029,2
3660223,2
3654357,2
6320092,1
3565803,2
1554266,1
5397700,1
3659734,2
6146440,1
3563310,0
613520,1
3566421,2
3567222,2
3661269,2
4573474,0
3565826,2
3659934,2
3626003,0
3659025,1
1561227,1
1562154,2
774900,0
739300,2
10502,9
3562427,0
3566338,1
3566331,1
346558,0
3566335,2
3566337,2
3566336,1
1541930,2
1561599,2
3658468,2
733899,1
3565796,2
752281,0
3566205,2
3566204,2
5679599,1
3566201,2
3566200,2
3659592,2
778057,0
778059,0
8630,0
778589,1
3658883,2
4528203,1
1546001,0
3659209,2
777905,0
5948057,1
3564860,0
777692,0
3652917,1
774011,2
3659203,1
775835,1
775768,1
3658242,0
207489,0
611026,0
3652355,2
3662500,2
777473,0
750193,1
778129,2
778128,0
778126,0
778124,0
778123,3
778120,7
92336,0
4464676,2
2358640,0
4188229,1
1542027,2
1533108,2
3660037,0
3566938,2
3566937,2
3566936,1
3566931,1
3655034,1
1567333,2
6133921,2
3654035,1
1845844,1
3660101,1
3541040,0
3566683,2
3566687,2
736132,1
5133385,0
3654501,2
773750,3
3566755,2
3566753,2
3566751,1
3566759,1
3566758,0
3565879,1
3565878,2
3565873,2
3565871,1
3661291,2
3565877,0
3565875,1
3653345,1
5708699,0
3661187,2
3565905,1
609211,0
3565902,2
3659697,1
3566325,1
3566322,1
3566323,1
3566321,1
3657729,2
3566328,2
775355,0
4462032,2
90724,9
4497810,0
3566213,1
775537,2
1569301,1
3659878,2
4464463,1
778024,0
3658658,2
778029,0
3658891,2
3652296,1
5581889,1
777918,0
3652766,2
744910,1
777914,0
690147,1
3662377,1
3234655,2
1535697,2
5965118,2
777680,0
777686,5
4987879,1
1549475,2
1273445,1
1535343,2
3566776,0
6301666,1
3652616,1
3652343,1
738279,1
3651831,2
3651834,2
778158,4
778159,16
778152,1
778153,6
4453845,2
738201,2
778156,4
778157,3
778154,41
778155,1
2014733,2
750277,0
734190,0
3660736,2
3660117,1
1258565,2
6121528,2
6230006,2
777316,0
598435,0
3653971,1
3653402,1
3654197,2
4538010,2
776134,0
3660207,2
3660202,1
6105579,2
4441485,2
3660302,2
5991531,2
668587,3
4489446,2
617119,1
3657064,2
3566516,1
6079862,1
3565914,2
3653995,2
1948961,2
3565918,2
3565919,2
3566353,2
3566352,2
3566351,1
3659681,2
3566357,2
3566356,1
3566359,1
3566358,2
3566221,1
3566594,0
3566590,1
3566592,1
3566599,2
6105974,1
3653191,1
4489685,2
6161893,1
743629,0
3652111,1
3656130,2
1053765,2
725512,1
3659860,2
3659866,1
778031,1
3564998,0
773707,2
5219843,1
4554148,0
1244636,0
4469527,2
4605591,0
3651574,2
3654031,1
777674,1
6248948,1
4664623,1
1555933,2
3584045,0
3654974,2
4485577,2
3566007,2
3566005,2
751023,0
3566001,1
3566000,1
3652333,2
3658664,2
3566009,1
3566008,2
1570077,1
183626,0
777416,2
778149,1
778148,1
778141,7
778140,1
778143,1
778142,1
778145,5
778144,1
778147,2
778146,1
3581497,0
3658138,2
4514577,1
1479556,1
3651227,0
1535247,1
3651222,2
6162201,3
3522094,0
3655900,1
776785,0
3651826,2
24639,5
3650266,0
764395,0
372118,30
3564214,0
3680982,1
6148695,2
3654741,2
3654747,1
1551307,2
1557456,0
3655160,2
3657182,2
4521265,1
3658,0
3566771,2
3566770,2
3566772,2
3653504,1
3598954,0
3654369,1
3654410,2
3661099,2
3661095,2
1239347,0
3567188,2
3567181,2
3660308,2
3653414,2
3653213,1
3565677,0
3565676,2
3566340,2
3566342,2
3566343,2
3566344,2
3566346,2
3566347,0
3566348,1
3566349,2
3566587,1
6315446,2
1461886,0
3566588,2
4548031,2
772134,1
1293303,1
3652574,2
743149,0
4456364,1
3652106,1
1547703,1
4575789,1
5774721,2
3656125,2
5982975,0
775026,1
3659097,1
4389239,1
3652740,2
3657510,0
3652744,2
3566168,2
3566164,2
4499179,2
779154,1
3652328,0
2131879,2
3566011,1
4586004,2
3615803,0
1617582,1
778174,1
778175,3
778176,41
778177,3
778170,2
778171,1
3652818,1
778173,3
4530003,1
778179,1
777407,0
777793,6
3658126,1
4716203,1
777885,0
4195599,2
3652927,0
3651211,1
776338,2
777242,1
777536,5
777245,1
4533471,1
913668,0
3565975,1
3651853,2
4436224,0
696390,0
4454069,2
405661,1
3654088,1
1263809,0
3682823,1
3655685,1
737450,2
3654770,1
4289052,2
3655172,2
1556918,0
3654794,2
53157,0
3654799,2
6274284,2
778187,1
4590670,2
3566769,2
3566766,1
3566764,2
566298,0
3566763,2
3566760,2
3566761,2
3650307,0
3655777,2
412909,1
4493984,1
3654316,2
4451437,2
404116,7
6201263,2
4576269,2
1535524,2
93837,1
3567196,1
1525351,1
3654225,2
6208678,1
3565937,2
4247894,2
3565930,2
4518907,0
3655911,1
3567280,1
4457578,2
3566375,2
3566376,2
3566370,2
3566372,2
3566578,2
3314124,0
3566570,1
4556210,2
4569870,1
6171947,2
6017783,1
3657457,1
3652130,2
3603333,0
4522894,2
3567177,0
3567171,2
3565660,0
3659884,2
3567179,0
779540,1
3658681,2
778014,1
3659242,2
756495,0
3656034,1
3566157,1
3566159,2
1111290,2
3566397,2
3565592,0
777611,0
3652797,1
778300,2
782137,1
777655,1
3658754,2
457027,0
3652312,2
3651444,1
3651447,2
3651440,1
3566027,1
778787,2
778163,1
778162,3
778161,1
778160,5
778167,1
778166,1
778165,1
778164,1
3649562,0
778169,1
778168,1
4467908,0
4866312,2
403488,0
3651207,2
6289258,2
750401,0
1575116,0
4535420,1
3566973,2
3566972,2
782351,1
6249395,2
6170149,1
777436,0
730155,0
3651661,1
777433,1
776436,0
4579367,2
3566809,2
3566808,2
3660782,2
6316957,2
3566800,2
776697,0
3655142,0
3655148,1
776699,0
1533639,2
3654782,2
3545335,0
3654788,0
3661302,2
1558410,2
3660096,1
1787572,2
3558983,1
4450755,2
3653839,2
3566713,2
3566712,1
1558099,1
3653833,2
3566715,1
3566714,2
6248490,0
535668,1
3655789,1
773082,0
3655783,0
3566625,1
3566624,2
3657037,2
3566629,2
4440504,0
3654231,2
3565942,1
3565941,2
3566444,0
3563471,0
1547658,1
5713325,2
3566368,2
2857294,0
3566366,2
3566367,1
3566568,2
778172,1
3566567,1
3657149,2
3653650,0
3653659,2
762350,0
3658928,2
778178,3
3565724,2
3565723,2
6219417,2
3565721,2
3658923,2
556431,0
4035897,0
3567384,1
3566499,2
3565619,0
4564374,1
3553640,0
3652011,1
3653823,2
3656003,1
3566148,2
3566149,2
736493,0
278186,11
3566388,1
3566389,2
3559020,0
778378,1
4549412,2
776948,1
3652302,2
3652651,2
4447834,2
3656311,2
3654945,2
3110,2
6129409,1
3566036,2
3669926,1
778198,1
778199,1
778196,2
778197,2
778194,2
778195,3
778192,1
778193,2
778190,17
778191,2
775917,1
778208,1
778209,41
778206,22
778207,1
778204,1
778205,1
778202,7
778203,4
778200,1
778201,1
3655200,2
777643,0
3566960,2
3654440,2
3566964,1
928800,3
4590936,2
4390687,1
4479632,1
776912,1
3652886,1
3566218,1
4584423,0
4006258,2
4550684,2
3566819,2
3567543,1
3657812,1
3566810,2
3566811,2
5726997,0
472391,0
4773784,2
3978604,0
4550539,2
1540463,0
3660060,2
6182011,1
4533926,2
3660242,2
3661338,0
63626,2
3660247,2
749131,1
3566709,1
757950,2
3653827,1
3566705,1
3566707,1
3661203,1
6289885,0
766695,0
766504,0
3656552,1
3557975,0
3654208,2
3565952,1
6253845,2
726231,1
3659649,1
4515373,2
4404452,0
5104,32
5317614,0
6148835,2
730893,1
3653645,2
4488805,2
346685,0
3565734,2
3658913,2
4457739,2
3565731,2
3565732,2
3565733,0
3656176,2
469498,1
4498219,1
3656776,2
2977094,1
4448403,1
3659177,2
3656014,1
3657785,2
746657,2
20302,6
6018219,1
775852,0
4452704,2
1539371,1
4834805,2
656279,0
3654932,2
106788,1
778567,1
3566049,2
3559633,0
3566041,1
3566047,2
3566046,2
3566045,2
778189,2
778188,8
777749,2
777746,0
778184,2
777744,0
778186,1
778181,2
777743,0
778183,1
778182,2
3651792,2
778219,5
778218,6
778215,2
778214,9
774433,0
778216,2
778211,1
778210,4
778213,1
778212,1
4586728,2
3656944,1
3651267,0
3656948,1
711717,0
1549425,1
1084212,1
777569,0
3566958,0
3566955,1
778235,1
4499639,2
1019112,2
3651317,0
777182,2
3651313,2
777369,0
3651884,1
778238,25
2558538,2
3566817,2
3654142,2
1546984,2
3636883,2
755546,0
4887080,1
3657306,1
5000665,2
4492468,2
579074,2
17440,0
3656788,2
4573374,2
6090551,1
3657012,1
3566600,2
10476,5
5611526,1
3659636,2
1221510,1
4458757,1
1569054,2
3567016,2
3554540,0
3567011,2
4456492,2
36416,0
3565705,1
3565704,2
3659183,1
3659749,1
3655894,1
1552934,2
3567123,2
3567121,2
3567124,1
3565417,0
3564941,0
3658582,2
3657555,2
3657559,2
3659561,2
3657790,0
243665,1
1540650,2
778422,1
4071000,2
6106496,1
3659361,1
2083608,0
3654928,1
528989,0
4473078,0
610879,1
1532716,1
3654923,2
3687975,2
4549235,2
3566052,2
3566053,2
3566054,0
4542211,2
778228,6
778229,1
778220,1
778221,2
778222,1
778223,17
778224,1
778225,1
778226,1
778227,1
778151,1
3658160,2
777993,0
3652210,2
3566949,2
3566941,1
3485642,0
2035952,0
1568640,2
730169,0
785478,2
777371,7
776719,0
776713,1
4579536,2
2387300,2
776807,0
3655400,1
6239233,2
3653804,1
1551392,1
3653808,2
3567050,1
3660427,1
3650345,0
3657007,2
3661220,2
3565976,1
3565974,2
3566619,2
3566614,1
3669695,2
3661355,2
4525970,2
3061712,2
3653060,0
775513,0
3567008,2
3567006,2
3567007,1
772475,8
3653665,2
5329169,1
4451389,2
5614853,0
772496,6
4505173,2
4489355,2
6004671,0
3659197,2
48298,1
3659753,2
3655883,2
3654557,2
589538,0
3565401,4
3658379,1
4448426,2
4594932,2
3659572,2
5951395,0
3652042,2
3657817,2
3657764,2
487383,1
3565716,2
3565714,2
3565712,2
3565710,1
3565711,1
3565719,2
771739,1
3566064,2
3566066,1
3287027,0
3615059,0
3163212,1
5280386,0
778237,2
778236,1
774411,0
778234,1
778233,27
778232,1
778231,1
778230,2
777765,1
778239,1
777767,2
3658626,0
733955,1
3658620,1
3654861,2
3652227,2
3654865,2
777937,0
4491314,2
681308,0
640,1
6189164,2
4480639,2
4495144,2
681944,0
3618969,0
224053,0
4569583,1
1569701,2
92224,0
3891,1
3651625,2
5722370,2
3660741,1
4569636,1
1254174,0
3654121,2
1555603,2
4491042,0
3539255,0
777816,1
776815,1
5891773,2
1534887,1
3670869,1
3653874,2
3566999,2
3654690,2
778185,1
3660181,1
3654051,1
778180,2
3660167,2
3660161,1
5033005,0
3653909,2
3566662,2
3653901,0
3661343,2
93311,1
3653478,1
666904,1
3659968,2
739396,13
3566527,1
778217,3
3567038,1
5235558,2
60765,0
6101751,1
1543079,2
3543420,0
3656187,2
3659764,1
3567105,1
3567107,2
3567103,2
3567102,1
3566455,0
3656744,2
3653055,2
778863,1
5312580,0
3659814,2
3659019,1
1561476,2
3566185,2
3658560,2
3657575,2
1569250,2
775131,3
3657774,2
3657801,2
3657807,2
3658963,2
4448230,0
3567217,0
3567216,0
3567219,2
6261908,2
5883524,1
26699,1
3654901,2
3654905,2
3651436,2
4488543,1
6184664,0
3652453,2
3658497,2
778539,1
724290,13
778242,1
778243,5
778240,5
778241,1
778246,1
778247,1
778244,1
778245,1
778248,1
778249,1
4591220,1
778083,0
4513918,0
4578877,1
3654870,2
3657595,1
3657590,1
1560835,3
777603,1
777970,0
23888,3
1545959,2
6259745,2
3566952,2
3651341,1
3651616,2
3658036,1
3561466,0
6130352,1
777777,0
777771,0
6143029,2
6315837,1
3566851,2
3566854,2
777393,3
6233516,2
4542011,1
779921,1
1136319,1
321,2
3660627,1
348546,3
776600,2
3966908,2
3257931,0
776730,2
3655514,2
3654062,2
224319,5
3654641,2
780978,1
4471564,0
3660175,2
3660170,1
6302704,2
6209183,2
6007,1
3565998,1
3565999,2
3654243,1
1618143,2
3565992,1
3565993,1
3661372,1
3653282,2
3567026,1
3566519,1
6163705,2
3566514,1
778150,1
739563,0
3566511,2
3555999,0
3654486,1
3555995,0
1552652,2
5680457,2
3566092,1
3567113,2
3567116,2
3567117,2
3567114,2
3567115,2
3567118,2
3653043,2
3653730,2
3659809,1
1532903,2
6113108,2
3655998,2
3657741,1
3567200,1
3658737,0
3658732,2
775897,0
3659390,1
3565515,0
899744,2
724573,4
778251,1
778250,2
778253,1
778252,1
778255,1
778254,2
778257,1
778256,1
778259,1
778258,1
778090,0
778096,2
778099,5
3565190,0
3654805,0
782150,1
1532279,1
15472,0
764317,0
3651351,1
777491,2
3651605,1
4452682,2
3833441,1
4177482,2
3566864,2
3566866,2
3566860,2
3566863,2
3566862,2
736352,0
6065577,2
1556982,2
733029,0
777830,0
777832,2
3629161,0
3651994,1
6160007,2
6166954,1
6150865,1
3653247,1
2482665,0
1557745,1
4662441,1
744550,0
6170877,1
3660140,2
3566887,1
3566880,1
3566889,2
764626,0
3653452,1
3659948,2
1550271,0
6146264,2
4482281,2
4567744,1
3566508,2
3566509,1
3566503,1
3566500,0
3566507,2
4457850,2
3653633,2
3653639,1
4559176,2
4508593,2
4575701,1
3653145,1
736504,1
3655857,1
1573274,1
3656728,1
3657632,1
3563696,0
4498804,2
3657750,2
3656656,1
3565749,0
6074557,1
3567274,1
3658727,2
33513,7
1710095,0
3566094,2
3566095,0
1180,0
3566093,2
3567304,1
778268,1
778267,1
778069,1
778066,0
3658614,0
778062,6
778063,0
777954,0
6263361,2
3659232,2
3654811,0
777880,0
6255111,2
6089358,2
774755,0
507986,0
778603,1
6155095,1
3652893,2
3652891,2
777712,2
725630,0
4418585,2
3652542,2
