1407949,50.0
1394507,50.0
6260189,50.0
3560557,787.5
3560555,788.5
3560552,100.0
3560550,50.0
3624021,70.5
3560558,787.0
3561538,98.5
3561539,50.0
3561536,99.5
3977300,57.0
3561535,50.0
3561532,97.5
1385629,781.5
3561530,97.0
3561531,50.0
3629150,2.0
777829,1.0
777828,91.0
777827,4.5
777826,200.0
777825,51.75
777824,2.0
777823,1.0
777822,200.0
777821,1.0
777820,349.0
3988277,0.0
3619300,50.0
777223,250.0
3619309,759.0
27371,190.18
3625095,195.0
4492746,745.5
3560154,0.0
3958153,100.0
3622685,50.0
3622511,43.0
3925062,799.0
3626200,50.0
745783,200.0
3621792,50.0
3945958,23.5
3562377,50.0
4037400,816.0
3624459,0.25
3561430,50.0
4079982,0.0
3346374,0.0
6027847,100.0
3553901,0.0
3561533,98.0
1422561,849.5
4161537,218.29
3242728,0.0
775768,0.0
3561954,849.0
1406932,270.0
3619638,780.5
4100344,256.49
3624075,71.5
2123387,0.0
3624675,80.5
5181,3000.0
2585088,847.0
3562083,868.0
3562082,868.5
3562080,867.5
3561839,836.0
1380757,50.0
3791357,0.0
3968372,147.66
3621959,50.0
3561053,2173.0
3561055,2163.0
3561057,2153.0
3561056,51.0
3935225,0.6
3561946,0.0
3561945,0.03
3560639,50.0
3561231,73.5
3561942,0.0
3560632,50.0
3560633,47.5
3561239,57.0
3561238,57.019999999999996
3561949,100.0
3561948,847.5
4015869,0.22
3623925,0.89
3624201,0.0
711770,50.0
4038329,100.0
4888228,769.5
3628767,37000.0
5654812,795.5
5677359,19.5
3614747,0.0
774747,0.0
3560942,35.5
3560943,93.0
3560944,36.5
4048795,31.660000000000004
3560947,37.0
1384056,75.0
1426794,872.0
3560606,100.0
97845,0.0
230648,0.0
3623811,0.87
777728,100.0
777729,0.0
3619465,0.0
777720,1500.0
3560160,738.5
777723,50.0
1407043,0.01
777106,2900.0
776982,0.0
3560544,785.0
3560546,50.0
3560543,50.0
3621762,33.0
3629891,0.96
3560548,786.0
3560549,785.5
3629897,50.0
5763734,0.64
1405820,0.0
1385618,0.0
3561540,1.0
3561547,801.5
3560496,0.0
3560497,773.0
777858,1.0
777859,1.0
3629418,869.5
3560490,772.0
3628410,100.0
3629146,50.0
777853,397.0
777850,1.0
777583,0.0
777856,200.0
777857,1.31
777854,50.5
3629141,859.5
4491713,0.02
3938673,11.0
777215,90.31
777216,0.0
4499525,0.0
5245910,0.0
5480451,0.0
3625934,1.54
3623038,52.5
3625939,0.02
1404563,0.78
3619400,766.5
776187,0.0
4059148,0.0
6150233,100.0
3601320,0.0
3624687,50.0
2160580,0.0
1418235,0.09
3971205,46.0
3660238,100.0
3469175,831.5
33446,6.8500000000000005
3623140,100.0
4060766,2.0
1406902,0.0
1386519,792.5
618816,1000.0
3626013,0.03
4051594,0.4
3626019,0.74
3619629,50.0
3925548,0.5
3622847,48.0
3562418,50.0
1414353,10.0
157398,100.0
3562410,50.0
3562143,50.0
757629,0.0
3886801,743.5
4467069,0.01
775375,0.0
775377,0.0
775370,50.0
3561044,49.0
3561043,49.5
3628912,31.26
3561825,0.05
3561826,0.05
3561049,52.0
4114201,866.0
4079471,857.5
1410216,50.0
3600859,0.0
777789,200.0
6264031,100.0
775513,0.0
3619080,750.0
4054652,320.46000000000004
3561220,72.5
3561221,72.0
3561588,50.0
3624273,20.6
3561587,50.0
3629310,100.0
3623955,0.9400000000000001
777783,200.0
5033945,0.0
1420082,45.0
3561584,805.0
3621300,160.0
777786,41.0
3628249,0.0
777787,50.0
1408695,50.0
4089493,857.0
3561133,50.0
3560807,1.5
777785,192.60000000000002
3367158,28.5
3560153,737.0
3560157,0.5
3560155,50.0
3618912,50.0
3629950,0.0
3560159,50.0
3982934,350.01
1385515,50.0
3624879,0.3
3624309,74.5
6185778,1.0
3844942,100.0
3561749,0.5
777739,19733.45
777738,0.0
3561748,0.1
777733,0.0
1421337,48.0
777737,50.0
1418842,0.07
777734,150.0
777111,0.0
6098026,6.0
777448,400.0
3765460,0.0
3560571,792.0
774649,0.0
3561630,814.0
777890,250.0
3621932,91.0
3618868,50.0
3561558,0.0
777777,3000.0
777591,150.0
3561550,800.5
5943746,2168.0
3560591,5.0
3560975,2.0
777848,1.0
3560977,100.0
777841,4800.0
777773,50.0
777843,50.0
777842,200.0
777845,3.5
4038049,817.5
777847,200.0
777846,7.11
3580483,0.0
4392562,50.0
3619328,760.0
3619325,760.5
1413483,100.0
3560379,50.0
3628982,50.0
3704403,81.5
3629044,0.0
4773495,0.0
3629040,856.5
771986,0.0
3623559,50.0
3983509,50.0
1412203,805.5
3624009,1527.93
3560206,742.5
3560205,50.0
3560202,50.0
3560201,50.0
3561209,0.2
4006895,50.0
3554936,0.0
3932008,1.09
766127,0.0
4001041,82.5
4052729,832.0
1419338,22.0
3619500,771.5
3831830,807.0
3623799,20.0
3623176,56.5
3624789,83.0
3555468,0.01
4009082,50.0
1209569,0.0
3383416,19.98
3562317,50.0
3560714,15.0
3626003,100.0
1498032,50.0
3629974,255.09
774900,0.0
5785890,89.5
4004947,24.5
3622835,47.0
3562131,50.0
10502,5000.0
3561511,0.0
3624657,79.5
4064347,25.0
346558,0.0
1386349,50.0
3561039,0.5
1380772,746.5
3621939,34.0
3628149,837.5
3562041,1.0
3562040,859.0
1410262,0.5
3621934,0.01
774837,0.0
777807,150.0
774833,0.0
3629174,861.0
777556,0.0
3561789,146.85999999999999
3561967,850.0
3561785,35.26
3795214,1390.0
3561786,50.0
3615565,0.0
8630,0.0
1377070,50.0
4054084,50.0
1416109,822.0
3623949,0.95
1405624,85.0
3624909,1339.97
3561817,833.0
576871,0.0
3561812,349.86
3628092,50.0
750993,0.0
3618906,50.0
3694698,0.01
1123695,0.0
777698,100.0
774011,0.0
3561499,0.05
3561363,7.0
3561490,1.44
3561492,0.84
3561494,0.01
3561497,0.01
3561496,2.3200000000000003
3627845,147.46
3621200,0.67
3628891,0.0
207489,0.0
3621204,1.0
3628895,850.5
3559896,0.0
3561811,349.96000000000004
1418583,833.5
777473,1100.0
1407065,89.0
1383920,764.0
750193,0.0
2202389,19.970000000000002
4279589,50.0
3561567,50.0
3621142,0.04
3561560,804.0
738279,682.9
3560569,793.0
3560566,50.0
3560567,794.0
3560564,791.0
3560565,790.5
3618871,747.0
777874,1.5
372118,22253.54
3561764,0.0
777870,2.0
3561762,3000.0
777872,2.0
777873,150.0
3677100,0.22
3560963,50.0
3560966,5.0
3560967,0.0
3629121,0.5
1392478,0.65
3950578,827.0
3393451,50.0
3619332,759.5
3619330,0.5
669157,0.0
3598137,0.0
3560368,50.0
777692,0.0
3560361,0.5
3560362,50.0
3560365,50.0
3595782,50.0
3620523,0.0
3781864,812.5
3619426,50.0
3626252,802.5
3626250,0.4
3619423,767.5
5222381,93.5
1427985,239.89
3619429,768.0
3560214,0.0
3560215,50.0
3560213,743.0
3560219,0.0
3628350,0.01
1414808,4.0
3755242,0.0
3121885,0.0
3965205,39.5
6076205,34.5
3560669,20.0
773750,76.0
3622493,42.0
3625141,50.0
773204,0.0
3619184,752.0
3623781,50.0
3563893,57.5
4601117,50.0
3562238,100.0
1393434,0.0
3562237,879.0
3562232,0.77
3562233,6.0
1411439,803.0
3627841,832.5
1419480,0.25
3627200,0.02
609211,36.0
3617119,0.0
3620944,14.0
3945908,0.13
3946166,0.66
1399864,50.0
4292708,6500.0
5778713,0.0
3562128,874.0
3622823,46.5
3563434,50.0
3562126,50.0
775355,0.30000000000000004
90724,0.0
3561392,88.0
3960356,50.0
3561391,88.5
1400513,50.0
3621928,0.02
3562055,860.5
3562056,3.0
3562052,862.0
3562053,861.5
827775,0.16
3562058,863.0
3562059,862.5
3630151,50.0
3492419,0.0
3926945,809.5
4136320,871.5
3996123,0.09999999999999999
3561159,0.49
871531,0.0
760010,100.0
777913,100.0
777910,90.0
3561802,298.86
3561801,0.01
3561804,50.0
690147,250.0
3561808,0.8999999999999999
3561809,0.02
3561486,0.03
777682,700.0
3561484,0.01
777680,0.0
3561482,0.03
777686,300.0
777684,50.0
4017125,0.5
3560171,739.5
3560170,0.7999999999999999
3561488,5.92
3561489,94.5
3561371,86.5
3631164,50.0
5359013,0.0
3996726,76.0
706022,0.0
5018313,50.0
6112775,0.0
3561561,0.0
3809559,0.0
1306824,0.0
777463,0.0
3621131,21.0
3910815,763.0
3560513,778.5
3618802,746.0
3560510,777.5
3618874,1.0
777863,465.18
777862,1.0
777861,1.0
777860,450.0
777867,50.0
777866,1.0
1435512,50.0
777864,4.0
3560683,0.19
3560681,0.15
777868,1.0
3561778,829.0
3561779,50.0
3560685,0.17
3629937,251.29
3623991,0.97
1422284,50.0
3560995,876.63
3560994,33.230000000000004
3629689,0.01
3561767,828.5
777875,100.0
4669499,782.0
3560425,757.5
3618241,50.0
3560420,0.05
777264,0.0
3560429,758.0
777871,106.69
1424373,858.5
3560193,2.0
3922626,50.0
3881767,741.0
318645,0.0
3622229,37.5
4003624,100.0
1404510,0.8
3888187,815.5
3623571,0.15000000000000002
1416989,827.5
3970888,851.0
3898894,0.0
3618106,741.5
3511837,0.0
3560223,50.0
3560224,50.0
693143,50.0
3560226,50.0
3622313,40.0
1905575,752.5
4026138,50.0
1416525,50.0
3621460,0.45
3810129,0.0
1409491,0.04
3562200,878.0
3562202,250.69
1421870,50.0
4752195,0.12
3620950,13.0
4064093,841.0
3830075,2000.0
6113369,0.08
3624639,79.0
3624633,100.0
3619702,783.5
3619700,784.0
3561014,43.5
3561017,44.0
3561016,44.5
3560638,749.12
3561013,853.54
743629,50.0
3562061,5000.0
3562063,863.5
3562062,50.0
3630148,0.0
856978,0.0
3630144,881.5
3562068,864.5
3630140,882.0
3942586,17.5
3622960,51.5
3561908,50.0
1405313,82.0
3560636,2.0
3561907,50.0
3560637,50.0
3561168,67.0
3627996,349.26000000000005
3621867,0.01
4035062,50.0
3561160,50.0
775981,1215.0
3561165,0.8
3560169,0.9
3334396,0.62
777679,10000.0
3560163,50.0
777674,50.0
3561349,100.0
5408379,824.0
3624339,8.6
5384781,0.0
1278526,0.0
1426945,3.5
3629857,243.48999999999998
3628858,1641.0
114538,0.0
3560509,778.0
777788,1200.0
3621123,3.0
751208,51.0
777782,2950.0
1384705,772.5
777780,200.0
777781,200.0
3560504,776.0
3560505,775.5
777784,103.0
3618817,745.0
3560698,50.0
3560699,0.01
3561744,0.0
3561747,0.25
3560690,25.939999999999998
3560691,0.49
3560693,0.01
3560694,1.0
3560695,10.0
3560696,0.01
3560697,9.5
3623985,6.97
3744516,87.5
3560984,100.0
3560985,42.5
3560987,41.5
3628985,854.5
1416420,825.0
3878845,1000.0
3560436,758.5
3560437,0.0
3560184,1.0
776785,0.0
776784,250.0
3560182,51.0
775699,50.0
24639,0.0
1393909,50.0
3629076,858.0
3629073,50.0
3561934,50.0
3621586,9.950000000000001
4036186,50.0
3619448,768.5
3619284,50.0
3560235,55.0
3560233,50.0
3560230,50.0
3560231,5000.0
3545171,0.0
4032620,806.0
3949595,3.0
4756737,50.0
4053653,0.30000000000000004
3658,0.0
1408225,91.0
3621477,0.0
3598954,35.0
4487764,3.5
3908946,50.0
1239347,0.0
3560946,200.0
1392740,90.0
3624537,0.02
2911526,0.0
3625161,50.0
3623691,65.0
3623697,64.5
3626299,803.5
5420653,30.0
3562101,50.0
3946105,50.0
3562108,871.0
3562109,870.5
4025706,99.0
3620987,15.5
6040455,0.79
3618922,50.0
3562216,3.0
3562215,256.59000000000003
3619713,784.5
3562218,0.02
3616171,0.0
3272723,0.0
3619844,793.5
743149,0.75
3561007,13.6
3561004,50.0
3630179,50.0
586903,0.0
3562078,95.0
3562076,865.5
3562074,0.0
3562073,866.5
3562071,0.0
4064170,50.0
4101555,880.5
775796,0.0
775026,1.54
3798153,807.5
2855055,50.0
4071681,50.0
3561177,0.8200000000000001
3561910,844.0
3561911,0.0
3561912,28.0
2573144,56.8
3561178,0.81
778003,750.0
3076356,766.0
3629649,874.5
1418211,0.09999999999999999
3561353,50.0
777668,0.0
777664,0.0
777666,50.0
1384023,765.0
2464081,0.0
507986,0.0
3560750,22.5
4602773,0.0
3624189,56.98
1385395,780.0
3742821,73.0
3560538,783.0
777407,0.0
777799,57.07
777798,59.0
3621127,21.5
3625105,50.0
3625102,50.0
3621118,50.0
777791,1.0
777790,1.0
777793,70.7
777792,1.0
777795,1.0
777794,1.0
777797,1.0
3561593,100.0
777889,100.0
777888,1000.0
3561758,828.0
777887,250.0
3561755,0.1
777881,3000.0
3561750,0.5
3628999,200.5
1415945,0.49
725630,400.0
3629660,0.12
776338,50.0
777534,192.64
777536,400.0
1428516,0.0
777245,450.0
777248,0.0
3960808,35.0
3560405,755.0
777080,90.0
3560406,754.5
712746,0.0
1359143,749.5
3811035,843.5
760809,0.75
696390,9.09
405661,0.0
1393974,10.0
6314706,50.0
3431812,0.0
1263809,0.0
3622775,0.0
3949769,50.0
3619276,50.0
3619271,50.0
1413136,809.0
3928823,50.0
3995048,0.2
53157,0.0
3876042,100.0
4042883,819.0
5863803,50.0
3619388,765.5
3619384,50.0
3977614,58.0
4098757,50.0
5747491,60.0
5278412,50.0
3627232,819.5
3622601,50.0
3624501,0.79
3624507,76.5
1423653,50.0
3619657,50.0
1387099,50.0
3619653,781.0
772542,0.0
3973679,1.0
3626049,0.25
1408367,0.01
3560494,774.0
3560495,773.5
3561982,50.0
3625583,50.0
1552900,1.0
3628815,50.0
4099407,0.02
777852,595.0
4053412,50.0
3978018,0.0
742159,1.0
3623649,50.0
777851,302.0
3562261,50.0
777855,200.5
3953384,9.959999999999999
3996027,0.11
4164354,852.5
4057410,0.5
3082838,50.0
1405664,85.5
3561109,60.0
3619767,789.5
756495,0.0
3621807,50.0
3562487,50.0
1427387,1.48
3628055,0.12000000000000001
1407916,90.5
576832,0.5
3560745,0.03
3619316,8.0
3560748,23.0
3560749,0.0
1378600,2500.0
3621242,25.0
3629278,865.0
3946263,26.94
2975518,50.0
3561927,0.0
3561296,0.01
3561923,100.0
4043946,820.5
3618386,50.0
1788197,9.9
3628470,50.0
3629470,50.0
3619017,0.01
3628274,839.5
3970932,0.0
3629902,1.7000000000000002
3629907,247.09
777501,450.0
777504,0.0
3560418,757.0
4097042,876.0
3560412,756.0
3619124,751.5
3561433,0.4
3997402,0.04
3619120,751.0
3921859,796.0
4163767,0.35
5943006,0.0
3561439,50.0
3561438,0.05
3629016,855.5
3554856,0.0
1413652,814.5
3619468,770.5
3629348,100.0
777344,50.0
3974959,53.0
1375439,0.0
3628540,50.0
3608484,0.0
3619267,0.5
776699,0.0
3622127,5.0
1415373,820.0
3563053,50.0
1416377,1.7999999999999998
4004666,50.0
311307,0.0
1412254,804.5
773082,0.0
3622637,50.0
4037013,815.0
3627085,818.5
3627089,818.0
4489527,50.0
1393369,50.0
3623655,64.0
772115,0.0
1415397,0.45
5956858,31.5
4083834,0.1
3968123,50.0
762350,0.0
1400822,50.0
3630117,880.0
1382589,754.0
5971126,1000.0
556431,0.0
4035897,91.69999999999999
3784318,0.0
749709,0.0
6282016,0.0
3624777,84.0
779222,100.0
3533478,0.0
3561111,50.0
3561112,60.5
764317,0.0
3560687,50.0
3621819,50.0
3628285,50.0
3648770,0.0
3967516,41.0
1380729,744.5
278186,2271.3499999999967
777796,1.0
3560733,50.0
209682,0.0
3560736,20.0
3560735,20.5
3560734,50.0
774515,1295.1699999999994
777491,400.0
3629245,864.0
3624363,0.17
3989430,0.96
4100979,860.0
1568076,50.0
5272076,0.0
3561933,845.5
3561931,845.0
3561936,1.0
3561937,50.0
4102035,0.76
3561935,50.0
3561939,846.0
3561754,50.0
777886,100.0
4028071,737.5
4028074,802.0
3560648,50.0
185345,90.0
3560646,4.0
3561751,826.5
3560643,2.5
3560642,3.0
777702,300.0
763932,0.0
777703,0.0
3630153,30.6
3619005,749.0
3628264,840.0
3629648,0.1
777701,0.0
777706,650.0
3628268,0.0
3955828,32.5
4044027,50.0
777705,50.0
4054569,324.06
3560397,753.0
3560396,753.5
3629027,855.0
777709,0.0
3561428,25.6
3625011,86.0
740392,0.0
3957193,33.5
3624381,0.15000000000000002
776912,50.0
777242,50.0
777351,0.0
777531,0.0
457027,567.27
777355,1.5
777357,50.0
3619259,0.0
3958641,0.8
3560449,762.0
5696417,0.0
3619251,756.5
3623320,50.0
3620665,0.6
3622355,100.0
63626,0.0
3622139,36.0
3563514,50.0
737513,0.5
6271642,277.26
3605436,0.0
3951479,29.5
1415542,50.0
3624561,50.0
3624567,78.0
766695,5130.0
3561650,50.0
4041970,0.03
3984673,63.0
3994993,0.21000000000000002
3560706,14.5
3623661,63.5
4065216,100.0
3562397,50.0
5104,22292.190000000002
1404063,0.19
3879329,0.4
4010741,90.0
3561158,0.5
3619741,786.5
4337940,100.0
5232735,50.0
4641034,75.0
3900987,50.0
2925971,0.9
10476,0.0
3537369,0.0
3627400,823.5
4011342,0.7899999999999999
3642738,69.5
3624705,0.0
4029485,50.0
777835,1.0
3621391,0.0
3561129,62.0
3561128,62.5
3621394,50.0
3561125,0.0
3561124,61.5
3561121,4000.0
4035811,811.5
3628079,834.5
20302,1237.49
6057868,50.0
3561389,100.0
3561388,50.0
3560722,17.0
3560723,50.0
3560725,18.0
3560727,19.0
3560728,18.5
3561387,50.0
3561638,50.0
3628385,842.0
3561631,813.5
4353869,50.0
3623895,0.92
3628671,50.0
3732354,5.0
3624177,1.99
106788,500.0
3632673,50.0
4072486,10000.0
777748,350.0
777749,2.0
777746,5850.0
777747,2679.64
777744,3.07
777745,100.0
778181,100.0
777743,399.67
1388250,2000.0
777741,2000.0
3561705,0.48
3560659,50.0
3560655,50.0
3560656,1953.0
3560650,5.5
3561708,50.0
3560652,5.0
3560653,1073.72
3629655,0.72
3620274,50.0
4410974,873.5
3620270,50.0
777633,0.0
711717,0.0
777636,0.0
3628257,10.0
777635,0.0
1392948,26.0
3629382,869.0
3628703,0.05
3628700,0.0
3560386,50.0
3560676,8.0
1402121,66.5
3628921,50.0
3560677,50.0
1402180,0.83
777295,0.0
3560389,50.0
5329848,0.5
3560672,0.01
3560473,767.0
3619108,50.0
3623877,68.5
3623871,69.0
3560174,740.0
3620381,100.0
4047139,824.5
3560678,10.0
5360793,0.0
3560679,50.0
6324318,50.0
3618349,8559.32
3837499,1.5
5028312,0.0
755546,0.0
776188,0.0
4993314,0.9
3627399,50.0
3627396,821.5
3869219,808.0
3627392,0.02
210014,0.0
1419125,2527.9300000000003
3564382,50.0
3498881,0.0
3623529,2.45
777647,0.0
579074,0.0
3786107,92.0
740219,18.64
3623703,30.0
3624573,77.5
3995328,8.0
4048273,826.0
1398607,45.5
3624579,0.01
4034070,1587.36
3957724,0.76
5887558,50.0
1021884,0.02
3624063,0.1
3618199,0.0
754439,50.0
3673513,57.04
5843099,0.78
3544268,0.0
3620252,1000.0
1411038,801.0
3382829,19.990000000000002
3563252,50.0
3787838,50.0
3780512,63.6
3562382,50.0
3623673,20.0
3627377,822.5
3627373,823.0
4000744,0.5
5914027,70.0
3630135,50.0
2994950,50.0
3622930,50.5
3916277,779.5
4141511,0.0
3561139,0.14
3621384,27.5
3621389,27.0
3630008,257.19
6045127,0.03
3630003,258.07
3624003,0.99
689312,62.75
3562093,50.0
4025354,0.0
775115,0.0
3561626,812.0
3560719,0.0
3560718,16.0
1389261,4.5
3560717,16.5
3560711,12.5
1400244,58.5
3628392,843.0
759482,0.0
3559798,0.0
3683455,100.0
3986341,0.45
777759,3250.02
777758,1.0
777755,1.0
777754,1.0
777757,1.0
777756,1.0
777751,3.0
777750,100.0
777753,1.0
777752,1.0
3561244,0.23
3561713,90.0
3561246,75.5
3561243,19.6
3560661,0.01
3560660,9000.0
3560662,6.5
3561397,100.0
777625,0.0
3627969,834.0
3628715,848.5
3560445,50.0
3560446,50.0
3561775,830.5
4032052,0.0
777575,0.5
3560689,10.5
3561777,829.5
3618973,748.5
3561048,50.0
2035952,0.0
3629446,100.0
777865,1.0
3626762,810.0
3988361,0.93
3624819,0.0
777869,243.79999999999987
777371,6050.0
3560680,0.01
777377,50.0
776713,0.0
4151975,0.27
3560686,0.16
3619230,50.0
3619234,0.5
4052428,831.0
3560040,0.0
3726335,813.0
1377400,742.0
776803,9.4
777289,50.0
3627388,0.03
4046878,825.5
3818358,0.0
3627382,0.04
1404910,100.0
1404267,50.0
3619581,50.0
3621605,20.0
3999318,78.5
3619348,761.5
4244819,0.0
3624963,0.0
3621608,65.5
1392576,0.61
3623266,59.0
1418191,0.2
3674940,56.989999999999995
3561210,0.06999999999999999
3540364,0.0
1404607,0.03
3899301,50.0
625842,0.0
1842441,50.0
3623469,5.0
3560501,775.0
5833437,769.0
3627366,0.01
3627363,821.0
3619769,789.0
772475,2600.0
3560423,50.0
3561222,56.97
6004671,100.0
772547,50.05
3630121,879.5
4094990,0.12
3703524,80.0
1381203,50.0
3622895,50.0
3624033,26.97
169881,0.0
5349070,0.0
3561653,5.0
3561652,816.5
3561651,817.0
3560709,13.5
3560703,12.0
3560700,50.0
3560701,11.5
3559272,0.0
3560707,0.0
3561879,0.11
3560705,45.0
3561091,50.0
3624153,46.97
3561092,0.5
5783167,100.0
4101498,881.0
1390094,50.0
1414969,0.19
3628127,835.0
4024523,96.0
4097519,0.0
4321086,50.0
777768,60.0
777769,31.0
3560675,8.5
3798909,0.15000000000000002
6256406,50.0
3560671,7.5
777760,1.0
777761,400.0
777762,200.0
777763,800.0
777764,350.0
777765,304.5
777766,2000.0
777767,150.0
3561273,0.24000000000000002
3847190,50.0
3621356,26.5
1358114,0.0
3621350,10.0
3733627,0.0
393619,0.0
681308,502.0
640,0.0
777615,0.0
3618980,0.5
777611,0.0
3560453,50.0
3560451,761.0
3560457,3500.0
5084980,791.5
6318041,9.0
4087868,870.0
3625047,6.0
4138676,50.0
3618969,1000.0
3561479,0.05
4811226,50.0
3561473,50.0
3561471,200.0
3561470,93.0
3561475,94.0
3561474,0.83
1394736,50.0
1413272,810.5
3629292,867.0
3629835,0.01
1413055,808.5
1416028,50.0
3622253,39.0
1402075,66.0
3619227,0.0
3621728,2.0
3561507,95.5
3561506,2000.0
3561505,0.04
3561503,0.84
3561502,0.02
3561500,0.3
3913955,771.0
3618364,1000.0
3561508,95.0
777816,50.0
777817,1.0
777814,100.48
777815,800.0
777812,768.2300000000001
777813,105.0
777810,200.0
777543,0.0
777818,2.5
777819,50.0
4986167,1.1
3627172,50.0
4076341,852.0
773285,0.0
3619591,777.0
6280687,47.5
3619356,0.5
3628793,50.0
3558511,0.0
6251189,0.02
1411233,0.0
3623278,59.5
5743587,24.0
777742,1.0
1393636,156.0
3626030,0.75
3624555,0.01
777740,4006.55
3623074,54.5
776030,50.0
3560227,50.0
3916071,30.0
3695741,100.0
93311,205.0
3544244,0.0
1397021,40.5
739396,12325.0
775600,0.0
1393525,29.0
3619773,788.0
3560651,0.0
3620813,0.18000000000000002
2937838,50.0
3800894,85.2
3561776,830.0
3332096,20.0
1311865,20000.0
4041584,0.0
1404140,0.16
4091622,851.5
3618791,744.0
3630067,0.74
1675107,0.0
1593996,19.96
3628001,345.66
3958427,43.0
3619627,779.0
3952178,50.0
3561888,840.5
3561771,5.0
775131,100.0
3561883,2400.0
3622889,50.0
3561884,50.0
1396731,50.0
3628025,350.06
2036169,0.0
3561864,839.0
3561865,838.5
746680,0.0
3624123,36.97
3561081,0.0
4709870,18.6
3561088,50.0
3628312,6.8
724290,2240.0
3560603,0.5
3560602,100.0
3560600,799.5
3560607,0.0
4055743,0.7
777299,50.0
3935750,7.0
3629198,5.0
1420595,842.5
3623919,0.9
3629358,50.0
3623913,0.91
549617,0.0
3557302,0.0
3560634,20.0
777601,50.0
777971,150.0
3629995,255.79
3560937,0.01
5866107,28.0
3625059,3.0
1208238,30.0
3561469,0.0
3878633,738.0
3561462,749.12
3561463,92.5
3561466,0.05
3627834,143.26
777776,4000.0
777775,100.0
777774,800.0
3118820,782.5
777772,600.0
777771,596.0
777770,545.54
3560575,794.5
3560599,800.0
3560598,0.01
3628359,841.5
777779,3200.0
777778,3400.0
777399,0.0
777394,0.0
3560576,796.5
777393,0.0
3954528,31.0
3560471,50.0
3619217,50.0
3619213,50.0
4018982,0.0
3621196,0.68
3621190,50.0
3561512,0.14
3561513,0.01
3726310,0.28
3601863,303.57
6291133,0.0
777805,20.0
777804,3950.0
343592,3138.0
777806,3000.0
777801,177.07999999999993
777800,200.0
777803,0.05
777802,1.01
348546,1.48
777809,749.12
777808,50.5
776600,3000.0
777597,0.0
5861204,0.0
1404449,0.77
3619362,762.5
5011040,50.0
2857509,50.0
776730,0.0
776732,50.0
3561551,2373.0
224319,100.5
3889275,50.0
777849,1.0
1402718,50.0
3628406,40.93
3561062,53.5
1423837,50.00776615
741486,0.0
3620930,50.0
3543731,0.0
777840,50.0
736606,0.5
4122968,856.0
3628958,853.5
4960024,8.0
3810388,50.0
777844,20.52
3619542,774.5
3662889,50.0
3628507,90.0
1327456,50.0
3560172,739.0
1418796,350.11
1418156,147.56
3562199,878.5
3562195,876.5
3562194,0.01
3562197,251.39
3562196,251.48999999999998
3562193,877.0
3562192,877.5
3630073,0.73
3630078,0.63
3562177,0.11
4461872,83.0
3617812,0.0
775417,3.62
3622871,48.5
3561850,50.0
3410568,50.0
3561854,1.5
3561677,5.92
775893,0.0
775896,50.0
3561078,50.0
3561077,56.0
3560629,1.0
3561075,55.5
3997043,0.76
3615786,0.0
3561071,55.0
3561983,50.0
466029,400.0
3561986,0.0
6271985,0.63
3628102,837.0
3628106,836.5
5908349,0.5
3560627,600.0
3622984,0.05
3560612,100.0
3628696,848.0
3560378,750.5
3561213,71.0
5391995,3.5
132102,350.0
3560561,790.0
3628211,50.0
3998463,77.0
3560404,755.5
3623907,67.5
3623901,68.0
5679641,0.36
1426814,50.0
1406576,50.0
777945,100.0
3628968,50.0
3629985,0.01
3629989,255.89
3628964,853.0
3626752,811.0
3783275,91.5
3561324,83.5
3560143,0.0
3561453,0.12000000000000001
3625065,0.0
3561459,0.82
3629505,872.5
777811,36.75999999999999
3620346,2500.0
3560580,797.0
3560581,50.0
3560583,100.0
3560584,797.5
777707,50.0
3560586,798.0
3560587,7000.0
3560588,798.5
777708,50.0
3604399,0.0
3912006,0.01
3621741,32.0
3730960,0.0
3630449,50.0
3561520,2273.0
3561522,50.0
3561524,0.1
3561526,0.30000000000000004
3561529,50.0
3561528,96.5
733029,0.0
777830,582.9
777831,1.0
777832,0.75
777833,1.5
777834,30.0
3629161,0.01
777836,401.21000000000004
777837,2300.0
777838,350.16
777839,2.0
3629375,200.0
3619377,50.0
3619374,763.5
3564340,50.0
3619379,764.5
776721,0.0
776726,0.0
1395131,0.77
4041906,846.5
3974796,50.0
3865420,806.5
3994960,74.0
4093894,0.11
1376704,50.0
3561928,844.5
3622181,50.0
3623452,61.0
1393721,50.0
3849248,0.6900000000000001
1404090,0.18000000000000002
4999488,0.5
3560574,795.0
773486,50.0
4180712,50.0
3619556,776.5
3560181,740.5
3619552,100.0
3999724,50.0
3628973,854.0
4100248,0.03
1404165,0.14
736504,0.75
764883,0.0
3560954,50.0
18866,185.0
1404361,0.26
1419419,838.0
3624591,0.03
3626036,0.5
4389587,873.0
3562180,875.5
3562186,1.07
3562187,1.06
3562185,1.08
3945044,22.0
1405141,81.0
4099498,255.69
3562168,875.0
1382217,50.0
3623805,0.88
33513,0.0
3561849,0.0
3970892,45.0
5903033,0.1
3829313,0.0
3956268,0.0
3561066,54.0
4488524,0.05
1410239,50.0
3628118,835.5
3561991,0.0
3561992,50.0
3561994,100.0
3561998,0.0
6152952,30.5
6261071,0.17
1405566,84.5
3560628,1.5
3960601,2.0
1434087,50.0
778263,500.0
4066688,42.0
3624219,0.0
3629378,7000.0
2979282,0.0
4017674,5.68
3621368,25.0
3621365,25.5
1390352,0.02
3623937,70.0
178447,50.0
1376087,0.6
1389515,6.0
1406540,87.0
777551,50.0
1406721,270.0
3629978,0.01
3560951,38.0
3560950,50.0
3560956,38.5
3560486,770.0
3561334,100.0
3618939,747.5
4188388,0.75
3618935,748.0
3561684,0.08
3561685,0.01
3561683,0.0
777711,50.0
777710,100.0
777712,50.0
777714,400.0
777717,3.0
3624027,0.98
777719,50.0
750365,471.0
