3630732,1
779823,4
778115,1
3630758,1
3630755,1
3630753,1
3922185,1
5385918,1
624654,1
6187517,1
781972,1
776436,1
6175959,1
776742,1
3922988,1
3924440,1
6180376,1
3631184,1
779689,2
780674,3
782071,1
782074,1
782075,1
782077,1
754439,2
3630935,1
780984,2
744910,3
635352,2
6160810,1
756239,2
6168242,1
6157388,1
5202982,1
636015,1
781751,1
3631165,1
6186817,1
3631169,1
3631168,1
730278,2
6173317,0
3862628,0
3631000,1
3631001,1
106788,54
781539,1
780594,2
6189341,1
780690,1
3924347,1
6169549,1
6181509,1
6166189,1
3922065,1
6177007,1
3924155,1
3478291,1
3479050,1
6079006,1
781401,2
3630702,1
745827,1
3630700,1
756023,2
5340590,1
3922628,1
6196516,1
740282,2
3476977,1
735500,2
3923242,1
3924084,1
3630885,1
6180147,1
778188,0
159054,7
781249,1
781322,5
3631217,1
3631215,1
3922439,1
3922828,1
5785868,1
636424,1
3923961,1
782108,13
3630825,3
779672,4
758760,2
781717,2
782104,4
782107,8
6186530,1
646450,1
3923029,1
3923023,1
3923025,1
3631047,1
3630981,1
3630684,1
3473587,1
782034,1
3630967,1
782037,9
782032,4
782033,6
3921997,1
780244,1
216809,1
781661,8
734873,0
3921653,1
469643,1
3921656,1
3631138,2
3631139,1
3631135,1
3479308,1
3923685,1
541128,1
780560,2
3630740,1
3630741,1
3630746,1
3630747,0
3630745,1
6172008,1
592459,2
531141,1
3479397,1
6174078,1
781868,1
3630739,1
3630738,1
781363,1
725511,2
3630731,1
3481736,1
753201,1
753200,1
5566667,1
3922902,1
782113,1
6181680,1
3630821,1
782110,1
3922652,1
3630889,1
3630888,1
3630920,1
3630921,1
5490746,1
759870,1
3630884,1
3630887,1
5377258,1
6156705,1
3692200,1
759895,1
3921891,1
3630699,1
5263402,1
6180412,1
780610,2
3631173,1
3631171,1
3631177,1
3631174,1
3631175,1
782067,1
782065,3
782064,32
3630818,1
3630819,1
3631073,1
3631072,1
782147,1
782140,1
782141,2
782142,2
782143,1
777636,2
781958,1
64334,2
6249735,1
208902,0
6017376,1
780721,3
3631076,1
3924337,1
6177409,1
3921542,1
3630773,1
3630770,1
3630776,1
3922350,1
779921,2
6146217,1
3922639,1
3921974,1
6162807,1
5726426,3
3923724,1
774350,1
781252,5
723282,1
3631202,1
6195418,1
3922937,1
3630689,1
6163325,1
755193,0
780792,2
631859,1
780159,32
5379377,1
3922353,1
3630852,1
3630851,1
6194735,1
3630854,1
3630858,1
6174881,1
3630694,1
3630695,1
3630696,1
3630697,1
3630690,1
3630691,1
3630692,1
3630693,1
3630913,1
3630912,1
3630911,1
3630917,1
3630916,1
5737146,1
2705,1
780274,2
3923519,1
6160236,1
6197430,1
1456100,1
6086926,1
4021492,2
782115,1
3630824,1
3630823,1
3630822,1
782111,12
777635,1
3631143,1
782119,4
3922361,1
781689,5
5302483,1
6181113,1
781990,1
3923780,3
3922132,1
3630785,1
3630728,0
62691,8
6165562,1
757201,1
3471135,1
5964362,1
6163512,1
5343146,1
5250864,1
210014,2
3630960,1
3479887,1
6185553,1
633864,1
289574,1
3630790,1
3631182,1
3922144,1
5820332,1
781733,2
781730,1
781737,2
782128,9
782129,11
782126,9
782127,7
782124,6
782125,1
782122,5
782123,5
782088,4
3923007,1
705742,3
754435,1
3631188,1
6244185,1
6181237,1
3631181,1
3631180,1
3922730,1
10476,12
782017,2
3630942,1
3630943,1
3630861,1
3630865,1
3630864,1
6184876,1
3471048,1
636533,1
3922674,1
3631111,1
6164640,1
412118,2
3630762,1
781542,1
3630768,1
727888,19
6172379,1
6146168,1
3923181,1
146518,4
3921700,1
6160416,1
3631196,1
6172872,1
3922997,1
3923853,1
3922993,1
6163023,1
3630996,1
3630994,1
3630999,1
3630998,1
689312,8
781562,1
780641,1
782046,1
782043,2
3921689,1
3628390,1
6173379,1
3630902,1
3630904,1
4493995,1
3923172,1
3923175,1
6195894,1
3923179,1
781761,1
3921670,0
777624,1
3468426,1
3631151,1
3631152,1
3631153,1
3631154,1
3923671,1
710378,3
781692,3
781594,6
3924217,1
6174520,1
6191889,1
6245594,1
781439,1
732838,1
731348,1
3921950,1
3630711,1
3630710,1
636487,1
3630715,1
3630717,1
775394,2
3923705,1
3924343,1
6180482,1
3921616,1
650771,1
756499,2
6161254,1
3921621,1
3922139,1
5232877,1
3922815,1
3630786,1
3922420,1
263310,1
3630782,1
3630783,1
3630780,1
780221,2
782139,3
782138,11
782135,3
782134,12
782137,1
782136,5
782131,4
782130,1
782133,4
782132,1
2031527,1
417358,0
782003,1
3923343,1
3630872,1
3630875,1
775759,1
3630707,1
734233,1
3923106,1
762350,2
6157178,1
3631122,1
3631127,1
212703,3
675873,1
