4913654,1
781381,2
10476,4
355350,1
3873717,1
781559,0
781479,1
3876574,0
3618769,1
780159,3
3874247,1
781577,0
3618920,1
744910,2
3618923,1
781664,0
3618767,1
5691783,0
3618927,0
3873490,1
780889,1
4896652,1
3619122,0
3867592,1
780883,1
106788,7
689312,19
3700213,1
4914654,1
3574338,1
3097389,1
3873713,1
3874876,0
3872833,1
3618915,1
3618914,1
780643,1
3618916,1
780645,1
3620935,0
4901539,1
3618897,1
3873277,1
3873562,1
3874079,1
4929844,1
774730,2
668279,1
738090,1
3874107,1
3874274,1
773445,1
3874277,1
3873482,1
735662,1
3873360,1
777636,2
3118901,1
3618790,1
3618689,1
689732,12
712530,3
6291414,1
3874575,0
3618902,1
3873578,1
3618901,1
640624,1
3618907,1
3618904,1
3618905,1
780674,1
780859,1
3618908,1
3618909,1
780673,1
3618803,1
781518,2
781519,3
3678063,1
653900,3
781512,2
777219,1
781510,3
779044,3
781282,6
781517,2
781514,2
781515,2
781206,1
781207,3
780777,2
780776,8
781531,7
3619104,0
780984,1
3618924,1
781363,2
781208,1
4907650,1
3088376,1
3618926,1
778506,1
201035,1
3618788,1
3088672,1
201031,0
4932884,1
3873462,1
778234,18
5606560,0
3873467,1
781543,0
3875434,0
781477,6
3618659,1
780665,1
779444,2
781509,5
3527845,1
3874159,1
3618972,1
738279,1
3618970,1
3618876,1
3618877,1
781503,1
780840,2
3618872,1
781504,12
781507,2
781506,1
4902351,1
781354,1
3619380,0
6207321,1
780500,10
781508,11
780999,22
781547,0
3618737,1
730278,1
4929228,1
781546,0
779151,6
62691,8
3873184,1
4931398,1
3618983,1
719829,2
777819,5
732554,2
3618984,1
3873612,1
781534,1
781535,1
781536,1
781537,0
781530,3
781118,6
781532,2
781533,2
3873189,1
3873457,1
3619358,0
88917,1
781539,0
3618726,1
779381,2
3618967,1
781431,1
3874510,0
781433,9
781500,5
780201,1
3620610,0
3618968,1
781438,2
3618683,1
3618804,1
781502,0
693750,1
4926669,1
3618960,1
780691,4
780190,1
3619160,0
3618770,1
3872874,1
3693119,1
781085,1
392188,2
3618942,1
3618655,1
780929,1
780712,1
778115,1
781489,3
781521,3
781520,2
781527,2
781526,2
781525,4
781524,2
733029,20
781529,2
781528,1
781605,0
780122,1
3873445,1
780335,1
3618952,1
4869789,0
3873353,1
776257,3
3095304,1
760256,2
778263,1
779657,3
5104,4
3618657,1
780612,2
781005,1
3619079,0
781236,6
780747,2
781232,1
1183728,1
774700,1
3618882,1
3618880,1
3877354,0
781538,0
3872848,1
3618889,1
781549,0
1101154,1
781553,0
3873309,1
781523,2
3872717,1
4934796,1
781522,2
781084,2
3647631,1
779710,1
738229,1
780387,2
3873146,1
3873383,1
781555,0
709989,3
6035840,1
3618934,1
781551,0
780631,1
3873908,1
3618727,1
5014019,0
3873149,1
3618941,1
4709101,1
780610,1
781511,1
5035748,1
6224488,0
781322,1
3621366,0
780192,1
3088731,1
781329,1
3874121,1
4780104,0
493297,5
3618892,1
781545,0
3618662,1
781234,1
4918349,1
781516,4
4907756,1
3088035,1
4930442,1
779406,1
780624,3
781505,9
3873258,1
727888,6
6264458,1
781321,5
4709522,1
781096,1
781094,2
3618971,1
775759,1
4920,3
3088388,1
781497,3
6261211,1
732317,2
781513,3
3618774,1
3618931,1
3619159,0
3900660,0
781548,0
780140,1
3872817,1
781327,1
781258,1
3618878,1
3619287,0
3618739,1
3862628,1
3872866,1
781195,1
3873857,1
3618674,1
781496,1
781495,4
3618857,1
781493,1
781492,1
781491,2
780536,1
6121476,1
3618955,1
4912015,1
710378,1
781499,1
