742163,50.0
3844049,50.0
780977,50.0
3847069,50.0
780882,600.0
4248327,100.0
3847065,50.0
3845622,100.0
779461,100.0
3846758,100.0
3846501,1100.0
915386,50.0
74018,100.0
1041132,0.0
4228760,50.0
3612522,50.0
3612523,100.0
3612521,100.0
3612526,50.0
3612527,50.0
3612524,50.0
3612525,50.0
3846367,50.0
3612528,50.0
3844425,50.0
3845366,100.0
3845367,990.0
3612486,985.0
3847665,50.0
3612175,50.0
779264,0.0
4237058,975.0
169881,25.0
3612130,50.0
3612133,50.0
3612132,50.0
3844462,100.0
3612134,50.0
3612136,50.0
780919,50.0
780918,200.0
3612313,50.0
3612312,100.0
779689,150.0
3612314,50.0
648599,50.0
780911,250.0
780910,700.0
780913,200.0
780912,50.0
779681,50.0
780914,0.0
780179,100.0
780673,50.0
3848077,50.0
780982,0.0
780983,200.0
780980,0.0
780981,50.0
780986,300.0
780987,0.0
780984,50.0
780985,50.0
5080455,100.0
744910,150.0
780988,0.0
780989,200.0
3846684,50.0
3846686,1160.0
3846687,1155.0
3612556,50.0
3612555,50.0
3612554,100.0
3612553,50.0
3612551,100.0
2893701,100.0
3612412,100.0
3612559,50.0
3612411,50.0
778234,400.0
3846863,50.0
777764,50.0
2907677,50.0
779635,150.0
3612911,100.0
3845143,50.0
3846185,1050.0
3846180,1045.0
3844553,50.0
578371,50.0
3846915,50.0
774666,0.0
3847580,50.0
3846911,100.0
780325,150.0
778170,50.0
751352,10.0
774700,0.0
5033185,100.0
780691,100.0
780756,100.0
3846223,1070.0
780672,50.0
3846221,1075.0
780949,0.0
3844361,910.0
780062,50.0
6202816,100.0
3844710,50.0
3027541,0.0
3612433,100.0
5014717,50.0
493297,50.0
3845851,50.0
4728812,50.0
780950,0.0
629827,100.0
781038,1200.0
3612179,50.0
3754195,0.0
2878851,50.0
3612174,50.0
4218637,50.0
3612170,50.0
3612173,50.0
3847036,50.0
3847030,50.0
2891030,1090.0
3841967,0.0
777819,50.0
3846489,100.0
3612191,50.0
780038,50.0
780137,151.04999999999998
420363,50.0
3846131,100.0
3846139,100.0
159054,50.0
3610478,0.0
3612454,50.0
3612455,50.0
4464075,100.0
3612458,50.0
3846032,100.0
3612518,5.0
779098,100.0
3844102,50.0
3612513,100.0
3844517,50.0
4273295,100.0
4196094,50.0
3612516,100.0
780960,0.0
780961,0.0
780962,300.0
780963,0.0
741152,100.0
780965,0.0
780966,0.0
780967,0.0
780968,0.0
780969,200.0
3610499,0.0
2873366,50.0
732317,50.0
778886,150.0
3612461,50.0
780140,200.0
565146,50.0
1443647,50.0
2871169,50.0
4225219,100.0
1172406,0.0
4271868,1130.0
3845188,0.0
3845679,10.0
780816,3045.0
780817,50.0
3612351,100.0
3612350,50.0
3612353,0.0
5111354,50.0
3845670,100.0
3846811,50.0
3846810,50.0
3845005,100.0
3846814,50.0
1580815,50.0
4204916,50.0
780713,0.0
780244,50.0
4228304,50.0
3846264,50.0
3846269,50.0
712530,35809.0
3846166,1040.0
3843658,50.0
731578,50.0
3583902,0.0
3847559,50.0
3879612,50.0
3612577,100.0
780567,50.0
3612512,50.0
780764,50.0
3612510,50.0
780763,50.0
5077960,50.0
3844512,50.0
735427,5.0
4268123,50.0
3847175,50.0
776258,50.0
689732,900.0
775539,0.0
3846602,1125.0
779751,50.0
2878288,50.0
780923,0.0
5011158,50.0
780624,250.0
3846173,50.0
3846176,100.0
3612499,1005.0
781040,100.0
781041,350.0
3612125,50.0
4770470,50.0
3612123,50.0
781046,250.0
5014691,1085.0
2525854,50.0
4237523,1000.0
3846370,50.0
3612129,50.0
3847673,50.0
753201,50.0
3847677,50.0
3612228,50.0
3844416,50.0
3847660,50.0
4954226,0.0
4281132,100.0
3612304,50.0
3612305,100.0
3845234,100.0
3612142,50.0
780665,100.0
780840,100.0
2877272,50.0
779520,15.0
4920,50.0
3846733,100.0
780991,0.0
780990,0.0
780993,0.0
780992,300.0
780995,0.0
780994,0.0
780997,90.0
780996,0.0
780999,1050.0
780998,250.0
773131,0.0
781011,150.1
736016,50.0
3612544,50.0
3844526,100.0
3612547,100.0
3612541,100.0
3844521,50.0
3612463,100.0
3612390,0.0
3612393,50.0
3612467,50.0
3612549,50.0
3612310,100.0
3612587,100.0
774076,50.0
3844934,50.0
780612,50.0
3846780,50.0
3846782,100.0
3846784,100.0
4234056,1.0
780170,50.0
780195,0.0
4257556,100.0
780924,0.0
780925,100.0
780926,250.0
780927,50.0
780920,100.0
780921,0.0
780922,100.0
780859,300.0
780928,150.0
780929,50.0
4253851,100.0
3845220,100.0
4281813,50.0
780915,0.0
3846193,100.0
368407,2.02
4290487,50.0
780335,50.0
64334,50.0
780917,0.0
3843894,50.0
2907455,50.0
780916,200.0
5104,50.0
4197379,50.0
3668148,0.0
3846551,1115.0
3844736,15.0
780688,150.0
780725,450.0
714860,50.0
4204545,50.0
3847649,50.0
4266020,50.0
3612584,15.0
3847646,50.0
781004,50.0
781005,50.0
781006,400.0
4269599,100.0
781000,0.0
3845903,50.0
781002,550.0
3612594,20.0
676085,50.0
780043,150.0
781008,0.0
781009,0.0
3612168,50.0
3612607,50.0
3612606,100.0
3612354,100.0
4695860,50.0
3612160,50.0
3612161,50.0
3612166,905.0
3612167,0.0
3612164,50.0
3847001,50.0
3847008,50.0
779406,50.0
3612182,50.0
4263032,50.0
3612352,935.0
780777,0.0
3846143,100.0
2872911,50.0
777372,0.0
5490819,50.0
4112441,0.0
3846381,100.0
780895,50.0
780897,100.0
723282,50.0
780892,50.0
3844751,930.0
3612508,50.0
3846680,1150.0
5885191,50.0
3844117,50.0
4664127,890.0
3612500,50.0
2906063,50.0
3612503,50.0
3846682,100.0
224319,30.0
780799,300.0
780979,600.0
780978,100.0
2893269,50.0
3844822,940.0
780975,0.0
780974,1368.37
780973,0.0
780972,100.0
3612230,50.0
780879,200.0
780095,150.0
631859,50.0
780159,100.0
635931,1568.37
780286,200.0
106788,750.0
3844365,0.0
3612435,100.0
3612436,100.0
780807,0.0
3612347,50.0
3612344,50.0
3612345,50.0
669624,50.0
3612348,50.0
3612349,40.0
3844369,50.0
3612439,50.0
3845760,100.0
3845014,50.0
3846129,50.0
3612418,50.0
5928398,50.0
3612419,50.0
3845018,955.0
780274,100.0
3846295,50.0
3845848,100.0
781010,0.0
5010399,1080.0
3844381,100.0
3847265,50.0
3846155,100.0
3612462,970.0
3847767,50.0
759943,50.0
778134,100.0
5046204,100.0
3844494,50.0
780774,200.0
3846206,0.0
780776,4000.0
3846200,1060.0
3847040,50.0
4170021,50.0
3844669,915.0
3846638,1140.0
649824,50.0
3846630,1135.0
779444,150.0
3844388,50.0
3843925,1418.37
3843922,50.0
3612152,50.0
3612303,100.0
3612150,895.0
780500,600.0
3846341,100.0
3612159,900.0
4569614,10673.0
2895966,50.0
780976,200.0
62691,250.0
3846010,50.0
732554,50.0
780881,100.0
3847681,50.0
3612539,100.0
775892,50.0
778555,100.0
5087013,50.0
579240,300.0
741291,50.0
780951,100.0
5335672,100.0
3612211,50.0
3845689,50.0
3612385,50.0
3612382,945.0
3612383,50.0
3612380,50.0
3845681,5.0
780952,0.0
3612388,50.0
3612389,950.0
3612571,50.0
3845338,1.0
3612573,50.0
3612572,50.0
3612575,100.0
2910171,50.0
3612471,50.0
3844248,50.0
3612473,100.0
4682046,50.0
3846095,1025.0
780946,200.0
780947,0.0
780944,200.0
780945,50.0
780942,0.0
780943,100.0
780940,0.0
780941,200.0
780948,200.0
3612208,50.0
738198,50.0
147470,0.0
2883153,50.0
779657,300.0
4220790,100.0
3847229,50.0
3612155,50.0
4197121,50.0
3612592,50.0
4218143,50.0
665316,50.0
4885994,50.0
780933,400.0
780932,200.0
780931,100.0
780282,0.0
780937,150.0
780936,400.0
780935,150.0
780934,100.0
780289,50.0
780939,0.0
780938,0.0
5480308,100.0
779929,50.0
3612229,50.0
780971,0.0
3846337,50.0
780908,150.0
3846838,100.0
780676,700.0
780739,50.0
3846560,100.0
3844996,50.0
3846566,1120.0
780970,0.0
780730,100.0
3844998,50.0
2891596,1095.0
3846245,100.0
3846840,100.0
710671,39000.0
4205991,50.0
773445,100.0
3847715,50.0
4225607,50.0
29598,500.0
781013,600.0
781012,2250.0
3612582,50.0
3848528,50.0
781017,0.0
781016,0.0
781015,300.0
781014,1100.0
3612588,4001.05
3612589,0.0
781019,50.0
781018,50.0
3612590,100.0
4280054,1175.0
3612617,50.0
727888,200.0
5071933,50.0
780429,50.0
733029,50.0
2900859,50.0
3847154,50.0
3111892,0.0
701464,0.0
3844754,925.0
4252369,100.0
405661,50.0
3612609,50.0
3618574,50.0
3845488,50.0
3844271,50.0
3843912,50.0
4593505,100.0
3846159,50.0
1460144,50.0
3844882,50.0
779692,100.0
3612534,100.0
3612537,100.0
781065,150.0
3612530,100.0
3612533,100.0
3612532,50.0
780883,50.0
3845374,995.0
779944,0.0
3846015,100.0
689312,100.0
3844473,100.0
3612105,0.0
3612324,920.0
3612326,50.0
780909,50.0
3612322,5.0
780903,150.0
780900,50.0
780906,100.0
780904,100.0
3844308,50.0
3848510,50.0
779538,50.0
780164,100.0
780165,100.0
3846212,1065.0
3844832,100.0
3844836,50.0
3844372,100.0
5035211,50.0
3845890,100.0
3612138,50.0
4260739,50.0
3846085,1035.0
3845715,50.0
3845021,0.0
3845023,100.0
3845025,50.0
4110493,50.0
4853925,100.0
4276232,100.0
780268,50.0
4252803,50.0
3846287,50.0
3612316,50.0
3846528,1105.0
3847276,50.0
3846747,50.0
3847270,50.0
3846449,100.0
4254589,50.0
652266,150.0
3847278,50.0
3845627,50.0
4423034,1165.0
777991,50.0
3845151,0.0
3845099,50.0
3845095,960.0
3612319,0.0
4274441,50.0
4236922,980.0
3612386,100.0
3846088,1030.0
4449630,100.0
780964,0.0
2882065,100.0
3844485,50.0
738279,100.0
3612318,5.0
781007,0.0
780583,50.0
4323734,0.0
604244,50.0
776970,400.0
780747,50.0
5104238,100.0
4260601,50.0
2889778,1055.0
3848544,50.0
4953303,50.0
3847627,50.0
3846622,100.0
3847605,50.0
3846624,100.0
3846355,50.0
781431,500.0
4900425,100.0
781001,300.0
3833872,0.0
3844847,5.0
3846052,50.0
3612140,50.0
3844437,50.0
2893980,1170.0
3612144,50.0
3845535,100.0
3844535,100.0
781021,200.0
5028480,50.0
781027,150.0
3847026,50.0
3844005,50.0
580301,50.0
3612346,50.0
780828,100.0
4879555,100.0
779011,0.0
5013985,100.0
4216895,50.0
3846496,50.0
3612366,50.0
781028,100.0
781003,1100.0
3846659,1145.0
3612578,5.0
3612445,100.0
3612446,50.0
3612440,965.0
3612443,50.0
3846123,100.0
3612449,0.0
5133382,50.0
3844500,50.0
3844508,50.0
3845336,100.0
3612562,50.0
3612560,50.0
780955,200.0
780954,400.0
780957,0.0
780956,300.0
3612210,50.0
2890522,50.0
780953,50.0
3612213,50.0
4277712,100.0
780229,50.0
780959,0.0
780958,0.0
3847297,50.0
780387,50.0
1656300,100.0
3846407,50.0
3846404,50.0
777219,1100.0
2879255,50.0
4845829,100.0
780930,200.0
3612922,100.0
4219955,100.0
3845191,100.0
2888123,50.0
2890506,50.0
3612126,885.0
3612306,50.0
3612127,0.0
4266507,50.0
3847274,50.0
3612117,50.0
3612209,50.0
3612122,50.0
3573730,0.0
2891662,50.0
743905,50.0
3612120,880.0
3846577,100.0
3844611,100.0
3846479,100.0
3612505,50.0
781048,100.0
4270091,1110.0
212703,50.0
5031584,100.0
3845855,100.0
