0,1
1,5
2,2
3,3
4,0
5,1
6,2
7,2
8,2
9,0
10,2
11,1
12,0
13,2
14,2
15,1
16,0
17,2
18,2
19,0
20,0
21,2
22,1
23,0
24,2
25,1
26,4
27,2
28,2
29,1
30,0
31,2
32,0
33,1
34,3
35,0
36,0
37,2
38,3
39,1
40,0
41,3
42,1
43,1
44,3
45,2
46,3
47,1
48,1
49,1
50,1
51,2
52,1
53,1
54,5
55,2
56,1
57,4
58,2
59,1
60,1
61,3
62,3
63,1
64,3
65,3
66,2
67,1
68,2
69,2
70,2
71,0
72,3
73,5
74,1
75,3
76,2
77,1
78,2
79,2
80,1
81,1
82,0
83,1
84,2
85,1
86,1
87,0
88,1
89,3
90,1
91,3
92,2
93,1
94,1
95,1
96,3
97,2
98,3
99,0
100,1
101,2
102,1
103,1
104,0
105,0
106,1
107,1
108,0
109,0
110,2
111,2
112,2
113,0
114,0
115,1
116,2
117,0
118,2
119,2
120,0
121,3
122,0
123,2
124,2
125,0
126,1
127,1
128,3
129,2
130,2
131,2
132,0
133,0
134,0
135,1
136,3
137,2
138,2
139,2
140,1
141,2
142,2
143,1
144,1
145,1
146,3
147,1
148,2
149,1
150,1
151,3
152,1
153,0
154,0
155,1
156,5
157,1
158,0
159,1
160,1
161,0
162,2
163,4
164,3
165,1
166,2
167,1
168,1
169,0
170,0
171,1
172,2
173,2
174,1
175,1
176,2
177,0
178,3
179,2
180,3
181,2
182,2
183,3
184,2
185,1
186,2
187,0
188,0
189,2
190,0
191,2
192,3
193,0
194,1
195,2
196,0
197,0
198,1
199,0
200,4
201,1
202,1
203,1
204,1
205,0
206,3
207,2
208,2
209,1
210,2
211,3
212,2
213,0
214,0
215,2
216,1
217,0
218,1
219,4
220,3
221,3
222,1
223,0
224,2
225,3
226,1
227,2
228,1
229,1
230,2
231,1
232,1
233,0
234,5
235,1
236,0
237,0
238,2
239,1
240,4
241,0
242,2
243,1
244,0
245,2
246,2
247,2
248,2
249,2
250,3
251,0
252,1
253,4
254,3
255,2
256,0
257,0
258,0
259,4
260,5
261,3
262,2
263,2
264,4
265,2
266,1
267,3
268,2
269,0
270,3
271,1
272,0
273,0
274,1
275,1
276,0
277,1
278,1
279,0
280,1
281,2
282,3
283,0
284,1
285,0
286,0
287,4
288,2
289,0
290,1
291,1
292,0
293,1
294,2
295,1
296,1
297,0
298,4
299,3
300,1
301,1
302,0
303,1
304,0
305,2
306,0
307,3
308,0
309,2
310,1
311,0
312,2
313,0
314,0
315,1
316,0
317,2
318,0
319,2
320,3
321,2
322,0
323,3
324,3
325,0
326,1
327,5
328,5
329,0
330,3
331,3
332,3
333,2
334,0
335,1
336,2
337,0
338,3
339,1
340,1
341,2
342,2
343,0
344,1
345,2
346,1
347,3
348,2
349,1
350,2
351,1
352,3
353,2
354,1
355,4
356,2
357,1
358,0
359,2
360,0
361,0
362,2
363,0
364,0
365,5
366,1
367,3
368,1
369,1
370,1
371,0
372,1
373,0
374,0
375,0
376,0
377,2
378,1
379,4
380,0
381,2
382,1
383,1
384,0
385,3
386,2
387,1
388,1
389,1
390,1
391,2
392,1
393,2
394,3
395,4
396,3
397,0
398,2
399,2
400,1
401,1
402,2
403,0
404,2
405,2
406,1
407,1
408,0
409,2
410,1
411,1
412,0
413,1
414,1
415,0
416,0
417,3
418,2
419,2
420,2
421,1
422,3
423,0
424,3
425,3
426,1
427,1
428,1
429,1
430,2
431,1
432,3
433,2
434,7
435,2
436,0
437,1
438,3
439,2
440,3
441,1
442,2
443,2
444,2
445,0
446,1
447,1
448,2
449,2
450,2
451,3
452,2
453,0
454,1
455,2
456,0
457,0
458,1
459,3
460,1
461,1
462,0
463,3
464,1
465,1
466,2
467,2
468,1
469,0
470,2
471,1
472,1
473,1
474,1
475,2
476,2
477,2
478,1
479,2
480,1
481,0
482,1
483,0
484,1
485,4
486,3
487,3
488,1
489,6
490,0
491,0
492,0
493,2
494,1
495,1
496,1
497,1
498,1
499,1
500,2
501,0
502,2
503,0
504,3
505,2
506,3
507,1
508,1
509,0
510,5
511,1
512,2
513,3
514,1
515,2
516,1
517,1
518,4
519,3
520,3
521,2
522,0
523,1
524,3
525,3
526,3
527,1
528,0
529,1
530,3
531,2
532,2
533,0
534,0
535,3
536,2
537,3
538,1
539,2
540,1
541,0
542,1
543,3
544,0
545,1
546,3
547,0
548,2
549,1
550,0
551,1
552,4
553,5
554,1
555,3
556,0
557,1
558,2
559,2
560,4
561,1
562,1
563,2
564,2
565,2
566,1
567,2
568,0
569,0
570,2
571,0
572,1
573,0
574,2
575,1
576,0
577,3
578,3
579,1
580,1
581,2
582,3
583,3
584,4
585,2
586,2
587,2
588,2
589,2
590,1
591,1
592,2
593,2
594,1
595,4
596,0
597,0
598,2
599,0
600,1
601,2
602,3
603,1
604,0
605,3
606,1
607,1
608,1
609,3
610,2
611,2
612,3
613,0
614,1
615,0
616,1
617,0
618,2
619,1
620,3
621,1
622,0
623,3
624,3
625,1
626,2
627,1
628,2
629,1
630,1
631,2
632,3
633,1
634,1
635,0
636,1
637,2
638,0
639,1
640,1
641,5
642,0
643,2
644,1
645,1
646,1
647,4
648,1
649,2
650,3
651,4
652,1
653,0
654,3
655,3
656,1
657,1
658,0
659,0
660,0
661,4
662,3
663,1
664,2
665,3
666,0
667,1
668,0
669,0
670,1
671,1
672,0
673,0
674,5
675,0
676,4
677,2
678,2
679,4
680,1
681,2
682,1
683,1
684,1
685,1
686,2
687,2
688,3
689,3
690,4
691,1
692,2
693,1
694,2
695,2
696,0
697,3
698,0
699,0
700,3
701,2
702,2
703,0
704,1
705,6
706,2
707,1
708,2
709,3
710,0
711,1
712,0
713,1
714,1
715,1
716,1
717,1
718,1
719,1
720,1
721,0
722,3
723,1
724,1
725,0
726,2
727,2
728,1
729,3
730,2
731,1
732,0
733,0
734,3
735,2
736,1
737,0
738,3
739,1
740,0
741,0
742,5
743,3
744,4
745,2
746,0
747,0
748,0
749,1
750,1
751,2
752,1
753,3
754,2
755,1
756,2
757,1
758,1
759,1
760,0
761,2
762,1
763,4
764,2
765,6
766,0
767,0
768,0
769,1
770,1
771,1
772,1
773,2
774,2
775,3
776,2
777,2
778,1
779,2
780,0
781,2
782,0
783,2
784,2
785,0
786,2
787,3
788,2
789,2
790,1
791,1
792,0
793,2
794,3
795,0
796,0
797,0
798,4
799,2
800,2
801,1
802,4
803,0
804,1
805,1
806,0
807,2
808,0
809,4
810,0
811,1
812,2
813,5
814,2
815,2
816,1
817,1
818,0
819,1
820,1
821,1
822,2
823,0
824,3
825,1
826,0
827,2
828,0
829,2
830,2
831,2
832,0
833,2
834,2
835,1
836,2
837,0
838,1
839,1
840,1
841,4
842,0
843,0
844,1
845,4
846,1
847,3
848,0
849,2
850,0
851,2
852,1
853,2
854,1
855,3
856,0
857,1
858,1
859,1
860,3
861,1
862,2
863,1
864,1
865,1
866,3
867,0
868,0
869,0
870,2
871,1
872,2
873,1
874,3
875,3
876,0
877,2
878,1
879,1
880,0
881,3
882,2
883,1
884,1
885,2
886,3
887,2
888,2
889,3
890,0
891,1
892,0
893,3
894,3
895,0
896,1
897,0
898,2
899,2
900,0
901,2
902,4
903,0
904,1
905,6
906,1
907,2
908,3
909,2
910,2
911,1
912,0
913,3
914,5
915,1
916,3
917,0
918,2
919,1
920,1
921,4
922,0
923,0
924,1
925,1
926,1
927,1
928,1
929,1
930,1
931,1
932,2
933,0
934,2
935,1
936,2
937,2
938,0
939,0
940,2
941,0
942,1
943,1
944,2
945,0
946,0
947,1
948,1
949,1
950,1
951,1
952,3
953,1
954,0
955,1
956,4
957,2
958,2
959,0
960,0
961,1
962,2
963,0
964,0
965,2
966,0
967,2
968,4
969,2
970,1
971,4
972,1
973,1
974,0
975,2
976,2
977,0
978,4
979,3
980,0
981,2
982,0
983,0
984,0
985,4
986,0
987,2
988,2
989,1
990,2
991,1
992,0
993,2
994,1
995,3
996,2
997,0
998,1
999,1
1000,2
1001,1
1002,0
1003,0
1004,2
1005,2
1006,1
1007,0
1008,3
1009,0
1010,1
1011,1
1012,3
1013,1
1014,1
1015,0
1016,4
1017,2
1018,1
1019,0
1020,1
1021,3
1022,1
1023,3
1024,1
1025,1
1026,0
1027,0
1028,0
1029,2
1030,2
1031,3
1032,3
1033,0
1034,1
1035,2
1036,2
1037,0
1038,1
1039,3
1040,2
1041,3
1042,0
1043,3
1044,0
1045,1
1046,1
1047,0
1048,3
1049,2
1050,1
1051,0
1052,2
1053,2
1054,3
1055,0
1056,3
1057,1
1058,3
1059,1
1060,1
1061,4
1062,4
1063,2
1064,2
1065,2
1066,1
1067,0
1068,0
1069,1
1070,1
1071,2
1072,2
1073,4
1074,1
1075,0
1076,0
1077,1
1078,1
1079,0
1080,1
1081,1
1082,2
1083,2
1084,1
1085,2
1086,0
1087,1
1088,2
1089,0
1090,0
1091,1
1092,2
1093,2
1094,1
1095,1
1096,4
1097,3
1098,3
1099,2
1100,0
1101,2
1102,2
1103,2
1104,2
1105,1
1106,1
1107,2
1108,4
1109,3
1110,1
1111,1
1112,1
1113,1
1114,2
1115,0
1116,7
1117,1
1118,0
1119,0
1120,4
1121,1
1122,0
1123,1
1124,0
1125,3
1126,0
1127,2
1128,0
1129,3
1130,2
1131,2
1132,2
1133,0
1134,1
1135,2
1136,0
1137,0
1138,2
1139,3
1140,1
1141,3
1142,1
1143,3
1144,1
1145,1
1146,1
1147,0
1148,2
1149,0
1150,2
1151,0
1152,2
1153,0
1154,2
1155,1
1156,3
1157,1
1158,2
1159,1
1160,3
1161,0
1162,1
1163,2
1164,3
1165,4
1166,2
1167,3
1168,2
1169,3
1170,2
1171,0
1172,1
1173,1
1174,1
1175,1
1176,4
1177,1
1178,2
1179,2
1180,2
1181,4
1182,3
1183,1
1184,1
1185,2
1186,0
1187,2
1188,5
1189,1
1190,2
1191,2
1192,0
1193,5
1194,0
1195,2
1196,0
1197,1
1198,1
1199,4
1200,2
1201,0
1202,1
1203,1
1204,2
1205,0
1206,1
1207,0
1208,1
1209,3
1210,1
1211,4
1212,2
1213,2
1214,1
1215,1
1216,3
1217,0
1218,2
1219,0
1220,0
1221,1
1222,2
1223,3
1224,1
1225,0
1226,1
1227,1
1228,4
1229,2
1230,2
1231,3
1232,1
1233,1
1234,3
1235,0
1236,1
1237,2
1238,5
1239,0
1240,1
1241,0
1242,1
1243,1
1244,0
1245,1
1246,1
1247,0
1248,0
1249,1
1250,4
1251,1
1252,1
1253,2
1254,2
1255,0
1256,4
1257,1
1258,2
1259,1
1260,0
1261,1
1262,0
1263,2
1264,0
1265,1
1266,0
1267,3
1268,2
1269,1
1270,1
1271,1
1272,2
1273,1
1274,0
1275,1
1276,0
1277,2
1278,5
1279,0
1280,2
1281,0
1282,1
1283,2
1284,1
1285,3
1286,0
1287,0
1288,1
1289,1
1290,1
1291,2
1292,0
1293,0
1294,1
1295,3
1296,2
1297,0
1298,4
1299,2
1300,1
1301,3
1302,0
1303,0
1304,2
1305,3
1306,1
1307,1
1308,2
1309,1
1310,2
1311,1
1312,2
1313,0
1314,3
1315,1
1316,1
1317,2
1318,3
1319,0
1320,1
1321,2
1322,4
1323,0
1324,1
1325,1
1326,1
1327,2
1328,1
1329,2
1330,1
1331,1
1332,0
1333,3
1334,2
1335,1
1336,1
1337,1
1338,0
1339,2
1340,1
1341,1
1342,1
1343,0
1344,1
1345,1
1346,0
1347,1
1348,1
1349,2
1350,1
1351,2
1352,0
1353,0
1354,2
1355,0
1356,2
1357,0
1358,2
1359,0
1360,0
1361,1
1362,3
1363,1
1364,0
1365,1
1366,2
1367,4
1368,2
1369,0
1370,3
1371,0
1372,1
1373,1
1374,1
1375,0
1376,4
1377,1
1378,0
1379,2
1380,1
1381,0
1382,4
1383,0
1384,0
1385,2
1386,2
1387,0
1388,0
1389,2
1390,2
1391,2
1392,0
1393,4
1394,0
1395,0
1396,0
1397,0
1398,1
1399,0
1400,2
1401,0
1402,0
1403,4
1404,0
1405,2
1406,0
1407,1
1408,0
1409,1
1410,2
1411,1
1412,0
1413,1
1414,1
1415,0
1416,3
1417,0
1418,1
1419,1
1420,0
1421,2
1422,1
1423,4
1424,0
1425,2
1426,2
1427,2
1428,1
1429,1
1430,0
1431,1
1432,1
1433,1
1434,1
1435,1
1436,3
1437,1
1438,1
1439,1
1440,4
1441,1
1442,2
1443,0
1444,2
1445,2
1446,1
1447,2
1448,3
1449,1
1450,1
1451,2
1452,2
1453,2
1454,3
1455,1
1456,1
1457,1
1458,2
1459,2
1460,3
1461,0
1462,1
1463,0
1464,2
1465,2
1466,2
1467,1
1468,0
1469,4
1470,0
1471,0
1472,1
1473,2
1474,3
1475,0
1476,2
1477,3
1478,1
1479,1
1480,1
1481,1
1482,2
1483,1
1484,4
1485,2
1486,1
1487,1
1488,3
1489,6
1490,5
1491,0
1492,4
1493,1
1494,2
1495,1
1496,6
1497,1
1498,3
1499,1
1500,3
1501,1
1502,2
1503,0
1504,2
1505,1
1506,0
1507,3
1508,1
1509,0
1510,1
1511,0
1512,3
1513,0
1514,0
1515,0
1516,1
1517,0
1518,2
1519,3
1520,1
1521,1
1522,3
1523,3
1524,0
1525,2
1526,1
1527,3
1528,1
1529,2
1530,1
1531,2
1532,1
1533,2
1534,0
1535,0
1536,4
1537,0
1538,1
1539,2
1540,1
1541,0
1542,1
1543,1
1544,1
1545,2
1546,2
1547,0
1548,2
1549,0
1550,1
1551,1
1552,1
1553,1
1554,1
1555,0
1556,1
1557,2
1558,0
1559,2
1560,1
1561,2
1562,2
1563,1
1564,1
1565,1
1566,1
1567,1
1568,1
1569,3
1570,2
1571,0
1572,3
1573,0
1574,3
1575,4
1576,0
1577,0
1578,2
1579,3
1580,1
1581,0
1582,0
1583,0
1584,0
1585,0
1586,3
1587,1
1588,3
1589,1
1590,1
1591,1
1592,3
1593,0
1594,3
1595,1
1596,1
1597,1
1598,2
1599,3
1600,2
1601,2
1602,0
1603,1
1604,1
1605,2
1606,0
1607,2
1608,0
1609,2
1610,2
1611,1
1612,3
1613,2
1614,1
1615,2
1616,1
1617,0
1618,4
1619,4
1620,2
1621,1
1622,2
1623,1
1624,1
1625,2
1626,1
1627,1
1628,3
1629,0
1630,0
1631,4
1632,0
1633,3
1634,1
1635,5
1636,1
1637,0
1638,6
1639,1
1640,1
1641,3
1642,1
1643,1
1644,2
1645,0
1646,1
1647,0
1648,3
1649,1
1650,3
1651,1
1652,0
1653,3
1654,0
1655,2
1656,1
1657,0
1658,2
1659,0
1660,2
1661,1
1662,1
1663,1
1664,3
1665,1
1666,3
1667,1
1668,2
1669,4
1670,4
1671,2
1672,1
1673,2
1674,2
1675,2
1676,2
1677,1
1678,2
1679,3
1680,2
1681,1
1682,3
1683,1
1684,3
1685,4
1686,0
1687,3
1688,2
1689,1
1690,2
1691,0
1692,1
1693,0
1694,2
1695,4
1696,2
1697,1
1698,2
1699,1
1700,5
1701,0
1702,1
1703,0
1704,1
1705,1
1706,1
1707,0
1708,0
1709,0
1710,3
1711,0
1712,2
1713,2
1714,2
1715,2
1716,1
1717,1
1718,2
1719,2
1720,2
1721,3
1722,2
1723,0
1724,1
1725,1
1726,1
1727,1
1728,3
1729,2
1730,2
1731,2
1732,0
1733,4
1734,1
1735,0
1736,2
1737,1
1738,1
1739,4
1740,3
1741,1
1742,0
1743,1
1744,2
1745,1
1746,1
1747,4
1748,2
1749,1
1750,0
1751,4
1752,2
1753,1
1754,2
1755,1
1756,0
1757,1
1758,1
1759,2
1760,2
1761,1
1762,0
1763,1
1764,1
1765,1
1766,2
1767,2
1768,4
1769,0
1770,1
1771,4
1772,0
1773,1
1774,1
1775,1
1776,2
1777,2
1778,2
1779,2
1780,1
1781,2
1782,1
1783,1
1784,2
1785,3
1786,0
1787,1
1788,3
1789,2
1790,0
1791,2
1792,1
1793,1
1794,0
1795,1
1796,0
1797,2
1798,1
1799,4
1800,1
1801,2
1802,0
1803,0
1804,2
1805,2
1806,1
1807,1
1808,0
1809,1
1810,1
1811,1
1812,0
1813,1
1814,1
1815,2
1816,2
1817,3
1818,1
1819,2
1820,3
1821,0
1822,1
1823,1
1824,0
1825,0
1826,2
1827,1
1828,2
1829,0
1830,3
1831,2
1832,2
1833,1
1834,1
1835,0
1836,2
1837,1
1838,1
1839,1
1840,2
1841,1
1842,1
1843,2
1844,1
1845,1
1846,0
1847,1
1848,1
1849,0
1850,3
1851,2
1852,4
1853,3
1854,1
1855,1
1856,2
1857,5
1858,2
1859,1
1860,2
1861,3
1862,0
1863,1
1864,1
1865,2
1866,1
1867,3
1868,1
1869,1
1870,1
1871,0
1872,1
1873,2
1874,3
1875,1
1876,1
1877,0
1878,2
1879,1
1880,3
1881,2
1882,1
1883,0
1884,0
1885,0
1886,2
1887,0
1888,4
1889,1
1890,2
1891,1
1892,1
1893,2
1894,4
1895,2
1896,1
1897,3
1898,1
1899,1
1900,1
1901,2
1902,1
1903,0
1904,1
1905,3
1906,5
1907,0
1908,3
1909,1
1910,2
1911,5
1912,2
1913,0
1914,2
1915,1
1916,0
1917,1
1918,2
1919,1
1920,2
1921,2
1922,3
1923,0
1924,0
1925,0
1926,3
1927,2
1928,2
1929,3
1930,1
1931,1
1932,2
1933,0
1934,0
1935,1
1936,3
1937,0
1938,1
1939,0
1940,1
1941,2
1942,0
1943,1
1944,2
1945,4
1946,0
1947,3
1948,1
1949,2
1950,2
1951,1
1952,0
1953,2
1954,2
1955,1
1956,3
1957,3
1958,1
1959,0
1960,2
1961,0
1962,0
1963,0
1964,4
1965,1
1966,1
1967,2
1968,2
1969,1
1970,2
1971,2
1972,1
1973,1
1974,1
1975,2
1976,0
1977,0
1978,2
1979,3
1980,1
1981,0
1982,3
1983,1
1984,3
1985,1
1986,0
1987,2
1988,0
1989,0
1990,2
1991,2
1992,5
1993,3
1994,2
1995,1
1996,2
1997,2
1998,1
1999,0
2000,0
2001,2
2002,2
2003,0
2004,0
2005,2
2006,0
2007,0
2008,1
2009,1
2010,1
2011,1
2012,2
2013,1
2014,3
2015,2
2016,0
2017,1
2018,1
2019,0
2020,2
2021,0
2022,0
2023,1
2024,1
2025,1
2026,0
2027,1
2028,2
2029,1
2030,0
2031,0
2032,2
2033,0
2034,1
2035,2
2036,1
2037,0
2038,2
2039,0
2040,5
2041,0
2042,0
2043,3
2044,0
2045,2
2046,1
2047,0
2048,1
2049,3
2050,0
2051,1
2052,0
2053,2
2054,1
2055,2
2056,1
2057,2
2058,0
2059,0
2060,1
2061,0
2062,0
2063,1
2064,1
2065,3
2066,3
2067,4
2068,3
2069,1
2070,2
2071,2
2072,1
2073,1
2074,1
2075,4
2076,1
2077,1
2078,1
2079,1
2080,3
2081,2
2082,3
2083,0
2084,1
2085,1
2086,0
2087,3
2088,2
2089,1
2090,1
2091,2
2092,1
2093,0
2094,2
2095,0
2096,3
2097,0
2098,1
2099,2
2100,2
2101,2
2102,2
2103,2
2104,5
2105,2
2106,2
2107,0
2108,0
2109,0
2110,2
2111,1
2112,0
2113,1
2114,0
2115,2
2116,1
2117,2
2118,3
2119,0
2120,2
2121,2
2122,0
2123,1
2124,1
2125,5
2126,1
2127,1
2128,3
2129,0
2130,0
2131,1
2132,2
2133,2
2134,3
2135,2
2136,5
2137,1
2138,4
2139,2
2140,0
2141,2
2142,0
2143,2
2144,0
2145,1
2146,2
2147,2
2148,1
2149,1
2150,1
2151,1
2152,2
2153,0
2154,1
2155,4
2156,2
2157,5
2158,1
2159,1
2160,1
2161,1
2162,1
2163,0
2164,1
2165,2
2166,0
2167,2
2168,1
2169,3
2170,0
2171,2
2172,2
2173,0
2174,3
2175,1
2176,2
2177,3
2178,0
2179,3
2180,0
2181,0
2182,0
2183,0
2184,0
2185,2
2186,1
2187,0
2188,1
2189,1
2190,2
2191,2
2192,1
2193,1
2194,1
2195,1
2196,2
2197,3
2198,0
2199,4
2200,4
2201,2
2202,1
2203,1
2204,0
2205,0
2206,2
2207,3
2208,1
2209,3
2210,1
2211,3
2212,0
2213,2
2214,2
2215,1
2216,1
2217,2
2218,1
2219,1
2220,1
2221,2
2222,2
2223,0
2224,6
2225,2
2226,2
2227,3
2228,4
2229,4
2230,0
2231,2
2232,3
2233,1
2234,1
2235,3
2236,1
2237,4
2238,1
2239,1
2240,1
2241,1
2242,0
2243,2
2244,2
2245,0
2246,0
2247,0
2248,3
2249,0
2250,0
2251,1
2252,1
2253,3
2254,2
2255,1
2256,2
2257,1
2258,3
2259,1
2260,0
2261,4
2262,4
2263,3
2264,2
2265,3
2266,2
2267,4
2268,0
2269,0
2270,1
2271,0
2272,0
2273,1
2274,3
2275,2
2276,4
2277,3
2278,5
2279,1
2280,0
2281,1
2282,3
2283,1
2284,0
2285,1
2286,1
2287,2
2288,1
2289,3
2290,1
2291,1
2292,1
2293,0
2294,0
2295,2
2296,0
2297,1
2298,2
2299,0
2300,3
2301,3
2302,1
2303,3
2304,2
2305,2
2306,1
2307,1
2308,2
2309,3
2310,3
2311,1
2312,2
2313,2
2314,1
2315,1
2316,0
2317,0
2318,2
2319,0
2320,1
2321,1
2322,1
2323,0
2324,2
2325,1
2326,2
2327,2
2328,2
2329,1
2330,6
2331,1
2332,2
2333,2
2334,1
2335,4
2336,0
2337,2
2338,1
2339,1
2340,2
2341,5
2342,1
2343,0
2344,3
2345,1
2346,1
2347,0
2348,1
2349,1
2350,1
2351,2
2352,1
2353,2
2354,0
2355,1
2356,2
2357,3
2358,1
2359,2
2360,1
2361,0
2362,3
2363,5
2364,0
2365,3
2366,4
2367,4
2368,0
2369,2
2370,3
2371,0
2372,1
2373,0
2374,2
2375,1
2376,2
2377,3
2378,4
2379,0
2380,0
2381,0
2382,1
2383,0
2384,4
2385,1
2386,2
2387,4
2388,0
2389,1
2390,0
2391,2
2392,1
2393,1
2394,0
2395,1
2396,0
2397,1
2398,0
2399,0
2400,0
2401,1
2402,0
2403,2
2404,2
2405,0
2406,3
2407,0
2408,2
2409,0
2410,1
2411,2
2412,1
2413,1
2414,3
2415,0
2416,1
2417,1
2418,0
2419,1
2420,1
2421,1
2422,0
2423,3
2424,1
2425,2
2426,4
2427,0
2428,3
2429,1
2430,0
2431,0
2432,0
2433,5
2434,0
2435,3
2436,2
2437,1
2438,1
2439,2
2440,1
2441,2
2442,2
2443,0
2444,2
2445,1
2446,0
2447,1
2448,1
2449,3
2450,1
2451,1
2452,0
2453,3
2454,1
2455,0
2456,1
2457,2
2458,1
2459,1
2460,1
2461,2
2462,0
2463,1
2464,1
2465,2
2466,1
2467,1
2468,2
2469,0
2470,0
2471,2
2472,3
2473,5
2474,0
2475,3
