6255094,0
1322762,1
1802399,1
1788109,1
6178739,1
582567,1
5241208,0
3575069,1
3697217,1
3575063,1
3697212,1
5977946,1
3575988,1
6190452,1
740244,2
3523804,1
5561002,1
3885228,0
339842,6
3700236,1
51845,2
3574604,1
3700239,0
5602587,1
3575808,1
3575489,0
3575481,1
3575480,1
3575644,1
166931,2
3575648,1
4618646,1
775768,6
5102965,0
3816530,1
778859,4
778858,4
778857,1
778856,2
778855,0
778854,5
778853,1
778852,2
778851,2
778850,2
6058260,1
5940052,1
1738372,0
5181,1
3696277,1
3696274,1
3699771,1
3696270,1
3699578,1
621120,1
3576749,1
3699171,1
3576299,1
3576298,0
3696306,1
3696304,1
3696658,1
3576740,1
3576291,1
3576742,1
3576745,1
3576296,1
3576747,1
3576746,1
3698228,1
3554915,1
769161,1
3700433,1
3576125,1
3576126,1
3576121,1
3576120,1
3576060,0
3698313,1
3576901,1
3576900,1
774031,1
5433329,1
778716,1
1312297,1
3698139,1
4475659,1
3698136,1
3698134,1
6194649,1
230648,1
1236156,1
1802019,1
3700720,1
177811,4
3698047,1
3698044,1
5436322,1
3698042,1
738925,0
36411,1
3700658,0
778834,34
3697204,1
3697202,1
3697915,1
3574674,1
3700087,1
1838003,0
776187,6
3010337,0
3575815,1
2929994,1
5457488,1
5450266,1
3583751,1
3575658,1
3575659,1
3575657,1
3575653,1
5564824,1
778918,1
778919,0
778916,0
778917,2
602769,1
778915,2
778912,5
778913,1
778910,0
778911,2
1808638,1
6183759,1
33446,34
3576176,1
3698181,1
1389538,0
6148931,1
3576173,1
618816,1
5531930,1
778828,0
778829,2
5331637,1
778822,3
778823,2
778820,0
3576171,1
778826,33
778827,2
778824,4
778825,2
3696468,1
3696464,1
3696462,1
3616510,0
746159,1
157398,4
3576350,1
3576351,1
3576355,1
5580141,1
775172,1
775193,1
1843418,0
3532769,1
778660,2
3576750,1
3576758,1
3576759,1
3576288,1
1810125,1
3576280,1
3699144,1
3576282,1
3696666,1
3576284,1
3576285,1
3576286,1
3702710,0
284764,2
3696843,1
3698236,1
3701132,1
5566522,1
3696689,1
3576132,1
1111008,1
3576136,1
1532060,0
3576139,1
6248141,6
3698300,1
3576912,1
778448,2
3696358,1
3576918,1
778445,3
778446,1
774002,1
3698431,1
1806483,1
3699558,1
3570547,1
747682,2
755067,0
3698056,1
778134,1
3698053,1
3698058,1
1089228,1
5565874,1
5552216,1
5581730,1
777208,1
5577454,1
777202,1
403523,1
3674933,1
3697835,1
11296,2
3697830,1
3575719,1
3575717,1
3575713,1
3575712,1
689312,5
3698933,1
3698930,0
3700259,1
3567527,2
3575827,1
3700091,1
3575821,1
3700094,1
3575822,1
6210469,1
3697789,1
240947,6
766127,2
1180330,1
5550586,1
4882766,1
778909,2
778908,2
778905,1
778904,1
778907,0
778906,2
778901,1
778900,1
778903,5
778902,1
5557915,2
3698209,1
3698208,1
5645319,0
778839,1
778838,20
1843778,1
778831,2
778830,2
778833,2
778832,0
778835,1
2904573,1
778837,4
778836,1
3696470,1
774900,3
5795600,1
739300,1
3671697,1
3697974,1
10502,3
1368696,1
3696076,1
3576172,1
763554,1
2507457,0
906815,1
3683028,1
5572180,1
3702632,0
3700521,1
3696216,1
735034,1
3699080,1
3700555,1
5601563,1
689252,1
5569856,1
3696672,1
3696676,1
3699155,1
3696852,1
3699881,1
1826880,1
1333389,1
5127184,1
751005,1
3698202,0
145349,6
778059,1
8630,1
3696695,1
3696693,1
3696699,1
1826406,0
5419782,1
3576381,1
3576380,1
3576382,1
3576929,0
3594038,1
3576920,1
1831352,1
3698440,1
778636,1
3695740,1
778639,2
747580,2
3698681,1
3700705,1
5385274,0
3576293,1
207489,25
843988,1
750530,5
3577091,0
3577098,0
777473,0
5486499,1
3698063,1
3698062,1
3698067,1
3698069,1
3700678,1
3700677,1
3700673,1
3700670,1
3698330,1
575728,0
776897,3
5105008,1
3577871,0
777271,1
3575708,1
3575704,1
3575705,1
3575706,1
3575700,1
3575701,1
3575702,1
3698920,1
3698922,1
3698924,1
3697796,1
3697793,1
3697790,1
736132,1
3880740,1
1801968,1
1808098,1
3575634,1
3575635,1
3575636,1
778938,0
3572942,1
773757,1
778930,1
778931,1
778932,0
778933,0
778934,14
778935,1
778936,0
778937,9
5614179,0
5233522,1
5531005,1
736541,0
778806,1
778801,2
1838195,1
778809,23
609211,8
740220,2
3696449,1
1316808,1
3562433,1
3696441,1
3696445,1
1802852,1
775355,0
90724,39
3575595,1
3703732,0
712807,1
3421787,0
3576732,1
3576735,1
3576739,1
3622957,1
3698874,1
1257336,1
3576052,1
3696530,1
3696534,1
3696538,1
3700469,1
774241,1
4490140,1
3699185,1
744910,1
361997,1
690147,18
3576425,1
3576426,1
3576427,1
4418143,0
3698103,2
3698101,1
3698107,0
3698105,1
750986,2
3698309,1
778332,2
4689065,1
5786422,1
3694597,1
3698211,1
3705770,0
738279,1
3871300,0
5576616,1
3698073,1
3699855,1
3699854,1
3699853,1
3670324,1
3700602,1
3699774,1
5989512,0
5581628,1
3575739,1
5065526,1
3575731,1
3575730,1
3575733,1
3575732,1
3575734,1
3575736,1
3698918,1
3698915,1
3698913,1
1227164,0
778317,1
3673543,1
3575601,1
3575600,1
3575602,1
1180489,1
3575608,1
778927,0
778926,1
778925,2
778924,2
778923,0
778922,0
778921,0
778920,9
778929,2
778928,5
6095049,1
3810129,3
3575289,1
3575288,1
3575283,1
3575282,1
3575285,1
3575286,1
3575510,1
778813,1
3696302,1
778811,1
778817,1
778816,3
778815,2
2593348,1
778819,1
778818,3
3576845,1
6208612,1
5516498,1
3696183,1
3576741,1
3576290,1
3576744,1
3576295,1
5520023,1
3699534,1
3701091,1
5482559,1
3576098,1
1826260,1
776483,1
3576095,1
3576094,1
3576097,1
3576096,1
3576091,1
3576090,1
3576093,1
3699499,1
3576256,1
3696457,1
3696455,1
3696458,1
3576896,1
3576893,1
3699198,1
3699196,1
3699625,1
3699627,1
3699620,1
3699193,1
3699622,1
3696970,1
3581076,1
3696233,1
3709643,0
3696987,1
3576413,1
3576415,1
3576414,1
3576417,1
5576517,1
777677,3
6307805,1
4734051,1
778499,1
3698661,1
5537116,1
1727840,1
3576077,1
3576075,1
3576074,1
3576073,1
3576072,1
3576071,1
3576070,1
1831289,1
3698269,1
3576079,1
777922,1
3698001,1
3699844,1
5452241,1
1827336,1
6151294,1
4664863,1
3697808,1
24639,20
1809304,1
5129501,0
3698252,1
3698903,1
3698901,1
3698905,1
1829339,1
1801999,1
3545171,1
3574036,1
579725,0
3575612,1
3575616,1
3575617,1
3698876,1
778950,0
778951,0
3658,26
3698870,1
5570132,1
3698878,1
3575292,1
3575290,1
3575291,1
3575724,1
3575721,1
3575728,1
3575729,1
6157433,1
3697114,1
1239347,12
1679430,1
5322808,1
1150600,1
5563052,1
6147784,1
743149,1
3579600,0
3699505,1
3699055,1
1835046,1
3699052,1
3576088,1
3576089,1
3576082,1
3576080,1
3576081,1
3576086,1
3576087,1
3576084,1
3698364,1
3576248,1
3576249,1
777607,1
3576246,1
3576247,1
3576240,1
3576715,1
3696422,1
3696421,1
3696426,1
3696425,1
3696424,1
3696428,1
3576883,1
3696559,2
3576886,1
3576884,1
3576885,1
3700441,1
3696556,1
3699619,1
3699610,1
3631293,0
3576407,1
3576403,1
3576409,1
2711456,2
3699295,1
3699290,1
3699293,1
3699475,1
3699473,1
5568799,1
1802040,1
778312,1
3698673,1
3700593,1
3577048,0
3698272,0
3576067,1
778798,31
778799,34
3576062,1
3576063,1
3698278,1
778795,2
778796,5
778797,3
3576068,1
778791,2
778792,1
3577046,0
3694552,1
6144021,1
777407,3
778776,1
778777,1
778774,2
778772,3
1831252,1
778770,8
5591906,1
3699873,1
3699876,1
3699879,1
4760049,1
1514874,1
777242,1
778939,8
5544471,1
776336,3
3697470,1
732906,1
3698706,0
3575999,1
3575995,1
3575997,1
3575991,1
3575990,1
3575992,0
3697871,1
3697875,1
3697874,1
3577131,0
696390,3
5463714,1
12290,0
778103,1
3700567,1
1801804,1
776759,3
3697589,1
3697582,1
3697584,1
1519729,1
740555,1
5581771,0
3697908,1
1808402,1
1845989,1
4276246,1
3563539,1
778941,6
778940,1
778943,2
778942,1
778945,1
778944,0
778947,0
3568684,1
763177,0
615406,1
3575752,1
3575751,1
3575750,1
3575756,1
3575755,1
3575754,1
3575758,1
927952,1
3575578,1
3697129,1
3699928,1
3575577,1
3575576,1
676443,9
3853987,1
1291553,1
2852982,1
1157661,1
6073325,1
775657,1
6218153,1
3699048,1
583180,0
5991642,0
3699513,1
3699040,1
3575441,1
3576279,1
3576278,1
3567376,1
3576271,1
3576270,1
3576273,1
3576272,1
3576275,1
3576274,1
3576276,1
3696437,1
3699607,1
3700458,1
5601292,1
3576875,1
778542,1
1305325,1
5482136,1
3576763,1
3576813,1
3576812,1
3699286,0
3699463,1
3699466,1
1123782,1
3698640,1
3698391,1
3698644,1
3698647,1
3577052,0
3700585,1
3576051,1
3576050,1
778789,25
6261773,1
3576055,1
3576054,1
3576056,0
778783,1
3698244,1
3698246,1
3698241,1
778785,1
778784,2
3698025,1
249366,1
778765,1
778763,1
5818028,1
3699864,1
3697464,1
373193,1
6168846,1
3575989,1
3575986,1
3575987,1
3575984,0
3575985,1
3697867,1
3700122,1
4793786,1
5444246,1
1845428,1
1351161,1
1693797,1
3697591,2
5070274,1
6220420,1
3704035,0
776699,2
3576239,1
3697911,1
3697264,1
852344,1
3700334,1
3576066,1
3575740,1
3575742,1
3575744,1
3575746,1
3575747,1
3575748,1
3575749,1
3576061,1
5521837,1
2952837,1
3704818,0
3945898,0
3698279,1
3697135,1
495558,1
778790,2
3576069,1
5551688,0
739608,0
772113,2
5671501,0
5495059,1
762350,5
3703576,0
3696711,1
3696715,1
3696716,1
3576264,1
3576265,1
3576262,0
6027308,1
3576268,1
3696398,1
3698019,1
3696396,1
5560928,0
3700627,1
3696409,2
3696159,1
3696407,0
3696406,1
3696401,1
3696400,1
3696151,1
3696376,1
3701192,1
3699676,1
3696370,1
3576865,1
3576866,1
3576867,1
778576,8
3696378,1
1835391,1
3576460,1
3576467,1
3576469,0
5590861,1
778370,2
1830709,1
3698650,1
5571557,1
3576748,1
5598015,0
3696571,1
3576048,1
3576049,1
3576046,1
3576045,1
3576043,1
3698031,1
5507806,1
3694533,1
881689,1
775917,3
778753,1
778757,1
778206,1
763932,6
2479363,1
5437000,1
778686,16
778687,8
778685,2
3694623,3
777516,16
5455222,1
3697855,1
3697857,1
3697851,1
3697853,1
3697852,1
5961185,1
3575882,1
778884,2
5436194,1
3697929,1
3697920,1
3697922,1
3697924,1
5581530,1
5674369,0
63626,93
431537,1
3575310,1
3575317,1
3699231,1
778963,0
778960,0
757950,0
1106066,1
771862,1
3575779,1
3575771,1
778914,1
6027539,1
3575797,1
3575795,1
5530745,1
776000,1
5843086,1
4114470,0
62374,0
6242089,1
5104,66
780680,0
730893,1
865562,0
5579356,1
3703544,0
3576211,1
3576210,1
3576217,1
3576216,1
4876321,1
3576214,1
3576219,1
3576218,1
3700547,1
3696382,4
3696387,1
5550344,1
6148494,1
3696361,1
3696363,1
3576853,1
3576852,1
3576857,1
5520073,1
5445943,1
6209865,1
3576459,1
3576325,1
3576322,1
20302,7
3576320,1
3696706,1
3696704,1
3699065,1
5670730,1
3698620,1
3698624,1
3699484,1
3699486,1
3699715,1
3699716,1
3699710,1
3577031,0
5438706,1
3694705,1
3577038,0
106788,1
3696562,1
3576039,1
3696566,1
778561,1
778560,1
3576521,1
3576031,0
3576030,1
3576037,1
3576036,1
3576035,1
6265838,1
3697998,1
777743,1
5572904,1
3698287,1
3698286,1
3698289,1
778746,1
778743,1
778742,2
1803435,1
5604116,1
3576838,1
3701140,1
3699801,0
3699804,1
3576145,1
3576142,1
749820,0
3576140,1
3628707,0
712530,29
3576149,1
5596261,1
51697,0
2242183,0
3368455,1
3699938,1
3700147,1
1845405,1
5562853,1
3696155,1
778821,5
3697932,1
3697444,1
3699821,1
776349,1
3575308,1
3575309,1
3575300,1
3575302,1
3575303,1
3575305,1
3575307,1
3575768,0
579074,1
3575763,1
3575760,1
3575761,1
3575766,0
3575765,1
17440,2
3575783,0
3697155,1
2384068,1
1142546,0
1163687,1
6027257,0
3576215,1
3576353,1
3007247,1
667341,0
3554540,2
3572783,2
1843078,1
1843490,1
3698195,1
3576203,1
6041042,0
777967,1
3576208,1
3576209,4
3489784,1
772009,1
3696350,1
3696353,1
3696355,1
3098068,1
3696607,1
3699654,1
3932226,0
5585078,0
3696282,1
3780223,0
3576449,1
3576447,1
3696776,1
1360962,1
1831678,1
778428,2
3698637,1
778424,2
3700792,1
3700557,1
1806081,1
3699723,1
3699235,1
3700550,2
528989,1
3576846,1
3576029,1
3698174,1
3696593,1
3576027,1
3981350,0
6143008,5
3698079,1
3699835,1
3699837,1
778733,1
775932,7
778227,1
4439375,1
3701155,1
1019051,1
3701150,1
4402429,1
3576158,0
5449867,1
425389,2
3575879,1
6292471,1
1807683,1
3572401,1
5145220,1
2978355,1
3697549,1
3697896,1
3595772,0
3697945,1
3677190,1
3700304,1
5553505,1
1204287,1
4980934,1
1842060,2
3576450,1
2829447,1
3576321,1
3375369,1
4778309,1
3452059,1
1842441,1
3575841,1
3698160,1
755426,1
3575849,1
781791,0
3576281,1
6185843,1
1843393,1
3616838,0
3696660,1
3696663,1
3704843,0
3576287,1
5180606,1
108627,8
6162752,1
3576238,1
1803912,1
3576231,1
3576230,1
735243,1
3696619,1
3696346,1
3696345,1
3696340,1
3696341,1
739167,1
3542895,1
3696290,1
3576308,1
757340,2
757341,2
3696297,1
3576300,1
3576303,1
169881,1
3696766,1
3696768,1
778349,1
5305189,1
778346,1
3699739,1
3700549,1
3701012,1
3700544,1
3696903,1
6198355,1
3576011,1
6000022,1
3576012,1
778503,1
3576837,1
3576836,1
4507877,1
778235,1
778234,1
778231,1
778239,1
3576131,1
3574941,1
681308,25
640,10
777618,2
3576169,1
3576168,1
777965,1
3576138,1
3698192,1
3698777,1
1121857,1
1803340,1
778656,1
778651,1
3698170,1
681944,9
774700,0
1817501,0
5433696,1
3698302,1
92224,3
3891,3
3574897,1
730117,1
3697881,1
3576033,1
1870392,1
5861606,1
3561506,1
775305,2
181330,1
5602795,1
5462540,1
1801984,1
3955030,1
3697392,1
3697176,1
778846,2
4625852,1
5311900,1
3697376,1
778888,0
778889,1
3697373,1
776037,2
778885,2
778886,0
778887,1
778880,2
778881,2
778882,60
778883,3
3698980,0
3698986,1
3700203,1
3575854,1
3697085,1
93311,8
3575851,1
3575852,1
3575853,1
3575858,1
1379258,1
3698288,1
3575450,1
1838623,1
742051,2
1173534,1
6158506,1
1387159,1
949545,1
5531067,1
3576222,1
3576223,1
3576220,1
3576371,1
778866,2
1023475,2
778864,5
778865,0
778862,2
778863,1
778860,2
778861,2
778868,1
778869,1
5507556,1
5601935,1
3696337,1
3575607,1
3576316,1
3576317,1
3576314,1
3576315,1
3576312,1
3576313,1
3576379,1
107186,1
3576319,2
5437472,1
3696245,1
3699747,1
3601078,1
3699219,1
3576483,1
3616463,0
106570,1
3699589,1
3699588,1
3576002,1
3576003,1
3670663,1
3576006,1
3576007,1
3576008,1
737513,2
3364665,1
3576797,1
3576827,1
3576828,1
3700681,1
3700686,1
5437041,1
775953,3
5569573,0
3701172,1
549617,2
3698189,1
3576179,1
3698182,1
3576177,1
3576174,1
3576175,1
3698186,1
777970,0
3698184,1
3698185,1
1140244,1
3698164,1
3698165,1
778664,1
3698161,1
778390,0
778391,1
778395,2
1307120,1
5462040,1
3699604,1
33513,6
3697965,1
3697967,1
321,5
3697417,1
3696542,1
776600,0
3697985,1
3697984,1
3697982,1
3700364,1
3576870,1
5577419,1
1077921,1
224319,3
4799804,1
6132065,1
778899,0
778898,37
1586951,1
1845831,1
778893,2
778892,1
778891,1
778890,0
778897,4
778896,2
778895,2
778894,2
6007,1
3700217,1
3575689,1
3575688,1
3575685,1
773865,1
3700982,1
3575667,0
3575663,1
5325511,1
3575660,1
739563,1
3698888,1
3698883,1
3698880,1
1843351,0
1003635,1
3696104,1
778875,1
778874,2
778877,1
778876,1
778871,34
778870,32
778873,3
778872,3
778879,1
778878,2
5568031,1
3696329,1
851145,1
778812,2
3696323,1
3700798,1
3576367,1
6153690,1
3576368,1
172925,1
3696748,1
3618437,0
3696747,1
3696255,1
3699200,1
3696253,1
3698371,1
1806504,1
3698373,1
3696259,0
3699595,1
3576010,1
3576769,1
3576768,1
3576764,0
3576811,1
3576762,1
3576761,1
3576760,0
778250,1
778700,3
3697935,1
3577694,0
434182,1
3577698,0
6167561,1
5501256,1
3699687,1
5470618,1
3699680,1
3576109,1
3576108,1
778411,4
3576103,1
3576102,1
3576106,1
3576105,1
3576104,1
1807478,1
5326156,1
5524426,1
3698153,1
764317,11
3698156,1
3698402,1
778384,1
778383,1
778381,2
3700741,1
3698083,1
1840418,0
3698080,1
3576985,0
3698088,1
6223806,1
5577551,1
4627239,1
5524682,1
6175533,1
3697971,1
3697976,1
733029,6
3697995,1
733204,1
3576968,0
3700358,1
4138728,1
6134979,1
1803148,1
3576053,1
5437323,1
778788,1
1846139,1
744550,3
1808616,1
3576110,1
778782,1
3575710,1
1838020,1
3700221,1
1238407,1
3700224,1
3575698,1
3576501,1
1841103,1
3575692,1
3575690,1
3575696,1
3575694,1
3575695,1
3705037,0
1805089,1
3575675,1
3575677,1
1129396,1
3575679,1
778867,0
3575586,1
3698899,1
3575585,1
3704529,0
3698892,1
749728,1
3698894,1
3698897,1
3703196,0
736504,4
1157146,0
3693472,1
3575823,1
3234385,1
3696133,1
778840,2
778841,2
778842,1
778843,2
778844,40
778845,4
3924216,1
778847,2
778848,0
778849,7
3576960,0
5564248,1
3696485,0
3696487,0
6159839,1
5660599,0
3696489,1
1382219,1
3576372,1
1833956,1
777680,1
3698144,1
5436276,1
778768,1
3696621,1
3696261,1
3696263,1
3696267,1
871661,1
3581153,0
778735,1
608616,1
5862285,1
5579699,0
4528128,1
3630194,1
3696312,1
3576774,0
3576775,1
4506660,1
746570,0
1131772,1
3698565,1
1809543,1
5577161,1
3700429,0
778069,1
3700426,1
779645,0
3696865,1
6181322,1
1161423,1
778460,1
3576972,0
1619635,1
3576111,1
3576112,1
3576113,1
3576115,1
3698095,1
1806463,0
3696606,1
774753,0
1590191,1
3699947,1
3698149,1
1369230,1
778600,1
778601,2
3698142,1
3699781,1
3700733,0
3700736,1
3698093,0
3698094,1
725630,1
3705044,0
4444908,1
