0,105
1,64
2,1
3,0
4,0
5,1
6,0
8,0
9,0
10,1
12,1
14,1
15,1
16,1
17,0
18,1
21,1
23,1
24,0
25,1
26,1
27,1
28,0
29,1
30,1
31,1
32,1
33,1
35,1
36,0
37,2
38,1
39,2
40,1
41,1
42,0
43,0
46,2
47,0
49,0
51,0
53,0
55,1
56,1
57,1
58,1
59,1
60,2
61,0
62,2
64,0
66,1
67,1
70,0
71,1
72,0
76,1
77,0
78,0
80,1
81,2
83,1
84,1
85,0
86,0
88,0
89,2
90,1
91,0
93,1
95,1
96,0
97,1
98,0
99,2
100,1
101,1
102,0
103,1
104,1
106,0
107,1
108,1
111,1
112,0
113,1
114,2
115,0
117,1
118,1
120,1
121,2
122,1
123,0
125,1
128,1
129,1
130,2
131,0
133,2
136,1
138,1
139,1
140,1
141,1
142,1
143,1
144,1
145,1
146,2
147,1
148,0
149,1
152,1
153,1
154,1
155,0
156,0
157,1
158,1
160,0
162,1
163,1
164,0
165,1
166,0
167,1
168,2
170,0
173,1
174,0
177,1
178,1
179,1
180,0
181,2
182,1
183,2
186,0
187,2
188,1
189,1
190,1
191,1
192,1
193,1
195,1
196,1
197,1
198,1
199,2
200,0
201,0
202,1
203,1
205,1
207,1
208,0
209,1
210,1
211,0
212,2
213,1
214,0
215,1
216,0
218,1
219,0
221,0
222,1
223,1
224,1
226,0
227,1
229,0
231,1
232,1
235,1
237,0
239,1
240,2
241,0
243,0
245,1
246,2
248,1
249,2
250,1
251,1
253,0
254,1
255,2
256,1
257,1
258,1
260,1
261,1
262,0
263,1
264,1
266,0
267,1
268,1
270,0
271,1
272,0
273,0
275,0
277,1
278,1
279,0
280,0
281,0
282,0
283,0
284,2
285,1
286,1
287,1
288,0
292,1
