0,59
1,74
2,59
3,243
4,78
5,0
6,3
9,1
10,2
11,0
12,1
13,1
14,2
15,2
16,2
18,3
19,2
21,2
22,4
23,4
24,0
26,2
28,0
29,1
30,1
31,1
32,1
33,1
34,1
35,0
36,2
37,1
38,0
39,2
41,2
42,1
43,1
45,2
46,2
47,1
48,1
50,1
51,3
52,3
53,1
54,0
55,2
56,1
57,1
58,2
59,1
61,2
62,1
63,0
64,1
65,2
66,1
67,0
68,1
69,1
71,1
72,0
73,4
74,4
75,1
76,0
77,0
78,1
80,0
81,0
83,2
85,2
86,1
87,1
88,0
89,1
90,1
91,0
92,2
93,2
97,2
98,0
99,1
102,0
103,1
104,2
105,1
106,2
108,3
109,1
111,0
112,2
115,1
116,1
117,3
118,1
119,1
120,0
121,1
122,1
123,3
124,1
125,1
126,2
127,1
128,1
129,1
130,2
131,0
132,2
133,2
134,0
137,0
142,3
143,0
144,0
145,2
146,3
147,1
148,3
149,2
150,3
151,1
152,1
153,1
154,1
155,2
156,0
157,2
158,1
159,4
160,2
161,1
162,1
163,0
165,2
167,2
170,0
171,2
172,0
173,1
174,2
176,2
178,2
179,2
180,1
181,1
182,0
183,0
184,1
185,1
186,1
188,2
190,0
191,0
192,1
193,1
194,1
195,2
196,3
197,1
198,1
200,2
201,2
202,3
203,2
204,1
205,0
206,2
207,0
208,1
209,0
211,1
214,1
215,1
216,0
217,1
220,3
221,2
222,1
223,2
224,2
225,4
226,2
227,1
228,0
229,2
230,2
231,0
233,1
234,1
235,1
237,1
238,1
239,1
240,1
241,2
242,1
243,1
244,0
245,0
247,0
248,1
249,0
250,2
251,1
253,0
254,0
255,1
256,1
257,1
258,1
259,6
260,1
261,0
262,0
263,1
264,0
265,1
266,1
267,1
268,1
269,0
270,1
271,0
272,1
273,3
274,1
275,2
276,4
277,0
279,0
280,2
281,2
282,1
284,0
286,1
287,0
288,2
289,2
290,1
291,1
292,3
294,0
295,1
296,1
297,0
298,2
299,2
300,2
301,2
303,2
304,1
306,1
307,2
308,1
310,1
311,1
312,4
313,1
314,1
315,1
316,2
317,0
318,0
320,0
321,2
322,1
323,2
324,3
325,1
326,1
327,1
328,1
329,0
330,2
331,2
332,2
334,0
335,1
336,1
337,1
338,1
340,1
341,1
342,0
343,0
344,1
345,1
346,1
347,1
348,0
349,2
350,1
351,0
352,1
353,0
354,3
355,2
356,1
358,0
359,1
360,1
361,1
362,1
363,1
364,0
365,1
367,3
368,4
371,1
372,0
373,1
374,4
375,3
376,2
377,0
379,1
381,0
382,0
383,3
384,0
385,2
386,0
387,2
388,1
389,1
390,1
391,0
392,1
394,5
395,2
396,1
397,1
398,0
399,1
400,1
401,3
404,2
406,1
407,2
409,1
410,1
411,1
412,1
413,0
414,0
415,6
416,0
418,1
419,1
420,1
421,1
422,2
423,3
424,1
425,1
426,2
429,1
430,1
431,2
433,1
434,1
435,0
436,1
437,1
438,2
439,1
440,1
441,0
443,1
444,1
445,0
446,1
447,0
448,0
449,0
450,1
451,2
452,1
453,4
454,0
455,1
456,2
457,0
458,0
460,1
462,1
464,1
465,1
466,1
467,1
468,1
469,0
470,0
471,2
472,0
473,0
474,1
475,1
476,3
477,1
478,0
480,1
481,1
482,0
483,0
484,4
485,1
486,2
488,2
489,2
490,3
491,1
492,1
493,1
494,2
495,1
496,0
497,1
499,1
500,1
501,1
503,0
504,2
505,1
506,0
507,1
508,3
509,3
510,1
511,0
512,1
513,2
515,0
517,1
518,1
519,0
520,1
521,2
522,2
523,0
524,0
525,1
526,2
527,1
528,1
530,3
531,0
532,1
533,1
534,2
535,1
536,1
537,1
538,0
539,0
540,2
541,0
542,1
543,2
544,1
545,2
546,0
547,2
549,2
550,2
551,0
552,1
553,2
554,2
556,2
557,2
559,0
560,1
