0,0
1,0
2,0
3,2
4,0
5,3
6,1
7,1
8,3
9,2
10,0
11,1
12,2
13,1
14,1
15,0
16,3
17,4
18,2
19,2
20,1
21,2
22,0
23,1
24,2
25,1
26,0
27,0
28,2
29,1
30,1
31,3
32,4
33,3
34,1
35,6
36,2
37,4
38,1
39,1
40,0
41,0
42,2
43,3
44,2
45,0
46,1
47,1
48,3
49,0
50,2
51,1
52,1
53,2
54,0
55,4
56,1
57,0
58,2
59,1
60,0
61,0
62,1
63,1
64,2
65,4
66,2
67,0
68,0
69,0
70,3
71,0
72,0
73,3
74,2
75,3
76,2
77,4
78,1
79,3
80,2
81,1
82,1
83,0
84,2
85,1
86,1
87,2
88,2
89,0
90,3
91,0
92,2
93,1
94,1
95,2
96,1
97,1
98,2
99,2
100,0
101,1
102,3
103,2
104,1
105,4
106,1
107,2
108,0
109,2
110,2
111,1
112,0
113,0
114,0
115,1
116,3
117,1
118,1
119,0
120,1
121,0
122,1
123,3
124,0
125,2
126,0
127,1
128,3
129,2
130,0
131,1
132,1
133,1
134,2
135,3
136,0
137,2
138,1
139,1
140,1
141,2
142,2
143,5
144,1
145,2
146,2
147,3
148,3
149,0
150,2
151,1
152,1
153,1
154,5
155,1
156,3
157,3
158,0
159,0
160,0
161,0
162,0
163,0
164,0
165,3
166,4
167,0
168,1
169,1
170,4
171,0
172,0
173,2
174,1
175,2
176,3
177,1
178,1
179,5
180,2
181,1
182,2
183,1
184,0
185,4
186,0
187,2
188,3
189,3
190,1
191,1
192,0
193,5
194,3
195,1
196,3
197,1
198,0
199,1
200,2
201,2
202,2
203,2
204,1
205,3
206,2
207,3
208,1
209,3
210,1
211,0
212,1
213,1
214,3
215,2
216,2
217,0
218,1
219,0
220,1
221,2
222,4
223,2
224,2
225,2
226,3
227,2
228,0
229,1
230,2
231,1
232,0
233,2
234,1
235,0
236,1
237,1
238,0
239,0
240,0
241,2
242,5
243,0
244,0
245,2
246,1
247,1
248,1
249,1
250,3
251,0
252,1
253,0
254,3
255,1
256,2
257,2
258,1
259,0
260,0
261,1
262,2
263,6
264,2
265,1
266,3
267,4
268,2
269,0
270,1
271,1
272,3
273,3
274,0
275,0
276,1
277,3
278,0
279,2
280,1
281,0
282,1
283,2
284,0
285,0
286,0
287,0
288,2
289,2
290,1
291,4
292,0
293,0
294,0
295,1
296,1
297,1
298,2
299,1
300,1
301,2
302,2
303,1
304,0
305,0
306,0
307,2
308,2
309,0
310,2
311,1
312,0
313,2
314,1
315,1
316,4
317,1
318,1
319,2
320,4
321,2
322,0
323,0
324,4
325,0
326,1
327,2
328,2
329,2
330,2
331,0
332,1
333,1
334,2
335,0
336,2
337,0
338,4
339,3
340,0
341,0
342,1
343,1
344,3
345,1
346,1
347,0
348,2
349,1
350,0
351,0
352,0
353,2
354,0
355,1
356,3
357,1
358,3
359,1
360,4
361,2
362,0
363,3
364,1
365,1
366,4
367,3
368,0
369,2
370,1
371,1
372,1
373,3
374,0
375,0
376,3
377,1
378,3
379,1
380,1
381,2
382,3
383,3
384,1
385,1
386,4
387,3
388,1
389,1
390,2
391,0
392,1
393,4
394,2
395,0
396,2
397,0
398,0
399,5
400,2
401,3
402,1
403,2
404,0
405,1
406,1
407,2
408,0
409,2
410,2
411,1
412,1
413,2
414,2
415,2
416,0
417,1
418,2
419,0
420,2
421,4
422,1
423,3
424,1
425,1
426,2
427,2
428,3
429,2
430,2
431,1
432,1
433,4
434,2
435,1
436,1
437,2
438,2
439,1
440,3
441,2
442,2
443,3
444,3
445,2
446,0
447,0
448,1
449,1
450,3
451,1
452,2
453,2
454,0
455,0
456,0
457,0
458,6
459,2
460,2
461,1
462,2
463,1
464,1
465,4
466,2
467,2
468,2
469,3
470,2
471,0
472,3
473,3
474,1
475,1
476,1
477,1
478,0
479,2
480,0
481,1
482,2
483,2
484,2
485,0
486,1
487,0
488,2
489,1
490,3
491,2
492,2
493,3
494,2
495,2
496,2
497,1
498,4
499,1
500,2
501,2
502,1
503,1
504,2
505,0
506,6
507,4
508,3
509,2
510,0
511,0
512,2
513,2
514,1
515,0
516,0
517,4
518,2
519,0
520,1
521,1
522,2
523,2
524,0
525,2
526,3
527,0
528,0
529,1
530,1
531,1
532,2
533,0
534,1
535,2
536,0
537,0
538,2
539,2
540,2
541,0
542,4
543,2
544,0
545,0
546,3
547,2
548,1
549,2
550,2
551,2
552,2
553,0
554,0
555,1
556,1
557,2
558,3
559,2
560,0
561,3
562,1
563,4
564,0
565,0
566,6
567,0
568,3
569,3
570,1
571,2
572,0
573,5
574,1
575,2
576,2
577,1
578,1
579,1
580,3
581,4
582,0
583,0
584,0
585,1
586,1
587,1
588,3
589,1
590,2
591,1
592,4
593,0
594,0
595,2
596,2
597,0
598,3
599,3
600,1
601,0
602,1
603,0
604,3
605,0
606,1
607,0
608,1
609,2
610,1
611,2
612,0
613,1
614,1
615,2
616,0
617,4
618,3
619,1
620,0
621,3
622,0
623,1
624,2
625,0
626,1
627,2
628,1
629,1
630,1
631,3
632,3
633,2
634,2
635,2
636,0
637,1
638,2
639,1
640,3
641,4
642,3
643,2
644,1
645,2
646,0
647,0
648,1
649,1
650,1
651,2
652,1
653,0
654,1
655,3
656,0
657,2
658,3
659,1
660,0
661,3
662,0
663,1
664,1
665,2
666,0
667,1
668,1
669,0
670,3
671,0
672,1
673,1
674,1
675,1
676,3
677,2
678,4
679,2
680,2
681,0
682,1
683,2
684,1
685,3
686,2
687,2
688,0
689,1
690,5
691,1
692,2
693,3
694,0
695,2
696,2
697,3
698,2
699,0
700,1
701,2
702,1
703,3
704,0
705,1
706,1
707,0
708,1
709,0
710,1
711,2
712,0
713,0
714,2
715,1
716,2
717,0
718,2
719,2
720,2
721,2
722,0
723,3
724,1
725,1
726,4
727,0
728,2
729,2
730,3
731,2
732,3
733,2
734,2
735,1
736,2
737,2
738,1
739,0
740,2
741,2
742,1
743,1
744,0
745,2
746,0
747,2
748,3
749,2
750,3
751,1
752,4
753,3
754,2
755,5
756,1
757,2
758,3
759,1
760,2
761,1
762,0
763,2
764,3
765,0
766,5
767,2
768,1
769,1
770,1
771,1
772,0
773,1
774,0
775,2
776,3
777,0
778,0
779,2
780,3
781,1
782,1
783,3
784,0
785,2
786,1
787,3
788,4
789,2
790,1
791,3
792,1
793,2
794,3
795,3
796,3
797,2
798,0
799,1
800,4
801,1
802,0
803,0
804,1
805,1
806,1
807,2
808,3
809,2
810,0
811,0
812,1
813,2
814,1
815,1
816,3
817,0
818,1
819,0
820,1
821,3
822,1
823,0
824,1
825,4
826,2
827,2
828,0
829,0
830,2
831,1
832,2
833,4
834,1
835,1
836,3
837,4
838,1
839,3
840,0
841,1
842,3
843,1
844,3
845,2
846,1
847,2
848,0
849,3
850,1
851,2
852,3
853,1
854,0
855,0
856,1
857,3
858,1
859,0
860,1
861,1
862,2
863,0
864,0
865,2
866,1
867,3
868,1
869,2
870,1
871,2
872,2
873,0
874,1
875,3
876,2
877,4
878,3
879,1
880,2
881,3
882,1
883,2
884,3
885,2
886,0
887,0
888,3
889,0
890,1
891,3
892,0
893,1
894,0
895,1
896,2
897,3
898,1
899,1
900,3
901,1
902,0
903,3
904,1
905,1
906,2
907,0
908,1
909,1
910,0
911,5
912,0
913,1
914,0
915,0
916,5
917,0
918,3
919,1
920,3
921,2
922,3
923,4
924,1
925,5
926,3
927,1
928,2
929,3
930,1
931,1
932,4
933,4
934,1
935,2
936,2
937,3
938,1
939,1
940,1
941,0
942,0
943,2
944,2
945,2
946,1
947,2
948,1
949,1
950,1
951,2
952,0
953,2
954,2
955,0
956,1
957,2
958,0
959,0
960,1
961,0
962,2
963,1
964,0
965,3
966,1
967,2
968,0
969,2
970,3
971,0
972,2
973,0
974,2
975,2
976,1
977,2
978,2
979,1
980,0
981,1
982,0
983,0
984,1
985,0
986,0
987,0
988,1
989,1
990,1
991,2
992,2
993,2
994,3
995,1
996,2
997,1
998,0
999,5
1000,1
1001,2
1002,0
1003,0
1004,1
1005,3
1006,1
1007,0
1008,0
1009,0
1010,2
1011,1
1012,3
1013,1
1014,2
1015,1
1016,1
1017,1
1018,2
1019,1
1020,1
1021,2
1022,1
1023,1
1024,1
1025,0
1026,0
1027,0
1028,1
1029,0
1030,1
1031,1
1032,2
1033,0
1034,1
1035,0
1036,2
1037,1
1038,2
1039,1
1040,3
1041,0
1042,0
1043,2
1044,2
1045,0
1046,0
1047,1
1048,0
1049,0
1050,1
1051,2
1052,3
1053,2
1054,1
1055,4
1056,0
1057,2
1058,2
1059,0
1060,1
1061,2
1062,2
1063,2
1064,2
1065,2
1066,5
1067,3
1068,2
1069,0
1070,3
1071,0
1072,1
1073,0
1074,0
1075,2
1076,4
1077,0
1078,2
1079,3
1080,0
1081,3
1082,2
1083,1
1084,2
1085,0
1086,0
1087,0
1088,1
1089,2
1090,1
1091,1
1092,1
1093,2
1094,1
1095,0
1096,1
1097,1
1098,2
1099,2
1100,5
1101,3
1102,3
1103,3
1104,2
1105,1
1106,1
1107,1
1108,1
1109,1
1110,1
1111,1
1112,1
1113,1
1114,1
1115,1
1116,2
1117,2
1118,2
1119,0
1120,1
1121,0
1122,2
1123,1
1124,0
1125,1
1126,1
1127,2
1128,3
1129,1
1130,2
1131,2
1132,0
1133,1
1134,1
1135,0
1136,3
1137,2
1138,1
1139,3
1140,4
1141,0
1142,3
1143,1
1144,1
1145,1
1146,2
1147,2
1148,0
1149,2
1150,1
1151,2
1152,4
1153,3
1154,1
1155,2
1156,1
1157,1
1158,0
1159,3
1160,1
1161,1
1162,0
1163,1
1164,1
1165,3
1166,1
1167,0
1168,2
1169,0
1170,1
1171,0
1172,1
1173,1
1174,3
1175,3
1176,2
1177,3
1178,3
1179,4
1180,2
1181,2
1182,0
1183,0
1184,3
1185,1
1186,3
1187,1
1188,1
1189,2
1190,0
1191,1
1192,0
1193,0
1194,3
1195,2
1196,0
1197,2
1198,2
1199,2
1200,1
1201,1
1202,2
1203,2
1204,4
1205,2
1206,0
1207,2
1208,3
1209,2
1210,2
1211,1
1212,3
1213,1
1214,2
1215,5
1216,0
1217,1
1218,3
1219,3
1220,2
1221,2
1222,4
1223,0
1224,0
1225,0
1226,1
1227,3
1228,0
1229,0
1230,1
1231,3
1232,3
1233,0
1234,0
1235,1
1236,1
1237,0
1238,0
1239,0
1240,1
1241,2
1242,2
1243,2
1244,0
1245,1
1246,2
1247,4
1248,0
1249,1
1250,4
1251,0
1252,1
1253,1
1254,1
1255,2
1256,2
1257,0
1258,2
1259,1
1260,0
1261,3
1262,2
1263,3
1264,2
1265,1
1266,3
1267,2
1268,1
1269,1
1270,4
1271,0
1272,3
1273,1
1274,0
1275,1
1276,2
1277,0
1278,2
1279,2
1280,1
1281,0
1282,1
1283,2
1284,1
1285,1
1286,1
1287,2
1288,3
1289,2
1290,3
1291,3
1292,1
1293,2
1294,1
1295,1
1296,3
1297,3
1298,0
1299,1
1300,6
1301,2
1302,5
1303,1
1304,2
1305,1
1306,1
1307,0
1308,0
1309,1
1310,2
1311,1
1312,3
1313,0
1314,2
1315,3
1316,1
1317,3
1318,1
1319,3
1320,3
1321,0
1322,3
1323,1
1324,0
1325,2
1326,1
1327,1
1328,2
1329,0
1330,4
1331,0
1332,1
1333,3
1334,1
1335,2
1336,1
1337,1
1338,2
1339,1
1340,2
1341,1
1342,3
1343,2
1344,4
1345,0
1346,3
1347,1
1348,3
1349,0
1350,0
1351,2
1352,0
1353,0
1354,4
1355,0
1356,0
1357,1
1358,1
1359,2
1360,4
1361,0
1362,2
1363,0
1364,1
1365,2
1366,0
1367,1
1368,2
1369,0
1370,2
1371,3
1372,2
1373,1
1374,1
1375,1
1376,3
1377,2
1378,2
1379,2
1380,1
1381,0
1382,0
1383,2
1384,0
1385,0
1386,1
1387,1
1388,2
1389,2
1390,0
1391,0
1392,2
1393,0
1394,1
1395,1
1396,0
1397,3
1398,2
1399,1
1400,3
1401,2
1402,3
1403,0
1404,2
1405,2
1406,1
1407,0
1408,1
1409,1
1410,1
1411,0
1412,3
1413,4
1414,0
1415,0
1416,1
1417,0
1418,4
1419,1
1420,0
1421,1
1422,0
1423,0
1424,2
1425,2
1426,3
1427,1
1428,2
1429,0
1430,0
1431,1
1432,0
1433,0
1434,1
1435,2
1436,0
1437,3
1438,1
1439,2
1440,0
1441,4
1442,0
1443,2
1444,0
1445,2
1446,1
1447,0
1448,1
1449,3
1450,2
1451,2
1452,3
1453,0
1454,0
1455,0
1456,2
1457,1
1458,0
1459,3
1460,2
1461,2
1462,1
1463,3
1464,2
1465,0
1466,1
1467,0
1468,2
1469,1
1470,1
1471,2
1472,1
1473,0
1474,1
1475,2
1476,2
1477,2
1478,1
1479,2
1480,3
1481,2
1482,1
1483,2
1484,1
1485,0
1486,2
1487,3
1488,1
1489,0
1490,1
1491,1
1492,1
1493,1
1494,1
1495,1
1496,2
1497,1
1498,3
1499,2
1500,2
1501,2
1502,3
1503,3
1504,1
1505,3
1506,1
1507,0
1508,5
1509,2
1510,1
1511,1
1512,2
1513,2
1514,1
1515,1
1516,0
1517,0
1518,2
1519,0
1520,2
1521,0
1522,2
1523,0
1524,2
1525,1
1526,2
1527,3
1528,4
1529,0
1530,0
1531,2
1532,2
1533,0
1534,1
1535,1
1536,2
1537,2
1538,1
1539,1
1540,2
1541,1
1542,2
1543,1
1544,0
1545,2
1546,4
1547,0
1548,2
1549,0
1550,2
1551,1
1552,1
1553,1
1554,1
1555,0
1556,1
1557,3
1558,2
1559,2
1560,3
1561,0
1562,2
1563,2
1564,3
1565,3
1566,5
1567,2
1568,2
1569,1
1570,1
1571,1
1572,1
1573,1
1574,0
1575,4
1576,2
1577,2
1578,2
1579,1
1580,1
1581,4
1582,1
1583,0
1584,2
1585,2
1586,0
1587,0
1588,2
1589,0
1590,0
1591,2
1592,1
1593,2
1594,0
1595,1
1596,1
1597,1
1598,1
1599,2
1600,2
1601,1
1602,4
1603,3
1604,0
1605,2
1606,0
1607,4
1608,0
1609,2
1610,0
1611,2
1612,2
1613,0
1614,1
1615,2
1616,1
1617,2
1618,3
1619,1
1620,0
1621,0
1622,2
1623,0
1624,4
1625,1
1626,0
1627,2
1628,0
1629,2
1630,2
1631,1
1632,0
1633,3
1634,0
1635,1
1636,2
1637,5
1638,1
1639,0
1640,1
1641,0
1642,2
1643,4
1644,4
1645,0
1646,1
1647,2
1648,2
1649,1
1650,0
1651,1
1652,3
1653,0
1654,4
1655,1
1656,2
1657,2
1658,1
1659,0
1660,3
1661,2
1662,1
1663,2
1664,1
1665,5
1666,0
1667,0
1668,0
1669,0
1670,1
1671,1
1672,1
1673,1
1674,0
1675,1
1676,0
1677,1
1678,0
1679,0
1680,3
1681,3
1682,3
1683,2
1684,2
1685,3
1686,2
1687,5
1688,1
1689,3
1690,0
1691,2
1692,1
1693,0
1694,0
1695,1
1696,1
1697,1
1698,2
1699,2
1700,2
1701,2
1702,5
1703,2
1704,4
1705,0
1706,1
1707,2
1708,4
1709,3
1710,1
1711,4
1712,2
1713,1
1714,3
1715,0
1716,0
1717,2
1718,1
1719,2
1720,1
1721,0
1722,1
1723,1
1724,0
1725,4
1726,1
1727,0
1728,0
1729,6
1730,0
1731,1
1732,0
1733,1
1734,2
1735,0
1736,1
1737,2
1738,2
1739,4
1740,1
1741,3
1742,0
1743,1
1744,1
1745,4
1746,4
1747,1
1748,4
1749,3
1750,2
1751,0
1752,2
1753,1
1754,1
1755,1
1756,0
1757,1
1758,1
1759,3
1760,1
1761,1
1762,2
1763,0
1764,1
1765,3
1766,1
1767,1
1768,3
1769,4
1770,1
1771,1
1772,1
1773,0
1774,1
1775,1
1776,1
1777,3
1778,3
1779,1
1780,0
1781,1
1782,1
1783,1
1784,2
1785,1
1786,3
1787,3
1788,4
1789,1
1790,0
1791,0
1792,4
1793,1
1794,0
1795,2
1796,0
1797,3
1798,2
1799,0
1800,2
1801,4
1802,1
1803,4
1804,0
1805,3
1806,1
1807,1
1808,1
1809,2
1810,1
1811,4
1812,2
1813,1
1814,1
1815,1
1816,2
1817,1
1818,0
1819,5
1820,0
1821,2
1822,1
1823,1
1824,2
1825,2
1826,8
1827,3
1828,2
1829,5
1830,1
1831,0
1832,2
1833,0
1834,1
1835,1
1836,0
1837,2
1838,1
1839,1
1840,2
1841,0
1842,1
1843,1
1844,1
1845,0
1846,1
1847,2
1848,2
1849,0
1850,1
1851,2
1852,0
1853,1
1854,2
1855,1
1856,1
1857,2
1858,1
1859,1
1860,3
1861,2
1862,3
1863,0
1864,2
1865,4
1866,1
1867,4
1868,0
1869,0
1870,1
1871,1
1872,0
1873,1
1874,4
1875,4
1876,1
1877,1
1878,4
1879,1
1880,2
1881,2
1882,1
1883,1
1884,0
1885,0
1886,1
1887,1
1888,3
1889,3
1890,2
1891,3
1892,2
1893,2
1894,5
1895,5
1896,1
1897,3
1898,4
1899,1
1900,0
1901,1
1902,2
1903,1
1904,1
1905,0
1906,2
1907,0
1908,2
1909,1
1910,2
1911,1
1912,0
1913,1
1914,2
1915,0
1916,1
1917,1
1918,3
1919,3
1920,1
1921,4
1922,2
1923,3
1924,3
1925,1
1926,3
1927,2
1928,1
1929,0
1930,4
1931,2
1932,2
1933,0
1934,0
1935,4
1936,2
1937,2
1938,2
1939,0
1940,0
1941,3
1942,0
1943,3
1944,2
1945,1
1946,5
1947,1
1948,0
1949,0
1950,3
1951,2
1952,1
1953,2
1954,1
1955,2
1956,2
1957,1
1958,0
1959,1
1960,1
1961,0
1962,2
1963,2
1964,1
1965,1
1966,2
1967,2
1968,2
1969,3
1970,3
1971,2
1972,0
1973,1
1974,2
1975,2
1976,1
1977,0
1978,1
1979,1
1980,0
1981,1
1982,2
1983,2
1984,2
1985,3
1986,0
1987,1
1988,5
1989,5
1990,1
1991,0
1992,2
1993,3
1994,1
1995,1
1996,2
1997,1
1998,0
1999,3
2000,2
2001,4
2002,3
2003,3
2004,1
2005,0
2006,2
2007,2
2008,1
2009,0
2010,0
2011,1
2012,1
2013,3
2014,2
2015,1
2016,1
2017,1
2018,2
2019,1
2020,1
2021,2
2022,1
2023,0
2024,1
2025,4
2026,1
2027,4
2028,0
2029,3
2030,0
2031,0
2032,0
2033,1
2034,1
2035,4
2036,1
2037,2
2038,1
2039,4
2040,3
2041,2
2042,2
2043,1
2044,0
2045,5
2046,2
2047,2
2048,1
2049,1
2050,1
2051,1
2052,0
2053,3
2054,3
2055,2
2056,1
2057,2
2058,2
2059,0
2060,0
2061,4
2062,2
2063,2
2064,0
2065,1
2066,2
2067,1
2068,2
2069,1
2070,2
2071,1
2072,3
2073,3
2074,2
2075,1
2076,3
2077,0
2078,0
2079,1
2080,1
2081,1
2082,1
2083,3
2084,3
2085,1
2086,0
2087,0
2088,0
2089,0
2090,0
2091,2
2092,0
2093,0
2094,1
2095,2
2096,1
2097,2
2098,0
2099,0
2100,1
2101,2
2102,2
2103,6
2104,0
2105,4
2106,5
2107,1
2108,3
2109,0
2110,1
2111,1
2112,3
2113,2
2114,2
2115,0
2116,2
2117,2
2118,3
2119,2
2120,3
2121,2
2122,0
2123,0
2124,0
2125,1
2126,4
2127,3
2128,2
2129,1
2130,2
2131,1
2132,2
2133,3
2134,0
2135,0
2136,3
2137,3
2138,3
2139,0
2140,2
2141,2
2142,2
2143,3
2144,0
2145,0
2146,0
2147,0
2148,2
2149,1
2150,1
2151,1
2152,0
2153,0
2154,1
2155,3
2156,2
2157,0
2158,1
2159,2
2160,1
2161,2
2162,2
2163,0
2164,2
2165,3
2166,1
2167,1
2168,2
2169,0
2170,5
2171,0
2172,1
2173,1
2174,1
2175,0
2176,2
2177,3
2178,1
2179,0
2180,2
2181,0
2182,2
2183,2
2184,0
2185,1
2186,2
2187,1
2188,5
2189,1
2190,0
2191,3
2192,0
2193,1
2194,2
2195,0
2196,2
2197,3
2198,0
2199,0
2200,2
2201,0
2202,1
2203,4
2204,0
2205,0
2206,2
2207,1
2208,2
2209,1
2210,3
2211,3
2212,3
2213,3
2214,0
2215,1
2216,3
2217,0
2218,2
2219,3
2220,0
2221,3
2222,2
2223,0
2224,1
2225,2
2226,2
2227,0
2228,0
2229,1
2230,0
2231,3
2232,2
2233,2
2234,1
2235,2
2236,1
2237,0
2238,3
2239,2
2240,2
2241,3
2242,1
2243,0
2244,2
2245,0
2246,1
2247,2
2248,1
2249,1
2250,2
2251,3
2252,3
2253,3
2254,0
2255,0
2256,4
2257,1
2258,3
2259,3
2260,0
2261,3
2262,0
2263,2
2264,1
2265,0
2266,6
2267,4
2268,1
2269,1
2270,3
2271,1
2272,0
2273,4
2274,1
2275,1
2276,2
2277,1
2278,0
2279,3
2280,0
2281,2
2282,3
2283,0
2284,4
2285,0
2286,1
2287,2
2288,3
2289,1
2290,1
2291,3
2292,1
2293,1
2294,5
2295,2
2296,0
2297,1
2298,2
2299,0
2300,0
2301,3
2302,2
2303,2
2304,3
2305,0
2306,1
2307,1
2308,1
2309,3
2310,0
2311,2
2312,1
2313,4
2314,1
2315,3
2316,0
2317,1
2318,1
2319,2
2320,2
2321,1
2322,4
2323,1
2324,3
2325,0
2326,2
2327,2
2328,1
2329,2
2330,1
2331,0
2332,2
2333,0
2334,0
2335,4
2336,2
2337,3
2338,2
2339,0
2340,2
2341,1
2342,1
2343,1
2344,0
2345,1
2346,1
2347,2
2348,3
2349,1
2350,1
2351,1
2352,2
2353,2
2354,0
2355,2
2356,1
2357,0
2358,1
2359,1
2360,1
2361,2
2362,3
2363,0
2364,0
2365,3
2366,1
2367,0
2368,2
2369,0
2370,2
2371,0
2372,0
2373,3
2374,0
2375,2
2376,2
2377,2
2378,2
2379,1
2380,1
2381,1
2382,5
2383,1
2384,2
2385,2
2386,0
2387,0
2388,2
2389,1
2390,0
2391,2
2392,0
2393,5
2394,1
2395,1
2396,4
2397,1
2398,2
2399,2
2400,0
2401,1
2402,1
2403,2
2404,1
2405,2
2406,1
2407,3
2408,3
2409,2
2410,2
2411,0
2412,0
2413,1
2414,4
2415,0
2416,3
2417,2
2418,1
2419,2
2420,5
2421,0
2422,1
2423,2
2424,0
2425,1
2426,3
2427,2
2428,1
2429,0
2430,1
2431,0
2432,0
2433,2
2434,1
2435,1
2436,1
2437,1
2438,1
2439,2
2440,0
2441,1
2442,0
2443,1
2444,1
2445,2
2446,2
2447,2
2448,2
2449,1
2450,1
2451,1
2452,1
2453,1
2454,1
2455,1
2456,1
2457,1
2458,2
2459,1
2460,3
2461,1
2462,1
2463,2
2464,4
2465,2
2466,1
2467,3
2468,4
2469,2
2470,2
2471,2
2472,6
2473,3
2474,3
2475,1
2476,1
2477,1
2478,1
2479,1
2480,1
2481,1
2482,1
2483,4
2484,2
2485,1
2486,2
2487,1
2488,3
2489,2
2490,1
2491,3
2492,1
2493,3
2494,1
2495,0
2496,1
2497,3
2498,1
2499,2
2500,2
2501,1
2502,0
2503,2
2504,1
2505,3
2506,2
2507,1
2508,2
2509,1
2510,2
2511,4
2512,2
2513,1
2514,2
2515,1
2516,0
2517,0
2518,0
2519,2
2520,1
2521,0
2522,1
2523,2
2524,2
2525,2
2526,2
2527,3
2528,2
2529,0
2530,0
2531,2
2532,0
2533,1
2534,3
2535,0
2536,4
2537,0
2538,2
2539,1
2540,2
2541,0
2542,6
2543,1
2544,1
2545,1
2546,2
2547,1
2548,3
2549,1
2550,0
2551,0
2552,1
2553,0
2554,0
2555,0
2556,1
2557,0
2558,1
2559,0
2560,2
2561,1
2562,4
2563,1
2564,3
2565,3
2566,2
2567,0
2568,1
2569,2
2570,1
2571,0
2572,2
2573,2
2574,2
2575,0
2576,1
2577,0
2578,0
2579,1
2580,0
2581,1
2582,0
2583,0
2584,1
2585,1
2586,1
2587,0
2588,2
2589,2
2590,1
2591,2
2592,1
2593,1
2594,0
2595,1
2596,1
2597,2
2598,0
2599,3
2600,0
2601,3
2602,5
2603,2
2604,0
2605,2
2606,3
2607,2
2608,1
2609,5
2610,0
2611,4
2612,1
2613,0
2614,2
2615,0
2616,1
2617,0
2618,0
2619,1
2620,1
2621,0
2622,1
2623,1
2624,0
2625,1
2626,3
2627,1
2628,2
2629,1
2630,2
2631,3
2632,1
2633,1
2634,2
2635,2
2636,1
2637,1
2638,2
2639,0
2640,1
2641,0
2642,2
2643,2
2644,1
2645,2
2646,3
2647,2
2648,4
2649,6
2650,2
2651,1
2652,3
2653,1
2654,2
2655,0
2656,3
2657,3
2658,1
2659,2
2660,0
2661,0
2662,3
2663,1
2664,2
2665,0
2666,2
2667,1
2668,0
2669,2
2670,2
2671,2
2672,2
2673,0
2674,0
2675,2
2676,3
2677,1
2678,4
2679,1
2680,3
2681,0
2682,0
2683,0
2684,2
2685,3
2686,4
2687,0
2688,5
2689,1
2690,4
2691,2
2692,2
2693,1
2694,0
2695,3
2696,2
2697,2
2698,1
2699,0
2700,3
2701,0
2702,1
2703,2
2704,2
2705,0
2706,2
2707,0
2708,1
2709,1
2710,2
2711,1
2712,0
2713,1
2714,3
2715,0
2716,1
2717,2
2718,3
2719,2
2720,0
2721,0
2722,1
2723,2
2724,2
2725,1
2726,1
2727,2
2728,3
2729,4
2730,1
2731,5
2732,2
2733,1
2734,2
2735,5
2736,3
2737,0
2738,0
2739,2
2740,4
2741,0
2742,0
2743,0
2744,0
2745,4
2746,1
2747,0
2748,0
2749,3
2750,1
2751,2
2752,0
2753,3
2754,1
2755,3
2756,4
2757,3
2758,1
2759,1
2760,2
2761,3
2762,1
2763,2
2764,3
2765,2
2766,0
2767,0
2768,1
2769,3
2770,1
2771,0
2772,0
2773,2
2774,2
2775,1
2776,1
2777,1
2778,2
2779,0
2780,0
2781,0
2782,4
2783,3
2784,3
2785,2
2786,0
2787,2
2788,1
2789,3
2790,2
2791,3
2792,1
2793,0
2794,0
2795,2
2796,3
2797,1
2798,0
2799,1
2800,3
2801,0
2802,0
2803,0
2804,1
2805,1
2806,1
2807,2
2808,3
2809,1
2810,2
2811,0
2812,4
2813,0
2814,1
2815,1
2816,1
2817,0
2818,1
2819,1
2820,0
2821,2
2822,2
2823,1
2824,3
2825,4
2826,1
2827,3
2828,4
2829,4
2830,0
2831,1
2832,1
2833,2
2834,1
2835,1
2836,1
2837,2
2838,0
2839,0
2840,0
2841,2
2842,1
2843,0
2844,2
2845,1
2846,2
2847,1
2848,1
2849,1
2850,0
2851,1
2852,2
2853,3
2854,3
2855,2
2856,2
2857,1
2858,1
2859,4
2860,0
2861,1
2862,3
2863,1
2864,1
2865,1
2866,0
2867,1
2868,1
2869,0
2870,2
2871,1
2872,1
2873,2
2874,1
2875,2
2876,4
2877,2
2878,0
2879,2
2880,0
2881,0
2882,3
2883,2
2884,3
2885,2
2886,2
2887,1
2888,0
2889,0
2890,1
2891,1
2892,1
2893,0
2894,1
2895,2
2896,0
2897,0
2898,0
2899,1
2900,0
2901,5
2902,2
2903,0
2904,3
2905,3
2906,0
2907,1
2908,4
2909,1
2910,1
2911,3
2912,3
2913,2
2914,1
2915,5
2916,0
2917,1
2918,0
2919,1
2920,2
2921,1
2922,0
2923,0
2924,1
2925,3
2926,4
2927,1
2928,2
2929,0
2930,1
2931,2
2932,2
2933,3
2934,1
2935,1
2936,1
2937,2
2938,0
2939,0
2940,2
2941,1
2942,2
2943,0
2944,1
2945,2
2946,0
2947,1
2948,1
2949,1
2950,2
2951,2
2952,1
2953,1
2954,0
2955,3
2956,1
2957,0
2958,3
2959,0
2960,3
2961,3
2962,1
2963,0
2964,2
2965,1
2966,0
2967,1
2968,1
2969,0
2970,1
2971,1
2972,2
2973,2
2974,2
2975,2
2976,2
2977,1
2978,2
2979,1
2980,3
2981,6
2982,1
2983,0
2984,2
2985,3
2986,2
2987,0
2988,4
2989,2
2990,4
2991,1
2992,2
2993,1
2994,1
2995,1
2996,0
2997,0
2998,1
2999,2
3000,1
3001,0
3002,2
3003,1
3004,1
3005,0
3006,1
3007,3
3008,0
3009,1
3010,0
3011,1
3012,0
3013,1
3014,0
3015,2
3016,0
3017,2
3018,1
3019,2
3020,4
3021,1
3022,1
3023,1
3024,1
3025,2
3026,0
3027,2
3028,3
3029,1
3030,1
3031,1
3032,1
3033,1
3034,1
3035,0
3036,5
3037,3
3038,0
3039,2
3040,0
3041,2
3042,2
3043,0
3044,4
3045,2
3046,2
3047,1
3048,2
3049,0
3050,2
3051,1
3052,0
3053,1
3054,4
3055,2
3056,0
3057,0
3058,0
3059,2
3060,1
3061,0
3062,2
3063,0
3064,2
3065,1
3066,2
3067,1
3068,3
3069,1
3070,2
3071,3
3072,0
3073,0
3074,2
3075,1
3076,2
3077,1
3078,1
3079,1
3080,1
3081,1
3082,1
3083,3
3084,2
3085,3
3086,1
3087,1
3088,0
3089,1
3090,2
3091,1
3092,1
3093,0
3094,1
3095,1
3096,1
3097,2
3098,0
3099,1
3100,0
3101,2
3102,3
3103,0
3104,0
3105,3
3106,1
3107,1
3108,1
3109,1
3110,1
3111,1
3112,3
3113,1
3114,0
3115,0
3116,2
3117,1
3118,2
3119,3
3120,0
3121,0
3122,3
3123,2
3124,2
3125,1
3126,3
3127,1
3128,0
3129,1
3130,2
3131,0
3132,1
3133,3
3134,3
3135,1
3136,2
3137,1
3138,1
3139,2
3140,0
3141,1
3142,3
3143,0
3144,0
3145,1
3146,5
3147,1
3148,2
3149,3
3150,1
3151,1
3152,0
3153,4
3154,1
3155,2
3156,2
3157,5
3158,3
3159,4
3160,3
3161,2
3162,2
3163,1
3164,1
3165,3
3166,2
3167,1
3168,3
3169,1
3170,2
3171,1
3172,0
3173,2
3174,0
3175,1
3176,0
3177,4
3178,1
3179,0
3180,1
3181,2
3182,0
3183,1
3184,0
3185,0
3186,2
3187,0
3188,4
3189,3
3190,1
3191,1
3192,1
3193,2
3194,0
3195,1
3196,1
3197,2
3198,1
3199,1
3200,3
3201,1
3202,1
3203,5
3204,2
3205,2
3206,0
3207,1
3208,0
3209,1
3210,1
3211,5
3212,2
3213,5
3214,2
3215,2
3216,2
3217,1
3218,2
3219,3
3220,0
3221,0
3222,1
3223,2
3224,3
3225,2
3226,1
3227,1
3228,2
3229,5
3230,2
3231,1
3232,0
3233,1
3234,0
3235,2
3236,1
3237,0
3238,2
3239,1
3240,3
3241,0
3242,3
3243,1
3244,1
3245,1
3246,0
3247,1
3248,2
3249,2
3250,1
3251,1
3252,3
3253,1
3254,1
3255,1
3256,3
3257,3
3258,0
3259,0
3260,3
3261,1
3262,2
3263,1
3264,3
3265,3
3266,3
3267,1
3268,2
3269,4
3270,1
3271,2
3272,3
3273,0
3274,0
3275,0
3276,0
3277,1
3278,2
3279,0
3280,3
3281,0
3282,1
3283,1
3284,1
3285,1
3286,1
3287,4
3288,0
3289,1
3290,3
3291,3
3292,0
3293,0
3294,1
3295,2
3296,2
3297,2
3298,3
3299,1
3300,2
3301,0
3302,2
3303,0
3304,1
3305,1
3306,3
3307,1
3308,2
3309,1
3310,0
3311,1
3312,2
3313,6
3314,1
3315,0
3316,2
3317,2
3318,4
3319,2
3320,2
3321,0
3322,1
3323,0
3324,0
3325,4
3326,0
3327,3
3328,3
3329,1
3330,1
3331,0
3332,1
3333,1
3334,1
3335,2
3336,0
3337,2
3338,1
3339,1
3340,2
3341,5
3342,4
3343,2
3344,4
3345,3
3346,1
3347,0
3348,1
3349,2
3350,1
3351,0
3352,1
3353,1
3354,2
3355,2
3356,1
3357,0
3358,1
3359,3
3360,3
3361,2
3362,3
3363,1
3364,2
3365,1
3366,2
3367,4
3368,2
3369,1
3370,2
3371,3
3372,1
3373,2
3374,1
3375,2
3376,5
3377,1
3378,0
3379,1
3380,0
3381,1
3382,3
3383,1
3384,1
3385,2
3386,1
3387,1
3388,2
3389,0
3390,2
3391,5
3392,2
3393,3
3394,0
3395,1
3396,1
3397,1
3398,3
3399,2
3400,2
3401,1
3402,5
3403,3
3404,1
3405,1
3406,3
3407,2
3408,3
3409,2
3410,1
3411,0
3412,1
3413,3
3414,4
3415,0
3416,2
3417,0
3418,1
3419,0
3420,1
3421,2
3422,2
3423,2
3424,2
3425,1
3426,0
3427,3
3428,2
3429,1
3430,0
3431,3
3432,2
3433,0
3434,2
3435,0
3436,1
3437,1
3438,0
3439,0
3440,0
3441,1
3442,0
3443,3
3444,3
3445,2
3446,2
3447,2
3448,2
3449,1
3450,0
3451,0
3452,2
3453,0
3454,4
3455,0
3456,0
3457,2
3458,0
3459,0
3460,2
3461,3
3462,2
3463,2
3464,0
3465,1
3466,3
3467,0
3468,2
3469,0
3470,0
3471,1
3472,2
3473,3
3474,1
3475,1
3476,2
3477,1
3478,1
3479,2
3480,2
3481,1
3482,3
3483,2
3484,1
3485,2
3486,4
3487,2
3488,2
3489,3
3490,1
3491,1
3492,1
3493,1
3494,1
3495,2
3496,1
3497,1
3498,4
3499,2
3500,4
3501,2
3502,1
3503,0
3504,3
3505,0
3506,1
3507,2
3508,3
3509,0
3510,0
3511,2
3512,3
3513,2
3514,3
3515,3
3516,2
3517,3
3518,0
3519,2
3520,1
3521,1
3522,3
3523,3
3524,0
3525,3
3526,1
3527,3
3528,1
3529,0
3530,0
3531,2
3532,3
3533,1
3534,0
3535,1
3536,0
3537,1
3538,2
3539,1
3540,3
3541,1
3542,2
3543,0
3544,1
3545,2
3546,1
3547,1
3548,3
3549,0
3550,2
3551,3
3552,2
3553,2
3554,0
3555,1
3556,2
3557,2
3558,1
3559,0
3560,2
3561,1
3562,1
3563,2
3564,1
3565,2
3566,1
3567,5
3568,2
3569,1
3570,0
3571,1
3572,0
3573,1
3574,0
3575,1
3576,0
3577,0
3578,0
3579,2
3580,1
3581,1
3582,1
3583,1
3584,2
3585,0
3586,1
3587,0
3588,3
3589,0
3590,0
3591,3
3592,1
3593,1
3594,2
3595,2
3596,1
3597,2
3598,3
3599,4
3600,1
3601,1
3602,3
3603,0
3604,2
3605,5
3606,1
3607,2
3608,1
3609,0
3610,0
3611,2
3612,1
3613,0
3614,1
3615,4
3616,4
3617,0
3618,5
3619,1
3620,1
3621,1
3622,2
3623,0
3624,2
3625,2
3626,1
3627,1
3628,3
3629,1
3630,1
3631,0
3632,4
3633,1
3634,2
3635,3
3636,1
3637,4
3638,2
3639,4
3640,2
3641,1
3642,0
3643,1
3644,1
3645,3
3646,2
3647,4
3648,1
3649,1
3650,2
3651,1
3652,1
3653,2
3654,0
3655,0
3656,1
3657,2
3658,1
3659,2
3660,1
3661,0
3662,1
3663,4
3664,3
3665,1
3666,3
3667,3
3668,1
3669,0
3670,4
3671,1
3672,1
3673,0
3674,3
3675,0
3676,2
3677,1
3678,0
3679,1
3680,2
3681,2
3682,0
3683,1
3684,2
3685,1
3686,3
3687,0
3688,3
3689,0
3690,1
3691,3
3692,2
3693,1
3694,2
3695,4
3696,1
3697,1
3698,0
3699,3
3700,0
3701,0
3702,1
3703,4
3704,3
3705,2
3706,0
3707,3
3708,1
3709,1
3710,1
3711,2
3712,2
3713,1
3714,2
3715,4
3716,4
3717,1
3718,2
3719,1
3720,2
3721,0
3722,6
3723,0
3724,3
3725,1
3726,0
3727,2
3728,2
3729,0
3730,1
3731,0
3732,1
3733,0
3734,0
3735,1
3736,1
3737,1
3738,1
3739,2
3740,1
3741,1
3742,2
3743,4
3744,3
3745,2
3746,3
3747,0
3748,2
3749,0
3750,3
3751,1
3752,1
3753,1
3754,0
3755,2
3756,4
3757,2
3758,1
3759,0
3760,3
3761,1
3762,1
3763,2
3764,1
3765,1
3766,1
3767,2
3768,2
3769,0
3770,4
3771,1
3772,0
3773,1
3774,3
3775,1
3776,0
3777,1
3778,1
3779,1
3780,1
3781,3
3782,1
3783,1
3784,2
3785,2
3786,1
3787,2
3788,0
3789,0
3790,3
3791,1
3792,1
3793,0
3794,2
3795,0
3796,0
3797,2
3798,2
3799,2
3800,1
3801,0
3802,1
3803,3
3804,0
3805,1
3806,2
3807,2
3808,2
3809,1
3810,2
3811,1
3812,3
3813,0
3814,0
3815,1
3816,2
3817,4
3818,2
3819,2
3820,1
3821,0
3822,2
3823,1
3824,1
3825,1
3826,2
3827,2
3828,3
3829,1
3830,2
3831,2
3832,1
3833,2
3834,3
3835,1
3836,1
3837,6
3838,2
3839,0
3840,3
3841,2
3842,0
3843,0
3844,3
3845,0
3846,4
3847,1
3848,3
3849,2
3850,2
3851,1
3852,0
3853,2
3854,2
3855,3
3856,2
3857,2
3858,1
3859,1
3860,2
3861,1
3862,0
3863,0
3864,2
3865,1
3866,0
3867,2
3868,1
3869,2
3870,0
3871,1
3872,2
3873,1
3874,0
3875,3
3876,1
3877,1
3878,0
3879,0
3880,3
3881,0
3882,2
3883,5
3884,1
3885,0
3886,0
3887,4
3888,1
3889,2
3890,0
3891,1
3892,1
3893,1
3894,0
3895,2
3896,1
3897,1
3898,0
3899,4
3900,2
3901,3
3902,2
3903,2
3904,0
3905,2
3906,3
3907,1
3908,2
3909,2
3910,1
3911,1
3912,3
3913,5
3914,1
3915,1
3916,2
3917,1
3918,0
3919,0
3920,1
3921,2
3922,2
3923,0
3924,1
3925,1
3926,1
3927,0
3928,2
3929,1
3930,2
3931,1
3932,0
3933,0
3934,1
3935,0
3936,2
3937,2
3938,4
3939,4
3940,3
3941,3
3942,0
3943,1
3944,0
3945,1
3946,3
3947,0
3948,3
3949,3
3950,0
3951,2
3952,1
3953,1
3954,3
3955,1
3956,1
3957,4
3958,0
3959,2
3960,0
3961,0
3962,2
3963,3
3964,2
3965,0
3966,3
3967,0
3968,2
3969,1
3970,0
3971,1
3972,1
3973,2
3974,1
3975,2
3976,1
3977,2
3978,2
3979,1
3980,2
3981,2
3982,0
3983,4
3984,0
3985,2
3986,4
3987,1
3988,0
3989,3
3990,3
3991,3
3992,4
3993,1
3994,3
3995,1
3996,0
3997,4
3998,0
3999,0
4000,1
4001,0
4002,1
4003,0
4004,0
4005,1
4006,1
4007,4
4008,1
4009,1
4010,2
4011,2
4012,2
4013,0
4014,2
4015,3
4016,4
4017,1
4018,3
4019,1
4020,1
4021,2
4022,1
4023,2
4024,2
4025,1
4026,1
4027,1
4028,3
4029,0
4030,0
4031,2
4032,1
4033,0
4034,1
4035,1
4036,1
4037,4
4038,1
4039,2
4040,0
4041,1
4042,1
4043,2
4044,1
4045,0
4046,1
4047,3
4048,2
4049,0
4050,0
4051,1
4052,1
4053,1
4054,3
4055,0
4056,0
4057,1
4058,2
4059,0
4060,1
4061,2
4062,2
4063,3
4064,3
4065,2
4066,0
4067,0
4068,0
4069,0
4070,1
4071,2
4072,2
4073,0
4074,2
4075,1
4076,1
4077,0
4078,1
4079,3
4080,1
4081,3
4082,3
4083,2
4084,2
4085,4
4086,1
4087,1
4088,0
4089,3
4090,1
4091,3
4092,1
4093,0
4094,1
4095,2
4096,3
4097,3
4098,1
4099,1
4100,1
4101,0
4102,0
4103,1
4104,2
4105,0
4106,1
4107,3
4108,1
4109,0
4110,2
4111,0
4112,1
4113,0
4114,2
4115,0
4116,1
4117,1
4118,0
4119,4
4120,1
4121,1
4122,3
4123,4
4124,3
4125,0
4126,1
4127,0
4128,2
4129,4
4130,2
4131,0
4132,2
4133,1
4134,2
4135,0
4136,0
4137,0
4138,4
4139,3
4140,1
4141,1
4142,4
4143,1
4144,4
4145,1
4146,0
4147,0
4148,3
4149,0
4150,0
4151,1
4152,1
4153,2
4154,1
4155,1
4156,1
4157,1
4158,1
4159,2
4160,2
4161,3
4162,0
4163,3
4164,3
4165,3
4166,2
4167,1
4168,2
4169,3
4170,0
4171,2
4172,2
4173,2
4174,0
4175,3
4176,0
4177,1
4178,1
4179,1
4180,0
4181,0
4182,1
4183,0
4184,1
4185,0
4186,2
4187,1
4188,2
4189,4
4190,0
4191,0
4192,1
4193,3
4194,2
4195,1
4196,1
4197,2
4198,4
4199,1
4200,2
4201,0
4202,1
4203,2
4204,1
4205,2
4206,2
4207,0
4208,1
4209,3
4210,1
4211,2
4212,1
4213,1
4214,0
4215,0
4216,1
4217,2
4218,3
4219,2
4220,1
4221,0
4222,3
4223,2
4224,1
4225,1
4226,0
4227,0
4228,0
4229,1
4230,3
4231,1
4232,1
4233,0
4234,1
4235,1
4236,2
4237,1
4238,1
4239,0
4240,2
4241,3
4242,0
4243,3
4244,3
4245,0
4246,3
4247,1
4248,3
4249,0
4250,0
4251,3
4252,1
4253,0
4254,2
4255,1
4256,3
4257,1
4258,1
4259,2
4260,0
4261,0
4262,1
4263,3
4264,0
4265,1
4266,2
4267,1
4268,2
4269,0
4270,2
4271,5
4272,1
4273,2
4274,2
4275,0
4276,1
4277,1
4278,1
4279,1
4280,2
4281,5
4282,3
4283,2
4284,3
4285,0
4286,1
4287,1
4288,1
4289,4
4290,0
4291,1
4292,1
4293,2
4294,2
4295,0
4296,3
4297,1
4298,1
4299,0
4300,0
4301,3
4302,2
4303,1
4304,1
4305,1
4306,2
4307,2
4308,0
4309,2
4310,0
4311,3
4312,3
4313,1
4314,0
4315,1
4316,0
4317,1
4318,2
4319,2
4320,2
4321,0
4322,0
4323,1
4324,4
4325,4
4326,0
4327,1
4328,3
4329,0
4330,1
4331,6
4332,0
4333,1
4334,0
4335,2
4336,3
4337,2
4338,2
4339,1
4340,3
4341,0
4342,4
4343,3
4344,1
4345,1
4346,1
4347,1
4348,3
4349,3
4350,1
4351,1
4352,1
4353,2
4354,1
4355,0
4356,3
4357,2
4358,0
4359,2
4360,0
4361,1
4362,0
4363,1
4364,3
4365,1
4366,2
4367,3
4368,3
4369,2
4370,0
4371,2
4372,0
4373,2
4374,0
4375,2
4376,2
4377,0
4378,3
4379,3
4380,1
4381,1
4382,1
4383,2
4384,2
4385,1
4386,1
4387,0
4388,0
4389,0
4390,1
4391,5
4392,0
4393,1
4394,1
4395,3
4396,1
4397,2
4398,2
4399,3
4400,3
4401,3
4402,4
4403,5
4404,1
4405,1
4406,2
4407,2
4408,2
4409,1
4410,1
4411,4
4412,2
4413,5
4414,3
4415,1
4416,0
4417,1
4418,1
4419,0
4420,2
4421,0
4422,1
4423,0
4424,1
4425,1
4426,1
4427,0
4428,1
4429,4
4430,1
4431,3
4432,0
4433,2
4434,2
4435,1
4436,2
4437,3
4438,2
4439,3
4440,1
4441,1
4442,1
4443,1
4444,1
4445,5
4446,2
4447,0
4448,2
4449,1
4450,2
4451,1
4452,1
4453,2
4454,1
4455,0
4456,0
4457,1
4458,1
4459,2
4460,0
4461,1
4462,0
4463,2
4464,1
4465,2
4466,1
4467,1
4468,3
4469,2
4470,2
4471,1
4472,1
4473,1
4474,5
4475,1
4476,2
4477,2
4478,2
4479,0
4480,1
4481,2
4482,1
4483,2
4484,3
4485,2
4486,3
4487,3
4488,1
4489,1
4490,2
4491,1
4492,2
4493,2
4494,3
4495,4
4496,2
4497,2
4498,3
4499,1
4500,0
4501,0
4502,3
4503,1
4504,3
4505,1
4506,2
4507,1
4508,2
4509,1
4510,1
4511,2
4512,2
4513,1
4514,2
4515,1
4516,1
4517,1
4518,2
4519,2
4520,2
4521,1
4522,2
4523,2
4524,2
4525,1
4526,3
4527,1
4528,3
4529,1
4530,1
4531,0
4532,2
4533,2
4534,0
4535,2
4536,2
4537,0
4538,2
4539,2
4540,0
4541,2
4542,2
4543,1
4544,1
4545,2
4546,1
4547,2
4548,1
4549,1
4550,1
4551,1
4552,3
4553,0
4554,1
4555,1
4556,0
4557,2
4558,1
4559,3
4560,0
4561,1
4562,0
4563,0
4564,1
4565,0
4566,3
4567,1
4568,1
4569,3
4570,2
4571,3
4572,1
4573,4
4574,1
4575,1
4576,4
4577,2
4578,3
4579,0
4580,1
4581,1
4582,3
4583,2
4584,1
4585,0
4586,0
4587,1
4588,3
4589,2
4590,1
4591,4
4592,1
4593,0
4594,1
4595,1
4596,3
4597,4
4598,1
4599,2
4600,0
4601,2
4602,0
4603,1
4604,3
4605,2
4606,2
4607,2
4608,0
4609,0
4610,0
4611,3
4612,3
4613,2
4614,0
4615,0
4616,2
4617,3
4618,1
4619,0
4620,0
4621,1
4622,1
4623,1
4624,1
4625,3
4626,1
4627,1
4628,2
4629,3
4630,0
4631,2
4632,0
4633,2
4634,0
4635,2
4636,1
4637,2
4638,4
4639,0
4640,0
4641,1
4642,3
4643,1
4644,1
4645,1
4646,3
4647,3
4648,1
4649,2
4650,0
4651,1
4652,0
4653,2
4654,1
4655,3
4656,0
4657,4
4658,2
4659,0
4660,2
4661,1
4662,0
4663,1
4664,3
4665,1
4666,1
4667,1
4668,2
4669,0
4670,1
4671,2
4672,0
4673,2
4674,2
4675,2
4676,1
4677,1
4678,3
4679,1
4680,1
4681,1
4682,1
4683,2
4684,3
4685,5
4686,0
4687,2
4688,1
4689,1
4690,0
4691,2
4692,1
4693,0
4694,1
4695,1
4696,0
4697,1
4698,0
4699,0
4700,1
4701,1
4702,2
4703,1
4704,2
4705,0
4706,2
4707,2
4708,1
4709,2
4710,1
4711,2
4712,1
4713,0
4714,4
4715,1
4716,2
4717,2
4718,0
4719,3
4720,2
4721,2
4722,2
4723,2
4724,1
4725,2
4726,2
4727,1
4728,3
4729,0
4730,2
4731,1
4732,0
4733,3
4734,2
4735,4
4736,0
4737,3
4738,0
4739,0
4740,4
4741,3
4742,2
4743,4
4744,1
4745,0
4746,0
4747,2
4748,1
4749,0
4750,1
4751,3
4752,1
4753,3
4754,1
4755,1
4756,2
4757,1
4758,2
4759,0
4760,2
4761,0
4762,2
4763,1
4764,2
4765,3
4766,0
4767,1
4768,1
4769,1
4770,1
4771,4
4772,2
4773,1
4774,3
4775,2
4776,2
4777,2
4778,3
4779,1
4780,2
4781,2
4782,1
4783,0
4784,2
4785,0
4786,1
4787,2
4788,0
4789,4
4790,1
4791,1
4792,1
4793,1
4794,1
4795,0
4796,2
4797,3
4798,3
4799,1
4800,5
4801,1
4802,2
4803,1
4804,3
4805,3
4806,1
4807,2
4808,0
4809,1
4810,2
4811,1
4812,1
4813,0
4814,3
4815,3
4816,1
4817,0
4818,0
4819,2
4820,1
4821,3
4822,2
4823,0
4824,1
4825,4
4826,2
4827,0
4828,1
4829,2
4830,0
4831,2
4832,1
4833,4
4834,2
4835,1
4836,1
4837,2
4838,0
4839,2
4840,1
4841,0
4842,0
4843,0
4844,1
4845,0
4846,0
4847,1
4848,3
4849,1
4850,2
4851,2
4852,2
4853,2
4854,1
4855,1
4856,1
4857,1
4858,1
4859,2
4860,1
4861,3
4862,0
4863,3
4864,3
4865,4
4866,3
4867,1
4868,0
4869,1
4870,2
4871,1
4872,2
4873,2
4874,3
4875,5
4876,0
4877,3
4878,1
4879,1
4880,1
4881,5
4882,4
4883,0
4884,4
4885,0
4886,0
4887,2
4888,1
4889,3
4890,2
4891,6
4892,0
4893,1
4894,1
4895,3
4896,3
4897,1
4898,1
4899,0
4900,0
4901,1
4902,2
4903,1
4904,4
4905,1
4906,2
4907,1
4908,1
4909,0
4910,1
4911,4
4912,3
4913,2
4914,3
4915,4
4916,0
4917,1
4918,3
4919,1
4920,2
4921,1
4922,2
4923,3
4924,0
4925,2
4926,3
4927,1
4928,1
4929,2
4930,0
4931,1
4932,2
4933,1
4934,1
4935,1
4936,0
4937,6
4938,3
4939,2
4940,2
4941,2
4942,3
4943,2
4944,1
4945,1
4946,0
4947,2
4948,3
4949,2
4950,1
4951,1
4952,2
4953,1
4954,4
4955,2
4956,1
4957,1
4958,0
4959,3
4960,0
4961,2
4962,3
4963,0
4964,3
4965,2
4966,2
4967,0
4968,0
4969,1
4970,1
4971,0
4972,0
4973,3
4974,4
4975,2
4976,1
4977,1
4978,2
4979,1
4980,1
4981,1
4982,0
4983,2
4984,1
4985,0
4986,1
4987,1
4988,0
4989,1
4990,2
4991,1
4992,0
4993,2
4994,1
4995,1
4996,2
4997,2
4998,2
4999,1
5000,2
5001,3
5002,2
5003,1
5004,0
5005,0
5006,2
5007,2
5008,2
5009,2
5010,1
5011,0
5012,1
5013,0
5014,1
5015,5
5016,1
5017,2
5018,0
5019,1
5020,3
5021,2
5022,0
5023,1
5024,0
5025,1
5026,3
5027,2
5028,2
5029,0
5030,2
5031,1
5032,2
5033,2
5034,1
5035,2
5036,2
5037,1
5038,2
5039,3
5040,0
5041,0
5042,2
5043,2
5044,4
5045,3
5046,1
5047,4
5048,1
5049,1
5050,4
5051,2
5052,2
5053,2
5054,2
5055,1
5056,1
5057,2
5058,0
5059,3
5060,3
5061,0
5062,2
5063,1
5064,1
5065,2
5066,1
5067,1
5068,1
5069,1
5070,2
5071,2
5072,0
5073,3
5074,2
5075,2
5076,3
5077,1
5078,0
5079,1
5080,2
5081,2
5082,2
5083,1
5084,3
5085,0
5086,1
5087,1
5088,0
5089,1
5090,1
5091,1
5092,2
5093,0
5094,2
5095,5
5096,0
5097,1
5098,2
5099,3
5100,1
5101,3
5102,2
5103,0
5104,1
5105,2
5106,2
5107,7
5108,0
5109,1
5110,1
5111,3
5112,1
5113,0
5114,0
5115,1
5116,1
5117,3
5118,0
5119,2
5120,2
5121,1
5122,3
5123,2
5124,1
5125,3
5126,1
5127,0
5128,2
5129,2
5130,1
5131,1
5132,2
5133,2
5134,1
5135,3
5136,2
5137,2
5138,1
5139,0
5140,1
5141,1
5142,3
5143,0
5144,2
5145,0
5146,0
5147,3
5148,1
5149,1
5150,2
5151,2
5152,1
5153,2
5154,1
5155,3
5156,0
5157,3
5158,0
5159,1
5160,3
5161,1
5162,0
5163,1
5164,0
5165,0
5166,3
5167,2
5168,2
5169,1
5170,0
5171,1
5172,6
5173,3
5174,2
5175,1
5176,1
5177,1
5178,2
5179,1
5180,1
5181,0
5182,0
5183,1
5184,3
5185,1
5186,0
5187,0
5188,0
5189,2
5190,0
5191,0
5192,3
5193,3
5194,4
5195,2
5196,0
5197,0
5198,1
5199,0
5200,4
5201,2
5202,2
5203,0
5204,2
5205,1
5206,2
5207,1
5208,1
5209,2
5210,1
5211,1
5212,1
5213,0
5214,1
5215,3
5216,1
5217,0
5218,1
5219,1
5220,3
5221,0
5222,1
5223,2
5224,2
5225,1
5226,3
5227,1
5228,1
5229,0
5230,3
5231,1
5232,3
5233,2
5234,0
5235,0
5236,1
5237,0
5238,2
5239,0
5240,1
5241,2
5242,2
5243,1
5244,2
5245,0
5246,2
5247,0
5248,1
5249,1
5250,2
5251,2
5252,1
5253,2
5254,3
5255,1
5256,0
5257,3
5258,4
5259,1
5260,0
5261,0
5262,1
5263,1
5264,0
5265,0
5266,0
5267,1
5268,1
5269,4
5270,1
5271,1
5272,2
5273,2
5274,3
5275,1
5276,4
5277,1
5278,4
5279,2
5280,1
5281,4
5282,2
5283,2
5284,1
5285,1
5286,2
5287,1
5288,3
5289,1
5290,2
5291,1
5292,2
5293,1
5294,1
5295,1
5296,0
5297,1
5298,0
5299,1
5300,3
5301,1
5302,1
5303,0
5304,2
5305,0
5306,2
5307,2
5308,2
5309,0
5310,3
5311,2
5312,2
5313,3
5314,0
5315,2
5316,4
5317,2
5318,1
5319,4
5320,2
5321,1
5322,0
5323,3
5324,1
5325,1
5326,2
5327,1
5328,0
5329,1
5330,0
5331,1
5332,2
5333,2
5334,3
5335,1
5336,1
5337,2
5338,1
5339,2
5340,3
5341,1
5342,1
5343,0
5344,1
5345,1
5346,3
5347,2
5348,1
5349,3
5350,3
5351,3
5352,1
5353,2
5354,1
5355,1
5356,2
5357,3
5358,0
5359,2
5360,1
5361,1
5362,3
5363,0
5364,0
5365,5
5366,1
5367,1
5368,2
5369,1
5370,1
5371,2
5372,1
5373,1
5374,2
5375,3
5376,3
5377,0
5378,0
5379,2
5380,0
5381,1
5382,0
5383,0
5384,1
5385,0
5386,3
5387,2
5388,1
5389,3
5390,2
5391,0
5392,2
5393,1
5394,2
5395,0
5396,2
5397,1
5398,1
5399,0
5400,2
5401,1
5402,2
5403,2
5404,2
5405,4
5406,4
5407,2
5408,2
5409,2
5410,4
5411,3
5412,4
5413,0
5414,4
5415,0
5416,0
5417,0
5418,3
5419,0
5420,1
5421,3
5422,0
5423,1
5424,0
5425,1
5426,3
5427,0
5428,1
5429,2
5430,1
5431,1
5432,4
5433,3
5434,3
5435,1
5436,3
5437,0
5438,1
5439,2
5440,3
5441,1
5442,3
5443,0
5444,1
5445,3
5446,0
5447,1
5448,2
5449,0
5450,1
5451,1
5452,0
5453,1
5454,1
5455,0
5456,2
5457,1
5458,5
5459,1
5460,4
5461,1
5462,1
5463,2
5464,1
5465,1
5466,0
5467,0
5468,2
5469,6
5470,0
5471,3
5472,2
5473,2
5474,0
5475,1
5476,1
5477,3
5478,3
5479,3
5480,0
5481,2
5482,1
5483,1
5484,0
5485,1
5486,1
5487,2
5488,1
5489,0
5490,0
5491,1
5492,3
5493,3
5494,2
5495,0
5496,1
5497,2
5498,0
5499,2
5500,2
5501,0
5502,2
5503,1
5504,0
5505,1
5506,0
5507,1
5508,1
5509,2
5510,2
5511,1
5512,2
5513,1
5514,1
5515,3
5516,0
5517,1
5518,1
5519,1
5520,1
5521,2
5522,1
5523,1
5524,0
5525,2
5526,0
5527,0
5528,2
5529,3
5530,3
5531,2
5532,6
5533,0
5534,1
5535,0
5536,0
5537,1
5538,1
5539,1
5540,0
5541,1
5542,0
5543,1
5544,1
5545,0
5546,2
5547,3
5548,1
5549,1
5550,0
5551,2
5552,3
5553,1
5554,0
5555,1
5556,1
5557,1
5558,3
5559,1
5560,1
5561,1
5562,2
5563,1
5564,2
5565,1
5566,0
5567,0
5568,3
5569,3
5570,2
5571,3
5572,3
5573,2
5574,1
5575,2
5576,2
5577,2
5578,0
5579,0
5580,2
5581,1
5582,1
5583,1
5584,0
5585,2
5586,0
5587,0
5588,1
5589,3
5590,1
5591,2
5592,1
5593,1
5594,0
5595,2
5596,1
5597,1
5598,1
5599,3
5600,1
5601,0
5602,2
5603,3
5604,3
5605,1
5606,2
5607,2
5608,0
5609,0
5610,2
5611,2
5612,0
5613,0
5614,0
5615,2
5616,0
5617,1
5618,1
5619,0
5620,2
5621,3
5622,1
5623,1
5624,3
5625,3
5626,1
5627,3
5628,1
5629,0
5630,2
5631,1
5632,2
5633,0
5634,1
5635,5
5636,1
5637,1
5638,1
5639,1
5640,2
5641,0
5642,0
5643,0
5644,0
5645,3
5646,1
5647,4
5648,2
5649,2
5650,1
5651,1
5652,2
5653,0
5654,3
5655,1
5656,2
5657,5
5658,0
5659,3
5660,0
5661,1
5662,1
5663,3
5664,2
5665,0
5666,4
5667,2
5668,3
5669,0
5670,0
5671,1
5672,1
5673,3
5674,3
5675,3
5676,4
5677,0
5678,2
5679,4
5680,2
5681,1
5682,1
5683,1
5684,2
5685,1
5686,1
5687,1
5688,3
5689,1
5690,2
5691,2
5692,0
5693,2
5694,0
5695,0
5696,1
5697,4
5698,5
5699,0
5700,3
5701,1
5702,1
5703,1
5704,0
5705,2
5706,2
5707,1
5708,0
5709,1
5710,1
5711,0
5712,1
5713,1
5714,2
5715,3
5716,0
5717,1
5718,2
5719,2
5720,3
5721,2
5722,2
5723,2
5724,1
5725,0
5726,0
5727,1
5728,0
5729,0
5730,0
5731,1
5732,1
5733,2
5734,1
5735,1
5736,1
5737,1
5738,1
5739,2
5740,1
5741,0
5742,0
5743,1
5744,1
5745,2
5746,1
5747,1
5748,2
5749,1
5750,0
5751,1
5752,2
5753,0
5754,2
5755,3
5756,1
5757,3
5758,0
5759,1
5760,1
5761,1
5762,0
5763,1
5764,2
5765,1
5766,1
5767,1
5768,1
5769,0
5770,1
5771,1
5772,2
5773,3
5774,1
5775,1
5776,2
5777,1
5778,1
5779,0
5780,2
5781,3
5782,0
5783,1
5784,0
5785,0
5786,1
5787,3
5788,0
5789,1
5790,1
5791,3
5792,1
5793,1
5794,2
5795,2
5796,1
5797,2
5798,1
5799,2
5800,3
5801,2
5802,0
5803,0
5804,0
5805,3
5806,3
5807,2
5808,0
5809,2
5810,2
5811,0
5812,1
5813,0
5814,2
5815,2
5816,1
5817,2
5818,2
5819,2
5820,0
5821,0
5822,0
5823,1
5824,2
5825,1
5826,3
5827,0
5828,0
5829,0
5830,0
5831,0
5832,0
5833,3
5834,0
5835,2
5836,2
5837,1
5838,2
5839,0
5840,2
5841,1
5842,0
5843,0
5844,1
5845,0
5846,2
5847,2
5848,2
5849,0
5850,3
5851,1
5852,2
5853,1
5854,1
5855,2
5856,1
5857,0
5858,1
5859,1
5860,3
5861,2
5862,4
5863,4
5864,2
5865,1
5866,1
5867,3
5868,2
5869,2
5870,0
5871,0
5872,3
5873,3
5874,1
5875,0
5876,0
5877,2
5878,1
5879,4
5880,1
5881,4
5882,1
5883,1
5884,2
5885,2
5886,2
5887,0
5888,1
5889,1
5890,0
5891,2
5892,0
5893,0
5894,2
5895,2
5896,3
5897,0
5898,1
5899,2
5900,0
5901,0
5902,2
5903,0
5904,3
5905,3
5906,1
5907,3
5908,1
5909,2
5910,2
5911,1
5912,3
5913,2
5914,0
5915,2
5916,1
5917,3
5918,0
5919,2
5920,0
5921,2
5922,1
5923,1
5924,0
5925,1
5926,2
5927,1
5928,1
5929,2
5930,3
5931,1
5932,1
5933,3
5934,0
5935,4
5936,2
5937,3
5938,2
5939,4
5940,2
5941,2
5942,4
5943,0
5944,2
5945,0
5946,1
5947,1
5948,2
5949,3
5950,2
5951,0
5952,2
5953,0
5954,2
5955,1
5956,2
5957,3
5958,3
5959,1
5960,4
5961,0
5962,3
5963,0
5964,0
5965,0
5966,2
5967,1
5968,4
5969,0
5970,6
5971,0
5972,1
5973,0
5974,0
5975,1
5976,0
5977,1
5978,1
5979,0
5980,2
5981,3
5982,1
5983,2
5984,1
5985,2
5986,2
5987,0
5988,3
5989,1
5990,2
5991,3
5992,2
5993,3
5994,0
5995,1
5996,0
5997,0
5998,2
5999,2
6000,3
6001,2
6002,3
6003,4
6004,3
6005,2
6006,1
6007,2
6008,3
6009,1
6010,1
6011,2
6012,0
6013,4
6014,1
6015,3
6016,1
6017,0
6018,3
6019,1
6020,0
6021,1
6022,0
6023,2
6024,1
6025,1
6026,1
6027,1
6028,1
6029,1
6030,1
6031,1
6032,1
6033,0
6034,3
6035,0
6036,2
6037,1
6038,2
6039,3
6040,2
6041,1
6042,3
6043,1
6044,0
6045,2
6046,0
6047,1
6048,3
6049,0
6050,0
6051,1
6052,1
6053,1
6054,2
6055,1
6056,2
6057,0
6058,2
6059,0
6060,2
6061,1
6062,1
6063,2
6064,2
6065,0
6066,2
6067,1
6068,4
6069,0
6070,2
6071,6
6072,1
6073,0
6074,0
6075,2
6076,5
6077,0
6078,1
6079,1
6080,0
6081,0
6082,1
6083,2
6084,1
6085,0
6086,2
6087,1
6088,0
6089,1
6090,1
6091,0
6092,0
6093,3
6094,2
6095,0
6096,3
6097,2
6098,1
6099,2
6100,1
6101,2
6102,2
6103,2
6104,3
6105,0
6106,0
6107,1
6108,1
6109,3
6110,0
6111,0
6112,0
6113,3
6114,2
6115,1
6116,1
6117,0
6118,2
6119,4
6120,2
6121,1
6122,1
6123,0
6124,1
6125,3
6126,4
6127,0
6128,1
6129,0
6130,0
6131,0
6132,1
6133,2
6134,2
6135,1
6136,0
6137,0
6138,0
6139,2
6140,2
6141,2
6142,2
6143,2
6144,3
6145,1
6146,0
6147,1
6148,1
6149,0
6150,3
6151,2
6152,2
6153,1
6154,1
6155,0
6156,0
6157,1
6158,1
6159,2
6160,2
6161,1
6162,0
6163,0
6164,1
6165,1
6166,2
6167,1
6168,1
6169,4
6170,2
6171,1
6172,5
6173,2
6174,3
6175,2
6176,0
6177,1
6178,1
6179,0
6180,1
6181,4
6182,4
6183,2
6184,0
6185,1
6186,1
6187,0
6188,1
6189,3
6190,3
6191,3
6192,3
6193,1
6194,1
6195,2
6196,1
6197,2
6198,0
6199,0
6200,1
6201,1
6202,2
6203,1
6204,0
6205,1
6206,1
6207,0
6208,2
6209,1
6210,0
6211,2
6212,4
6213,2
6214,1
6215,3
6216,3
6217,3
6218,4
6219,1
6220,0
6221,2
6222,1
6223,1
6224,3
6225,3
6226,3
6227,3
6228,2
6229,1
6230,2
6231,3
6232,1
6233,1
6234,3
6235,5
6236,2
6237,1
6238,2
6239,1
6240,0
6241,2
6242,1
6243,1
6244,2
6245,1
6246,2
6247,2
6248,3
6249,2
6250,0
6251,3
6252,2
6253,2
6254,2
6255,2
6256,1
6257,3
6258,1
6259,1
6260,2
6261,2
6262,2
6263,3
6264,1
6265,1
6266,2
6267,2
6268,1
6269,1
6270,1
6271,2
6272,1
6273,1
6274,2
6275,1
6276,4
6277,2
6278,4
6279,1
6280,1
6281,2
6282,3
6283,1
6284,0
6285,1
6286,0
6287,1
6288,0
6289,1
6290,1
6291,3
6292,1
6293,1
6294,0
6295,1
6296,2
6297,2
6298,2
6299,2
6300,1
6301,2
6302,2
6303,5
6304,1
6305,1
6306,1
6307,1
6308,2
6309,0
6310,0
6311,3
6312,2
6313,0
6314,2
6315,1
6316,1
6317,0
6318,1
6319,4
6320,1
6321,1
6322,4
6323,1
6324,3
6325,2
6326,3
6327,0
6328,0
6329,4
6330,1
6331,1
6332,4
6333,2
6334,0
6335,3
6336,1
6337,1
6338,1
6339,1
6340,4
6341,0
6342,5
6343,0
6344,2
6345,2
6346,3
6347,0
6348,2
6349,1
6350,0
6351,1
6352,3
6353,2
6354,1
6355,1
6356,0
6357,0
6358,2
6359,0
6360,1
6361,0
6362,0
6363,0
6364,0
6365,1
6366,1
6367,0
6368,2
6369,2
6370,1
6371,2
6372,3
6373,1
6374,2
6375,0
6376,1
6377,0
6378,1
6379,0
6380,2
6381,0
6382,1
6383,4
6384,0
6385,1
6386,1
6387,0
6388,1
6389,1
6390,3
6391,2
6392,3
6393,0
6394,2
6395,1
6396,1
6397,3
6398,0
6399,1
6400,0
6401,0
6402,3
6403,1
6404,0
6405,1
6406,0
6407,0
6408,4
6409,3
6410,1
6411,4
6412,2
6413,1
6414,3
6415,2
6416,2
6417,0
6418,1
6419,1
6420,4
6421,4
6422,2
6423,2
6424,2
6425,0
6426,0
6427,2
6428,0
6429,1
6430,0
6431,4
6432,1
6433,0
6434,3
6435,0
6436,2
6437,0
6438,2
6439,2
6440,1
6441,1
6442,2
6443,2
6444,2
6445,1
6446,3
6447,2
6448,2
6449,3
6450,2
6451,0
6452,0
6453,3
6454,0
6455,4
6456,2
6457,3
6458,0
6459,5
6460,2
6461,4
6462,3
6463,8
6464,2
6465,2
6466,2
6467,2
6468,2
6469,0
6470,0
6471,2
6472,2
6473,0
6474,1
6475,0
6476,1
6477,1
6478,3
6479,2
6480,0
6481,2
6482,1
6483,1
6484,3
6485,2
6486,2
6487,5
6488,0
6489,1
6490,1
6491,1
6492,0
6493,1
6494,4
6495,0
6496,3
6497,4
6498,1
6499,1
6500,3
6501,0
6502,0
6503,1
6504,1
6505,1
6506,2
6507,0
6508,1
6509,3
6510,0
6511,0
6512,1
6513,1
6514,6
6515,3
6516,2
6517,1
6518,0
6519,1
6520,6
6521,1
6522,2
6523,0
6524,3
6525,1
6526,1
6527,1
6528,2
6529,4
6530,1
6531,0
6532,1
6533,2
6534,0
6535,2
6536,2
6537,0
6538,1
6539,2
6540,0
6541,2
6542,2
6543,3
6544,1
6545,4
6546,2
6547,1
6548,2
6549,0
6550,1
6551,2
6552,2
6553,1
6554,0
6555,1
6556,0
6557,1
6558,2
6559,1
6560,1
6561,0
6562,0
6563,2
6564,2
6565,2
6566,1
6567,1
6568,2
6569,3
6570,2
6571,2
6572,1
6573,0
6574,2
6575,2
6576,1
6577,1
6578,2
6579,0
6580,1
6581,2
6582,4
6583,2
6584,1
6585,3
6586,0
6587,1
6588,1
6589,1
6590,3
6591,1
6592,3
6593,2
6594,0
6595,3
6596,2
6597,1
6598,0
6599,2
6600,0
6601,2
6602,1
6603,0
6604,1
6605,4
6606,1
6607,2
6608,0
6609,1
6610,1
6611,2
6612,2
6613,1
6614,1
6615,2
6616,0
6617,4
6618,1
6619,2
6620,1
6621,2
6622,4
6623,0
6624,3
6625,1
6626,0
6627,2
6628,0
6629,2
6630,0
6631,0
6632,1
6633,2
6634,0
6635,2
6636,1
6637,3
6638,0
6639,2
6640,2
6641,5
6642,0
6643,0
6644,4
6645,3
6646,0
6647,5
6648,2
6649,0
6650,0
6651,1
6652,3
6653,2
6654,1
6655,4
6656,1
6657,0
6658,0
6659,2
6660,6
6661,0
6662,3
6663,2
6664,1
6665,5
6666,3
6667,1
6668,0
6669,0
6670,0
6671,4
6672,2
6673,1
6674,0
6675,1
6676,2
6677,1
6678,1
6679,1
6680,0
6681,2
6682,5
6683,2
6684,4
6685,1
6686,1
6687,0
6688,0
6689,1
6690,2
6691,2
6692,0
6693,3
6694,1
6695,0
6696,5
6697,1
6698,2
6699,0
6700,1
6701,0
6702,4
6703,0
6704,1
6705,2
6706,1
6707,3
6708,3
6709,0
6710,1
6711,1
6712,2
6713,0
6714,2
6715,0
6716,1
6717,0
6718,3
6719,2
6720,0
6721,0
6722,1
6723,0
6724,2
6725,0
6726,2
6727,1
6728,2
6729,2
6730,5
6731,2
6732,0
6733,1
6734,0
6735,0
6736,1
6737,2
6738,1
6739,0
6740,0
6741,2
6742,5
6743,4
6744,3
6745,2
6746,0
6747,3
6748,2
6749,0
6750,1
6751,1
6752,1
6753,0
6754,0
6755,0
6756,4
6757,1
6758,2
6759,4
6760,6
6761,4
6762,3
6763,3
6764,3
6765,1
6766,1
6767,2
6768,3
6769,5
6770,0
6771,1
6772,0
6773,4
6774,3
6775,3
6776,2
6777,0
6778,1
6779,3
6780,0
6781,0
6782,1
6783,0
6784,2
6785,1
6786,0
6787,0
6788,1
6789,4
6790,0
6791,3
6792,0
6793,2
6794,0
6795,2
6796,0
6797,1
6798,2
6799,2
6800,1
6801,3
6802,1
6803,3
6804,2
6805,0
6806,0
6807,0
6808,0
6809,1
6810,0
6811,1
6812,2
6813,0
6814,2
6815,0
6816,3
6817,1
6818,1
6819,2
6820,3
6821,0
6822,0
6823,4
6824,3
6825,4
6826,1
6827,2
6828,0
6829,2
6830,1
6831,1
6832,2
6833,1
6834,1
6835,1
6836,0
6837,2
6838,1
6839,0
6840,1
6841,1
6842,0
6843,0
6844,2
6845,2
6846,2
6847,1
6848,0
6849,2
6850,1
6851,1
6852,2
6853,2
6854,1
6855,3
6856,0
6857,2
6858,1
6859,1
6860,1
6861,1
6862,0
6863,1
6864,5
6865,0
6866,1
6867,1
6868,1
6869,2
6870,0
6871,4
6872,2
6873,1
6874,2
6875,1
6876,0
6877,2
6878,1
6879,1
6880,1
6881,3
6882,0
6883,3
6884,1
6885,1
6886,0
6887,2
6888,3
6889,4
6890,2
6891,2
6892,1
6893,3
6894,4
6895,3
6896,1
6897,2
6898,0
6899,0
6900,1
6901,1
6902,2
6903,1
6904,1
6905,1
6906,1
6907,1
6908,0
6909,1
6910,1
6911,1
6912,2
6913,0
6914,3
6915,1
6916,2
6917,2
6918,1
6919,3
6920,2
6921,0
6922,2
6923,1
6924,2
6925,0
6926,2
6927,1
6928,2
6929,3
6930,4
6931,2
6932,3
6933,0
6934,0
6935,2
6936,1
6937,2
6938,2
6939,2
6940,2
6941,3
6942,2
6943,3
6944,1
6945,2
6946,0
6947,1
6948,0
6949,0
6950,1
6951,0
6952,1
6953,0
6954,0
6955,1
6956,0
6957,0
6958,0
6959,1
6960,2
6961,0
6962,2
6963,1
6964,1
6965,2
6966,1
6967,1
6968,0
6969,0
6970,0
6971,1
6972,0
6973,1
6974,2
6975,1
6976,0
6977,1
6978,1
6979,1
6980,2
6981,0
6982,1
6983,0
6984,0
6985,2
6986,1
6987,0
6988,1
6989,2
6990,1
6991,1
6992,4
6993,3
6994,2
6995,0
6996,0
6997,1
6998,1
6999,1
7000,1
7001,0
7002,0
7003,1
7004,1
7005,2
7006,4
7007,2
7008,0
7009,0
7010,1
7011,0
7012,2
7013,1
7014,0
7015,2
7016,2
7017,0
7018,1
7019,0
7020,1
7021,2
7022,1
7023,1
7024,2
7025,1
7026,2
7027,0
7028,2
7029,1
7030,0
7031,2
7032,0
7033,3
7034,0
7035,0
7036,0
7037,2
7038,2
7039,2
7040,1
7041,0
7042,1
7043,1
7044,1
7045,1
7046,3
7047,1
7048,0
7049,2
7050,2
7051,3
7052,0
7053,0
7054,1
7055,0
7056,2
7057,3
7058,1
7059,3
7060,0
7061,3
7062,1
7063,2
7064,1
7065,3
7066,3
7067,4
7068,1
7069,3
7070,2
7071,1
7072,2
7073,3
7074,2
7075,1
7076,1
7077,1
7078,0
7079,0
7080,4
7081,1
7082,1
7083,2
7084,0
7085,1
7086,1
7087,0
7088,1
7089,0
7090,0
7091,1
7092,0
7093,2
7094,0
7095,2
7096,1
7097,2
7098,0
7099,1
7100,0
7101,2
7102,2
7103,1
7104,1
7105,2
7106,2
7107,4
7108,1
7109,1
7110,0
7111,2
7112,2
7113,2
7114,1
7115,0
7116,2
7117,1
7118,1
7119,1
7120,2
7121,1
7122,3
7123,3
7124,1
7125,3
7126,0
7127,0
7128,1
7129,1
7130,1
7131,4
7132,2
7133,1
7134,2
7135,2
7136,1
7137,1
7138,3
7139,1
7140,2
7141,1
7142,2
7143,3
7144,1
7145,3
7146,0
7147,0
7148,1
7149,0
7150,2
7151,2
7152,1
7153,1
7154,1
7155,0
7156,2
7157,4
7158,2
7159,1
7160,2
7161,1
7162,3
7163,2
7164,2
7165,3
7166,1
7167,0
7168,1
7169,3
7170,1
7171,3
7172,2
7173,2
7174,1
7175,0
7176,0
7177,1
7178,0
7179,3
7180,6
7181,2
7182,0
7183,1
7184,1
7185,1
7186,1
7187,1
7188,0
7189,3
7190,5
7191,3
7192,1
7193,2
7194,1
7195,3
7196,1
7197,3
7198,1
7199,4
7200,2
7201,2
7202,4
7203,1
7204,3
7205,0
7206,3
7207,1
7208,2
7209,1
7210,1
7211,0
7212,2
7213,1
7214,2
7215,0
7216,3
7217,1
7218,0
7219,4
7220,0
7221,2
7222,2
7223,0
7224,0
7225,4
7226,0
7227,2
7228,5
7229,2
7230,2
7231,2
7232,3
7233,1
7234,2
7235,0
7236,2
7237,1
7238,3
7239,0
7240,0
7241,4
7242,3
7243,1
7244,3
7245,0
7246,2
7247,2
7248,3
7249,4
7250,3
7251,1
7252,3
7253,1
7254,0
7255,3
7256,2
7257,0
7258,2
7259,3
7260,3
7261,0
7262,1
7263,1
7264,0
7265,2
7266,1
7267,1
7268,2
7269,2
7270,1
7271,2
7272,5
7273,0
7274,2
7275,2
7276,1
7277,4
7278,5
7279,1
7280,3
7281,2
7282,1
7283,4
7284,2
7285,0
7286,2
7287,3
7288,0
7289,3
7290,1
7291,3
7292,1
7293,1
7294,4
7295,1
7296,1
7297,1
7298,0
7299,1
7300,2
7301,0
7302,1
7303,2
7304,1
7305,1
7306,1
7307,1
7308,2
7309,1
7310,1
7311,1
7312,1
7313,1
7314,2
7315,0
7316,1
7317,0
7318,1
7319,4
7320,2
7321,1
7322,2
7323,0
7324,3
7325,1
7326,1
7327,1
7328,4
7329,2
7330,2
7331,2
7332,0
7333,0
7334,1
7335,3
7336,1
7337,1
7338,0
7339,2
7340,0
7341,1
7342,1
7343,1
7344,3
7345,0
7346,2
7347,3
7348,0
7349,3
7350,0
7351,0
7352,4
7353,1
7354,1
7355,1
7356,2
7357,2
7358,1
7359,0
7360,0
7361,1
7362,0
7363,1
7364,3
7365,4
7366,1
7367,2
7368,2
7369,2
7370,2
7371,2
7372,2
7373,0
7374,2
7375,2
7376,1
7377,1
7378,2
7379,3
7380,3
7381,0
7382,1
7383,2
7384,2
7385,2
7386,2
7387,0
7388,0
7389,1
7390,0
7391,1
7392,1
7393,2
7394,2
7395,1
7396,0
7397,1
7398,0
7399,2
7400,1
7401,2
7402,1
7403,4
7404,2
7405,2
7406,0
7407,3
7408,1
7409,2
7410,1
7411,2
7412,2
7413,0
7414,1
7415,1
7416,2
7417,4
7418,2
7419,0
7420,0
7421,0
7422,6
7423,0
7424,4
7425,2
7426,1
7427,4
7428,2
7429,0
7430,1
7431,0
7432,2
7433,2
7434,0
7435,2
7436,1
7437,1
7438,0
7439,0
7440,1
7441,2
7442,3
7443,0
7444,2
7445,0
7446,1
7447,1
7448,1
7449,2
7450,3
7451,1
7452,1
7453,0
7454,2
7455,4
7456,4
7457,2
7458,1
7459,2
7460,2
7461,2
7462,1
7463,4
7464,3
7465,0
7466,1
7467,3
7468,2
7469,0
7470,3
7471,1
7472,1
7473,0
7474,2
7475,3
7476,0
7477,1
7478,3
7479,2
7480,0
7481,4
7482,1
7483,0
7484,2
7485,3
7486,2
7487,0
7488,2
7489,1
7490,0
7491,2
7492,2
7493,3
7494,1
7495,2
7496,3
7497,1
7498,0
7499,1
7500,0
7501,1
7502,1
7503,1
7504,2
7505,0
7506,1
7507,2
7508,1
7509,0
7510,1
7511,0
7512,1
7513,0
7514,2
7515,2
7516,0
7517,1
7518,1
7519,1
7520,1
7521,0
7522,1
7523,2
7524,0
7525,1
7526,2
7527,3
7528,2
7529,2
7530,2
7531,1
7532,3
7533,2
7534,3
7535,2
7536,2
7537,2
7538,0
7539,2
7540,0
7541,1
7542,4
7543,0
7544,4
7545,0
7546,1
7547,4
7548,3
7549,1
7550,0
7551,1
7552,3
7553,0
7554,1
7555,1
7556,1
7557,1
7558,1
7559,2
7560,3
7561,0
7562,1
7563,1
7564,2
7565,5
7566,0
7567,0
7568,1
7569,0
7570,0
7571,0
7572,3
7573,1
7574,4
7575,1
7576,2
7577,4
7578,1
7579,1
7580,2
7581,1
7582,1
7583,1
7584,2
7585,1
7586,0
7587,4
7588,1
7589,1
7590,1
7591,2
7592,1
7593,4
7594,1
7595,1
7596,2
7597,2
7598,0
7599,1
7600,3
7601,3
7602,2
7603,1
7604,1
7605,0
7606,3
7607,3
7608,1
7609,3
7610,4
7611,1
7612,1
7613,1
7614,2
7615,2
7616,0
7617,3
7618,1
7619,2
7620,3
7621,3
7622,2
7623,3
7624,2
7625,0
7626,1
7627,3
7628,1
7629,0
7630,1
7631,1
7632,1
7633,1
7634,0
7635,1
7636,2
7637,2
7638,1
7639,3
7640,0
7641,1
7642,1
7643,1
7644,0
7645,2
7646,2
7647,2
7648,1
7649,3
7650,2
7651,3
7652,1
7653,0
7654,2
7655,0
7656,0
7657,0
7658,1
7659,0
7660,4
7661,0
7662,5
7663,4
7664,2
7665,3
7666,2
7667,3
7668,1
7669,2
7670,0
7671,1
7672,1
7673,2
7674,1
7675,0
7676,3
7677,4
7678,0
7679,1
7680,3
7681,1
7682,3
7683,4
7684,2
7685,4
7686,0
7687,2
7688,2
7689,0
7690,2
7691,2
7692,0
7693,1
7694,1
7695,1
7696,2
7697,5
7698,0
7699,1
7700,2
7701,1
7702,2
7703,0
7704,3
7705,1
7706,4
7707,2
7708,1
7709,2
7710,4
7711,1
7712,1
7713,1
7714,2
7715,3
7716,0
7717,1
7718,0
7719,2
7720,0
7721,5
7722,2
7723,2
7724,0
7725,1
7726,2
7727,0
7728,0
7729,2
7730,2
7731,1
7732,1
7733,1
7734,1
7735,1
7736,1
7737,2
7738,4
7739,0
7740,1
7741,2
7742,1
7743,1
7744,2
7745,1
7746,2
7747,3
7748,3
7749,3
7750,1
7751,1
7752,1
7753,1
7754,1
7755,2
7756,1
7757,1
7758,2
7759,0
7760,1
7761,2
7762,1
7763,1
7764,1
7765,1
7766,0
7767,2
7768,3
7769,0
7770,1
7771,0
7772,2
7773,2
7774,2
7775,2
7776,3
7777,0
7778,3
7779,0
7780,1
7781,0
7782,1
7783,0
7784,4
7785,0
7786,3
7787,0
7788,2
7789,1
7790,0
7791,0
7792,0
7793,1
7794,0
7795,1
7796,2
7797,1
7798,3
7799,1
7800,3
7801,1
7802,3
7803,1
7804,3
7805,1
7806,1
7807,1
7808,0
7809,0
7810,1
7811,2
7812,2
7813,1
7814,1
7815,0
7816,3
7817,2
7818,1
7819,2
7820,0
7821,1
7822,0
7823,1
7824,3
7825,1
7826,0
7827,3
7828,2
7829,3
7830,4
7831,2
7832,2
7833,1
7834,2
7835,0
7836,2
7837,3
7838,1
7839,0
7840,0
7841,5
7842,1
7843,0
7844,1
7845,0
7846,0
7847,3
7848,2
7849,5
7850,1
7851,2
7852,2
7853,1
7854,0
7855,1
7856,5
7857,3
7858,1
7859,2
7860,2
7861,2
7862,4
7863,1
7864,1
7865,0
7866,0
7867,0
7868,2
7869,0
7870,2
7871,1
7872,1
7873,2
7874,2
7875,1
7876,1
7877,0
7878,3
7879,7
7880,0
7881,0
7882,0
7883,3
7884,0
7885,1
7886,1
7887,2
7888,1
7889,0
7890,0
7891,4
7892,2
7893,3
7894,2
7895,1
7896,2
7897,0
7898,0
7899,1
7900,1
7901,0
7902,3
7903,0
7904,3
7905,1
7906,1
7907,0
7908,0
7909,3
7910,1
7911,2
7912,3
7913,1
7914,3
7915,4
7916,2
7917,0
7918,2
7919,2
7920,0
7921,0
7922,1
7923,0
7924,3
7925,3
7926,1
7927,0
7928,1
7929,1
7930,0
7931,3
7932,3
7933,1
7934,1
7935,2
7936,2
7937,1
7938,1
7939,3
7940,0
7941,3
7942,0
7943,0
7944,1
7945,0
7946,1
7947,2
7948,0
7949,2
7950,1
7951,1
7952,0
7953,2
7954,1
7955,2
7956,3
7957,2
7958,2
7959,0
7960,1
7961,1
7962,2
7963,1
7964,0
7965,1
7966,0
7967,2
7968,0
7969,1
7970,6
7971,4
7972,2
7973,1
7974,1
7975,0
7976,1
7977,0
7978,1
7979,0
7980,0
7981,1
7982,1
7983,0
7984,3
7985,1
7986,2
7987,4
7988,0
7989,1
7990,3
7991,1
7992,3
7993,3
7994,2
7995,1
7996,4
7997,2
7998,1
7999,3
8000,4
8001,1
8002,1
8003,2
8004,1
8005,1
8006,1
8007,1
8008,2
8009,1
8010,1
8011,4
8012,3
8013,3
8014,1
8015,4
8016,1
8017,2
8018,1
8019,0
8020,1
8021,1
8022,2
8023,2
8024,3
8025,1
8026,1
8027,3
8028,0
8029,0
8030,0
8031,2
8032,0
8033,3
8034,2
8035,2
8036,0
8037,1
8038,2
8039,1
8040,1
8041,0
8042,2
8043,2
8044,0
8045,1
8046,0
8047,0
8048,0
8049,2
8050,0
8051,2
8052,2
8053,3
8054,3
8055,2
8056,1
8057,2
8058,2
8059,3
8060,0
8061,1
8062,0
8063,2
8064,1
8065,3
8066,1
8067,1
8068,2
8069,3
8070,1
8071,1
8072,4
8073,3
8074,0
8075,0
8076,1
8077,0
8078,0
8079,4
8080,6
8081,1
8082,3
8083,1
8084,2
8085,1
8086,1
8087,3
8088,0
8089,2
8090,0
8091,1
8092,1
8093,1
8094,3
8095,3
8096,0
8097,0
8098,2
8099,2
8100,2
8101,1
8102,2
8103,2
8104,1
8105,0
8106,4
8107,2
8108,1
8109,1
8110,4
8111,0
8112,3
8113,0
8114,0
8115,0
8116,0
8117,0
8118,0
8119,2
8120,2
8121,3
8122,2
8123,2
8124,0
8125,1
8126,2
8127,2
8128,0
8129,1
8130,3
8131,1
8132,1
8133,1
8134,2
8135,2
8136,5
8137,0
8138,1
8139,0
8140,0
8141,1
8142,2
8143,1
8144,0
8145,1
8146,1
8147,1
8148,0
8149,1
8150,1
8151,0
8152,1
8153,2
8154,4
8155,1
8156,1
8157,1
8158,3
8159,2
8160,0
8161,0
8162,3
8163,0
8164,1
8165,3
8166,4
8167,2
8168,1
8169,0
8170,2
8171,3
8172,0
8173,2
8174,0
8175,3
8176,2
8177,4
8178,1
8179,0
8180,0
8181,1
8182,0
8183,1
8184,1
8185,1
8186,1
8187,1
8188,0
8189,2
8190,1
8191,1
8192,3
8193,0
8194,1
8195,1
8196,1
8197,3
8198,2
8199,1
8200,1
8201,1
8202,2
8203,2
8204,1
8205,0
8206,0
8207,0
8208,2
8209,2
8210,1
8211,0
8212,1
8213,0
8214,1
8215,0
8216,3
8217,1
8218,1
8219,0
8220,0
8221,3
8222,2
8223,3
8224,1
8225,0
8226,2
8227,0
8228,1
8229,3
8230,0
8231,0
8232,1
8233,0
8234,2
8235,0
8236,0
8237,2
8238,2
8239,1
8240,1
8241,0
8242,0
8243,0
8244,2
8245,1
8246,0
8247,3
8248,1
8249,1
8250,1
8251,2
8252,0
8253,1
8254,2
8255,1
8256,2
8257,1
8258,1
8259,0
8260,4
8261,2
8262,1
8263,1
8264,1
8265,2
8266,2
8267,2
8268,0
8269,0
8270,3
8271,2
8272,1
8273,2
8274,0
8275,2
8276,1
8277,1
8278,2
8279,0
8280,1
8281,1
8282,1
8283,2
8284,0
8285,1
8286,2
8287,0
8288,3
8289,0
8290,1
8291,2
8292,3
8293,1
8294,1
8295,1
8296,1
8297,0
8298,3
8299,3
8300,4
8301,1
8302,2
8303,0
8304,1
8305,3
8306,0
8307,2
8308,0
8309,1
8310,4
8311,0
8312,1
8313,2
8314,2
8315,1
8316,3
8317,2
8318,1
8319,1
8320,3
8321,0
8322,1
8323,1
8324,0
8325,0
8326,1
8327,1
8328,2
8329,3
8330,3
8331,1
8332,3
8333,0
8334,1
8335,0
8336,0
8337,2
8338,2
8339,1
8340,2
8341,2
8342,1
8343,0
8344,0
8345,0
8346,3
8347,2
8348,2
8349,1
8350,0
8351,2
8352,3
8353,1
8354,2
8355,2
8356,1
8357,2
8358,2
8359,1
8360,1
8361,2
8362,2
8363,1
8364,1
8365,1
8366,2
8367,1
8368,0
8369,1
8370,2
8371,3
8372,3
8373,1
8374,1
8375,1
8376,0
8377,2
8378,2
8379,2
8380,4
8381,1
8382,2
8383,3
8384,2
8385,1
8386,1
8387,1
8388,1
8389,1
8390,2
8391,1
8392,1
8393,0
8394,1
8395,1
8396,1
8397,2
8398,1
8399,1
8400,3
8401,2
8402,2
8403,0
8404,2
8405,2
8406,1
8407,2
8408,3
8409,1
8410,2
8411,2
8412,1
8413,0
8414,0
8415,1
8416,1
8417,0
8418,1
8419,2
8420,1
8421,4
8422,6
8423,2
8424,2
8425,1
8426,0
8427,0
8428,0
8429,3
8430,3
8431,0
8432,3
8433,2
8434,2
8435,0
8436,1
8437,0
8438,1
8439,3
8440,1
8441,2
8442,1
8443,0
8444,2
8445,1
8446,3
8447,2
8448,0
8449,0
8450,3
8451,2
8452,1
8453,1
8454,2
8455,3
8456,1
8457,3
8458,0
8459,3
8460,0
8461,1
8462,0
8463,1
8464,2
8465,1
8466,1
8467,0
8468,3
8469,1
8470,4
8471,4
8472,5
8473,2
8474,1
8475,1
8476,1
8477,3
8478,1
8479,3
8480,0
8481,2
8482,2
8483,2
8484,1
8485,4
8486,0
8487,1
8488,0
8489,0
8490,2
8491,0
8492,3
8493,3
8494,1
8495,1
8496,1
8497,4
8498,1
8499,1
8500,1
8501,0
8502,0
8503,0
8504,2
8505,2
8506,3
8507,0
8508,2
8509,1
8510,1
8511,2
8512,4
8513,0
8514,2
8515,2
8516,1
8517,1
8518,1
8519,0
8520,0
8521,3
8522,0
8523,3
8524,2
8525,1
8526,2
8527,1
8528,4
8529,1
8530,2
8531,0
8532,0
8533,1
8534,5
8535,1
8536,1
8537,2
8538,2
8539,1
8540,1
8541,5
8542,0
8543,1
8544,3
8545,1
8546,1
8547,2
8548,1
8549,0
8550,1
8551,2
8552,2
8553,0
8554,3
8555,2
8556,2
8557,1
8558,2
8559,0
8560,1
8561,1
8562,0
8563,1
8564,1
8565,2
8566,0
8567,4
8568,1
8569,0
8570,2
8571,1
8572,0
8573,1
8574,3
8575,2
8576,1
8577,1
8578,1
8579,0
8580,3
8581,3
8582,1
8583,3
8584,0
8585,0
8586,0
8587,3
8588,2
8589,2
8590,3
8591,1
8592,3
8593,5
8594,2
8595,2
8596,0
8597,1
8598,3
8599,2
8600,1
8601,2
8602,2
8603,0
8604,2
8605,4
8606,2
8607,1
8608,2
8609,1
8610,1
8611,2
8612,0
8613,1
8614,1
8615,0
8616,0
8617,3
8618,1
8619,2
8620,2
8621,1
8622,1
8623,1
8624,2
8625,0
8626,1
8627,1
8628,2
8629,0
8630,0
8631,2
8632,1
8633,0
8634,1
8635,2
8636,2
8637,0
8638,1
8639,1
8640,2
8641,3
8642,3
8643,2
8644,0
8645,2
8646,4
8647,0
8648,0
8649,0
8650,2
8651,3
8652,2
8653,1
8654,2
8655,1
8656,0
8657,1
8658,1
8659,1
8660,1
8661,1
8662,1
8663,3
8664,1
8665,1
8666,0
8667,0
8668,3
8669,1
8670,0
8671,0
8672,0
8673,0
8674,1
8675,3
8676,0
8677,0
8678,2
8679,2
8680,3
8681,1
8682,1
8683,0
8684,0
8685,2
8686,1
8687,1
8688,0
8689,0
8690,0
8691,1
8692,0
8693,3
8694,0
8695,3
8696,1
8697,1
8698,1
8699,1
8700,2
8701,1
8702,1
8703,0
8704,0
8705,2
8706,1
8707,0
8708,1
8709,1
8710,3
8711,1
8712,2
8713,1
8714,0
8715,1
8716,0
8717,1
8718,0
8719,2
8720,0
8721,1
8722,1
8723,1
8724,1
8725,0
8726,3
8727,2
8728,2
8729,1
8730,3
8731,0
8732,1
8733,1
8734,3
8735,2
8736,1
8737,2
8738,1
8739,4
8740,4
8741,3
8742,2
8743,1
8744,0
8745,1
8746,4
8747,1
8748,0
8749,0
8750,0
8751,2
8752,2
8753,2
8754,1
8755,2
8756,2
8757,1
8758,1
8759,3
8760,1
8761,1
8762,1
8763,0
8764,0
8765,2
8766,1
8767,1
8768,2
8769,2
8770,2
8771,0
8772,1
8773,1
8774,0
8775,1
8776,1
8777,0
8778,2
8779,2
8780,2
8781,2
8782,3
8783,3
8784,1
8785,2
8786,2
8787,3
8788,2
8789,0
8790,0
8791,2
8792,1
8793,2
8794,1
8795,3
8796,2
8797,2
8798,2
8799,3
8800,1
8801,1
8802,1
8803,3
8804,3
8805,5
8806,1
8807,0
8808,2
8809,0
8810,4
8811,1
8812,2
8813,1
8814,2
8815,2
8816,2
8817,1
8818,2
8819,0
8820,2
8821,1
8822,1
8823,2
8824,0
8825,3
8826,1
8827,0
8828,3
8829,2
8830,2
8831,2
8832,1
8833,1
8834,3
8835,2
8836,0
8837,2
8838,1
8839,1
8840,4
8841,2
8842,1
8843,1
8844,2
8845,3
8846,3
8847,1
8848,1
8849,0
8850,3
8851,2
8852,0
8853,1
8854,0
8855,4
8856,3
8857,0
8858,1
8859,3
8860,1
8861,1
8862,3
8863,1
8864,0
8865,0
8866,1
8867,5
8868,4
8869,1
8870,0
8871,2
8872,1
8873,4
8874,3
8875,2
8876,1
8877,4
8878,2
8879,3
8880,3
8881,0
8882,1
8883,1
8884,1
8885,0
8886,3
8887,2
8888,2
8889,0
8890,2
8891,1
8892,0
8893,3
8894,1
8895,1
8896,1
8897,2
8898,5
8899,4
8900,2
8901,1
8902,2
8903,0
8904,0
8905,0
8906,1
8907,2
8908,1
8909,2
8910,0
8911,1
8912,2
8913,2
8914,3
8915,0
8916,4
8917,1
8918,3
8919,0
8920,2
8921,0
8922,1
8923,1
8924,0
8925,0
8926,0
8927,0
8928,4
8929,3
8930,5
8931,0
8932,2
8933,2
8934,1
8935,0
8936,2
8937,2
8938,1
8939,3
8940,1
8941,0
8942,1
8943,1
8944,0
8945,2
8946,2
8947,2
8948,0
8949,2
8950,2
8951,2
8952,2
8953,0
8954,0
8955,2
8956,1
8957,2
8958,2
8959,0
8960,1
8961,2
8962,0
8963,2
8964,1
8965,2
8966,2
8967,3
8968,0
8969,1
8970,0
8971,0
8972,2
8973,1
8974,0
8975,1
8976,0
8977,0
8978,1
8979,2
8980,2
8981,5
8982,3
8983,2
8984,2
8985,2
8986,3
8987,1
8988,0
8989,2
8990,1
8991,0
8992,0
8993,2
8994,3
8995,0
8996,0
8997,1
8998,3
8999,1
9000,1
9001,0
9002,2
9003,3
9004,4
9005,1
9006,2
9007,1
9008,2
9009,2
9010,3
9011,2
9012,1
9013,1
9014,0
9015,2
9016,3
9017,1
9018,0
9019,0
9020,2
9021,4
9022,1
9023,3
9024,0
9025,0
9026,1
9027,2
9028,0
9029,1
9030,1
9031,1
9032,2
9033,0
9034,1
9035,0
9036,2
9037,1
9038,1
9039,0
9040,0
9041,1
9042,1
9043,0
9044,1
9045,0
9046,4
9047,1
9048,1
9049,0
9050,1
9051,1
9052,1
9053,1
9054,2
9055,0
9056,4
9057,1
9058,1
9059,1
9060,2
9061,2
9062,1
9063,0
9064,1
9065,1
9066,1
