0,7
1,3
2,3
3,1
4,3
5,5
6,5
7,5
8,8
9,7
10,6
11,2
12,6
13,2
14,3
15,6
16,6
17,3
18,1
19,3
20,8
21,4
22,9
23,8
24,5
25,4
26,6
27,4
28,7
29,2
30,5
31,3
32,4
33,5
34,7
35,3
36,6
37,4
38,6
39,7
40,8
41,6
42,5
43,7
44,7
45,5
46,3
47,9
48,3
49,5
50,5
51,4
52,5
53,3
54,5
55,4
56,4
57,5
58,6
59,7
60,5
61,4
62,6
63,6
64,3
65,4
66,6
67,5
68,7
69,6
70,2
71,6
72,6
73,6
74,8
75,9
76,4
77,7
78,8
79,2
80,7
81,7
82,9
83,5
84,5
85,5
86,4
87,6
88,4
89,7
90,6
91,3
92,4
93,1
94,6
95,9
96,2
97,5
98,5
99,6
100,4
101,5
102,4
103,11
104,4
105,5
106,4
107,1
108,3
109,4
110,5
111,5
112,9
113,2
114,6
115,2
116,1
117,4
118,1
119,1
120,5
121,4
122,6
123,6
124,7
125,5
126,6
127,4
128,5
129,6
130,8
131,5
132,4
133,5
134,5
135,4
136,4
137,5
138,5
139,3
140,8
141,3
142,6
143,6
144,1
145,5
146,8
147,6
148,7
149,4
150,4
151,5
152,5
153,5
154,7
155,6
156,5
157,6
158,3
159,5
160,6
161,4
162,1
163,9
164,5
165,8
166,6
167,7
168,5
169,5
170,5
171,4
172,6
173,5
174,5
175,6
176,7
177,5
178,4
179,8
180,9
181,5
182,4
183,2
184,4
185,5
186,7
187,5
188,8
189,10
190,3
191,3
192,9
193,5
194,6
195,2
196,5
197,5
198,0
199,3
200,10
201,3
202,9
203,4
204,8
205,8
206,8
207,7
208,9
209,8
210,6
211,5
212,5
213,5
214,6
215,3
216,3
217,3
218,3
219,4
220,4
221,4
222,5
223,5
224,6
225,3
226,7
227,5
228,1
229,5
230,3
231,4
232,3
233,2
234,4
235,3
236,3
237,11
238,3
239,5
240,4
241,6
242,1
243,5
244,2
245,3
246,8
247,3
248,5
249,5
250,8
251,3
252,8
253,4
254,5
255,3
256,2
257,6
258,6
259,5
260,4
261,9
262,8
263,5
264,5
265,3
266,5
267,3
268,6
269,5
270,4
271,5
272,12
273,3
274,7
275,9
276,5
277,9
278,10
279,5
280,3
281,3
282,1
283,6
284,7
285,2
286,3
287,6
288,4
289,5
290,8
291,4
292,6
293,4
294,5
295,5
296,5
297,7
298,4
299,2
300,3
301,4
302,4
303,10
304,4
305,4
306,4
307,2
308,6
309,4
310,8
311,7
312,4
313,6
314,8
315,3
316,2
317,6
318,3
319,2
320,7
321,6
322,3
323,5
324,4
325,7
326,6
327,2
328,8
329,1
330,5
331,4
332,6
333,4
334,6
335,4
336,7
337,4
338,7
339,3
340,6
341,5
342,2
343,7
344,4
345,6
346,3
347,3
348,2
349,4
350,4
351,7
352,2
353,4
354,1
355,7
356,3
357,8
358,4
359,7
360,8
361,6
362,2
363,6
364,6
365,6
366,5
367,4
368,4
369,3
370,5
371,3
372,5
373,5
374,7
375,9
376,6
377,10
378,8
379,6
380,4
381,3
382,5
383,3
384,6
385,4
386,5
387,6
388,5
389,8
390,3
391,5
392,4
393,5
394,6
395,8
396,3
397,7
398,2
399,3
400,11
401,7
402,5
403,1
404,3
405,5
406,8
407,6
408,4
409,7
410,3
411,4
412,4
413,3
414,9
415,3
416,2
417,5
418,4
419,5
420,5
421,5
422,6
423,4
424,3
425,8
426,5
427,4
428,7
429,6
430,5
431,1
432,4
433,7
434,6
435,7
436,7
437,3
438,2
439,3
440,5
441,8
442,2
443,4
444,8
445,10
446,8
447,6
448,1
449,2
450,3
451,2
452,5
453,3
454,5
455,1
456,10
457,2
458,6
459,2
460,3
461,4
462,2
463,8
464,5
465,4
466,7
467,4
468,6
469,12
470,3
471,6
472,3
473,4
474,1
475,1
476,9
477,6
478,2
479,4
480,9
481,3
482,2
483,3
484,4
485,3
486,2
487,7
488,4
489,8
490,7
491,5
492,6
493,9
494,8
495,7
496,5
497,5
498,7
499,9
500,8
501,4
502,4
503,5
504,2
505,4
506,1
507,1
508,2
509,4
510,6
511,5
512,5
513,6
514,5
515,4
516,4
517,3
518,7
519,6
520,8
521,6
522,9
523,2
524,4
525,8
526,5
527,9
528,5
529,8
530,6
531,4
532,7
533,5
534,5
535,4
536,6
537,8
538,9
539,8
540,6
541,6
542,5
543,3
544,2
545,5
546,4
547,8
548,6
549,4
550,5
551,4
552,2
553,5
554,4
555,1
556,2
557,8
558,3
559,9
560,2
561,5
562,3
563,6
564,2
565,6
566,3
567,6
568,3
569,0
570,6
571,6
572,6
573,10
574,9
575,3
576,9
577,7
578,7
579,4
580,4
581,7
582,3
583,5
584,7
585,4
586,6
587,4
588,10
589,8
590,6
591,3
592,8
593,2
594,7
595,5
596,8
597,6
598,7
599,7
600,2
601,6
602,8
603,4
604,8
605,9
606,4
607,4
608,7
609,5
610,9
611,7
612,4
613,4
614,7
615,2
616,3
617,6
618,4
619,4
620,2
621,10
622,7
623,5
624,3
625,1
626,3
627,7
628,7
629,9
630,4
631,3
632,7
633,3
634,3
635,4
636,5
637,7
638,6
639,6
640,5
641,8
642,6
643,6
644,3
645,4
646,5
647,2
648,3
649,7
650,6
651,4
652,2
653,5
654,7
655,5
656,15
657,5
658,4
659,5
660,7
661,4
662,5
663,6
664,5
665,0
666,8
667,8
668,7
669,0
670,5
671,8
672,7
673,7
674,5
675,7
676,6
677,5
678,6
679,4
680,7
681,4
682,9
683,5
684,4
685,7
686,6
687,5
688,6
689,6
690,7
691,9
692,8
693,4
694,6
695,6
696,11
697,4
698,3
699,2
700,8
701,6
702,2
703,4
704,6
705,4
706,6
707,4
708,6
709,5
710,10
711,5
712,6
713,5
714,5
715,4
716,5
717,7
718,2
719,2
720,6
721,3
722,9
723,9
724,5
725,3
726,2
727,3
728,2
729,4
730,6
731,5
732,3
733,2
734,5
735,3
736,5
737,8
738,10
739,10
740,4
741,4
742,3
743,5
744,6
745,10
746,5
747,5
748,2
749,3
750,4
751,8
752,8
753,4
754,3
755,2
756,1
757,5
758,2
759,6
760,6
761,7
762,2
763,3
764,5
765,1
766,4
767,5
768,3
769,1
770,10
771,8
772,4
773,8
774,1
775,4
776,7
777,5
778,3
779,4
780,6
781,4
782,4
783,2
784,7
785,4
786,5
787,4
788,5
789,7
790,0
791,5
792,4
793,5
794,4
795,4
796,11
797,5
798,8
799,5
800,6
801,4
802,5
803,3
804,8
805,7
806,4
807,5
808,4
809,5
810,1
811,2
812,5
813,1
814,2
815,2
816,5
817,5
818,11
819,4
820,3
821,4
822,5
823,4
824,4
825,1
826,7
827,7
828,4
829,2
830,3
831,9
832,4
833,6
834,4
835,6
836,9
837,1
838,6
839,4
840,4
841,6
842,5
843,5
844,3
845,2
846,4
847,7
848,7
849,4
850,3
851,5
852,3
853,5
854,11
855,4
856,3
857,4
858,6
859,3
860,5
861,10
862,4
863,5
864,3
865,5
866,4
867,2
868,1
869,5
870,4
871,2
872,8
873,2
874,14
875,8
876,5
877,4
878,5
879,4
880,3
881,4
882,8
883,7
884,7
885,1
886,3
887,5
888,5
889,5
890,6
891,7
892,5
893,5
894,3
895,5
896,5
897,5
898,3
899,6
900,1
901,0
902,3
903,5
904,4
905,4
906,9
907,8
908,3
909,6
910,9
911,5
912,7
913,1
914,7
915,6
916,4
917,7
918,6
919,5
920,5
921,7
922,6
923,10
924,4
925,4
926,3
927,4
928,7
929,5
930,3
931,3
932,6
933,3
934,4
935,5
936,8
937,4
938,7
939,2
940,6
941,3
942,6
943,7
944,4
945,6
946,4
947,8
948,4
949,6
950,9
951,6
952,2
953,3
954,6
955,5
956,1
957,5
958,6
959,5
960,3
961,7
962,5
963,3
964,4
965,6
966,5
967,5
968,7
969,2
970,5
971,6
972,5
973,5
974,3
975,9
976,7
977,10
978,1
979,4
980,6
981,6
982,7
983,11
984,7
985,4
986,9
987,6
988,1
989,10
990,4
991,3
992,8
993,2
994,6
995,5
996,5
997,7
998,4
999,8
1000,6
1001,6
1002,5
1003,4
1004,3
1005,2
1006,3
1007,5
1008,7
1009,6
1010,6
1011,7
1012,8
1013,8
1014,6
1015,5
1016,3
1017,8
1018,8
1019,7
1020,4
1021,3
1022,5
1023,5
1024,7
1025,7
1026,3
1027,4
1028,7
1029,4
1030,9
1031,2
1032,10
1033,4
1034,10
1035,7
1036,2
1037,4
1038,6
1039,3
1040,6
1041,3
1042,7
1043,8
1044,1
1045,6
1046,3
1047,5
1048,6
1049,3
1050,1
1051,3
1052,11
1053,6
1054,2
1055,10
1056,5
1057,3
1058,5
1059,4
1060,1
1061,6
1062,5
1063,5
1064,9
1065,6
1066,9
1067,8
1068,1
1069,1
1070,3
1071,2
1072,3
1073,2
1074,3
1075,5
1076,14
1077,4
1078,8
1079,4
1080,6
1081,7
1082,11
1083,7
1084,5
1085,6
1086,4
1087,1
1088,7
1089,3
1090,6
1091,5
1092,4
1093,3
1094,4
1095,4
1096,5
1097,3
1098,3
1099,5
1100,2
1101,6
1102,3
1103,6
1104,6
1105,5
1106,3
1107,1
1108,8
1109,8
1110,6
1111,2
1112,2
1113,4
1114,4
1115,4
1116,3
1117,3
1118,4
1119,4
1120,3
1121,5
1122,5
1123,5
1124,2
1125,5
1126,5
1127,3
1128,7
1129,2
1130,10
1131,3
1132,6
1133,4
1134,2
1135,8
1136,7
1137,5
1138,5
1139,5
1140,7
1141,4
1142,6
1143,8
1144,4
1145,6
1146,5
1147,4
1148,7
1149,6
1150,7
1151,3
1152,3
1153,3
1154,3
1155,6
1156,3
1157,8
1158,3
1159,3
1160,7
1161,5
1162,8
1163,3
1164,7
1165,6
1166,3
1167,4
1168,5
1169,3
1170,5
1171,4
1172,5
1173,4
1174,6
1175,10
1176,4
1177,8
1178,5
1179,7
1180,5
1181,7
1182,4
1183,4
1184,3
1185,0
1186,6
1187,6
1188,3
1189,3
1190,3
1191,2
1192,8
1193,3
1194,7
1195,3
1196,6
1197,6
1198,6
1199,5
1200,6
1201,8
1202,7
1203,6
1204,8
1205,5
1206,8
1207,2
1208,4
1209,9
1210,0
1211,9
1212,3
1213,3
1214,6
1215,12
1216,5
1217,7
1218,2
1219,5
1220,5
1221,3
1222,8
1223,4
1224,7
1225,3
1226,8
1227,9
1228,5
1229,5
1230,2
1231,4
1232,3
1233,5
1234,7
1235,5
1236,4
1237,8
1238,8
1239,9
1240,9
1241,6
1242,3
1243,4
1244,2
1245,7
1246,4
1247,4
1248,4
1249,5
1250,2
1251,3
1252,6
1253,5
1254,7
1255,4
1256,4
1257,7
1258,5
1259,6
1260,6
1261,6
1262,3
1263,5
1264,4
1265,6
1266,3
1267,3
1268,7
1269,7
1270,4
1271,5
1272,8
1273,9
1274,4
1275,5
1276,7
1277,2
1278,3
1279,7
1280,3
1281,5
1282,4
1283,3
1284,6
1285,7
1286,4
1287,3
1288,3
1289,6
1290,8
1291,4
1292,3
1293,4
1294,8
1295,6
1296,5
1297,6
1298,4
1299,10
1300,4
1301,11
1302,3
1303,5
1304,2
1305,4
1306,9
1307,4
1308,4
1309,5
1310,6
1311,5
1312,5
1313,3
1314,3
1315,10
1316,2
1317,9
1318,4
1319,6
1320,7
1321,6
1322,5
1323,2
1324,3
1325,1
1326,5
1327,0
1328,6
1329,4
1330,6
1331,3
1332,8
1333,7
1334,4
1335,3
1336,3
1337,9
1338,7
1339,2
1340,4
1341,6
1342,8
1343,5
1344,3
1345,6
1346,6
1347,10
1348,2
1349,5
1350,4
1351,2
1352,9
1353,8
1354,3
1355,8
1356,4
1357,3
1358,2
1359,4
1360,2
1361,3
1362,3
1363,5
1364,3
1365,7
1366,3
1367,3
1368,6
1369,4
1370,5
1371,9
1372,7
1373,7
1374,5
1375,9
1376,7
1377,10
1378,6
1379,6
1380,4
1381,4
1382,2
1383,4
1384,6
1385,5
1386,3
1387,3
1388,3
1389,12
1390,6
1391,6
1392,4
1393,5
1394,8
1395,5
1396,4
1397,3
1398,5
1399,5
1400,6
1401,4
1402,6
1403,5
1404,2
1405,6
1406,5
1407,6
1408,5
1409,3
1410,6
1411,4
1412,9
1413,6
1414,3
1415,3
1416,4
1417,2
1418,5
1419,4
1420,3
1421,1
1422,8
1423,5
1424,6
1425,9
1426,8
1427,4
1428,8
1429,6
1430,2
1431,6
1432,7
1433,2
1434,5
1435,2
1436,5
1437,5
1438,4
1439,8
1440,9
1441,6
1442,2
1443,2
1444,8
1445,7
1446,6
1447,7
1448,6
1449,5
1450,7
1451,5
1452,7
1453,5
1454,0
1455,6
1456,5
1457,3
1458,5
1459,6
1460,5
1461,7
1462,6
1463,5
1464,9
1465,4
1466,4
1467,3
1468,7
1469,6
1470,6
1471,6
1472,4
1473,14
1474,7
1475,8
1476,5
1477,6
1478,7
1479,8
1480,5
1481,6
1482,3
1483,8
1484,6
1485,3
1486,8
1487,2
1488,8
1489,3
1490,5
1491,3
1492,8
1493,2
1494,7
1495,3
1496,8
1497,7
1498,2
1499,8
1500,2
1501,8
1502,4
1503,2
1504,5
1505,4
1506,8
1507,11
1508,8
1509,8
1510,4
1511,3
1512,5
1513,3
1514,1
1515,8
1516,9
1517,3
1518,6
1519,6
1520,2
1521,6
1522,8
1523,2
1524,6
1525,7
1526,5
1527,5
1528,6
1529,2
1530,9
1531,7
1532,3
1533,3
1534,6
1535,3
1536,6
1537,9
1538,4
1539,5
1540,6
1541,6
1542,5
1543,5
1544,3
1545,10
1546,4
1547,8
1548,3
1549,4
1550,6
1551,3
1552,3
1553,4
1554,4
1555,8
1556,6
1557,9
1558,6
1559,2
1560,1
1561,5
1562,5
1563,8
1564,8
1565,10
1566,5
1567,3
1568,4
1569,8
1570,9
1571,6
1572,9
1573,5
1574,2
1575,8
1576,5
1577,7
1578,3
1579,3
1580,5
1581,9
1582,11
1583,6
1584,2
1585,6
1586,3
1587,7
1588,6
1589,9
1590,7
1591,3
1592,2
1593,4
1594,5
1595,3
1596,9
1597,6
1598,5
1599,11
1600,6
1601,7
1602,4
1603,8
1604,6
1605,4
1606,2
1607,4
1608,4
1609,5
1610,4
1611,4
1612,6
1613,3
1614,4
1615,4
1616,6
1617,5
1618,5
1619,4
1620,2
1621,5
1622,5
1623,4
1624,7
1625,12
1626,7
1627,3
1628,3
1629,7
1630,7
1631,7
1632,5
1633,5
1634,7
1635,5
1636,5
1637,2
1638,9
1639,6
1640,2
1641,7
1642,8
1643,7
1644,3
1645,5
1646,4
1647,4
1648,7
1649,8
1650,6
1651,4
1652,2
1653,4
1654,5
1655,5
1656,8
1657,3
1658,4
1659,5
1660,5
1661,3
1662,8
1663,8
1664,4
1665,8
1666,5
1667,5
1668,11
1669,8
1670,10
1671,2
1672,9
1673,5
1674,1
1675,8
1676,4
1677,5
1678,10
1679,5
1680,1
1681,4
1682,2
1683,8
1684,8
1685,4
1686,5
1687,8
1688,4
1689,6
1690,6
1691,6
1692,3
1693,5
1694,4
1695,3
1696,7
1697,5
1698,6
1699,2
1700,8
1701,8
1702,5
1703,6
1704,7
1705,4
1706,4
1707,8
1708,7
1709,8
1710,6
1711,6
1712,5
1713,5
1714,4
1715,3
1716,10
1717,6
1718,6
1719,4
1720,0
1721,7
1722,4
1723,3
1724,5
1725,4
1726,2
1727,2
1728,8
1729,6
1730,4
1731,2
1732,4
1733,3
1734,4
1735,3
1736,2
1737,4
1738,8
1739,8
1740,5
1741,10
1742,1
1743,3
1744,9
1745,4
1746,4
1747,2
1748,8
1749,4
1750,3
1751,6
1752,1
1753,2
1754,8
1755,3
1756,6
1757,2
1758,5
1759,3
1760,6
1761,6
1762,4
1763,4
1764,5
1765,4
1766,4
1767,4
1768,6
1769,4
1770,0
1771,6
1772,4
1773,7
1774,8
1775,4
1776,5
1777,0
1778,1
1779,6
1780,5
1781,9
1782,10
1783,3
1784,2
1785,6
1786,8
1787,6
1788,9
1789,4
1790,8
1791,8
1792,5
1793,1
1794,5
1795,3
1796,4
1797,4
1798,3
1799,6
1800,4
1801,5
1802,4
1803,4
1804,7
1805,3
1806,2
1807,2
1808,7
1809,2
1810,6
1811,4
1812,4
1813,5
1814,4
1815,3
1816,3
1817,5
1818,4
1819,7
1820,3
1821,5
1822,6
1823,7
1824,5
1825,9
1826,5
1827,5
1828,5
1829,6
1830,3
1831,3
1832,8
1833,5
1834,5
1835,6
1836,9
1837,1
1838,9
1839,6
1840,5
1841,4
1842,3
1843,8
1844,7
1845,7
1846,2
1847,4
1848,9
1849,3
1850,6
1851,3
1852,7
1853,5
1854,3
1855,4
1856,8
1857,11
1858,2
1859,1
1860,2
1861,6
1862,4
1863,6
1864,3
1865,3
1866,7
1867,1
1868,1
1869,4
1870,5
1871,4
1872,8
1873,2
1874,8
1875,4
1876,6
1877,6
1878,4
1879,6
1880,6
1881,4
1882,10
1883,6
1884,2
1885,5
1886,8
1887,7
1888,5
1889,5
1890,3
1891,6
1892,4
1893,10
1894,3
1895,6
1896,6
1897,6
1898,5
1899,4
1900,7
1901,5
1902,8
1903,6
1904,5
1905,1
1906,8
1907,5
1908,3
1909,4
1910,3
1911,4
1912,5
1913,6
1914,11
1915,5
1916,2
1917,8
1918,4
1919,4
1920,3
1921,2
1922,7
1923,7
1924,5
1925,3
1926,6
1927,3
1928,4
1929,6
1930,5
1931,2
1932,3
1933,7
1934,3
1935,9
1936,5
1937,8
1938,6
1939,6
1940,3
1941,5
1942,5
1943,5
1944,4
1945,3
1946,7
1947,6
1948,1
1949,6
1950,5
1951,6
1952,7
1953,4
1954,4
1955,6
1956,2
1957,8
1958,4
1959,7
1960,5
1961,7
1962,7
1963,4
1964,6
1965,5
1966,6
1967,6
1968,6
1969,3
1970,4
1971,0
1972,3
1973,6
1974,5
1975,6
1976,7
1977,6
1978,5
1979,8
1980,1
1981,5
1982,4
1983,8
1984,4
1985,8
1986,7
1987,5
1988,5
1989,8
1990,5
1991,7
1992,10
1993,6
1994,4
1995,4
1996,4
1997,3
1998,2
1999,5
2000,5
2001,6
2002,6
2003,5
2004,0
2005,6
2006,3
2007,5
2008,4
2009,4
2010,5
2011,3
2012,5
2013,0
2014,5
2015,3
2016,2
2017,7
2018,6
2019,7
2020,6
2021,2
2022,6
2023,5
2024,4
2025,4
2026,7
2027,6
2028,3
2029,3
2030,7
2031,4
2032,5
2033,5
2034,9
2035,1
2036,8
2037,3
2038,3
2039,3
2040,3
2041,6
2042,3
2043,6
2044,7
2045,4
2046,2
2047,7
2048,6
2049,6
2050,6
2051,5
2052,4
2053,3
2054,12
2055,5
2056,10
2057,6
2058,7
2059,3
2060,6
2061,5
2062,7
2063,4
2064,4
2065,5
2066,3
2067,6
2068,5
2069,3
2070,6
2071,11
2072,5
2073,4
2074,3
2075,1
2076,4
2077,4
2078,7
2079,3
2080,2
2081,10
2082,2
2083,4
2084,7
2085,7
2086,6
2087,8
2088,7
2089,3
2090,4
2091,4
2092,5
2093,3
2094,4
2095,6
2096,3
2097,8
2098,5
2099,4
2100,3
2101,2
2102,5
2103,4
2104,4
2105,6
2106,5
2107,4
2108,8
2109,4
2110,4
2111,4
2112,5
2113,6
2114,1
2115,5
2116,4
2117,7
2118,7
2119,4
2120,4
2121,3
2122,3
2123,4
2124,3
2125,2
2126,7
2127,3
2128,6
2129,4
2130,4
2131,4
2132,7
2133,10
2134,4
2135,4
2136,2
2137,8
2138,7
2139,6
2140,6
2141,5
2142,5
2143,4
2144,1
2145,5
2146,7
2147,11
2148,7
2149,4
2150,12
2151,8
2152,4
2153,5
2154,2
2155,3
2156,2
2157,1
2158,2
2159,3
2160,9
2161,6
2162,7
2163,4
2164,2
2165,5
2166,9
2167,12
2168,7
2169,5
2170,7
2171,8
2172,5
2173,6
2174,4
2175,5
2176,3
2177,7
2178,6
2179,6
2180,7
2181,7
2182,6
2183,5
2184,6
2185,5
2186,5
2187,7
2188,5
2189,3
2190,1
2191,5
2192,10
2193,2
2194,5
2195,4
2196,5
2197,6
2198,6
2199,4
2200,11
2201,4
2202,4
2203,6
2204,8
2205,3
2206,6
2207,4
2208,8
2209,11
2210,4
2211,1
2212,5
2213,4
2214,3
2215,2
2216,3
2217,6
2218,7
2219,2
2220,5
2221,3
2222,9
2223,6
2224,5
2225,3
2226,5
2227,3
2228,8
2229,7
2230,5
2231,5
2232,7
2233,4
2234,10
2235,5
2236,7
2237,6
2238,5
2239,5
2240,4
2241,8
2242,4
2243,2
2244,3
2245,7
2246,3
2247,5
2248,6
2249,7
2250,7
2251,2
2252,4
2253,8
2254,4
2255,7
2256,3
2257,8
2258,3
2259,6
2260,5
2261,6
2262,6
2263,6
2264,9
2265,3
2266,5
2267,6
2268,5
2269,3
2270,4
2271,3
2272,3
2273,8
2274,5
2275,4
2276,7
2277,4
2278,6
2279,8
2280,2
2281,7
2282,7
2283,4
2284,4
2285,7
2286,5
2287,5
2288,9
2289,6
2290,6
2291,5
2292,6
2293,4
2294,6
2295,5
2296,4
2297,6
2298,7
2299,3
2300,3
2301,5
2302,8
2303,3
2304,8
2305,5
2306,3
2307,0
2308,1
2309,6
2310,8
2311,7
2312,5
2313,6
2314,7
2315,7
2316,8
2317,5
2318,2
2319,6
2320,5
2321,7
2322,6
2323,2
2324,4
2325,4
2326,10
2327,11
2328,7
2329,3
2330,7
2331,9
2332,9
2333,3
2334,6
2335,5
2336,3
2337,8
2338,2
2339,6
2340,8
2341,3
2342,7
2343,2
2344,6
2345,3
2346,7
2347,5
2348,7
2349,3
2350,3
2351,4
2352,6
2353,8
2354,5
2355,0
2356,6
2357,4
2358,3
2359,7
2360,3
2361,6
2362,5
2363,5
2364,9
2365,5
2366,5
2367,3
2368,3
2369,2
2370,3
2371,2
2372,11
2373,1
2374,6
2375,3
2376,4
2377,6
2378,7
2379,4
2380,7
2381,6
2382,8
2383,5
2384,3
2385,7
2386,3
2387,3
2388,4
2389,4
2390,2
2391,3
2392,2
2393,5
2394,9
2395,4
2396,2
2397,9
2398,3
2399,9
2400,9
2401,3
2402,5
2403,8
2404,4
2405,5
2406,0
2407,7
2408,5
2409,8
2410,4
2411,5
2412,11
2413,5
2414,6
2415,1
2416,6
2417,2
2418,6
2419,6
2420,7
2421,1
2422,5
2423,10
2424,3
2425,5
2426,7
2427,2
2428,4
2429,9
2430,7
2431,6
2432,3
2433,5
2434,6
2435,2
2436,2
2437,7
2438,2
2439,4
2440,2
2441,3
2442,4
2443,6
2444,5
2445,7
2446,5
2447,3
2448,8
2449,3
2450,5
2451,3
2452,7
2453,6
2454,5
2455,3
2456,6
2457,2
2458,6
2459,4
2460,0
2461,6
2462,2
2463,2
2464,3
2465,3
2466,6
2467,6
2468,5
2469,1
2470,9
2471,4
2472,4
2473,6
2474,3
2475,9
2476,5
2477,2
2478,5
2479,3
2480,8
2481,6
2482,3
2483,3
2484,5
2485,10
2486,3
2487,9
2488,4
2489,8
2490,6
2491,5
2492,5
2493,5
2494,8
2495,3
2496,4
2497,6
2498,3
2499,2
2500,2
2501,5
2502,1
2503,2
2504,2
2505,6
2506,3
2507,6
2508,7
2509,3
2510,6
2511,4
2512,5
2513,4
2514,2
2515,2
2516,1
2517,7
2518,4
2519,10
2520,5
2521,3
2522,8
2523,2
2524,3
2525,3
2526,2
2527,1
2528,3
2529,3
2530,2
2531,1
2532,8
2533,5
2534,5
2535,5
2536,4
2537,5
2538,3
2539,8
2540,3
2541,3
2542,5
2543,2
2544,5
2545,5
2546,5
2547,8
2548,4
2549,5
2550,5
2551,3
2552,8
2553,6
2554,3
2555,9
2556,3
2557,4
2558,4
2559,5
2560,7
2561,3
2562,5
2563,8
2564,8
2565,2
2566,8
2567,8
2568,4
2569,4
2570,2
2571,1
2572,3
2573,2
2574,9
2575,8
2576,2
2577,9
2578,10
2579,8
2580,6
2581,6
2582,6
2583,8
2584,5
2585,3
2586,6
2587,6
2588,4
2589,5
2590,5
2591,6
2592,6
2593,5
2594,5
2595,3
2596,4
2597,10
2598,5
2599,5
2600,7
2601,2
2602,5
2603,2
2604,5
2605,5
2606,4
2607,4
2608,6
2609,4
2610,4
2611,3
2612,2
2613,5
2614,4
2615,8
2616,4
2617,4
2618,2
2619,2
2620,7
2621,5
2622,3
2623,4
2624,1
2625,5
2626,3
2627,8
2628,6
2629,4
2630,4
2631,5
2632,8
2633,3
2634,3
2635,3
2636,6
2637,2
2638,7
2639,8
2640,6
2641,3
2642,2
2643,4
2644,7
2645,3
2646,4
2647,5
2648,3
2649,5
2650,5
2651,3
2652,8
2653,3
2654,10
2655,4
2656,2
2657,4
2658,3
2659,11
2660,2
2661,3
2662,2
2663,3
2664,4
2665,3
2666,3
2667,7
2668,4
2669,4
2670,3
2671,3
2672,6
2673,4
2674,7
2675,4
2676,8
2677,9
2678,3
2679,3
2680,7
2681,8
2682,4
2683,5
2684,3
2685,5
2686,2
2687,5
2688,5
2689,6
2690,5
2691,8
2692,7
2693,7
2694,4
2695,1
2696,1
2697,4
2698,8
2699,5
2700,6
2701,12
2702,7
2703,10
2704,4
2705,6
2706,3
2707,2
2708,4
2709,6
2710,5
2711,5
2712,2
2713,7
2714,3
2715,9
2716,6
2717,5
2718,7
2719,2
2720,7
2721,9
2722,5
2723,3
2724,3
2725,5
2726,4
2727,5
2728,3
2729,4
2730,2
2731,10
2732,5
2733,3
2734,4
2735,6
2736,4
2737,3
2738,2
2739,3
2740,6
2741,3
2742,7
2743,9
2744,6
2745,3
2746,2
2747,5
2748,5
2749,1
2750,4
2751,6
2752,5
2753,4
2754,6
2755,5
2756,7
2757,4
2758,4
2759,6
2760,1
2761,4
2762,5
2763,3
2764,3
2765,5
2766,2
2767,2
2768,7
2769,3
2770,9
2771,2
2772,5
2773,6
2774,7
2775,6
2776,5
2777,3
2778,5
2779,6
2780,3
2781,4
2782,1
2783,3
2784,5
2785,9
2786,4
2787,7
2788,4
2789,8
2790,5
2791,7
2792,4
2793,1
2794,5
2795,7
2796,6
2797,2
2798,3
2799,6
2800,3
2801,6
2802,6
2803,5
2804,11
2805,6
2806,6
2807,5
2808,2
2809,2
2810,3
2811,1
2812,3
2813,7
2814,2
2815,7
2816,6
2817,3
2818,6
2819,5
2820,3
2821,5
2822,6
2823,11
2824,3
2825,5
2826,5
2827,10
2828,3
2829,6
2830,6
2831,8
2832,10
2833,3
2834,6
2835,4
2836,6
2837,3
2838,4
2839,5
2840,4
2841,9
2842,3
2843,5
2844,6
2845,6
2846,4
2847,8
2848,4
2849,8
2850,7
2851,3
2852,4
2853,1
2854,7
2855,4
2856,5
2857,9
2858,5
2859,3
2860,6
2861,5
2862,5
2863,6
2864,7
2865,2
2866,0
2867,4
2868,6
2869,5
2870,6
2871,2
2872,1
2873,1
2874,4
2875,2
2876,8
2877,6
2878,6
2879,2
2880,1
2881,6
2882,4
2883,4
2884,6
2885,5
2886,2
2887,4
2888,6
2889,3
2890,6
2891,2
2892,5
2893,5
2894,8
2895,6
2896,4
2897,3
2898,7
2899,4
2900,7
2901,3
2902,7
2903,5
2904,8
2905,4
2906,4
2907,5
2908,9
2909,1
2910,3
2911,8
2912,3
2913,4
2914,2
2915,8
2916,5
2917,6
2918,1
2919,5
2920,3
2921,3
2922,4
2923,5
2924,4
2925,3
2926,7
2927,5
2928,5
2929,8
2930,2
2931,2
2932,5
2933,2
2934,5
2935,3
2936,3
2937,4
2938,5
2939,4
2940,8
2941,5
2942,4
2943,9
2944,4
2945,3
2946,4
2947,3
2948,1
2949,3
2950,5
2951,5
2952,9
2953,2
2954,3
2955,2
2956,5
2957,1
2958,2
2959,6
2960,10
2961,3
2962,4
2963,10
2964,5
2965,8
2966,7
2967,6
2968,7
2969,1
2970,4
2971,2
2972,8
2973,8
2974,6
2975,4
2976,8
2977,6
2978,3
2979,2
2980,0
2981,6
2982,2
2983,5
2984,3
2985,5
2986,1
2987,5
2988,2
2989,6
2990,5
2991,6
2992,8
2993,3
2994,10
2995,6
2996,9
2997,6
2998,4
2999,3
3000,3
3001,9
3002,3
3003,5
3004,5
3005,5
3006,5
3007,7
3008,5
3009,9
3010,2
3011,2
3012,3
3013,6
3014,5
3015,4
3016,3
3017,6
3018,5
3019,4
3020,0
3021,9
3022,3
3023,6
3024,4
3025,7
3026,8
3027,7
3028,7
3029,4
3030,5
3031,5
3032,5
3033,5
3034,6
3035,6
3036,5
3037,8
3038,2
3039,5
3040,10
3041,4
3042,4
3043,5
3044,10
3045,4
3046,4
3047,8
3048,5
3049,4
3050,3
3051,5
3052,9
3053,4
3054,6
3055,2
3056,8
3057,3
3058,1
3059,4
3060,4
3061,4
3062,5
3063,6
3064,5
3065,5
3066,5
3067,4
3068,5
3069,7
3070,4
3071,4
3072,7
3073,3
3074,2
3075,3
3076,5
3077,2
3078,9
3079,4
3080,6
3081,7
3082,3
3083,7
3084,3
3085,7
3086,3
3087,4
3088,3
3089,4
3090,7
3091,7
3092,10
3093,3
3094,7
3095,7
3096,8
3097,8
3098,3
3099,4
3100,4
3101,5
3102,2
3103,9
3104,2
3105,5
3106,2
3107,2
3108,9
3109,4
3110,2
3111,5
3112,3
3113,2
3114,2
3115,2
3116,5
3117,3
3118,9
3119,5
3120,0
3121,1
3122,11
3123,2
3124,7
3125,4
3126,7
3127,7
3128,4
3129,10
3130,3
3131,6
3132,4
3133,8
3134,5
3135,8
3136,0
3137,5
3138,2
3139,5
3140,6
3141,3
3142,5
3143,9
3144,5
3145,6
3146,5
3147,7
3148,4
3149,5
3150,8
3151,2
3152,5
3153,4
3154,8
3155,4
3156,5
3157,5
3158,10
3159,5
3160,1
3161,7
3162,5
3163,7
3164,8
3165,5
3166,7
3167,3
3168,3
3169,4
3170,11
3171,6
3172,10
3173,8
3174,5
3175,7
3176,6
3177,3
3178,7
3179,5
3180,3
3181,0
3182,9
3183,5
3184,8
3185,3
3186,4
3187,7
3188,6
3189,5
3190,6
3191,4
3192,3
3193,3
3194,3
3195,7
3196,6
3197,8
3198,6
3199,8
3200,9
3201,5
3202,5
3203,6
3204,3
3205,2
3206,6
3207,3
3208,4
3209,2
3210,5
3211,12
3212,4
3213,2
3214,10
3215,8
3216,1
3217,1
3218,6
3219,3
3220,2
3221,6
3222,7
3223,4
3224,3
3225,8
3226,4
3227,2
3228,3
3229,7
3230,3
3231,5
3232,6
3233,3
3234,3
3235,6
3236,7
3237,0
3238,5
3239,13
3240,3
3241,5
3242,7
3243,6
3244,7
3245,3
3246,3
3247,6
3248,5
3249,8
3250,6
3251,5
3252,2
3253,2
3254,6
3255,5
3256,7
3257,8
3258,5
3259,1
3260,7
3261,5
3262,6
3263,6
3264,2
3265,3
3266,6
3267,5
3268,0
3269,4
3270,3
3271,5
3272,10
3273,8
3274,8
3275,5
3276,3
3277,4
3278,6
3279,5
3280,5
3281,5
3282,5
3283,5
3284,6
3285,2
3286,5
3287,11
3288,3
3289,2
3290,6
3291,4
3292,7
3293,5
3294,4
3295,6
3296,4
3297,7
3298,7
3299,4
3300,5
3301,1
3302,5
3303,2
3304,5
3305,9
3306,5
3307,7
3308,7
3309,4
3310,10
3311,6
3312,6
3313,6
3314,3
3315,3
3316,3
3317,3
3318,6
3319,7
3320,4
3321,5
3322,7
3323,5
3324,4
3325,9
3326,3
3327,7
3328,3
3329,5
3330,6
3331,6
3332,2
3333,7
3334,6
3335,9
3336,6
3337,9
3338,5
3339,1
3340,7
3341,3
3342,5
3343,9
3344,2
3345,13
3346,7
3347,6
3348,4
3349,4
3350,2
3351,6
3352,9
3353,8
3354,4
3355,6
3356,3
3357,7
3358,6
3359,6
3360,9
3361,4
3362,5
3363,6
3364,5
3365,5
3366,8
3367,6
3368,8
3369,7
3370,2
3371,7
3372,9
3373,6
3374,2
3375,3
3376,4
3377,7
3378,3
3379,4
3380,5
3381,9
3382,8
3383,4
3384,7
3385,4
3386,3
3387,1
3388,6
3389,3
3390,4
3391,3
3392,6
3393,3
3394,4
3395,8
3396,2
3397,11
3398,11
3399,4
3400,7
3401,5
3402,2
3403,6
3404,3
3405,3
3406,3
3407,5
3408,11
3409,3
3410,3
3411,9
3412,7
3413,4
3414,7
3415,3
3416,3
3417,5
3418,3
3419,8
3420,3
3421,8
3422,6
3423,4
3424,1
3425,3
3426,1
3427,8
3428,5
3429,4
3430,3
3431,7
3432,2
3433,7
3434,3
3435,6
3436,4
3437,5
3438,5
3439,5
3440,3
3441,5
3442,7
3443,3
3444,4
3445,3
3446,5
3447,11
3448,2
3449,4
3450,13
3451,5
3452,4
3453,3
3454,10
3455,5
3456,7
3457,0
3458,7
3459,1
3460,7
3461,7
3462,2
3463,4
3464,4
3465,4
3466,1
3467,4
3468,7
3469,2
3470,3
3471,6
3472,8
3473,4
3474,4
3475,5
3476,6
3477,6
3478,6
3479,6
3480,8
3481,1
3482,5
3483,6
3484,4
3485,5
3486,3
3487,3
3488,5
3489,8
3490,3
3491,7
3492,8
3493,6
3494,4
3495,4
3496,3
3497,8
3498,4
3499,4
3500,5
3501,3
3502,4
3503,5
3504,4
3505,5
3506,5
3507,3
3508,4
3509,8
3510,4
3511,8
3512,8
3513,6
3514,4
3515,5
3516,7
3517,7
3518,3
3519,8
3520,4
3521,4
3522,5
3523,6
3524,2
3525,1
3526,4
3527,5
3528,4
3529,8
3530,5
3531,4
3532,8
3533,10
3534,3
3535,5
3536,4
3537,2
3538,3
3539,7
3540,4
3541,9
3542,4
3543,6
3544,5
3545,3
3546,3
3547,3
3548,8
3549,7
3550,3
3551,8
3552,5
3553,4
3554,3
3555,4
3556,5
3557,5
3558,8
3559,5
3560,8
3561,5
3562,4
3563,4
3564,9
3565,2
3566,5
3567,4
3568,7
3569,4
3570,3
3571,2
3572,4
3573,11
3574,5
3575,6
3576,5
3577,7
3578,4
3579,8
3580,8
3581,4
3582,3
3583,6
3584,5
3585,7
3586,3
3587,6
3588,4
3589,3
3590,2
3591,8
3592,4
3593,5
3594,3
3595,5
3596,5
3597,5
3598,4
3599,2
3600,6
3601,9
3602,3
3603,3
3604,9
3605,3
3606,5
3607,4
3608,3
3609,6
3610,4
3611,4
3612,4
3613,5
3614,7
3615,12
3616,4
3617,8
3618,4
3619,4
3620,3
3621,7
3622,6
3623,3
3624,7
3625,7
3626,6
3627,5
3628,4
3629,2
3630,4
3631,3
3632,7
3633,6
3634,5
3635,5
3636,3
3637,5
3638,4
3639,8
3640,2
3641,3
3642,8
3643,5
3644,6
3645,10
3646,3
3647,5
3648,4
3649,6
3650,5
3651,5
3652,8
3653,5
3654,5
3655,7
3656,5
3657,2
3658,9
3659,4
3660,2
3661,8
3662,2
3663,10
3664,5
3665,6
3666,8
3667,7
3668,6
3669,5
3670,4
3671,5
3672,4
3673,7
3674,8
3675,4
3676,8
3677,5
3678,4
3679,3
3680,3
3681,5
3682,5
3683,2
3684,3
3685,4
3686,7
3687,7
3688,2
3689,3
3690,6
3691,6
3692,6
3693,5
3694,4
3695,3
3696,5
3697,10
3698,7
3699,7
3700,5
3701,9
3702,9
3703,3
3704,2
3705,4
3706,3
3707,10
3708,6
3709,7
3710,5
3711,2
3712,7
3713,8
3714,4
3715,5
3716,5
3717,6
3718,3
3719,8
3720,4
3721,7
3722,8
3723,7
3724,5
3725,6
3726,5
3727,5
3728,2
3729,7
3730,10
3731,5
3732,4
3733,4
3734,5
3735,3
3736,2
3737,4
3738,6
3739,3
3740,5
3741,1
3742,2
3743,6
3744,2
3745,7
3746,8
3747,7
3748,4
3749,5
3750,4
3751,5
3752,5
3753,1
3754,8
3755,4
3756,5
3757,9
3758,3
3759,8
3760,5
3761,5
3762,8
3763,3
3764,3
3765,8
3766,6
3767,7
3768,7
3769,7
3770,3
3771,4
3772,4
3773,0
3774,4
3775,2
3776,2
3777,5
3778,4
3779,6
3780,8
3781,1
3782,3
3783,10
3784,2
3785,3
3786,6
3787,6
3788,5
3789,5
3790,4
3791,4
3792,5
3793,8
3794,5
3795,4
3796,6
3797,4
3798,5
3799,6
3800,3
3801,4
3802,4
3803,7
3804,5
3805,10
3806,7
3807,7
3808,4
3809,9
3810,9
3811,7
3812,11
3813,8
3814,8
3815,2
3816,3
3817,0
3818,8
3819,6
3820,6
3821,6
3822,7
3823,5
3824,6
3825,4
3826,2
3827,4
3828,2
3829,4
3830,4
3831,7
3832,8
3833,5
3834,6
3835,3
3836,3
3837,6
3838,3
3839,4
3840,6
3841,3
3842,2
3843,3
3844,2
3845,9
3846,3
3847,4
3848,3
3849,5
3850,8
3851,6
3852,3
3853,7
3854,2
3855,7
3856,6
3857,6
3858,6
3859,6
3860,5
3861,1
3862,6
3863,5
3864,4
3865,10
3866,5
3867,3
3868,8
3869,7
3870,9
3871,9
3872,4
3873,8
3874,4
3875,3
3876,5
3877,7
3878,0
3879,9
3880,13
3881,11
3882,4
3883,2
3884,3
3885,3
3886,3
3887,4
3888,8
3889,2
3890,2
3891,7
3892,7
3893,6
3894,6
3895,3
3896,3
3897,5
3898,6
3899,6
3900,6
3901,4
3902,6
3903,4
3904,8
3905,3
3906,3
3907,4
3908,5
3909,6
3910,4
3911,6
3912,2
3913,6
3914,5
3915,1
3916,8
3917,8
3918,5
3919,5
3920,3
3921,6
3922,9
3923,4
3924,3
3925,2
3926,7
3927,6
3928,9
3929,4
3930,6
3931,7
3932,5
3933,3
3934,4
3935,5
3936,6
3937,5
3938,6
3939,2
3940,7
3941,6
3942,3
3943,11
3944,6
3945,8
3946,6
3947,5
3948,4
3949,4
3950,5
3951,9
3952,9
3953,2
3954,4
3955,6
3956,2
3957,6
3958,5
3959,6
3960,8
3961,7
3962,12
3963,5
3964,7
3965,5
3966,5
3967,10
3968,10
3969,3
3970,2
3971,4
3972,3
3973,6
3974,6
3975,3
3976,7
3977,4
3978,3
3979,4
3980,5
3981,5
3982,5
3983,3
3984,5
3985,7
3986,2
3987,5
3988,7
3989,3
3990,5
3991,2
3992,3
3993,8
3994,1
3995,3
3996,4
3997,4
3998,2
3999,7
4000,7
4001,2
4002,7
4003,9
4004,4
4005,4
4006,4
4007,1
4008,7
4009,5
4010,7
4011,3
4012,6
4013,3
4014,5
4015,4
4016,5
4017,10
4018,4
4019,4
4020,4
4021,4
4022,7
4023,2
4024,4
4025,6
4026,9
4027,9
4028,6
4029,7
4030,2
4031,6
4032,5
4033,4
4034,3
4035,6
4036,4
4037,3
4038,7
4039,5
4040,4
4041,5
4042,9
4043,7
4044,6
4045,3
4046,1
4047,6
4048,3
4049,7
4050,4
4051,5
4052,5
4053,5
4054,6
4055,4
4056,12
4057,6
4058,5
4059,5
4060,6
4061,11
4062,4
4063,5
4064,6
4065,1
4066,1
4067,7
4068,3
4069,6
4070,6
4071,5
4072,4
4073,6
4074,4
4075,3
4076,6
4077,6
4078,2
4079,4
4080,7
4081,6
4082,2
4083,9
4084,7
4085,8
4086,6
4087,6
4088,2
4089,4
4090,7
4091,8
4092,2
4093,6
4094,6
4095,4
4096,4
4097,7
4098,3
4099,5
4100,4
4101,6
4102,5
4103,2
4104,8
4105,8
4106,3
4107,10
4108,7
4109,7
4110,7
4111,8
4112,4
4113,6
4114,6
4115,6
4116,5
4117,6
4118,11
4119,5
4120,5
4121,7
4122,6
4123,7
4124,6
4125,4
4126,5
4127,10
4128,9
4129,1
4130,3
4131,4
4132,3
4133,9
4134,4
4135,5
4136,8
4137,5
4138,3
4139,7
4140,3
4141,7
4142,6
4143,9
4144,5
4145,5
4146,5
4147,5
4148,5
4149,3
4150,4
4151,4
4152,4
4153,4
4154,5
4155,7
4156,3
4157,4
4158,4
4159,4
4160,3
4161,3
4162,7
4163,9
4164,6
4165,8
4166,4
4167,4
4168,3
4169,4
4170,5
4171,6
4172,4
4173,2
4174,2
4175,6
4176,8
4177,4
4178,8
4179,3
4180,2
4181,6
4182,6
4183,7
4184,10
4185,6
4186,7
4187,4
4188,5
4189,4
4190,7
4191,5
4192,11
4193,5
4194,8
4195,6
4196,8
4197,6
4198,5
4199,3
4200,6
4201,4
4202,3
4203,9
4204,4
4205,8
4206,3
4207,4
4208,7
4209,6
4210,8
4211,3
4212,7
4213,3
4214,5
4215,3
4216,6
4217,3
4218,12
4219,4
4220,3
4221,5
4222,5
4223,7
4224,6
4225,2
4226,3
4227,4
4228,7
4229,3
4230,4
4231,3
4232,1
4233,4
4234,5
4235,4
4236,8
4237,1
4238,4
4239,11
4240,5
4241,5
4242,5
4243,7
4244,5
4245,7
4246,2
4247,4
4248,6
4249,6
4250,1
4251,5
4252,8
4253,5
4254,11
4255,6
4256,5
4257,2
4258,6
4259,3
4260,3
4261,5
4262,5
4263,4
4264,7
4265,2
4266,5
4267,3
4268,5
4269,1
4270,9
4271,9
4272,4
4273,6
4274,8
4275,2
4276,8
4277,2
4278,3
4279,5
4280,9
4281,10
4282,3
4283,10
4284,4
4285,13
4286,4
4287,7
4288,4
4289,4
4290,8
4291,3
4292,5
4293,8
4294,3
4295,7
4296,0
4297,4
4298,4
4299,9
4300,5
4301,6
4302,2
4303,4
4304,4
4305,3
4306,3
4307,6
4308,4
4309,6
4310,3
4311,6
4312,4
4313,12
4314,4
4315,6
4316,6
4317,8
4318,5
4319,6
4320,7
4321,3
4322,5
4323,3
4324,5
4325,5
4326,2
4327,8
4328,2
4329,2
4330,4
4331,4
4332,4
4333,3
4334,3
4335,9
4336,3
4337,4
4338,11
4339,7
4340,6
4341,8
4342,4
4343,6
4344,9
4345,6
4346,9
4347,9
4348,4
4349,2
4350,4
4351,10
4352,7
4353,3
4354,4
4355,4
4356,7
4357,5
4358,2
4359,5
4360,7
4361,4
4362,2
4363,4
4364,5
4365,7
4366,5
4367,7
4368,2
4369,4
4370,2
4371,7
4372,3
4373,1
4374,3
4375,7
4376,8
4377,8
4378,7
4379,4
4380,6
4381,6
4382,6
4383,5
4384,11
4385,2
4386,5
4387,9
4388,4
4389,2
4390,7
4391,5
4392,5
4393,6
4394,1
4395,1
4396,4
4397,7
4398,3
4399,5
4400,7
4401,2
4402,6
4403,7
4404,3
4405,4
4406,5
4407,6
4408,8
4409,4
4410,3
4411,2
4412,6
4413,3
4414,2
4415,3
4416,3
4417,4
4418,6
4419,0
4420,6
4421,5
4422,7
4423,9
4424,4
4425,6
4426,6
4427,5
4428,5
4429,5
4430,3
4431,8
4432,3
4433,4
4434,5
4435,7
4436,7
4437,2
4438,12
4439,5
4440,5
4441,8
4442,4
4443,5
4444,2
4445,3
4446,5
4447,7
4448,10
4449,5
4450,3
4451,2
4452,5
4453,9
4454,6
4455,7
4456,6
4457,3
4458,6
4459,6
4460,9
4461,3
4462,5
4463,3
4464,4
4465,6
4466,5
4467,6
4468,7
4469,2
4470,8
4471,5
4472,4
4473,4
4474,5
4475,7
4476,6
4477,4
4478,4
4479,5
4480,8
4481,5
4482,7
4483,6
4484,7
4485,6
4486,6
4487,9
4488,5
4489,3
4490,7
4491,6
4492,4
4493,7
4494,7
4495,10
4496,3
4497,5
4498,7
4499,6
4500,3
4501,5
4502,7
4503,5
4504,4
4505,3
4506,6
4507,5
4508,6
4509,5
4510,4
4511,4
4512,6
4513,5
4514,3
4515,4
4516,8
4517,1
4518,5
4519,5
4520,7
4521,4
4522,4
4523,4
4524,4
4525,8
4526,1
4527,4
4528,7
4529,3
4530,9
4531,6
4532,3
4533,7
4534,6
4535,4
4536,6
4537,3
4538,3
4539,8
4540,7
4541,2
4542,6
4543,8
4544,9
4545,6
4546,2
4547,5
4548,4
4549,3
4550,5
4551,8
4552,4
4553,4
4554,7
4555,4
4556,3
4557,8
4558,4
4559,5
4560,0
4561,5
4562,8
4563,3
4564,3
4565,6
4566,7
4567,3
4568,6
4569,7
4570,5
4571,5
4572,3
4573,2
4574,10
4575,8
4576,7
4577,3
4578,7
4579,6
4580,6
4581,1
4582,2
4583,3
4584,4
4585,2
4586,2
4587,2
4588,2
4589,10
4590,5
4591,7
4592,4
4593,7
4594,5
4595,2
4596,5
4597,6
4598,8
4599,4
4600,6
4601,4
4602,2
4603,3
4604,2
4605,9
4606,4
4607,6
4608,7
4609,7
4610,4
4611,3
4612,4
4613,10
4614,4
4615,6
4616,5
4617,7
4618,10
4619,9
4620,5
4621,5
4622,7
4623,6
4624,3
4625,4
4626,3
4627,3
4628,4
4629,7
4630,5
4631,2
4632,7
4633,6
4634,5
4635,4
4636,7
4637,5
4638,7
4639,7
4640,7
4641,4
4642,2
4643,4
4644,4
4645,3
4646,10
4647,5
4648,5
4649,4
4650,4
4651,8
4652,3
4653,5
4654,11
4655,7
4656,6
4657,1
4658,8
4659,7
4660,7
4661,7
4662,6
4663,7
4664,2
4665,7
4666,2
4667,7
4668,4
4669,3
4670,5
4671,5
4672,4
4673,1
4674,5
4675,7
4676,5
4677,11
4678,6
4679,1
4680,3
4681,2
4682,10
4683,2
4684,4
4685,11
4686,1
4687,5
4688,4
4689,6
4690,6
4691,7
4692,9
4693,7
4694,4
4695,6
4696,4
4697,2
4698,5
4699,4
4700,7
4701,4
4702,4
4703,5
4704,7
4705,5
4706,5
4707,2
4708,4
4709,8
4710,11
4711,6
4712,6
4713,3
4714,7
4715,8
4716,4
4717,8
4718,4
4719,2
4720,5
4721,2
4722,4
4723,7
4724,4
4725,8
4726,4
4727,6
4728,5
4729,4
4730,5
4731,2
4732,6
4733,10
4734,4
4735,5
4736,1
4737,1
4738,5
4739,4
4740,3
4741,6
4742,9
4743,3
4744,5
4745,2
4746,7
4747,5
4748,5
4749,3
4750,0
4751,3
4752,2
4753,5
4754,1
4755,8
4756,6
4757,8
4758,7
4759,4
4760,3
4761,5
4762,5
4763,5
4764,6
4765,5
4766,4
4767,3
4768,7
4769,9
4770,8
4771,9
4772,3
4773,9
4774,8
4775,6
4776,8
4777,6
4778,6
4779,4
4780,3
4781,6
4782,3
4783,7
4784,2
4785,7
4786,2
4787,5
4788,4
4789,3
4790,3
4791,4
4792,4
4793,3
4794,6
4795,4
4796,3
4797,1
4798,1
4799,6
4800,3
4801,2
4802,5
4803,4
4804,3
4805,8
4806,6
4807,3
4808,8
4809,8
4810,4
4811,8
4812,5
4813,11
4814,10
4815,3
4816,4
4817,6
4818,8
4819,6
4820,7
4821,3
4822,4
4823,3
4824,4
4825,4
4826,5
4827,8
4828,4
4829,4
4830,3
4831,4
4832,2
4833,11
4834,11
4835,6
4836,6
4837,3
4838,7
4839,6
4840,4
4841,8
4842,3
4843,7
4844,2
4845,6
4846,7
4847,6
4848,5
4849,4
4850,8
4851,3
4852,1
4853,5
4854,10
4855,9
4856,6
4857,2
4858,8
4859,3
4860,6
4861,6
4862,1
4863,7
4864,6
4865,7
4866,4
4867,4
4868,8
4869,4
4870,3
4871,9
4872,5
4873,7
4874,4
4875,5
4876,4
4877,2
4878,5
4879,3
4880,6
4881,6
4882,2
4883,3
4884,3
4885,8
4886,5
4887,3
4888,6
4889,4
4890,4
4891,6
4892,4
4893,8
4894,5
4895,6
4896,4
4897,3
4898,5
4899,5
4900,3
4901,5
4902,7
4903,6
4904,4
4905,5
4906,7
4907,3
4908,7
4909,3
4910,6
4911,3
4912,10
4913,10
4914,5
4915,10
4916,8
4917,2
4918,2
4919,3
4920,5
4921,4
4922,9
4923,4
4924,6
4925,3
4926,7
4927,9
4928,6
4929,2
4930,4
4931,3
4932,4
4933,4
4934,7
4935,5
4936,3
4937,8
4938,3
4939,7
4940,3
4941,8
4942,3
4943,6
4944,3
4945,7
4946,6
4947,5
4948,3
4949,2
4950,6
4951,2
4952,4
4953,6
4954,8
4955,8
4956,6
4957,4
4958,4
4959,10
4960,4
4961,3
4962,3
4963,3
4964,6
4965,6
4966,5
4967,5
4968,5
4969,8
4970,2
4971,2
4972,9
4973,5
4974,8
4975,7
4976,3
4977,5
4978,3
4979,3
4980,7
4981,6
4982,8
4983,7
4984,4
4985,4
4986,4
4987,6
4988,6
4989,4
4990,10
4991,3
4992,5
4993,5
4994,3
4995,3
4996,8
4997,3
4998,5
4999,7
5000,3
5001,9
5002,6
5003,2
5004,1
5005,7
5006,4
5007,4
5008,4
5009,11
5010,12
5011,7
5012,6
5013,6
5014,2
5015,5
5016,4
5017,9
5018,0
5019,4
5020,2
5021,5
5022,8
5023,6
5024,4
5025,8
5026,6
5027,3
5028,5
5029,4
5030,7
5031,8
5032,6
5033,5
5034,5
5035,5
5036,6
5037,6
5038,8
5039,4
5040,3
5041,5
5042,6
5043,6
5044,9
5045,2
5046,5
5047,7
5048,1
5049,5
5050,3
5051,5
5052,5
5053,5
5054,3
5055,6
5056,7
5057,7
5058,4
5059,4
5060,4
5061,4
5062,6
5063,3
5064,3
5065,6
5066,5
5067,3
5068,6
5069,2
5070,7
5071,9
5072,2
5073,10
5074,7
5075,8
5076,3
5077,8
5078,4
5079,9
5080,2
5081,4
5082,6
5083,6
5084,4
5085,8
5086,8
5087,2
5088,4
5089,8
5090,8
5091,7
5092,6
5093,4
5094,5
5095,6
5096,9
5097,6
5098,4
5099,7
5100,9
5101,8
5102,6
5103,10
5104,4
5105,4
5106,4
5107,4
5108,6
5109,4
5110,2
5111,5
5112,5
5113,9
5114,5
5115,5
5116,2
5117,8
5118,8
5119,6
5120,6
5121,8
5122,5
5123,6
5124,3
5125,4
5126,6
5127,3
5128,9
5129,5
5130,1
5131,2
5132,3
5133,4
5134,5
5135,3
5136,7
5137,5
5138,5
5139,5
5140,10
5141,6
5142,4
5143,5
5144,7
5145,5
5146,11
5147,5
5148,9
5149,4
5150,6
5151,3
5152,7
5153,6
5154,5
5155,5
5156,1
5157,9
5158,2
5159,3
5160,6
5161,3
5162,4
5163,5
5164,3
5165,8
5166,1
5167,5
5168,8
5169,6
5170,4
5171,7
5172,6
5173,7
5174,8
5175,3
5176,2
5177,7
5178,5
5179,4
5180,5
5181,8
5182,6
5183,7
5184,3
5185,6
5186,3
5187,6
5188,3
5189,8
5190,3
5191,4
5192,4
5193,4
5194,8
5195,5
5196,2
5197,6
5198,6
5199,7
5200,5
5201,8
5202,6
5203,5
5204,7
5205,5
5206,4
5207,3
5208,5
5209,2
5210,3
5211,7
5212,2
5213,7
5214,6
5215,1
5216,4
5217,9
5218,7
5219,5
5220,3
5221,7
5222,3
5223,6
5224,8
5225,4
5226,4
5227,0
5228,1
5229,6
5230,4
5231,3
5232,5
5233,4
5234,4
5235,8
5236,4
5237,7
5238,10
5239,5
5240,7
5241,3
5242,4
5243,5
5244,9
5245,7
5246,7
5247,5
5248,4
5249,6
5250,4
5251,10
5252,6
5253,14
5254,5
5255,3
5256,4
5257,3
5258,5
5259,8
5260,6
5261,3
5262,2
5263,2
5264,4
5265,4
5266,4
5267,6
5268,4
5269,9
5270,3
5271,12
5272,2
5273,5
5274,6
5275,7
5276,6
5277,1
5278,4
5279,4
5280,7
5281,4
5282,7
5283,5
5284,4
5285,7
5286,4
5287,4
5288,3
5289,3
5290,5
5291,9
5292,3
5293,6
5294,5
5295,7
5296,8
5297,2
5298,10
5299,8
5300,3
5301,6
5302,9
5303,7
5304,6
5305,3
5306,6
5307,6
5308,3
5309,8
5310,5
5311,1
5312,3
5313,6
5314,6
5315,3
5316,3
5317,4
5318,5
5319,3
5320,3
5321,3
5322,7
5323,8
5324,5
5325,6
5326,3
5327,9
5328,9
5329,4
5330,4
5331,5
5332,2
5333,2
5334,3
5335,2
5336,9
5337,5
5338,3
5339,1
5340,4
5341,8
5342,6
5343,7
5344,4
5345,4
5346,8
5347,3
5348,4
5349,7
5350,7
5351,3
5352,5
5353,4
5354,6
5355,5
5356,7
5357,5
5358,2
5359,4
5360,6
5361,5
5362,2
5363,6
5364,3
5365,6
5366,6
5367,5
5368,4
5369,9
5370,10
5371,2
5372,6
5373,5
5374,6
5375,4
5376,3
5377,7
5378,6
5379,6
5380,2
5381,2
5382,6
5383,9
5384,8
5385,2
5386,4
5387,3
5388,4
5389,4
5390,5
5391,9
5392,5
5393,6
5394,4
5395,3
5396,6
5397,6
5398,5
5399,9
5400,5
5401,10
5402,6
5403,4
5404,7
5405,2
5406,9
5407,3
5408,4
5409,13
5410,3
5411,6
5412,3
5413,5
5414,6
5415,3
5416,4
5417,2
5418,5
5419,4
5420,6
5421,5
5422,5
5423,7
5424,5
5425,4
5426,4
5427,3
5428,5
5429,6
5430,6
5431,10
5432,5
5433,2
5434,3
5435,3
5436,7
5437,2
5438,7
5439,5
5440,4
5441,1
5442,9
5443,5
5444,5
5445,7
5446,5
5447,9
5448,2
5449,9
5450,5
5451,8
5452,7
5453,9
5454,6
5455,2
5456,4
5457,5
5458,3
5459,3
5460,3
5461,7
5462,4
5463,4
5464,5
5465,3
5466,2
5467,4
5468,6
5469,8
5470,6
5471,4
5472,4
5473,3
5474,4
5475,3
5476,3
5477,4
5478,11
5479,4
5480,3
5481,2
5482,6
5483,1
5484,2
5485,2
5486,3
5487,6
5488,3
5489,5
5490,7
5491,6
5492,6
5493,8
5494,8
5495,5
5496,9
5497,5
5498,4
5499,8
5500,4
5501,4
5502,3
5503,6
5504,5
5505,2
5506,2
5507,2
5508,3
5509,3
5510,3
5511,3
5512,4
5513,2
5514,2
5515,3
5516,4
5517,4
5518,8
5519,8
5520,5
5521,7
5522,6
5523,4
5524,7
5525,6
5526,11
5527,3
5528,5
5529,2
5530,1
5531,3
5532,9
5533,3
5534,4
5535,8
5536,4
5537,8
5538,3
5539,11
5540,4
5541,6
5542,6
5543,6
5544,3
5545,3
5546,5
5547,2
5548,4
5549,7
5550,5
5551,8
5552,3
5553,10
5554,2
5555,7
5556,6
5557,3
5558,6
5559,7
5560,8
5561,6
5562,5
5563,7
5564,5
5565,3
5566,7
5567,3
5568,7
5569,3
5570,5
5571,7
5572,8
5573,3
5574,5
5575,4
5576,6
5577,6
5578,6
5579,7
5580,7
5581,5
5582,2
5583,4
5584,7
5585,1
5586,7
5587,3
5588,7
5589,5
5590,3
5591,8
5592,4
5593,7
5594,2
5595,2
5596,9
5597,5
5598,5
5599,5
5600,11
5601,6
5602,6
5603,5
5604,4
5605,5
5606,4
5607,7
5608,5
5609,4
5610,6
5611,9
5612,1
5613,3
5614,6
5615,4
5616,3
5617,1
5618,4
5619,5
5620,8
5621,3
5622,6
5623,2
5624,4
5625,6
5626,5
5627,2
5628,3
5629,2
5630,2
5631,4
5632,4
5633,1
5634,5
5635,10
5636,7
5637,2
5638,3
5639,4
5640,7
5641,7
5642,2
5643,3
5644,4
5645,5
5646,0
5647,4
5648,5
5649,7
5650,6
5651,10
5652,8
5653,3
5654,3
5655,6
5656,5
5657,4
5658,3
5659,5
5660,4
5661,3
5662,6
5663,7
5664,5
5665,5
5666,3
5667,2
5668,3
5669,7
5670,6
5671,1
5672,7
5673,5
5674,5
5675,2
5676,6
5677,4
5678,3
5679,2
5680,5
5681,2
5682,3
5683,3
5684,2
5685,6
5686,3
5687,2
5688,5
5689,5
5690,6
5691,5
5692,1
5693,2
5694,6
5695,4
5696,4
5697,1
5698,3
5699,4
5700,2
5701,7
5702,3
5703,3
5704,7
5705,4
5706,7
5707,1
5708,9
5709,2
5710,4
5711,5
5712,5
5713,5
5714,4
5715,4
5716,7
5717,6
5718,1
5719,9
5720,7
5721,6
5722,3
5723,5
5724,5
5725,7
5726,4
5727,3
5728,3
5729,6
5730,7
5731,3
5732,6
5733,6
5734,5
5735,5
5736,2
5737,3
5738,6
5739,1
5740,3
5741,7
5742,5
5743,3
5744,2
5745,5
5746,9
5747,6
5748,5
5749,4
5750,6
5751,5
5752,4
5753,4
5754,6
5755,4
5756,6
5757,2
5758,2
5759,4
5760,3
5761,7
5762,5
5763,4
5764,6
5765,2
5766,8
5767,3
5768,3
5769,5
5770,4
5771,4
5772,4
5773,3
5774,5
5775,13
5776,7
5777,5
5778,2
5779,4
5780,8
5781,5
5782,3
5783,3
5784,4
5785,4
5786,4
5787,8
5788,6
5789,3
5790,5
5791,11
5792,4
5793,8
5794,8
5795,5
5796,5
5797,4
5798,5
5799,8
5800,7
5801,3
5802,8
5803,2
5804,5
5805,6
5806,9
5807,7
5808,6
5809,2
5810,2
5811,4
5812,3
5813,4
5814,9
5815,1
5816,10
5817,7
5818,6
5819,5
5820,8
5821,1
5822,6
5823,6
5824,7
5825,7
5826,5
5827,3
5828,5
5829,4
5830,4
5831,8
5832,5
5833,4
5834,4
5835,10
5836,4
5837,5
5838,2
5839,3
5840,0
5841,9
5842,6
5843,5
5844,2
5845,4
5846,6
5847,4
5848,4
5849,6
5850,5
5851,1
5852,1
5853,4
5854,6
5855,4
5856,2
5857,7
5858,8
5859,3
5860,3
5861,5
5862,0
5863,5
5864,6
5865,3
5866,8
5867,3
5868,4
5869,8
5870,4
5871,6
5872,4
5873,10
5874,7
5875,5
5876,7
5877,7
5878,6
5879,3
5880,3
5881,5
5882,1
5883,5
5884,4
5885,4
5886,3
5887,7
5888,1
5889,7
5890,8
5891,4
5892,6
5893,6
5894,6
5895,4
5896,2
5897,6
5898,2
5899,4
5900,11
5901,8
5902,2
5903,10
5904,2
5905,4
5906,5
5907,4
5908,6
5909,5
5910,10
5911,5
5912,3
5913,4
5914,5
5915,6
5916,4
5917,7
5918,4
5919,4
5920,8
5921,6
5922,6
5923,5
5924,10
5925,8
5926,3
5927,3
5928,3
5929,7
5930,3
5931,4
5932,2
5933,1
5934,7
5935,1
5936,4
5937,5
5938,7
5939,2
5940,5
5941,3
5942,3
5943,4
5944,5
5945,5
5946,4
5947,0
5948,1
5949,8
5950,4
5951,1
5952,12
5953,6
5954,7
5955,11
5956,1
5957,8
5958,3
5959,8
5960,6
5961,3
5962,7
5963,5
5964,6
5965,2
5966,5
5967,4
5968,5
5969,3
5970,10
5971,4
5972,5
5973,4
5974,4
5975,6
5976,3
5977,6
5978,2
5979,13
5980,11
5981,4
5982,4
5983,4
5984,6
5985,7
5986,5
5987,5
5988,4
5989,3
5990,9
5991,5
5992,5
5993,6
5994,5
5995,9
5996,4
5997,9
5998,4
5999,3
6000,4
6001,6
6002,4
6003,9
6004,2
6005,6
6006,3
6007,2
6008,3
6009,13
6010,2
6011,7
6012,4
6013,3
6014,4
6015,7
6016,3
6017,3
6018,6
6019,5
6020,6
6021,7
6022,6
6023,2
6024,4
6025,2
6026,8
6027,2
6028,5
6029,8
6030,5
6031,6
6032,5
6033,3
6034,3
6035,3
6036,9
6037,5
6038,5
6039,8
6040,7
6041,6
6042,8
6043,5
6044,9
6045,5
6046,9
6047,3
6048,4
6049,1
6050,6
6051,4
6052,7
6053,8
6054,9
6055,8
6056,10
6057,6
6058,4
6059,4
6060,1
6061,9
6062,1
6063,4
6064,5
6065,6
6066,5
6067,4
6068,4
6069,5
6070,3
6071,4
6072,6
6073,7
6074,3
6075,4
6076,7
6077,5
6078,3
6079,5
6080,8
6081,2
6082,4
6083,2
6084,5
6085,9
6086,5
6087,5
6088,5
6089,5
6090,8
6091,5
6092,15
6093,4
6094,7
6095,5
6096,4
6097,5
6098,4
6099,5
6100,7
6101,7
6102,5
6103,8
6104,10
6105,5
6106,7
6107,4
6108,9
6109,6
6110,7
6111,4
6112,5
6113,6
6114,7
6115,3
6116,5
6117,3
6118,3
6119,6
6120,7
6121,2
6122,2
6123,3
6124,4
6125,3
6126,3
6127,6
6128,4
6129,4
6130,4
6131,5
6132,4
6133,6
6134,6
6135,4
6136,4
6137,7
6138,6
6139,4
6140,1
6141,8
6142,3
6143,4
6144,4
6145,2
6146,7
6147,3
6148,6
6149,6
6150,6
6151,3
6152,8
6153,4
6154,3
6155,1
6156,9
6157,6
6158,10
6159,5
6160,5
6161,7
6162,3
6163,6
6164,1
6165,5
6166,4
6167,2
6168,6
6169,5
6170,10
6171,3
6172,7
6173,3
6174,2
6175,8
6176,7
6177,4
6178,5
6179,7
6180,8
6181,4
6182,9
6183,6
6184,7
6185,2
6186,6
6187,2
6188,4
6189,6
6190,5
6191,2
6192,5
6193,6
6194,5
6195,8
6196,3
6197,2
6198,7
6199,3
6200,6
6201,2
6202,4
6203,9
6204,5
6205,7
6206,7
6207,1
6208,6
6209,2
6210,1
6211,4
6212,1
6213,6
6214,6
6215,2
6216,3
6217,3
6218,11
6219,6
6220,6
6221,4
6222,5
6223,2
6224,4
6225,5
6226,7
6227,5
6228,8
6229,5
6230,3
6231,8
6232,10
6233,6
6234,7
6235,7
6236,4
6237,4
6238,5
6239,10
6240,3
6241,3
6242,4
6243,5
6244,10
6245,4
6246,5
6247,4
6248,3
6249,7
6250,4
6251,6
6252,5
6253,7
6254,5
6255,4
6256,7
6257,7
6258,6
6259,7
6260,7
6261,6
6262,5
6263,2
6264,2
6265,1
6266,10
6267,3
6268,5
6269,4
6270,7
6271,6
6272,0
6273,4
6274,10
6275,4
6276,7
6277,7
6278,3
6279,4
6280,5
6281,8
6282,3
6283,8
6284,6
6285,7
6286,9
6287,2
6288,5
6289,6
6290,7
6291,7
6292,4
6293,4
6294,3
6295,4
6296,8
6297,6
6298,2
6299,6
6300,2
6301,4
6302,7
6303,7
6304,3
6305,13
6306,2
6307,3
6308,4
6309,6
6310,1
6311,10
6312,3
6313,6
6314,1
6315,6
6316,6
6317,3
6318,4
6319,4
6320,7
6321,0
6322,5
6323,2
6324,4
6325,5
6326,9
6327,4
6328,7
6329,3
6330,7
6331,7
6332,2
6333,8
6334,3
6335,7
6336,5
6337,8
6338,3
6339,5
6340,6
6341,2
6342,6
6343,7
6344,5
6345,5
6346,3
6347,5
6348,9
6349,8
6350,6
6351,4
6352,6
6353,8
6354,4
6355,10
6356,2
6357,6
6358,4
6359,10
6360,4
6361,7
6362,6
6363,3
6364,4
6365,6
6366,4
6367,6
6368,3
6369,6
6370,1
6371,9
6372,5
6373,6
6374,2
6375,8
6376,5
6377,2
6378,4
6379,3
6380,8
6381,2
6382,4
6383,3
6384,8
6385,4
6386,10
6387,7
6388,7
6389,11
6390,5
6391,9
6392,2
6393,3
6394,6
6395,4
6396,2
6397,6
6398,6
6399,3
6400,5
6401,6
6402,3
6403,11
6404,5
6405,9
6406,6
6407,3
6408,9
6409,4
6410,2
6411,7
6412,5
6413,6
6414,7
6415,7
6416,6
6417,4
6418,5
6419,6
6420,5
6421,4
6422,3
6423,6
6424,9
6425,2
6426,6
6427,2
6428,4
6429,5
6430,5
6431,4
6432,6
6433,1
6434,4
6435,3
6436,6
6437,9
6438,7
6439,4
6440,7
6441,7
6442,4
6443,3
6444,3
6445,5
6446,2
6447,3
6448,9
6449,4
6450,4
6451,4
6452,5
6453,1
6454,6
6455,9
6456,4
6457,3
6458,9
6459,0
6460,12
6461,8
6462,7
6463,3
6464,5
6465,1
6466,4
6467,5
6468,7
6469,7
6470,2
6471,6
6472,5
6473,5
6474,2
6475,5
6476,5
6477,5
6478,7
6479,6
6480,2
6481,3
6482,5
6483,9
6484,7
6485,1
6486,5
6487,4
6488,7
6489,2
6490,6
6491,8
6492,8
6493,4
6494,5
6495,8
6496,12
6497,5
6498,4
6499,2
6500,8
6501,5
6502,4
6503,10
6504,6
6505,1
6506,7
6507,12
6508,2
6509,0
6510,8
6511,10
6512,3
6513,9
6514,2
6515,6
6516,8
6517,1
6518,6
6519,1
6520,8
6521,4
6522,6
6523,1
6524,6
6525,8
6526,6
6527,5
6528,5
6529,7
6530,4
6531,2
6532,3
6533,5
6534,9
6535,5
6536,2
6537,6
6538,6
6539,3
6540,5
6541,9
6542,6
6543,3
6544,5
6545,5
6546,3
6547,8
6548,5
6549,4
6550,4
6551,6
6552,7
6553,5
6554,9
6555,7
6556,8
6557,5
6558,5
6559,5
6560,8
6561,7
6562,7
6563,5
6564,7
6565,5
6566,3
6567,6
6568,6
6569,3
6570,1
6571,14
6572,1
6573,9
6574,3
6575,6
6576,5
6577,3
6578,4
6579,5
6580,3
6581,4
6582,3
6583,4
6584,5
6585,3
6586,5
6587,7
6588,6
6589,5
6590,3
6591,3
6592,6
6593,6
6594,7
6595,2
6596,4
6597,4
6598,6
6599,1
6600,4
6601,2
6602,7
6603,4
6604,9
6605,8
6606,7
6607,7
6608,4
6609,3
6610,4
6611,4
6612,2
6613,5
6614,11
6615,9
6616,2
6617,2
6618,9
6619,8
6620,2
6621,4
6622,4
6623,8
6624,6
6625,6
6626,8
6627,7
6628,4
6629,5
6630,2
6631,14
6632,4
6633,0
6634,5
6635,5
6636,8
6637,3
6638,3
6639,3
6640,5
6641,4
6642,5
6643,5
6644,5
6645,5
6646,2
6647,3
6648,4
6649,4
6650,4
6651,4
6652,1
6653,5
6654,8
6655,3
6656,4
6657,12
6658,4
6659,3
6660,7
6661,8
6662,4
6663,4
6664,12
6665,3
6666,3
6667,7
6668,6
6669,8
6670,4
6671,4
6672,5
6673,12
6674,4
6675,12
6676,7
6677,3
6678,1
6679,9
6680,7
6681,1
6682,6
6683,9
6684,4
6685,7
6686,7
6687,5
6688,2
6689,5
6690,4
6691,5
6692,2
6693,6
6694,5
6695,10
6696,5
6697,6
6698,5
6699,3
6700,5
6701,3
6702,2
6703,4
6704,12
6705,4
6706,3
6707,5
6708,4
6709,3
6710,3
6711,8
6712,11
6713,5
6714,3
6715,2
6716,1
6717,10
6718,4
6719,5
6720,3
6721,4
6722,4
6723,2
6724,6
6725,3
6726,6
6727,5
6728,6
6729,6
6730,3
6731,5
6732,4
6733,6
6734,5
6735,4
6736,3
6737,0
6738,3
6739,7
6740,8
6741,7
6742,3
6743,4
6744,6
6745,9
6746,6
6747,6
6748,6
6749,5
6750,5
6751,7
6752,3
6753,5
6754,2
6755,3
6756,5
6757,7
6758,7
6759,5
6760,4
6761,3
6762,2
6763,6
6764,4
6765,6
6766,4
6767,7
6768,2
6769,8
6770,7
6771,6
6772,6
6773,5
6774,2
6775,6
6776,5
6777,4
6778,6
6779,2
6780,4
6781,8
6782,3
6783,6
6784,3
6785,6
6786,4
6787,8
6788,3
6789,9
6790,4
6791,7
6792,5
6793,5
6794,5
6795,5
6796,6
6797,10
6798,7
6799,3
6800,2
6801,6
6802,8
6803,5
6804,7
6805,4
6806,7
6807,6
6808,8
6809,5
6810,4
6811,6
6812,6
6813,6
6814,4
6815,5
6816,3
6817,4
6818,5
6819,0
6820,2
6821,5
6822,4
6823,4
6824,5
6825,4
6826,4
6827,9
6828,5
6829,3
6830,7
6831,4
6832,2
6833,4
6834,5
6835,5
6836,12
6837,4
6838,7
6839,4
6840,7
6841,6
6842,2
6843,6
6844,10
6845,5
6846,5
6847,2
6848,5
6849,4
6850,6
6851,4
6852,6
6853,4
6854,4
6855,3
6856,2
6857,6
6858,7
6859,4
6860,3
6861,9
6862,5
6863,6
6864,7
6865,7
6866,7
6867,6
6868,8
6869,7
6870,5
6871,3
6872,8
6873,1
6874,6
6875,2
6876,8
6877,5
6878,4
6879,4
6880,6
6881,5
6882,4
6883,3
6884,2
6885,3
6886,2
6887,9
6888,3
6889,2
6890,4
6891,2
6892,7
6893,8
6894,7
6895,7
6896,1
6897,7
6898,5
6899,4
6900,7
6901,6
6902,6
6903,6
6904,3
6905,8
6906,5
6907,5
6908,6
6909,3
6910,7
6911,4
6912,4
6913,6
6914,3
6915,3
6916,5
6917,4
6918,4
6919,5
6920,5
6921,5
6922,8
6923,4
6924,5
6925,5
6926,3
6927,6
6928,4
6929,6
6930,6
6931,3
6932,7
6933,3
6934,1
6935,11
6936,5
6937,4
6938,1
6939,8
6940,5
6941,6
6942,8
6943,3
6944,6
6945,2
6946,2
6947,4
6948,6
6949,6
6950,2
6951,5
6952,3
6953,4
6954,5
6955,3
6956,3
6957,3
6958,8
6959,4
6960,6
6961,4
6962,7
6963,7
6964,7
6965,7
6966,7
6967,8
6968,4
6969,2
6970,6
6971,8
6972,0
6973,5
6974,4
6975,7
6976,7
6977,6
6978,7
6979,1
6980,9
6981,5
6982,3
6983,3
6984,5
6985,9
6986,4
6987,3
6988,9
6989,9
6990,1
6991,5
6992,2
6993,5
6994,9
6995,3
6996,4
6997,4
6998,3
6999,3
7000,6
7001,10
7002,5
7003,5
7004,4
7005,6
7006,8
7007,5
7008,7
7009,4
7010,4
7011,4
7012,2
7013,7
7014,5
7015,5
7016,2
7017,6
7018,4
7019,4
7020,7
7021,5
7022,11
7023,4
7024,3
7025,0
7026,2
7027,6
7028,10
7029,4
7030,3
7031,9
7032,7
7033,5
7034,9
7035,2
7036,4
7037,4
7038,3
7039,6
7040,3
7041,5
7042,4
7043,8
7044,10
7045,3
7046,4
7047,7
7048,5
7049,6
7050,9
7051,1
7052,3
7053,7
7054,4
7055,7
7056,8
7057,3
7058,7
7059,8
7060,6
7061,6
7062,4
7063,5
7064,4
7065,5
7066,5
7067,7
7068,4
7069,8
7070,6
7071,5
7072,4
7073,8
7074,3
7075,8
7076,1
7077,2
7078,5
7079,4
7080,7
7081,6
7082,4
7083,5
7084,1
7085,3
7086,5
7087,4
7088,4
7089,6
7090,7
7091,4
7092,5
7093,6
7094,6
7095,5
7096,0
7097,3
7098,12
7099,3
7100,6
7101,1
7102,4
7103,3
7104,4
7105,9
7106,2
7107,5
7108,6
7109,7
7110,2
7111,9
7112,5
7113,10
7114,2
7115,5
7116,2
7117,6
7118,8
7119,5
7120,5
7121,6
7122,5
7123,3
7124,6
7125,6
7126,5
7127,1
7128,3
7129,2
7130,3
7131,12
7132,6
7133,1
7134,8
7135,6
7136,3
7137,3
7138,11
7139,5
7140,5
7141,8
7142,6
7143,5
7144,1
7145,5
7146,2
7147,9
7148,5
7149,6
7150,5
7151,4
7152,11
7153,3
7154,4
7155,4
7156,9
7157,5
7158,5
7159,5
7160,7
7161,6
7162,6
7163,8
7164,3
7165,8
7166,2
7167,4
7168,3
7169,4
7170,6
7171,7
7172,2
7173,4
7174,7
7175,1
7176,7
7177,4
7178,5
7179,5
7180,7
7181,6
7182,4
7183,3
7184,9
7185,12
7186,4
7187,4
7188,1
7189,2
7190,6
7191,5
7192,8
7193,4
7194,6
7195,1
7196,9
7197,3
7198,5
7199,5
7200,6
7201,6
7202,7
7203,3
7204,7
7205,2
7206,2
7207,6
7208,4
7209,5
7210,7
7211,8
7212,5
7213,3
7214,4
7215,6
7216,10
7217,3
7218,2
7219,3
7220,5
7221,6
7222,3
7223,8
7224,3
7225,8
7226,4
7227,3
7228,6
7229,5
7230,6
7231,6
7232,9
7233,3
7234,9
7235,4
7236,6
7237,7
7238,9
7239,7
7240,10
7241,7
7242,3
7243,6
7244,11
7245,5
7246,7
7247,3
7248,4
7249,4
7250,5
7251,3
7252,5
7253,2
7254,9
7255,6
7256,5
7257,2
7258,6
7259,8
7260,11
7261,7
7262,9
7263,6
7264,6
7265,2
7266,5
7267,3
7268,6
7269,3
7270,6
7271,2
7272,5
7273,4
7274,5
7275,5
7276,3
7277,3
7278,5
7279,8
7280,5
7281,8
7282,5
7283,4
7284,5
7285,2
7286,5
7287,0
7288,5
7289,2
7290,8
7291,4
7292,6
7293,7
7294,3
7295,6
7296,5
7297,2
7298,7
7299,5
7300,7
7301,6
7302,6
7303,6
7304,3
7305,7
7306,10
7307,2
7308,5
7309,5
7310,8
7311,0
7312,4
7313,6
7314,8
7315,1
7316,2
7317,3
7318,7
7319,4
7320,7
7321,9
7322,3
7323,6
7324,4
7325,4
7326,4
7327,7
7328,5
7329,6
7330,5
7331,9
7332,5
7333,1
7334,3
7335,4
7336,8
7337,5
7338,7
7339,7
7340,7
7341,1
7342,6
7343,9
7344,5
7345,4
7346,5
7347,6
7348,7
7349,3
7350,6
7351,8
7352,5
7353,3
7354,7
7355,3
7356,7
7357,7
7358,4
7359,7
7360,2
7361,7
7362,3
7363,5
7364,4
7365,8
7366,6
7367,6
7368,3
7369,4
7370,8
7371,6
7372,2
7373,7
7374,3
7375,1
7376,10
7377,8
7378,4
7379,6
7380,4
7381,6
7382,1
7383,4
7384,3
7385,5
7386,4
7387,2
7388,2
7389,7
7390,5
7391,1
7392,7
7393,7
7394,3
7395,4
7396,3
7397,7
7398,4
7399,6
7400,6
7401,4
7402,1
7403,3
7404,1
7405,3
7406,6
7407,7
7408,2
7409,5
7410,5
7411,4
7412,6
7413,0
7414,12
7415,4
7416,4
7417,3
7418,4
7419,6
7420,8
7421,5
7422,8
7423,2
7424,7
7425,3
7426,3
7427,4
7428,7
7429,9
7430,5
7431,3
7432,2
7433,6
7434,9
7435,3
7436,5
7437,6
7438,7
7439,4
7440,5
7441,8
7442,2
7443,4
7444,7
7445,3
7446,8
7447,3
7448,4
7449,6
7450,3
7451,3
7452,9
7453,3
7454,5
7455,3
7456,3
7457,8
7458,3
7459,4
7460,7
7461,5
7462,7
7463,6
7464,2
7465,3
7466,6
7467,8
7468,4
7469,2
7470,2
7471,2
7472,3
7473,4
7474,12
7475,7
7476,6
7477,5
7478,8
7479,3
7480,5
7481,7
7482,4
7483,7
7484,7
7485,10
7486,7
7487,6
7488,7
7489,7
7490,7
7491,2
7492,2
7493,8
7494,3
7495,8
7496,5
7497,4
7498,3
7499,6
7500,6
7501,6
7502,4
7503,9
7504,1
7505,3
7506,1
7507,5
7508,7
7509,5
7510,7
7511,9
7512,9
7513,8
7514,4
7515,5
7516,1
7517,5
7518,3
7519,5
7520,7
7521,4
7522,2
7523,7
7524,2
7525,4
7526,7
7527,5
7528,1
7529,4
7530,4
7531,10
7532,4
7533,4
7534,5
7535,4
7536,5
7537,3
7538,4
7539,3
7540,5
7541,7
7542,3
7543,6
7544,2
7545,6
7546,6
7547,4
7548,6
7549,7
7550,6
7551,6
7552,7
7553,6
7554,4
7555,7
7556,10
7557,5
7558,6
7559,6
7560,6
7561,6
7562,4
7563,5
7564,6
7565,5
7566,6
7567,2
7568,11
7569,8
7570,5
7571,7
7572,8
7573,4
7574,3
7575,6
7576,5
7577,4
7578,1
7579,1
7580,9
7581,8
7582,8
7583,3
7584,7
7585,5
7586,3
7587,4
7588,7
7589,6
7590,7
7591,3
7592,3
7593,4
7594,7
7595,6
7596,2
7597,5
7598,3
7599,1
7600,6
7601,7
7602,9
7603,1
7604,6
7605,8
7606,6
7607,2
7608,3
7609,12
7610,4
7611,10
7612,4
7613,7
7614,3
7615,5
7616,4
7617,6
7618,3
7619,6
7620,2
7621,4
7622,4
7623,7
7624,5
7625,8
7626,3
7627,4
7628,10
7629,3
7630,6
7631,7
7632,10
7633,3
7634,4
7635,9
7636,6
7637,3
7638,7
7639,3
7640,3
7641,2
7642,5
7643,4
7644,6
7645,3
7646,6
7647,5
7648,2
7649,3
7650,1
7651,5
7652,5
7653,4
7654,7
7655,4
7656,9
7657,7
7658,3
7659,3
7660,1
7661,6
7662,5
7663,6
7664,3
7665,6
7666,4
7667,9
7668,3
7669,5
7670,5
7671,4
7672,6
7673,8
7674,7
7675,3
7676,0
7677,4
7678,8
7679,5
7680,6
7681,8
7682,1
7683,4
7684,6
7685,6
7686,5
7687,6
7688,8
7689,8
7690,4
7691,2
7692,2
7693,3
7694,5
7695,7
7696,4
7697,6
7698,4
7699,7
7700,4
7701,9
7702,4
7703,5
7704,2
7705,4
7706,7
7707,8
7708,8
7709,12
7710,4
7711,6
7712,6
7713,3
7714,6
7715,6
7716,2
7717,6
7718,5
7719,4
7720,2
7721,6
7722,2
7723,5
7724,9
7725,2
7726,9
7727,4
7728,6
7729,4
7730,6
7731,3
7732,8
7733,2
7734,3
7735,0
7736,3
7737,5
7738,6
7739,5
7740,4
7741,3
7742,9
7743,5
7744,4
7745,6
7746,4
7747,5
7748,5
7749,2
7750,3
7751,6
7752,8
7753,3
7754,5
7755,7
7756,3
7757,11
7758,5
7759,5
7760,8
7761,1
7762,5
7763,9
7764,9
7765,2
7766,4
7767,5
7768,6
7769,7
7770,4
7771,2
7772,6
7773,1
7774,4
7775,6
7776,3
7777,8
7778,7
7779,7
7780,5
7781,5
7782,1
7783,4
7784,3
7785,10
7786,6
7787,7
7788,4
7789,9
7790,4
7791,4
7792,2
7793,8
7794,2
7795,5
7796,6
7797,7
7798,3
7799,4
7800,6
7801,4
7802,8
7803,8
7804,6
7805,7
7806,2
7807,8
7808,2
7809,8
7810,4
7811,2
7812,5
7813,4
7814,3
7815,6
7816,7
7817,5
7818,11
7819,8
7820,5
7821,7
7822,7
7823,4
7824,5
7825,5
7826,4
7827,2
7828,4
7829,3
7830,3
7831,2
7832,4
7833,5
7834,4
7835,8
7836,2
7837,2
7838,1
7839,8
7840,6
7841,6
7842,7
7843,3
7844,8
7845,4
7846,7
7847,5
7848,12
7849,6
7850,7
7851,7
7852,5
7853,2
7854,7
7855,5
7856,3
7857,7
7858,4
7859,3
7860,5
7861,5
7862,6
7863,12
7864,3
7865,11
7866,5
7867,7
7868,6
7869,7
7870,6
7871,7
7872,5
7873,10
7874,7
7875,8
7876,3
7877,8
7878,11
7879,5
7880,4
7881,2
7882,4
7883,9
7884,11
7885,7
7886,6
7887,7
7888,10
7889,9
7890,5
7891,4
7892,3
7893,8
7894,0
7895,6
7896,5
7897,4
7898,2
7899,7
7900,5
7901,2
7902,2
7903,7
7904,4
7905,5
7906,4
7907,2
7908,6
7909,4
7910,5
7911,3
7912,6
7913,6
7914,4
7915,7
7916,4
7917,11
7918,5
7919,4
7920,3
7921,4
7922,7
7923,6
7924,5
7925,5
7926,8
7927,6
7928,11
7929,6
7930,10
7931,6
7932,9
7933,2
7934,8
7935,4
7936,8
7937,5
7938,8
7939,0
7940,1
7941,2
7942,5
7943,13
7944,6
7945,7
7946,5
7947,10
7948,7
7949,3
7950,5
7951,7
7952,5
7953,4
7954,12
7955,2
7956,1
7957,10
7958,5
7959,7
7960,8
7961,4
7962,5
7963,1
7964,2
7965,5
7966,2
7967,4
7968,8
7969,7
7970,7
7971,4
7972,6
7973,4
7974,9
7975,2
7976,7
7977,8
7978,2
7979,5
7980,5
7981,3
7982,3
7983,6
7984,4
7985,7
7986,6
7987,6
7988,3
7989,5
7990,4
7991,6
7992,3
7993,1
7994,10
7995,7
7996,8
7997,6
7998,5
7999,8
8000,8
8001,14
8002,9
8003,1
8004,5
8005,6
8006,6
8007,5
8008,10
8009,9
8010,4
8011,8
8012,7
8013,9
8014,8
8015,9
8016,8
8017,4
8018,5
8019,5
8020,5
8021,6
8022,7
8023,7
8024,3
8025,3
8026,7
8027,6
8028,7
8029,10
8030,7
8031,2
8032,4
8033,8
8034,5
8035,7
8036,10
8037,6
8038,3
8039,3
8040,7
8041,5
8042,8
8043,4
8044,5
8045,7
8046,5
8047,5
8048,4
8049,7
8050,4
8051,1
8052,10
8053,5
8054,8
8055,4
8056,4
8057,4
8058,4
8059,4
8060,2
8061,4
8062,5
8063,7
8064,5
8065,7
8066,6
8067,2
8068,4
8069,6
8070,4
8071,7
8072,5
8073,8
8074,4
8075,4
8076,6
8077,9
8078,1
8079,3
8080,2
8081,7
8082,4
8083,5
8084,6
8085,4
8086,2
8087,1
8088,4
8089,6
8090,7
8091,5
8092,5
8093,3
8094,4
8095,6
8096,5
8097,6
8098,8
8099,5
8100,6
8101,7
8102,3
8103,8
8104,4
8105,5
8106,5
8107,2
8108,7
8109,5
8110,3
8111,4
8112,4
8113,4
8114,3
8115,6
8116,9
8117,7
8118,3
8119,6
8120,8
8121,6
8122,7
8123,4
8124,5
8125,3
8126,3
8127,7
8128,12
8129,3
8130,6
8131,6
8132,8
8133,3
8134,3
8135,8
8136,4
8137,10
8138,7
8139,7
8140,4
8141,6
8142,1
8143,9
8144,2
8145,3
8146,3
8147,5
8148,5
8149,8
8150,3
8151,5
8152,4
8153,4
8154,4
8155,2
8156,4
8157,5
8158,3
8159,8
8160,5
8161,3
8162,8
8163,1
8164,6
8165,7
8166,5
8167,3
8168,8
8169,7
8170,5
8171,6
8172,5
8173,11
8174,5
8175,4
8176,10
8177,4
8178,6
8179,2
8180,4
8181,2
8182,1
8183,8
8184,7
8185,7
8186,5
8187,7
8188,6
8189,4
8190,9
8191,4
8192,4
8193,5
8194,1
8195,7
8196,2
8197,4
8198,1
8199,8
8200,5
8201,3
8202,3
8203,2
8204,5
8205,7
8206,5
8207,0
8208,8
8209,3
8210,3
8211,4
8212,3
8213,14
8214,9
8215,3
8216,3
8217,10
8218,2
8219,4
8220,3
8221,7
8222,5
8223,2
8224,6
8225,5
8226,1
8227,4
8228,0
8229,6
8230,12
8231,6
8232,8
8233,7
8234,6
8235,2
8236,10
8237,7
8238,6
8239,3
8240,6
8241,5
8242,2
8243,5
8244,3
8245,6
8246,3
8247,6
8248,8
8249,3
8250,5
8251,3
8252,5
8253,5
8254,4
8255,3
8256,2
8257,2
8258,5
8259,5
8260,9
8261,5
8262,5
8263,7
8264,4
8265,5
8266,7
8267,11
8268,5
8269,4
8270,7
8271,5
8272,3
8273,6
8274,3
8275,1
8276,7
8277,6
8278,4
8279,8
8280,5
8281,4
8282,6
8283,4
8284,6
8285,4
8286,4
8287,6
8288,3
8289,3
8290,4
8291,12
8292,4
8293,10
8294,8
8295,5
8296,1
8297,2
8298,4
8299,4
8300,9
8301,6
8302,5
8303,4
8304,4
8305,4
8306,7
8307,6
8308,7
8309,8
8310,3
8311,5
8312,7
8313,8
8314,2
8315,7
8316,5
8317,2
8318,5
8319,5
8320,6
8321,6
8322,7
8323,4
8324,3
8325,7
8326,5
8327,6
8328,4
8329,3
8330,4
8331,2
8332,4
8333,1
8334,6
8335,5
8336,1
8337,4
8338,5
8339,1
8340,6
8341,5
8342,3
8343,5
8344,4
8345,5
8346,2
8347,2
8348,4
8349,4
8350,5
8351,5
8352,1
8353,5
8354,3
8355,9
8356,4
8357,3
8358,8
8359,5
8360,6
8361,7
8362,4
8363,3
8364,5
8365,6
8366,6
8367,3
8368,5
8369,6
8370,5
8371,7
8372,9
8373,7
8374,6
8375,7
8376,8
8377,6
8378,8
8379,3
8380,5
8381,5
8382,8
8383,7
8384,1
8385,4
8386,3
8387,8
8388,2
8389,7
8390,9
8391,7
8392,7
8393,9
8394,5
8395,2
8396,4
8397,4
8398,3
8399,8
8400,6
8401,2
8402,1
8403,5
8404,5
8405,8
8406,2
8407,7
8408,3
8409,3
8410,5
8411,8
8412,4
8413,5
8414,10
8415,2
8416,4
8417,4
8418,9
8419,5
8420,3
8421,6
8422,4
8423,5
8424,4
8425,9
8426,8
8427,6
8428,3
8429,2
8430,4
8431,6
8432,4
8433,4
8434,8
8435,4
8436,8
8437,4
8438,7
8439,3
8440,3
8441,4
8442,4
8443,3
8444,7
8445,5
8446,1
8447,6
8448,3
8449,7
8450,6
8451,4
8452,6
8453,2
8454,8
8455,3
8456,1
8457,6
8458,4
8459,6
8460,2
8461,9
8462,5
8463,5
8464,5
8465,7
8466,4
8467,6
8468,7
8469,3
8470,8
8471,2
8472,6
8473,2
8474,5
8475,3
8476,5
8477,7
8478,4
8479,8
8480,8
8481,1
8482,3
8483,5
8484,8
8485,7
8486,4
8487,6
8488,3
8489,7
8490,5
8491,3
8492,4
8493,5
8494,3
8495,2
8496,4
8497,5
8498,5
8499,2
8500,7
8501,6
8502,6
8503,7
8504,5
8505,8
8506,8
8507,5
8508,4
8509,5
8510,6
8511,4
8512,6
8513,5
8514,6
8515,7
8516,3
8517,3
8518,8
8519,2
8520,4
8521,3
8522,6
8523,8
8524,5
8525,5
8526,3
8527,4
8528,4
8529,6
8530,8
8531,5
8532,3
8533,5
8534,6
8535,6
8536,7
8537,5
8538,7
8539,7
8540,4
8541,5
8542,6
8543,5
8544,3
8545,5
8546,3
8547,4
8548,5
8549,4
8550,11
8551,6
8552,5
8553,6
8554,4
8555,4
8556,4
8557,4
8558,4
8559,3
8560,5
8561,3
8562,5
8563,7
8564,6
8565,4
8566,5
8567,4
8568,3
8569,9
8570,2
8571,9
8572,2
8573,5
8574,7
8575,4
8576,5
8577,5
8578,4
8579,4
8580,4
8581,5
8582,6
8583,4
8584,5
8585,5
8586,9
8587,4
8588,1
8589,3
8590,2
8591,7
8592,3
8593,3
8594,6
8595,9
8596,7
8597,3
8598,5
8599,3
8600,8
8601,7
8602,5
8603,4
8604,10
8605,9
8606,6
8607,7
8608,5
8609,2
8610,2
8611,3
8612,3
8613,4
8614,8
8615,5
8616,5
8617,3
8618,2
8619,3
8620,6
8621,7
8622,11
8623,10
8624,4
8625,4
8626,3
8627,9
8628,12
8629,4
8630,5
8631,3
8632,3
8633,3
8634,5
8635,5
8636,6
8637,3
8638,7
8639,5
8640,5
8641,5
8642,5
8643,8
8644,5
8645,4
8646,12
8647,4
8648,4
8649,3
8650,5
8651,5
8652,7
8653,13
8654,4
8655,3
8656,5
8657,5
8658,6
8659,3
8660,4
8661,4
8662,6
8663,3
8664,8
8665,8
8666,4
8667,7
8668,4
8669,6
8670,5
8671,2
8672,6
8673,2
8674,4
8675,6
8676,2
8677,5
8678,4
8679,5
8680,10
8681,8
8682,5
8683,5
8684,3
8685,4
8686,6
8687,4
8688,3
8689,4
8690,7
8691,1
8692,2
8693,9
8694,5
8695,5
8696,3
8697,6
8698,7
8699,4
8700,6
8701,5
8702,5
8703,4
8704,5
8705,6
8706,3
8707,6
8708,2
8709,10
8710,8
8711,4
8712,8
8713,5
8714,2
8715,4
8716,5
8717,7
8718,6
8719,3
8720,3
8721,3
8722,7
8723,6
8724,5
8725,4
8726,4
8727,8
8728,3
8729,9
8730,4
8731,5
8732,6
8733,3
8734,4
8735,8
8736,7
8737,2
8738,3
8739,4
8740,5
8741,4
8742,3
8743,2
8744,8
8745,3
8746,6
8747,1
8748,3
8749,4
8750,5
8751,2
8752,5
8753,3
8754,2
8755,3
8756,6
8757,6
8758,2
8759,7
8760,3
8761,6
8762,6
8763,4
8764,4
8765,7
8766,2
8767,1
8768,4
8769,6
8770,3
8771,4
8772,3
8773,6
8774,1
8775,2
8776,6
8777,6
8778,4
8779,5
8780,7
8781,5
8782,6
8783,5
8784,4
8785,6
8786,5
8787,9
8788,1
8789,2
8790,4
8791,6
8792,5
8793,3
8794,6
8795,5
8796,11
8797,4
8798,7
8799,10
8800,5
8801,6
8802,4
8803,3
8804,6
8805,5
8806,7
8807,3
8808,5
8809,1
8810,7
8811,2
8812,8
8813,2
8814,3
8815,3
8816,3
8817,4
8818,9
8819,4
8820,4
8821,4
8822,4
8823,5
8824,7
8825,6
8826,3
8827,8
8828,8
8829,10
8830,6
8831,3
8832,5
8833,6
8834,5
8835,5
8836,4
8837,8
8838,5
8839,11
8840,4
8841,6
8842,1
8843,3
8844,7
8845,6
8846,7
8847,4
8848,9
8849,8
8850,8
8851,3
8852,3
8853,9
8854,2
8855,5
8856,1
8857,6
8858,1
8859,2
8860,13
8861,3
8862,3
8863,2
8864,8
8865,5
8866,7
8867,1
8868,2
8869,10
8870,5
8871,6
8872,7
8873,5
8874,4
8875,3
8876,5
8877,2
8878,4
8879,4
8880,0
8881,6
8882,3
8883,3
8884,7
8885,9
8886,6
8887,8
8888,1
8889,4
8890,6
8891,6
8892,8
8893,6
8894,9
8895,4
8896,3
8897,5
8898,7
8899,5
8900,6
8901,3
8902,6
8903,2
8904,5
8905,6
8906,6
8907,1
8908,2
8909,4
8910,7
8911,5
8912,3
8913,5
8914,4
8915,7
8916,3
8917,6
8918,7
8919,5
8920,4
8921,4
8922,5
8923,1
8924,4
8925,4
8926,7
8927,10
8928,7
8929,12
8930,5
8931,2
8932,3
8933,5
8934,4
8935,5
8936,3
8937,9
8938,8
8939,3
8940,0
8941,5
8942,7
8943,7
8944,3
8945,3
8946,4
8947,4
8948,4
8949,7
8950,7
8951,1
8952,4
8953,0
8954,4
8955,4
8956,6
8957,3
8958,5
8959,2
8960,7
8961,8
8962,6
8963,6
8964,2
8965,5
8966,4
8967,6
8968,8
8969,4
8970,6
8971,7
8972,7
8973,0
8974,6
8975,5
8976,5
8977,8
8978,9
8979,5
8980,4
8981,2
8982,7
8983,5
8984,4
8985,4
8986,7
8987,2
8988,7
8989,5
8990,7
8991,4
8992,3
8993,3
8994,3
8995,9
8996,10
8997,5
8998,5
8999,1
9000,6
9001,7
9002,8
9003,5
9004,3
9005,4
9006,5
9007,7
9008,7
9009,4
9010,4
9011,3
9012,5
9013,6
9014,2
9015,11
9016,6
9017,8
9018,3
9019,2
9020,4
9021,9
9022,1
9023,4
9024,5
9025,8
9026,8
9027,3
9028,7
9029,3
9030,5
9031,8
9032,3
9033,4
9034,4
9035,1
9036,4
9037,1
9038,8
9039,6
9040,3
9041,2
9042,4
9043,4
9044,5
9045,4
9046,7
9047,5
9048,4
9049,0
9050,5
9051,2
9052,4
9053,4
9054,4
9055,5
9056,5
9057,9
9058,9
9059,7
9060,10
9061,4
9062,5
9063,6
9064,4
9065,9
9066,6
9067,4
9068,4
9069,8
9070,9
9071,3
9072,4
9073,4
9074,2
9075,3
9076,4
9077,4
9078,3
9079,15
9080,0
9081,1
9082,4
9083,7
9084,3
9085,4
9086,7
9087,6
9088,4
9089,7
9090,5
9091,6
9092,3
9093,1
9094,2
9095,5
9096,7
9097,8
9098,7
9099,7
9100,11
9101,5
9102,4
9103,5
9104,4
9105,2
9106,5
9107,4
9108,2
9109,11
9110,4
9111,4
9112,2
9113,7
9114,3
9115,4
9116,4
9117,3
9118,5
9119,6
9120,3
9121,4
9122,2
9123,2
9124,9
9125,3
9126,10
9127,4
9128,7
9129,1
9130,6
9131,2
9132,5
9133,5
9134,6
9135,5
9136,7
9137,6
9138,3
9139,6
9140,3
9141,5
9142,6
9143,4
9144,6
9145,4
9146,4
9147,10
9148,5
9149,4
9150,7
9151,3
9152,2
9153,9
9154,5
9155,6
9156,5
9157,5
9158,7
9159,5
9160,3
9161,6
9162,6
9163,7
9164,3
9165,6
9166,5
9167,4
9168,1
9169,2
9170,10
9171,6
9172,6
9173,4
9174,5
9175,10
9176,1
9177,2
9178,7
9179,5
9180,9
9181,5
9182,3
9183,6
9184,6
9185,6
9186,2
9187,2
9188,4
9189,4
9190,3
9191,3
9192,7
9193,7
9194,2
9195,7
9196,7
9197,4
9198,3
9199,5
9200,2
9201,4
9202,5
9203,3
9204,3
9205,4
9206,3
9207,2
9208,1
9209,6
9210,2
9211,3
9212,3
9213,3
9214,5
9215,2
9216,4
9217,8
9218,5
9219,4
9220,7
9221,5
9222,4
9223,2
9224,2
9225,6
9226,6
9227,3
9228,6
9229,6
9230,6
9231,5
9232,6
9233,6
9234,6
9235,3
9236,7
9237,5
9238,5
9239,2
9240,11
9241,7
9242,5
9243,5
9244,2
9245,6
9246,5
9247,4
9248,7
9249,6
9250,2
9251,2
9252,2
9253,5
9254,5
9255,3
9256,7
9257,3
9258,5
9259,6
9260,2
9261,7
9262,6
9263,5
9264,6
9265,7
9266,8
9267,2
9268,2
9269,5
9270,6
9271,9
9272,3
9273,3
9274,5
9275,8
9276,3
9277,6
9278,6
9279,5
9280,2
9281,9
9282,3
9283,3
9284,3
9285,9
9286,7
9287,7
9288,2
9289,8
9290,5
9291,5
9292,2
9293,7
9294,6
9295,2
9296,5
9297,4
9298,7
9299,4
9300,2
9301,7
9302,4
9303,5
9304,7
9305,2
9306,8
9307,9
9308,7
9309,3
9310,1
9311,4
9312,3
9313,6
9314,9
9315,8
9316,5
9317,4
9318,2
9319,4
9320,7
9321,1
9322,6
9323,2
9324,3
9325,4
9326,7
9327,3
9328,8
9329,2
9330,5
9331,3
9332,1
9333,1
9334,2
9335,4
9336,5
9337,3
9338,5
9339,3
9340,8
9341,5
9342,6
9343,7
9344,5
9345,4
9346,3
9347,4
9348,3
9349,2
9350,1
9351,1
9352,5
9353,5
9354,0
9355,7
9356,4
9357,6
9358,3
9359,5
9360,3
9361,3
9362,4
9363,5
9364,6
9365,5
9366,5
9367,5
9368,2
9369,6
9370,4
9371,5
9372,5
9373,4
9374,5
9375,3
9376,4
9377,7
9378,10
9379,4
9380,1
9381,10
9382,3
9383,4
9384,5
9385,4
9386,4
9387,3
9388,5
9389,4
9390,3
9391,12
9392,3
9393,3
9394,14
9395,6
9396,5
9397,2
9398,4
9399,3
9400,7
9401,0
9402,10
9403,9
9404,7
9405,5
9406,8
9407,5
9408,5
9409,3
9410,6
9411,5
9412,1
9413,1
9414,3
9415,4
9416,6
9417,6
9418,6
9419,3
9420,5
9421,0
9422,3
9423,7
9424,5
9425,5
9426,3
9427,1
9428,10
9429,1
9430,3
9431,9
9432,5
9433,6
9434,2
9435,5
9436,6
9437,3
9438,2
9439,4
9440,6
9441,3
9442,6
9443,4
9444,5
9445,6
9446,6
9447,6
9448,8
9449,5
9450,5
9451,7
9452,6
9453,6
9454,7
9455,8
9456,3
9457,8
9458,8
9459,3
9460,6
9461,4
9462,3
9463,2
9464,13
9465,6
9466,5
9467,3
9468,8
9469,6
9470,3
9471,4
9472,6
9473,6
9474,7
9475,2
9476,2
9477,5
9478,6
9479,7
9480,5
9481,5
9482,6
9483,5
9484,4
9485,7
9486,5
9487,7
9488,6
9489,5
9490,2
9491,5
9492,2
9493,4
9494,7
9495,5
9496,3
9497,2
9498,5
9499,3
9500,8
9501,3
9502,5
9503,5
9504,5
9505,3
9506,4
9507,7
9508,5
9509,7
9510,7
9511,5
9512,4
9513,0
9514,3
9515,3
9516,4
9517,10
9518,6
9519,6
9520,2
9521,2
9522,4
9523,3
9524,9
9525,4
9526,6
9527,9
9528,9
9529,4
9530,6
9531,5
9532,4
9533,5
9534,5
9535,11
9536,9
9537,5
9538,3
9539,6
9540,3
9541,2
9542,0
9543,3
9544,6
9545,6
9546,4
9547,7
9548,7
9549,4
9550,8
9551,4
9552,5
9553,5
9554,2
9555,5
9556,5
9557,4
9558,3
9559,1
9560,9
9561,4
9562,9
9563,6
9564,6
9565,6
9566,9
9567,4
9568,2
9569,5
9570,3
9571,5
9572,3
9573,1
9574,7
9575,4
9576,5
9577,1
9578,7
9579,3
9580,5
9581,7
9582,3
9583,4
9584,7
9585,3
9586,1
9587,7
9588,3
9589,4
9590,2
9591,3
9592,4
9593,4
9594,5
9595,6
9596,5
9597,2
9598,6
9599,4
9600,11
9601,3
9602,5
9603,2
9604,5
9605,4
9606,4
9607,5
9608,5
9609,4
9610,4
9611,6
9612,9
9613,6
9614,4
9615,5
9616,3
9617,4
9618,5
9619,5
9620,1
9621,4
9622,2
9623,3
9624,8
9625,6
9626,5
9627,5
9628,5
9629,4
9630,3
9631,1
9632,5
9633,3
9634,5
9635,2
9636,3
9637,4
9638,8
9639,2
9640,4
9641,10
9642,6
9643,4
9644,5
9645,4
9646,5
9647,5
9648,7
9649,2
9650,3
9651,1
9652,3
9653,10
9654,5
9655,6
9656,3
9657,2
9658,6
9659,7
9660,3
9661,2
9662,4
9663,3
9664,6
9665,2
9666,11
9667,2
9668,5
9669,7
9670,4
9671,6
9672,4
9673,3
9674,4
9675,7
9676,7
9677,11
9678,6
9679,2
9680,3
9681,4
9682,5
9683,8
9684,5
9685,4
9686,4
9687,6
9688,6
9689,9
9690,2
9691,6
9692,6
9693,5
9694,2
9695,5
9696,4
9697,10
9698,7
9699,6
9700,5
9701,3
9702,9
9703,8
9704,7
9705,8
9706,3
9707,4
9708,7
9709,6
9710,5
9711,2
9712,7
9713,8
9714,6
9715,8
9716,7
9717,5
9718,9
9719,5
9720,10
9721,6
9722,2
9723,8
9724,11
9725,5
9726,6
9727,2
9728,4
9729,3
9730,4
9731,4
9732,7
9733,8
9734,8
9735,7
9736,4
9737,3
9738,1
9739,3
9740,5
9741,3
9742,7
9743,7
9744,4
9745,4
9746,5
9747,6
9748,5
9749,4
9750,3
9751,8
9752,7
9753,7
9754,2
9755,7
9756,8
9757,6
9758,3
9759,4
9760,7
9761,4
9762,5
9763,3
9764,8
9765,3
9766,5
9767,4
9768,2
9769,4
9770,1
9771,2
9772,3
9773,6
9774,5
9775,5
9776,6
9777,3
9778,5
9779,2
9780,8
9781,5
9782,13
9783,4
9784,3
9785,5
9786,1
9787,4
9788,6
9789,4
9790,6
9791,9
9792,8
9793,6
9794,2
9795,2
9796,6
9797,7
9798,4
9799,5
9800,10
9801,11
9802,4
9803,7
9804,6
9805,9
9806,8
9807,3
9808,6
9809,7
9810,3
9811,8
9812,1
9813,6
9814,5
9815,2
9816,5
9817,3
9818,1
9819,8
9820,4
9821,1
9822,5
9823,5
9824,4
9825,5
9826,3
9827,3
9828,7
9829,6
9830,1
9831,6
9832,5
9833,5
9834,12
9835,13
9836,9
9837,4
9838,0
9839,5
9840,8
9841,9
9842,4
9843,7
9844,9
9845,4
9846,7
9847,6
9848,5
9849,5
9850,7
9851,5
9852,4
9853,5
9854,6
9855,6
9856,6
9857,3
9858,3
9859,2
9860,3
9861,4
9862,5
9863,3
9864,1
9865,2
9866,2
9867,4
9868,3
9869,3
9870,4
9871,4
9872,2
9873,8
9874,4
9875,11
9876,3
9877,4
9878,7
9879,8
9880,8
9881,2
9882,9
9883,2
9884,6
9885,4
9886,1
9887,9
9888,4
9889,4
9890,6
9891,1
9892,6
9893,4
9894,6
9895,5
9896,7
9897,3
9898,11
9899,8
9900,2
9901,3
9902,4
9903,5
9904,4
9905,2
9906,4
9907,5
9908,5
9909,5
9910,3
9911,5
9912,4
9913,5
9914,7
9915,6
9916,5
9917,1
9918,4
9919,6
9920,11
9921,5
9922,5
9923,2
9924,13
9925,11
9926,5
9927,5
9928,3
9929,9
9930,1
9931,7
9932,7
9933,2
9934,4
9935,4
9936,5
9937,2
9938,4
9939,9
9940,1
9941,5
9942,0
9943,4
9944,4
