3656867,1
3656865,1
3656864,1
3656869,1
3656868,1
782353,2
781879,20
4717206,1
781878,12
4032918,1
624654,1
4034080,1
4034083,1
780553,1
3657184,1
4034126,1
4081238,1
3656814,1
630880,1
4741140,1
627593,2
3657212,1
4130718,1
3657219,1
4033762,1
4034237,1
4034234,1
4034230,1
4080118,1
4089403,1
3657224,1
4032641,1
4032642,1
4032643,1
4032645,1
4032863,1
4032648,1
775436,11
4032905,1
648599,1
4033699,1
4032748,1
3657324,1
3657289,1
3657280,1
3657282,1
3657284,1
3657285,1
3657286,1
4137836,1
4374509,1
746623,1
4033165,1
4033342,1
4033437,1
4033349,1
4083475,1
3657139,1
3657039,1
3656969,1
3657033,1
3657032,1
4088618,1
3656966,1
3657036,1
3657035,1
3657034,1
4033930,1
4033935,1
4033939,1
4034285,1
4034283,1
634731,1
3656822,1
3656821,1
4033797,1
3656825,1
4034475,1
4033230,1
4083835,1
4083515,1
4033799,1
3657087,1
716564,10
4171890,1
4246308,1
4111665,1
4033586,1
6223428,1
4034273,1
4033804,1
4033807,1
4033801,1
4089367,1
4034274,1
4032828,1
4033589,1
4032825,1
4033794,1
3657088,1
4033790,1
4033792,1
3657080,1
3657086,1
4033651,1
3657084,1
3657085,1
3657248,1
3657249,1
5254555,1
3657244,1
3657245,1
3657246,1
3657240,1
3657241,1
3657242,1
3657243,1
4033253,1
5296168,1
5648168,1
4081945,1
4134399,1
4082348,1
636424,1
4033572,1
646450,1
4033974,1
4033970,1
4113239,1
4765837,1
4080733,1
4364409,1
4086396,1
4033070,1
3657065,1
3657066,1
3657108,1
3657060,1
3657061,1
3657062,1
3657063,1
3656959,1
3656958,1
3656897,1
4089715,1
4115343,1
3657223,1
4088623,1
3657220,1
3657118,1
3656873,1
3656878,1
4375936,1
4034502,1
4034505,1
4033202,1
4034506,1
3656946,1
4083863,1
4111623,1
3657056,1
4083907,1
4034137,1
3657059,1
3657111,1
3657201,1
4096758,1
4126003,1
4082372,1
5656431,1
4126394,1
4087778,1
4034226,1
4033853,1
4270941,1
4081354,1
4032912,1
639948,2
716828,1
4085524,1
4106034,1
4085393,1
3657338,1
716437,14
4088691,1
4032752,1
3657332,1
4080773,1
4032868,1
5709297,1
5461239,1
4033616,1
3656798,1
4111881,1
3656794,1
3656797,1
3656796,1
4137648,1
3656793,1
4112156,1
3657029,1
3657020,1
4403429,1
4087512,1
4033921,1
4102443,1
3657078,1
3656832,1
64334,1
4033927,1
4081388,1
4033924,1
3657154,1
3657155,1
3657156,1
3657157,1
3657150,1
6320501,1
782390,8
782395,6
782394,8
782396,1
3656904,1
4034453,1
3656907,1
6102319,1
4108908,1
4402972,1
4405777,1
3656775,1
4034202,1
4033810,1
3657222,1
4033782,1
4033780,1
637992,1
3657091,1
4033788,1
4033789,1
4033665,1
3657271,4
4529997,1
3657276,1
4080038,1
4032960,1
4032624,1
4032622,1
4032623,1
4032621,1
4032969,1
4032915,1
3657183,1
3657266,1
3657181,1
5804741,1
3657186,1
4111229,1
4033563,1
4032767,1
4032764,1
4032760,1
4033962,1
4641248,1
4033965,1
4033148,1
4034422,1
4033289,1
4033286,1
4034038,1
4033044,1
4081109,1
3656941,1
3656942,1
3656943,1
3657055,1
3656945,1
3657057,1
3656947,1
3657110,1
3657058,1
3657112,1
3657114,1
3657115,1
4033441,1
3656841,1
3656840,1
3656843,1
3656845,1
3656844,1
3656848,1
4128443,1
4080188,1
4110416,1
782279,1
4080616,1
4033887,1
3657238,1
3656952,1
4032617,1
3657237,1
3657230,1
3657233,1
4032612,1
3657067,1
4032611,1
4089428,1
3656956,1
4033822,1
4341894,1
4033820,1
4033827,1
4032920,1
4033825,1
4034352,1
4034355,1
781740,3
4134503,1
4080667,1
4279699,1
4032843,1
4032665,1
4033139,1
778555,23
4033134,1
3657069,1
3657308,1
4032728,1
4032683,1
3657303,1
3657302,1
4032727,1
3657304,1
3657307,1
4113143,1
4089511,1
4089697,1
4109175,1
620812,1
4034079,1
4034078,1
4033002,1
3656787,1
3656784,1
4034072,1
3657010,1
3657013,1
4110367,1
3657019,1
3657018,1
4032975,1
4084722,1
4033872,1
4033950,1
3657031,1
3656875,1
4081420,1
3656967,1
3656951,1
3656965,1
3657167,1
3657166,1
5753182,1
3656939,1
3656950,1
643474,1
4083432,1
4032662,1
666421,1
716222,1
4034252,1
4034098,1
3656809,1
4081934,1
3657260,1
4033776,1
4034325,1
5800534,1
4032650,1
4032657,1
4033879,1
4032655,1
4032979,1
4033875,1
4032659,1
4032791,1
4033704,1
3657190,1
3657194,1
3657198,1
3656968,1
4032775,1
4032776,1
4032771,1
668279,1
4033677,1
4033674,1
4033178,1
4089520,1
4033427,1
4034027,1
4034022,1
4034185,1
4033196,1
52497,7
4897255,1
4033193,1
3657129,1
4033199,1
671841,1
3656973,1
3656972,1
4033451,1
4080243,1
4089639,1
538006,1
3656856,1
3656854,1
3656855,1
3656852,1
3656850,1
4033221,1
4034117,1
4034443,1
4034119,1
3657187,1
631156,1
3657228,1
583180,15
4084626,1
4032604,1
4032605,1
4032606,1
4032607,1
3657226,1
3657227,1
4032602,1
6153682,1
716573,1
716223,1
4033833,1
5086789,1
661002,2
4139967,1
668976,1
6106237,1
4032833,1
683872,1
4032836,1
3657315,1
3657312,1
3657313,1
3657311,1
4033646,1
4033643,1
3657090,1
3657318,1
4033640,1
4085011,1
4032739,1
4032730,1
3657073,1
4032732,1
3657254,1
4032734,1
3657072,1
4082357,1
4033639,1
3657177,1
4084926,1
4033012,1
4033545,1
3657175,1
4032638,1
4033461,1
4034061,1
4034067,1
3657000,1
3657001,1
3657006,1
3657079,1
3657005,1
3657008,1
3657009,1
4032627,1
4032691,1
4199542,1
4120110,1
4033945,1
623516,2
4033262,1
3656940,1
5807109,1
4032785,1
4033065,1
4033308,1
4033060,1
4032880,1
4097707,1
4033069,1
3657076,1
3656924,1
3656922,1
3656923,1
3657071,1
3657070,1
3656884,1
3656887,1
772470,1
3657173,1
3656883,1
3656882,1
4089707,1
4086336,1
5250999,1
