781879,1
781878,1
3650889,1
3650887,1
4008356,1
3650885,1
4008601,1
3650880,1
631859,1
3650851,1
624654,1
664116,1
711781,1
627593,1
3650899,1
3650883,1
3650897,1
3650892,1
668279,1
638926,1
655614,1
3650848,1
6039990,1
782378,1
782377,1
3957108,1
4008637,1
6048898,1
649824,1
4008470,1
4008578,1
3417696,1
6038013,1
644340,1
3956916,1
623014,1
4384088,1
631156,1
583180,1
634731,1
778555,1
3650924,1
6041838,1
3650920,1
3650923,1
3650847,1
633864,1
620812,1
662635,1
3414776,1
4008556,1
4008551,1
3650858,1
3650859,1
3650912,1
4008419,1
3650850,1
3650918,1
3650852,1
3650853,1
3650854,1
3650855,1
4008387,1
4337612,1
637126,1
3650867,1
3650866,1
3650861,1
3650863,1
3650909,1
3650868,1
4319222,1
3650908,1
3650907,1
4008421,1
6043669,1
3650905,1
3650903,1
3650901,1
3958046,1
636424,1
4008437,1
3650876,1
4008433,1
3650874,1
3650875,1
3650878,1
646450,1
6050010,1
3650911,1
635384,1
3420724,1
626423,1
3650914,1
