3847466,1
783459,1
6263000,1
3858099,0
3854535,1
3857044,1
779823,1
4457701,1
4522378,1
3857316,1
3854844,1
2970297,1
6130494,1
3856989,1
3857848,0
3856867,1
3615694,0
4527347,0
3615693,0
780973,3
780001,9
1103346,1
780971,2
3854658,1
780970,2
3854402,1
3857400,1
775539,1
6214613,1
781374,0
6251715,1
3854600,1
3615625,0
4880783,1
5222333,1
3615471,1
781258,0
779689,1
780170,2
780674,3
780676,12
4667482,1
780672,1
780673,2
3853909,1
2970037,1
4543180,0
3854620,1
4532906,0
780982,1
781207,2
780980,1
781205,20
781202,4
780987,2
781200,3
781201,1
3857541,1
744910,4
3857543,1
3614871,2
3855613,1
3857544,1
3856720,1
781209,1
3858110,0
778506,1
3610825,1
4461887,1
3615196,1
3615195,1
3855396,1
759941,1
778234,15
4453529,1
3615375,1
3615379,1
3615174,1
3615172,1
3615277,1
3615179,1
4493645,1
781190,4
3853996,1
3614804,1
3614803,1
3614802,1
106788,9
4500844,1
3615301,1
780595,1
3856249,1
751352,6
774700,1
4774966,0
3613655,1
780691,3
6289411,1
4447789,1
3850401,1
2963130,1
6284141,1
762350,2
780991,4
780990,2
4467670,1
780993,4
493297,4
4538730,0
6074451,1
3901133,0
781105,1
780994,3
563460,1
4464112,1
780528,1
780996,3
781035,1
3615322,1
3854251,1
3854253,1
3615324,1
4445996,1
3615004,1
3615001,1
4512361,1
3856763,1
709989,4
5055245,1
781322,0
781242,0
3615489,1
781240,0
781241,0
781244,0
781245,0
781174,1
4486232,1
6226675,1
780960,3
3614990,1
780624,1
780964,2
780965,2
780966,2
780967,2
780968,2
4507644,1
4519385,1
3854676,1
3854674,1
780148,3
778886,2
3262593,1
780140,3
3615137,1
368407,4
3614840,1
3854899,1
3615551,1
3110,2
3614928,1
781243,0
3614926,1
3615822,0
781140,1
3857392,1
781145,3
781144,2
3614742,1
3614743,1
3857398,1
3614748,1
780499,1
780711,4
3615348,1
2970586,1
3615343,1
3615340,1
3615346,1
3615344,1
3856908,1
2970965,1
53494,1
6287953,1
3854528,1
4507068,1
780767,1
780764,4
3694076,0
5814881,1
3615337,1
689732,8
4479205,1
3857976,0
5200264,1
780961,2
531141,1
3013634,1
4489662,1
781286,0
741152,1
3857148,1
3859035,0
6190350,1
6225107,1
752188,1
3854412,1
4177753,1
6079073,1
753200,1
3614870,1
3615615,0
639948,1
4502076,1
4455498,1
3857029,1
781187,2
780665,3
780840,3
3857555,1
3857552,1
3853912,1
4920,12
780062,2
781215,10
781214,2
781217,3
781216,1
781211,4
781210,2
781213,3
781212,3
780999,18
4496441,1
4132425,1
3853968,1
781219,10
781218,1
736016,1
781022,5
3615049,1
3857571,1
2970445,1
3615385,1
781014,3
3857292,1
3615143,1
3615144,1
3615146,1
780201,1
3854875,1
3854870,1
3857728,0
3614790,1
3614797,1
3614796,1
3614795,1
3614794,1
856411,0
3615547,1
3614818,1
3615542,1
3615541,1
3615548,1
6249162,1
4477805,1
737139,1
780335,2
781139,2
3615316,1
780179,3
4453856,1
4519459,1
781135,3
5104,5
781137,2
780684,1
780686,3
3856938,1
780725,4
6075321,1
3608208,1
3856271,1
779710,1
3616105,0
781004,1
3854453,1
4456525,1
781007,4
781000,4
3857470,1
781003,6
3857479,1
781009,5
3854266,1
3857377,1
3858121,0
779406,1
3615403,1
780024,1
637992,1
3615035,1
781204,4
780776,9
3856796,1
3857517,1
3854828,1
781203,2
781310,0
781138,1
781252,0
2953911,1
781256,0
3615641,0
780988,3
224319,4
3854835,1
2982348,0
3854838,1
780975,5
780797,2
6071765,1
3615459,1
3614981,1
3857607,0
3855839,1
3853920,1
3854607,1
781208,1
6073946,1
3857762,0
2975431,1
6136493,1
3614856,1
3614857,1
3614858,1
3614859,1
3857563,1
919514,1
3858073,0
4495173,1
2971879,1
4239822,0
169881,6
3614772,1
781179,1
3614779,1
781175,3
781176,3
781173,1
3615359,1
4495632,1
3615351,1
3615352,1
3615357,1
2955307,1
781239,0
780244,1
781238,0
3620273,0
3615226,1
765716,4
6233338,1
3855744,1
779657,6
1215304,0
3855748,1
4918293,1
712530,7
3854497,1
932589,0
781233,0
781206,0
780573,1
3854949,1
3855377,1
4538211,0
6194816,1
3615504,1
3854022,1
3615675,0
707881,1
779337,1
779444,2
3615063,1
3855049,1
781196,4
781197,5
781194,4
781195,1
781192,25
781193,3
780500,10
781058,3
781057,1
3854462,1
3854549,1
781198,2
781199,2
3615609,0
62691,1
719829,5
4441515,1
775892,1
781084,0
3615414,1
781143,1
741291,1
781220,32
781221,1
6117000,1
781223,2
781224,1
781225,4
781226,2
781227,1
781228,4
3615178,1
3615075,1
392188,2
3615077,1
3615076,1
3615073,1
781887,0
3857283,1
3615397,1
3615259,1
3857287,1
779151,4
3857049,1
3615159,1
3854841,1
3615157,1
760256,1
3615152,1
3615153,1
3854846,1
3614782,1
3614784,1
3614785,1
3614786,1
3614789,1
781191,3
3854652,1
780282,3
4452747,1
3615557,0
3854456,1
3615559,0
3826838,0
2966548,1
778170,1
6237759,1
6179682,1
738229,1
781082,1
629827,3
3615323,1
780303,2
4520033,1
3854383,1
2968459,1
780307,5
781029,2
3856692,1
4567394,0
3857825,0
781008,3
6206410,1
3855552,1
773445,1
689312,16
29598,3
4422558,1
3861228,0
3855008,1
781010,4
781017,3
781016,1
3857464,1
4433378,1
3612588,1
3857581,1
781019,1
3855004,1
3854271,1
3854274,1
727888,5
3854501,1
4495114,1
733029,11
3856319,1
4449767,1
3856991,1
701464,10
3856992,1
3854614,1
405661,9
6073025,1
6159976,1
3853944,1
3856784,1
3856786,1
3856782,1
779692,1
781309,0
780883,2
4507811,1
3854439,1
781237,0
3615636,0
3615635,0
3615634,0
780641,1
3615445,1
3615569,0
3615447,1
780645,2
6307137,1
780862,2
3615563,0
3614980,1
4452717,1
780906,1
3854024,1
3615564,0
779051,3
3615003,1
3853936,1
779110,1
3614902,1
3614865,1
3614866,1
4496477,1
3614862,1
3615026,1
3615027,1
3615025,1
3615185,1
3615184,1
3615186,1
3615180,1
4451165,1
4542212,1
780347,1
3614882,1
3614881,2
781161,1
780348,2
781166,6
3614860,1
3615167,1
3854893,1
3615165,1
3854896,1
3615162,1
3615161,1
780268,3
3615206,1
3615204,1
3614909,1
3615202,1
3615168,1
3853983,1
4485611,1
652266,3
780963,2
777991,1
777624,3
781102,1
3855752,1
781091,1
2975374,1
4496288,1
538006,1
781222,1
3615034,1
4520106,1
3614959,1
781114,1
781115,3
776970,2
4483476,1
5203709,1
780747,2
3854002,1
3615138,1
781229,2
6114729,1
3856957,1
3856956,1
777372,1
583180,1
3855033,1
4495387,1
781168,4
4452971,0
4456379,1
3615360,1
781185,2
780320,1
781186,10
781181,1
781180,6
781182,4
3854470,1
781020,5
781021,2
781189,2
781188,2
3950371,0
3854249,1
3614745,1
580301,1
780159,1
6174417,1
779011,7
3615019,1
3615018,1
3615400,1
4498411,1
3615014,3
5113623,1
780995,5
3857538,1
3614888,1
4494007,1
1388526,1
3615166,1
781134,1
781236,0
781235,0
6104302,1
3612449,1
781232,1
781231,7
781230,2
4622153,1
2953940,1
3615062,1
3615163,1
3615060,1
2958385,1
1074673,1
3615065,1
4521246,1
579240,4
3615530,1
780229,2
780959,3
780958,1
3854858,1
780387,4
773009,1
780945,4
777219,1
723281,1
3853949,1
3614834,1
3614835,1
781136,1
3614830,1
417358,2
6077837,1
3854667,1
3614839,1
2962557,1
3614936,1
781152,10
781153,1
781151,2
781156,1
4507418,1
781093,2
781158,2
781096,3
781094,1
775759,2
4487977,1
10476,2
3855564,1
2977254,1
4859993,1
771571,3
725630,1
3853733,1
