3654089,50.0
3654116,50.0
781879,50.0
781878,100.0
3654082,50.0
4025053,50.0
716564,350.0
3840286,50.0
4022188,50.0
3654084,50.0
4022583,50.0
835155,50.0
4028975,50.0
3654183,50.0
4022261,50.0
3654079,50.0
833779,50.0
2468899,50.0
3654178,50.0
3654177,50.0
3654176,50.0
3654175,50.0
3654174,50.0
3654173,50.0
6071281,50.0
627593,50.0
3654170,50.0
3105126,50.0
4022475,50.0
4506717,50.0
4026935,50.0
3654090,50.0
3654087,50.0
3841089,50.0
4027425,50.0
3654094,50.0
3654095,50.0
2538127,50.0
3654085,50.0
3839454,50.0
3840478,50.0
4022571,50.0
3834632,50.0
4025001,50.0
4022271,50.0
733280,50.0
3847303,50.0
4022278,50.0
4021946,50.0
4021971,50.0
3654164,50.0
3654165,50.0
3654166,50.0
3654167,50.0
633739,100.0
637493,50.0
4505159,50.0
3654190,50.0
52497,250.0
3654081,50.0
4022564,50.0
4243367,50.0
4021956,50.0
3654159,50.0
3654158,50.0
3654224,50.0
3654223,50.0
3654222,50.0
746623,100.0
3654218,50.0
649824,50.0
3654131,50.0
3654130,50.0
716437,100.0
4022318,50.0
4022551,50.0
4021968,50.0
4022628,50.0
4022499,50.0
4022393,50.0
3654143,50.0
3654140,50.0
3654141,50.0
4022490,50.0
4022492,50.0
4022494,50.0
4022496,50.0
2838957,50.0
3654235,50.0
3654236,50.0
4028500,50.0
3654232,50.0
631156,50.0
583180,50.0
3837773,50.0
634731,50.0
778555,250.0
3654206,50.0
4022141,50.0
716573,50.0
4021978,50.0
3654132,50.0
3654038,50.0
3654039,50.0
3654136,50.0
3654135,50.0
3654134,50.0
3654139,50.0
3654037,50.0
4022225,50.0
2442648,50.0
3654205,50.0
3654204,50.0
3654207,50.0
782385,50.0
683872,50.0
4022310,50.0
4027264,50.0
4026152,50.0
3849333,50.0
4412201,50.0
64334,50.0
3654093,50.0
2511670,50.0
4022330,50.0
650771,50.0
4021984,50.0
3654120,50.0
3654129,50.0
4024968,50.0
3654070,50.0
3654172,50.0
4024878,50.0
3684516,50.0
3654048,50.0
3654216,50.0
3654217,50.0
3654212,50.0
3654213,50.0
3654210,50.0
3654211,50.0
2529447,50.0
4022322,50.0
3654099,50.0
4022287,50.0
4022281,50.0
3832501,50.0
4028958,50.0
4022204,50.0
4022206,50.0
4022202,50.0
3845864,50.0
3844612,50.0
4028019,50.0
3842440,50.0
4027380,50.0
4022121,50.0
4025223,50.0
4171755,50.0
4049696,50.0
3654111,50.0
3654110,50.0
3654195,50.0
3654196,50.0
3654191,50.0
2492928,50.0
3654193,50.0
3654091,50.0
3654057,50.0
3654050,50.0
3654092,50.0
3654052,50.0
3654080,50.0
4761075,50.0
3836332,50.0
4028862,50.0
3654185,50.0
4022199,50.0
646450,50.0
4022590,50.0
716223,50.0
3050298,50.0
4022193,50.0
4586870,50.0
4028896,50.0
4021920,50.0
4021924,50.0
3654100,50.0
3654101,50.0
3654106,50.0
3654104,50.0
3654105,50.0
3654182,50.0
3654068,50.0
3654180,50.0
3654181,50.0
3654192,50.0
3654187,50.0
3654114,50.0
630880,50.0
3654188,50.0
3654189,50.0
