3847466,0
3854535,1
779823,1
4457701,1
3852937,1
779657,1
3854838,2
2970297,2
6130494,1
3853403,1
3856867,1
563460,1
780001,4
4427199,1
3614980,2
3854658,2
3614981,2
3853849,1
3854402,1
720941,1
6214613,2
781374,1
3854600,2
4502076,1
4880783,2
5222333,1
2947568,2
4441363,1
779689,1
780170,1
780676,1
780179,1
780673,1
3853909,1
3854620,0
781206,1
781207,1
781204,2
781205,2
781202,2
780987,0
781200,2
781201,0
3857541,1
6247137,2
780988,0
3614871,1
3855613,1
3856720,1
781209,1
583180,1
2950199,1
778506,1
3610825,0
4461887,2
3615196,2
3615195,1
3855396,2
759941,1
778234,1
4453529,2
3614712,2
3614711,2
3615379,1
777764,1
3614715,2
3615174,2
3615172,2
780500,1
3615277,1
3615179,1
4493645,2
3853996,2
3614474,1
3614804,2
3614803,2
3614802,2
3614626,1
3614622,2
3614394,0
780595,0
751352,0
774700,0
780691,1
3614652,2
3614651,1
3850401,0
2963130,2
6284141,1
680547,1
762350,1
780991,0
5923831,1
780990,0
4467670,2
780993,0
493297,1
6074451,2
3901133,2
780994,0
629827,1
4464112,1
3852809,1
781212,2
781035,1
1784024,1
3853470,2
780711,1
3853570,1
3854251,2
3854253,2
3615324,1
4445996,1
2968459,2
3615004,1
3615001,1
3615003,1
3856763,1
4425295,1
709989,1
420363,1
404400,1
5055245,2
3852656,1
781322,1
3854846,1
781174,2
4486232,2
6226675,1
3852714,1
3614990,1
3854828,2
3854676,1
3854674,1
780148,1
778886,1
3262593,0
780140,1
3615137,2
368407,1
3614840,1
3854899,1
3852655,1
3110,1
3614533,1
3614531,1
3614928,2
3614535,2
3614534,1
3614926,2
3614436,1
781141,0
781140,0
781143,0
781145,0
781144,0
3614742,1
3614743,0
781149,1
3614748,2
3614665,1
780499,1
3615226,1
6233338,1
3615178,2
6206410,1
3615343,1
3632745,0
3615344,1
3614697,1
3614694,2
3614695,1
3614693,1
3614698,1
2941257,1
53494,1
5991328,1
738279,1
4395395,0
3854528,2
5950577,1
4429164,2
780767,1
780764,1
3694076,2
4416847,1
5814881,1
3852923,1
689732,1
4479205,1
3615163,1
531141,1
4441616,1
2953940,1
4489662,2
773009,0
777219,2
3859035,1
6190350,2
781047,1
6225107,2
752188,0
3854412,1
6079073,2
753200,1
639948,1
169881,4
4455498,2
780667,1
780665,1
780840,1
781029,1
5935383,1
3853912,1
4920,0
780062,1
781215,2
781214,2
781217,1
781216,1
781211,2
781210,2
781213,2
780996,0
780999,2
4496441,1
4132425,1
3853968,1
781219,1
736016,1
781022,0
781010,0
3615049,2
3852660,1
4418151,1
4433378,1
3614706,2
3614707,1
3615143,2
3615144,2
3615146,2
3854875,1
3854870,1
3614495,0
3614790,2
3614797,2
3614796,2
3614795,1
3614794,1
3614578,1
3854249,2
3614818,2
3615166,0
3614635,2
3614636,2
4477805,2
3614631,1
3614633,2
3614638,2
781138,0
781139,0
3615316,1
3614571,1
781132,1
781133,0
781134,0
781135,0
5104,1
781137,0
780684,1
780686,1
3856938,1
3855377,2
6075321,2
3608208,0
4452747,2
779710,1
3854453,1
4456525,2
781007,0
3854456,2
781003,1
742504,1
781008,0
781009,0
3854266,0
780536,1
3615018,1
3853548,1
779406,1
780024,1
637992,1
3615035,2
3615034,2
780981,1
781203,1
781310,1
3852960,1
2953911,2
723281,1
744910,1
3852701,2
3614870,1
224319,8
780799,1
3614591,2
3854835,1
3614592,2
3614454,1
780974,1
780797,1
6071765,2
29598,1
3614453,1
3855839,2
3853920,2
3854607,2
781208,1
6073946,2
4453856,2
3614741,1
6136493,1
3614856,1
3614857,2
3614858,1
3614859,2
106788,1
919514,1
4495173,1
2971879,1
3614529,1
3614772,3
781178,2
781179,0
3614779,2
781175,2
781176,2
781177,1
781170,3
781171,1
781172,1
781173,1
3615359,1
728656,1
4495632,1
3615351,1
5885736,1
2955307,1
3853643,2
780244,1
3620273,2
3853720,2
3855744,0
3855748,2
4918293,1
712530,3
3854497,1
781017,0
780573,1
3854949,2
778134,1
653900,1
780725,1
780776,0
6194816,2
3853428,2
3853582,2
5203709,2
4353217,0
3854022,2
772426,0
3854024,1
6035895,1
6004929,1
779337,1
779444,1
3855049,2
781196,2
781197,2
781194,1
781195,1
781192,2
781193,1
781190,5
781191,1
781057,1
3854462,1
3854549,2
781198,2
781199,2
62691,0
719829,1
3615065,2
3853459,1
4441515,2
4425171,1
689312,2
4496477,1
741291,1
781220,1
781223,1
3614959,1
3614487,1
3615075,1
392188,2
3615077,2
3615076,2
3615073,2
780945,1
779151,1
3615153,2
3615159,2
3854841,0
3615157,1
3615152,1
3854844,1
4437231,1
3614782,1
3853609,0
3614784,2
3614785,1
3614786,1
3614789,2
781058,1
3854652,2
780282,1
5987152,2
781000,0
3614600,2
2966548,2
778170,1
3614606,1
4447789,1
6179682,2
738229,1
781082,0
781128,1
4431719,2
780303,1
737139,1
3854383,2
601287,1
780307,1
780645,1
3853075,1
3853077,1
780862,1
3853070,1
2970586,1
3853072,1
3614737,2
3614731,1
3614733,1
3614732,2
3853676,2
3855552,2
3853674,2
773445,1
3853537,2
779692,1
4422558,2
3855008,0
4422794,1
3852784,1
781016,0
3852786,1
781014,1
3612588,0
3614525,1
3855004,1
3853552,2
3854271,2
3853556,2
3854274,1
727888,1
3854501,1
733029,1
4449767,1
701464,3
405661,1
6073025,2
6159976,1
3853944,2
781062,0
780883,1
3854439,2
3615445,1
3614586,2
3614584,1
3614585,2
4452717,2
780906,1
3873562,2
779051,1
3854614,2
3853936,1
3614902,2
3614865,1
3614866,2
3614860,1
3614862,1
3615026,1
3615027,1
3615025,2
3614519,0
3615185,2
3615184,2
3615186,2
3614511,1
3615180,1
6114729,2
4542212,1
781169,1
781168,1
3614882,2
3614881,1
781163,1
781162,1
781161,0
781160,1
781167,1
781166,1
781165,0
3614888,2
3615167,2
781105,0
3615165,1
3854896,2
3615162,2
3615161,2
780268,1
3615206,1
3615204,1
3614909,2
3615202,1
3615168,2
781106,0
3853983,2
4485611,1
652266,1
3853737,1
777991,1
774883,1
777624,1
781102,0
3855752,1
781158,0
4496288,1
5920120,1
5974781,2
4422592,0
3855564,1
781118,1
3853687,1
781114,1
781115,1
3853599,2
776970,1
780747,1
3854002,1
3614644,2
3889426,2
3614641,2
3614643,2
4422866,1
4451165,2
777372,1
3614521,1
3853205,1
741354,1
3855033,2
4495387,1
3615138,2
780347,1
4487977,2
4456379,1
781185,2
781184,2
781187,2
781186,2
781181,2
781180,2
781183,1
781182,2
3854470,2
781020,0
781021,1
781189,2
781188,1
6266328,1
3614745,2
4421850,1
3853562,1
580301,1
780159,1
3853296,2
3270333,2
6174417,2
779011,9
3615019,1
781258,1
4498411,1
3615014,2
780995,0
781164,1
4494007,1
780348,1
4440259,1
3854893,2
765716,4
6104302,1
3612449,1
781232,1
781230,1
4622153,2
3614438,1
3852768,1
3615062,2
3615063,1
3615060,2
2958385,2
3852761,1
579240,1
780229,1
3854858,2
780387,1
3853949,1
3614834,1
3614835,2
781136,0
3614830,2
2941238,1
6077837,2
3854667,2
3614839,1
2962557,3
3614542,1
3853733,2
3614541,1
3614936,1
725630,1
781152,1
781153,0
781151,1
781156,0
781157,0
781154,0
781093,1
3614617,2
781091,1
781159,0
781096,1
3614610,2
3614611,2
775759,1
3615337,1
10476,1
4483476,1
3853705,1
3614722,1
4859993,2
771571,2
4315832,1
3614727,1
3614725,1
3614680,1
3614729,2
3614686,1
