4060488,50.0
4060521,50.0
4060523,50.0
4060482,50.0
4060486,50.0
4059836,50.0
4210863,50.0
624654,200.0
5236561,50.0
3664189,50.0
4205049,50.0
627593,50.0
4060557,50.0
2331718,50.0
5027567,50.0
2347470,50.0
5816347,50.0
4060559,50.0
4211792,50.0
4059125,50.0
4751805,50.0
4059719,50.0
5598799,50.0
637493,50.0
648599,50.0
4205903,50.0
4737198,50.0
4060311,50.0
4753121,50.0
4729663,50.0
4060252,50.0
4059156,50.0
4729033,50.0
4206354,50.0
4209271,50.0
6075491,50.0
3664170,50.0
3664171,50.0
4614792,50.0
3664174,50.0
4207695,50.0
4059784,50.0
3664079,50.0
4060331,50.0
3663829,50.0
3664071,50.0
3663824,50.0
3663823,50.0
3663822,50.0
3663820,50.0
4059657,50.0
4060675,50.0
4209326,50.0
4715056,50.0
4207282,50.0
4732164,50.0
4059973,50.0
4060339,50.0
4059976,50.0
4209473,50.0
3925009,50.0
4059502,50.0
4205081,50.0
1824527,50.0
4204251,50.0
1158061,50.0
4206334,50.0
4060454,50.0
4210515,50.0
4060518,50.0
4060513,50.0
4060516,50.0
4207075,50.0
5482517,50.0
4210858,50.0
4207856,50.0
4754625,50.0
4206277,50.0
1543867,50.0
3663724,50.0
3663725,50.0
3663722,50.0
3663723,50.0
4060192,50.0
4060231,50.0
4205647,50.0
4206558,50.0
655614,50.0
3663869,50.0
4207551,50.0
4204570,50.0
4060221,50.0
4204100,50.0
4060224,50.0
4060228,50.0
4206304,50.0
1157485,50.0
4059934,50.0
4059930,50.0
4204692,50.0
4679557,50.0
5248190,50.0
3664109,50.0
3664089,50.0
3664101,50.0
3664103,50.0
3664102,50.0
3664105,50.0
3664104,50.0
3664107,50.0
3664106,50.0
4059985,50.0
3664119,50.0
4724993,50.0
4060125,50.0
4208015,50.0
4060649,50.0
4385950,50.0
4060646,50.0
4713221,50.0
636424,50.0
4207735,50.0
4715016,50.0
3664196,50.0
2452322,50.0
3664194,50.0
3664195,50.0
3664193,50.0
3664148,50.0
4436576,50.0
3663689,50.0
3663687,50.0
3663686,50.0
3663685,50.0
3663684,50.0
3663683,50.0
4731879,50.0
4060012,50.0
4060398,50.0
4060546,50.0
4060016,50.0
2258529,50.0
4060394,50.0
5772613,50.0
5277183,50.0
4060544,50.0
3664142,50.0
4206289,50.0
4103461,0.0
3663792,50.0
4059468,50.0
4209164,50.0
4060265,50.0
4060269,50.0
4205962,50.0
4059418,50.0
2320158,50.0
623014,50.0
5510176,50.0
4059143,50.0
4732844,50.0
3663775,50.0
4061082,50.0
4061087,50.0
4206904,50.0
3664141,50.0
632354,50.0
3664143,50.0
3664069,50.0
3663839,50.0
4735090,50.0
4207110,50.0
3663837,50.0
1568720,50.0
6024880,50.0
4209902,50.0
4211174,50.0
4212208,50.0
1471933,50.0
4205343,50.0
4060606,50.0
6031077,50.0
4059518,50.0
4059687,50.0
4059966,50.0
4209467,50.0
4739337,50.0
3664099,50.0
3664098,50.0
4059567,50.0
3664092,50.0
3664091,50.0
3664090,50.0
3664097,50.0
1663733,50.0
4205661,50.0
4715608,50.0
4060508,50.0
782432,50.0
782433,600.0
782434,150.0
782435,150.0
782436,500.0
782437,2150.0
4059946,50.0
4060116,50.0
4060503,50.0
4060111,50.0
4207064,50.0
4757374,50.0
4728166,50.0
4754148,50.0
4059404,50.0
5830181,50.0
782430,50.0
637992,100.0
3663711,50.0
4060343,50.0
4207942,50.0
4060431,50.0
4060315,50.0
4060439,50.0
4060028,50.0
4060182,50.0
4060183,50.0
4170572,50.0
3664166,50.0
626423,50.0
4725853,50.0
4059082,50.0
4059087,50.0
4061121,50.0
4714781,50.0
4211242,50.0
4207404,50.0
4204295,50.0
3663878,50.0
4060337,50.0
4060336,50.0
4060333,50.0
4204766,50.0
4060236,50.0
4060237,50.0
4721975,50.0
4208802,50.0
4059422,50.0
4059427,50.0
4059426,50.0
4727488,50.0
4060280,50.0
4740420,50.0
4209825,50.0
4732443,50.0
4059399,50.0
3664116,50.0
3664114,50.0
3664115,50.0
3664112,50.0
3664113,50.0
4206931,50.0
3664111,50.0
4206725,50.0
3664054,50.0
3664053,50.0
5587163,50.0
4722087,50.0
4059633,50.0
633739,50.0
850627,50.0
4060151,50.0
4060099,50.0
4060154,50.0
4060092,50.0
4060097,50.0
4206594,50.0
2378848,50.0
4060650,50.0
2260828,50.0
2244796,50.0
4205655,50.0
4059561,50.0
3663695,50.0
4207621,50.0
4205982,50.0
4208273,50.0
3663699,50.0
3663694,50.0
649824,50.0
3663696,50.0
3663697,50.0
3663690,50.0
3663692,50.0
4060478,50.0
4060103,50.0
4060578,50.0
4206050,50.0
4206504,50.0
4207757,50.0
3664095,50.0
3664094,50.0
4059479,50.0
778555,200.0
5696370,50.0
4060273,50.0
4513620,50.0
4724700,50.0
2276203,50.0
4059078,50.0
4206470,50.0
4710789,50.0
3664152,50.0
3664153,50.0
3664150,50.0
3664151,50.0
3664154,50.0
3664155,50.0
3663809,50.0
3663808,50.0
3663800,50.0
3663802,50.0
3663805,50.0
3663804,50.0
3663806,50.0
4059679,50.0
4060611,50.0
3664072,50.0
4205293,50.0
4207460,50.0
1406099,50.0
4059509,50.0
1280076,50.0
4209752,50.0
1445873,50.0
2294922,50.0
4746575,50.0
3664129,50.0
3664128,50.0
3664127,50.0
3664126,50.0
3664125,50.0
3664124,50.0
3664122,50.0
3664120,50.0
4205995,50.0
4211896,50.0
4059599,50.0
3664080,50.0
3664081,50.0
3664083,50.0
3664084,50.0
3664085,50.0
626540,50.0
4060535,50.0
4060532,50.0
3663793,50.0
4060925,50.0
4060922,50.0
666421,50.0
1077804,50.0
716221,50.0
2198904,50.0
4717212,50.0
4724537,50.0
2157565,50.0
2361903,50.0
4205199,50.0
4204667,50.0
4116733,50.0
2429841,50.0
1740630,50.0
1663378,50.0
4204058,50.0
2187884,50.0
3663708,50.0
4060406,50.0
3663706,50.0
3663704,50.0
3663702,50.0
3663700,50.0
3663701,50.0
5685423,50.0
4851823,50.0
1596939,50.0
4059130,50.0
2041837,50.0
4059477,50.0
4060325,50.0
4206233,50.0
3663840,50.0
1235292,50.0
4205433,50.0
4059878,50.0
4060320,50.0
4060328,50.0
4208817,50.0
4209133,50.0
3664110,50.0
640624,100.0
3664163,50.0
52497,300.0
3664167,50.0
2371845,50.0
3664165,50.0
3664164,50.0
3664168,50.0
3663712,50.0
4205381,50.0
4060813,50.0
4205545,50.0
5331429,50.0
4204805,50.0
4060149,50.0
4209767,50.0
4725892,50.0
4206580,50.0
3663710,50.0
3188854,50.0
4205645,50.0
4060341,50.0
4059892,50.0
4059893,50.0
3663714,50.0
631156,150.0
583180,400.0
4060442,50.0
3663748,50.0
4711941,50.0
2454438,50.0
661002,50.0
4211536,50.0
4059449,50.0
2153667,50.0
4059192,50.0
3663737,50.0
4205862,50.0
3663734,50.0
3663733,50.0
4060286,50.0
4060282,50.0
3663739,50.0
3663738,50.0
4715729,50.0
4060049,50.0
1967249,50.0
4714992,50.0
4206565,50.0
1892619,50.0
637126,50.0
4206887,50.0
4059616,50.0
2455398,50.0
4720215,50.0
3663810,50.0
4209291,50.0
4060217,50.0
4209920,50.0
3663764,50.0
3664147,50.0
3663765,50.0
4059760,50.0
4059762,50.0
4059768,50.0
4205466,50.0
4059532,50.0
4060742,50.0
3822250,50.0
4746146,50.0
4059909,50.0
4722013,50.0
3709536,50.0
3664138,50.0
4207267,50.0
3664134,50.0
3664135,50.0
3664136,50.0
3664137,50.0
3664130,50.0
3664131,50.0
3664132,50.0
3664133,50.0
4059992,50.0
1154803,50.0
4343329,50.0
4205603,50.0
4059582,50.0
4741491,50.0
