0,7
1,3
2,9
3,5
4,6
5,5
6,6
7,1
8,6
9,8
10,7
11,8
12,3
13,4
14,6
15,7
16,5
17,5
18,7
19,6
20,4
21,5
22,9
23,2
24,4
25,6
26,8
27,5
28,5
29,6
30,2
31,6
32,3
33,4
34,4
35,7
36,6
37,3
38,6
39,4
40,7
41,2
42,2
43,3
44,4
45,3
46,5
47,1
48,3
49,1
50,4
51,8
52,3
53,1
54,3
55,4
56,1
57,7
58,4
59,2
60,4
61,5
62,3
63,3
64,5
65,0
66,12
67,4
68,7
69,2
70,4
71,5
72,3
73,6
74,5
75,1
76,0
77,5
78,3
79,0
80,5
81,5
82,3
83,2
84,0
85,3
86,5
87,4
88,3
89,5
90,3
91,3
92,8
93,3
94,4
95,9
96,5
97,3
98,3
99,6
100,6
101,2
102,3
103,3
104,1
105,8
106,3
107,6
108,4
109,3
110,4
111,2
112,3
113,0
114,4
115,3
116,6
117,5
118,6
119,4
120,5
121,2
122,3
123,4
124,6
125,4
126,2
127,5
128,1
129,1
130,6
131,6
132,3
133,4
134,2
135,4
136,4
137,3
138,3
139,2
140,2
141,1
142,1
143,1
144,8
145,4
146,5
147,5
148,5
149,6
150,1
151,2
152,2
153,5
154,4
155,7
156,2
157,1
158,2
159,3
160,2
161,6
162,10
163,3
164,2
165,3
166,2
167,0
168,0
169,2
170,3
171,3
172,4
173,10
174,3
175,5
176,3
177,3
178,3
179,4
180,8
181,7
182,8
183,4
184,4
185,2
186,3
187,7
188,2
189,3
190,6
191,4
192,3
193,5
194,4
195,0
196,7
197,5
198,2
199,4
200,3
201,1
202,1
203,6
204,4
205,11
206,1
207,1
208,5
209,3
210,1
211,4
212,3
213,0
214,1
215,3
216,4
217,2
218,2
219,1
220,2
221,1
222,8
223,2
224,4
225,4
226,3
227,33
228,0
229,2
230,3
231,1
232,1
233,3
234,1
235,1
236,2
237,2
238,2
239,1
240,3
241,1
242,0
243,7
244,2
245,1
246,2
247,4
248,0
249,7
250,2
251,1
252,6
253,6
254,4
255,1
256,3
257,1
258,1
259,2
260,0
261,1
262,2
263,3
264,0
265,3
266,5
267,3
268,4
269,1
270,4
271,0
272,3
273,8
274,2
275,3
276,9
277,0
278,3
279,2
280,5
281,1
282,5
283,2
284,1
285,1
286,1
287,0
288,5
289,2
290,4
291,2
292,7
293,1
294,1
295,3
296,1
297,1
298,0
299,2
300,2
301,4
302,3
303,2
304,4
305,3
306,2
307,1
308,4
309,8
310,0
311,7
312,2
313,2
314,2
315,0
316,2
317,1
318,8
319,1
320,2
321,0
322,1
323,2
324,2
325,1
326,1
327,4
328,3
329,2
330,1
331,1
332,3
333,1
334,1
335,3
336,2
337,3
338,3
339,4
340,1
341,0
342,2
343,1
344,3
345,1
346,5
347,2
348,0
349,2
350,1
351,11
352,2
353,8
354,1
355,5
356,6
357,1
358,4
359,2
360,3
361,3
362,1
363,1
364,4
365,0
366,2
367,3
368,3
369,1
370,2
371,2
372,2
373,2
374,2
375,3
376,4
377,3
378,0
379,11
380,3
381,6
382,4
383,5
384,3
385,1
386,3
387,0
388,5
389,4
390,0
391,3
392,2
393,6
394,4
395,2
396,3
397,1
398,3
399,2
400,2
401,2
402,3
403,0
404,3
405,3
406,1
407,3
408,5
409,1
410,1
411,5
412,3
413,3
414,1
415,1
416,7
417,0
418,1
419,3
420,0
421,6
422,2
423,1
424,1
425,2
426,0
427,5
428,6
429,1
430,0
431,2
432,4
433,16
434,4
435,1
436,1
437,3
438,2
439,4
440,0
441,1
442,2
443,2
444,5
445,10
446,1
447,1
448,4
449,5
450,1
451,6
452,2
453,3
454,0
455,2
456,0
457,0
458,2
459,8
460,3
461,3
462,7
463,3
464,3
465,1
466,1
467,1
468,3
469,1
470,3
471,1
472,0
473,2
474,2
475,5
476,1
477,3
478,2
479,5
480,1
481,1
482,1
483,3
484,4
485,2
486,11
487,8
488,7
489,3
490,1
491,3
492,3
493,1
494,6
495,2
496,2
497,2
498,2
499,2
500,2
501,2
502,2
503,2
504,2
505,2
506,0
507,10
508,4
509,9
510,3
511,1
512,1
513,4
514,1
515,4
516,3
517,0
518,2
519,2
520,0
521,1
522,2
523,0
524,1
525,2
526,2
527,0
528,0
529,3
530,2
531,2
532,2
533,2
534,1
535,0
536,4
537,2
538,1
539,2
540,3
541,6
542,1
543,4
544,2
545,1
546,0
547,1
548,3
549,2
550,1
551,0
552,9
553,3
554,2
555,2
556,3
557,4
558,4
559,2
560,0
561,2
562,7
563,2
564,0
565,1
566,1
567,1
568,0
569,1
570,1
571,2
572,1
573,2
574,4
575,1
576,1
577,3
578,1
579,1
580,0
581,0
582,1
583,1
584,1
585,4
586,2
587,0
588,0
589,1
590,1
591,1
592,1
593,1
594,1
595,0
596,2
597,6
598,0
599,1
600,4
601,1
602,0
603,0
604,1
605,5
606,3
607,1
608,1
609,1
610,1
611,0
612,6
613,4
614,0
615,2
616,1
617,1
618,4
619,1
620,3
621,2
622,3
623,4
624,1
625,7
626,2
627,3
628,9
629,1
630,3
631,0
632,2
633,2
634,0
635,3
636,4
637,0
638,1
639,13
640,4
641,1
642,8
643,3
644,3
645,3
646,0
647,2
648,2
649,4
650,3
651,1
652,2
653,2
654,4
655,5
656,1
657,3
658,4
659,1
660,1
661,3
662,3
663,0
664,7
665,1
666,3
667,10
668,0
669,6
670,11
671,4
672,3
673,1
674,1
675,1
676,1
677,1
678,3
679,1
680,2
681,2
682,1
683,0
684,1
685,4
686,7
687,1
688,2
689,0
690,21
691,0
692,1
693,4
694,1
695,1
696,0
697,2
698,3
699,5
700,1
701,0
702,1
703,1
704,4
705,3
706,2
707,2
708,1
709,3
710,1
711,0
712,0
713,2
714,2
715,20
716,13
717,1
718,2
719,0
720,0
721,1
722,1
723,1
724,0
725,7
726,1
727,0
728,1
729,1
730,3
731,0
732,0
733,3
734,2
735,6
736,1
737,0
738,3
739,0
740,4
741,0
742,1
743,3
744,1
745,1
746,1
747,1
748,1
749,0
750,2
751,1
752,0
753,1
754,4
755,0
756,1
757,1
758,0
759,0
760,2
761,0
762,1
763,5
764,1
765,3
766,1
767,4
768,8
769,4
770,0
771,0
772,1
773,2
774,2
775,1
776,3
777,0
778,3
779,4
780,3
781,1
782,1
783,0
784,0
785,1
786,0
787,0
788,0
789,0
790,2
791,1
792,0
793,2
794,0
795,1
796,1
797,2
798,2
799,2
800,0
801,1
802,13
803,2
804,1
805,0
806,1
807,6
808,0
809,2
810,4
811,6
812,2
813,30
814,1
815,0
816,0
817,0
818,2
819,0
820,3
821,1
822,1
823,0
824,3
825,3
826,1
827,2
828,2
829,0
830,1
831,0
832,2
833,7
834,1
835,3
836,0
837,0
838,2
839,1
840,6
841,0
842,0
843,3
844,1
845,22
846,3
847,2
848,2
849,2
850,2
851,3
852,1
853,4
854,3
855,1
856,2
857,1
858,1
859,1
860,1
861,0
862,0
863,2
864,16
865,4
866,1
867,3
868,13
869,3
870,2
871,2
872,4
873,2
874,2
875,3
876,4
877,0
878,0
879,1
880,1
881,0
882,1
883,0
884,0
885,6
886,0
887,1
888,11
889,1
890,4
891,0
892,1
893,0
894,0
895,1
896,2
897,2
898,2
899,2
900,1
901,1
902,0
903,1
904,0
905,0
906,2
907,0
908,1
909,0
910,2
911,0
912,0
913,0
914,1
915,0
916,0
917,2
918,2
919,0
920,1
921,1
922,0
923,1
924,1
925,7
926,8
927,1
928,1
929,7
930,1
931,2
932,1
933,15
934,1
935,0
936,0
937,3
938,10
939,0
940,0
941,0
942,5
943,13
944,0
945,0
946,0
947,7
948,4
949,1
950,2
951,1
952,4
953,1
954,0
955,1
956,0
957,0
958,3
959,0
960,0
961,2
962,0
963,0
964,2
965,0
966,2
967,0
968,12
969,4
970,0
971,0
972,0
973,1
974,0
975,0
976,1
977,1
978,2
979,1
980,0
981,9
982,2
983,0
984,0
985,0
986,10
987,2
988,0
989,1
990,12
991,14
992,2
993,0
994,1
995,1
996,0
997,0
998,1
999,0
1000,2
1001,1
1002,1
1003,0
1004,0
1005,0
1006,1
1007,0
1008,3
1009,1
1010,8
1011,0
1012,1
1013,1
1014,4
1015,0
1016,2
1017,0
1018,2
1019,0
1020,3
1021,0
1022,0
1023,20
1024,1
1025,0
1026,2
1027,1
1028,2
1029,2
1030,0
1031,1
1032,0
1033,1
1034,2
1035,1
1036,2
1037,0
1038,2
1039,0
1040,1
1041,1
1042,3
1043,0
1044,1
1045,0
1046,0
1047,2
1048,0
1049,0
1050,1
1051,1
1052,0
1053,0
1054,1
1055,2
1056,2
1057,2
1058,6
1059,0
1060,3
1061,1
1062,1
1063,1
1064,3
1065,1
1066,1
1067,2
1068,5
1069,1
1070,6
1071,33
1072,1
1073,1
1074,0
1075,2
1076,1
1077,2
1078,0
1079,1
1080,0
1081,0
1082,1
1083,1
1084,2
1085,1
1086,12
1087,0
1088,1
1089,0
1090,3
1091,6
1092,1
1093,1
1094,5
1095,1
1096,0
1097,0
1098,0
1099,0
1100,0
1101,1
1102,1
1103,0
1104,1
1105,0
1106,2
1107,0
1108,1
1109,1
1110,0
1111,1
1112,1
1113,2
1114,7
1115,1
1116,2
1117,1
1118,0
1119,1
1120,1
1121,1
1122,2
1123,0
1124,15
1125,0
1126,0
1127,1
1128,1
1129,0
1130,3
1131,2
1132,0
1133,2
1134,0
1135,1
1136,0
1137,0
1138,0
1139,1
1140,0
1141,2
1142,0
1143,0
1144,2
1145,2
1146,0
1147,6
1148,3
1149,0
1150,1
1151,0
1152,2
1153,2
1154,2
1155,1
1156,0
1157,1
1158,0
1159,1
1160,1
1161,1
1162,0
1163,2
1164,0
1165,2
1166,1
1167,0
1168,1
1169,0
1170,1
1171,3
1172,4
1173,3
1174,1
1175,0
1176,0
1177,0
1178,19
1179,17
1180,2
1181,1
1182,0
1183,0
1184,0
1185,0
1186,0
1187,0
1188,0
1189,1
1190,1
1191,0
1192,0
1193,1
1194,0
1195,0
1196,2
1197,1
1198,1
1199,0
1200,0
1201,2
1202,0
1203,2
1204,11
1205,0
1206,0
1207,0
1208,1
1209,0
1210,1
1211,3
1212,0
1213,1
1214,0
1215,1
1216,1
1217,0
1218,1
1219,0
1220,0
1221,2
1222,0
1223,2
1224,0
1225,2
1226,0
1227,0
1228,4
1229,1
1230,0
1231,2
1232,2
1233,0
1234,3
1235,1
1236,5
1237,0
1238,9
1239,1
1240,1
1241,1
1242,9
1243,1
1244,10
1245,1
1246,0
1247,2
1248,1
1249,0
1250,0
1251,2
1252,1
1253,8
1254,0
1255,0
1256,0
1257,0
1258,0
1259,1
1260,1
1261,1
1262,0
1263,0
1264,1
1265,3
1266,3
1267,0
1268,8
1269,0
1270,0
1271,0
1272,1
1273,2
1274,2
1275,0
1276,1
1277,0
1278,6
1279,0
1280,0
1281,0
1282,2
1283,0
1284,0
1285,1
1286,4
1287,2
1288,0
1289,0
1290,0
1291,12
1292,0
1293,10
1294,1
1295,0
1296,0
1297,1
1298,1
1299,3
1300,4
1301,0
1302,0
1303,0
1304,1
1305,0
1306,1
1307,1
1308,1
1309,1
1310,1
1311,10
1312,0
1313,2
1314,0
1315,1
1316,0
1317,1
1318,10
1319,0
1320,0
1321,7
1322,0
1323,3
1324,1
1325,1
1326,0
1327,1
1328,0
1329,0
1330,1
1331,1
1332,0
1333,3
1334,1
1335,1
1336,1
1337,0
1338,0
1339,2
1340,4
1341,0
1342,2
1343,1
1344,0
1345,0
1346,0
1347,0
1348,1
1349,6
1350,0
1351,3
1352,7
1353,1
1354,0
1355,4
1356,1
1357,0
1358,0
1359,0
1360,2
1361,2
1362,11
1363,3
1364,0
1365,9
1366,1
1367,3
1368,0
1369,1
1370,0
1371,0
1372,0
1373,1
1374,1
1375,1
1376,0
1377,1
1378,2
1379,1
1380,0
1381,0
1382,4
1383,1
1384,3
1385,1
1386,0
1387,0
1388,0
1389,1
1390,0
1391,2
1392,2
1393,0
1394,1
1395,0
1396,1
1397,1
1398,0
1399,3
1400,1
1401,0
1402,7
1403,18
1404,2
1405,1
1406,0
1407,2
1408,1
1409,6
1410,1
1411,0
1412,0
1413,0
1414,0
1415,0
1416,12
1417,0
1418,1
1419,2
1420,1
1421,0
1422,1
1423,0
1424,0
1425,1
1426,1
1427,0
1428,1
1429,0
1430,2
1431,1
1432,1
1433,0
1434,0
1435,5
1436,7
1437,0
1438,0
1439,0
1440,1
1441,0
1442,1
1443,0
1444,0
1445,0
1446,1
1447,0
1448,0
1449,0
1450,0
1451,0
1452,2
1453,4
1454,0
1455,1
1456,1
1457,4
1458,0
1459,0
1460,0
1461,1
1462,0
1463,0
1464,1
1465,0
1466,1
1467,0
1468,1
1469,0
1470,1
1471,0
1472,1
1473,2
1474,0
1475,2
1476,0
1477,0
1478,0
1479,0
1480,7
1481,1
1482,12
1483,3
1484,17
1485,0
1486,1
1487,0
1488,1
1489,0
1490,0
1491,1
1492,1
1493,0
1494,2
1495,0
1496,0
1497,1
1498,1
1499,0
1500,3
1501,0
1502,0
1503,0
1504,1
1505,0
1506,0
1507,3
1508,0
1509,1
1510,0
1511,3
1512,2
1513,0
1514,0
1515,0
1516,0
1517,1
1518,2
1519,0
1520,0
1521,2
1522,5
1523,40
1524,7
1525,1
1526,1
1527,0
1528,1
1529,0
1530,0
1531,0
1532,0
1533,0
1534,0
1535,2
1536,11
1537,1
1538,0
1539,1
1540,9
1541,1
1542,1
1543,0
1544,3
1545,0
1546,0
1547,0
1548,1
1549,0
1550,0
1551,1
1552,0
1553,0
1554,5
1555,2
1556,2
1557,1
1558,0
1559,1
1560,14
1561,0
1562,0
1563,0
1564,0
1565,1
1566,0
1567,4
1568,0
1569,1
1570,2
1571,0
1572,1
1573,3
1574,1
1575,0
1576,0
1577,0
1578,0
1579,1
1580,1
1581,0
1582,1
1583,6
1584,0
1585,0
1586,0
1587,1
1588,0
1589,0
1590,6
1591,3
1592,3
1593,0
1594,0
1595,2
1596,10
1597,0
1598,0
1599,0
1600,0
1601,2
1602,1
1603,2
1604,1
1605,3
1606,2
1607,1
1608,1
1609,0
1610,1
1611,1
1612,0
1613,3
1614,2
1615,1
1616,0
1617,0
1618,0
1619,3
1620,0
1621,2
1622,0
1623,1
1624,2
1625,0
1626,0
1627,1
1628,1
1629,1
1630,0
1631,0
1632,5
1633,0
1634,0
1635,0
1636,0
1637,0
1638,3
1639,0
1640,0
1641,9
1642,2
1643,0
1644,2
1645,1
1646,2
1647,1
1648,2
1649,0
1650,5
1651,0
1652,1
1653,0
1654,0
1655,0
1656,4
1657,0
1658,1
1659,0
1660,0
1661,4
1662,1
1663,0
1664,0
1665,0
1666,0
1667,0
1668,0
1669,1
1670,0
1671,1
1672,0
1673,1
1674,1
1675,0
1676,3
1677,1
1678,0
1679,1
1680,1
1681,1
1682,0
1683,0
1684,0
1685,2
1686,0
1687,0
1688,2
1689,1
1690,3
1691,0
1692,0
1693,2
1694,0
1695,0
1696,3
1697,1
1698,1
1699,0
1700,0
1701,0
1702,0
1703,1
1704,3
1705,1
1706,1
1707,0
1708,0
1709,0
1710,0
1711,0
1712,0
1713,0
1714,0
1715,0
1716,0
1717,0
1718,2
1719,1
1720,0
1721,1
1722,1
1723,2
1724,1
1725,1
1726,0
1727,1
1728,0
1729,1
1730,1
1731,1
1732,1
1733,0
1734,0
1735,3
1736,2
1737,2
1738,1
1739,0
1740,0
1741,0
1742,18
1743,0
1744,1
1745,0
1746,0
1747,0
1748,0
1749,0
1750,3
1751,0
1752,1
1753,1
1754,0
1755,0
1756,0
1757,0
1758,0
1759,0
1760,4
1761,0
1762,0
1763,0
1764,0
1765,0
1766,1
1767,0
1768,1
1769,1
1770,0
1771,0
1772,1
1773,0
1774,2
1775,2
1776,27
1777,0
1778,1
1779,3
1780,1
1781,1
1782,2
1783,0
1784,0
1785,0
1786,0
1787,0
1788,0
1789,2
1790,0
1791,1
1792,5
1793,1
1794,1
1795,0
1796,0
1797,0
1798,1
1799,0
1800,23
1801,0
1802,0
1803,0
1804,3
1805,2
1806,0
1807,0
1808,0
1809,4
1810,1
1811,1
1812,0
1813,0
1814,7
1815,2
1816,0
1817,0
1818,1
1819,0
1820,9
1821,0
1822,0
1823,0
1824,4
1825,9
1826,0
1827,1
1828,0
1829,1
1830,3
1831,0
1832,1
1833,0
1834,0
1835,0
1836,0
1837,1
1838,6
1839,0
1840,0
1841,17
1842,0
1843,0
1844,0
1845,2
1846,0
1847,0
1848,0
1849,0
1850,0
1851,0
1852,1
1853,0
1854,0
1855,2
1856,1
1857,1
1858,0
1859,0
1860,0
1861,0
1862,0
1863,0
1864,1
1865,0
1866,0
1867,0
1868,0
1869,1
1870,0
1871,0
1872,0
1873,1
1874,0
1875,0
1876,0
1877,0
1878,0
1879,0
1880,0
1881,0
1882,0
1883,0
1884,0
1885,0
1886,2
1887,1
1888,0
1889,3
1890,0
1891,0
1892,1
1893,3
1894,0
1895,12
1896,0
1897,0
1898,0
1899,0
1900,0
1901,0
1902,1
1903,0
1904,2
1905,4
1906,0
1907,0
1908,1
1909,0
1910,0
1911,0
1912,0
1913,0
1914,13
1915,0
1916,0
1917,1
1918,6
1919,1
1920,0
1921,0
1922,0
1923,0
1924,0
1925,0
1926,1
1927,0
1928,2
1929,0
1930,2
1931,1
1932,0
1933,1
1934,1
1935,7
1936,13
1937,0
1938,0
1939,0
1940,1
1941,1
1942,1
1943,7
1944,0
1945,8
1946,3
1947,0
1948,1
1949,0
1950,0
1951,0
1952,2
1953,0
1954,0
1955,0
1956,0
1957,4
1958,0
1959,2
1960,0
1961,1
1962,0
1963,0
1964,0
1965,0
1966,1
1967,0
1968,0
1969,0
1970,0
1971,0
1972,0
1973,0
1974,4
1975,0
1976,5
1977,0
1978,0
1979,0
1980,0
1981,0
1982,0
1983,1
1984,2
1985,0
1986,0
1987,2
1988,0
1989,0
1990,0
1991,0
1992,1
1993,0
1994,23
1995,0
1996,1
1997,3
1998,0
1999,0
2000,3
2001,5
2002,0
2003,1
2004,1
2005,1
2006,0
2007,0
2008,0
2009,0
2010,5
2011,1
2012,0
2013,0
2014,0
2015,0
2016,1
2017,0
2018,1
2019,12
2020,0
2021,2
2022,0
2023,0
2024,0
2025,1
2026,0
2027,1
2028,0
2029,0
2030,0
2031,10
2032,0
2033,0
2034,1
2035,0
2036,4
2037,1
2038,0
2039,0
2040,0
2041,0
2042,1
2043,0
2044,0
2045,1
2046,0
2047,6
2048,0
2049,4
2050,6
2051,0
2052,2
2053,0
2054,6
2055,0
2056,0
2057,0
2058,4
2059,0
2060,0
2061,1
2062,0
2063,0
2064,0
2065,0
2066,0
2067,0
2068,0
2069,3
2070,0
2071,0
2072,3
2073,0
2074,2
2075,0
2076,3
2077,0
2078,0
2079,0
2080,0
2081,0
2082,0
2083,1
2084,3
2085,0
2086,0
2087,0
2088,0
2089,0
2090,11
