0,39
1,119
2,15
3,48
4,60
5,151
6,21
7,82
8,71
9,21
10,16
11,18
12,1
13,31
14,14
15,17
16,3
17,46
18,50
19,3
20,4
21,39
22,13
23,5
24,2
25,28
26,3
27,12
28,19
29,10
30,11
31,38
32,10
33,4
34,20
35,8
36,19
37,10
38,18
39,3
40,2
41,8
42,22
43,46
44,2
45,43
46,25
47,15
48,8
49,1
50,59
51,13
52,2
53,28
54,43
55,16
56,9
57,12
58,20
59,7
60,5
61,15
62,8
63,3
64,5
65,8
66,13
67,4
68,7
69,22
70,7
71,19
72,16
73,14
74,25
75,20
76,8
77,10
78,8
79,10
80,19
81,2
82,3
83,14
84,28
85,20
86,15
87,11
88,65
89,2
90,7
91,14
92,5
93,6
94,21
95,13
96,18
97,3
98,14
99,4
100,3
101,36
102,25
103,7
104,1
105,23
106,3
107,2
108,7
109,8
110,7
111,5
112,3
113,20
114,2
115,9
116,3
117,1
118,36
119,13
120,7
121,4
122,7
123,12
124,8
125,11
126,29
127,9
128,42
129,4
130,4
131,9
132,12
133,4
134,17
135,2
136,13
137,2
138,5
139,8
140,8
141,3
142,5
143,11
144,5
145,2
146,4
147,15
148,17
149,1
150,5
151,2
152,16
153,12
154,10
155,5
156,2
157,1
158,7
159,6
160,5
161,3
162,12
163,9
164,6
165,6
166,8
167,2
168,1
169,4
170,2
171,6
172,5
173,1
174,9
175,4
176,15
177,1
178,4
179,9
180,22
181,3
182,9
183,43
184,9
185,9
186,6
187,3
188,2
189,6
190,3
191,8
192,2
193,14
194,8
195,2
196,2
197,5
198,24
199,6
200,5
201,9
202,4
203,8
204,6
205,2
206,5
207,4
208,6
209,9
210,6
211,3
212,4
213,1
214,1
215,5
216,6
217,19
218,1
219,5
220,2
221,4
222,2
223,4
224,19
225,4
226,9
227,12
228,2
229,2
230,6
231,1
232,3
233,4
234,1
235,1
236,3
237,8
238,17
239,2
240,5
241,19
242,10
243,3
244,3
245,10
246,2
247,10
248,2
249,1
250,1
251,5
252,17
253,2
254,3
255,1
256,6
257,5
258,3
259,17
260,7
261,4
262,2
263,4
264,8
265,1
266,22
267,3
268,10
269,9
270,4
271,1
272,3
273,3
274,11
275,3
276,4
277,11
278,8
279,5
280,4
281,5
282,16
283,1
284,6
285,9
286,2
287,9
288,2
289,7
290,16
291,8
292,8
293,2
294,3
295,2
296,4
297,2
298,1
299,5
300,1
301,5
302,6
303,7
304,2
305,21
306,6
307,8
308,7
309,7
310,5
311,1
312,2
313,4
314,1
315,2
316,1
317,1
318,2
319,13
320,3
321,9
322,2
323,1
324,8
325,5
326,5
327,5
328,3
329,6
330,3
331,4
332,6
333,22
334,1
335,7
336,15
337,6
338,12
339,7
340,1
341,6
342,14
343,4
344,2
345,1
346,3
347,3
348,2
349,5
350,1
351,3
352,4
353,7
354,4
355,2
356,3
357,5
358,5
359,2
360,7
361,3
362,13
363,2
364,4
365,1
366,7
367,2
368,12
369,12
370,11
371,3
372,1
373,1
374,8
375,2
376,4
377,2
378,3
379,4
380,1
381,4
382,3
383,2
384,2
385,3
386,5
387,11
388,6
389,2
390,6
391,1
392,10
393,1
394,4
395,8
396,2
397,3
398,4
399,2
400,4
401,3
402,4
403,4
404,5
405,1
406,1
407,9
408,6
409,9
410,1
411,8
412,1
413,7
414,1
415,2
416,3
417,1
418,1
419,4
420,3
421,6
422,3
423,6
424,2
425,4
426,2
427,5
428,3
429,6
430,3
431,1
432,1
433,6
434,3
435,2
436,8
437,1
438,8
439,1
440,2
441,2
442,7
443,1
444,7
445,2
446,6
447,19
448,6
449,4
450,13
451,14
452,4
453,5
454,4
455,4
456,5
457,1
458,9
459,1
460,2
461,7
462,1
463,10
464,1
465,11
466,5
467,2
468,2
469,1
470,4
471,7
472,3
473,2
474,1
475,6
476,5
477,2
478,3
479,12
480,11
481,1
482,1
483,1
484,1
485,3
486,4
487,8
488,4
489,2
490,5
491,1
492,5
493,1
494,6
495,3
496,18
497,18
498,1
499,6
500,4
501,1
502,5
503,4
504,12
505,1
506,1
507,1
508,5
509,5
510,2
511,1
512,6
513,3
514,1
515,11
516,18
517,6
518,4
519,7
520,2
521,1
522,4
523,10
524,2
525,2
526,2
527,8
528,1
529,11
530,16
531,1
532,2
533,10
534,2
535,4
536,4
537,5
538,6
539,13
540,1
541,9
542,1
543,4
544,1
545,2
546,2
547,6
548,7
549,1
550,1
551,1
552,2
553,8
554,5
555,11
556,2
557,6
558,6
559,2
560,13
561,7
562,2
563,7
564,9
565,6
566,17
567,32
568,1
569,7
570,2
571,7
572,3
573,3
574,3
575,4
576,2
577,1
578,2
579,3
580,1
581,2
582,2
583,7
584,11
585,2
586,5
587,3
588,1
589,2
590,1
591,5
592,4
593,2
594,2
595,1
596,4
597,3
598,2
599,2
600,3
601,6
602,2
603,10
604,4
605,1
606,5
607,16
608,12
609,4
610,1
611,6
612,3
613,5
614,5
615,4
616,2
617,3
618,3
619,4
620,5
621,2
622,11
623,9
624,1
625,6
626,3
627,13
628,4
629,6
630,5
631,1
632,6
633,6
634,1
635,14
636,6
637,3
638,3
639,8
640,1
641,1
642,1
643,2
644,2
645,4
646,2
647,3
648,5
649,2
650,1
651,1
652,3
653,1
654,1
655,2
656,7
657,4
658,1
659,17
660,4
661,1
662,4
663,9
664,1
665,1
666,2
667,6
668,2
669,4
670,4
671,2
672,4
673,8
674,5
675,7
676,1
677,5
678,9
679,1
680,1
681,2
682,1
683,1
684,2
685,12
686,3
687,1
688,1
689,1
690,2
691,4
692,2
693,4
694,2
695,4
696,1
697,11
698,1
699,3
700,1
701,8
702,15
703,3
704,7
705,8
706,2
707,5
708,3
709,1
710,3
711,9
712,4
713,3
714,4
715,1
716,4
717,4
718,3
719,9
720,5
721,7
722,4
723,1
724,1
725,3
726,6
727,5
728,3
729,2
730,1
731,1
732,10
733,2
734,10
735,1
736,6
737,11
738,7
739,7
740,3
741,1
742,1
743,7
744,2
745,8
746,2
747,5
748,3
749,8
750,1
751,3
752,6
753,2
754,3
755,13
756,3
757,1
758,2
759,4
760,2
761,2
762,2
763,2
764,1
765,2
766,2
767,1
768,1
769,1
770,4
771,8
772,2
773,2
774,1
775,7
776,2
777,3
778,2
779,8
780,5
781,4
782,3
783,1
784,2
785,2
786,2
787,2
788,8
789,2
790,2
791,5
792,2
793,2
794,1
795,5
796,2
797,2
798,6
799,4
800,1
801,2
802,3
803,7
804,21
805,4
806,4
807,5
808,3
809,7
810,4
811,3
812,2
813,7
814,6
815,1
816,2
817,2
818,1
819,5
820,1
821,4
822,2
823,2
824,1
825,5
826,1
827,2
828,5
829,1
830,1
831,12
832,1
833,4
834,2
835,7
836,2
837,1
838,1
839,1
840,3
841,3
842,3
843,1
844,1
845,3
846,1
847,17
848,1
849,4
850,2
851,7
852,2
853,3
854,3
855,1
856,3
857,1
858,2
859,1
860,1
861,2
862,3
863,2
864,3
865,1
866,3
867,3
868,5
869,5
870,2
871,2
872,1
873,3
874,3
875,1
876,2
877,3
878,1
879,4
880,1
881,9
882,3
883,1
884,3
885,3
886,1
887,1
888,19
889,1
890,1
891,1
892,2
893,1
894,4
895,2
896,1
897,1
898,2
899,1
900,6
901,4
902,5
903,1
904,2
905,3
906,1
907,1
908,2
909,2
910,1
911,2
912,3
913,7
914,1
915,1
916,1
917,5
918,2
919,6
920,3
921,3
922,1
923,3
924,3
925,5
926,1
927,4
928,3
929,2
930,17
931,1
932,5
933,7
934,2
935,3
936,3
937,1
938,3
939,3
940,1
941,2
942,2
943,1
944,2
945,3
946,1
947,1
948,6
949,5
950,5
951,3
952,5
953,1
954,4
955,2
956,1
957,1
958,1
959,1
960,1
961,11
962,3
963,1
964,1
965,4
966,1
967,1
968,3
969,2
970,1
971,4
972,1
973,11
974,1
975,1
976,1
977,2
978,2
979,1
980,4
981,1
982,1
983,1
984,2
985,4
986,4
987,1
988,3
989,2
990,5
991,4
992,1
993,1
994,3
995,3
996,5
997,5
998,1
999,3
1000,1
1001,1
1002,2
1003,2
1004,1
1005,1
1006,1
1007,1
1008,1
1009,1
1010,2
1011,1
1012,5
1013,1
1014,2
1015,1
1016,1
1017,1
1018,2
1019,2
1020,2
1021,3
1022,8
1023,6
1024,10
1025,15
1026,5
1027,2
1028,3
1029,5
1030,1
1031,1
1032,5
1033,7
1034,6
1035,2
1036,4
1037,5
1038,3
1039,1
1040,6
1041,2
1042,8
1043,1
1044,2
1045,1
1046,7
1047,1
1048,1
1049,1
1050,7
1051,6
1052,1
1053,1
1054,2
1055,2
1056,1
1057,4
1058,1
1059,1
1060,7
1061,2
1062,6
1063,2
1064,2
1065,1
1066,2
1067,2
1068,2
1069,9
1070,2
1071,2
1072,1
1073,2
1074,5
1075,1
1076,3
1077,1
1078,3
1079,2
1080,1
1081,4
1082,1
1083,6
1084,2
1085,2
1086,1
1087,4
1088,2
1089,4
1090,12
1091,6
1092,2
1093,5
1094,1
1095,2
1096,7
1097,4
1098,3
1099,2
1100,2
1101,1
1102,3
1103,2
1104,1
1105,2
1106,2
1107,7
1108,1
1109,2
1110,1
1111,2
1112,5
1113,9
1114,4
1115,5
1116,4
1117,3
1118,3
1119,2
1120,2
1121,3
1122,2
1123,1
1124,3
1125,1
1126,3
1127,1
1128,6
1129,2
1130,2
1131,1
1132,3
1133,1
1134,1
1135,9
1136,5
1137,1
1138,5
1139,2
1140,3
1141,1
1142,2
1143,3
1144,1
1145,2
1146,1
1147,6
1148,4
1149,3
1150,2
1151,1
1152,4
1153,3
1154,4
1155,9
1156,2
1157,3
1158,1
1159,1
1160,2
1161,1
1162,7
1163,2
1164,7
1165,2
1166,2
1167,3
1168,1
1169,2
1170,7
1171,3
1172,1
1173,1
1174,2
1175,3
1176,5
1177,3
1178,1
1179,4
1180,2
1181,1
1182,2
1183,1
1184,3
1185,2
1186,5
1187,2
1188,14
1189,14
1190,1
1191,3
1192,5
1193,3
1194,1
1195,3
1196,1
1197,3
1198,5
1199,1
1200,3
1201,2
1202,4
1203,1
1204,1
1205,2
1206,3
1207,1
1208,2
1209,3
1210,1
1211,6
1212,2
1213,3
1214,4
1215,4
1216,4
1217,5
1218,3
1219,5
1220,3
1221,2
1222,5
1223,4
1224,3
1225,1
1226,6
1227,1
1228,1
1229,7
1230,4
1231,2
1232,2
1233,2
1234,2
1235,1
1236,3
1237,4
1238,4
1239,2
1240,1
1241,1
1242,1
1243,1
1244,1
1245,2
1246,2
1247,2
1248,4
1249,5
1250,3
1251,1
1252,5
1253,2
1254,3
1255,6
1256,2
1257,4
1258,2
1259,5
1260,3
1261,2
1262,7
1263,5
1264,1
1265,1
1266,1
1267,1
1268,9
1269,1
1270,1
1271,2
1272,2
1273,6
1274,3
1275,1
1276,3
1277,3
1278,1
1279,1
1280,1
1281,5
1282,3
1283,4
1284,1
1285,1
1286,2
1287,5
1288,2
1289,3
1290,4
1291,2
1292,3
1293,1
1294,1
1295,5
1296,1
1297,2
1298,2
1299,1
1300,1
1301,2
1302,3
1303,2
1304,4
1305,2
1306,1
1307,1
1308,1
1309,1
1310,2
1311,1
1312,3
1313,7
1314,2
1315,2
1316,1
1317,1
1318,2
1319,3
1320,1
1321,1
1322,9
1323,4
1324,1
1325,1
1326,5
1327,2
1328,4
1329,3
1330,11
1331,3
1332,2
1333,1
1334,3
1335,9
1336,2
1337,3
1338,4
1339,6
1340,2
1341,4
1342,5
1343,5
1344,3
1345,1
1346,6
1347,3
1348,1
1349,1
1350,3
1351,1
1352,1
1353,3
1354,2
1355,4
1356,1
1357,2
1358,2
1359,1
1360,1
1361,4
1362,4
1363,4
1364,2
1365,1
1366,4
1367,6
1368,1
1369,1
1370,1
1371,2
1372,4
1373,1
1374,2
1375,4
1376,1
1377,3
1378,7
1379,1
1380,1
1381,4
1382,2
1383,8
1384,3
1385,7
1386,2
1387,1
1388,3
1389,3
1390,1
1391,4
1392,1
1393,2
1394,1
1395,7
1396,2
1397,2
1398,4
1399,1
1400,1
1401,2
1402,2
1403,2
1404,1
1405,3
1406,2
1407,1
1408,3
1409,6
1410,1
1411,2
1412,1
1413,7
1414,1
1415,2
1416,2
1417,2
1418,4
1419,2
1420,2
1421,1
1422,7
1423,7
1424,4
1425,4
1426,1
1427,5
1428,2
1429,2
1430,13
1431,1
1432,1
1433,1
1434,1
1435,2
1436,1
1437,2
1438,1
1439,15
1440,2
1441,1
1442,3
1443,3
1444,2
1445,2
1446,1
1447,2
1448,1
1449,1
1450,2
1451,1
1452,1
1453,2
1454,1
1455,2
1456,7
1457,1
1458,6
1459,4
1460,3
1461,5
1462,1
1463,3
1464,2
1465,2
1466,2
1467,1
1468,2
1469,1
1470,2
1471,6
1472,8
1473,6
1474,4
1475,2
1476,10
1477,1
1478,3
1479,3
1480,5
1481,1
1482,2
1483,3
1484,1
1485,1
1486,1
1487,1
1488,4
1489,1
1490,2
1491,1
1492,2
1493,1
1494,4
1495,1
1496,1
1497,6
1498,2
1499,3
1500,1
1501,5
1502,1
1503,3
1504,2
1505,2
1506,4
1507,1
1508,1
1509,1
1510,2
1511,1
1512,1
1513,5
1514,1
1515,2
1516,5
1517,3
1518,10
1519,4
1520,3
1521,3
1522,1
1523,1
1524,1
1525,1
1526,1
1527,5
1528,3
1529,4
1530,5
1531,1
1532,7
1533,3
1534,3
1535,4
1536,6
1537,2
1538,2
1539,2
1540,2
1541,2
1542,1
1543,1
1544,3
1545,1
1546,3
1547,4
1548,3
1549,2
1550,2
1551,5
1552,3
1553,2
1554,1
1555,1
1556,4
1557,3
1558,3
1559,5
1560,3
1561,4
1562,3
1563,4
1564,5
1565,1
1566,1
1567,2
1568,3
1569,1
1570,1
1571,1
1572,3
1573,11
1574,3
1575,1
1576,1
1577,1
1578,1
1579,3
1580,1
1581,1
1582,5
1583,3
1584,1
1585,1
1586,4
1587,2
1588,1
1589,1
1590,1
1591,3
1592,4
1593,5
1594,3
1595,2
1596,1
1597,1
1598,2
1599,1
1600,1
1601,2
1602,1
1603,8
1604,1
1605,1
1606,1
1607,1
1608,2
1609,3
1610,3
1611,4
1612,2
1613,1
1614,4
1615,2
1616,4
1617,2
1618,3
1619,1
1620,2
1621,3
1622,2
1623,4
1624,2
1625,3
1626,1
1627,1
1628,1
1629,3
1630,1
1631,1
1632,2
1633,1
1634,5
1635,5
1636,5
1637,5
1638,1
1639,1
1640,1
1641,1
1642,2
1643,1
1644,1
1645,1
1646,3
1647,1
1648,5
1649,5
1650,1
1651,2
1652,3
1653,5
1654,6
1655,1
1656,6
1657,3
1658,2
1659,4
1660,1
1661,1
1662,4
1663,1
1664,4
1665,2
1666,4
1667,3
1668,2
1669,1
1670,1
1671,2
1672,3
1673,1
1674,1
1675,2
1676,3
1677,3
1678,2
1679,3
1680,2
1681,3
1682,1
1683,3
1684,2
1685,1
1686,1
1687,2
1688,3
1689,1
1690,2
1691,1
1692,4
1693,4
1694,2
1695,3
1696,4
1697,1
1698,1
1699,2
1700,4
1701,2
1702,3
1703,2
1704,6
1705,2
1706,3
1707,1
1708,4
1709,2
1710,1
1711,3
1712,2
1713,4
1714,2
1715,2
1716,1
1717,1
1718,1
1719,6
1720,3
1721,2
1722,3
1723,2
1724,1
1725,2
1726,5
1727,1
1728,4
1729,2
1730,3
1731,1
1732,2
1733,2
1734,3
1735,1
1736,1
1737,4
1738,1
1739,1
1740,3
1741,4
1742,1
1743,2
1744,2
1745,1
1746,1
1747,4
1748,1
1749,8
1750,1
1751,1
1752,2
1753,2
1754,1
1755,2
1756,1
1757,2
1758,2
1759,1
1760,1
1761,3
1762,1
1763,1
1764,4
1765,3
1766,1
1767,1
1768,7
1769,1
1770,2
1771,1
1772,1
1773,1
1774,3
1775,4
1776,1
1777,1
1778,5
1779,2
1780,1
1781,2
1782,3
1783,1
1784,3
1785,2
1786,1
1787,3
1788,5
1789,1
1790,5
1791,7
1792,7
1793,1
1794,2
1795,3
1796,2
1797,2
1798,4
1799,1
1800,1
1801,3
1802,1
1803,2
1804,1
1805,2
1806,1
1807,2
1808,3
1809,2
1810,1
1811,2
1812,3
1813,2
1814,2
1815,1
1816,1
1817,4
1818,2
1819,1
1820,1
1821,6
1822,2
1823,1
1824,5
1825,1
1826,1
1827,2
1828,5
1829,4
1830,1
1831,3
1832,5
1833,1
1834,1
1835,4
1836,5
1837,1
1838,2
1839,1
1840,1
1841,2
1842,1
1843,2
1844,3
1845,1
1846,1
1847,2
1848,4
1849,3
1850,1
1851,3
1852,1
1853,3
1854,2
1855,2
1856,3
1857,2
1858,1
1859,2
1860,6
1861,1
1862,1
1863,3
1864,8
1865,1
1866,6
1867,2
1868,3
1869,1
1870,1
1871,2
1872,4
1873,3
1874,1
1875,2
1876,1
1877,2
1878,3
1879,2
1880,2
1881,1
1882,1
1883,3
1884,1
1885,2
1886,2
1887,7
1888,3
1889,2
1890,3
1891,6
1892,7
1893,1
1894,2
1895,5
1896,5
1897,5
1898,6
1899,2
1900,2
1901,5
1902,1
1903,2
1904,1
1905,5
1906,1
1907,1
1908,7
1909,2
1910,3
1911,1
1912,4
1913,6
1914,4
1915,2
1916,2
1917,2
1918,1
1919,1
1920,2
1921,2
1922,1
1923,4
1924,1
1925,1
1926,2
1927,2
1928,1
1929,3
1930,1
1931,2
1932,1
1933,1
1934,1
1935,4
1936,1
1937,1
1938,2
1939,1
1940,3
1941,1
1942,1
1943,1
1944,8
1945,1
1946,3
1947,2
1948,2
1949,1
1950,1
1951,1
1952,2
1953,4
1954,1
1955,3
1956,2
1957,3
1958,3
1959,2
1960,1
1961,2
1962,2
1963,1
1964,1
1965,2
1966,1
1967,1
1968,3
1969,1
1970,3
1971,3
1972,1
1973,1
1974,4
1975,1
1976,1
1977,9
1978,2
1979,2
1980,1
1981,1
1982,2
1983,2
1984,1
1985,3
1986,2
1987,4
1988,2
1989,1
1990,1
1991,2
1992,3
1993,2
1994,4
1995,7
1996,1
1997,2
1998,5
1999,3
2000,3
2001,1
2002,1
2003,3
2004,2
2005,1
2006,1
2007,1
2008,3
2009,1
2010,3
2011,3
2012,4
2013,1
2014,4
2015,1
2016,1
2017,6
2018,2
2019,2
2020,1
2021,3
2022,1
2023,1
2024,1
2025,1
2026,1
2027,1
2028,2
2029,3
2030,1
2031,1
2032,2
2033,2
2034,1
2035,2
2036,3
2037,1
2038,4
2039,2
2040,1
2041,1
2042,2
2043,2
2044,2
2045,5
2046,5
2047,1
2048,2
2049,3
2050,5
2051,1
2052,1
2053,3
2054,5
2055,3
2056,2
2057,1
2058,1
2059,3
2060,4
2061,2
2062,1
2063,2
2064,3
2065,1
2066,1
2067,2
2068,2
2069,1
2070,6
2071,6
2072,1
2073,2
2074,4
2075,5
2076,1
2077,1
2078,1
2079,1
2080,1
2081,1
2082,1
2083,1
2084,1
2085,1
2086,1
2087,2
2088,1
2089,1
2090,2
2091,2
2092,2
2093,1
2094,3
2095,3
2096,3
2097,2
2098,1
2099,2
2100,1
2101,1
2102,3
2103,1
2104,1
2105,2
2106,4
2107,3
2108,6
2109,3
2110,1
2111,2
2112,1
2113,1
2114,6
2115,4
2116,2
2117,1
2118,1
2119,1
2120,7
2121,1
2122,1
2123,4
2124,2
2125,2
2126,3
2127,2
2128,2
2129,2
2130,3
2131,2
2132,3
2133,1
2134,9
2135,1
2136,5
2137,2
2138,1
2139,4
2140,1
2141,5
2142,1
2143,1
2144,1
2145,2
2146,1
2147,1
2148,1
2149,2
2150,5
2151,4
2152,2
2153,1
2154,4
2155,2
2156,5
2157,2
2158,1
2159,1
2160,9
2161,1
2162,1
2163,2
2164,1
2165,1
2166,1
2167,3
2168,2
2169,1
2170,1
2171,1
2172,3
2173,3
2174,3
2175,2
2176,1
2177,2
2178,1
2179,1
2180,1
2181,1
2182,2
2183,3
2184,1
2185,1
2186,1
2187,1
2188,2
2189,1
2190,2
2191,6
2192,3
2193,3
2194,3
2195,1
2196,1
2197,1
2198,3
2199,2
2200,1
2201,3
2202,1
2203,1
2204,2
2205,1
2206,1
2207,2
2208,3
2209,1
2210,2
2211,8
2212,1
2213,2
2214,3
2215,2
2216,2
2217,2
2218,2
2219,1
2220,1
2221,4
2222,2
2223,2
2224,1
2225,4
2226,1
2227,1
2228,2
2229,1
2230,1
2231,1
2232,1
2233,2
2234,1
2235,2
2236,1
2237,1
2238,1
2239,3
2240,1
2241,2
2242,5
2243,5
2244,2
2245,4
2246,1
2247,4
2248,2
2249,4
2250,1
2251,1
2252,3
2253,4
2254,1
2255,1
2256,1
2257,2
2258,1
2259,1
2260,1
2261,4
2262,1
2263,1
2264,5
2265,2
2266,1
2267,5
2268,2
2269,3
2270,2
2271,1
2272,2
2273,1
2274,1
2275,1
2276,3
2277,2
2278,2
2279,2
2280,1
2281,2
2282,3
2283,1
2284,5
2285,1
2286,4
2287,1
2288,1
2289,1
2290,1
2291,3
2292,6
2293,5
2294,2
2295,1
2296,1
2297,2
2298,1
2299,4
2300,1
2301,3
2302,1
2303,7
2304,1
2305,4
2306,1
2307,2
2308,1
2309,6
2310,1
2311,1
2312,1
2313,4
2314,1
2315,1
2316,3
2317,2
2318,3
2319,3
2320,2
2321,1
2322,1
2323,3
2324,1
2325,1
2326,5
2327,2
2328,4
2329,4
2330,5
2331,1
2332,1
2333,3
2334,1
2335,1
2336,2
2337,2
2338,2
2339,2
2340,2
2341,2
2342,1
2343,4
2344,7
2345,1
2346,1
2347,2
2348,1
2349,1
2350,3
2351,1
2352,1
2353,1
2354,2
2355,1
2356,1
2357,4
2358,1
2359,1
2360,3
2361,1
2362,1
2363,1
2364,1
2365,2
2366,3
2367,4
2368,1
2369,1
2370,2
2371,1
2372,1
2373,1
2374,2
2375,1
2376,1
2377,3
2378,2
2379,1
2380,2
2381,2
2382,3
2383,1
2384,1
2385,1
2386,3
2387,1
2388,3
2389,2
2390,3
2391,2
2392,3
2393,1
2394,2
2395,4
2396,2
2397,1
2398,1
2399,2
2400,1
2401,2
2402,1
2403,5
2404,1
2405,1
2406,1
2407,2
2408,2
2409,1
2410,1
2411,3
2412,1
2413,3
2414,2
2415,3
2416,4
2417,1
2418,1
2419,1
2420,2
2421,2
2422,1
2423,2
2424,1
2425,1
2426,1
2427,1
2428,3
2429,1
2430,3
2431,2
2432,3
2433,1
2434,1
2435,1
2436,6
2437,1
2438,1
2439,1
2440,1
2441,1
2442,1
2443,2
2444,2
2445,1
2446,2
2447,1
2448,1
2449,2
2450,1
2451,2
2452,5
2453,2
2454,1
2455,1
2456,1
2457,8
2458,1
2459,1
2460,1
2461,2
2462,5
2463,1
2464,1
2465,1
2466,3
2467,2
2468,1
2469,1
2470,1
2471,6
2472,2
2473,1
2474,4
2475,3
2476,4
2477,1
2478,3
2479,5
2480,1
2481,1
2482,2
2483,2
2484,2
2485,1
2486,4
2487,1
2488,3
2489,1
2490,1
2491,2
2492,2
2493,2
2494,2
2495,3
2496,1
2497,1
2498,2
2499,3
2500,4
2501,1
2502,1
2503,1
2504,1
2505,1
2506,2
2507,1
2508,2
2509,1
2510,3
2511,1
2512,2
2513,3
2514,1
2515,1
2516,2
2517,1
2518,1
2519,1
2520,1
2521,1
2522,2
2523,1
2524,2
2525,1
2526,1
2527,2
2528,2
2529,3
2530,1
2531,2
2532,1
2533,2
2534,1
2535,1
2536,2
2537,1
2538,1
2539,5
2540,1
2541,3
2542,1
2543,1
2544,2
2545,1
2546,1
2547,1
2548,1
2549,1
2550,2
2551,1
2552,2
2553,1
2554,5
2555,1
2556,2
2557,1
2558,1
2559,1
2560,3
2561,2
2562,1
2563,2
2564,2
2565,1
2566,4
2567,2
2568,1
2569,2
2570,2
2571,2
2572,3
2573,3
2574,2
2575,2
2576,4
2577,1
2578,1
2579,3
2580,1
2581,1
2582,4
2583,1
2584,1
2585,2
2586,2
2587,3
2588,4
2589,1
2590,1
2591,2
2592,1
2593,2
2594,3
2595,1
2596,2
2597,3
2598,1
2599,2
2600,1
2601,1
2602,1
2603,3
2604,1
2605,3
2606,2
2607,3
2608,2
2609,3
2610,3
2611,1
2612,2
2613,4
2614,1
2615,1
2616,1
2617,2
2618,2
2619,3
2620,2
2621,7
2622,2
2623,5
2624,1
2625,1
2626,1
2627,1
2628,2
2629,1
2630,1
2631,1
2632,2
2633,2
2634,2
2635,5
2636,1
2637,2
2638,1
2639,3
2640,2
2641,2
2642,4
2643,1
2644,3
2645,2
2646,3
2647,2
2648,3
2649,2
2650,1
2651,2
2652,5
2653,1
2654,1
2655,1
2656,1
2657,2
2658,1
2659,1
2660,2
2661,3
2662,3
2663,1
2664,1
2665,1
2666,1
2667,4
2668,1
2669,1
2670,1
2671,3
2672,1
2673,3
2674,1
2675,1
2676,1
2677,1
2678,1
2679,2
2680,3
2681,1
2682,1
2683,1
2684,2
2685,1
2686,1
2687,3
2688,1
2689,3
2690,1
2691,1
2692,2
2693,2
2694,1
2695,1
2696,1
2697,1
2698,2
2699,1
2700,1
2701,5
2702,6
2703,3
2704,1
2705,2
2706,1
2707,1
2708,1
2709,1
2710,1
2711,4
2712,1
2713,1
2714,1
2715,1
2716,2
2717,1
2718,1
2719,1
2720,1
2721,1
2722,5
2723,3
2724,5
2725,1
2726,2
2727,1
2728,1
2729,2
2730,1
2731,2
2732,2
2733,1
2734,3
2735,1
2736,2
2737,1
2738,1
2739,4
2740,1
2741,3
2742,3
2743,1
2744,2
2745,1
2746,3
2747,1
2748,1
2749,1
2750,4
2751,2
2752,2
2753,1
2754,3
2755,4
2756,2
2757,2
2758,6
2759,1
2760,1
2761,1
2762,1
2763,1
2764,1
2765,3
2766,3
2767,4
2768,2
2769,2
2770,1
2771,1
2772,1
2773,1
2774,3
2775,1
2776,2
2777,1
2778,4
2779,3
2780,1
2781,3
2782,2
2783,1
2784,2
2785,1
2786,3
2787,2
2788,2
2789,1
2790,1
2791,2
2792,1
2793,2
2794,4
2795,4
2796,1
2797,2
2798,1
2799,4
2800,1
2801,1
2802,1
2803,3
2804,4
2805,3
2806,1
2807,1
2808,2
2809,3
2810,3
2811,1
2812,1
2813,4
2814,1
2815,6
2816,1
2817,4
2818,2
2819,1
2820,3
2821,7
2822,1
2823,3
2824,1
2825,1
2826,3
2827,3
2828,1
2829,1
2830,1
2831,2
2832,2
2833,2
2834,1
2835,1
2836,1
2837,1
2838,3
2839,1
2840,1
2841,1
2842,1
2843,1
2844,1
2845,1
2846,1
2847,1
2848,1
2849,2
2850,2
2851,1
2852,1
2853,5
2854,1
2855,1
2856,1
2857,1
2858,3
2859,3
2860,3
2861,1
2862,1
2863,2
2864,3
2865,1
2866,2
2867,1
2868,1
2869,1
2870,4
2871,1
2872,2
2873,2
2874,1
2875,1
2876,3
2877,1
2878,2
2879,1
2880,1
2881,1
2882,1
2883,1
2884,2
2885,1
2886,1
2887,1
2888,1
2889,1
2890,3
2891,2
2892,1
2893,5
2894,3
2895,1
2896,2
2897,1
2898,1
2899,1
2900,1
2901,2
2902,1
2903,1
2904,1
2905,2
2906,1
2907,1
2908,1
2909,1
2910,1
2911,1
2912,2
2913,2
2914,1
2915,2
2916,3
2917,1
2918,2
2919,1
2920,3
2921,1
2922,2
2923,1
2924,1
2925,2
2926,1
2927,2
2928,1
2929,2
2930,3
2931,2
2932,1
2933,2
2934,1
2935,2
2936,1
2937,1
2938,1
2939,2
2940,5
2941,3
2942,1
2943,4
2944,3
2945,4
2946,1
2947,2
2948,2
2949,2
2950,1
2951,3
2952,1
2953,2
2954,1
2955,4
2956,6
2957,1
2958,3
2959,2
2960,5
2961,3
2962,2
2963,1
2964,1
2965,1
2966,2
2967,1
2968,2
2969,1
2970,2
2971,1
2972,1
2973,6
2974,3
2975,1
2976,4
2977,1
2978,3
2979,3
2980,2
2981,2
2982,1
2983,3
2984,1
2985,2
2986,2
2987,1
2988,1
2989,2
2990,2
2991,2
2992,1
2993,1
2994,1
2995,3
2996,1
2997,1
2998,2
2999,1
3000,1
3001,1
3002,4
3003,2
3004,1
3005,3
3006,3
3007,1
3008,1
3009,3
3010,2
3011,2
3012,3
3013,3
3014,1
3015,1
3016,5
3017,1
3018,2
3019,1
3020,2
3021,1
3022,2
3023,1
3024,2
3025,1
3026,3
3027,2
3028,4
3029,2
3030,1
3031,1
3032,1
3033,1
3034,1
3035,1
3036,1
3037,1
3038,3
3039,1
3040,3
3041,2
3042,1
3043,1
3044,1
3045,1
3046,1
3047,1
3048,1
3049,3
3050,1
3051,1
3052,4
3053,1
3054,6
3055,1
3056,1
3057,1
3058,1
3059,2
3060,3
3061,1
3062,1
3063,1
3064,1
3065,1
3066,1
3067,2
3068,1
3069,1
3070,1
3071,1
3072,2
3073,1
3074,1
3075,1
3076,1
3077,2
3078,3
3079,1
3080,1
3081,5
3082,2
3083,7
3084,1
3085,1
3086,1
3087,1
3088,2
3089,3
3090,4
3091,1
3092,1
3093,1
3094,1
3095,1
3096,2
3097,2
3098,3
3099,2
3100,3
3101,1
3102,1
3103,1
3104,3
3105,1
3106,3
3107,3
3108,1
3109,1
3110,1
3111,2
3112,3
3113,2
3114,2
3115,1
3116,1
3117,2
3118,4
3119,1
3120,1
3121,1
3122,1
3123,1
3124,1
3125,1
3126,1
3127,2
3128,3
3129,1
3130,2
3131,4
3132,2
3133,2
3134,2
3135,2
3136,4
3137,2
3138,1
3139,1
3140,1
3141,2
3142,1
3143,1
3144,2
3145,2
3146,2
3147,1
3148,1
3149,3
3150,1
3151,3
3152,1
3153,2
3154,2
3155,2
3156,1
3157,1
3158,1
3159,1
3160,2
3161,1
3162,3
3163,3
3164,2
3165,4
3166,1
3167,7
3168,5
3169,2
3170,8
3171,5
3172,2
3173,1
3174,1
3175,1
3176,1
3177,2
3178,1
3179,1
3180,2
3181,2
3182,3
3183,1
3184,6
3185,2
3186,1
3187,1
3188,2
3189,2
3190,1
3191,1
3192,2
3193,2
3194,1
3195,2
3196,2
3197,3
3198,4
3199,3
3200,1
3201,1
3202,1
3203,4
3204,1
3205,1
3206,2
3207,3
3208,2
3209,2
3210,1
3211,2
3212,4
3213,1
3214,1
3215,1
3216,1
3217,1
3218,1
3219,2
3220,2
3221,1
3222,1
3223,2
3224,2
3225,3
3226,2
3227,1
3228,1
3229,1
3230,1
3231,2
3232,3
3233,2
3234,1
3235,3
3236,1
3237,1
3238,1
3239,1
3240,2
3241,2
3242,1
3243,1
3244,3
3245,2
3246,7
3247,1
3248,1
3249,1
3250,1
3251,1
3252,4
3253,1
3254,3
3255,1
3256,1
3257,4
3258,2
3259,1
3260,3
3261,2
3262,1
3263,2
3264,2
3265,1
3266,1
3267,3
3268,1
3269,3
3270,1
3271,5
3272,3
3273,1
3274,3
3275,1
3276,1
3277,1
3278,1
3279,1
3280,1
3281,3
3282,1
3283,1
3284,2
3285,1
3286,1
3287,1
3288,3
3289,1
3290,1
3291,1
3292,7
3293,2
3294,1
3295,1
3296,1
3297,1
3298,4
3299,3
3300,1
3301,2
3302,1
3303,2
3304,1
3305,1
3306,3
3307,2
3308,1
3309,1
3310,2
3311,1
3312,1
3313,1
3314,1
3315,1
3316,2
3317,1
3318,1
3319,1
3320,1
3321,1
3322,2
3323,1
3324,1
3325,2
3326,1
3327,2
3328,1
3329,1
3330,2
3331,1
3332,4
3333,2
3334,1
3335,1
3336,1
3337,3
3338,2
3339,1
3340,2
3341,1
3342,1
3343,1
3344,1
3345,1
3346,4
3347,1
3348,1
3349,2
3350,1
3351,1
3352,3
3353,1
3354,1
3355,3
3356,5
3357,1
3358,1
3359,3
3360,1
3361,4
3362,1
3363,3
3364,1
3365,1
3366,1
3367,1
3368,4
3369,2
3370,2
3371,2
3372,1
3373,1
3374,1
3375,1
3376,2
3377,1
3378,2
3379,2
3380,1
3381,1
3382,1
3383,1
3384,3
3385,1
3386,1
3387,6
3388,2
3389,2
3390,1
3391,3
3392,4
3393,2
3394,1
3395,1
3396,1
3397,3
3398,2
3399,1
3400,1
3401,2
3402,2
3403,2
3404,1
3405,3
3406,1
3407,1
3408,3
3409,9
3410,1
3411,1
3412,1
3413,1
3414,2
3415,3
3416,3
3417,1
3418,6
3419,2
3420,2
3421,2
3422,2
3423,1
3424,1
3425,1
3426,2
3427,1
3428,3
3429,1
3430,1
3431,1
3432,3
3433,1
3434,1
3435,1
3436,1
3437,2
3438,2
3439,3
3440,1
3441,1
3442,1
3443,1
3444,1
3445,1
3446,3
3447,2
3448,3
3449,3
3450,1
3451,2
3452,1
3453,1
3454,1
3455,3
3456,2
3457,1
3458,1
3459,3
3460,1
3461,1
3462,2
3463,2
3464,1
3465,2
3466,1
3467,1
3468,1
3469,2
3470,1
3471,1
3472,1
3473,2
3474,1
3475,1
3476,1
3477,1
3478,1
3479,1
3480,1
3481,2
3482,1
3483,3
3484,1
3485,1
3486,2
3487,1
3488,2
3489,1
3490,1
3491,3
3492,4
3493,3
3494,1
3495,3
3496,2
3497,1
3498,2
3499,2
3500,1
3501,3
3502,1
3503,1
3504,5
3505,3
3506,1
3507,1
3508,1
3509,1
3510,2
3511,1
3512,1
3513,1
3514,3
3515,2
3516,5
3517,1
3518,1
3519,1
3520,1
3521,1
3522,1
3523,2
3524,2
3525,1
3526,1
3527,2
3528,1
3529,1
3530,1
3531,1
3532,1
3533,2
3534,3
3535,1
3536,1
3537,1
3538,1
3539,2
3540,1
3541,3
3542,1
3543,1
3544,1
3545,1
3546,2
3547,1
3548,1
3549,2
3550,2
3551,2
3552,1
3553,1
3554,1
3555,1
3556,2
3557,2
3558,2
3559,2
3560,1
3561,2
3562,2
3563,1
3564,2
3565,1
3566,3
3567,2
3568,1
3569,1
3570,1
3571,1
3572,2
3573,1
3574,3
3575,1
3576,2
3577,2
3578,2
3579,2
3580,5
3581,1
3582,3
3583,1
3584,1
3585,1
3586,2
3587,1
3588,1
3589,1
3590,3
3591,5
3592,2
3593,1
3594,1
3595,1
3596,1
3597,3
3598,1
3599,2
3600,2
3601,1
3602,3
3603,1
3604,3
3605,2
3606,1
3607,1
3608,1
3609,2
3610,2
3611,1
3612,2
3613,1
3614,3
3615,2
3616,3
3617,1
3618,1
3619,2
3620,1
3621,1
3622,1
3623,2
3624,1
3625,2
3626,1
3627,1
3628,1
3629,1
3630,2
3631,3
3632,1
3633,3
3634,2
3635,4
3636,1
3637,1
3638,1
3639,1
3640,1
3641,1
3642,2
3643,2
3644,1
3645,1
3646,2
3647,4
3648,1
3649,2
3650,1
3651,1
3652,1
3653,2
3654,4
3655,2
3656,1
3657,3
3658,1
3659,2
3660,1
3661,2
3662,1
3663,2
3664,1
3665,2
3666,2
3667,5
3668,1
3669,2
3670,1
3671,1
3672,2
3673,3
3674,1
3675,1
3676,3
3677,1
3678,1
3679,3
3680,1
3681,1
3682,1
3683,1
3684,1
3685,1
3686,1
3687,1
3688,1
3689,1
3690,2
3691,1
3692,2
3693,2
3694,4
3695,5
3696,1
3697,1
3698,4
3699,1
3700,1
3701,4
3702,1
3703,3
3704,1
3705,2
3706,1
3707,1
3708,1
3709,1
3710,1
3711,1
3712,1
3713,1
3714,1
3715,3
3716,1
3717,2
3718,1
3719,1
3720,1
3721,2
3722,2
3723,4
3724,3
3725,2
3726,3
3727,2
3728,1
3729,3
3730,10
3731,1
3732,4
3733,1
3734,2
3735,2
3736,2
3737,2
3738,1
3739,1
3740,1
3741,2
3742,2
3743,1
3744,1
3745,1
3746,1
3747,1
3748,1
3749,1
3750,2
3751,2
3752,1
3753,2
3754,2
3755,1
3756,2
3757,1
3758,1
3759,3
3760,5
3761,4
3762,1
3763,1
3764,3
3765,2
3766,2
3767,2
3768,2
3769,1
3770,2
3771,3
3772,1
3773,3
3774,1
3775,1
3776,6
3777,1
3778,2
3779,2
3780,1
3781,1
3782,1
3783,1
3784,2
3785,1
3786,4
3787,1
3788,2
3789,1
3790,1
3791,1
3792,3
3793,1
3794,1
3795,2
3796,3
3797,1
3798,2
3799,1
3800,1
3801,1
3802,5
3803,1
3804,2
3805,1
3806,2
3807,1
3808,2
3809,1
3810,1
3811,1
3812,2
3813,1
3814,2
3815,2
3816,1
3817,2
3818,1
3819,2
3820,1
3821,1
3822,2
3823,1
3824,1
3825,1
3826,1
3827,2
3828,1
3829,1
3830,1
3831,3
3832,1
3833,1
3834,3
3835,2
3836,1
3837,1
3838,3
3839,2
3840,2
3841,4
3842,3
3843,5
3844,2
3845,1
3846,4
3847,1
3848,1
3849,1
3850,1
3851,2
3852,3
3853,1
3854,1
3855,1
3856,1
3857,2
3858,1
3859,2
3860,1
3861,1
3862,2
3863,2
3864,1
3865,3
3866,1
3867,1
3868,1
3869,1
3870,1
3871,1
3872,1
3873,1
3874,4
3875,1
3876,1
3877,1
3878,1
3879,1
3880,2
3881,1
3882,3
3883,2
3884,2
3885,1
3886,3
3887,1
3888,1
3889,1
3890,3
3891,2
3892,1
3893,2
3894,1
3895,1
3896,1
3897,1
3898,1
3899,1
3900,1
3901,1
3902,1
3903,1
3904,1
3905,1
3906,2
3907,1
3908,3
3909,4
3910,2
3911,1
3912,2
3913,1
3914,1
3915,1
3916,1
3917,1
3918,1
3919,1
3920,2
3921,1
3922,1
3923,1
3924,1
3925,2
3926,1
3927,1
3928,2
3929,2
3930,1
3931,2
3932,3
3933,2
3934,2
3935,1
3936,1
3937,1
3938,1
3939,1
3940,1
3941,3
3942,2
3943,1
3944,1
3945,1
3946,1
3947,1
3948,1
3949,1
3950,1
3951,1
3952,1
3953,1
3954,1
3955,1
3956,3
3957,1
3958,1
3959,2
3960,2
3961,1
3962,1
3963,1
3964,3
3965,2
3966,1
3967,1
3968,1
3969,1
3970,1
3971,2
3972,1
3973,1
3974,7
3975,2
3976,1
3977,6
3978,1
3979,1
3980,1
3981,1
3982,1
3983,1
3984,3
3985,1
3986,1
3987,4
3988,3
3989,1
3990,1
3991,1
3992,1
3993,1
3994,2
3995,2
3996,1
3997,1
3998,1
3999,3
4000,2
4001,3
4002,1
4003,2
4004,1
4005,1
4006,1
4007,2
4008,2
4009,2
4010,1
4011,1
4012,1
4013,1
4014,1
4015,1
4016,2
4017,1
4018,1
4019,1
4020,1
4021,1
4022,1
4023,2
4024,1
4025,1
4026,1
4027,1
4028,1
4029,1
4030,2
4031,3
4032,2
4033,2
4034,3
4035,1
4036,3
4037,1
4038,1
4039,2
4040,3
4041,3
4042,1
4043,1
4044,2
4045,3
4046,1
4047,1
4048,3
4049,1
4050,1
4051,1
4052,4
4053,1
4054,1
4055,1
4056,1
4057,1
4058,4
4059,1
4060,1
4061,2
4062,2
4063,2
4064,2
4065,2
4066,1
4067,1
4068,1
4069,3
4070,2
4071,1
4072,2
4073,1
4074,1
4075,1
4076,1
4077,1
4078,1
4079,1
4080,1
4081,1
4082,1
4083,2
4084,1
4085,2
4086,1
4087,1
4088,2
4089,1
4090,1
4091,1
4092,1
4093,1
4094,1
4095,2
4096,1
4097,1
4098,1
4099,1
4100,2
4101,2
4102,1
4103,1
4104,2
4105,1
4106,1
4107,3
4108,2
4109,1
4110,1
4111,3
4112,3
4113,1
4114,1
4115,1
4116,3
4117,1
4118,1
4119,4
4120,1
4121,2
4122,2
4123,1
4124,2
4125,2
4126,2
4127,2
4128,1
4129,1
4130,1
4131,1
4132,1
4133,2
4134,1
4135,1
4136,3
4137,1
4138,2
4139,1
4140,2
4141,1
4142,1
4143,1
4144,1
4145,1
4146,2
4147,2
4148,1
4149,1
4150,1
4151,1
4152,1
4153,5
4154,5
4155,2
4156,1
4157,2
4158,1
4159,3
4160,1
4161,1
4162,2
4163,1
4164,1
4165,1
4166,1
4167,1
4168,1
4169,1
4170,1
4171,1
4172,1
4173,1
4174,5
4175,1
4176,2
4177,2
4178,1
4179,2
4180,2
4181,2
4182,1
4183,4
4184,5
4185,1
4186,1
4187,2
4188,1
4189,2
4190,1
4191,1
4192,1
4193,1
4194,1
4195,1
4196,1
4197,1
4198,2
4199,7
4200,1
4201,1
4202,1
4203,1
4204,2
4205,2
4206,1
4207,1
4208,1
4209,2
4210,1
4211,1
4212,3
4213,1
4214,1
4215,1
4216,1
4217,1
4218,1
4219,1
4220,1
4221,1
4222,1
4223,2
4224,3
4225,2
4226,1
4227,3
4228,2
4229,1
4230,2
4231,1
4232,2
4233,1
4234,1
4235,1
4236,1
4237,1
4238,1
4239,2
4240,1
4241,3
4242,1
4243,2
4244,2
4245,1
4246,1
4247,4
4248,1
4249,4
4250,3
4251,3
4252,2
4253,1
4254,1
4255,1
4256,1
4257,1
4258,1
4259,1
4260,4
4261,4
4262,2
4263,1
4264,1
4265,3
4266,2
4267,3
4268,3
4269,3
4270,2
4271,1
4272,1
4273,1
4274,1
4275,3
4276,1
4277,1
4278,1
4279,3
4280,2
4281,2
4282,3
4283,2
4284,2
4285,3
4286,1
4287,1
4288,1
4289,1
4290,1
4291,2
4292,2
4293,1
4294,3
4295,1
4296,1
4297,1
4298,1
4299,3
4300,1
4301,3
4302,1
4303,2
4304,1
4305,1
4306,2
4307,2
4308,2
4309,2
4310,1
4311,1
4312,1
4313,1
4314,1
4315,1
4316,1
4317,1
4318,2
4319,1
4320,2
4321,1
4322,3
4323,2
4324,1
4325,3
4326,4
4327,2
4328,1
4329,1
4330,3
4331,1
4332,1
4333,1
4334,2
4335,2
4336,1
4337,7
4338,3
4339,1
4340,3
4341,1
4342,1
4343,3
4344,2
4345,1
4346,1
4347,1
4348,3
4349,2
4350,1
4351,2
4352,1
4353,1
4354,1
4355,3
4356,1
4357,1
4358,2
4359,2
4360,1
4361,2
4362,1
4363,1
4364,2
4365,1
4366,1
4367,6
4368,2
4369,1
4370,1
4371,1
4372,1
4373,1
4374,1
4375,1
4376,1
4377,1
4378,1
4379,2
4380,1
4381,1
4382,2
4383,1
4384,1
4385,1
4386,1
4387,1
4388,1
4389,2
4390,1
4391,1
4392,2
4393,1
4394,1
4395,1
4396,4
4397,1
4398,1
4399,1
4400,1
4401,1
4402,2
4403,3
4404,1
4405,2
4406,2
4407,1
4408,1
4409,1
4410,1
4411,2
4412,2
4413,1
4414,2
4415,1
4416,2
4417,1
4418,1
4419,1
4420,2
4421,1
4422,1
4423,1
4424,1
4425,1
4426,3
4427,2
4428,1
4429,1
4430,1
4431,3
4432,1
4433,3
4434,1
4435,1
4436,2
4437,1
4438,1
4439,3
4440,1
4441,2
4442,2
4443,1
4444,2
4445,1
4446,2
4447,1
4448,1
4449,3
4450,1
4451,2
4452,3
4453,2
4454,2
4455,1
4456,1
4457,2
4458,1
4459,4
4460,1
4461,1
4462,1
4463,2
4464,1
4465,1
4466,1
4467,1
4468,1
4469,1
4470,1
4471,1
4472,1
4473,1
4474,2
4475,1
4476,2
4477,2
4478,2
4479,1
4480,3
4481,1
4482,1
4483,2
4484,1
4485,1
4486,1
4487,5
4488,1
4489,1
4490,2
4491,1
4492,7
4493,2
4494,1
4495,1
4496,4
4497,1
4498,1
4499,1
4500,2
4501,1
4502,1
4503,1
4504,1
4505,5
4506,3
4507,2
4508,1
4509,1
4510,1
4511,1
4512,1
4513,1
4514,1
4515,1
4516,1
4517,1
4518,4
4519,1
4520,1
4521,1
4522,1
4523,1
4524,1
4525,1
4526,1
4527,1
4528,1
4529,1
4530,1
4531,2
4532,1
4533,1
4534,1
4535,1
4536,1
4537,1
4538,1
4539,1
4540,2
4541,2
4542,1
4543,1
4544,2
4545,1
4546,1
4547,1
4548,1
4549,1
4550,1
4551,1
4552,2
4553,1
4554,1
4555,1
4556,3
4557,1
4558,1
4559,1
4560,1
4561,2
4562,1
4563,1
4564,2
4565,2
4566,1
4567,1
4568,1
4569,1
4570,1
4571,2
4572,5
4573,1
4574,1
4575,1
4576,2
4577,1
4578,1
4579,2
4580,1
4581,3
4582,1
4583,1
4584,2
4585,1
4586,1
4587,1
4588,1
4589,1
4590,1
4591,3
4592,1
4593,1
4594,1
4595,1
4596,1
4597,1
4598,1
4599,1
4600,1
4601,2
4602,1
4603,2
4604,1
4605,1
4606,1
4607,1
4608,2
4609,1
4610,1
4611,1
4612,2
4613,1
4614,1
4615,1
4616,1
4617,1
4618,1
4619,2
4620,1
4621,2
4622,1
4623,2
4624,1
4625,1
4626,1
4627,1
4628,2
4629,1
4630,1
4631,1
4632,1
4633,2
4634,2
4635,1
4636,2
4637,1
4638,1
4639,2
4640,1
4641,1
4642,2
4643,1
4644,1
4645,1
4646,1
4647,1
4648,1
4649,1
4650,1
4651,1
4652,1
4653,2
4654,1
4655,1
4656,1
4657,1
4658,2
4659,1
4660,2
4661,1
4662,2
4663,1
4664,1
4665,3
4666,1
4667,3
4668,1
4669,1
4670,1
4671,1
4672,2
4673,1
4674,1
4675,1
4676,2
4677,1
4678,1
4679,1
4680,2
4681,1
4682,1
4683,2
4684,2
4685,1
4686,1
4687,1
4688,2
4689,1
4690,1
4691,1
4692,4
4693,1
4694,1
4695,2
4696,1
4697,1
4698,3
4699,1
4700,2
4701,1
4702,2
4703,1
4704,1
4705,1
4706,1
4707,1
4708,2
4709,1
4710,1
4711,2
4712,1
4713,3
4714,1
4715,1
4716,1
4717,1
4718,1
4719,1
4720,2
4721,3
4722,2
4723,3
4724,1
4725,1
4726,1
4727,1
4728,1
4729,1
4730,1
4731,2
4732,1
4733,1
4734,1
4735,2
4736,1
4737,1
4738,1
4739,2
4740,2
4741,1
4742,1
4743,3
4744,1
4745,1
4746,1
4747,1
4748,1
4749,1
4750,1
4751,1
4752,1
4753,1
4754,1
4755,1
4756,3
4757,1
4758,1
4759,1
4760,1
4761,1
4762,2
4763,1
4764,2
4765,1
4766,1
4767,1
4768,1
4769,1
4770,4
4771,2
4772,1
4773,2
4774,1
4775,2
4776,3
4777,1
4778,1
4779,2
4780,2
4781,1
4782,1
4783,1
4784,1
4785,1
4786,1
4787,1
4788,1
4789,1
4790,1
4791,1
4792,1
4793,2
4794,1
4795,1
4796,1
4797,1
4798,2
4799,3
4800,1
4801,2
4802,1
4803,1
4804,5
4805,1
4806,3
4807,3
4808,1
4809,1
4810,1
4811,2
4812,1
4813,2
4814,1
4815,1
4816,2
4817,2
4818,1
4819,1
4820,1
4821,1
4822,1
4823,2
4824,1
4825,2
4826,1
4827,1
4828,1
4829,1
4830,2
4831,1
4832,2
4833,3
4834,1
4835,1
4836,1
4837,1
4838,1
4839,1
4840,1
4841,1
4842,1
4843,1
4844,2
4845,1
4846,1
4847,1
4848,1
4849,3
4850,1
4851,1
4852,1
4853,1
4854,1
4855,1
4856,1
4857,1
4858,1
4859,1
4860,3
4861,1
4862,2
4863,1
4864,3
4865,1
4866,2
4867,1
4868,1
4869,1
4870,2
4871,1
4872,3
4873,1
4874,1
4875,1
4876,1
4877,1
4878,1
4879,1
4880,2
4881,1
4882,1
4883,1
4884,1
4885,1
4886,1
4887,1
4888,2
4889,1
4890,1
4891,1
4892,1
4893,1
4894,3
4895,2
4896,1
4897,3
4898,1
4899,1
4900,1
4901,1
4902,1
4903,1
4904,1
4905,1
4906,1
4907,1
4908,4
4909,1
4910,1
4911,1
4912,1
4913,2
4914,1
4915,1
4916,1
4917,2
4918,1
4919,1
4920,2
4921,1
4922,2
4923,1
4924,1
4925,1
4926,1
4927,2
4928,2
4929,1
4930,1
4931,1
4932,2
4933,1
4934,1
4935,1
4936,2
4937,1
4938,1
4939,2
4940,1
4941,1
4942,1
4943,1
4944,1
4945,1
4946,1
4947,1
4948,1
4949,3
4950,1
4951,2
4952,1
4953,1
4954,2
4955,1
4956,1
4957,1
4958,1
4959,1
4960,1
4961,1
4962,1
4963,1
4964,1
4965,1
4966,2
4967,2
4968,2
4969,4
4970,1
4971,1
4972,1
4973,1
4974,1
4975,1
4976,1
4977,1
4978,1
4979,1
4980,2
4981,1
4982,1
4983,1
4984,1
4985,1
4986,4
4987,1
4988,1
4989,1
4990,1
4991,1
4992,1
4993,1
4994,1
4995,1
4996,1
4997,2
4998,2
4999,2
5000,1
5001,2
5002,1
5003,1
5004,1
5005,1
5006,1
5007,1
5008,1
5009,1
5010,1
5011,1
5012,3
5013,1
5014,1
5015,1
5016,1
5017,1
5018,1
5019,1
5020,1
5021,2
5022,1
5023,1
5024,2
5025,1
5026,2
5027,1
5028,2
5029,1
5030,1
5031,1
5032,1
5033,1
5034,1
5035,1
5036,1
5037,2
5038,2
5039,1
5040,1
5041,3
5042,3
5043,2
5044,2
5045,1
5046,1
5047,3
5048,2
5049,1
5050,1
5051,1
5052,2
5053,2
5054,1
5055,2
5056,2
5057,3
5058,1
5059,1
5060,2
5061,3
5062,5
5063,2
5064,1
5065,3
5066,1
5067,2
5068,1
5069,1
5070,3
5071,1
5072,2
5073,1
5074,4
5075,1
5076,3
5077,1
5078,1
5079,1
5080,1
5081,2
5082,1
5083,1
5084,3
5085,1
5086,1
5087,1
5088,2
5089,1
5090,2
5091,1
5092,3
5093,1
5094,1
5095,1
5096,2
5097,2
5098,1
5099,1
5100,1
5101,1
5102,3
5103,2
5104,1
5105,1
5106,2
5107,1
5108,1
5109,1
5110,1
5111,1
5112,2
5113,1
5114,2
5115,3
5116,1
5117,1
5118,1
5119,1
5120,1
5121,1
5122,1
5123,1
5124,2
5125,1
5126,2
5127,2
5128,1
5129,1
5130,1
5131,1
5132,1
5133,1
5134,1
5135,1
5136,2
5137,1
5138,1
5139,1
5140,2
5141,2
5142,1
5143,1
5144,2
5145,1
5146,1
5147,1
5148,2
5149,1
5150,1
5151,1
5152,2
5153,1
5154,1
5155,1
5156,1
5157,1
5158,4
5159,1
5160,1
5161,1
5162,1
5163,1
5164,1
5165,1
5166,3
5167,1
5168,2
5169,1
5170,1
5171,2
5172,1
5173,5
5174,1
5175,2
5176,1
5177,1
5178,1
5179,2
5180,1
5181,1
5182,1
5183,1
5184,2
5185,1
5186,1
5187,2
5188,1
5189,1
5190,1
5191,2
5192,1
5193,1
5194,1
5195,1
5196,1
5197,2
5198,1
5199,2
5200,1
5201,1
5202,1
5203,1
5204,1
5205,1
5206,1
5207,2
5208,1
5209,2
5210,1
5211,1
5212,1
5213,3
5214,1
5215,1
5216,1
5217,1
5218,1
5219,1
5220,2
5221,1
5222,1
5223,1
5224,1
5225,1
5226,1
5227,2
5228,1
5229,2
5230,1
5231,1
5232,1
5233,1
5234,1
5235,3
5236,1
5237,1
5238,1
5239,1
5240,3
5241,1
5242,1
5243,3
5244,1
5245,2
5246,1
5247,1
5248,1
5249,1
5250,2
5251,1
5252,1
5253,1
5254,1
5255,3
5256,1
5257,1
5258,1
5259,1
5260,1
5261,1
5262,4
5263,1
5264,1
5265,2
5266,1
5267,1
5268,1
5269,1
5270,2
5271,2
5272,1
5273,1
5274,1
5275,3
5276,1
5277,1
5278,1
5279,1
5280,1
5281,1
5282,2
5283,1
5284,2
5285,1
5286,1
5287,1
5288,1
5289,1
5290,2
5291,1
5292,2
5293,1
5294,3
5295,3
5296,1
5297,2
5298,1
5299,1
5300,1
5301,1
5302,1
5303,1
5304,1
5305,2
5306,1
5307,1
5308,1
5309,1
5310,3
5311,1
5312,1
5313,1
5314,1
5315,4
5316,1
5317,2
5318,1
5319,1
5320,1
5321,2
5322,1
5323,1
5324,1
5325,2
5326,1
5327,1
5328,1
5329,1
5330,2
5331,1
5332,1
5333,1
5334,1
5335,1
5336,1
5337,1
5338,1
5339,2
5340,2
5341,1
5342,1
5343,1
5344,2
5345,1
5346,1
5347,3
5348,1
5349,1
5350,2
5351,1
5352,1
5353,1
5354,1
5355,1
5356,1
5357,2
5358,1
5359,1
5360,1
5361,1
5362,1
5363,1
5364,1
5365,1
5366,2
5367,1
5368,2
5369,1
5370,1
5371,2
5372,1
5373,2
5374,1
5375,1
5376,5
5377,3
5378,1
5379,2
5380,1
5381,3
5382,1
5383,1
5384,2
5385,1
5386,2
5387,1
5388,1
5389,2
5390,1
5391,1
5392,1
5393,1
5394,1
5395,1
5396,1
5397,1
5398,1
5399,1
5400,1
5401,1
5402,1
5403,1
5404,2
5405,1
5406,2
5407,1
5408,1
5409,1
5410,1
5411,1
5412,1
5413,4
5414,5
5415,1
5416,1
5417,2
5418,1
5419,1
5420,1
5421,1
5422,1
5423,1
5424,1
5425,1
5426,1
5427,1
5428,1
5429,1
5430,1
5431,1
5432,1
5433,1
5434,1
5435,1
5436,1
5437,1
5438,1
5439,1
5440,1
5441,1
5442,1
5443,1
5444,1
5445,1
5446,1
5447,2
5448,2
5449,1
5450,1
5451,1
5452,2
5453,1
5454,1
5455,1
5456,1
5457,1
5458,1
5459,1
5460,2
5461,3
5462,1
5463,1
5464,2
5465,1
5466,2
5467,1
5468,1
5469,1
5470,1
5471,1
5472,2
5473,2
5474,2
5475,1
5476,1
5477,1
5478,1
5479,2
5480,1
5481,1
5482,1
5483,2
5484,1
5485,1
5486,1
5487,2
5488,1
5489,2
5490,2
5491,1
5492,2
5493,1
5494,1
5495,1
5496,1
5497,2
5498,1
5499,1
5500,1
5501,1
5502,3
5503,1
5504,2
5505,1
5506,1
5507,2
5508,1
5509,1
5510,1
5511,1
5512,1
5513,1
5514,1
5515,1
5516,1
5517,1
5518,1
5519,2
5520,2
5521,3
5522,2
5523,1
5524,3
5525,1
5526,1
5527,2
5528,1
5529,1
5530,2
5531,1
5532,1
5533,1
5534,1
5535,1
5536,1
5537,1
5538,1
5539,1
5540,1
5541,1
5542,1
5543,1
5544,1
5545,1
5546,1
5547,2
5548,1
5549,1
5550,3
5551,1
5552,2
5553,1
5554,1
5555,1
5556,2
5557,1
5558,1
5559,3
5560,1
5561,1
5562,1
5563,2
5564,2
5565,1
5566,1
5567,1
5568,1
5569,1
5570,1
5571,1
5572,1
5573,1
5574,1
5575,1
5576,1
5577,1
5578,2
5579,1
5580,1
5581,1
5582,2
5583,1
5584,1
5585,1
5586,1
5587,1
5588,2
5589,2
5590,1
5591,1
5592,1
5593,1
5594,2
5595,1
5596,1
5597,1
5598,2
5599,3
5600,1
5601,1
5602,1
5603,1
5604,1
5605,5
5606,1
5607,1
5608,1
5609,1
5610,1
5611,1
5612,1
5613,1
5614,1
5615,1
5616,1
5617,1
5618,1
5619,1
5620,1
5621,1
5622,1
5623,1
5624,1
5625,1
5626,1
5627,1
5628,2
5629,1
5630,1
5631,1
5632,1
5633,1
5634,1
5635,1
5636,1
5637,2
5638,2
5639,1
5640,1
5641,1
5642,2
5643,1
5644,1
5645,1
5646,1
5647,1
5648,1
5649,2
5650,1
5651,4
5652,1
5653,1
5654,1
5655,2
5656,1
5657,1
5658,1
5659,4
5660,1
5661,1
5662,2
5663,1
5664,2
5665,1
5666,1
5667,1
5668,1
5669,1
5670,1
5671,1
5672,1
5673,1
5674,2
5675,3
5676,1
5677,1
5678,1
5679,1
5680,2
5681,2
5682,2
5683,1
5684,1
5685,1
5686,2
5687,1
5688,1
5689,1
5690,1
5691,1
5692,1
5693,2
5694,1
5695,1
5696,1
5697,1
5698,1
5699,2
5700,1
5701,1
5702,2
5703,1
5704,1
5705,1
5706,1
5707,1
5708,2
5709,1
5710,1
5711,1
5712,1
5713,1
5714,1
5715,2
5716,1
5717,1
5718,2
5719,1
5720,1
5721,1
5722,1
5723,2
5724,1
5725,1
5726,1
5727,1
5728,1
5729,1
5730,1
5731,1
5732,2
5733,3
5734,1
5735,1
5736,1
5737,1
5738,1
5739,1
5740,1
5741,2
5742,1
5743,1
5744,1
5745,1
5746,1
5747,2
5748,1
5749,1
5750,1
5751,1
5752,1
5753,1
5754,1
5755,1
5756,1
5757,2
5758,1
5759,1
5760,1
5761,1
5762,1
5763,1
5764,3
5765,1
5766,1
5767,1
5768,1
5769,2
5770,2
5771,1
5772,2
5773,1
5774,1
5775,1
5776,1
5777,1
5778,2
5779,1
5780,2
5781,1
5782,1
5783,1
5784,1
5785,1
5786,3
5787,1
5788,1
5789,1
5790,1
5791,2
5792,2
5793,1
5794,1
5795,1
5796,1
5797,2
5798,1
5799,2
5800,1
5801,1
5802,2
5803,1
5804,1
5805,1
5806,1
5807,1
5808,1
5809,1
5810,1
5811,1
5812,1
5813,1
5814,1
5815,1
5816,1
5817,1
5818,2
5819,1
5820,1
5821,1
5822,1
5823,1
5824,1
5825,1
5826,3
5827,1
5828,2
5829,4
5830,1
5831,1
5832,1
5833,1
5834,1
5835,1
5836,1
5837,2
5838,1
5839,2
5840,3
5841,1
5842,1
5843,2
5844,1
5845,2
5846,1
5847,2
5848,1
5849,1
5850,2
5851,1
5852,1
5853,1
5854,1
5855,1
5856,1
5857,1
5858,1
5859,4
5860,1
5861,2
5862,1
5863,2
5864,1
5865,1
5866,4
5867,1
5868,1
5869,2
5870,2
5871,1
5872,1
5873,1
5874,2
5875,1
5876,2
5877,1
5878,1
5879,2
5880,2
5881,1
5882,1
5883,2
5884,1
5885,2
5886,1
5887,3
5888,1
5889,1
5890,1
5891,1
5892,1
5893,1
5894,1
5895,1
5896,1
5897,2
5898,1
5899,2
5900,2
5901,1
5902,1
5903,1
5904,1
5905,1
5906,1
5907,2
5908,1
5909,1
5910,2
5911,1
5912,2
5913,3
5914,1
5915,1
5916,1
5917,1
5918,3
5919,1
5920,1
5921,1
5922,1
5923,1
5924,1
5925,1
5926,1
5927,2
5928,1
5929,1
5930,3
5931,1
5932,1
5933,1
5934,2
5935,2
5936,1
5937,1
5938,1
5939,1
5940,2
5941,1
5942,1
5943,2
5944,2
5945,1
5946,1
5947,1
5948,1
5949,1
5950,3
5951,2
5952,2
5953,1
5954,2
5955,1
5956,1
5957,1
5958,1
5959,1
5960,1
5961,2
5962,1
5963,1
5964,1
5965,1
5966,2
5967,1
5968,2
5969,1
5970,1
5971,1
5972,1
5973,1
5974,1
5975,1
5976,1
5977,1
5978,1
5979,1
5980,1
5981,1
5982,1
5983,1
5984,1
5985,1
5986,2
5987,1
5988,1
5989,1
5990,1
5991,1
5992,2
5993,2
5994,1
5995,1
5996,2
5997,1
5998,1
5999,1
6000,1
6001,3
6002,1
6003,1
6004,2
6005,1
6006,1
6007,1
6008,1
6009,2
6010,2
6011,1
6012,1
6013,1
6014,1
6015,1
6016,1
6017,1
6018,1
6019,2
6020,2
6021,1
6022,1
6023,2
6024,1
6025,1
6026,1
6027,1
6028,1
6029,1
6030,1
6031,1
6032,1
6033,1
6034,2
6035,1
6036,1
6037,2
6038,1
6039,3
6040,1
6041,3
6042,1
6043,1
6044,1
6045,1
6046,3
6047,1
6048,2
6049,1
6050,1
6051,1
6052,1
6053,2
6054,1
6055,2
6056,1
6057,1
6058,1
6059,3
6060,1
6061,1
6062,3
6063,1
6064,1
6065,1
6066,1
6067,1
6068,1
6069,2
6070,1
6071,1
6072,1
6073,1
6074,1
6075,1
6076,1
6077,2
6078,2
6079,1
6080,1
6081,1
6082,2
6083,1
6084,1
6085,2
6086,1
6087,1
6088,2
6089,2
6090,1
6091,1
6092,1
6093,2
6094,1
6095,1
6096,2
6097,2
6098,1
6099,2
6100,1
6101,1
6102,1
6103,3
6104,1
6105,1
6106,1
6107,1
6108,1
6109,1
6110,1
6111,3
6112,1
6113,1
6114,1
6115,1
6116,1
6117,1
6118,1
6119,1
6120,1
6121,1
6122,1
6123,3
6124,1
6125,1
6126,1
6127,1
6128,1
6129,1
6130,2
6131,1
6132,2
6133,1
6134,3
6135,1
6136,1
6137,2
6138,1
6139,1
6140,1
6141,2
6142,1
6143,2
6144,1
6145,1
6146,1
6147,2
6148,1
6149,1
6150,1
6151,1
6152,1
6153,1
6154,1
6155,1
6156,1
6157,1
6158,1
6159,1
6160,1
6161,1
6162,1
6163,1
6164,1
6165,2
6166,3
6167,1
6168,1
6169,2
6170,1
6171,1
6172,1
6173,3
6174,1
6175,2
6176,1
6177,1
6178,3
6179,2
6180,1
6181,1
6182,1
6183,1
6184,1
6185,1
6186,3
6187,1
6188,2
6189,1
6190,1
6191,1
6192,2
6193,1
6194,1
6195,1
6196,1
6197,2
6198,1
6199,1
6200,1
6201,1
6202,2
6203,1
6204,1
6205,1
6206,2
6207,1
6208,1
6209,1
6210,1
6211,1
6212,1
6213,1
6214,1
6215,3
6216,1
6217,2
6218,4
6219,1
6220,1
6221,1
6222,1
6223,1
6224,1
6225,1
6226,1
6227,1
6228,1
6229,1
6230,1
6231,1
6232,1
6233,1
6234,2
6235,1
6236,1
6237,1
6238,1
6239,1
6240,1
6241,1
6242,1
6243,1
6244,1
6245,1
6246,1
6247,2
6248,2
6249,2
6250,2
6251,2
6252,2
6253,1
6254,1
6255,2
6256,1
6257,1
6258,1
6259,1
6260,1
6261,1
6262,2
6263,1
6264,1
6265,1
6266,1
6267,1
6268,1
6269,1
6270,2
6271,1
6272,1
6273,1
6274,2
6275,2
6276,1
6277,1
6278,1
6279,1
6280,1
6281,2
6282,1
6283,1
6284,1
6285,1
6286,1
6287,1
6288,1
6289,1
6290,1
6291,1
6292,1
6293,1
6294,1
6295,1
6296,1
6297,1
6298,1
6299,1
6300,1
6301,1
6302,1
6303,1
6304,1
6305,2
6306,1
6307,1
6308,1
6309,1
6310,1
6311,1
6312,1
6313,1
6314,1
6315,1
6316,2
6317,1
6318,1
6319,1
6320,1
6321,1
6322,1
6323,1
6324,1
6325,2
6326,1
6327,1
6328,1
6329,1
6330,1
6331,1
6332,1
6333,1
6334,1
6335,1
6336,1
6337,2
6338,1
6339,1
6340,1
6341,1
6342,1
6343,1
6344,1
6345,1
6346,1
6347,2
6348,2
6349,2
6350,1
6351,1
6352,3
6353,1
6354,1
6355,1
6356,1
6357,1
6358,1
6359,1
6360,1
6361,1
6362,1
6363,2
6364,1
6365,1
6366,2
6367,2
6368,1
6369,1
6370,1
6371,1
6372,1
6373,1
6374,1
6375,1
6376,1
6377,1
6378,1
6379,1
6380,1
6381,2
6382,1
6383,1
6384,1
6385,1
6386,2
6387,1
6388,1
6389,1
6390,1
6391,1
6392,1
6393,1
6394,1
6395,1
6396,1
6397,1
6398,1
6399,2
6400,1
6401,1
6402,1
6403,1
6404,2
6405,1
6406,1
6407,1
6408,1
6409,1
6410,1
6411,1
6412,2
6413,1
6414,1
6415,1
6416,2
6417,2
6418,1
6419,1
6420,3
6421,1
6422,2
6423,1
6424,1
6425,1
6426,1
6427,1
6428,2
6429,1
6430,1
6431,1
6432,1
6433,2
6434,1
6435,2
6436,1
6437,1
6438,1
6439,1
6440,1
6441,2
6442,1
6443,1
6444,1
6445,2
6446,1
6447,1
6448,1
6449,1
6450,1
6451,1
6452,1
6453,1
6454,1
6455,1
6456,1
6457,2
6458,1
6459,1
6460,1
6461,1
6462,1
6463,1
6464,1
6465,1
6466,1
6467,1
6468,1
6469,1
6470,1
6471,2
6472,1
6473,2
6474,1
6475,2
6476,3
6477,1
6478,1
6479,1
6480,1
6481,2
6482,1
6483,1
6484,1
6485,1
6486,1
6487,1
6488,2
6489,2
6490,2
6491,1
6492,2
6493,1
6494,1
6495,1
6496,2
6497,1
6498,1
6499,1
6500,1
6501,3
6502,1
6503,1
6504,1
6505,1
6506,1
6507,1
6508,1
6509,1
6510,1
6511,1
6512,2
6513,1
6514,1
6515,1
6516,1
6517,1
6518,1
6519,1
6520,1
6521,1
6522,1
6523,3
6524,1
6525,1
6526,1
6527,1
6528,2
6529,1
6530,1
6531,1
6532,1
6533,2
6534,1
6535,1
6536,3
6537,2
6538,2
6539,1
6540,1
6541,1
6542,1
6543,1
6544,1
6545,1
6546,1
6547,1
6548,2
6549,1
6550,1
6551,1
6552,1
6553,1
6554,1
6555,2
6556,1
6557,2
6558,1
6559,1
6560,1
6561,1
6562,1
6563,1
6564,1
6565,1
6566,1
6567,1
6568,2
6569,1
6570,1
6571,2
6572,1
6573,1
6574,2
6575,1
6576,1
6577,1
6578,3
6579,1
6580,2
6581,1
6582,1
6583,1
6584,1
6585,1
6586,1
6587,1
6588,1
6589,1
6590,1
6591,1
6592,1
6593,1
6594,2
6595,1
6596,1
6597,1
6598,1
6599,2
6600,1
6601,1
6602,1
6603,1
6604,1
6605,1
6606,1
6607,1
6608,1
6609,1
6610,1
6611,2
6612,3
6613,1
6614,1
6615,1
6616,2
6617,1
6618,1
6619,1
6620,1
6621,1
6622,2
6623,1
6624,1
6625,1
6626,1
6627,1
6628,2
6629,1
6630,1
6631,1
6632,1
6633,1
6634,2
6635,1
6636,1
6637,1
6638,1
6639,2
6640,1
6641,1
6642,1
6643,1
6644,1
6645,2
6646,1
6647,1
6648,1
6649,1
6650,2
6651,1
6652,1
6653,1
6654,1
6655,2
6656,1
6657,2
6658,1
6659,1
6660,1
6661,1
6662,1
6663,1
6664,1
6665,1
6666,1
6667,1
6668,1
6669,1
6670,1
6671,3
6672,1
6673,2
6674,1
6675,1
6676,1
6677,1
6678,1
6679,1
6680,1
6681,1
6682,1
6683,1
6684,1
6685,1
6686,1
6687,2
6688,2
6689,1
6690,1
6691,2
6692,1
6693,1
6694,1
6695,1
6696,1
6697,1
6698,1
6699,1
6700,1
6701,1
6702,1
6703,2
6704,2
6705,2
6706,1
6707,1
6708,1
6709,1
6710,1
6711,1
6712,1
6713,1
6714,1
6715,1
6716,1
6717,1
6718,1
6719,1
6720,1
6721,1
6722,1
6723,1
6724,1
6725,1
6726,2
6727,3
6728,1
6729,1
6730,1
6731,2
6732,1
6733,2
6734,1
6735,1
6736,1
6737,1
6738,1
6739,1
6740,1
6741,1
6742,1
6743,1
6744,1
6745,1
6746,1
6747,1
6748,1
6749,1
6750,3
6751,1
6752,1
6753,1
6754,2
6755,1
6756,1
6757,1
6758,1
6759,1
6760,1
6761,1
6762,1
6763,1
6764,1
6765,1
6766,3
6767,1
6768,1
6769,1
6770,2
6771,1
6772,1
6773,1
6774,1
6775,1
6776,1
6777,2
6778,1
6779,1
6780,1
6781,1
6782,2
6783,1
6784,1
6785,1
6786,1
6787,1
6788,1
6789,1
6790,1
6791,1
6792,1
6793,1
6794,2
6795,2
6796,1
6797,1
6798,1
6799,1
6800,1
6801,1
6802,1
6803,1
6804,1
6805,1
6806,1
6807,2
6808,1
6809,2
6810,1
6811,1
6812,1
6813,1
6814,1
6815,1
6816,1
6817,3
6818,2
6819,1
6820,1
6821,1
6822,2
6823,1
6824,1
6825,1
6826,1
6827,1
6828,2
6829,1
6830,1
6831,1
6832,1
6833,1
6834,1
6835,1
6836,1
6837,1
6838,1
6839,1
6840,1
6841,1
6842,1
6843,1
6844,1
6845,1
6846,1
6847,2
6848,1
6849,1
6850,1
6851,1
6852,1
6853,1
6854,1
6855,1
6856,1
6857,1
6858,1
6859,1
6860,1
6861,1
6862,2
6863,1
6864,1
6865,1
6866,1
6867,1
6868,1
6869,1
6870,1
6871,1
6872,1
6873,1
6874,1
6875,1
6876,1
6877,1
6878,3
6879,1
6880,2
6881,1
6882,1
6883,1
6884,1
6885,1
6886,1
6887,1
6888,1
6889,1
6890,1
6891,1
6892,1
6893,2
6894,1
6895,1
6896,1
6897,1
6898,1
6899,1
6900,1
6901,1
6902,1
6903,1
6904,1
6905,1
6906,1
6907,1
6908,2
6909,1
6910,2
6911,1
6912,1
6913,1
6914,1
6915,1
6916,1
6917,1
6918,1
6919,1
6920,1
6921,1
6922,1
6923,1
6924,1
6925,1
6926,1
6927,3
6928,1
6929,1
6930,1
6931,1
6932,1
6933,2
6934,1
6935,1
6936,1
6937,1
6938,1
6939,1
6940,1
6941,1
6942,1
6943,1
6944,1
6945,1
6946,1
6947,1
6948,1
6949,1
6950,1
6951,1
6952,1
6953,1
6954,1
6955,1
6956,1
6957,1
6958,1
6959,1
6960,1
6961,1
6962,1
6963,1
6964,1
6965,2
6966,1
6967,1
6968,1
6969,1
6970,1
6971,1
6972,1
6973,1
6974,1
6975,1
6976,1
6977,1
6978,1
6979,1
6980,1
6981,1
6982,2
6983,1
6984,1
6985,1
6986,1
6987,1
6988,2
6989,1
6990,1
6991,2
6992,1
6993,1
6994,2
6995,1
6996,1
6997,1
6998,1
6999,1
7000,1
7001,1
7002,1
7003,1
7004,1
7005,1
7006,2
7007,1
7008,1
7009,1
7010,1
7011,1
7012,2
7013,1
7014,2
7015,1
7016,1
7017,1
7018,2
7019,1
7020,1
7021,1
7022,1
7023,2
7024,1
7025,1
7026,1
7027,1
7028,1
7029,1
7030,1
7031,1
7032,3
7033,1
7034,1
7035,1
7036,1
7037,1
7038,1
7039,1
7040,3
7041,1
7042,2
7043,1
7044,1
7045,1
7046,1
7047,1
7048,1
7049,1
7050,1
7051,1
7052,2
7053,2
7054,1
7055,1
7056,1
7057,1
7058,1
7059,2
7060,1
7061,1
7062,1
7063,1
7064,1
7065,1
7066,1
7067,1
7068,1
7069,1
7070,1
7071,1
7072,2
7073,1
7074,1
7075,1
7076,1
7077,1
7078,1
7079,1
7080,1
7081,3
7082,1
7083,1
7084,1
7085,1
7086,1
7087,1
7088,1
7089,1
7090,1
7091,1
7092,1
7093,2
7094,1
7095,1
7096,3
7097,1
7098,1
7099,1
7100,1
7101,1
7102,1
7103,1
7104,2
7105,4
7106,1
7107,1
7108,1
7109,2
7110,1
7111,1
7112,1
7113,2
7114,1
7115,1
7116,1
7117,1
7118,1
7119,1
7120,1
7121,1
7122,1
7123,1
7124,1
7125,1
7126,1
7127,1
7128,1
7129,1
7130,1
7131,1
7132,1
7133,2
7134,1
7135,1
7136,1
7137,1
7138,1
7139,2
7140,1
7141,3
7142,1
7143,1
7144,1
7145,1
7146,2
7147,1
7148,1
7149,1
7150,1
7151,2
7152,1
7153,1
7154,2
7155,1
7156,1
7157,1
7158,1
7159,2
7160,1
7161,1
7162,1
7163,1
7164,1
7165,1
7166,1
7167,1
7168,1
7169,1
7170,1
7171,1
7172,1
7173,1
7174,1
7175,1
7176,1
7177,1
7178,1
7179,1
7180,1
7181,1
7182,1
7183,2
7184,1
7185,1
7186,1
7187,1
7188,1
7189,1
7190,1
7191,1
7192,1
7193,1
7194,1
7195,1
7196,1
7197,1
7198,1
7199,1
7200,1
7201,2
7202,1
7203,1
7204,1
7205,1
7206,1
7207,1
7208,1
7209,1
7210,1
7211,1
7212,2
7213,1
7214,1
7215,2
7216,1
7217,1
7218,1
7219,1
7220,1
7221,3
7222,1
7223,1
7224,1
7225,1
7226,1
7227,1
7228,1
7229,1
7230,1
7231,1
7232,1
7233,1
7234,1
7235,1
7236,1
7237,2
7238,1
7239,2
7240,1
7241,1
7242,1
7243,1
7244,2
7245,1
7246,1
7247,1
7248,1
7249,1
7250,1
7251,3
7252,1
7253,3
7254,1
7255,1
7256,1
7257,2
7258,1
7259,2
7260,1
7261,1
7262,2
7263,1
7264,1
7265,1
7266,2
7267,1
7268,1
7269,1
7270,1
7271,1
7272,1
7273,1
7274,1
7275,1
7276,1
7277,1
7278,2
7279,1
7280,1
7281,1
7282,1
7283,2
7284,1
7285,1
7286,1
7287,2
7288,1
7289,1
7290,1
7291,1
7292,1
7293,2
7294,1
7295,1
7296,1
7297,1
7298,1
7299,1
7300,1
7301,1
7302,1
7303,1
7304,1
7305,1
7306,1
7307,1
7308,3
7309,1
7310,1
7311,1
7312,1
7313,1
7314,1
7315,1
7316,1
7317,1
7318,1
7319,1
7320,2
7321,1
7322,1
7323,2
7324,1
7325,1
7326,1
7327,1
7328,2
7329,1
7330,1
7331,1
7332,2
7333,1
7334,2
7335,1
7336,1
7337,1
7338,2
7339,1
7340,2
7341,1
7342,1
7343,1
7344,1
7345,2
7346,1
7347,1
7348,2
7349,1
7350,1
7351,1
7352,1
7353,1
7354,1
7355,1
7356,1
7357,2
7358,2
7359,1
7360,1
7361,1
7362,1
7363,1
7364,1
7365,1
7366,1
7367,1
7368,2
7369,1
7370,1
7371,5
7372,1
7373,1
7374,1
7375,1
7376,2
7377,1
7378,1
7379,1
7380,1
7381,1
7382,1
7383,1
7384,1
7385,2
7386,1
7387,1
7388,1
7389,1
7390,1
7391,1
7392,2
7393,1
7394,1
7395,1
7396,1
7397,3
7398,1
7399,1
7400,1
7401,1
7402,1
7403,1
7404,1
7405,1
7406,2
7407,2
7408,1
7409,1
7410,1
7411,1
7412,1
7413,1
7414,1
7415,1
7416,1
7417,1
7418,1
7419,1
7420,1
7421,1
7422,2
7423,1
7424,1
7425,1
7426,1
7427,1
7428,1
7429,1
7430,1
7431,2
7432,1
7433,3
7434,1
7435,1
7436,1
7437,1
7438,3
7439,1
7440,1
7441,1
7442,1
7443,1
7444,2
7445,1
7446,1
7447,1
7448,1
7449,1
7450,1
7451,1
7452,1
7453,1
7454,1
7455,1
7456,1
7457,2
7458,1
7459,1
7460,1
7461,1
7462,1
7463,1
7464,1
7465,1
7466,1
7467,1
7468,1
7469,1
7470,1
7471,1
7472,1
7473,2
7474,1
7475,1
7476,1
7477,1
7478,1
7479,1
7480,1
7481,1
7482,1
7483,1
7484,1
7485,1
7486,1
7487,1
7488,1
7489,1
7490,1
7491,1
7492,1
7493,1
7494,2
7495,1
7496,1
7497,1
7498,1
7499,1
7500,1
7501,1
7502,2
7503,2
7504,1
7505,1
7506,2
7507,1
7508,1
7509,1
7510,2
7511,1
7512,1
7513,1
7514,1
7515,1
7516,1
7517,1
7518,1
7519,1
7520,1
7521,1
7522,1
7523,3
7524,1
7525,1
7526,1
7527,3
7528,1
7529,1
7530,1
7531,1
7532,1
7533,1
7534,1
7535,2
7536,1
7537,1
7538,1
7539,1
7540,1
7541,1
7542,1
7543,1
7544,1
7545,1
7546,1
7547,1
7548,1
7549,2
7550,1
7551,1
7552,3
7553,1
7554,1
7555,2
7556,1
7557,1
7558,1
7559,1
7560,1
7561,1
7562,1
7563,1
7564,1
7565,1
7566,1
7567,2
7568,1
7569,1
7570,1
7571,1
7572,1
7573,2
7574,1
7575,1
7576,1
7577,1
7578,1
7579,2
7580,1
7581,1
7582,1
7583,1
7584,1
7585,1
7586,1
7587,2
7588,1
7589,1
7590,2
7591,1
7592,1
7593,1
7594,2
7595,1
7596,1
7597,1
7598,1
7599,1
7600,1
7601,1
7602,1
7603,1
7604,2
7605,4
7606,1
7607,1
7608,1
7609,1
7610,1
7611,1
7612,1
7613,1
7614,1
7615,1
7616,1
7617,1
7618,1
7619,1
7620,1
7621,1
7622,1
7623,1
7624,2
7625,1
7626,1
7627,1
7628,1
7629,1
7630,1
7631,2
7632,2
7633,2
7634,1
7635,1
7636,1
7637,1
7638,1
7639,1
7640,1
7641,1
7642,1
7643,1
7644,1
7645,1
7646,1
7647,1
7648,1
7649,1
7650,1
7651,1
7652,1
7653,1
7654,2
7655,1
7656,1
7657,1
7658,1
7659,1
7660,1
7661,1
7662,1
7663,2
7664,1
7665,1
7666,1
7667,1
7668,1
7669,2
7670,1
7671,1
7672,1
7673,1
7674,1
7675,1
7676,1
7677,2
7678,1
7679,1
7680,1
7681,1
7682,1
7683,1
7684,1
7685,1
7686,1
7687,1
7688,1
7689,1
7690,1
7691,1
7692,1
7693,1
7694,1
7695,2
7696,1
7697,2
7698,2
7699,1
7700,1
7701,1
7702,1
7703,1
7704,1
7705,2
7706,1
7707,1
7708,1
7709,1
7710,1
7711,1
7712,1
7713,1
7714,1
7715,1
7716,1
7717,1
7718,1
7719,2
7720,4
7721,1
7722,1
7723,1
7724,1
7725,1
7726,1
7727,1
7728,1
7729,1
7730,2
7731,2
7732,1
7733,1
7734,1
7735,1
7736,2
7737,1
7738,1
7739,3
7740,1
7741,1
7742,1
7743,1
7744,1
7745,1
7746,1
7747,1
7748,1
7749,1
7750,1
7751,2
7752,1
7753,1
7754,1
7755,1
7756,2
7757,1
7758,1
7759,1
7760,1
7761,1
7762,1
7763,1
7764,2
7765,1
7766,1
7767,1
7768,1
7769,1
7770,1
7771,1
7772,1
7773,1
7774,1
7775,1
7776,2
7777,1
7778,1
7779,1
7780,1
7781,1
7782,1
7783,1
7784,1
7785,1
7786,1
7787,1
7788,2
7789,1
7790,1
7791,1
7792,1
7793,2
7794,1
7795,2
7796,1
7797,1
7798,1
7799,1
7800,1
7801,1
7802,1
7803,1
7804,2
7805,1
7806,1
7807,1
7808,1
7809,1
7810,1
7811,1
7812,2
7813,1
7814,2
7815,1
7816,1
7817,1
7818,1
7819,1
7820,1
7821,2
7822,1
7823,1
7824,1
7825,1
7826,2
7827,1
7828,2
7829,1
7830,1
7831,1
7832,1
7833,1
7834,1
7835,1
7836,1
7837,1
7838,1
7839,1
7840,1
7841,1
7842,1
7843,2
7844,1
7845,1
7846,1
7847,1
7848,3
7849,1
7850,1
7851,1
7852,1
7853,1
7854,2
7855,2
7856,1
7857,1
7858,1
7859,1
7860,1
7861,1
7862,1
7863,1
7864,1
7865,1
7866,1
7867,1
7868,1
7869,1
7870,1
7871,1
7872,1
7873,1
7874,1
7875,2
7876,1
7877,1
7878,1
7879,1
7880,2
7881,1
7882,3
7883,1
7884,1
7885,1
7886,1
7887,1
7888,1
7889,1
7890,1
7891,1
7892,1
7893,1
7894,2
7895,1
7896,2
7897,1
7898,1
7899,1
7900,1
7901,1
7902,1
7903,1
7904,1
7905,1
7906,1
7907,1
7908,1
7909,1
7910,1
7911,1
7912,1
7913,1
7914,1
7915,1
7916,1
7917,1
7918,1
7919,1
7920,1
7921,2
7922,1
7923,1
7924,1
7925,1
7926,1
7927,1
7928,1
7929,1
7930,1
7931,1
7932,1
7933,1
7934,1
7935,1
7936,1
7937,3
7938,1
7939,1
7940,1
7941,1
7942,1
7943,1
7944,1
7945,1
7946,1
7947,1
7948,1
7949,1
7950,1
7951,1
7952,1
7953,1
7954,2
7955,1
7956,1
7957,1
7958,1
7959,1
7960,1
7961,1
7962,1
7963,1
7964,1
7965,1
7966,1
7967,1
7968,1
7969,1
7970,1
7971,1
7972,1
7973,1
7974,1
7975,1
7976,1
7977,1
7978,1
7979,1
7980,1
7981,1
7982,1
7983,1
7984,1
7985,1
7986,1
7987,1
7988,1
7989,1
7990,1
7991,1
7992,1
7993,1
7994,1
7995,1
7996,1
7997,1
7998,1
7999,1
8000,2
8001,1
8002,1
8003,1
8004,1
8005,1
8006,1
8007,2
8008,1
8009,1
8010,1
8011,1
8012,1
8013,2
8014,1
8015,1
8016,1
8017,1
8018,1
8019,2
8020,1
8021,1
8022,1
8023,1
8024,1
8025,1
8026,1
8027,1
8028,1
8029,1
8030,2
8031,1
8032,1
8033,1
8034,1
8035,1
8036,1
8037,1
8038,1
8039,1
8040,1
8041,1
8042,1
8043,1
8044,1
8045,2
8046,1
8047,1
8048,1
8049,1
8050,1
8051,1
8052,1
8053,1
8054,1
8055,2
8056,1
8057,1
8058,1
8059,1
8060,1
8061,1
8062,1
8063,1
8064,1
8065,2
8066,1
8067,1
8068,1
8069,1
8070,1
8071,2
8072,1
8073,1
8074,1
8075,1
8076,1
8077,1
8078,2
8079,1
8080,1
8081,1
8082,1
8083,1
8084,1
8085,1
8086,1
8087,1
8088,1
8089,1
8090,1
8091,1
8092,1
8093,1
8094,2
8095,2
8096,1
8097,1
8098,1
8099,1
8100,1
8101,1
8102,1
8103,1
8104,2
8105,1
8106,1
8107,1
8108,2
8109,1
8110,1
8111,1
8112,1
8113,2
8114,1
8115,2
8116,1
8117,1
8118,1
8119,1
8120,1
8121,1
8122,1
8123,1
8124,1
8125,1
8126,1
8127,1
8128,1
8129,1
8130,1
8131,1
8132,1
8133,1
8134,1
8135,1
8136,1
8137,1
8138,2
8139,2
8140,1
8141,1
8142,1
8143,1
8144,1
8145,1
8146,1
8147,1
8148,2
8149,1
8150,1
8151,1
8152,1
8153,1
8154,1
8155,1
8156,1
8157,1
8158,1
8159,1
8160,1
8161,1
8162,1
8163,1
8164,1
8165,1
8166,1
8167,1
8168,1
8169,1
8170,1
8171,1
8172,1
8173,1
8174,1
8175,1
8176,2
8177,2
8178,1
8179,1
8180,1
8181,1
8182,1
8183,1
8184,1
8185,1
8186,1
8187,1
8188,1
8189,1
8190,1
8191,1
8192,1
8193,1
8194,1
8195,1
8196,1
8197,1
8198,1
8199,1
8200,1
8201,1
8202,1
8203,1
8204,1
8205,1
8206,1
8207,1
8208,1
8209,1
8210,1
8211,2
8212,1
8213,1
8214,1
8215,1
8216,1
8217,1
8218,1
8219,1
8220,2
8221,1
8222,1
8223,1
8224,1
8225,1
8226,1
8227,1
8228,1
8229,1
8230,1
8231,1
8232,1
8233,1
8234,1
8235,1
8236,1
8237,1
8238,1
8239,1
8240,1
8241,1
8242,1
8243,1
8244,1
8245,1
8246,1
8247,1
8248,1
8249,1
8250,1
8251,1
8252,1
8253,1
8254,1
8255,1
8256,1
8257,1
8258,1
8259,1
8260,1
8261,1
8262,1
8263,1
8264,1
8265,2
8266,1
8267,1
8268,2
8269,1
8270,1
8271,1
8272,1
8273,1
8274,1
8275,1
8276,1
8277,1
8278,1
8279,1
8280,1
8281,2
8282,1
8283,1
8284,1
8285,1
8286,1
8287,1
8288,1
8289,1
8290,1
8291,1
8292,1
8293,1
8294,1
8295,1
8296,1
8297,1
8298,1
8299,1
8300,1
8301,1
8302,1
8303,2
8304,1
8305,1
8306,2
8307,1
8308,1
8309,2
8310,1
8311,1
8312,1
8313,1
8314,1
8315,1
8316,1
8317,2
8318,1
8319,1
8320,1
8321,1
8322,1
8323,1
8324,1
8325,1
8326,1
8327,1
8328,1
8329,1
8330,1
8331,1
8332,1
8333,1
8334,1
8335,1
8336,1
8337,1
8338,1
8339,1
8340,1
8341,1
8342,1
8343,1
8344,1
8345,1
8346,1
8347,2
8348,1
8349,1
8350,1
8351,1
8352,1
8353,1
8354,1
8355,1
8356,1
8357,1
8358,1
8359,1
8360,1
8361,1
8362,1
8363,1
8364,1
8365,2
8366,1
8367,1
8368,1
8369,1
8370,1
8371,1
8372,1
8373,1
8374,1
8375,1
8376,2
8377,1
8378,1
8379,1
8380,1
8381,1
8382,1
8383,1
8384,1
8385,1
8386,1
8387,1
8388,1
8389,1
8390,1
8391,1
8392,1
8393,1
8394,1
8395,1
8396,1
8397,1
8398,2
8399,1
8400,1
8401,1
8402,1
8403,2
8404,1
8405,1
8406,2
8407,1
8408,1
8409,1
8410,1
8411,1
8412,1
8413,1
8414,2
8415,1
8416,1
8417,1
8418,1
8419,1
8420,1
8421,1
8422,1
8423,1
8424,1
8425,1
8426,1
8427,1
8428,1
8429,1
8430,1
8431,1
8432,1
8433,1
8434,1
8435,1
8436,1
8437,1
8438,1
8439,1
8440,1
8441,1
8442,1
8443,1
8444,1
8445,1
8446,1
8447,1
8448,1
8449,1
8450,1
8451,1
8452,1
8453,1
8454,2
8455,1
8456,1
8457,1
8458,1
8459,1
8460,1
8461,1
8462,1
8463,1
8464,1
8465,1
8466,1
8467,1
8468,1
8469,1
8470,1
8471,1
8472,1
8473,1
8474,1
8475,1
8476,1
8477,1
8478,1
8479,1
8480,1
8481,1
8482,1
8483,1
8484,1
8485,1
8486,1
8487,1
8488,1
8489,1
8490,1
8491,1
8492,1
8493,1
8494,1
8495,1
8496,1
8497,1
8498,1
8499,1
8500,1
8501,1
8502,1
8503,1
8504,1
8505,1
8506,1
8507,2
8508,1
8509,1
8510,1
8511,1
8512,2
8513,1
8514,1
8515,1
8516,1
8517,2
8518,1
8519,1
8520,1
8521,1
8522,1
8523,1
8524,1
8525,1
8526,1
8527,1
8528,2
8529,1
8530,1
8531,1
8532,1
8533,1
8534,1
8535,1
8536,2
8537,1
8538,1
8539,1
8540,1
8541,1
8542,1
8543,1
8544,1
8545,1
8546,1
8547,1
8548,1
8549,1
8550,1
8551,1
8552,1
8553,1
8554,1
8555,1
8556,1
8557,1
8558,1
8559,1
8560,1
8561,1
8562,1
8563,1
8564,1
8565,1
8566,1
8567,1
8568,1
8569,1
8570,1
8571,1
8572,1
8573,1
8574,1
8575,1
8576,1
8577,1
8578,1
8579,1
8580,1
8581,1
8582,1
8583,1
8584,1
8585,1
8586,1
8587,2
8588,1
8589,1
8590,1
8591,1
8592,1
8593,1
8594,1
8595,1
8596,1
8597,1
8598,1
8599,1
8600,1
8601,1
8602,1
8603,1
8604,1
8605,1
8606,1
8607,1
8608,1
8609,1
8610,1
8611,1
8612,1
8613,1
8614,1
8615,1
8616,1
8617,1
8618,1
8619,1
8620,1
8621,1
8622,1
8623,1
8624,1
8625,1
8626,1
8627,1
8628,1
8629,1
8630,1
8631,1
8632,1
8633,1
8634,2
8635,1
8636,1
8637,1
8638,1
8639,1
8640,1
8641,1
8642,1
8643,1
8644,1
8645,1
8646,1
8647,1
8648,1
8649,1
8650,1
8651,1
8652,1
8653,2
8654,1
8655,1
8656,1
8657,1
8658,1
8659,1
8660,1
8661,1
8662,1
8663,2
8664,1
8665,1
8666,1
8667,1
8668,1
8669,1
8670,2
8671,1
8672,1
8673,1
8674,1
8675,1
8676,1
8677,1
8678,1
8679,1
8680,1
8681,1
8682,1
8683,1
8684,2
8685,2
8686,1
8687,1
8688,1
8689,1
8690,1
8691,1
8692,1
8693,1
8694,1
8695,1
8696,1
8697,1
8698,1
8699,1
8700,1
8701,1
8702,1
8703,2
8704,1
8705,1
8706,1
8707,1
8708,1
8709,1
8710,1
8711,1
8712,1
8713,1
8714,1
8715,1
8716,1
8717,1
8718,1
8719,1
8720,1
8721,1
8722,1
8723,1
8724,1
8725,1
8726,1
8727,1
8728,1
8729,1
8730,1
8731,1
8732,1
8733,1
8734,1
8735,1
8736,1
8737,1
8738,1
8739,1
8740,2
8741,1
8742,1
8743,1
8744,1
8745,1
8746,1
8747,1
8748,1
8749,1
8750,2
8751,1
8752,1
8753,1
8754,1
8755,1
8756,1
8757,1
8758,1
8759,1
8760,1
8761,1
8762,1
8763,1
8764,1
8765,1
8766,1
8767,1
8768,1
8769,1
8770,1
8771,1
8772,1
8773,1
8774,1
8775,1
8776,2
8777,1
8778,1
8779,1
8780,1
8781,1
8782,1
8783,1
8784,1
8785,1
8786,1
8787,1
8788,1
8789,1
8790,1
8791,1
8792,1
8793,1
8794,1
8795,1
8796,1
8797,1
8798,1
8799,1
8800,1
8801,1
8802,1
8803,1
8804,1
8805,1
8806,1
8807,1
8808,1
8809,1
8810,1
8811,1
8812,1
8813,1
8814,1
8815,1
8816,1
8817,1
8818,1
8819,1
8820,1
8821,1
8822,1
8823,1
8824,1
8825,2
8826,1
8827,1
8828,1
8829,1
8830,1
8831,1
8832,1
8833,1
8834,1
8835,1
8836,1
8837,1
8838,1
8839,1
8840,1
8841,1
8842,1
8843,1
8844,1
8845,1
8846,1
8847,1
8848,1
8849,1
8850,1
8851,1
8852,1
8853,2
8854,1
8855,1
8856,1
8857,2
8858,1
8859,1
8860,1
8861,1
8862,1
8863,1
8864,1
8865,1
8866,2
8867,1
8868,1
8869,1
8870,1
8871,1
8872,1
8873,1
8874,1
8875,1
8876,1
8877,2
8878,1
8879,1
8880,1
8881,1
8882,1
8883,1
8884,1
8885,1
8886,1
8887,1
8888,1
8889,1
8890,1
8891,1
8892,1
8893,1
8894,1
8895,1
8896,1
8897,1
8898,1
8899,2
8900,1
8901,1
8902,1
8903,1
8904,2
8905,1
8906,1
8907,1
8908,1
8909,1
8910,1
8911,1
8912,1
8913,1
8914,1
8915,1
8916,1
8917,1
8918,1
8919,1
8920,1
8921,1
8922,1
8923,1
8924,1
8925,2
8926,1
8927,1
8928,1
8929,1
8930,1
8931,1
8932,1
8933,1
8934,1
8935,1
8936,1
8937,1
8938,1
8939,1
8940,1
8941,1
8942,1
8943,1
8944,1
8945,1
8946,1
8947,1
8948,1
8949,1
8950,1
8951,1
8952,1
8953,2
8954,1
8955,1
8956,1
8957,1
8958,1
8959,1
8960,1
8961,1
8962,1
8963,1
8964,1
8965,1
8966,1
8967,1
8968,1
8969,1
8970,1
8971,1
8972,1
8973,1
8974,1
8975,1
8976,1
8977,1
8978,1
8979,1
8980,1
8981,1
8982,1
8983,1
8984,2
8985,2
8986,1
8987,1
8988,1
8989,1
8990,1
8991,1
8992,1
8993,1
8994,1
8995,1
8996,1
8997,1
8998,1
8999,1
9000,1
9001,2
9002,1
9003,1
9004,1
9005,1
9006,1
9007,1
9008,2
9009,1
9010,1
9011,1
9012,1
9013,1
9014,1
9015,1
9016,1
9017,1
9018,1
9019,1
9020,1
9021,1
9022,1
9023,1
9024,1
9025,1
9026,1
9027,1
9028,1
9029,1
9030,1
9031,1
9032,1
9033,1
9034,1
9035,1
9036,1
9037,1
9038,1
9039,1
9040,2
9041,1
9042,1
9043,1
9044,1
9045,1
9046,1
9047,1
9048,1
9049,1
9050,1
9051,1
9052,1
9053,1
9054,1
9055,1
9056,1
9057,1
9058,1
9059,1
9060,1
9061,1
9062,1
9063,1
9064,1
9065,1
9066,1
9067,1
9068,1
9069,1
9070,1
9071,1
9072,1
9073,1
9074,1
9075,1
9076,1
9077,1
9078,1
9079,1
9080,1
9081,1
9082,1
9083,1
9084,1
9085,1
9086,1
9087,2
9088,1
9089,1
9090,1
9091,1
9092,1
9093,1
9094,1
9095,1
9096,1
9097,1
9098,1
9099,1
9100,1
9101,1
9102,1
9103,1
9104,1
9105,1
9106,1
9107,1
9108,1
9109,1
9110,1
9111,1
9112,1
9113,1
9114,1
9115,1
9116,1
9117,1
9118,1
9119,1
9120,1
9121,1
9122,1
9123,1
9124,1
9125,1
9126,1
9127,1
9128,2
9129,1
9130,1
9131,1
9132,1
9133,1
9134,1
9135,1
9136,1
9137,1
9138,1
9139,1
9140,1
9141,2
9142,1
9143,1
9144,1
9145,1
9146,1
9147,1
9148,1
9149,1
9150,1
9151,1
9152,1
9153,1
9154,1
9155,1
9156,1
9157,1
9158,1
9159,1
9160,1
9161,1
9162,1
9163,1
9164,1
9165,1
9166,1
9167,1
9168,1
9169,1
9170,1
9171,1
9172,1
9173,1
9174,1
9175,1
9176,1
9177,1
9178,1
9179,1
9180,1
9181,1
9182,1
9183,1
9184,1
9185,1
9186,1
9187,1
9188,1
9189,1
9190,1
9191,1
9192,1
9193,1
9194,1
9195,1
9196,1
9197,1
9198,1
9199,2
9200,1
9201,1
9202,1
9203,1
9204,1
9205,1
9206,1
9207,1
9208,1
9209,1
9210,1
9211,1
9212,1
9213,1
9214,1
9215,1
9216,1
9217,1
9218,1
9219,1
9220,1
9221,1
9222,1
9223,1
9224,1
9225,1
9226,1
9227,1
9228,1
9229,1
9230,1
9231,1
9232,1
9233,1
9234,1
9235,1
9236,1
9237,1
9238,1
9239,1
9240,1
9241,1
9242,1
9243,1
9244,1
9245,2
9246,1
9247,1
9248,1
9249,1
9250,1
9251,1
9252,1
9253,1
9254,1
9255,1
9256,1
9257,1
9258,1
9259,1
9260,1
9261,1
9262,1
9263,1
9264,1
9265,1
9266,1
9267,1
9268,1
9269,1
9270,1
9271,1
9272,1
9273,1
9274,1
9275,1
9276,1
9277,1
9278,1
9279,1
9280,1
9281,1
9282,1
9283,1
9284,1
9285,1
9286,1
9287,1
9288,2
9289,1
9290,1
9291,1
9292,1
9293,1
9294,1
9295,1
9296,1
9297,1
9298,1
9299,1
9300,1
9301,1
9302,1
9303,1
9304,1
9305,1
9306,1
9307,1
9308,1
9309,2
9310,1
9311,1
9312,1
9313,1
9314,1
9315,1
9316,1
9317,1
9318,2
9319,1
9320,1
9321,1
9322,1
9323,1
9324,1
9325,1
9326,1
9327,1
9328,1
9329,1
9330,1
9331,1
9332,1
9333,1
9334,1
9335,1
9336,1
9337,1
9338,1
9339,1
9340,1
9341,1
9342,1
9343,1
9344,1
9345,1
9346,2
9347,1
9348,1
9349,1
9350,1
9351,2
9352,1
9353,1
9354,1
9355,1
9356,1
9357,1
9358,1
9359,1
9360,1
9361,1
9362,1
9363,1
9364,1
9365,1
9366,1
9367,2
9368,1
9369,1
9370,1
9371,1
9372,1
9373,1
9374,1
9375,1
9376,1
9377,1
9378,1
9379,1
9380,1
9381,1
9382,1
9383,1
9384,1
9385,1
9386,1
9387,1
9388,1
9389,1
9390,1
9391,1
9392,1
9393,1
9394,1
9395,1
9396,1
9397,1
9398,1
9399,1
9400,1
9401,1
9402,1
9403,1
9404,1
9405,1
9406,1
9407,1
9408,1
9409,1
9410,1
9411,1
9412,1
9413,1
9414,1
9415,1
9416,1
9417,1
9418,1
9419,1
9420,1
9421,1
9422,1
9423,1
9424,1
9425,1
9426,1
9427,1
9428,1
9429,1
9430,1
9431,1
9432,1
9433,1
9434,1
9435,1
9436,1
9437,1
9438,1
9439,1
9440,1
9441,1
9442,1
9443,1
9444,1
9445,1
9446,1
9447,1
9448,1
9449,1
9450,1
9451,1
9452,1
9453,1
9454,1
9455,1
9456,1
9457,1
9458,1
9459,1
9460,1
9461,1
9462,1
9463,1
9464,1
9465,1
9466,1
9467,1
9468,1
9469,1
9470,1
9471,1
9472,1
9473,1
9474,1
9475,1
9476,1
9477,1
9478,1
9479,1
9480,1
9481,1
9482,1
9483,1
9484,1
9485,1
9486,1
9487,1
9488,1
9489,1
9490,1
9491,1
9492,1
9493,2
9494,1
9495,1
9496,1
9497,1
9498,1
9499,1
9500,1
9501,1
9502,1
9503,1
9504,1
9505,1
9506,1
9507,1
9508,1
9509,1
9510,1
9511,1
9512,1
9513,1
9514,1
9515,1
9516,1
9517,2
9518,1
9519,1
9520,1
9521,1
9522,1
9523,1
9524,1
9525,1
9526,1
9527,1
9528,1
9529,1
9530,1
9531,2
9532,1
9533,1
9534,1
9535,1
9536,1
9537,1
9538,1
9539,1
9540,1
9541,1
9542,1
9543,1
9544,1
9545,1
9546,1
9547,1
9548,1
9549,1
9550,1
9551,1
9552,1
9553,1
9554,1
9555,1
9556,1
9557,1
9558,1
9559,1
9560,1
9561,1
9562,1
9563,1
9564,1
9565,1
9566,1
9567,1
9568,1
9569,1
9570,1
9571,1
9572,1
9573,1
9574,1
9575,1
9576,1
9577,1
9578,1
9579,1
9580,1
9581,1
9582,1
9583,1
9584,1
9585,1
9586,1
9587,1
9588,1
9589,2
9590,1
9591,1
9592,1
9593,1
9594,1
9595,1
9596,1
9597,1
9598,1
9599,1
9600,1
9601,1
9602,1
9603,1
9604,1
9605,1
9606,1
9607,1
9608,1
9609,1
9610,1
9611,1
9612,1
9613,1
9614,1
9615,1
9616,1
9617,1
9618,1
9619,1
9620,1
9621,1
9622,1
9623,1
9624,1
9625,1
9626,1
9627,1
9628,1
9629,1
9630,1
9631,1
9632,1
9633,1
9634,1
9635,1
9636,1
9637,1
9638,1
9639,1
9640,1
9641,1
9642,1
9643,1
9644,1
9645,1
9646,1
9647,1
9648,1
9649,1
9650,1
9651,1
9652,1
9653,1
9654,1
9655,1
9656,1
9657,1
9658,1
9659,1
9660,1
9661,1
9662,1
9663,1
9664,1
9665,1
9666,1
9667,1
9668,1
9669,1
9670,1
9671,1
9672,1
9673,1
9674,1
9675,1
9676,1
9677,1
9678,1
9679,1
9680,1
9681,1
9682,1
9683,1
9684,1
9685,1
9686,1
9687,1
9688,1
9689,1
9690,1
9691,1
9692,1
9693,1
9694,1
9695,1
9696,1
9697,1
9698,1
9699,1
9700,1
9701,1
9702,1
9703,1
9704,1
9705,1
9706,1
9707,1
9708,1
9709,1
9710,1
9711,1
9712,1
9713,1
9714,1
9715,1
9716,1
9717,1
9718,1
9719,1
9720,1
9721,1
9722,1
9723,1
9724,1
9725,1
9726,1
9727,1
9728,1
9729,1
9730,1
9731,1
9732,1
9733,1
9734,2
9735,1
9736,1
9737,1
9738,1
9739,1
9740,1
9741,1
9742,1
9743,1
9744,1
9745,1
9746,1
9747,1
9748,1
9749,1
9750,1
9751,1
9752,1
9753,1
9754,1
9755,1
9756,1
9757,1
9758,1
9759,1
9760,1
9761,1
9762,1
9763,1
9764,1
9765,1
9766,1
9767,1
9768,1
9769,1
9770,1
9771,1
9772,1
9773,1
9774,1
9775,1
9776,1
9777,1
9778,1
9779,1
9780,1
9781,1
9782,1
9783,1
9784,1
9785,1
9786,1
9787,1
9788,1
9789,1
9790,1
9791,1
9792,1
9793,1
9794,1
9795,1
9796,1
9797,1
9798,1
9799,1
9800,1
9801,1
9802,1
9803,1
