3847466,2
3847461,1
3847709,1
3847707,2
742163,1
4702601,1
3849519,1
781014,4
3847799,1
3847798,1
3847069,2
780882,6
4306542,1
3847791,2
3847793,1
3847850,0
3847065,2
3845622,1
779461,1
629827,3
3846758,2
780973,0
74018,2
1041132,0
4228760,1
3847081,1
3612522,1
3612523,1
3612521,2
3612526,1
3612527,1
3612524,1
3612525,1
3846367,1
775539,0
3845366,1
3845367,2
3612486,2
3847665,2
2878851,1
6156182,1
4156134,1
4237058,2
3847660,2
3847663,1
4880637,1
781058,1
3847226,2
779689,3
4322465,1
780170,2
780911,2
780910,12
3847937,2
3845220,1
779681,2
5337348,1
780673,1
4954226,0
3848077,2
780859,1
779044,1
3854620,2
780982,0
780983,3
780980,0
780981,1
780986,4
780987,0
780984,1
780985,4
5080455,2
744910,3
1080538,2
780989,3
3846684,1
3846686,2
3846687,2
3612556,1
3612555,1
3612554,1
3612553,1
3612551,2
2893701,2
4311247,2
3612412,1
3612559,1
3612411,1
778234,10
780934,1
3847297,2
778481,0
779635,3
3847803,2
3612911,2
3845143,1
3846185,2
3846180,2
5900032,2
578371,0
3846915,1
774666,0
3847580,2
3846911,2
780325,4
751352,2
774700,0
5033185,2
780694,1
780691,1
780756,2
3613659,1
4320252,1
3846223,2
3847891,1
3847519,2
3847514,2
778850,0
3848310,2
3027541,0
779709,1
3848316,1
3848319,1
6238121,1
4248327,2
5014717,1
654331,1
493297,2
3845851,1
3845855,2
3846838,2
3848257,1
781039,1
781038,25
5373295,1
3754195,0
781031,1
781030,1
781033,0
781032,0
781035,2
781034,1
781037,0
781036,0
3847036,2
3847030,2
2891030,2
3846682,2
5193667,1
777819,2
2902857,1
3846489,2
3849033,1
780038,3
3849138,1
780137,3
5409612,1
271154,1
3846131,2
4332439,1
3846139,2
159054,1
3610478,0
3612454,1
3612455,1
4464075,2
3612458,1
3846032,2
3612518,1
4318514,2
3612513,1
3612512,1
3612510,1
3612516,2
780960,0
780961,0
780962,3
780624,5
780964,0
780965,0
780966,0
780967,0
780968,0
780969,2
3610499,0
3938458,2
780148,1
5254781,2
778886,2
3612461,1
780140,2
565146,1
368407,2
780777,0
3846566,2
3845188,0
3847230,2
3845679,2
780816,6
780817,4
4310370,1
3845670,1
3846811,1
3846810,1
3845005,1
3846814,1
1580815,1
5195716,2
780713,0
780499,2
3846264,1
778204,1
780718,1
3847552,2
3846166,2
3583902,0
3847559,2
3847491,2
3847495,1
3879612,1
4293032,1
3612577,2
53494,1
3847770,2
3847777,2
780567,1
781071,1
781070,1
3848962,1
780764,1
4273295,2
780763,1
3847483,2
3847789,2
3847171,1
735427,2
3846355,1
3847175,2
3847176,2
3848845,1
689732,4
3612528,1
3847605,2
779751,0
780906,3
5011158,1
780963,0
777219,20
3846176,2
2904630,1
5173243,2
3612499,2
781040,3
781041,8
781042,0
781043,1
781044,0
781045,0
781046,6
781047,1
781048,3
781049,0
4237523,2
3846370,1
4282092,1
3847673,2
3847670,2
779264,0
753201,1
3847677,2
3847652,1
169881,2
3848145,1
5190850,2
3848141,1
3849004,1
4281132,2
3849009,1
3845234,1
780665,2
780840,3
779520,1
4220721,1
4920,1
780062,1
780991,0
780990,0
780993,0
780992,4
780995,0
780994,0
780997,1
780996,0
780999,9
780998,5
773131,1
781011,2
736016,1
3612544,1
3844847,0
3612547,2
781083,1
3612541,2
3612463,1
732317,3
3612393,1
3612467,1
3612549,1
5370004,1
5649924,1
781026,1
3612587,2
3847819,1
3844934,1
3847954,1
780612,2
3846780,1
3846782,1
3848544,1
4234056,1
3847219,2
4309374,2
780195,0
4257556,1
2907342,1
4311342,2
4296387,2
3846193,2
780676,15
4253851,2
4281813,1
4290487,2
780335,1
64334,1
780179,2
2907455,1
5104,6
3668148,0
3846551,2
3847690,1
780688,2
780725,9
5844767,1
714860,1
3847725,1
3847649,2
3847727,1
2899794,2
3848325,1
3847642,1
779710,1
3847646,2
781004,1
781005,1
781006,5
10476,0
781000,0
781001,4
781002,7
3846337,1
676085,1
780043,8
781008,0
781009,0
4295284,2
3612607,1
3612606,1
2900859,2
4321165,1
3612609,1
4292752,1
3847008,2
5385332,1
3848930,1
779406,1
4263032,1
5111354,1
5343177,1
773171,3
777372,0
5490819,1
6311368,1
3846381,2
405661,2
723282,1
3612508,1
3846680,2
3612500,1
2906063,2
3847158,1
780988,0
224319,4
284764,0
780799,7
780979,7
780978,2
2893269,1
3844822,0
780975,0
780974,6
780797,1
780972,2
29598,10
780879,3
780095,2
631859,1
780159,4
635931,1
106788,11
4115851,0
3612435,1
3612436,1
3846095,2
3612433,1
3612439,1
3845760,2
3845014,1
3846129,1
3612418,1
5928398,2
4292544,1
3845018,2
780488,0
780274,1
3847167,2
3846295,1
3847823,2
3847541,2
780881,3
3848751,1
3845848,2
4292948,2
3845689,1
5010399,2
4266020,1
4752960,2
3613902,1
712530,8
4315587,1
3847768,1
3612462,2
781017,0
4322561,1
3847767,2
780573,2
5133382,2
5264508,2
3846206,0
780776,1
3846200,2
3847040,2
4170021,1
3847723,2
4302956,2
3847160,2
781066,1
3846863,1
3848372,1
3846638,2
3612534,1
649824,1
3846630,2
779444,2
3612388,1
780977,1
781296,1
781063,2
781060,6
780500,12
3847192,1
781057,1
781056,2
781055,2
781054,0
781053,0
781052,0
781051,6
781050,0
2895966,1
779202,0
780976,2
62691,5
3846010,1
3847686,1
3846501,2
4313637,1
3612539,1
5087013,1
4322974,2
579240,4
741291,2
3847874,2
5335672,2
3612386,1
3612385,1
3612382,2
3612383,1
3612380,1
3845681,1
4296300,1
3848986,1
4289941,2
3612389,2
3612571,1
3845338,1
3612573,1
3612572,1
3612575,2
2910171,1
5688469,1
3612471,1
3612473,1
4682046,2
3846733,2
3845336,1
3847860,1
780942,0
780943,1
3847864,2
4295362,1
4293195,1
3847729,1
147470,0
2907677,1
779657,1
5820727,1
3847229,2
781059,21
3612592,1
665316,1
4885994,1
3847222,2
3846341,2
776258,1
780282,0
3847750,1
780935,1
780286,5
5480308,2
3845903,1
778170,2
780971,0
781003,3
781080,1
738229,1
781128,1
5184524,1
648599,1
780739,1
3846560,2
3848722,1
3844996,1
4271868,2
780970,0
780730,1
3844998,1
2891596,2
3846245,2
3846840,2
710671,0
773445,2
5225031,1
777535,0
780528,1
3847715,2
4225607,1
604244,2
781013,8
781012,27
3612582,1
781010,0
3612584,2
781016,0
781015,4
5077960,1
3612588,3
3612589,0
781019,1
781018,1
3612590,1
3991948,1
3612617,1
727888,3
5071933,1
780429,1
4320342,1
733029,2
3847154,2
3847681,2
701464,0
4252369,2
4293229,1
3852360,2
3618574,1
3846269,1
601548,1
3845488,1
3846747,1
6202816,2
3846155,1
4593505,2
3846159,1
3847235,2
4861786,1
779692,1
3847001,2
781064,2
781065,3
781062,1
3612530,1
3612533,2
781061,1
780883,1
3845374,2
4280054,2
3846015,2
689312,2
3612537,2
4311966,0
3848528,2
2883153,1
780641,1
780908,1
780902,0
780903,2
741152,1
3848510,1
3612594,2
779538,1
780164,3
780165,1
3846212,2
3848194,0
3845890,2
4318401,2
4260739,1
3846085,2
3845715,1
3845021,0
3845023,1
3845025,1
3847283,2
4853925,1
2907195,1
4276232,2
780268,3
4252803,1
3846287,1
3846528,2
3847833,2
3847276,2
3847274,2
779591,0
3847270,2
3846449,2
4254589,1
652266,2
5035211,1
3847278,2
3845627,1
4423034,2
777991,2
3845151,0
3845099,1
3845095,2
5299574,2
3612419,1
4274441,1
4236922,2
4313864,1
3847265,2
3846088,2
4449630,2
3612532,1
3847455,2
3847599,1
2882065,1
738279,1
781007,0
780583,1
4323734,0
3846143,2
776970,5
780747,1
5104238,2
4260601,1
6080581,1
2889778,2
3846784,2
4953303,1
5249149,1
3848307,1
3847627,2
3846622,2
3846602,2
3846624,2
4268123,1
781431,1
781067,1
4900425,2
4228304,1
3846221,2
4269599,2
3846052,1
781028,3
781029,1
3845535,2
781022,0
781023,0
781020,0
781021,2
5028480,1
781027,2
781024,0
781025,0
3847755,2
3847026,2
3847022,2
580301,1
3847759,1
4308268,1
4879555,1
779011,0
5013985,2
4216895,1
3846496,1
3846659,2
3612578,1
3612445,1
3612446,1
3612440,2
3612443,1
3846123,1
3612449,0
5046204,2
780932,3
3848091,1
3848096,2
3612562,1
3612560,1
780955,1
780954,3
780956,2
780951,1
2890522,1
4277712,2
780229,1
780959,0
780958,0
1172406,0
780387,1
1656300,2
3846407,1
3846404,1
3846173,1
3848139,2
2879255,1
3847238,2
4845829,1
3847837,2
4319345,2
780941,1
3612922,1
3847831,2
2893980,2
3612390,0
3845191,1
2888123,1
2890506,1
742445,0
2906674,1
4312549,1
781090,1
781095,1
781094,1
4315919,1
3847272,1
3573730,0
780310,0
2891662,1
743905,1
3612503,1
3846577,2
5014691,2
3846479,2
3612505,1
2525854,1
4270091,2
212703,1
3847240,2
3847242,1
5031584,2
