3655210,50.0
4025617,50.0
4025614,50.0
4043721,50.0
4025610,50.0
4770147,50.0
782353,100.0
4047505,50.0
780553,150.0
3931356,50.0
3655282,50.0
3655283,50.0
4025668,50.0
3655287,50.0
4025105,50.0
6326687,50.0
3655288,50.0
4025661,50.0
627593,200.0
4043755,50.0
4047115,50.0
4025338,50.0
4025684,50.0
5884846,50.0
4025722,50.0
4025724,50.0
3655147,50.0
3655146,50.0
3655141,50.0
3655143,50.0
4041506,50.0
2092656,50.0
775436,500.0
4045555,50.0
5681290,50.0
4725670,50.0
3655186,50.0
4025532,50.0
4025530,50.0
4025652,50.0
746623,50.0
4044631,50.0
3909462,50.0
4046940,50.0
4026077,50.0
4026856,50.0
3654862,50.0
3654867,50.0
3654866,50.0
3654868,50.0
5379577,50.0
4043911,50.0
4026459,50.0
1215078,50.0
716437,450.0
634731,50.0
3829455,50.0
5685590,50.0
3655246,50.0
3655244,50.0
3655242,50.0
4025808,50.0
3943873,50.0
3655248,50.0
782386,50.0
5664133,50.0
4048237,50.0
782388,900.0
782389,50.0
4044086,50.0
3936675,50.0
4040819,50.0
716564,550.0
870756,50.0
3655189,50.0
3655188,50.0
3655020,50.0
3655021,50.0
3655181,50.0
3655180,50.0
3655183,50.0
3655029,50.0
3655185,50.0
3655184,50.0
3655187,50.0
4041461,50.0
4025876,50.0
4025664,50.0
4043769,50.0
4025658,50.0
4025797,50.0
4025794,50.0
3654890,50.0
3654891,50.0
3654892,50.0
3654895,50.0
3654896,50.0
3654897,50.0
3654898,50.0
3654899,50.0
4025771,50.0
4025773,50.0
4026313,50.0
3945229,50.0
3655052,50.0
3655114,50.0
636424,50.0
4026815,50.0
4026133,50.0
4026425,50.0
4043210,50.0
3654948,50.0
3654949,50.0
3654944,50.0
3654942,50.0
3654943,50.0
3654940,50.0
3654941,50.0
3929012,50.0
3915580,50.0
4047585,50.0
3943937,50.0
583180,300.0
3655208,50.0
5804078,50.0
3655202,50.0
3655203,50.0
3655201,50.0
3655204,50.0
3655205,50.0
4044362,50.0
4025604,50.0
3929160,50.0
4025280,50.0
655614,50.0
4041399,50.0
4025288,50.0
1543673,50.0
4025115,50.0
3655279,50.0
3655278,50.0
3655277,50.0
3655276,50.0
3655275,50.0
3655273,50.0
3655272,50.0
3655271,50.0
4025304,50.0
4944104,50.0
4025738,50.0
4025732,50.0
4025735,50.0
3655152,50.0
3655153,50.0
3655151,50.0
3655154,50.0
3655158,50.0
3655159,50.0
3655019,50.0
4047954,50.0
4026910,50.0
3654902,50.0
3654906,50.0
3654907,50.0
3654904,50.0
3654908,50.0
3654909,50.0
4047636,50.0
3943594,50.0
4026183,50.0
4026161,50.0
782341,50.0
3349067,50.0
3654977,50.0
3654975,50.0
3654971,50.0
3654978,50.0
4026501,50.0
4025086,50.0
3932842,50.0
5397717,50.0
64334,50.0
4044516,50.0
3655232,50.0
5692194,50.0
2273940,50.0
3655196,50.0
3655197,50.0
3655194,50.0
4046068,50.0
3655190,50.0
3655198,50.0
3655199,50.0
4041419,50.0
3930174,50.0
4025643,50.0
4025646,50.0
4025649,50.0
3655293,50.0
4025468,50.0
4025740,50.0
4025748,50.0
4024982,50.0
3655044,50.0
3655169,50.0
3655168,50.0
3655161,50.0
3655167,50.0
3655164,50.0
4026129,50.0
781879,550.0
781878,550.0
4045675,50.0
4026123,50.0
4026124,50.0
4026126,50.0
631859,100.0
4025518,50.0
3946364,50.0
3654939,50.0
3654933,50.0
3654931,50.0
3654930,50.0
3654937,50.0
3654936,50.0
3654935,50.0
3654934,50.0
4043808,50.0
4026051,50.0
4046532,50.0
4046927,50.0
3936332,50.0
3655195,50.0
3940774,50.0
4042681,50.0
4044250,50.0
6061458,50.0
4025630,50.0
4040863,50.0
4025636,50.0
4046403,50.0
3655095,50.0
3655094,50.0
4025252,50.0
3655268,50.0
4043638,50.0
3655267,50.0
3655260,50.0
3655261,50.0
3655262,50.0
4025257,50.0
4025255,50.0
4025700,50.0
5343339,50.0
3654980,50.0
3655008,50.0
3655009,50.0
4025229,50.0
4026900,50.0
778555,850.0
4047628,50.0
3932995,50.0
4884311,50.0
633864,50.0
3655137,50.0
3655133,50.0
3655138,50.0
3655139,50.0
620812,50.0
4026876,50.0
620141,50.0
4044619,50.0
4026872,50.0
4047711,50.0
4041055,50.0
4047362,50.0
4040501,50.0
3654966,50.0
3654967,50.0
3654960,50.0
3654961,50.0
3654962,50.0
3654963,50.0
4026089,50.0
3654969,50.0
4043834,50.0
3107620,50.0
720991,50.0
4046919,50.0
3655224,50.0
3655225,50.0
3655227,50.0
3655228,50.0
4026110,50.0
643474,50.0
4025218,50.0
3654950,50.0
4025213,50.0
3936056,50.0
4044003,50.0
4041405,50.0
3195182,50.0
4047106,50.0
4025320,50.0
4047845,50.0
4025696,50.0
4025693,50.0
4025754,50.0
4025752,50.0
4025750,50.0
3932040,50.0
6007695,50.0
3655178,50.0
3655179,50.0
3655073,50.0
3655077,50.0
3655079,50.0
3655078,50.0
3655173,50.0
3655174,50.0
3655175,50.0
3655177,50.0
4862015,50.0
4025523,50.0
3654929,50.0
3654924,50.0
3654927,50.0
4026209,50.0
640624,50.0
4044234,50.0
3403502,50.0
4047447,50.0
3654857,50.0
4042699,50.0
3654858,50.0
4026442,50.0
4026446,50.0
4026112,50.0
4026119,50.0
5579271,50.0
4044288,50.0
3928590,50.0
4025810,50.0
4041139,50.0
4025030,50.0
3655252,50.0
3925209,50.0
3916235,50.0
3655256,50.0
4025713,50.0
4025710,50.0
4025247,50.0
4025241,50.0
4025243,50.0
4025719,50.0
4025496,50.0
4042330,50.0
716573,50.0
377263,250.0
3655035,50.0
3655030,50.0
661002,50.0
3929589,50.0
4025626,50.0
4048034,50.0
4025784,50.0
4025780,50.0
4025025,50.0
3654887,50.0
3654888,50.0
4025767,50.0
4025765,50.0
4025764,50.0
4047091,50.0
4025761,50.0
4047152,50.0
637126,50.0
4026149,50.0
4026145,50.0
4026142,50.0
4044376,50.0
4044348,50.0
4026091,50.0
3654953,50.0
3654954,50.0
3654956,50.0
4026098,50.0
3654958,50.0
4026155,50.0
4025068,50.0
4025064,50.0
4025060,50.0
4040402,50.0
4047574,50.0
3976157,50.0
4042664,50.0
3655215,50.0
3655217,50.0
3655216,50.0
4716218,50.0
4026895,50.0
3655213,50.0
4026025,50.0
4026024,50.0
