0,2
1,2
2,1
3,1
4,1
5,3
6,2
7,1
8,2
9,0
10,3
11,3
12,1
13,0
14,1
15,1
16,2
17,2
18,1
19,1
20,2
21,1
22,1
23,0
24,0
25,1
26,0
27,2
28,0
29,4
30,1
31,1
32,3
33,2
34,4
35,1
36,0
37,2
38,0
39,2
40,1
41,2
42,2
43,0
44,2
45,2
46,1
47,4
48,5
49,2
50,1
51,2
52,0
53,2
54,1
55,2
56,3
57,1
58,0
59,1
60,1
61,1
62,2
63,0
64,1
65,3
66,2
67,4
68,1
69,1
70,4
71,0
72,0
73,1
74,3
75,2
76,1
77,0
78,0
79,1
80,1
81,4
82,1
83,3
84,1
85,2
86,2
87,2
88,1
89,3
90,1
91,1
92,5
93,1
94,0
95,1
96,1
97,0
98,2
99,0
100,0
101,1
102,1
103,0
104,1
105,3
106,1
107,2
108,0
109,1
110,2
111,2
112,3
113,1
114,1
115,4
116,1
117,3
118,1
119,2
120,0
121,0
122,1
123,1
124,1
125,1
126,2
127,0
128,0
129,2
130,2
131,3
132,0
133,2
134,3
135,2
136,3
137,2
138,1
139,1
140,1
141,1
142,1
143,3
144,0
145,1
146,1
147,4
148,2
149,0
150,2
151,4
152,3
153,1
154,2
155,3
156,3
157,1
158,0
159,1
160,2
161,2
162,3
163,2
164,1
165,4
166,4
167,4
168,1
169,0
170,1
171,0
172,2
173,2
174,4
175,1
176,1
177,5
178,2
179,1
180,3
181,0
182,0
183,1
184,2
185,0
186,0
187,2
188,1
189,1
190,2
191,2
192,2
193,1
194,3
195,1
196,0
197,1
198,1
199,1
200,1
201,3
202,4
203,2
204,2
205,2
206,3
207,1
208,1
209,3
210,2
211,5
212,2
213,1
214,4
215,2
216,1
217,1
218,3
219,5
220,0
221,0
222,1
223,2
224,0
225,1
226,2
227,1
228,1
229,1
230,3
231,1
232,0
233,4
234,1
235,0
236,0
237,0
238,2
239,1
240,2
241,4
242,1
243,0
244,1
245,0
246,0
247,3
248,3
249,2
250,0
251,4
252,1
253,1
254,0
255,3
256,1
257,1
258,0
259,1
260,0
261,6
262,0
263,1
264,0
265,0
266,0
267,1
268,3
269,2
270,0
271,1
272,2
273,0
274,0
275,0
276,3
277,2
278,2
279,0
280,1
281,2
282,1
283,5
284,2
285,2
286,2
287,1
288,1
289,2
290,1
291,4
292,3
293,0
294,2
295,0
296,1
297,1
298,1
299,1
300,3
301,0
302,0
303,2
304,2
305,4
306,3
307,2
308,2
309,2
310,2
311,4
312,0
313,0
314,1
315,0
316,2
317,0
318,0
319,3
320,2
321,1
322,3
323,2
324,1
325,1
326,0
327,0
328,1
329,0
330,3
331,2
332,0
333,1
334,3
335,0
336,1
337,1
338,0
339,3
340,1
341,3
342,0
343,1
344,0
345,1
346,0
347,1
348,2
349,0
350,1
351,0
352,1
353,6
354,0
355,0
356,1
357,1
358,3
359,2
360,1
361,3
362,3
363,1
364,2
365,0
366,1
367,0
368,1
369,2
370,0
371,2
372,3
373,2
374,0
375,3
376,1
377,0
378,2
379,5
380,2
381,3
382,1
383,2
384,1
385,1
386,0
387,2
388,2
389,0
390,0
391,3
392,4
393,3
394,1
395,3
396,2
397,2
398,3
399,1
400,5
401,2
402,3
403,1
404,3
405,0
406,1
407,2
408,2
409,2
410,0
411,3
412,3
413,2
414,1
415,1
416,1
417,0
418,2
419,1
420,3
421,0
422,2
423,0
424,2
425,1
426,2
427,0
428,0
429,5
430,2
431,1
432,4
433,0
434,0
435,0
436,1
437,1
438,1
439,1
440,1
441,0
442,2
443,1
444,0
445,1
446,3
447,2
448,1
449,1
450,3
451,2
452,1
453,0
454,1
455,3
456,3
457,1
458,5
459,5
460,1
461,1
462,2
463,3
464,0
465,0
466,0
467,2
468,2
469,4
470,1
471,2
472,1
473,0
474,2
475,0
476,0
477,0
478,1
479,1
480,1
481,0
482,2
483,1
484,2
485,0
486,1
487,0
488,1
489,3
490,1
491,1
492,2
493,0
494,2
495,0
496,4
497,3
498,2
499,2
500,0
501,1
502,0
503,0
504,2
505,2
506,3
507,2
508,2
509,0
510,1
511,1
512,1
513,2
514,1
515,2
516,0
517,0
518,0
519,1
520,1
521,1
522,1
523,1
524,3
525,0
526,2
527,1
528,0
529,0
530,2
531,2
532,1
533,1
534,0
535,2
536,0
537,2
538,2
539,4
540,1
541,2
542,1
543,2
544,0
545,1
546,1
547,3
548,3
549,3
550,0
551,2
552,0
553,2
554,2
555,1
556,1
557,2
558,1
559,1
560,2
561,2
562,1
563,1
564,3
565,0
566,2
567,1
568,2
569,1
570,2
571,1
572,2
573,0
574,2
575,0
576,0
577,4
578,3
579,0
580,0
581,2
582,3
583,3
584,4
585,0
586,2
587,0
588,0
589,2
590,0
591,1
592,2
593,2
594,0
595,0
596,2
597,0
598,1
599,0
600,1
601,1
602,2
603,1
604,1
605,4
606,0
607,4
608,1
609,2
610,1
611,1
612,1
613,1
614,1
615,0
616,1
617,1
618,3
619,0
620,0
621,1
622,1
623,0
624,2
625,2
626,3
627,2
628,0
629,1
630,0
631,1
632,1
633,3
634,2
635,0
636,1
637,1
638,0
639,2
640,3
641,0
642,1
643,3
644,1
645,1
646,1
647,2
648,0
649,0
650,0
651,2
652,0
653,2
654,1
655,0
656,3
657,3
658,2
659,4
660,0
661,2
662,3
663,0
664,0
665,0
666,3
667,1
668,0
669,0
670,1
671,1
672,3
673,2
674,1
675,2
676,2
677,3
678,2
679,1
680,2
681,3
682,1
683,1
684,1
685,0
686,0
687,1
688,1
689,2
690,1
691,0
692,0
693,2
694,1
695,0
696,1
697,3
698,1
699,3
700,2
701,0
702,0
703,1
704,2
705,0
706,2
707,0
708,0
709,1
710,0
711,4
712,1
713,1
714,3
715,1
716,1
717,5
718,1
719,0
720,1
721,2
722,1
723,1
724,5
725,2
726,1
727,0
728,4
729,3
730,3
731,0
732,0
733,2
734,0
735,1
736,4
737,2
738,0
739,1
740,1
741,1
742,1
743,1
744,1
745,3
746,0
747,1
748,0
749,0
750,0
751,0
752,1
753,1
754,0
755,0
756,4
757,0
758,1
759,3
760,2
761,2
762,0
763,2
764,1
765,3
766,0
767,0
768,3
769,1
770,1
771,0
772,0
773,1
774,1
775,2
776,0
777,1
778,0
779,1
780,3
781,2
782,2
783,2
784,0
785,1
786,0
787,1
788,0
789,0
790,2
791,2
792,1
793,4
794,2
795,1
796,2
797,4
798,1
799,1
800,4
801,4
802,4
803,0
804,4
805,2
806,2
807,0
808,0
809,2
810,1
811,2
812,2
813,1
814,2
815,0
816,1
817,0
818,7
819,0
820,1
821,1
822,2
823,2
824,2
825,0
826,2
827,1
828,2
829,3
830,0
831,1
832,2
833,0
834,0
835,3
836,0
837,0
838,1
839,1
840,1
841,1
842,1
843,3
844,1
845,5
846,2
847,2
848,4
849,2
850,1
851,1
852,3
853,0
854,0
855,2
856,0
857,0
858,1
859,2
860,4
861,0
862,1
863,1
864,4
865,2
866,3
867,3
868,2
869,0
870,2
871,1
872,0
873,1
874,4
875,1
876,2
877,1
878,3
879,3
880,2
881,1
882,2
883,1
884,1
885,2
886,0
887,2
888,2
889,1
890,1
891,2
892,2
893,0
894,2
895,0
896,1
897,0
898,0
899,2
900,1
901,1
902,0
903,2
904,1
905,2
906,3
907,0
908,1
909,5
910,4
911,3
912,3
913,3
914,3
915,2
916,1
917,2
918,1
919,2
920,1
921,2
922,1
923,0
924,3
925,1
926,3
927,0
928,3
929,2
930,4
931,1
932,1
933,2
934,3
935,2
936,1
937,1
938,0
939,1
940,0
941,0
942,2
943,2
944,1
945,1
946,0
947,1
948,2
949,1
950,3
951,3
952,2
953,3
954,2
955,0
956,2
957,0
958,1
959,0
960,1
961,0
962,3
963,4
964,2
965,3
966,0
967,1
968,0
969,1
970,4
971,2
972,2
973,0
974,2
975,1
976,1
977,3
978,4
979,1
980,1
981,1
982,0
983,4
984,3
985,2
986,1
987,3
988,0
989,0
990,1
991,2
992,0
993,2
994,0
995,3
996,3
997,4
998,0
999,1
1000,0
1001,0
1002,1
1003,0
1004,2
1005,2
1006,4
1007,0
1008,1
1009,1
1010,2
1011,1
1012,1
1013,1
1014,3
1015,5
1016,2
1017,2
1018,4
1019,3
1020,2
1021,1
1022,3
1023,2
1024,0
1025,1
1026,0
1027,2
1028,2
1029,1
1030,2
1031,2
1032,1
1033,2
1034,3
1035,0
1036,1
1037,2
1038,4
1039,5
1040,0
1041,0
1042,1
1043,0
1044,2
1045,2
1046,2
1047,1
1048,0
1049,0
1050,2
1051,1
1052,2
1053,0
1054,1
1055,1
1056,1
1057,3
1058,0
1059,0
1060,0
1061,0
1062,2
1063,0
1064,2
1065,3
1066,0
1067,3
1068,1
1069,1
1070,1
1071,2
1072,0
1073,2
1074,2
1075,2
1076,1
1077,2
1078,1
1079,1
1080,1
1081,0
1082,1
1083,0
1084,4
1085,3
1086,1
1087,1
1088,1
1089,0
1090,1
1091,1
1092,3
1093,3
1094,1
1095,2
1096,2
1097,0
1098,0
1099,2
1100,3
1101,1
1102,1
1103,1
1104,2
1105,3
1106,1
1107,1
1108,2
1109,1
1110,1
1111,1
1112,0
1113,4
1114,1
1115,1
1116,2
1117,1
1118,3
1119,1
1120,0
1121,0
1122,2
1123,1
1124,0
1125,2
1126,0
1127,3
1128,0
1129,3
1130,1
1131,2
1132,2
1133,0
1134,1
1135,1
1136,2
1137,0
1138,1
1139,2
1140,2
1141,3
1142,0
1143,2
1144,1
1145,3
1146,2
1147,6
1148,1
1149,1
1150,2
1151,1
1152,1
1153,1
1154,0
1155,1
1156,1
1157,3
1158,1
1159,1
1160,2
1161,0
1162,2
1163,1
1164,1
1165,0
1166,3
1167,4
1168,3
1169,1
1170,2
1171,2
1172,0
1173,2
1174,0
1175,1
1176,2
1177,2
1178,3
1179,2
1180,1
1181,0
1182,1
1183,2
1184,3
1185,3
1186,0
1187,0
1188,0
1189,0
1190,1
1191,0
1192,2
1193,1
1194,1
1195,2
1196,2
1197,3
1198,0
1199,1
1200,0
1201,2
1202,0
1203,2
1204,2
1205,2
1206,2
1207,1
1208,0
1209,1
1210,2
1211,4
1212,0
1213,1
1214,0
1215,1
1216,1
1217,1
1218,0
1219,0
1220,1
1221,3
1222,1
1223,1
1224,0
1225,2
1226,1
1227,1
1228,1
1229,3
1230,2
1231,3
1232,1
1233,0
1234,2
1235,1
1236,0
1237,0
1238,1
1239,0
1240,1
1241,3
1242,2
1243,1
1244,1
1245,2
1246,2
1247,4
1248,1
1249,3
1250,1
1251,2
1252,1
1253,0
1254,0
1255,2
1256,3
1257,1
1258,4
1259,1
1260,1
1261,0
1262,2
1263,1
1264,3
1265,1
1266,1
1267,2
1268,0
1269,0
1270,2
1271,1
1272,1
1273,1
1274,3
1275,2
1276,1
1277,1
1278,1
1279,0
1280,2
1281,0
1282,4
1283,1
1284,2
1285,1
1286,1
1287,1
1288,3
1289,2
1290,3
1291,2
1292,2
1293,2
1294,2
1295,1
1296,3
1297,1
1298,4
1299,2
1300,0
1301,2
1302,2
1303,0
1304,1
1305,7
1306,3
1307,1
1308,2
1309,5
1310,4
1311,1
1312,1
1313,1
1314,3
1315,0
1316,4
1317,3
1318,4
1319,1
1320,0
1321,0
1322,1
1323,3
1324,2
1325,0
1326,2
1327,1
1328,2
1329,3
1330,0
1331,0
1332,2
1333,2
1334,1
1335,1
1336,1
1337,0
1338,0
1339,0
1340,0
1341,1
1342,1
1343,0
1344,0
1345,3
1346,0
1347,0
1348,3
1349,1
1350,3
1351,0
1352,3
1353,2
1354,0
1355,1
1356,2
1357,3
1358,0
1359,0
1360,3
1361,2
1362,2
1363,1
1364,2
1365,2
1366,0
1367,1
1368,4
1369,2
1370,2
1371,0
1372,2
1373,2
1374,0
1375,3
1376,2
1377,0
1378,0
1379,3
1380,2
1381,1
1382,0
1383,4
1384,2
1385,3
1386,0
1387,4
1388,1
1389,3
1390,1
1391,1
1392,1
1393,0
1394,2
1395,1
1396,4
1397,0
1398,2
1399,4
1400,1
1401,1
1402,3
1403,0
1404,2
1405,0
1406,2
1407,1
1408,2
1409,1
1410,4
1411,4
1412,2
1413,1
1414,1
1415,3
1416,0
1417,0
1418,1
1419,2
1420,1
1421,1
1422,3
1423,1
1424,1
1425,0
1426,0
1427,0
1428,0
1429,2
1430,0
1431,0
1432,0
1433,4
1434,2
1435,0
1436,0
1437,2
1438,1
1439,3
1440,0
1441,2
1442,0
1443,2
1444,3
1445,2
1446,0
1447,1
1448,1
1449,3
1450,1
1451,1
1452,1
1453,0
1454,0
1455,1
1456,2
1457,1
1458,0
1459,3
1460,3
1461,3
1462,0
1463,0
1464,2
1465,1
1466,0
1467,3
1468,0
1469,3
1470,4
1471,2
1472,2
1473,4
1474,2
1475,2
1476,3
1477,2
1478,3
1479,1
1480,1
1481,2
1482,1
1483,3
1484,2
1485,3
1486,0
1487,5
1488,4
1489,2
1490,2
1491,0
1492,2
1493,2
1494,4
1495,3
1496,2
1497,3
1498,1
1499,0
1500,1
1501,1
1502,2
1503,1
1504,3
1505,2
1506,2
1507,4
1508,4
1509,2
1510,0
1511,3
1512,0
1513,1
1514,3
1515,0
1516,4
1517,1
1518,2
1519,3
1520,0
1521,1
1522,3
1523,0
1524,3
1525,0
1526,0
1527,3
1528,2
1529,2
1530,0
1531,2
1532,2
1533,3
1534,2
1535,4
1536,3
1537,2
1538,3
1539,3
1540,0
1541,1
1542,0
1543,3
1544,2
1545,1
1546,2
1547,4
1548,2
1549,1
1550,1
1551,3
1552,0
1553,3
1554,1
1555,1
1556,2
1557,2
1558,1
1559,4
1560,1
1561,3
1562,0
1563,0
1564,2
1565,2
1566,3
1567,0
1568,2
1569,1
1570,2
1571,0
1572,1
1573,3
1574,1
1575,0
1576,1
1577,1
1578,0
1579,2
1580,2
1581,2
1582,0
1583,1
1584,0
1585,1
1586,0
1587,0
1588,1
1589,3
1590,0
1591,2
1592,1
1593,3
1594,1
1595,1
1596,2
1597,0
1598,2
1599,0
1600,2
1601,3
1602,0
1603,3
1604,3
1605,2
1606,1
1607,2
1608,0
1609,0
1610,2
1611,1
1612,2
1613,2
1614,0
1615,0
1616,2
1617,1
1618,4
1619,2
1620,4
1621,5
1622,0
1623,0
1624,0
1625,2
1626,1
1627,0
1628,0
1629,2
1630,1
1631,0
1632,2
1633,2
1634,0
1635,3
1636,2
1637,1
1638,0
1639,2
1640,4
1641,3
1642,0
1643,0
1644,1
1645,1
1646,1
1647,0
1648,2
1649,2
1650,2
1651,1
1652,0
1653,5
1654,2
1655,2
1656,2
1657,0
1658,3
1659,0
1660,0
1661,3
1662,3
1663,3
1664,0
1665,1
1666,3
1667,2
1668,0
1669,3
1670,0
1671,4
1672,4
1673,0
1674,1
1675,4
1676,0
1677,4
1678,1
1679,0
1680,2
1681,1
1682,0
1683,4
1684,1
1685,0
1686,1
1687,3
1688,0
1689,1
1690,2
1691,0
1692,0
1693,3
1694,3
1695,2
1696,1
1697,1
1698,4
1699,1
1700,2
1701,3
1702,1
1703,0
1704,0
1705,3
1706,4
1707,0
1708,3
1709,1
1710,2
1711,1
1712,0
1713,1
1714,1
1715,0
1716,1
1717,0
1718,5
1719,2
1720,2
1721,1
1722,2
1723,1
1724,2
1725,3
1726,0
1727,4
1728,1
1729,0
1730,0
1731,0
1732,0
1733,1
1734,0
1735,1
1736,2
1737,2
1738,3
1739,0
1740,1
1741,3
1742,3
1743,1
1744,2
1745,1
1746,2
1747,1
1748,2
1749,1
1750,0
1751,2
1752,1
1753,3
1754,0
1755,1
1756,1
1757,1
1758,1
1759,3
1760,3
1761,0
1762,2
1763,0
1764,1
1765,0
1766,1
1767,3
1768,2
1769,1
1770,0
1771,1
1772,2
1773,1
1774,0
1775,4
1776,1
1777,1
1778,1
1779,4
1780,2
1781,0
1782,2
1783,0
1784,2
1785,4
1786,3
1787,0
1788,2
1789,1
1790,3
1791,1
1792,0
1793,0
1794,1
1795,0
1796,1
1797,2
1798,3
1799,1
1800,1
1801,1
1802,3
1803,3
1804,2
1805,3
1806,3
1807,0
1808,2
1809,2
1810,4
1811,2
1812,1
1813,0
1814,2
1815,0
1816,0
1817,1
1818,0
1819,4
1820,3
1821,2
1822,1
1823,1
1824,2
1825,1
1826,1
1827,3
1828,1
1829,2
1830,1
1831,3
1832,2
1833,0
1834,0
1835,1
1836,1
1837,0
1838,1
1839,0
1840,0
1841,2
1842,2
1843,2
1844,2
1845,0
1846,3
1847,1
1848,3
1849,2
1850,1
1851,0
1852,3
1853,1
1854,2
1855,1
1856,1
1857,3
1858,1
1859,3
1860,2
1861,2
1862,2
1863,2
1864,1
1865,2
1866,0
1867,2
1868,4
1869,0
1870,1
1871,1
1872,1
1873,2
1874,0
1875,2
1876,0
1877,1
1878,2
1879,1
1880,0
1881,2
1882,1
1883,0
1884,3
1885,0
1886,3
1887,0
1888,1
1889,3
1890,0
1891,2
1892,1
1893,2
1894,0
1895,0
1896,3
1897,1
1898,3
1899,2
1900,0
1901,0
1902,1
1903,3
1904,0
1905,3
1906,0
1907,3
1908,1
1909,1
1910,3
1911,2
1912,1
1913,2
1914,0
1915,1
1916,1
1917,0
1918,0
1919,0
1920,2
1921,1
1922,1
1923,0
1924,4
1925,2
1926,2
1927,0
1928,3
1929,2
1930,4
1931,0
1932,3
1933,0
1934,2
1935,1
1936,1
1937,2
1938,0
1939,1
1940,1
1941,1
1942,2
1943,0
1944,2
1945,4
1946,4
1947,2
1948,0
1949,1
1950,2
1951,0
1952,3
1953,3
1954,0
1955,1
1956,3
1957,4
1958,0
1959,2
1960,3
1961,2
1962,1
1963,1
1964,4
1965,2
1966,1
1967,0
1968,1
1969,1
1970,3
1971,2
1972,2
1973,0
1974,1
1975,0
1976,4
1977,2
1978,2
1979,0
1980,1
1981,1
1982,2
1983,2
1984,2
1985,3
1986,2
1987,2
1988,3
1989,0
1990,2
1991,2
1992,0
1993,0
1994,2
1995,1
1996,2
1997,0
1998,1
1999,1
2000,0
2001,0
2002,3
2003,3
2004,2
2005,3
2006,2
2007,1
2008,3
2009,3
2010,1
2011,0
2012,0
2013,4
2014,1
2015,4
2016,1
2017,0
2018,1
2019,2
2020,2
2021,0
2022,2
2023,2
2024,0
2025,1
2026,1
2027,0
2028,1
2029,4
2030,0
2031,3
2032,1
2033,1
2034,1
2035,1
2036,4
2037,2
2038,4
2039,1
2040,2
2041,4
2042,1
2043,1
2044,2
2045,1
2046,2
2047,1
2048,3
2049,0
2050,3
2051,2
2052,1
2053,3
2054,2
2055,2
2056,0
2057,1
2058,1
2059,2
2060,2
2061,4
2062,2
2063,0
2064,1
2065,1
2066,2
2067,0
2068,1
2069,3
2070,1
2071,0
2072,0
2073,1
2074,0
2075,1
2076,2
2077,2
2078,0
2079,3
2080,3
2081,2
2082,0
2083,1
2084,0
2085,0
2086,2
2087,3
2088,2
2089,1
2090,3
2091,0
2092,0
2093,2
2094,3
2095,0
2096,2
2097,2
2098,2
2099,0
2100,2
2101,1
2102,3
2103,2
2104,0
2105,2
2106,2
2107,0
2108,1
2109,1
2110,2
2111,0
2112,1
2113,3
2114,0
2115,2
2116,1
2117,1
2118,0
2119,3
2120,2
2121,0
2122,1
2123,3
2124,0
2125,1
2126,1
2127,0
2128,1
2129,1
2130,0
2131,2
2132,4
2133,0
2134,0
2135,0
2136,2
2137,1
2138,2
2139,1
2140,1
2141,1
2142,1
2143,1
2144,2
2145,2
2146,1
2147,0
2148,3
2149,3
2150,0
2151,1
2152,2
2153,3
2154,4
2155,1
2156,3
2157,4
2158,3
2159,3
2160,2
2161,4
2162,1
2163,5
2164,0
2165,1
2166,1
2167,2
2168,3
2169,1
2170,1
2171,0
2172,1
2173,1
2174,2
2175,1
2176,1
2177,2
2178,1
2179,0
2180,3
2181,1
2182,1
2183,0
2184,2
2185,1
2186,0
2187,4
2188,0
2189,1
2190,2
2191,0
2192,1
2193,1
2194,2
2195,3
2196,1
2197,1
2198,2
2199,1
2200,0
2201,2
2202,1
2203,2
2204,1
2205,3
2206,3
2207,4
2208,0
2209,3
2210,0
2211,1
2212,0
2213,0
2214,1
2215,2
2216,0
2217,2
2218,0
2219,0
2220,1
2221,3
2222,2
2223,1
2224,3
2225,2
2226,3
2227,2
2228,1
2229,0
2230,1
2231,3
2232,2
2233,1
2234,2
2235,1
2236,2
2237,2
2238,0
2239,2
2240,0
2241,1
2242,2
2243,1
2244,2
2245,2
2246,0
2247,1
2248,1
2249,1
2250,1
2251,0
2252,5
2253,1
2254,1
2255,0
2256,1
2257,3
2258,2
2259,1
2260,1
2261,3
2262,4
2263,1
2264,0
2265,0
2266,3
2267,1
2268,1
2269,1
2270,0
2271,1
2272,0
2273,2
2274,0
2275,2
2276,1
2277,1
2278,1
2279,0
2280,4
2281,4
2282,1
2283,0
2284,2
2285,0
2286,1
2287,1
2288,0
2289,1
2290,2
2291,3
2292,4
2293,1
2294,2
2295,3
2296,1
2297,2
2298,0
2299,2
2300,2
2301,1
2302,1
2303,2
2304,0
2305,1
2306,1
2307,0
2308,3
2309,0
2310,0
2311,2
2312,2
2313,2
2314,4
2315,0
2316,5
2317,0
2318,3
2319,0
2320,0
2321,2
2322,0
2323,0
2324,1
2325,3
2326,0
2327,3
2328,1
2329,1
2330,0
2331,0
2332,1
2333,0
2334,2
2335,2
2336,2
2337,1
2338,3
2339,1
2340,0
2341,0
2342,1
2343,1
2344,0
2345,0
2346,2
2347,0
2348,4
2349,1
2350,2
2351,1
2352,0
2353,2
2354,0
2355,2
2356,1
2357,1
2358,2
2359,3
2360,2
2361,1
2362,3
2363,0
2364,1
2365,1
2366,2
2367,1
2368,1
2369,3
2370,3
2371,2
2372,3
2373,1
2374,0
2375,2
2376,2
2377,0
2378,3
2379,1
2380,4
2381,3
2382,0
2383,1
2384,3
2385,1
2386,0
2387,1
2388,2
2389,2
2390,3
2391,1
2392,1
2393,1
2394,0
2395,1
2396,2
2397,1
2398,3
2399,1
2400,2
2401,1
2402,1
2403,2
2404,2
2405,0
2406,1
2407,0
2408,0
2409,5
2410,0
2411,3
2412,5
2413,0
2414,1
2415,1
2416,5
2417,3
2418,0
2419,2
2420,0
2421,0
2422,2
2423,3
2424,0
2425,1
2426,2
2427,1
2428,0
2429,2
2430,1
2431,1
2432,2
2433,3
2434,0
2435,4
2436,1
2437,1
2438,2
2439,2
2440,0
2441,2
2442,6
2443,2
2444,2
2445,1
2446,3
2447,0
2448,1
2449,2
2450,2
2451,1
2452,3
2453,2
2454,1
2455,0
2456,1
2457,0
2458,3
2459,1
2460,1
2461,1
2462,2
2463,1
2464,1
2465,0
2466,2
2467,2
2468,2
2469,0
2470,3
2471,0
2472,2
2473,1
2474,1
2475,1
2476,1
2477,0
2478,0
2479,4
2480,1
2481,1
2482,2
2483,0
2484,3
2485,1
2486,0
2487,3
2488,1
2489,1
2490,1
2491,1
2492,1
2493,2
2494,0
2495,1
2496,0
2497,2
2498,3
2499,1
2500,0
2501,2
2502,2
2503,0
2504,1
2505,2
2506,0
2507,3
2508,2
2509,1
2510,4
2511,1
2512,0
2513,1
2514,0
2515,0
2516,3
2517,0
2518,3
2519,3
2520,2
2521,3
2522,1
2523,2
2524,1
2525,2
2526,2
2527,0
2528,1
2529,3
2530,3
2531,1
2532,1
2533,3
2534,1
2535,2
2536,2
2537,0
2538,2
2539,3
2540,2
2541,0
2542,2
2543,1
2544,0
2545,3
2546,6
2547,3
2548,1
2549,0
2550,0
2551,0
2552,1
2553,0
2554,3
2555,1
2556,0
2557,3
2558,1
2559,1
2560,1
2561,3
2562,0
2563,0
2564,1
2565,2
2566,0
2567,2
2568,0
2569,1
2570,1
2571,2
2572,2
2573,2
2574,1
2575,0
2576,1
2577,1
2578,1
2579,1
2580,4
2581,6
2582,2
2583,1
2584,1
2585,2
2586,2
2587,1
2588,3
2589,3
2590,3
2591,2
2592,2
2593,3
2594,1
2595,4
2596,2
2597,1
2598,0
2599,1
2600,3
2601,1
2602,4
2603,2
2604,2
2605,1
2606,1
2607,3
2608,0
2609,0
2610,0
2611,0
2612,1
2613,1
2614,2
2615,0
2616,3
2617,2
2618,1
2619,2
2620,3
2621,2
2622,1
2623,3
2624,2
2625,3
2626,1
2627,0
2628,2
2629,2
2630,4
2631,0
2632,1
2633,1
2634,3
2635,2
2636,3
2637,2
2638,2
2639,0
2640,2
2641,1
2642,3
2643,2
2644,4
2645,1
2646,1
2647,0
2648,0
2649,2
2650,3
2651,2
2652,1
2653,2
2654,2
2655,2
2656,3
2657,1
2658,2
2659,1
2660,4
2661,1
2662,2
2663,1
2664,0
2665,2
2666,3
2667,1
2668,1
2669,3
2670,3
2671,1
2672,3
2673,2
2674,1
2675,1
2676,2
2677,2
2678,0
2679,0
2680,4
2681,1
2682,2
2683,2
2684,5
2685,2
2686,2
2687,1
2688,2
2689,1
2690,1
2691,0
2692,2
2693,0
2694,2
2695,4
2696,3
2697,0
2698,1
2699,1
2700,1
2701,2
2702,1
2703,0
2704,1
2705,0
2706,2
2707,2
2708,2
2709,2
2710,2
2711,3
2712,0
2713,3
2714,1
2715,0
2716,0
2717,4
2718,0
2719,1
2720,1
2721,0
2722,4
2723,0
2724,1
2725,0
2726,2
2727,0
2728,1
2729,4
2730,0
2731,1
2732,2
2733,2
2734,2
2735,1
2736,2
2737,1
2738,1
2739,0
2740,0
2741,3
2742,1
2743,0
2744,1
2745,1
2746,2
2747,1
2748,1
2749,2
2750,0
2751,4
2752,2
2753,2
2754,1
2755,1
2756,1
2757,2
2758,3
2759,0
2760,3
2761,1
2762,1
2763,0
2764,1
2765,2
2766,1
2767,1
2768,0
2769,2
2770,2
2771,2
2772,1
2773,1
2774,0
2775,1
2776,4
2777,1
2778,1
2779,1
2780,0
2781,0
2782,2
2783,2
2784,1
2785,1
2786,0
2787,5
2788,1
2789,1
2790,1
2791,0
2792,2
2793,2
2794,2
2795,1
2796,1
2797,1
2798,1
2799,1
2800,2
2801,2
2802,1
2803,3
2804,1
2805,2
2806,1
2807,0
2808,2
2809,0
2810,3
2811,0
2812,1
2813,0
2814,3
2815,2
2816,1
2817,0
2818,1
2819,3
2820,2
2821,2
2822,2
2823,3
2824,1
2825,1
2826,3
2827,1
2828,2
2829,2
2830,1
2831,1
2832,1
2833,2
2834,0
2835,2
2836,1
2837,2
2838,2
2839,2
2840,2
2841,1
2842,0
2843,2
2844,1
2845,1
2846,1
2847,2
2848,2
2849,2
2850,1
2851,1
2852,0
2853,1
2854,5
2855,0
2856,0
2857,1
2858,2
2859,1
2860,4
2861,1
2862,0
2863,1
2864,1
2865,1
2866,3
2867,1
2868,3
2869,0
2870,2
2871,3
2872,1
2873,0
2874,0
2875,3
2876,0
2877,0
2878,2
2879,4
2880,3
2881,1
2882,1
2883,3
2884,4
2885,1
2886,1
2887,1
2888,3
2889,2
2890,1
2891,1
2892,1
2893,0
2894,3
2895,2
2896,1
2897,2
2898,1
2899,0
2900,2
2901,1
2902,0
2903,0
2904,1
2905,0
2906,4
2907,0
2908,1
2909,1
2910,2
2911,1
2912,5
2913,0
2914,1
2915,1
2916,5
2917,3
2918,1
2919,5
2920,4
2921,3
2922,1
2923,4
2924,2
2925,4
2926,2
2927,1
2928,3
2929,0
2930,1
2931,1
2932,0
2933,0
2934,3
2935,1
2936,7
2937,0
2938,2
2939,3
2940,2
2941,1
2942,2
2943,3
2944,0
2945,3
2946,1
2947,3
2948,1
2949,2
2950,0
2951,0
2952,2
2953,0
2954,1
2955,1
2956,1
2957,3
2958,1
2959,1
2960,0
2961,3
2962,1
2963,2
2964,0
2965,0
2966,0
2967,1
2968,1
2969,1
2970,1
2971,3
2972,1
2973,1
2974,2
2975,1
2976,3
2977,2
2978,0
2979,2
2980,1
2981,5
2982,0
2983,0
2984,2
2985,1
2986,3
2987,0
2988,2
2989,2
2990,3
2991,3
2992,1
2993,0
2994,1
2995,0
2996,2
2997,3
2998,2
2999,0
3000,1
3001,2
3002,2
3003,0
3004,1
3005,5
3006,2
3007,2
3008,2
3009,1
3010,2
3011,1
3012,0
3013,2
3014,3
3015,0
3016,2
3017,2
3018,0
3019,3
3020,1
3021,1
3022,1
3023,2
3024,2
3025,1
3026,1
3027,1
3028,1
3029,1
3030,2
3031,2
3032,0
3033,0
3034,2
3035,1
3036,4
3037,0
3038,0
3039,0
3040,2
3041,2
3042,0
3043,1
3044,2
3045,0
3046,0
3047,3
3048,4
3049,2
3050,0
3051,1
3052,0
3053,2
3054,1
3055,2
3056,2
3057,1
3058,2
3059,0
3060,2
3061,1
3062,0
3063,0
3064,1
3065,2
3066,1
3067,2
3068,1
3069,1
3070,3
3071,0
3072,1
3073,2
3074,1
3075,1
3076,2
3077,2
3078,1
3079,2
3080,2
3081,1
3082,2
3083,0
3084,2
3085,3
3086,3
3087,1
3088,1
3089,0
3090,3
3091,1
3092,2
3093,1
3094,2
3095,0
3096,2
3097,3
3098,0
3099,0
3100,0
3101,2
3102,1
3103,1
3104,2
3105,3
3106,1
3107,4
3108,1
3109,0
3110,0
3111,2
3112,3
3113,2
3114,0
3115,3
3116,3
3117,3
3118,0
3119,3
3120,2
3121,2
3122,0
3123,2
3124,1
3125,3
3126,1
3127,1
3128,1
3129,3
3130,3
3131,1
3132,2
3133,2
3134,0
3135,1
3136,1
3137,1
3138,1
3139,0
3140,1
3141,3
3142,3
3143,3
3144,2
3145,0
3146,2
3147,0
3148,1
3149,2
3150,0
3151,1
3152,0
3153,1
3154,0
3155,1
3156,1
3157,0
3158,1
3159,2
3160,2
3161,1
3162,1
3163,0
3164,2
3165,1
3166,4
3167,3
3168,2
3169,1
3170,2
3171,0
3172,1
3173,2
3174,1
3175,1
3176,0
3177,6
3178,0
3179,2
3180,1
3181,0
3182,3
3183,2
3184,1
3185,1
3186,1
3187,1
3188,3
3189,1
3190,0
3191,3
3192,0
3193,0
3194,0
3195,3
3196,0
3197,2
3198,5
3199,0
3200,0
3201,3
3202,1
3203,3
3204,4
3205,1
3206,1
3207,1
3208,0
3209,2
3210,2
3211,1
3212,1
3213,3
3214,2
3215,2
3216,0
3217,2
3218,2
3219,2
3220,0
3221,0
3222,0
3223,1
3224,2
3225,1
3226,0
3227,2
3228,1
3229,0
3230,0
3231,0
3232,1
3233,1
3234,1
3235,0
3236,3
3237,4
3238,3
3239,0
3240,2
3241,0
3242,0
3243,2
3244,1
3245,1
3246,2
3247,0
3248,0
3249,1
3250,4
3251,0
3252,0
3253,4
3254,0
3255,1
3256,1
3257,1
3258,4
3259,0
3260,1
3261,1
3262,2
3263,3
3264,0
3265,1
3266,2
3267,0
3268,1
3269,1
3270,1
3271,3
3272,1
3273,3
3274,0
3275,0
3276,1
3277,3
3278,2
3279,0
3280,2
3281,0
3282,0
3283,2
3284,0
3285,0
3286,1
3287,2
3288,2
3289,0
3290,3
3291,3
3292,3
3293,1
3294,1
3295,2
3296,2
3297,1
3298,0
3299,1
3300,3
3301,1
3302,3
3303,1
3304,1
3305,1
3306,1
3307,2
3308,2
3309,3
3310,1
3311,3
3312,2
3313,0
3314,1
3315,1
3316,1
3317,2
3318,2
3319,3
3320,2
3321,1
3322,1
3323,1
3324,4
3325,2
3326,2
3327,0
3328,2
3329,2
3330,3
3331,3
3332,0
3333,2
3334,1
3335,2
3336,3
3337,2
3338,1
3339,1
3340,2
3341,1
3342,0
3343,1
3344,3
3345,6
3346,1
3347,2
3348,0
3349,1
3350,2
3351,0
3352,0
3353,0
3354,2
3355,1
3356,0
3357,0
3358,3
3359,0
3360,1
3361,3
3362,1
3363,1
3364,2
3365,3
3366,1
3367,1
3368,3
3369,0
3370,0
3371,2
3372,2
3373,2
3374,0
3375,2
3376,2
3377,0
3378,0
3379,1
3380,1
3381,1
3382,3
3383,1
3384,1
3385,2
3386,1
3387,0
3388,0
3389,0
3390,2
3391,4
3392,1
3393,2
3394,0
3395,2
3396,3
3397,0
3398,0
3399,0
3400,3
3401,1
3402,3
3403,3
3404,1
3405,0
3406,0
3407,3
3408,5
3409,0
3410,2
3411,1
3412,3
3413,1
3414,1
3415,2
3416,2
3417,4
3418,4
3419,2
3420,3
3421,1
3422,1
3423,1
3424,2
3425,0
3426,3
3427,0
3428,0
3429,2
3430,1
3431,0
3432,2
3433,1
3434,1
3435,2
3436,0
3437,2
3438,0
3439,0
3440,1
3441,0
3442,1
3443,3
3444,0
3445,2
3446,1
3447,1
3448,2
3449,0
3450,5
3451,2
3452,2
3453,0
3454,0
3455,1
3456,1
3457,5
3458,2
3459,4
3460,0
3461,2
3462,0
3463,1
3464,2
3465,1
3466,0
3467,1
3468,1
3469,5
3470,4
3471,3
3472,1
3473,2
3474,3
3475,0
3476,3
3477,0
3478,0
3479,2
3480,1
3481,1
3482,2
3483,1
3484,1
3485,1
3486,0
3487,3
3488,0
3489,3
3490,1
3491,5
3492,0
3493,2
3494,0
3495,5
3496,2
3497,1
3498,3
3499,1
3500,1
3501,2
3502,1
3503,4
3504,1
3505,1
3506,2
3507,0
3508,0
3509,2
3510,0
3511,1
3512,1
3513,1
3514,3
3515,1
3516,2
3517,2
3518,1
3519,0
3520,2
3521,3
3522,4
3523,3
3524,5
3525,1
3526,4
3527,1
3528,2
3529,0
3530,0
3531,3
3532,0
3533,0
3534,0
3535,0
3536,1
3537,0
3538,0
3539,2
3540,0
3541,0
3542,6
3543,2
3544,0
3545,1
3546,2
3547,2
3548,1
3549,1
3550,2
3551,1
3552,0
3553,2
3554,3
3555,1
3556,5
3557,3
3558,1
3559,1
3560,2
3561,0
3562,0
3563,1
3564,2
3565,3
3566,2
3567,2
3568,0
3569,2
3570,1
3571,1
3572,0
3573,2
3574,0
3575,2
3576,0
3577,3
3578,3
3579,1
3580,3
3581,0
3582,0
3583,2
3584,2
3585,3
3586,2
3587,0
3588,2
3589,1
3590,0
3591,3
3592,0
3593,3
3594,1
3595,3
3596,2
3597,1
3598,4
3599,1
3600,1
3601,2
3602,1
3603,4
3604,1
3605,1
3606,1
3607,1
3608,2
3609,1
3610,1
3611,1
3612,2
3613,1
3614,1
3615,0
3616,3
3617,1
3618,0
3619,1
3620,0
3621,0
3622,1
3623,0
3624,1
3625,1
3626,1
3627,1
3628,0
3629,1
3630,1
3631,1
3632,3
3633,0
3634,2
3635,2
3636,1
3637,2
3638,5
3639,2
3640,1
3641,1
3642,2
3643,0
3644,2
3645,0
3646,2
3647,2
3648,0
3649,1
3650,2
3651,1
3652,1
3653,2
3654,4
3655,2
3656,1
3657,2
3658,1
3659,1
3660,0
3661,1
3662,0
3663,2
3664,1
3665,1
3666,1
3667,3
3668,0
3669,0
3670,0
3671,2
3672,4
3673,0
3674,1
3675,2
3676,2
3677,3
3678,0
3679,1
3680,3
3681,1
3682,0
3683,1
3684,1
3685,1
3686,1
3687,1
3688,1
3689,1
3690,3
3691,1
3692,0
3693,1
3694,1
3695,1
3696,3
3697,0
3698,0
3699,3
3700,1
3701,1
3702,0
3703,0
3704,2
3705,3
3706,0
3707,1
3708,2
3709,2
3710,3
3711,1
3712,1
3713,1
3714,0
3715,3
3716,3
3717,0
3718,0
3719,1
3720,1
3721,3
3722,1
3723,2
3724,5
3725,1
3726,1
3727,1
3728,3
3729,1
3730,1
3731,4
3732,0
3733,2
3734,3
3735,4
3736,3
3737,2
3738,3
3739,0
3740,0
3741,0
3742,2
3743,1
3744,1
3745,1
3746,5
3747,1
3748,2
3749,0
3750,2
3751,1
3752,2
3753,1
3754,2
3755,0
3756,3
3757,5
3758,2
3759,1
3760,0
3761,0
3762,0
3763,1
3764,0
3765,2
3766,2
3767,1
3768,1
3769,1
3770,2
3771,3
3772,1
3773,2
3774,2
3775,1
3776,2
3777,1
3778,1
3779,2
3780,6
3781,1
3782,2
3783,2
3784,1
3785,1
3786,0
3787,4
3788,2
3789,1
3790,1
3791,1
3792,4
3793,5
3794,4
3795,3
3796,0
3797,0
3798,1
3799,1
3800,2
3801,0
3802,2
3803,4
3804,1
3805,4
3806,3
3807,1
3808,1
3809,3
3810,1
3811,4
3812,0
3813,2
3814,0
3815,2
3816,0
3817,1
3818,0
3819,3
3820,0
3821,3
3822,1
3823,0
3824,0
3825,1
3826,1
3827,2
3828,4
3829,1
3830,1
3831,1
3832,0
3833,0
3834,3
3835,0
3836,1
3837,2
3838,5
3839,0
3840,0
3841,1
3842,0
3843,3
3844,1
3845,2
3846,1
3847,2
3848,3
3849,1
3850,3
3851,0
3852,2
3853,2
3854,0
3855,1
3856,0
3857,1
3858,2
3859,2
3860,3
3861,2
3862,3
3863,2
3864,0
3865,2
3866,0
3867,2
3868,2
3869,2
3870,3
3871,1
3872,3
3873,2
3874,1
3875,0
3876,1
3877,3
3878,1
3879,3
3880,2
3881,1
3882,2
3883,1
3884,1
3885,0
3886,2
3887,3
3888,1
3889,1
3890,5
3891,0
3892,1
3893,0
3894,1
3895,2
3896,4
3897,1
3898,0
3899,0
3900,1
3901,1
3902,4
3903,0
3904,0
3905,0
3906,2
3907,1
3908,3
3909,2
3910,2
3911,1
3912,2
3913,2
3914,1
3915,4
3916,2
3917,1
3918,0
3919,2
3920,4
3921,2
3922,1
3923,0
3924,2
3925,2
3926,0
3927,1
3928,2
3929,2
3930,4
3931,1
3932,2
3933,3
3934,0
3935,3
3936,0
3937,3
3938,2
3939,1
3940,0
3941,0
3942,2
3943,1
3944,0
3945,2
3946,0
3947,1
3948,2
3949,1
3950,3
3951,2
3952,0
3953,1
3954,3
3955,2
3956,1
3957,1
3958,1
3959,1
3960,0
3961,0
3962,2
3963,1
3964,0
3965,2
3966,0
3967,1
3968,2
3969,0
3970,0
3971,0
3972,0
3973,0
3974,1
3975,0
3976,2
3977,1
3978,0
3979,0
3980,2
3981,2
3982,1
3983,2
3984,1
3985,1
3986,0
3987,2
3988,1
3989,0
3990,1
3991,0
3992,0
3993,3
3994,1
3995,0
3996,1
3997,2
3998,1
3999,0
4000,2
4001,0
4002,0
4003,2
4004,3
4005,2
4006,0
4007,3
4008,4
4009,1
4010,1
4011,1
4012,0
4013,3
4014,1
4015,3
4016,0
4017,5
4018,2
4019,1
4020,0
4021,1
4022,2
4023,1
4024,2
4025,1
4026,2
4027,3
4028,2
4029,2
4030,4
4031,0
4032,1
4033,2
4034,1
4035,0
4036,2
4037,0
4038,4
4039,3
4040,0
4041,0
4042,2
4043,1
4044,1
4045,1
4046,1
4047,1
4048,1
4049,3
4050,2
4051,1
4052,2
4053,2
4054,0
4055,0
4056,4
4057,1
4058,1
4059,1
4060,3
4061,1
4062,2
4063,1
4064,3
4065,1
4066,1
4067,4
4068,0
4069,1
4070,0
4071,1
4072,2
4073,0
4074,3
4075,1
4076,2
4077,1
4078,1
4079,2
4080,1
4081,0
4082,4
4083,2
4084,2
4085,3
4086,3
4087,3
4088,1
4089,2
4090,2
4091,0
4092,1
4093,2
4094,1
4095,1
4096,0
4097,3
4098,1
4099,0
4100,0
4101,1
4102,4
4103,2
4104,2
4105,1
4106,0
4107,0
4108,1
4109,0
4110,2
4111,1
4112,3
4113,1
4114,1
4115,2
4116,3
4117,2
4118,3
4119,3
4120,1
4121,3
4122,2
4123,2
4124,4
4125,2
4126,1
4127,4
4128,2
4129,1
4130,2
4131,2
4132,0
4133,2
4134,1
4135,0
4136,2
4137,1
4138,2
4139,2
4140,0
4141,1
4142,1
4143,2
4144,2
4145,1
4146,2
4147,4
4148,0
4149,2
4150,0
4151,1
4152,0
4153,1
4154,1
4155,3
4156,0
4157,2
4158,0
4159,1
4160,1
4161,0
4162,1
4163,0
4164,0
4165,1
4166,1
4167,2
4168,1
4169,0
4170,2
4171,1
4172,2
4173,4
4174,2
4175,0
4176,1
4177,0
4178,3
4179,1
4180,1
4181,1
4182,3
4183,1
4184,2
4185,2
4186,1
4187,2
4188,2
4189,0
4190,0
4191,3
4192,0
4193,0
4194,2
4195,1
4196,0
4197,1
4198,1
4199,1
4200,1
4201,2
4202,1
4203,3
4204,5
4205,0
4206,1
4207,0
4208,1
4209,3
4210,0
4211,0
4212,1
4213,2
4214,2
4215,0
4216,2
4217,1
4218,4
4219,1
4220,2
4221,4
4222,2
4223,1
4224,2
4225,3
4226,0
4227,1
4228,2
4229,0
4230,0
4231,1
4232,0
4233,0
4234,1
4235,3
4236,1
4237,1
4238,2
4239,2
4240,2
4241,0
4242,1
4243,2
4244,0
4245,0
4246,1
4247,1
4248,2
4249,1
4250,1
4251,0
4252,2
4253,2
4254,0
4255,0
4256,0
4257,0
4258,3
4259,2
4260,2
4261,2
4262,2
4263,2
4264,0
4265,1
4266,3
4267,2
4268,2
4269,4
4270,2
4271,2
4272,2
4273,2
4274,2
4275,2
4276,1
4277,3
4278,1
4279,4
4280,5
4281,1
4282,3
4283,3
4284,1
4285,3
4286,1
4287,3
4288,2
4289,1
4290,3
4291,4
4292,2
4293,5
4294,2
4295,3
4296,0
4297,2
4298,0
4299,1
4300,5
4301,2
4302,1
4303,0
4304,1
4305,1
4306,3
4307,2
4308,0
4309,1
4310,1
4311,2
4312,0
4313,2
4314,0
4315,1
4316,0
4317,2
4318,1
4319,0
4320,0
4321,0
4322,2
4323,1
4324,2
4325,1
4326,4
4327,0
4328,0
4329,3
4330,3
4331,1
4332,1
4333,4
4334,2
4335,1
4336,0
4337,2
4338,3
4339,0
4340,2
4341,0
4342,4
4343,0
4344,2
4345,1
4346,1
4347,4
4348,1
4349,1
4350,0
4351,2
4352,2
4353,1
4354,1
4355,1
4356,0
4357,4
4358,1
4359,2
4360,3
4361,3
4362,3
4363,0
4364,1
4365,0
4366,2
4367,2
4368,2
4369,3
4370,1
4371,4
4372,1
4373,4
4374,5
4375,1
4376,1
4377,2
4378,1
4379,1
4380,1
4381,2
4382,3
4383,0
4384,2
4385,1
4386,1
4387,2
4388,0
4389,0
4390,1
4391,6
4392,3
4393,1
4394,1
4395,0
4396,1
4397,1
4398,3
4399,4
4400,0
4401,1
4402,2
4403,3
4404,2
4405,0
4406,0
4407,1
4408,1
4409,3
4410,1
4411,1
4412,1
4413,1
4414,0
4415,1
4416,0
4417,1
4418,5
4419,1
4420,2
4421,0
4422,2
4423,1
4424,1
4425,1
4426,2
4427,3
4428,0
4429,1
4430,2
4431,0
4432,1
4433,0
4434,2
4435,0
4436,0
4437,2
4438,1
4439,1
4440,1
4441,2
4442,3
4443,3
4444,0
4445,0
4446,0
4447,4
4448,0
4449,2
4450,0
4451,0
4452,3
4453,1
4454,0
4455,0
4456,0
4457,0
4458,3
4459,2
4460,1
4461,0
4462,2
4463,1
4464,2
4465,3
4466,2
4467,1
4468,1
4469,2
4470,0
4471,3
4472,0
4473,1
4474,0
4475,4
4476,2
4477,2
4478,2
4479,1
4480,1
4481,2
4482,2
4483,0
4484,0
4485,2
4486,1
4487,3
4488,4
4489,1
4490,1
4491,1
4492,1
4493,5
4494,2
4495,0
4496,1
4497,3
4498,2
4499,2
4500,1
4501,0
4502,1
4503,0
4504,1
4505,1
4506,3
4507,0
4508,3
4509,0
4510,2
4511,0
4512,2
4513,2
4514,0
4515,2
4516,1
4517,4
4518,1
4519,2
4520,4
4521,2
4522,1
4523,1
4524,4
4525,2
4526,1
4527,3
4528,0
4529,0
4530,1
4531,3
4532,2
4533,0
4534,2
4535,0
4536,2
4537,1
4538,2
4539,0
4540,1
4541,1
4542,2
4543,0
4544,2
4545,0
4546,2
4547,0
4548,2
4549,1
4550,1
4551,2
4552,3
4553,0
4554,2
4555,1
4556,1
4557,2
4558,1
4559,2
4560,1
4561,2
4562,2
4563,0
4564,1
4565,0
4566,2
4567,2
4568,0
4569,0
4570,2
4571,1
4572,2
4573,2
4574,1
4575,2
4576,0
4577,1
4578,3
4579,0
4580,2
4581,0
4582,3
4583,0
4584,1
4585,1
4586,0
4587,2
4588,1
4589,1
4590,2
4591,3
4592,2
4593,2
4594,1
4595,0
4596,0
4597,2
4598,0
4599,0
4600,1
4601,1
4602,2
4603,1
4604,0
4605,2
4606,1
4607,0
4608,0
4609,2
4610,1
4611,4
4612,1
4613,2
4614,0
4615,1
4616,1
4617,0
4618,2
4619,2
4620,5
4621,2
4622,2
4623,1
4624,2
4625,1
4626,3
4627,0
4628,1
4629,3
4630,1
4631,0
4632,0
4633,2
4634,1
4635,2
4636,4
4637,1
4638,1
4639,0
4640,2
4641,1
4642,1
4643,1
4644,3
4645,2
4646,0
4647,1
4648,1
4649,0
4650,2
4651,3
4652,3
4653,1
4654,1
4655,2
4656,3
4657,1
4658,2
4659,1
4660,0
4661,1
4662,2
4663,0
4664,1
4665,2
4666,0
4667,2
4668,1
4669,2
4670,2
4671,1
4672,1
4673,1
4674,4
4675,1
4676,1
4677,5
4678,0
4679,5
4680,2
4681,2
4682,2
4683,2
4684,1
4685,3
4686,3
4687,0
4688,2
4689,1
4690,1
4691,2
4692,1
4693,0
4694,1
4695,1
4696,4
4697,1
4698,0
4699,0
4700,0
4701,1
4702,2
4703,3
4704,2
4705,2
4706,2
4707,0
4708,4
4709,0
4710,1
4711,2
4712,2
4713,0
4714,1
4715,1
4716,2
4717,0
4718,3
4719,4
4720,2
4721,1
4722,1
4723,0
4724,0
4725,3
4726,1
4727,3
4728,0
4729,3
4730,1
4731,4
4732,0
4733,1
4734,1
4735,0
4736,2
4737,4
4738,2
4739,1
4740,1
4741,1
4742,1
4743,3
4744,0
4745,3
4746,0
4747,0
4748,1
4749,2
4750,1
4751,0
4752,1
4753,1
4754,1
4755,0
4756,2
4757,4
4758,0
4759,1
4760,1
4761,5
4762,4
4763,0
4764,2
4765,2
4766,1
4767,1
4768,2
4769,0
4770,1
4771,0
4772,0
4773,2
4774,1
4775,1
4776,3
4777,4
4778,0
4779,3
4780,1
4781,2
4782,0
4783,0
4784,0
4785,1
4786,1
4787,0
4788,1
4789,0
4790,1
4791,1
4792,1
4793,4
4794,2
4795,2
4796,0
4797,1
4798,2
4799,1
4800,3
4801,1
4802,2
4803,0
4804,1
4805,0
4806,1
4807,0
4808,2
4809,0
4810,0
4811,0
4812,2
4813,1
4814,2
4815,1
4816,2
4817,2
4818,0
4819,4
4820,0
4821,1
4822,1
4823,0
4824,1
4825,2
4826,2
4827,2
4828,1
4829,2
4830,1
4831,0
4832,0
4833,1
4834,1
4835,0
4836,1
4837,2
4838,2
4839,1
4840,0
4841,2
4842,1
4843,4
4844,2
4845,1
4846,0
4847,0
4848,2
4849,1
4850,1
4851,2
4852,1
4853,0
4854,1
4855,3
4856,0
4857,3
4858,1
4859,4
4860,3
4861,1
4862,1
4863,2
4864,3
4865,1
4866,3
4867,1
4868,2
4869,2
4870,3
4871,4
4872,2
4873,1
4874,0
4875,3
4876,2
4877,1
4878,2
4879,1
4880,3
4881,2
4882,3
4883,2
4884,1
4885,5
4886,2
4887,2
4888,0
4889,0
4890,2
4891,4
4892,3
4893,1
4894,0
4895,1
4896,2
4897,2
4898,2
4899,1
4900,2
4901,2
4902,4
4903,1
4904,2
4905,1
4906,0
4907,0
4908,3
4909,1
4910,0
4911,0
4912,1
4913,0
4914,4
4915,4
4916,1
4917,2
4918,0
4919,3
4920,2
4921,1
4922,1
4923,0
4924,0
4925,0
4926,1
4927,0
4928,1
4929,0
4930,1
4931,3
4932,0
4933,1
4934,3
4935,2
4936,2
4937,2
4938,1
4939,1
4940,3
4941,3
4942,0
4943,2
4944,3
4945,2
4946,3
4947,2
4948,2
4949,1
4950,3
4951,3
4952,3
4953,3
4954,1
4955,0
4956,3
4957,3
4958,2
4959,0
4960,4
4961,2
4962,1
4963,0
4964,0
4965,1
4966,2
4967,4
4968,3
4969,2
4970,1
4971,1
4972,1
4973,0
4974,4
4975,3
4976,2
4977,1
4978,1
4979,2
4980,2
4981,0
4982,1
4983,1
4984,2
4985,0
4986,2
4987,0
4988,0
4989,1
4990,3
4991,0
4992,2
4993,1
4994,1
4995,4
4996,0
4997,0
4998,2
4999,0
5000,3
5001,2
5002,1
5003,1
5004,2
5005,0
5006,0
5007,1
5008,0
5009,0
5010,0
5011,2
5012,0
5013,3
5014,3
5015,0
5016,1
5017,1
5018,2
5019,1
5020,1
5021,2
5022,1
5023,3
5024,3
5025,0
5026,1
5027,1
5028,1
5029,3
5030,1
5031,1
5032,1
5033,1
5034,3
5035,4
5036,3
5037,2
5038,2
5039,3
5040,1
5041,0
5042,2
5043,0
5044,0
5045,5
5046,0
5047,4
5048,0
5049,0
5050,3
5051,1
5052,0
5053,2
5054,1
5055,1
5056,1
5057,3
5058,1
5059,1
5060,0
5061,0
5062,0
5063,1
5064,1
5065,0
5066,1
5067,4
5068,0
5069,1
5070,2
5071,1
5072,0
5073,0
5074,1
5075,1
5076,2
5077,1
5078,1
5079,0
5080,1
5081,1
5082,2
5083,1
5084,4
5085,1
5086,1
5087,0
5088,2
5089,0
5090,0
5091,2
5092,0
5093,1
5094,1
5095,3
5096,0
5097,1
5098,0
5099,0
5100,1
5101,1
5102,1
5103,3
5104,0
5105,0
5106,0
5107,0
5108,0
5109,0
5110,2
5111,1
5112,1
5113,1
5114,3
5115,0
5116,2
5117,1
5118,0
5119,0
5120,0
5121,1
5122,2
5123,1
5124,2
5125,3
5126,0
5127,1
5128,0
5129,0
5130,1
5131,0
5132,0
5133,3
5134,0
5135,2
5136,0
5137,1
5138,1
5139,1
5140,1
5141,0
5142,0
5143,2
5144,3
5145,5
5146,3
5147,4
5148,1
5149,2
5150,1
5151,0
5152,0
5153,1
5154,2
5155,1
5156,1
5157,1
5158,3
5159,1
5160,2
5161,0
5162,1
5163,3
5164,1
5165,3
5166,0
5167,2
5168,2
5169,1
5170,1
5171,0
5172,1
5173,1
5174,0
5175,1
5176,0
5177,0
5178,2
5179,2
5180,1
5181,1
5182,1
5183,2
5184,2
5185,0
5186,2
5187,1
5188,2
5189,1
5190,3
5191,0
5192,1
5193,1
5194,0
5195,3
5196,2
5197,1
5198,2
5199,2
5200,1
5201,0
5202,1
5203,0
5204,0
5205,2
5206,2
5207,2
5208,0
5209,3
5210,0
5211,0
5212,3
5213,0
5214,3
5215,2
5216,1
5217,0
5218,0
5219,1
5220,2
5221,0
5222,3
5223,3
5224,2
5225,2
5226,0
5227,2
5228,1
5229,0
5230,0
5231,2
5232,1
5233,1
5234,1
5235,1
5236,1
5237,1
5238,0
5239,0
5240,3
5241,4
5242,0
5243,2
5244,2
5245,1
5246,2
5247,2
5248,1
5249,2
5250,0
5251,0
5252,1
5253,3
5254,2
5255,2
5256,4
5257,4
5258,2
5259,1
5260,2
5261,1
5262,1
5263,2
5264,2
5265,3
5266,7
5267,1
5268,1
5269,3
5270,0
5271,3
5272,4
5273,4
5274,0
5275,1
5276,2
5277,5
5278,2
5279,0
5280,2
5281,0
5282,3
5283,1
5284,0
5285,0
5286,1
5287,1
5288,1
5289,1
5290,2
5291,3
5292,1
5293,0
5294,0
5295,5
5296,3
5297,4
5298,1
5299,0
5300,1
5301,2
5302,2
5303,2
5304,1
5305,3
5306,1
5307,1
5308,1
5309,0
5310,0
5311,3
5312,2
5313,1
5314,2
5315,0
5316,1
5317,3
5318,3
5319,1
5320,2
5321,1
5322,1
5323,0
5324,1
5325,0
5326,2
5327,2
5328,1
5329,3
5330,0
5331,1
5332,2
5333,0
5334,1
5335,3
5336,3
5337,2
5338,0
5339,1
5340,1
5341,2
5342,0
5343,0
5344,2
5345,0
5346,1
5347,0
5348,2
5349,4
5350,0
5351,2
5352,0
5353,1
5354,1
5355,3
5356,1
5357,1
5358,1
5359,0
5360,3
5361,1
5362,2
5363,2
5364,6
5365,2
5366,0
5367,0
5368,2
5369,1
5370,0
5371,1
5372,0
5373,4
5374,0
5375,4
5376,1
5377,0
5378,3
5379,1
5380,1
5381,0
5382,1
5383,1
5384,0
5385,0
5386,1
5387,1
5388,1
5389,1
5390,2
5391,1
5392,2
5393,0
5394,1
5395,0
5396,2
5397,2
5398,2
5399,2
5400,3
5401,3
5402,1
5403,1
5404,2
5405,3
5406,3
5407,2
5408,2
5409,2
5410,3
5411,1
5412,0
5413,1
5414,0
5415,1
5416,2
5417,2
5418,2
5419,1
5420,1
5421,1
5422,0
5423,0
5424,3
5425,2
5426,0
5427,2
5428,2
5429,2
5430,2
5431,2
5432,0
5433,0
5434,1
5435,5
5436,1
5437,2
5438,3
5439,1
5440,2
5441,1
5442,1
5443,1
5444,0
5445,4
5446,4
5447,0
5448,0
5449,2
5450,0
5451,2
5452,1
5453,0
5454,1
5455,3
5456,1
5457,4
5458,1
5459,1
5460,1
5461,3
5462,1
5463,1
5464,1
5465,2
5466,1
5467,0
5468,0
5469,1
5470,1
5471,1
5472,1
5473,1
5474,2
5475,1
5476,0
5477,3
5478,0
5479,1
5480,3
5481,1
5482,2
5483,1
5484,5
5485,3
5486,1
5487,1
5488,1
5489,2
5490,1
5491,1
5492,0
5493,2
5494,0
5495,1
5496,1
5497,2
5498,2
5499,0
5500,3
5501,0
5502,2
5503,0
5504,2
5505,1
5506,2
5507,1
5508,1
5509,1
5510,4
5511,2
5512,0
5513,0
5514,1
5515,0
5516,0
5517,3
5518,4
5519,2
5520,3
5521,2
5522,1
5523,1
5524,0
5525,2
5526,1
5527,1
5528,0
5529,2
5530,3
5531,2
5532,0
5533,3
5534,1
5535,2
5536,1
5537,2
5538,0
5539,2
5540,3
5541,2
5542,0
5543,1
5544,0
5545,2
5546,2
5547,4
5548,0
5549,1
5550,1
5551,1
5552,1
5553,2
5554,0
5555,1
5556,1
5557,1
5558,2
5559,1
5560,2
5561,2
5562,3
5563,2
5564,0
5565,1
5566,1
5567,0
5568,1
5569,4
5570,1
5571,2
5572,0
5573,0
5574,4
5575,2
5576,1
5577,2
5578,1
5579,3
5580,4
5581,2
5582,3
5583,2
5584,3
5585,1
5586,4
5587,3
5588,0
5589,6
5590,3
5591,0
5592,1
5593,0
5594,0
5595,2
5596,1
5597,3
5598,1
5599,1
5600,1
5601,1
5602,1
5603,0
5604,3
5605,3
5606,4
5607,4
5608,1
5609,2
5610,0
5611,1
5612,1
5613,3
5614,1
5615,2
5616,3
5617,2
5618,3
5619,2
5620,2
5621,2
5622,0
5623,1
5624,2
5625,1
5626,0
5627,1
5628,2
5629,2
5630,3
5631,5
5632,0
5633,1
5634,3
5635,1
5636,3
5637,1
5638,1
5639,2
5640,2
5641,1
5642,4
5643,3
5644,0
5645,2
5646,0
5647,1
5648,4
5649,2
5650,2
5651,4
5652,0
5653,1
5654,3
5655,3
5656,1
5657,2
5658,1
5659,1
5660,0
5661,2
5662,1
5663,3
5664,1
5665,1
5666,1
5667,2
5668,1
5669,0
5670,1
5671,2
5672,0
5673,2
5674,2
5675,0
5676,1
5677,1
5678,1
5679,1
5680,2
5681,3
5682,1
5683,0
5684,0
5685,2
5686,2
5687,1
5688,2
5689,0
5690,2
5691,2
5692,0
5693,0
5694,4
5695,3
5696,2
5697,0
5698,1
5699,1
5700,0
5701,3
5702,6
5703,1
5704,1
5705,0
5706,1
5707,0
5708,2
5709,0
5710,1
5711,1
5712,5
5713,3
5714,2
5715,0
5716,1
5717,1
5718,0
5719,1
5720,2
5721,2
5722,1
5723,1
5724,0
5725,2
5726,0
5727,1
5728,2
5729,1
5730,1
5731,3
5732,3
5733,0
5734,2
5735,2
5736,3
5737,2
5738,0
5739,1
5740,2
5741,1
5742,1
5743,3
5744,1
5745,0
5746,2
5747,1
5748,3
5749,1
5750,1
5751,0
5752,2
5753,1
5754,1
5755,2
5756,1
5757,2
5758,2
5759,1
5760,2
5761,0
5762,3
5763,1
5764,0
5765,2
5766,0
5767,2
5768,0
5769,4
5770,4
5771,1
5772,1
5773,2
5774,1
5775,1
5776,0
5777,0
5778,2
5779,1
5780,3
5781,2
5782,1
5783,2
5784,0
5785,1
5786,2
5787,1
5788,0
5789,3
5790,2
5791,2
5792,1
5793,3
5794,5
5795,0
5796,1
5797,1
5798,2
5799,1
5800,1
5801,4
5802,2
5803,3
5804,2
5805,1
5806,1
5807,1
5808,3
5809,2
5810,1
5811,1
5812,2
5813,0
5814,1
5815,1
5816,3
5817,1
5818,1
5819,2
5820,3
5821,2
5822,0
5823,2
5824,1
5825,2
5826,0
5827,0
5828,0
5829,3
5830,1
5831,3
5832,1
5833,0
5834,0
5835,1
5836,2
5837,3
5838,2
5839,3
5840,3
5841,1
5842,4
5843,0
5844,1
5845,0
5846,1
5847,2
5848,1
5849,0
5850,1
5851,1
5852,0
5853,0
5854,0
5855,2
5856,0
5857,0
5858,2
5859,2
5860,0
5861,3
5862,3
5863,4
5864,0
5865,1
5866,1
5867,3
5868,1
5869,1
5870,1
5871,2
5872,0
5873,1
5874,2
5875,1
5876,1
5877,0
5878,1
5879,0
5880,0
5881,0
5882,3
5883,1
5884,0
5885,1
5886,1
5887,1
5888,1
5889,0
5890,0
5891,2
5892,2
5893,1
5894,0
5895,4
5896,1
5897,0
5898,0
5899,0
5900,1
5901,2
5902,1
5903,0
5904,2
5905,3
5906,1
5907,1
5908,3
5909,4
5910,0
5911,1
5912,0
5913,2
5914,3
5915,3
5916,2
5917,2
5918,2
5919,2
5920,1
5921,0
5922,3
5923,2
5924,3
5925,1
5926,0
5927,1
5928,1
5929,1
5930,2
5931,1
5932,1
5933,3
5934,4
5935,0
5936,0
5937,3
5938,0
5939,2
5940,1
5941,3
5942,0
5943,1
5944,1
5945,0
5946,0
5947,2
5948,1
5949,2
5950,1
5951,1
5952,2
5953,2
5954,0
5955,2
5956,0
5957,1
5958,0
5959,0
5960,2
5961,3
5962,2
5963,0
5964,0
5965,3
5966,0
5967,0
5968,0
5969,1
5970,2
5971,0
5972,2
5973,0
5974,1
5975,0
5976,1
5977,1
5978,1
5979,0
5980,1
5981,3
5982,1
5983,2
5984,3
5985,2
5986,1
5987,3
5988,1
5989,2
5990,1
5991,3
5992,0
5993,1
5994,2
5995,0
5996,2
5997,1
5998,3
5999,0
6000,2
6001,2
6002,3
6003,2
6004,1
6005,4
6006,0
6007,1
6008,2
6009,3
6010,2
6011,1
6012,1
6013,0
6014,1
6015,1
6016,2
6017,2
6018,2
6019,1
6020,2
6021,2
6022,1
6023,2
6024,3
6025,2
6026,6
6027,0
6028,0
6029,1
6030,2
6031,1
6032,0
6033,2
6034,1
6035,1
6036,0
6037,2
6038,0
6039,2
6040,3
6041,2
6042,1
6043,2
6044,0
6045,0
6046,2
6047,0
6048,3
6049,1
6050,0
6051,2
6052,1
6053,1
6054,0
6055,4
6056,0
6057,1
6058,0
6059,3
6060,0
6061,1
6062,0
6063,0
6064,0
6065,1
6066,2
6067,2
6068,0
6069,0
6070,0
6071,0
6072,0
6073,2
6074,0
6075,1
6076,2
6077,1
6078,4
6079,2
6080,1
6081,2
6082,1
6083,0
6084,5
6085,3
6086,1
6087,1
6088,3
6089,0
6090,1
6091,5
6092,4
6093,1
6094,1
6095,1
6096,1
6097,1
6098,4
6099,1
6100,1
6101,0
6102,0
6103,0
6104,3
6105,2
6106,1
6107,3
6108,1
6109,2
6110,2
6111,2
6112,1
6113,2
6114,2
6115,3
6116,2
6117,1
6118,2
6119,1
6120,1
6121,3
6122,0
6123,2
6124,4
6125,3
6126,0
6127,1
6128,1
6129,1
6130,2
6131,2
6132,2
6133,3
6134,3
6135,4
6136,1
6137,1
6138,1
6139,0
6140,1
6141,3
6142,0
6143,1
6144,0
6145,2
6146,1
6147,0
6148,0
6149,2
6150,1
6151,0
6152,2
6153,0
6154,0
6155,0
6156,1
6157,2
6158,4
6159,2
6160,2
6161,2
6162,3
6163,0
6164,3
6165,2
6166,2
6167,4
6168,4
6169,1
6170,0
6171,2
6172,3
6173,3
6174,1
6175,3
6176,1
6177,3
6178,1
6179,2
6180,2
6181,1
6182,4
6183,2
6184,2
6185,0
6186,3
6187,0
6188,1
6189,3
6190,4
6191,3
6192,0
6193,0
6194,0
6195,1
6196,2
6197,1
6198,1
6199,1
6200,2
6201,0
6202,3
6203,4
6204,2
6205,0
6206,0
6207,3
6208,1
6209,0
6210,0
6211,1
6212,1
6213,3
6214,2
6215,0
6216,3
6217,2
6218,2
6219,3
6220,1
6221,0
6222,2
6223,0
6224,1
6225,3
6226,2
6227,2
6228,0
6229,1
6230,0
6231,2
6232,2
6233,2
6234,4
6235,1
6236,1
6237,2
6238,2
6239,1
6240,3
6241,1
6242,0
6243,3
6244,2
6245,1
6246,1
6247,1
6248,0
6249,3
6250,1
6251,3
6252,2
6253,2
6254,1
6255,2
6256,1
6257,1
6258,1
6259,1
6260,1
6261,1
6262,0
6263,3
6264,1
6265,0
6266,2
6267,1
6268,6
6269,1
6270,0
6271,2
6272,1
6273,0
6274,2
6275,2
6276,2
6277,0
6278,1
6279,1
6280,2
6281,0
6282,0
6283,2
6284,1
6285,2
6286,1
6287,2
6288,3
6289,3
6290,1
6291,2
6292,0
6293,2
6294,0
6295,5
6296,3
6297,1
6298,3
6299,0
6300,2
6301,1
6302,0
6303,1
6304,3
6305,2
6306,1
6307,2
6308,1
6309,3
6310,0
6311,6
6312,0
6313,2
6314,0
6315,0
6316,0
6317,0
6318,0
6319,2
6320,1
6321,5
6322,2
6323,3
6324,1
6325,0
6326,2
6327,1
6328,1
6329,0
6330,1
6331,2
6332,1
6333,0
6334,4
6335,1
6336,0
6337,3
6338,3
6339,3
6340,0
6341,2
6342,0
6343,3
6344,2
6345,0
6346,2
6347,5
6348,4
6349,1
6350,1
6351,3
6352,1
6353,2
6354,3
6355,0
6356,2
6357,0
6358,2
6359,0
6360,3
6361,0
6362,3
6363,3
6364,2
6365,2
6366,0
6367,0
6368,1
6369,1
6370,1
6371,0
6372,0
6373,2
6374,2
6375,1
6376,4
6377,2
6378,0
6379,1
6380,0
6381,0
6382,0
6383,3
6384,1
6385,3
6386,2
6387,1
6388,1
6389,3
6390,3
6391,0
6392,0
6393,3
6394,1
6395,0
6396,0
6397,0
6398,2
6399,4
6400,3
6401,1
6402,1
6403,2
6404,3
6405,2
6406,2
6407,2
6408,1
6409,2
6410,0
6411,1
6412,1
6413,1
6414,2
6415,3
6416,2
6417,4
6418,1
6419,0
6420,2
6421,1
6422,1
6423,2
6424,5
6425,2
6426,1
6427,0
6428,4
6429,1
6430,3
6431,2
6432,1
6433,2
6434,1
6435,1
6436,1
6437,2
6438,1
6439,2
6440,0
6441,1
6442,0
6443,1
6444,1
6445,2
6446,0
6447,0
6448,2
6449,1
6450,1
6451,0
6452,3
6453,3
6454,2
6455,4
6456,3
6457,1
6458,2
6459,5
6460,0
6461,2
6462,1
6463,2
6464,0
6465,0
6466,1
6467,2
6468,0
6469,0
6470,3
6471,4
6472,4
6473,1
6474,1
6475,0
6476,1
6477,2
6478,0
6479,2
6480,1
6481,0
6482,1
6483,3
6484,0
6485,1
6486,2
6487,1
6488,1
6489,3
6490,2
6491,1
6492,0
6493,0
6494,4
6495,2
6496,1
6497,0
6498,2
6499,1
6500,1
6501,6
6502,1
6503,1
6504,9
6505,1
6506,3
6507,3
6508,3
6509,2
6510,1
6511,3
6512,0
6513,3
6514,2
6515,2
6516,0
6517,0
6518,1
6519,2
6520,0
6521,2
6522,2
6523,0
6524,0
6525,0
6526,2
6527,0
6528,0
6529,3
6530,1
6531,0
6532,1
6533,2
6534,1
6535,3
6536,0
6537,0
6538,0
6539,1
6540,1
6541,0
6542,2
6543,2
6544,1
6545,1
6546,5
6547,1
6548,2
6549,1
6550,1
6551,0
6552,3
6553,1
6554,3
6555,1
6556,1
6557,1
6558,3
6559,2
6560,1
6561,1
6562,3
6563,3
6564,2
6565,4
6566,0
6567,3
6568,5
6569,4
6570,3
6571,0
6572,0
6573,1
6574,5
6575,3
6576,0
6577,0
6578,1
6579,1
6580,1
6581,1
6582,1
6583,0
6584,1
6585,1
6586,2
6587,1
6588,3
6589,0
6590,3
6591,0
6592,3
6593,4
6594,3
6595,1
6596,1
6597,0
6598,0
6599,1
6600,0
6601,3
6602,4
6603,0
6604,3
6605,3
6606,2
6607,2
6608,2
6609,3
6610,0
6611,3
6612,3
6613,2
6614,4
6615,2
6616,2
6617,0
6618,2
6619,3
6620,5
6621,2
6622,3
6623,1
6624,4
6625,0
6626,2
6627,2
6628,1
6629,2
6630,0
6631,2
6632,1
6633,0
6634,1
6635,3
6636,0
6637,1
6638,1
6639,0
6640,2
6641,3
6642,1
6643,1
6644,1
6645,0
6646,2
6647,0
6648,1
6649,1
6650,1
6651,2
6652,3
6653,2
6654,1
6655,3
6656,3
6657,2
6658,1
6659,2
6660,1
6661,0
6662,1
6663,0
6664,2
6665,0
6666,2
6667,1
6668,0
6669,4
6670,0
6671,0
6672,2
6673,1
6674,1
6675,1
6676,2
6677,0
6678,1
6679,0
6680,1
6681,3
6682,4
6683,2
6684,0
6685,1
6686,0
6687,3
6688,2
6689,0
6690,3
6691,1
6692,3
6693,0
6694,2
6695,6
6696,2
6697,2
6698,1
6699,2
6700,1
6701,4
6702,1
6703,4
6704,2
6705,0
6706,0
6707,0
6708,0
6709,0
6710,2
6711,2
6712,2
6713,0
6714,1
6715,2
6716,0
6717,1
6718,3
6719,2
6720,3
6721,2
6722,1
6723,3
6724,2
6725,4
6726,2
6727,2
6728,2
6729,1
6730,0
6731,0
6732,2
6733,1
6734,1
6735,1
6736,1
6737,4
6738,3
6739,1
6740,1
6741,4
6742,2
6743,1
6744,3
6745,1
6746,0
6747,1
6748,1
6749,0
6750,1
6751,3
6752,4
6753,0
6754,3
6755,3
6756,0
6757,1
6758,2
6759,1
6760,2
6761,0
6762,2
6763,1
6764,3
6765,2
6766,1
6767,4
6768,1
6769,3
6770,2
6771,2
6772,3
6773,2
6774,2
6775,0
6776,0
6777,0
6778,0
6779,2
6780,0
6781,7
6782,2
6783,0
6784,0
6785,1
6786,1
6787,2
6788,2
6789,5
6790,1
6791,0
6792,3
6793,2
6794,2
6795,2
6796,0
6797,3
6798,1
6799,3
6800,3
6801,1
6802,3
6803,1
6804,2
6805,0
6806,3
6807,3
6808,3
6809,2
6810,1
6811,4
6812,1
6813,2
6814,0
6815,3
6816,5
6817,2
6818,0
6819,3
6820,0
6821,1
6822,0
6823,0
6824,4
6825,2
6826,2
6827,0
6828,1
6829,2
6830,3
6831,0
6832,4
6833,1
6834,1
6835,2
6836,2
6837,1
6838,4
6839,2
6840,0
6841,3
6842,0
6843,2
6844,2
6845,2
6846,2
6847,0
6848,3
6849,2
6850,1
6851,1
6852,0
6853,0
6854,2
6855,1
6856,1
6857,0
6858,0
6859,4
6860,0
6861,1
6862,1
6863,1
6864,1
6865,0
6866,1
6867,1
6868,1
6869,3
6870,1
6871,4
6872,1
6873,2
6874,0
6875,2
6876,3
6877,1
6878,2
6879,1
6880,5
6881,2
6882,1
6883,3
6884,2
6885,1
6886,0
6887,0
6888,0
6889,1
6890,2
6891,2
6892,1
6893,2
6894,1
6895,0
6896,2
6897,1
6898,2
6899,1
6900,0
6901,0
6902,0
6903,0
6904,1
6905,2
6906,1
6907,0
6908,3
6909,0
6910,2
6911,1
6912,1
6913,3
6914,2
6915,0
6916,2
6917,0
6918,2
6919,0
6920,1
6921,2
6922,3
6923,2
6924,2
6925,1
6926,1
6927,2
6928,0
6929,3
6930,1
6931,1
6932,2
6933,2
6934,2
6935,2
6936,2
6937,1
6938,2
6939,3
6940,0
6941,5
6942,1
6943,2
6944,1
6945,0
6946,3
6947,1
6948,0
6949,4
6950,4
6951,1
6952,4
6953,3
6954,1
6955,0
6956,1
6957,1
6958,2
6959,0
6960,1
6961,4
6962,0
6963,2
6964,1
6965,1
6966,1
6967,1
6968,3
6969,0
6970,0
6971,3
6972,2
6973,0
6974,1
6975,0
6976,0
6977,4
6978,0
6979,0
6980,3
6981,1
6982,1
6983,1
6984,1
6985,1
6986,1
6987,2
6988,1
6989,3
6990,0
6991,1
6992,2
6993,2
6994,1
6995,2
6996,1
6997,0
6998,1
6999,2
7000,1
7001,0
7002,1
7003,1
7004,2
7005,0
7006,0
7007,3
7008,6
7009,1
7010,1
7011,1
7012,2
7013,2
7014,0
7015,2
7016,1
7017,2
7018,3
7019,2
7020,1
7021,1
7022,0
7023,1
7024,1
7025,2
7026,3
7027,2
7028,3
7029,1
7030,0
7031,4
7032,1
7033,1
7034,0
7035,2
7036,1
7037,0
7038,0
7039,3
7040,1
7041,2
7042,2
7043,0
7044,1
7045,3
7046,2
7047,1
7048,0
7049,4
7050,0
7051,1
7052,2
7053,2
7054,0
7055,4
7056,2
7057,1
7058,2
7059,2
7060,1
7061,0
7062,4
7063,0
7064,4
7065,0
7066,2
7067,3
7068,1
7069,4
7070,4
7071,5
7072,0
7073,1
7074,1
7075,2
7076,1
7077,0
7078,1
7079,1
7080,1
7081,1
7082,2
7083,1
7084,1
7085,2
7086,2
7087,1
7088,0
7089,1
7090,2
7091,1
7092,2
7093,0
7094,0
7095,3
7096,4
7097,3
7098,0
7099,1
7100,1
7101,2
7102,3
7103,3
7104,1
7105,2
7106,1
7107,1
7108,5
7109,1
7110,1
7111,2
7112,0
7113,3
7114,1
7115,1
7116,2
7117,2
7118,2
7119,0
7120,2
7121,0
7122,1
7123,2
7124,2
7125,1
7126,0
7127,3
7128,2
7129,1
7130,2
7131,3
7132,1
7133,0
7134,0
7135,3
7136,2
7137,1
7138,3
7139,0
7140,3
7141,2
7142,1
7143,1
7144,1
7145,0
7146,1
7147,2
7148,5
7149,1
7150,1
7151,2
7152,1
7153,1
7154,4
7155,1
7156,1
7157,5
7158,1
7159,0
7160,2
7161,1
7162,1
7163,2
7164,1
7165,2
7166,2
7167,2
7168,0
7169,0
7170,0
7171,1
7172,0
7173,4
7174,0
7175,1
7176,1
7177,1
7178,1
7179,4
7180,2
7181,2
7182,3
7183,1
7184,1
7185,4
7186,1
7187,3
7188,1
7189,1
7190,0
7191,0
7192,1
7193,0
7194,0
7195,0
7196,1
7197,2
7198,2
7199,1
7200,1
7201,1
7202,1
7203,3
7204,4
7205,1
7206,1
7207,0
7208,3
7209,2
7210,0
7211,1
7212,1
7213,3
7214,2
7215,3
7216,2
7217,0
7218,0
7219,1
7220,0
7221,1
7222,5
7223,2
7224,0
7225,1
7226,4
7227,1
7228,0
7229,2
7230,0
7231,0
7232,2
7233,2
7234,2
7235,1
7236,3
7237,0
7238,5
7239,5
7240,0
7241,0
7242,1
7243,0
7244,1
7245,1
7246,0
7247,1
7248,0
7249,2
7250,1
7251,1
7252,1
7253,2
7254,2
7255,1
7256,3
7257,2
7258,0
7259,2
7260,0
7261,2
7262,1
7263,1
7264,1
7265,2
7266,2
7267,2
7268,1
7269,0
7270,2
7271,2
7272,6
7273,1
7274,1
7275,1
7276,0
7277,0
7278,2
7279,0
7280,1
7281,2
7282,0
7283,1
7284,1
7285,1
7286,0
7287,2
7288,1
7289,0
7290,3
7291,1
7292,3
7293,3
7294,1
7295,2
7296,3
7297,1
7298,1
7299,2
7300,3
7301,3
7302,3
7303,1
7304,0
7305,1
7306,1
7307,3
7308,1
7309,1
7310,1
7311,0
7312,1
7313,1
7314,0
7315,1
7316,1
7317,1
7318,3
7319,1
7320,0
7321,1
7322,2
7323,3
7324,1
7325,1
7326,1
7327,1
7328,1
7329,3
7330,1
7331,1
7332,4
7333,1
7334,1
7335,3
7336,1
7337,1
7338,1
7339,2
7340,0
7341,0
7342,2
7343,1
7344,0
7345,2
7346,0
7347,2
7348,5
7349,2
7350,0
7351,4
7352,4
7353,0
7354,1
7355,1
7356,1
7357,1
7358,0
7359,1
7360,2
7361,3
7362,0
7363,1
7364,1
7365,2
7366,2
7367,0
7368,1
7369,2
7370,1
7371,2
7372,1
7373,2
7374,2
7375,1
7376,1
7377,0
7378,0
7379,2
7380,1
7381,1
7382,2
7383,1
7384,0
7385,1
7386,1
7387,2
7388,1
7389,1
7390,3
7391,1
7392,1
7393,1
7394,3
7395,1
7396,1
7397,1
7398,1
7399,4
7400,4
7401,3
7402,1
7403,1
7404,3
7405,0
7406,0
7407,0
7408,3
7409,1
7410,1
7411,3
7412,3
7413,3
7414,1
7415,2
7416,0
7417,1
7418,1
7419,2
7420,1
7421,2
7422,0
7423,1
7424,0
7425,1
7426,3
7427,1
7428,2
7429,0
7430,1
7431,2
7432,2
7433,1
7434,0
7435,1
7436,1
7437,2
7438,1
7439,2
7440,3
7441,2
7442,2
7443,4
7444,0
7445,1
7446,0
7447,1
7448,2
7449,3
7450,2
7451,2
7452,0
7453,1
7454,3
7455,1
7456,3
7457,1
7458,3
7459,3
7460,2
7461,3
7462,1
7463,2
7464,1
7465,3
7466,3
7467,0
7468,1
7469,2
7470,2
7471,0
7472,0
7473,1
7474,1
7475,0
7476,1
7477,2
7478,3
7479,2
7480,2
7481,2
7482,2
7483,2
7484,0
7485,4
7486,4
7487,2
7488,1
7489,1
7490,2
7491,2
7492,2
7493,0
7494,1
7495,2
7496,3
7497,1
7498,2
7499,4
7500,1
7501,2
7502,0
7503,2
7504,3
7505,3
7506,2
7507,1
7508,1
7509,2
7510,1
7511,2
7512,0
7513,3
7514,3
7515,3
7516,1
7517,1
7518,0
7519,2
7520,1
7521,4
7522,0
7523,0
7524,0
7525,0
7526,1
7527,1
7528,3
7529,0
7530,2
7531,0
7532,0
7533,1
7534,1
7535,1
7536,2
7537,2
7538,1
7539,2
7540,1
7541,2
7542,2
7543,1
7544,1
7545,0
7546,1
7547,2
7548,5
7549,1
7550,2
7551,1
7552,2
7553,0
7554,1
7555,0
7556,1
7557,2
7558,3
7559,0
7560,1
7561,3
7562,0
7563,1
7564,2
7565,1
7566,2
7567,0
7568,1
7569,1
7570,3
7571,1
7572,1
7573,2
7574,2
7575,1
7576,2
7577,0
7578,0
7579,2
7580,0
7581,0
7582,4
7583,1
7584,1
7585,1
7586,1
7587,2
7588,0
7589,2
7590,3
7591,3
7592,2
7593,1
7594,2
7595,0
7596,0
7597,1
7598,1
7599,2
7600,3
7601,2
7602,0
7603,3
7604,4
7605,1
7606,0
7607,0
7608,1
7609,0
7610,1
7611,2
7612,1
7613,0
7614,0
7615,2
7616,0
7617,2
7618,2
7619,1
7620,0
7621,1
7622,2
7623,1
7624,5
7625,0
7626,1
7627,2
7628,1
7629,1
7630,1
7631,1
7632,2
7633,0
7634,1
7635,2
7636,1
7637,2
7638,1
7639,1
7640,4
7641,1
7642,0
7643,0
7644,4
7645,2
7646,1
7647,1
7648,2
7649,2
7650,1
7651,5
7652,0
7653,2
7654,1
7655,1
7656,4
7657,2
7658,0
7659,3
7660,1
7661,1
7662,1
7663,1
7664,1
7665,1
7666,0
7667,0
7668,1
7669,0
7670,1
7671,2
7672,2
7673,2
7674,1
7675,4
7676,1
7677,2
7678,0
7679,3
7680,0
7681,1
7682,0
7683,1
7684,2
7685,2
7686,0
7687,4
7688,4
7689,0
7690,3
7691,1
7692,4
7693,3
7694,2
7695,2
7696,4
7697,2
7698,0
7699,2
7700,2
7701,0
7702,2
7703,2
7704,2
7705,2
7706,2
7707,0
7708,5
7709,1
7710,5
7711,0
7712,1
7713,1
7714,2
7715,1
7716,0
7717,1
7718,2
7719,1
7720,1
7721,1
7722,0
7723,2
7724,2
7725,1
7726,0
7727,4
7728,4
7729,0
7730,1
7731,2
7732,1
7733,3
7734,3
7735,3
7736,0
7737,3
7738,1
7739,1
7740,2
7741,3
7742,0
7743,1
7744,1
7745,5
7746,1
7747,1
7748,2
7749,2
7750,0
7751,3
7752,1
7753,1
7754,0
7755,4
7756,2
7757,4
7758,1
7759,1
7760,2
7761,3
7762,3
7763,1
7764,3
7765,1
7766,1
7767,1
7768,0
7769,1
7770,2
7771,1
7772,0
7773,1
7774,1
7775,1
7776,1
7777,2
7778,1
7779,0
7780,3
7781,1
7782,3
7783,1
7784,3
7785,3
7786,1
7787,1
7788,0
7789,2
7790,2
7791,0
7792,0
7793,1
7794,2
7795,2
7796,3
7797,0
7798,1
7799,2
7800,2
7801,0
7802,1
7803,3
7804,0
7805,2
7806,1
7807,0
7808,0
7809,2
7810,2
7811,3
7812,2
7813,0
7814,1
7815,3
7816,1
7817,0
7818,1
7819,1
7820,0
7821,2
7822,1
7823,2
7824,2
7825,0
7826,2
7827,3
7828,2
7829,4
7830,1
7831,1
7832,2
7833,3
7834,1
7835,1
7836,1
7837,3
7838,1
7839,2
7840,3
7841,1
7842,3
7843,2
7844,0
7845,4
7846,2
7847,1
7848,1
7849,1
7850,1
7851,1
7852,1
7853,1
7854,0
7855,2
7856,1
7857,3
7858,3
7859,0
7860,2
7861,1
7862,1
7863,0
7864,1
7865,1
7866,1
7867,1
7868,1
7869,4
7870,2
7871,1
7872,2
7873,0
7874,2
7875,2
7876,2
7877,2
7878,0
7879,2
7880,0
7881,1
7882,1
7883,1
7884,2
7885,0
7886,2
7887,0
7888,0
7889,1
7890,0
7891,2
7892,1
7893,2
7894,1
7895,0
7896,3
7897,3
7898,2
7899,3
7900,0
7901,2
7902,2
7903,3
7904,4
7905,0
7906,0
7907,0
7908,2
7909,0
7910,1
7911,2
7912,2
7913,1
7914,4
7915,1
7916,1
7917,2
7918,0
7919,0
7920,1
7921,2
7922,1
7923,6
7924,2
7925,1
7926,3
7927,2
7928,3
7929,3
7930,0
7931,1
7932,1
7933,1
7934,2
7935,2
7936,2
7937,2
7938,2
7939,2
7940,2
7941,3
7942,0
7943,1
7944,2
7945,1
7946,2
7947,2
7948,0
7949,0
7950,1
7951,3
7952,0
7953,0
7954,1
7955,3
7956,1
7957,0
7958,4
7959,0
7960,2
7961,3
7962,1
7963,0
7964,1
7965,1
7966,2
7967,2
7968,3
7969,3
7970,1
7971,2
7972,4
7973,3
7974,2
7975,1
7976,1
7977,2
7978,0
7979,2
7980,2
7981,1
7982,0
7983,1
7984,3
7985,1
7986,1
7987,1
7988,0
7989,2
7990,0
7991,3
7992,1
7993,1
7994,2
7995,2
7996,1
7997,1
7998,3
7999,0
8000,0
8001,0
8002,0
8003,0
8004,1
8005,2
8006,2
8007,0
8008,1
8009,1
8010,0
8011,0
8012,0
8013,0
8014,4
8015,1
8016,1
8017,0
8018,1
8019,2
8020,1
8021,0
8022,2
8023,2
8024,1
8025,4
8026,0
8027,0
8028,0
8029,1
8030,2
8031,0
8032,2
8033,1
8034,1
8035,2
8036,1
8037,0
8038,5
8039,2
8040,1
8041,2
8042,0
8043,1
8044,1
8045,1
8046,1
8047,0
8048,3
8049,1
8050,0
8051,1
8052,0
8053,0
8054,3
8055,1
8056,0
8057,2
8058,1
8059,1
8060,0
8061,0
8062,3
8063,1
8064,0
8065,0
8066,3
8067,2
8068,2
8069,0
8070,1
8071,0
8072,1
8073,1
8074,3
8075,2
8076,2
8077,1
8078,3
8079,0
8080,1
8081,1
8082,3
8083,3
8084,1
8085,2
8086,3
8087,1
8088,0
8089,4
8090,2
8091,4
8092,2
8093,2
8094,1
8095,2
8096,2
8097,2
8098,2
8099,0
8100,1
8101,2
8102,0
8103,5
8104,2
8105,2
8106,3
8107,1
8108,4
8109,1
8110,5
8111,1
8112,0
8113,0
8114,2
8115,1
8116,3
8117,1
8118,2
8119,1
8120,0
8121,1
8122,2
8123,1
8124,3
8125,0
8126,1
8127,1
8128,1
8129,0
8130,0
8131,4
8132,1
8133,1
8134,2
8135,3
8136,0
8137,1
8138,0
8139,0
8140,0
8141,0
8142,0
8143,1
8144,3
8145,0
8146,0
