3580593,50.0
5954925,50.0
3580598,50.0
3579558,103.3
3579553,103.2
3579552,103.25
3579555,4.0
3579554,100.0
3715064,0.15000000000000002
3715066,0.05
3715069,0.53
779216,100.0
1949672,50.0
27371,1000.0
5871324,50.0
755602,0.0
755600,0.0
3774056,537.08
3580061,0.2
3580062,0.15000000000000002
3713963,50.0
3711779,50.0
1939164,0.30000000000000004
1701751,50.0
3713514,555.0
3713511,1000.0
1357639,104.1
51845,100.0
3713192,0.0
3184706,0.0
3713194,103.45
3713201,800.0
3713204,40.0
3713428,100.0
166931,0.0
4078459,100.95
739216,0.0
2661296,50.0
775768,400.0
1941096,25.0
6147844,50.0
5872281,50.0
752397,0.0
3579959,100.0
779256,100.0
3579954,50.0
3579956,100.0
3579951,50.0
3579950,50.0
3579953,50.0
3579952,50.0
3715741,0.8
5181,2050.0
2218271,100.35
1933504,100.0
5871536,900.0
3724260,50.0
3399806,0.0
1296055,50.0
5844170,45.0
3579821,50.0
3579820,50.0
3579823,100.0
779413,300.0
3579825,0.05
3579824,50.0
3579827,100.0
779095,100.0
779096,50.0
3795239,1.22
5877308,5.75
779076,250.0
779077,50.0
3580328,50.0
3579736,33.0
779072,0.0
3579730,50.0
3579732,50.0
3580322,0.09
3579738,100.0
779079,0.0
777922,50.0
751776,50.0
1276954,14.0
1900184,0.0
3714630,10.0
774031,0.0
777035,50.0
3580216,4.140000000000001
230648,0.0
3715456,50.0
3715458,15.5
177811,2000.0
3712676,100.0
3715691,100.0
3714981,50.0
3714980,0.03
3628301,107.55
3715955,1.1
776457,0.0
5968190,50.0
3579547,103.14999999999999
738925,0.0
3579548,103.1
779147,0.1
3580108,10.99
3580109,50.0
3580259,50.0
2130642,50.0
5873685,50.0
5570822,50.0
3805902,10.0
3669716,0.0
5974733,50.0
3712290,50.0
3748040,50.0
5940731,50.0
3580079,50.0
1945415,50.0
3580074,50.0
3580073,100.0
3580070,0.02
3712854,102.7
3718404,50.0
5521638,102.95
3713507,5.0
3713501,50.0
3713180,5.0
3713182,49.0
3713184,2.0
5852562,101.7
3713189,103.35
3742784,50.0
776187,0.0
776184,50.0
3934966,100.0
732317,100.0
5852367,50.0
3715557,0.05
3713433,103.7
778918,50.0
1949683,100.0
778916,0.0
778914,50.0
3713518,103.8
772352,0.0
5861498,50.0
3716596,50.0
772993,50.0
33446,7.050000000000001
618816,100.01
778828,0.0
5856020,0.0
112947,0.0
3565321,0.0
3579949,106.85
3579942,106.7
3579943,100.0
3579946,106.8
3579947,106.95
3579944,106.75
1908176,99.39999999999999
157398,6.0
5926081,0.08
1442197,0.0
3579836,30.0
3579837,1.99
3579834,100.0
3579835,100.0
3579830,100.0
6303598,18.75
5882304,104.8
3472304,0.0
3714533,50.0
3836656,0.0
3714758,107.14999999999999
3040890,0.0
3297744,50.0
779089,350.0
779083,1200.02
779082,0.0
779086,0.0
284764,0.0
751018,0.0
779065,0.0
779064,50.0
3579721,50.0
3579727,104.85
3579724,104.75
3579725,50.0
3579728,0.0
3579729,50.0
3579500,100.0
5991038,50.0
5926262,13.6
6248141,1.0
5727535,50.0
3714621,100.0
778622,0.0
5942635,0.0
3694135,0.0
3580262,8.0
3580261,0.9800000000000001
3712665,0.0
3578715,0.0
3580264,50.0
4982822,0.0
5873566,50.0
3715467,0.0
3579615,0.0
3715463,0.38
667005,0.0
1244403,50.0
3715487,39.0
3715485,0.44
3694358,50.0
3662975,0.0
1920007,100.0
3579532,50.0
3579531,50.0
774649,0.0
778134,50.0
3580666,50.0
5920148,0.1
3579289,50.0
3716295,50.0
3579285,50.0
3579287,50.0
3579283,14.399999999999999
3716105,50.0
5391882,40.0
3712287,101.1
403523,0.0
3580003,107.5
3580002,0.0
3580001,0.05
11296,50.0
3580006,50.0
3580005,107.45
3580004,0.0
3610858,50.0
779073,50.0
3713532,900.0
3713535,0.0
3713537,2000.0
3698930,1000.0
3579193,50.0
3721348,50.0
3035247,50.0
5934761,0.0
3716614,50.0
240947,0.0
766127,0.0
3583722,50.0
3713408,50.0
805894,50.0
3713158,50.0
778907,0.0
339842,50.0
5500953,100.0
3578953,0.0
5854193,102.0
3578959,0.0
5833837,100.64999999999999
3579693,50.0
778429,100.0
778832,0.0
778425,0.0
4476100,50.0
3711711,50.0
3711715,50.0
774900,10.0
10502,10438.18
3711485,50.0
683711,0.0
763554,0.0
701464,1000.0
3678621,100.0
3579843,13.0
3579842,20.0
3579840,30.0
3579847,50.0
3579846,100.0
3579845,10.0
3579849,50.0
3579848,0.05
5262634,101.75
752281,0.0
3714290,50.0
3714292,106.0
1862535,0.0
5770456,50.0
3719563,50.0000001
3933689,9700.0
3580132,100.0
779058,50.0
778582,0.0
3580130,50.0
3579994,50.0
3579997,107.64999999999999
3581057,50.0
4863385,50.0
779182,500.0
3714618,50.0
779180,0.1
779181,0.05
779186,50.01
779187,50.0
6059203,50.0
779185,200.0
778453,50.0
779188,455.0
779189,1800.02
4193466,0.0
3714873,107.7
3714875,2.0
778634,0.0
778639,100.0
774011,0.0
3580270,2075.15
3580271,50.0
3580276,50.0
3580277,50.0
3709402,0.0
5871826,103.64999999999999
6238609,106.05
207489,0.0
779183,0.1
611026,750.0
750530,0.0
3715678,100.0
1910790,118.11
3715497,150.0
4911046,50.0
779184,15.0
3715492,0.5
3698063,655.0
5868951,1000.0
896333,0.0
3714612,106.2
3712721,500.0
5920607,0.14
575728,0.0
5656459,23.099999999999998
776897,0.0
3579292,50.0
3579293,100.8
3579296,0.0
3579294,100.75
3579295,0.0
3569324,0.0
5899337,50.0
3579452,102.05
3579453,0.0
3712129,50.0
3580019,50.0
3712433,100.0
3712431,50.0
5872957,50.0
3580017,107.8
3579184,0.0
3579185,100.0
3579182,50.0
3579183,100.05
3579180,50.0
5645727,50.0
3461009,0.0
3579999,0.1
3716426,50.0
3713147,100.0
3716422,50.0
3713143,50.0
3713092,100.0
3579077,0.0
3579078,0.0
778933,10.14
3724104,50.0
3579275,50.0
3579276,100.7
3579277,0.0
3713520,103.75
742639,1.0
3579278,50.0
3580042,0.02
5872186,50.0
3711562,50.0
5867185,0.0
3713705,104.3
3713700,50.0
943233,50.0
3313671,103.55
609211,6.3
3711701,0.0
3711702,100.14999999999999
3711705,0.0
3711707,50.0
775355,0.0
5919371,0.5
90724,4.0
3711819,50.0
3711817,50.0
3579850,50.15
5924252,50.0
6152680,0.05
5833721,100.0
3802448,25.89
3658,0.0
774241,0.0
777473,0.0
1919858,101.89999999999999
779047,450.0
3581280,50.0
3715242,0.14
4109752,4.0
771230,0.75
3714600,0.0
744910,0.0
3579980,50.0
779191,150.0
779190,0.98
779193,55.0
779192,150.0
779195,50.0
779194,200.0
779197,300.0
779196,2300.0900002000003
779199,5.95
779198,800.0
777686,50.0
750989,0.0
5921239,0.26
3712600,0.0
778481,645.22
778488,0.0
3580244,12.06
3580241,0.08
3580240,0.8600000000000001
3579678,0.0
3714460,100.0
3579670,104.0
5912594,107.35
3579677,104.2
3714265,50.0
3715643,21.2
3580603,50.0
3579518,50.0
3715881,50.0
3715886,50.0
3715805,0.06999999999999999
3680886,100.0
5879259,0.0
5946470,50.0
748264,100.0
629827,50.0
3580027,107.85
3580020,50.0
3580022,50.0
3579460,102.2
3716127,90.0
3840230,50.0
5185924,50.0
3715738,6.119999999999999
1928062,50.0
2379566,103.6
3712427,50.0
3713394,50.0
1916103,100.0
1949782,50.0
3579112,20.0
5817615,0.01
5729280,0.0
5029290,105.55
4555214,99.7
778927,0.0
772361,0.0
778920,50.01
3716257,50.0
3579240,100.55
3579243,100.45
3716253,50.0
3579244,100.39999999999999
3579246,50.0
3716258,50.0
3633929,11.700000000000001
3485491,0.0
5008626,100.0
5303084,100.0
3711959,50.0
3711953,0.0
4304676,2.1999999999999997
3713605,50.0
772891,51.0
3579864,50.0
3579866,15.75
3579860,100.0
3579862,10.06
3968339,50.01
5989065,50.0
582567,1.0
3711731,1500.0
1961104,50.0
779218,100.0
778031,50.0
2076211,50.0
3119236,101.0
779037,0.0
3714671,0.0
3714677,100.0
1956410,50.0
3715215,50.0
3393859,104.35
5876106,103.85
777677,0.0
779146,51.0
1863075,0.0
779144,0.1
779145,50.0
779142,221.01
779143,0.1
778499,0.0
779141,50.0
3712634,50.0
3580256,16.02
779148,13.370000000000001
779149,75.0
3579880,106.14999999999999
5876744,0.0
3714708,2000.0
5920998,0.46
779170,300.0
3714701,106.6
3782503,50.0
3579509,50.0
1936653,107.05
3579501,100.0
1998955,18.0
6269936,100.0
3715033,0.45
3580652,50.0
3715034,0.01
5855942,102.3
5526772,50.0
3581490,50.0
3276652,0.0
3580380,100.0
3580385,50.0
3579476,102.39999999999999
3579475,102.45
5586298,50.0
3580032,0.08
3580033,0.03
3580030,50.0
3580031,0.01
3580034,108.0
3580035,107.95
3888191,100.0
3712892,102.8
3712894,102.75
3854423,50.0
3714633,0.0
3712562,50.0
3712566,300.0
5941134,14.040000000000001
3713163,50.0
778953,100.0
1238371,0.0
778959,0.0
3579095,50.0
3579096,50.0
3579092,99.45
5324437,50.0
3578905,0.0
3144708,100.0
5821671,50.0
5993589,50.01
779140,0.1
192679,0.0
5922294,0.03
3579971,107.1
3713616,50.0
3580194,0.68
3095112,50.0
3579600,50.0
80859,0.0
3352604,0.0
763932,0.0
779200,200.0
779209,100.0
779208,2000.09
727014,50.0
1941024,0.2
3580355,50.0
3714391,50.0
3580351,50.0
779026,50.0
3714663,50.0
5855575,0.0
3714802,50.0
3714804,100.0
779155,955.0
3579653,50.0
779157,0.5499999999999999
779156,50.0
779151,111.12
779150,350.02
779153,2000.0
779152,30.0
3579658,100.0
779159,200.0
779158,0.12
778317,0.0
3579892,50.0000001
3715628,0.05
778795,0.0
3714716,100.0
5959761,50.0
3714711,106.64999999999999
1920828,102.5
778774,350.0
778772,150.0
3712713,0.0
778770,300.0
3580623,50.0
3714724,50.0
3581482,50.0
710671,1000.0
3715537,50.0
3715288,500.0
3715827,50.0
3579403,101.45
732906,50.0
3507286,0.0
777083,1000.0
3579409,100.0
3579408,101.5
3713979,100.0
3712154,50.0
1950500,50.0
3713971,104.89999999999999
3580281,1.04
1943153,50.0
3715758,10.08
3580284,50.0
3715750,50.0
5880577,50.0
6314706,50.0
776759,0.0
778936,0.0
5857787,100.0
3579312,50.0
3579311,50.0
3579310,50.0
3712574,50.0
776686,0.0
3671238,0.25
3696259,0.0
1061412,103.0
779028,0.0
1912800,50.0
3716271,1.6400000000000001
3716273,1.58
3716275,50.0
3716277,37.89
3713575,100.0
3713529,50.0
3713571,50.0
625487,50.0
6136325,105.6
3713592,103.95
5609843,50.0
93837,100.0
3579136,50.0
3579135,50.0
3579132,99.64999999999999
3579130,50.0
3580657,50.0
3713621,50.0
6262676,50.0
779308,100.0
3711660,0.05
3711667,0.03
3714018,50.0
779234,100.0
779107,0.1
5878180,50.0
3579792,50.0
779016,0.0
779017,450.0
779011,50.0
3579794,105.64999999999999
3579799,105.85
1924195,35.0
3714659,106.3
3714655,106.35
2699382,10.5
5829246,0.0
3244415,50.0
779160,200.0
779161,0.1
3715217,108.1
779163,0.1
779164,1411.48
779165,550.0
779166,3450.1300002000003
779167,400.0
779168,4.15
779169,9.0
3715634,50.0
2964640,0.0
3576056,0.0
1931788,105.95
3714900,100.0
725132,50.0
1943411,50.0
778767,50.0
6018562,50.0
3712769,102.25
403488,0.0
779154,50.0
5935417,0.62
3712629,50.0
3715290,0.32
3579657,50.0
4437786,0.04
3579654,50.0
3579410,101.6
3579411,0.0
3579415,100.0
3713960,1200.0
3579417,50.0
3579419,50.0
3712626,400.0
3712161,100.0
1160183,50.0
3712369,101.14999999999999
3580299,50.0
776433,0.0
3580525,50.0
3580295,1.1600000000000001
3580292,50.0
3580522,50.0
776747,0.0
3713360,50.0
3713362,100.0
3720739,50.0
777347,0.0
4302518,100.0
3578250,0.0
3579304,50.0
3579302,50.0
5872860,50.0
3716089,0.0
1929659,50.0
3712505,50.0
5890179,105.8
3574567,0.0
3713293,103.5
776102,50.0
693027,50.0
1946970,50.0
3716269,4.0
3716260,1.52
3579237,50.0
6228208,30.77
3713580,50.0
5905338,50.0
3582606,50.0
3579124,50.0
3579125,99.6
3579126,50.0
1909531,0.0
3579122,0.05
3717114,50.02
3579128,50.0
3711986,50.0
3713635,0.0
3713633,104.05
4394611,50.0
3711859,100.6
5878358,100.0
762350,0.0
3711671,50.0
3711672,100.1
3711674,0.0
3711676,50.0
5560928,0.0
3713188,103.39999999999999
779229,100.0
779226,100.01
3579780,50.0
3579783,50.15
3712710,102.14999999999999
778576,50.0
3576469,0.0
756799,0.30000000000000004
778371,0.0
1931760,100.0
779179,0.1
779178,0.1
779177,0.1
779176,0.3
779175,0.1
779174,0.4
779173,3850.220000000001
779172,50.0199985
779171,100.0199984
3715192,50.0
3714735,107.0
3581641,50.0
2875031,50.0
5948358,0.04
778194,0.0
5921309,0.01
778752,100.0
778753,0.0
778757,50.0
3580195,0.0
778759,50.0
3580191,50.0
5841133,50.0
6165207,100.0
3580354,50.0
3580352,50.0
107316,100.0
3714822,0.15000000000000002
778686,7.2
778687,100.0
778685,14.2
4977151,0.0
5817435,50.0
3715825,50.0
3579426,0.05
3715772,0.0
3712374,100.0
3580512,50.0
3713358,100.0
1937805,107.6
3712198,50.0
3579331,15.0
780205,750.0
3579332,100.0
3580176,50.0
5931392,0.0
63626,1550.0
737513,0.0
778966,0.0
778965,50.0
4384870,0.0
3579401,0.0
3712200,100.0
3716212,1.46
3716210,50.0
3712209,100.89999999999999
5858900,0.0
3716214,0.1
5855083,50.0
3579405,200.0
5185413,101.39999999999999
3671369,0.0
3763929,104.5
6120528,0.0
5992823,0.0
3612316,50.0
3716325,50.0
3579113,50.0
3704262,0.0
3579115,99.5
3579114,99.55
3579119,50.0
739855,50.0
5967879,50.0
748290,1.0
3716329,50.0
3580254,50.0
4114470,0.0
779129,0.15
3579118,50.0
1332783,0.02
5104,1529.79
780683,100.0
778986,0.0
778980,300.01
772929,0.0
1941967,45.0
10476,2000.0
3714032,0.0
469498,50.0
5990263,50.0
5938845,2.16
1222505,0.48
4408901,50.0
1956494,50.0
3579939,6.0
3579938,0.0
3579936,50.0
3579934,4.1
3579931,100.0
3579930,0.0
3711643,99.95
5920935,0.03
3714695,100.0
4219921,0.0
3579689,50.0
779108,100.0
779109,100.0
3600949,0.0
779101,50.0
779106,50.0
656279,74.79
3579686,100.0
774332,150.01
3714748,50.0
106788,50.0
778561,50.0
778560,50.0
777749,100.05
690147,10.0
777743,50.0
3580189,100.0
3580183,0.0
3579757,0.04
3715507,50.0
3579755,105.05
3579754,100.0
3715502,145.0
3580349,50.0
3715500,15.0
3579750,1.5
3579759,0.0
3579758,0.0
712530,20662.08
3566952,0.0
3579438,100.0
3579432,101.85
3579433,101.8
3579434,0.0
778232,0.0
3580504,50.0
3580508,50.0
4169430,50.0
3715165,0.13
3577925,0.0
5855850,50.0
3712342,0.0
3712694,102.1
683216,0.0
1936819,50.0
3715961,50.0
3579324,50.0
3579322,50.0
3712521,100.0
5849804,101.55
5835815,50.0
3758183,8.1
1946396,0.02
3489494,0.0
3579948,106.89999999999999
5491158,0.0
6316531,106.25
3579216,100.3
3579219,50.0
754545,0.0
3716202,50.0
3579771,50.0
3579773,105.25
3711763,50.0
632202,0.0
3716335,5.0
3716331,50.0
3579104,50.0
3717134,50.0
3579100,50.0
5875952,50.0
3713652,104.14999999999999
2068752,100.0
6136375,100.0
3711895,100.0
3711897,50.0
3711475,0.75
3711471,48.5
3711096,50.0
4248796,50.0
3579928,50.0
3579929,106.55
3579924,100.0
3579926,100.0
3579922,0.0
5883252,50.0
3695550,0.0
4425633,107.75
3579696,50.0
5849039,50.0
3579691,104.25
3714685,0.0
3714682,40.0
3579699,100.0
779119,100.0
779118,50.0
451765,0.0
779111,1000.0
779110,50.0
779113,0.1
779112,500.0
779115,50.0
779114,500.0
779117,1500.0
779116,200.0
528989,12100.0
3714206,100.0
3714756,107.2
3577005,0.0
3714597,0.0
778518,50.0
3580095,0.0
5920235,0.01
3715081,0.47000000000000003
778220,0.0
6069052,106.1
3712750,50.0
778227,50.0
3579745,50.0
3579746,5.0
3155712,0.0
775193,0.0
3579743,104.95
3580373,50.0
3579831,5.0
3579748,50.0
3579749,1.0
6308563,5.0
3576158,0.0
3580081,50.0
3580087,108.05
3580085,49.0
3580084,50.0
3580089,50.0
3580088,50.0
3713930,50.0
3579227,50.0
3579226,0.0
3712682,101.95
3608346,50.0
777197,50.0
3738579,50.0
776713,150.0
3579352,101.05
3579357,100.0
3712532,101.64999999999999
1950164,50.0
3579591,50.15
3579599,50.0
3580153,0.0
777289,50.0
3713249,1000.0
5932488,50.0
3715144,0.02
3716235,50.0
3716237,0.05
3716233,100.0
5916184,50.0
3713333,10.0
3713331,30.15
3713337,10.0
3712228,50.0
6278065,50.0
1842060,0.0
4110358,0.0
5836848,50.0
3739281,17.4
12290,10.0
3579179,50.0
3579178,50.0
3579173,50.0
3579172,50.0
3579171,0.0
3579177,0.0
3579175,50.0
3579174,99.89999999999999
3713661,0.0
3713467,50.0
4219235,50.0
6160852,50.0
6201512,0.0
3489424,0.0
3579919,0.0
3714160,50.0
3579912,19.75
3579917,106.45
3579916,106.5
778048,50.0
3579723,0.0
3788544,50.0
487383,0.0
5938959,50.0
704062,50.06
3715266,0.0
779124,2000.0
779125,50.0
779126,1.43
779127,10.27
779120,50.0
779121,100.0
779122,1000.0
779123,3450.04
3560702,106.39999999999999
779128,0.0
778346,0.0
4361557,50.0
5804609,0.0
3579734,50.0
1928972,100.0
3579685,50.0
1924221,0.0
6152376,105.7
778503,0.0
778504,0.0
3714562,40.0
3714785,0.0
778234,0.0
3715969,100.0
3714781,107.3
777765,0.0
3715963,50.0
3803317,50.0
3580363,50.0
97975,200.0
3579770,50.0
3788160,50.0
3579775,105.3
3579774,50.0
3579777,105.35
3579776,100.0
3579778,105.39999999999999
393619,0.0
3712425,50.0
681308,19.0
777966,0.0
3714302,100.0
777962,0.0
6026040,50.0
3580090,100.0
778651,0.0
620010,84.51
3580096,50.0
681944,64.54
3715893,20.0
774700,0.0
747762,50.0
5509876,0.04
3879715,50.0
92224,13.370000000000001
3715141,0.03
3696564,0.26
3854442,50.0
3716045,1.28
3588168,50.0
3716048,0.0
3712787,102.35
3581410,50.0
776815,50.0
3580413,1.7
776635,0.0
780034,100.0
3716224,0.0
5881098,104.55
3713327,40.15
3713072,103.05
1949714,50.0
778887,0.0
3579168,50.0
93311,11.0
666904,5.0
4573178,50.0
3579167,99.8
5896862,100.0
3712259,100.0
742051,0.3
4494963,50.0
3586477,50.0
3579753,50.0
3579751,105.0
778867,1100.0
3806446,1.34
107184,250.0
3727038,0.56
775131,50.0
779133,200.0
779132,1250.0
779131,2000.0
779130,300.0
779137,0.1
779136,0.1
779135,200.0
779134,250.01
779139,3544.96
779138,100.05
26699,50.0
5002173,100.0
3715319,0.0
5920702,0.09
1924238,0.0
5775430,0.0
3646685,107.89999999999999
746757,0.0
3714773,107.25
3714770,50.0
724290,464.0
3714794,100.0
5902261,100.0
3714791,107.39999999999999
3714793,9.8
3714798,0.0
3714799,50.0
3580313,0.0
3580311,0.0
3580315,0.05
1788308,50.0
3715559,0.0
3579766,100.0
3579767,105.2
3715225,100.0
3579765,105.1
3715223,100.0
3579763,100.0
3579760,50.0
3579761,50.0
549617,0.0
5704024,100.0
5876660,103.89999999999999
777970,60.0
5959655,50.0
778390,0.0
4502833,50.0
3580224,20.89
3569264,0.0
3580220,50.0
740689,0.0
3715428,50.0
3715133,0.13
3579537,50.0
3715130,0.14
777399,500.0
3579791,0.0
3579790,105.5
3717810,50.0
3579371,50.0
777152,50.0
3579373,100.0
3716033,50.0
3579241,100.5
3579577,50.0
6233688,0.0
3580139,0.05
321,2.2999999999999994
6047505,49.0
5711424,0.0
3580133,3.62
3579245,50.0
3712795,50.0
778011,50.0
3580134,50.0
3713554,50.0
3578174,0.0
5832015,50.0
3579489,100.0
3580044,0.54
3580043,0.2
3579166,50.0
3580041,0.55
3580040,0.25
3579482,0.0
3579481,102.55
140279,0.0
3579487,102.6
3579486,102.64999999999999
224319,0.1
5848820,101.3
778899,0.0
6115631,50.0
778892,0.0
778890,0.0
6007,50.0
3579395,101.35
3579391,50.0
6045313,50.0
1939890,0.08
3578997,0.0
778879,50.0
5790949,50.0
1918379,101.25
3714148,105.45
3335482,100.0
3714143,0.0
172925,50.0
3711688,100.25
3711683,0.03
3711685,0.0
775893,50.02
3920233,50.0
6153521,50.0
3579804,0.0
3579803,105.89999999999999
3579801,105.75
5920912,0.04
3714099,50.0
3695459,0.0
778701,50.0
5811597,0.0
3580303,0.0
3580304,150.0
3580308,0.0
3714325,0.0
3579713,0.0
3715236,50.0
3715541,50.0
3579717,0.0
3579716,104.64999999999999
3579714,104.7
3702470,0.0
3581090,50.0
5709274,25.0
1915875,100.85
5823546,99.85
5821819,99.75
3712497,50.0
778673,0.0
740322,50.0
777490,0.0
3579622,50.0
3733513,50.0
3712657,500.0
778384,0.0
3580232,0.05
1840418,0.0
3579709,104.6
3713870,0.0
3579369,50.0
3713876,0.0
5832118,50.0
3579362,50.0
3579363,50.0
3579364,50.0
3579365,40.0
3716029,100.0
3579566,50.0
733029,900.0
3580128,50.0
3580129,50.0
5831593,0.0
3491887,0.0
5410249,1.4000000000000001
3580125,100.0
3580127,73.0
6254145,0.0
771986,96.15
3712279,50.0
3704458,0.0
3579491,200.0
3712849,12.0
744550,0.0
5860092,102.85
778786,0.0
3579384,50.0
3579385,1000.0
3579382,101.2
3579383,0.05
249366,50.0
806932,102.89999999999999
779162,0.1
5875191,50.0
5944145,55.0
4125503,0.0
5180633,0.0
736504,0.75
779063,50.0
3711927,50.0
5922439,0.01
3579963,7.9
3579965,50.0
3579966,100.0
781430,100.0
3768759,0.92
3711696,0.04
3711693,100.2
3711690,0.0
3711699,0.0
3579818,50.0
3579815,0.0
3579816,50.0
3579812,50.0
779981,100.01
5943402,50.0
5903051,50.0
3576774,0.0
3714083,105.14999999999999
3714085,50.0
17440,0.0
5334943,100.0
4548870,50.0
778069,150.0
3580334,50.0
3580330,50.0
3714333,50.0
3579700,100.0
3579701,100.0
3579706,104.45
3579707,104.39999999999999
3715591,50.0
1806463,0.0
3715597,100.0
507986,635.25
778603,50.0
778600,0.0
4571394,50.0
5819411,2275.0
3581335,50.0
3580201,0.74
3580200,19.299999999999997
3580205,100.0
3698093,0.0
