3875783,1
781381,1
781570,2
781571,2
781572,1
781573,5
781574,4
781575,2
781576,1
781577,4
781578,3
781579,5
5618644,1
781477,3
3619127,1
3619125,1
3619122,2
3619121,1
3574338,0
3097389,1
3619303,1
3619302,0
3110104,1
3619305,2
3619304,2
4937115,1
781279,2
3619308,1
3876574,1
3874780,1
3619265,1
3619266,1
3619261,1
3619262,1
3619263,1
5892955,1
742163,2
780859,3
780673,1
779044,1
781207,0
3875006,2
780984,1
744910,3
3619197,1
778234,12
781614,1
3619191,1
3875434,1
4967116,2
3619199,2
5984974,1
730278,1
4929228,1
4931398,1
3618983,1
3874884,1
3862628,0
3618984,1
781534,5
781535,5
781536,2
781537,1
781530,4
781531,8
781532,2
781533,2
781538,6
781539,5
3618967,1
3618960,1
3618968,1
3899178,2
3619042,1
780691,1
3619160,1
781581,2
781580,3
781583,2
781582,1
781586,1
493297,1
3619223,2
3619226,1
3619228,2
3619229,1
780747,1
777819,5
3874107,1
3900660,1
709989,7
3873908,1
3095304,1
159054,1
3619294,1
781248,1
781321,7
3619293,1
781322,1
3619357,1
3619350,1
3619093,2
3619092,1
4780104,1
3913604,1
779672,1
781327,2
780148,1
3619358,1
778076,1
781598,1
780140,2
781118,6
3875463,1
781329,1
91967,1
780244,1
4958939,1
3618923,1
781664,1
3618926,1
3618927,2
3874310,1
3874079,1
4929844,1
781569,4
781568,3
781567,1
781566,4
781565,3
781564,2
781563,1
781562,1
781561,1
781560,7
3619135,1
3619137,2
3619131,1
3619133,2
3874274,1
3875491,1
3874277,2
689732,7
781433,5
3099068,1
780624,2
4237695,1
781363,3
3619252,2
3619255,1
3619254,1
3619257,2
201035,0
201031,9
4932884,1
780665,3
780840,4
4954615,1
780999,21
3709645,1
732317,1
3872664,0
781746,1
780192,1
3101174,2
3900035,1
780612,3
632354,1
780610,4
4926669,1
3874350,1
3874354,1
3874898,1
3874894,2
3874896,1
780929,2
781522,1
781520,6
781527,3
3875510,1
781481,2
781529,6
781528,4
780335,4
3618952,1
3618955,1
5104,2
780684,3
3619077,1
3619079,1
3875322,1
4934796,1
4930442,1
779710,2
781556,0
781557,12
781554,4
781555,6
781552,3
781553,7
781550,1
781551,4
3619216,1
779921,3
781558,7
781559,3
3874121,0
779406,1
4709522,1
3619280,1
3619286,2
3619287,1
3619288,1
781252,2
3873857,1
3619081,1
3619082,1
3619083,1
3619085,1
5035748,1
780159,4
3619584,1
5691783,1
106788,19
3850567,1
3700213,1
3618915,1
3618914,1
3618916,1
3620935,1
3619031,1
3619030,2
738090,12
3874307,1
777636,1
712530,1
3619173,1
781456,1
781455,1
4939693,1
781458,7
3619158,1
3618920,1
3619195,1
3619193,2
780777,2
780776,0
3619104,2
3618924,1
3903673,1
3874247,1
3871084,0
3627126,1
779444,1
781354,1
781427,5
3619245,0
3619329,1
1830438,1
3619246,0
634957,3
780500,6
3619299,2
62691,7
719829,3
732554,1
3852179,2
778555,1
4685384,1
3874510,2
781224,1
3108099,1
781227,1
392188,1
4958995,2
781632,1
738198,1
4869789,1
705742,1
760256,0
780387,2
779657,3
3874779,1
5358871,1
781005,2
3874341,1
780282,1
3619218,1
781084,0
781085,0
781003,1
780867,1
781082,0
780303,1
3619141,1
3618942,1
3618941,1
4709101,0
3875233,2
87414,3
735750,1
781545,3
781544,1
781547,5
781546,8
781541,1
781540,1
781543,5
781542,2
3619203,2
4409998,0
781549,6
781548,5
3619205,1
3874295,1
727888,10
733029,4
781497,3
3878929,1
781499,1
774730,5
3619376,1
3105543,2
3621938,1
3619372,1
3619371,1
780889,1
781061,1
780883,2
781305,5
3619274,1
689312,4
780643,0
780645,1
3875498,2
668279,1
4979540,1
4940033,1
3619389,1
3621137,1
3619380,1
5858846,2
3618902,1
781600,1
3618901,1
3618907,1
3618904,1
3618905,1
781608,1
3618909,1
3101216,1
691721,1
3997232,2
6067034,0
3619186,1
611026,1
777991,3
3874876,2
777624,1
3618992,1
781509,3
3874159,1
3618972,1
738279,1
3618970,1
781504,1
3619119,2
710378,2
3619112,1
781592,1
781590,1
781596,1
781597,1
3877354,1
3874612,1
3874596,1
3874593,1
3619231,1
3619236,1
3110031,1
3619238,1
3875349,1
693750,1
781183,0
3693119,1
4972165,1
580301,1
3618908,1
780122,2
3874505,4
776257,1
735662,1
781234,1
3619363,1
781723,1
3647631,0
780229,4
778263,1
4954922,1
4938425,1
5014019,1
3874575,2
6224488,1
3108742,1
3144863,1
623516,1
3881780,1
781094,1
3618971,1
775759,1
3618931,1
3619159,2
10476,5
3618934,1
3619015,1
3619014,1
3101153,1
