3656866,50.0
3967005,50.0
6025366,50.0
782353,50.0
3968196,50.0
3655440,50.0
6265189,50.0
3655444,50.0
4028703,50.0
3655446,50.0
3977302,50.0
4028664,50.0
4028708,50.0
630880,50.0
3655360,50.0
3655363,50.0
3655362,50.0
4049079,50.0
627593,50.0
3989511,50.0
4028683,50.0
3655548,50.0
3655662,50.0
3655663,50.0
3655667,50.0
5169375,50.0
631859,50.0
4052160,50.0
4028203,50.0
3958155,50.0
775436,100.0
4028204,50.0
3655714,50.0
3655717,50.0
637493,50.0
4028081,50.0
4028872,50.0
4028841,50.0
3612552,50.0
3655788,50.0
3655784,50.0
4028849,50.0
3698327,50.0
3956791,50.0
4054355,50.0
4058678,50.0
6022595,50.0
4028101,50.0
4027855,50.0
4027859,50.0
3655366,50.0
1979062,50.0
3996833,50.0
4052663,50.0
4053015,50.0
3393985,50.0
3989675,50.0
4028421,50.0
4027259,50.0
1116856,50.0
4027706,50.0
782388,1350.0
6282713,50.0
654331,50.0
716564,200.0
6292440,50.0
4052248,50.0
3655439,50.0
4266047,50.0
3655367,50.0
3655432,50.0
3655434,50.0
3655436,50.0
4054033,50.0
4029078,50.0
3655615,50.0
4027709,50.0
4028819,50.0
3655750,50.0
3655751,50.0
4027704,50.0
3655754,50.0
4028811,50.0
3989935,50.0
4051341,50.0
4028889,50.0
4052235,50.0
4029049,50.0
4028929,50.0
4028259,50.0
4027957,50.0
1616161,50.0
4053644,50.0
4027793,50.0
4054143,50.0
623014,50.0
4051535,50.0
4028185,50.0
3993911,50.0
3477749,50.0
4053055,50.0
4051411,50.0
4028181,50.0
4028070,50.0
5148726,50.0
4027924,50.0
4028076,50.0
4052197,50.0
5131231,50.0
4052699,50.0
4054393,50.0
4028147,50.0
3655389,50.0
6305325,50.0
3655383,50.0
3655382,50.0
3655381,50.0
4028280,50.0
2500991,50.0
4054568,50.0
3960943,50.0
3655376,50.0
3655373,50.0
3655474,50.0
4054405,50.0
3655473,50.0
3655472,50.0
671841,50.0
4057183,50.0
5166226,50.0
3696339,50.0
4028916,50.0
3979082,50.0
4028212,50.0
4053485,50.0
3655725,50.0
3655727,50.0
3655726,50.0
3655729,50.0
3655728,50.0
3663610,50.0
716437,150.0
6002910,50.0
3655654,50.0
3655657,50.0
3655656,50.0
3655651,50.0
3655650,50.0
3655653,50.0
3655652,50.0
3655794,50.0
3655795,50.0
3655796,50.0
3655797,50.0
3655790,50.0
3655658,50.0
781740,100.0
3556483,50.0
4027357,50.0
4028138,50.0
4028135,50.0
4052719,50.0
3655403,50.0
4052656,50.0
782148,200.0
4053029,50.0
1278835,50.0
4055459,50.0
681488,50.0
3443473,50.0
3972123,50.0
3655339,50.0
3655333,50.0
3655330,50.0
3655331,50.0
3655336,50.0
3655334,50.0
3655335,50.0
3973336,50.0
4049245,50.0
2292629,50.0
922133,50.0
780720,100.0
4057121,50.0
3655426,50.0
4028719,50.0
3655424,50.0
3655425,50.0
3655422,50.0
3655421,50.0
4051622,50.0
3655349,50.0
3655346,50.0
3655345,50.0
3655344,50.0
4028489,50.0
3655341,50.0
3655340,50.0
4029068,50.0
3655563,50.0
3579833,50.0
637992,100.0
4027249,50.0
4029060,50.0
4029061,50.0
4029064,50.0
4027712,50.0
6110578,50.0
3655355,50.0
4057752,50.0
635384,50.0
3966907,50.0
3655699,50.0
4027662,50.0
4028264,50.0
3967689,50.0
3655690,50.0
3655693,50.0
3655695,50.0
1128179,50.0
3655696,50.0
781879,350.0
781878,300.0
877536,50.0
3983421,50.0
4056056,50.0
3962841,50.0
6214236,50.0
3998537,50.0
3964485,50.0
3655760,50.0
3655769,50.0
3655768,50.0
4027733,50.0
3655670,50.0
4028842,50.0
6037349,50.0
4028049,50.0
4054373,50.0
6073839,50.0
4052681,50.0
4052685,50.0
659455,50.0
3655782,50.0
633739,50.0
3655398,50.0
3655484,50.0
3655485,50.0
3655390,50.0
3655391,50.0
3655392,50.0
3655393,50.0
3655394,50.0
3655395,50.0
3655396,50.0
3655397,50.0
4028296,50.0
3972670,50.0
1204169,50.0
3478811,50.0
3655462,50.0
3655460,50.0
3655461,50.0
4051116,50.0
4028191,50.0
884514,50.0
4028194,50.0
4028908,50.0
3565072,50.0
3655482,50.0
4028990,50.0
3655418,50.0
4028614,50.0
3655416,50.0
3655414,50.0
4028342,50.0
3655412,50.0
3655411,50.0
3655637,50.0
3655636,50.0
3655635,50.0
4028833,50.0
1071184,50.0
3655732,50.0
3655639,50.0
3655731,50.0
210014,50.0
1429631,50.0
4027943,50.0
3655642,50.0
3655643,50.0
3655641,50.0
4027910,50.0
3655645,50.0
3655648,50.0
3655649,50.0
4054237,50.0
4055635,50.0
4027875,50.0
6274087,50.0
4807263,50.0
3655704,50.0
790963,50.0
4028010,50.0
4052730,50.0
3967515,50.0
4028158,50.0
4052030,50.0
4028150,50.0
4058756,50.0
4450066,50.0
6185190,50.0
4183610,50.0
3954530,50.0
3655450,50.0
4028655,50.0
3655455,50.0
3655454,50.0
4028492,50.0
3655358,50.0
3655354,50.0
1100686,50.0
3655357,50.0
4052283,50.0
4027729,50.0
4028970,50.0
3655679,50.0
4028974,50.0
4203554,50.0
4027722,50.0
4028875,50.0
3655675,50.0
3655674,50.0
4037358,50.0
4286921,50.0
3655686,50.0
3655683,50.0
3655680,50.0
4027270,50.0
4028579,50.0
3655688,50.0
3655689,50.0
4028375,50.0
4052212,50.0
4028370,50.0
4027650,50.0
3655706,50.0
778555,750.0
819812,50.0
4029128,50.0
3655730,50.0
3994961,50.0
3655638,50.0
3655343,50.0
4048967,50.0
3655772,50.0
3655773,50.0
4053178,50.0
3655776,50.0
3655774,50.0
3655775,50.0
3655778,50.0
4058537,50.0
640624,150.0
3655821,50.0
4027901,50.0
4028112,50.0
4027905,50.0
4056569,50.0
4028052,50.0
4028940,50.0
4052071,50.0
4029055,50.0
4053632,50.0
4027881,50.0
4053639,50.0
5734474,50.0
4053003,50.0
4049265,50.0
4058221,50.0
3989765,50.0
4029052,50.0
4028748,50.0
4028026,50.0
4028022,50.0
3988364,50.0
4027745,50.0
3962773,50.0
4354552,50.0
4052782,50.0
3672213,50.0
4053852,50.0
3953383,50.0
583180,300.0
3655531,50.0
3655533,50.0
3655702,50.0
716573,100.0
377263,250.0
4057413,50.0
3988627,50.0
4028984,50.0
4028386,50.0
4423841,50.0
4027284,50.0
4055651,50.0
3655409,50.0
3655405,50.0
3655407,50.0
3655401,50.0
3655402,50.0
3655647,50.0
4027309,50.0
3655399,50.0
3655742,50.0
736039,100.0
3962950,50.0
3655365,50.0
4028245,50.0
4027767,50.0
4028248,50.0
4027414,50.0
4027907,50.0
4055726,50.0
4571540,50.0
4056137,50.0
620141,50.0
4058210,50.0
4028879,50.0
1993260,50.0
4027866,50.0
4027867,50.0
4052639,50.0
6324658,50.0
4027862,50.0
4027863,50.0
4028261,50.0
3969067,50.0
3655815,50.0
4049774,50.0
4054256,50.0
4028388,50.0
4057816,50.0
4028268,50.0
4028382,50.0
4028383,50.0
3957725,50.0
4049282,50.0
3655518,50.0
4028385,50.0
4415348,50.0
3989429,50.0
3969118,50.0
4028142,50.0
3970934,50.0
