3663269,50.0
3663268,50.0
3663173,50.0
4663171,50.0
3663174,50.0
4654582,50.0
3663261,50.0
3663071,50.0
3663072,50.0
3663073,50.0
4661714,50.0
3663264,50.0
3663267,50.0
3663077,50.0
4604372,50.0
3663255,50.0
4656539,50.0
4056980,50.0
4664236,50.0
650771,50.0
4056987,50.0
583180,50.0
4660713,50.0
3663276,50.0
4196342,50.0
3663123,50.0
3663176,50.0
4651486,50.0
664116,50.0
3663179,50.0
3663275,50.0
3663281,50.0
643474,50.0
4194521,50.0
631156,50.0
3663040,50.0
4195540,50.0
3663248,50.0
3663270,50.0
3663143,50.0
3663169,50.0
3663166,50.0
3663167,50.0
3663164,50.0
4195254,50.0
3663162,50.0
3663163,50.0
3663160,50.0
3663161,50.0
3663147,50.0
4195658,50.0
3663076,50.0
4192678,50.0
6015296,50.0
4056614,50.0
638926,50.0
4194392,50.0
5541004,50.0
5490820,50.0
1679432,50.0
3663302,50.0
4191018,50.0
3663066,50.0
3663301,50.0
4057184,50.0
4057185,50.0
782429,100.0
3663108,50.0
3663118,50.0
640624,100.0
4194173,50.0
648599,50.0
3663113,50.0
3663112,50.0
3663111,50.0
3663110,50.0
3663117,50.0
3663116,50.0
3663115,50.0
3663114,50.0
4195792,50.0
4056541,50.0
52497,300.0
3663288,50.0
3663151,50.0
3663228,50.0
4194066,50.0
4664081,50.0
3663280,50.0
3663287,50.0
3663284,50.0
3663079,50.0
3663251,50.0
3663252,50.0
5510458,50.0
3663045,50.0
3663254,50.0
3663047,50.0
3663046,50.0
3663041,50.0
3663273,50.0
3663043,50.0
3663101,50.0
3663229,50.0
3663074,50.0
4103461,0.0
3663278,50.0
3663279,50.0
3663027,50.0
3663026,50.0
3663025,50.0
3663257,50.0
3663021,50.0
4194273,50.0
3663102,50.0
3663103,50.0
3663105,50.0
3663106,50.0
3663028,50.0
3663298,50.0
3663299,50.0
3663148,50.0
5129819,50.0
4057158,50.0
4057405,50.0
3663293,50.0
3663294,50.0
3663295,50.0
3663297,50.0
3663193,50.0
3663192,50.0
3663191,50.0
3663190,50.0
4193302,50.0
4056970,50.0
3663221,50.0
4056972,50.0
3663203,50.0
3663053,50.0
3663207,50.0
3663304,50.0
3663205,50.0
3663055,50.0
3663242,50.0
3663058,50.0
3663059,50.0
716221,50.0
3663034,50.0
3663036,50.0
733081,50.0
3663031,50.0
3663033,50.0
634731,50.0
778555,100.0
3663038,50.0
3663155,50.0
4056098,50.0
3663238,50.0
3663291,50.0
4056093,50.0
716223,50.0
632354,50.0
4195105,50.0
3663180,50.0
3663182,50.0
3663183,50.0
3663185,50.0
3663189,50.0
3663150,50.0
3663128,50.0
3663210,50.0
3663211,50.0
3663212,50.0
3663213,50.0
3663215,50.0
3663217,50.0
3663218,50.0
4056147,50.0
782420,200.0
4665884,50.0
4056143,50.0
3663289,50.0
3663007,50.0
4056979,50.0
3663009,50.0
3663008,50.0
4666915,50.0
3663129,50.0
4056120,50.0
4057484,50.0
782401,250.0
4664531,50.0
4057132,50.0
4194216,50.0
3663158,50.0
4057135,50.0
3663095,50.0
4192138,50.0
4257938,50.0
3663134,50.0
3663136,50.0
3663131,50.0
3663130,50.0
3663132,50.0
4056126,50.0
3663122,50.0
3663226,50.0
4056156,50.0
3663220,50.0
3663223,50.0
637126,50.0
3663157,50.0
3663054,50.0
4194348,50.0
3663153,50.0
3663152,50.0
3663018,50.0
3663274,50.0
3663247,50.0
3663015,50.0
3663243,50.0
4056131,50.0
3663010,50.0
3663011,50.0
782430,1500.0
782431,400.0
4056519,50.0
4679337,50.0
4191597,50.0
3663292,50.0
4057122,50.0
3663125,50.0
3663052,50.0
4579098,50.0
4057440,50.0
4056057,50.0
4193620,50.0
3663089,50.0
3663088,50.0
3663120,50.0
3663078,50.0
3663126,50.0
3663127,50.0
3663124,50.0
4643421,50.0
3663081,50.0
3663080,50.0
3663083,50.0
3663082,50.0
3663085,50.0
4056046,50.0
3663087,50.0
4056154,50.0
3663144,50.0
3663145,50.0
3663069,50.0
3663068,50.0
3663140,50.0
3663141,50.0
3663142,50.0
5047783,50.0
3663063,50.0
3663062,50.0
3663061,50.0
3663060,50.0
3663067,50.0
3663149,50.0
3663065,50.0
3663064,50.0
3663253,50.0
4194675,50.0
4377463,50.0
3663222,50.0
782428,250.0
782427,900.0
4195525,50.0
3663146,50.0
4641319,50.0
3663096,50.0
3663097,50.0
3663094,50.0
3663208,50.0
3663092,50.0
3663093,50.0
3663090,50.0
3663091,50.0
4193999,50.0
668976,100.0
3663239,50.0
3663098,50.0
3663099,50.0
4056045,50.0
4191034,50.0
3663488,50.0
3663259,50.0
5349102,50.0
637493,50.0
635384,50.0
