781879,1
781878,1
3651466,1
631859,1
3651462,1
3651463,1
6130411,1
3651468,1
3651469,1
4011715,1
3971165,1
4226950,1
4011558,1
3528778,1
4011552,1
3971005,1
3532001,1
627593,1
4011815,1
4011818,1
3651617,1
5993742,1
3970751,1
3651558,1
3651559,1
3972356,1
3971501,1
3651611,1
4992185,1
4011548,1
4011840,1
3651612,1
3651464,1
3651628,1
6292479,1
3651499,1
4011925,1
4011922,1
3651486,1
4011668,1
3970913,1
640624,1
3651629,1
3973466,1
3973604,1
782377,1
3973167,1
3651525,1
4011771,1
3651482,1
3651484,1
3651485,1
746623,1
693135,1
4011681,1
4011560,1
3651595,1
3651539,1
3972788,1
3970270,1
4011608,1
3651632,1
3651575,1
631156,1
6143802,1
4011554,1
583180,1
781740,1
634731,1
778555,1
4011691,1
4011842,1
4011831,1
4011699,1
4011519,1
3973626,1
4011829,1
3970945,1
3651508,1
3971040,1
633864,1
3651503,1
3536954,1
3651507,1
3651506,1
3651581,1
3651580,1
3651583,1
3651582,1
3651585,1
3651584,1
3651587,1
3651586,1
3651620,1
3651621,1
683872,1
3651623,1
3651624,1
3651626,1
3651627,1
6320743,1
3971192,1
3651514,1
3651515,1
4011504,1
4011505,1
3651511,1
4011854,1
4011852,1
3651622,1
3651614,1
4011627,1
6265889,1
4011359,1
3651610,1
3651458,1
3651457,1
3651456,1
3651455,1
3651454,1
3651453,1
3651618,1
3651450,1
3970795,1
3973335,1
3651598,1
3651599,1
3651596,1
3651597,1
3651594,1
6295065,1
3651592,1
3651593,1
29886,1
4012108,1
6058319,1
3651563,1
3970881,1
3651561,1
3651560,1
3651567,1
3651566,1
4011982,1
3522215,1
4011823,1
3651569,1
4011827,1
4011825,1
3651602,1
3651603,1
3651601,1
3651606,1
3651449,1
3651604,1
3651445,1
3651608,1
3651609,1
3651441,1
3651442,1
3651443,1
6293219,1
3973128,1
6290563,1
4011735,1
623516,1
3969929,1
3651452,1
4970214,1
3651570,1
3651571,1
3972025,1
3651576,1
3651577,1
3651578,1
3651579,1
4011833,1
4011835,1
3651479,1
3971176,1
6267918,1
3651471,1
3651470,1
3651473,1
4938082,1
3971549,1
6273492,1
4012025,1
6294293,1
3651562,1
3651446,1
