3967005,1
6025366,1
4053639,1
781879,1
3968196,1
3655440,1
6265189,1
3655444,1
3655446,1
3977302,1
4028664,1
630880,1
3655360,1
3655363,1
3655362,1
4049079,1
627593,1
3655366,1
4028683,1
3655548,1
3655662,1
3655663,1
3655667,1
3952168,1
4052160,1
4028203,1
3958155,1
775436,1
4028204,1
4027357,1
637493,1
3655439,1
4027733,1
3956791,1
4054355,1
6022595,1
4028101,1
4027855,1
4027910,1
790963,1
4052663,1
4053015,1
3393985,1
3655461,1
4028421,1
3655329,1
3655328,1
3655325,1
3655326,1
1116856,1
782388,1
6282713,1
654331,1
716564,1
3655365,1
4052248,1
4028081,1
4266047,1
3655367,1
3655432,1
3655434,1
3655436,1
4054033,1
3655615,1
4027709,1
4027259,1
4027706,1
4027704,1
4051341,1
4052235,1
4028259,1
4027745,1
1616161,1
4053644,1
4052782,1
4054143,1
4051535,1
3477749,1
4053055,1
4048794,1
4028070,1
5148726,1
4027924,1
4028076,1
4052197,1
5131231,1
4052699,1
4054393,1
3655389,1
4048548,1
6305325,1
3655383,1
3655382,1
3655381,1
4051411,1
2500991,1
4054568,1
3960943,1
3655376,1
3655373,1
3655474,1
4054405,1
3655473,1
3655472,1
671841,1
5166226,1
4048339,1
4027957,1
3979082,1
4028212,1
4053485,1
716437,1
6002910,1
3655654,1
3655657,1
3655656,1
3655651,1
3655650,1
3655653,1
3655652,1
3655658,1
781740,1
4027793,1
3556483,1
4028138,1
4028135,1
4052719,1
4052656,1
782148,1
4053029,1
4049245,1
3655393,1
3443473,1
3972123,1
3655339,1
3655333,1
780720,1
3655331,1
3655336,1
3655334,1
3655335,1
3973336,1
2292629,1
922133,1
4028268,1
3655426,1
3655295,1
3655424,1
3655425,1
3655422,1
3655421,1
4051622,1
3655349,1
3655346,1
3655345,1
3655344,1
4028489,1
3655341,1
3655340,1
3655563,1
3579833,1
637992,1
4027249,1
4027712,1
6110578,1
1100686,1
3966907,1
3655699,1
3655462,1
4027662,1
4028264,1
3967689,1
3655690,1
3655693,1
3655695,1
3655309,1
1128179,1
3655696,1
4026944,1
4026945,1
4026942,1
781878,1
877536,1
4056056,1
3962841,1
6214236,1
3964485,1
6292440,1
3612552,1
1361826,1
3655670,1
6037349,1
4028049,1
4054373,1
6073839,1
4052681,1
3655647,1
4052685,1
3655330,1
3655398,1
3655399,1
3655485,1
3655390,1
3655391,1
3655392,1
4055459,1
3655394,1
3655395,1
3655396,1
3655397,1
4028296,1
3972670,1
3655307,1
3655306,1
4027022,1
3655460,1
3655308,1
4051116,1
4028191,1
884514,1
4028194,1
3655484,1
3565072,1
3655482,1
4048320,1
3952068,1
3655418,1
4028614,1
3655416,1
3655414,1
4028342,1
3655412,1
3655411,1
3655637,1
3655636,1
3655635,1
4027270,1
1071184,1
3655639,1
3655638,1
210014,1
1429631,1
4027943,1
3655642,1
3655643,1
3655641,1
4027859,1
3655645,1
3655648,1
3655649,1
4054237,1
4055635,1
4027875,1
6274087,1
5879325,1
4807263,1
4028010,1
4052639,1
3967515,1
4028158,1
4052030,1
4028150,1
778555,1
6185190,1
4183610,1
3954530,1
3655450,1
4028655,1
3655455,1
3655454,1
4028492,1
3655294,1
4028280,1
3655358,1
3655354,1
3655355,1
3655357,1
4052283,1
4027729,1
3983421,1
3655679,1
4203554,1
4027722,1
3655675,1
3655674,1
4037358,1
4286921,1
3655686,1
3655683,1
3655680,1
4028579,1
3655688,1
3655689,1
4028375,1
4052212,1
4028370,1
4027650,1
3655706,1
3655704,1
4026936,1
4026939,1
4027038,1
3655343,1
4048967,1
4027881,1
4053178,1
4027036,1
640624,1
819812,1
4027901,1
4028112,1
4027905,1
4027907,1
4028052,1
4052071,1
4053632,1
3951382,1
5449329,1
5734474,1
4053003,1
4049265,1
4048525,1
3655314,1
3655317,1
4028026,1
4028022,1
3988364,1
3962773,1
4354552,1
4028181,1
4028185,1
4053852,1
3953383,1
583180,1
3655531,1
3655533,1
3655702,1
716573,1
377263,1
4049282,1
4423841,1
4027284,1
4055651,1
3655409,1
3655405,1
3655407,1
3655401,1
3655402,1
3655403,1
4027309,1
3962950,1
4028245,1
4027767,1
4028248,1
4027414,1
4055726,1
4056137,1
620141,1
1993260,1
4027866,1
4027867,1
4052730,1
6324658,1
4027862,1
4027863,1
4028261,1
3969067,1
626423,1
4049774,1
4054256,1
4028388,1
5883480,1
4028382,1
4028383,1
3957725,1
4028386,1
3655518,1
4028385,1
4028147,1
3969118,1
4028142,1
3970934,1
