3847466,2
3847461,1
742163,1
4702601,1
3849519,1
781014,4
2893269,1
3847069,2
780882,10
4248327,2
3847791,1
3847065,2
3845622,2
779461,2
629827,2
3846758,2
780429,1
74018,2
1041132,0
4228760,1
3847081,1
3612522,1
3612523,2
3612521,2
3612526,1
3612527,1
3612524,1
3612525,1
3846367,1
775539,0
3844425,1
3845366,2
3845367,2
3612486,2
3847665,2
2878851,1
6156182,1
779264,0
4237058,2
3847660,2
3847663,1
3844462,1
780918,1
3612313,1
3612312,1
779689,3
3612314,1
4309374,1
780911,4
780910,14
3847937,1
3845220,2
779681,2
780914,0
4289941,2
780673,1
4954226,0
3848077,1
780859,2
779044,1
780982,0
780983,3
780980,0
780981,1
780986,4
780987,0
780984,1
780985,3
3846680,2
744910,3
3846682,2
780989,3
3846684,1
3846686,2
3846687,2
3612556,1
3612555,1
3612554,2
3612553,1
3612551,2
2893701,2
4311247,1
3612412,1
3612304,1
3612559,1
3612411,1
778234,10
3846863,1
2907677,1
3847192,1
779635,3
3612911,2
3845143,1
3846185,2
3846180,2
578371,0
3846915,1
774666,0
3847580,2
3846911,2
780325,3
751352,2
774700,0
5033185,2
4115851,0
780691,1
780756,2
3613659,1
3846223,2
780672,1
3846221,2
3847519,2
3846095,2
3847514,2
778850,0
6202816,2
3027541,0
6238121,1
3612433,2
5014717,1
493297,1
3845851,1
3845855,2
781039,1
781038,15
3754195,0
780528,1
781030,1
781033,0
781032,0
781035,1
781034,1
781037,0
781036,0
3613902,1
3847036,2
3847030,2
2891030,2
5193667,1
3841967,0
5104238,2
777819,2
3846489,2
780038,2
780137,3
420363,1
3846131,2
3846139,2
159054,1
3610478,0
3612454,1
3612455,1
4464075,2
3612458,1
3846032,2
780179,2
3612518,1
779098,1
3612513,2
3844517,1
4273295,2
3844512,1
3612516,2
780960,0
780961,0
780962,4
780963,0
780964,0
780965,0
780966,0
780967,0
780968,0
780969,3
3610499,0
3938458,2
732317,1
778886,2
3612461,1
780140,4
565146,1
368407,2
4225219,1
780777,0
3846566,2
3845188,0
3845679,2
780816,6
780817,1
3612351,2
3612350,1
3612353,0
5111354,1
3845670,2
3846811,1
3846810,1
3845005,2
3846814,1
1580815,1
5195716,2
780713,0
780499,1
3846264,1
778204,1
3846269,1
3847652,1
3847552,2
3846166,2
731578,1
3583902,0
3847559,2
3847491,2
3847495,1
780906,3
3879612,1
4293032,1
3612577,2
3847777,1
3848310,1
780567,1
3612512,1
3848962,1
780764,1
3612510,1
780763,1
3847171,1
735427,2
3846355,1
3847175,2
3847176,2
3848845,1
689732,6
3612528,1
3847605,2
779751,1
2878288,1
5011158,1
780624,4
777219,22
3847297,2
3846176,2
5173243,2
3612499,2
781040,3
781041,5
781042,0
781043,1
781044,0
781045,0
781046,2
5014691,2
781048,2
4321165,1
4237523,2
3846370,1
4282092,1
3847673,2
3847670,2
4156134,1
753201,1
3847677,2
3844416,1
169881,2
5190850,2
4281132,2
3849009,1
3612305,1
3845234,2
3612303,1
780665,2
780840,3
2877272,1
779520,1
4220721,1
4920,1
780062,1
780991,0
780990,0
780993,0
780992,4
780995,0
780994,0
780997,1
780996,0
780999,3
780998,2
773131,1
781011,2
736016,1
3612544,1
3844526,1
3612547,2
3612541,2
3844521,1
3612463,2
3612390,0
3612393,1
3612467,1
3612549,1
3612310,1
781026,1
3612587,2
774076,1
3844934,1
780612,1
3846780,1
3846782,2
3848544,1
4234056,1
3847219,2
780170,1
780195,0
4257556,2
780924,0
780925,1
780926,1
4311342,1
4296387,2
3846193,2
780928,2
780676,18
4253851,2
4281813,1
780923,0
4290487,2
64334,1
780917,0
2907455,1
5104,5
4197379,1
3668148,0
3846551,2
3844736,2
780688,2
780725,8
4302956,1
3847649,2
2899794,2
3847642,1
3847646,2
781004,1
781005,1
781006,5
781007,0
781000,0
781001,4
781002,7
3846337,1
676085,1
780043,5
781008,0
781009,0
4295284,2
3612607,1
3612606,2
3612354,1
2900859,2
3846479,2
3612609,1
3612166,0
4292752,1
3847008,2
781031,1
4263032,1
3612352,2
5343177,1
773171,2
777372,0
5490819,1
3846381,2
4293229,1
723282,1
780892,1
3612508,1
5080455,2
5885191,1
3612500,1
2906063,1
3847158,1
780988,0
224319,5
284764,0
780799,6
3847001,2
780979,7
780978,2
780977,1
3844822,2
780975,0
780974,5
780973,0
780972,2
29598,13
780879,3
780095,2
631859,1
780159,2
635931,3
780286,3
106788,10
3844365,0
3612435,1
3612436,2
3844361,2
3612347,1
3612344,1
3612345,1
3612348,1
3612349,3
3844369,1
3612439,1
3845760,2
3845014,1
3846129,1
3612418,1
5928398,2
4292544,1
3845018,2
780488,0
780274,1
3847167,2
3846295,1
3847823,1
3847541,2
780244,1
3845848,2
4292948,2
781010,0
5010399,2
3844381,1
4752960,2
3847226,2
712530,10
3612462,2
781017,0
3847767,1
759943,1
778134,1
5046204,2
3844494,1
5264508,1
780774,3
3846206,0
780776,2
3846200,2
3847040,2
4170021,1
3847723,1
3844669,2
714860,1
3847160,2
3846638,2
649824,1
3846630,2
779444,3
3844388,1
781296,1
781063,1
781060,1
780500,12
3846341,2
781056,1
781051,2
2895966,1
780976,3
62691,5
3846010,1
3846501,2
3847681,2
3612539,2
778555,2
5087013,1
4322974,2
579240,5
741291,1
3847874,1
5335672,2
3845689,1
3612385,1
3612382,2
3612383,1
3612380,1
3845681,1
4296300,1
4266020,1
3612388,1
3612389,2
3612571,1
3845338,1
3612573,1
3612572,1
3612575,2
2910171,1
5688469,1
3612471,1
3612473,1
4682046,2
3846733,2
3845336,1
780946,2
780947,0
780944,2
780945,1
780942,0
780943,2
780940,0
780941,2
4295362,1
4293195,1
3573730,0
147470,0
779657,1
4220790,1
3847229,2
781059,1
3612592,1
4218143,1
665316,1
4885994,1
3847222,2
780933,3
780932,3
776258,1
780282,0
780937,3
780936,4
780935,3
780934,1
4218637,1
780939,0
780938,0
5480308,2
3845903,1
780641,1
778170,1
780971,0
781003,3
738229,1
3846838,2
5184524,1
648599,1
780739,1
3846560,2
3844996,1
4271868,2
780970,0
780730,1
3844998,1
2891596,2
3846245,2
3846840,2
710671,0
773445,2
3847715,1
4225607,1
604244,1
781013,8
781012,27
3612582,1
3848528,2
3612584,2
781016,0
781015,4
5077960,1
3612588,3
3612589,0
781019,1
781018,1
3612590,2
4280054,2
3612617,1
727888,3
5071933,1
3991948,1
4320342,1
733029,1
3847154,2
701464,0
3844754,2
4252369,2
405661,1
3844751,2
3618574,2
3845488,1
3846747,1
3846155,2
4593505,2
3846159,1
3847235,2
3844882,1
779692,1
3612534,2
781064,1
781065,1
3612530,2
3612533,2
3612532,1
780883,1
3845374,2
780881,2
3846015,2
689312,3
3844473,1
3612537,2
2883153,1
3612324,2
3612326,1
3612322,1
780903,3
741152,1
3848510,1
3612594,2
779538,1
780164,2
780165,2
3846212,2
3844832,1
3844836,1
3844372,1
5035211,1
3845890,2
4318401,1
4260739,1
3846085,2
3845715,1
3845021,0
3845023,2
3845025,1
3847283,2
4853925,2
2890522,1
4276232,2
780268,2
4252803,1
3846287,1
3612316,1
3846528,2
3847833,1
3847276,2
3847274,2
3847272,1
3847270,2
3846449,2
4254589,1
652266,3
3847278,2
3845627,1
4423034,2
777991,2
2893980,2
3845151,0
3845099,1
3845095,2
3612319,0
3612419,1
4274441,1
4236922,2
3612386,2
3847265,2
3846088,2
4449630,2
3847455,2
3847599,1
2882065,2
3844485,1
738279,2
3612318,1
780583,1
4323734,0
3844710,1
3846143,2
776970,7
780747,1
780908,1
4260601,1
6080581,1
2889778,2
3846784,2
4953303,1
3847627,2
3846622,2
3846602,2
3846624,2
4268123,1
781431,1
4900425,2
4228304,1
3844847,1
4269599,2
3846052,1
3844437,1
781029,1
3845535,2
3844535,1
781022,0
781023,0
781020,0
781021,2
5028480,1
781027,2
781024,0
781025,0
3847755,1
3847026,2
3847022,2
580301,1
3612346,1
780828,2
4879555,2
779011,0
5013985,2
4216895,1
3846496,1
3612366,1
781028,3
3846659,2
3612578,1
3612445,2
3612446,1
3612440,2
3612443,1
3846123,2
3612449,0
5133382,2
3844500,1
3848096,1
3844508,1
3612562,1
3612560,1
780955,2
780954,4
780957,0
780956,3
780951,2
780950,0
780953,1
780952,0
4277712,2
780229,1
780959,0
780958,0
1172406,0
780387,1
1656300,2
3846407,1
3846404,1
3846173,1
3848139,1
2879255,1
3847238,2
4845829,2
3847230,2
3847864,1
3612922,2
3847831,1
4219955,1
3845191,2
2888123,1
2890506,1
742445,0
3612306,1
3844553,1
781090,1
781095,1
781094,1
780948,2
4770470,1
780949,0
10476,0
2891662,1
743905,1
3612503,1
3846577,2
781047,1
3844611,1
3847483,2
3612505,1
2525854,1
4270091,2
212703,1
3847240,2
3847242,1
5031584,2
