1387149,1
3637188,1
3637020,1
778115,1
3637183,1
3637185,1
3637187,1
5410151,1
3949071,1
3949070,1
3636995,1
3677483,1
3636991,1
3636990,1
3950543,1
776743,1
776742,1
3950549,1
3950548,1
3636878,1
3636877,1
3636874,1
3636875,1
3636872,1
3636870,1
3636871,1
3637055,1
3637023,1
3637059,1
3952164,1
2000324,1
3678123,1
780674,1
3952237,1
3637234,1
3637014,1
3949498,1
3950499,1
746623,1
3951160,1
6246743,1
3637427,1
3637420,1
636015,1
3951602,1
3951802,1
3637347,1
3637346,1
782173,2
782175,1
782178,1
362333,1
3682066,1
3618965,1
3677689,1
780594,1
3949036,1
3933174,1
3637512,1
780690,1
3637515,1
3669339,1
3637518,1
5067275,1
3673951,1
654331,1
3949530,1
1420842,1
3637011,1
3637010,1
3637015,1
776436,1
3680816,1
3950127,1
3950046,1
3950516,1
3950512,1
3949587,1
3949198,1
3637377,1
3952311,1
3951339,1
3637463,1
3637460,1
778076,1
670117,1
6281784,1
782034,1
782033,1
3676940,1
782217,1
5232386,1
2407156,1
3672625,1
3674299,1
782194,1
3951659,1
734873,0
3637398,1
3672718,1
3637395,1
1414584,1
3637397,1
3637195,1
3637192,1
780560,1
3949144,1
780569,3
638926,1
3677249,1
780763,1
2869648,1
3637520,1
3950553,1
3678472,1
3636964,1
3949396,1
3952076,1
639948,1
6010999,1
3950072,1
3950070,1
780140,1
3950079,1
3676050,1
3665763,1
3813601,1
3949241,1
1416528,1
781740,1
3637450,1
3670009,1
3637456,1
4538375,1
3637458,1
3951616,1
4705473,1
780192,1
3637350,1
3994995,1
2531093,1
3671430,1
782148,1
3951331,1
1418979,1
782144,1
208902,1
3952086,1
3952089,1
3674784,1
3637683,1
782244,1
782243,1
780721,1
3951864,1
3676921,1
5373628,1
3950454,1
3950457,1
779710,1
3931808,1
3636928,1
779921,1
748459,1
3921870,1
3637000,1
3637003,1
3677376,1
3696385,1
3733456,1
3637573,1
740125,1
1405761,1
4483773,1
3709630,1
3977063,0
3636856,1
3636853,1
1388872,1
782271,2
3636859,1
3682832,1
1389754,1
3677305,1
755193,3
3668812,1
3674111,1
3950629,1
1406874,1
3950621,1
3678053,1
3949277,1
782021,1
3951555,1
781671,1
780274,1
3281760,1
3637405,1
3637401,1
777636,1
777635,1
3950385,1
3951820,1
3951827,1
633739,1
3734345,1
782276,2
782277,2
782274,2
782275,2
782272,2
782273,1
782270,2
782196,1
5249847,1
4196110,1
782278,2
3674230,1
4168435,1
781990,1
781991,1
6151239,1
3950569,1
1359032,1
3950561,1
3636952,1
3636955,1
3636957,1
3636956,1
3669073,1
3673876,1
3637076,1
3637078,1
3949123,1
3671655,1
3636882,1
3680830,1
62691,1
3636885,1
3949083,1
732554,1
3680934,1
778555,1
3950067,1
3637210,1
210014,1
3636958,1
3788699,1
3950069,1
4000985,1
1389435,1
3951566,1
3949237,1
3705353,1
782120,1
3637444,1
780387,1
1394895,1
754435,1
3950583,1
4061985,1
3950580,1
3637348,1
3637364,1
3949346,1
3949341,1
2053998,1
782150,1
3949423,1
3637080,1
3637081,1
782238,1
782239,1
782237,1
1333846,1
5292320,1
1369681,1
773445,1
3951879,1
3636886,1
3637037,1
3637032,1
3636888,1
3637543,1
3683024,1
781498,1
3950536,1
3950534,1
3951559,1
3683214,1
3636863,1
3636865,1
3636864,1
3636868,1
2592631,1
3952114,1
689312,1
781562,1
3951702,1
771810,1
3637243,1
668279,1
3677562,1
3681239,1
3949149,1
1320756,1
3681802,1
668976,1
3638474,1
3672320,1
3672326,1
3951386,1
3913486,1
5159381,1
782281,1
782266,1
782269,1
782268,1
781699,1
3637508,1
781595,1
3672217,1
1386577,1
631156,1
583180,1
3247562,1
3683089,1
731348,1
1395795,1
3637060,1
3950370,1
3636893,1
3950374,1
3674927,1
3950376,1
1344498,1
3951356,1
3950054,1
3637200,1
3637207,1
3947307,1
3952128,1
3951451,1
780221,1
3950357,1
782136,1
5334947,1
782132,1
3952302,1
3637374,1
3950600,1
3952306,1
3952261,1
782009,1
623516,1
3976667,1
3673705,1
1384685,1
4252830,1
3680214,1
782189,1
3951537,1
5100069,1
4029662,1
3951845,1
5595030,1
