772496,50.0
776994,1.0
3539662,469.65000000000003
1038968,50.0
777139,2800.0
2030644,100.0
3546337,50.0
3543531,0.0
732976,0.0
3539747,20.0
777131,2.5
777130,500.0
777133,2011.0
777132,3560.2599999999998
777135,250.0
777134,100.0
777137,350.0
777136,1500.0
6244186,0.0
776841,0.0
776846,50.0
3539954,0.0
3546226,1.0
775055,0.0
776848,0.0
776849,0.0
5842569,48.78
5731793,50.0
90724,1.01
776929,200.0
6244470,50.0
5881207,50.0
5556833,0.0
1033902,50.0
723697,0.0
3546733,0.0
3546732,470.8
3546731,75.05
3546730,550.0
5179300,50.0
3546734,590.0
776666,50.0
777221,250.0
777220,100.0
5264147,469.95
718371,0.0
5873386,0.0
1950237,465.55
27371,2004.0
6029260,50.0
5638621,0.2
1021319,466.7
6196419,90.0
6174067,0.0
3978604,9.04
3540748,471.6
1970267,466.95
3546830,471.75
6162858,0.0
3546833,297.04
2061848,0.0
3480558,0.0
3546837,471.8
3546838,50.0
3546839,471.85
704062,1.0
6230953,471.7
3540030,470.55
776283,50.0
3546127,465.15000000000003
5886051,0.0
46729,0.0
1996734,50.0
571921,0.05
3546081,50.0
776069,50.0
3546128,50.0
6161668,469.8
219581,0.0
6219333,100.0
1986058,0.35
1784428,465.05
6106524,468.15000000000003
311307,0.0
1022131,100.0
1938297,464.7
2071631,0.39999999999999997
744241,0.0
690147,0.0
770879,1.0
1013086,463.55
3546703,470.6
3544446,10.0
6288956,0.0
3546168,50.0
3546544,468.75
3545834,0.0
3546010,10.0
3546547,468.8
3553429,50.0
3546541,0.05
3546542,100.0
3546543,50.0
166931,0.0
3546462,40.88
3546461,467.45
7904,0.0
3546549,100.0
3546397,0.0
776847,350.0
3536716,100.0
739995,0.0
561506,0.01
1377337,0.0
1237343,467.40000000000003
3546794,100.0
6066564,50.0
3550481,50.0
224053,0.0
6237418,50.0
681308,1500.0
1039994,100.0
3546493,467.90000000000003
3546490,467.75
3546491,0.05
6066250,0.55
1020996,466.6
3994692,469.0
3583260,50.0
65746,0.0
48564,0.0
776564,0.0
5331122,0.0
113703,0.0
1040095,100.0
3546169,50.0
3572282,0.15000000000000002
775768,0.0
3071973,464.15000000000003
776963,0.0
3546064,50.0
3546063,464.6
5851430,0.0
6262768,0.0
777190,202.51
6153289,100.0
1020037,100.0
1963809,50.0
6255167,0.2
3536401,0.0
3548047,50.0
777044,0.1
777048,450.0
1959017,466.1
6209240,50.0
6135831,469.15000000000003
5955044,465.5
583038,0.0
6162575,200.0
777197,105.01
743617,0.0
6238121,150.0
3585109,800.0
777140,0.3
777141,550.5
777142,450.0
777143,300.0
777144,150.0
777145,300.0
777146,200.0
777147,1000.0
777148,100.0
777149,300.0
5340296,470.35
5893474,464.55
2795966,50.0
1711415,472.35
4611027,50.0
3546681,100.0
3539234,100.0
6207188,50.0
776818,0.0
776815,50.0
3546486,467.7
775362,1575.0
3510238,0.0
3546603,50.0
3546800,100.0
3546601,50.0
3546600,50.0
776633,0.0
3546609,469.45
3546608,3.0
2009770,0.0
1953729,465.7
6014985,100.0
6185536,470.65000000000003
6115492,468.45
3540902,0.0
3541076,472.3
3546761,100.0
1035037,470.40000000000003
404400,0.0
774999,0.0
778069,800.0
278186,2.6499999999999995
3546160,50.0
3546932,0.35
3793085,50.0
758649,50.0
3546937,50.0
6023841,0.01
3546508,468.0
2029148,0.0
5977563,465.85
3553458,50.0
3546504,467.95
1389891,466.65000000000003
3546507,30.0
372943,80.0
3546699,50.0
1033487,150.0
3544858,0.0
3546047,50.0
4478014,0.0
3546690,0.0
3546691,100.0
3546693,40.0
3546695,470.3
3546696,50.0
3110,0.0
3546593,50.0
2538223,0.05
3546402,2800.0
93311,0.23
3546596,2.23
3546595,3000.0
3546599,469.40000000000003
3546598,0.05
666905,50.0
3541402,0.3
5875878,0.0
6068031,0.6000000000000001
777030,100.0
777031,250.0
777032,0.0
905171,0.0
5836780,0.0
6265667,100.0
777036,200.0
3546342,50.0
5311839,472.0
774587,0.0
3546437,100.0
3546346,0.5
3546347,47.0
3541424,472.6
3546348,467.25
3546349,0.1
3546438,0.05
3546439,0.7000000000000001
3546184,8.71
230648,0.0
3546028,50.0
3540308,471.1
2004127,50.0
3546182,100.0
3546022,0.0
691079,0.0
3539691,469.7
3546026,0.0
3546025,37.64
3546024,464.0
3541385,0.25
1943316,50.0
3744196,0.0
930904,466.35
3897951,0.0
777105,300.0
5853610,463.7
6230346,0.0
777102,50.0
776986,0.0
777108,970.0
1382719,0.0
6112945,0.45
3547063,50.0
1037409,0.0
6093575,50.0
776851,300.0
3546336,100.0
757174,100.0
3546333,467.15000000000003
3546332,0.0
3546331,467.1
3546330,0.04
775734,200.0
3539945,0.0
1036306,600.0
3546339,0.0
3546338,467.2
1966049,50.0
1933549,464.5
776912,200.0
6247975,472.45
776917,50.0
1099941,50.0
3546722,30.2
3546723,470.7
3546724,100.0
3546725,100.0
3546726,470.75
3546728,500.0
3545137,0.0
1017037,50.0
6049422,50.0
777210,300.0
777211,100.0
777212,250.0
777213,200.0
777217,150.0
777218,400.0
457027,0.0
5523576,0.0
5858258,25.0
5310014,470.1
6219929,0.0
4109119,0.0
775131,50.0
774957,0.0
3540676,100.0
4287085,471.5
3552305,50.0
776357,0.0
10871,100.0
354762,0.0
6108060,50.0
778030,200.0
63626,0.0
3546154,0.0
3546092,50.0
5201808,0.0
3546096,20.0
777169,205.2
746680,0.0
3534683,0.0
3544814,0.0
3546790,1000.0
3546793,850.0
3546792,900.0
753929,0.0
1968360,50.0
2054697,0.0
3546509,1.0
771862,700.0
1212780,50.0
6074593,0.9
6245940,472.40000000000003
5925874,100.0
776181,0.05
4028855,100.0
3549534,50.0
776328,700.0
2029780,100.0
3546387,100.0
3544454,0.0
1016888,464.90000000000003
1988483,0.05
3541890,50.0
3540340,5.0
667621,50.0
3546572,50.0
3546579,50.0
3546471,150.0
3546473,467.55
3546477,467.6
2031133,250.0
3538986,0.0
1421410,0.0
1390378,0.0
777127,0.05
755292,0.0
1019678,466.0
3544718,0.0
5168985,50.0
1037154,0.01
1016723,50.0
3916695,466.3
33446,4.199999999999999
3546080,50.0
3563264,50.0
4994341,50.0
4081385,10.0
1016815,50.0
5104,1110.0
6175928,470.2
3546074,464.8
3546379,0.23
1016248,0.23
776958,0.06999999999999999
3546073,464.85
3546372,8.0
3545915,0.0
1949532,0.0
2064882,0.0
3545910,0.0
618816,0.0
3537456,0.0
1967844,466.75
1040182,472.25
3694065,50.0
6213566,471.40000000000003
3538797,50.0
1921491,463.6
1949022,465.35
3141237,0.0
957766,50.0
1014216,464.1
777094,0.0
777095,0.0
777092,50.0
733029,0.0
777090,0.0
777158,700.0
777157,200.0
782439,100.0
777155,105.0
777154,200.0
777153,300.0
777152,50.0
777151,3650.0
1830396,0.2
5257365,50.0
6227516,100.0
1016862,464.95
91782,10.0
775171,50.0
2426093,0.0
3540242,470.85
24639,0.0
2048766,465.3
3915566,100.0
776784,2250.0
5849048,463.5
776600,60.0
3546324,50.0
6252676,0.0
3546614,100.0
3540391,471.2
3546617,469.6
3546619,469.55
6229434,0.0
1016595,50.0
6155659,100.0
3546758,471.15000000000003
1943716,0.0
3524028,0.0
1542347,50.0
3649686,50.0
3544917,0.0
1025350,100.0
3538232,0.0
3550935,50.0
67111,0.1
3538081,0.0
3541443,100.0
20302,0.07
3546854,0.0
6247166,1.31
776732,1700.0
3367020,0.0
775513,7015.89
6252905,50.0
2054572,471.55
224319,1.02
4190016,50.0
3559923,50.0
3546537,468.55
3546536,468.6
777099,1147.0
3546530,50.0
3546532,468.5
3198811,0.0
3546539,468.65000000000003
3546538,50.0
1020559,100.0
778048,600.0
5724909,471.65000000000003
3658,0.0
776122,50.0
3546742,0.0
3540422,0.04
1357799,50.0
3074270,0.0
6194734,50.0
2050212,50.0
3546580,469.2
3546582,0.0
33513,0.0
3546585,1596.0
3546587,100.0
3546589,469.25
5261427,100.0
777189,400.0
3546688,470.25
5994413,0.0
1031141,469.05
3546076,464.75
3546401,50.0
1019595,465.95
3546404,100.0
3546407,0.39999999999999997
3546406,0.1
3546409,50.0
3546408,0.0
5919953,50.0
6214300,471.45
3546320,467.0
5258990,469.85
2616895,100.0
775600,4783.08
3546031,0.0
5776508,0.0
3546034,50.0
1035497,100.0
3546036,464.25
3545814,0.0
3583712,0.0
6001508,466.5
777182,50.0
712530,1600.0
3541126,472.55
1019740,50.0
777113,0.0
777112,50.0
777111,0.0
1014123,463.85
1987733,0.5
1040224,472.15000000000003
776584,302.0
6207060,0.0
3539562,100.0
776466,0.0
776885,50.0
2029029,469.75
132102,100.0
3541138,0.05
5877646,50.0
3546325,1500.0
3546326,0.02
776904,50.0
6240780,50.0
776902,10.25
3546323,100.0
1039264,0.0
3546328,0.03
3546245,466.25
1948198,100.0
777027,0.0
777024,0.0
777188,590.0
1019117,465.75
777184,2046.16
777185,0.1
777186,800.0
777187,4.02
3544411,0.0
777181,1250.0
1039556,50.0
777183,400.0
6191164,465.90000000000003
3546719,400.0
3546718,450.0
3546714,50.0
3546716,0.05
3546863,472.1
2026243,50.0
3546713,0.05
6251604,45.0
777166,0.07
777167,893.05
777164,121.37
777165,250.0
777162,200.0
777163,200.0
777209,100.0
777161,200.0
777206,100.0
777205,100.0
3546712,50.0
777203,50.0
777202,0.97
777201,200.0
777200,50.0
5855414,50.0
567369,0.0
5927589,50.0
3546545,468.7
1035061,0.0
4356763,50.0
80859,0.0
775029,0.0
3553382,50.0
3546016,463.95
982936,0.0
1020125,50.0
3546017,463.90000000000003
5450195,85.0
814912,471.05
777138,0.15
777160,200.0
3545501,0.0
3546015,50.0
1013271,50.0
1800278,0.0
689312,50.0
3546848,471.95
3546463,893.05
3538090,608.3199999999999
210014,1000.0
3541192,0.1
195114,10.0
5829450,0.0
4186416,0.05
777204,150.0
1032897,0.0
6253483,0.0
4989997,0.9
4351703,100.0
777168,200.0
776461,50.0
5658199,0.0
1016936,50.0
740219,50.0
3546445,0.8500000000000001
17440,5.07108788
3546447,9.0
3542732,0.0
667793,50.0
3546440,0.75
3545829,0.0
3538522,40.0
741585,1.0
773882,0.0
3545365,0.0
6205033,100.0
5849464,463.45
3546563,50.0
3546560,50.0
4651981,469.5
6210216,50.0
985347,0.0
3537472,100.0
1025693,0.65
6063374,0.0
3539840,350.0
5866585,50.0
6072194,0.8
3576064,50.0
10476,0.0
6065919,50.0
754125,50.0
6072753,467.35
3537989,0.0
777159,200.0
3544764,0.0
3546523,468.3
777014,0.0
6201340,100.0
5990809,466.15000000000003
1039955,14.47
3546561,468.95
3536621,465.8
777156,50.0
1035231,470.5
3546041,50.0
3546040,464.3
3546042,464.40000000000003
6251504,50.0
3546044,7.709999999999999
1013291,50.0
3546046,0.05
1016221,10.0
776942,0.0
3545961,0.0
1949343,50.0
3546365,50.0
1968980,466.8
6268008,0.05
3537043,0.0
3546515,468.1
6244843,100.0
3546492,50.0
777061,150.0
777150,2000.0
3546478,0.0
777064,50.0
4188787,471.35
777242,900.0
777244,100.0
776451,650.0
3791113,50.0
3536658,0.5
777085,50.0
777084,19.0
777128,1000.0
777129,1000.0
777122,50.0
777123,300.0
1025665,100.0
777121,250.0
777126,150.0
777088,0.0
777124,50.0
777125,550.0
3570794,50.0
593497,0.0
3852821,50.0
4246495,0.0
1604,0.0
3546396,0.3
578371,1787.65
3935569,467.85
3506221,0.0
6158171,0.01
3229391,0.0
696390,0.69
775692,150.0
4425923,100.0
6244725,9.0
776933,0.0
3546747,700.0
3546744,470.95
3546745,470.90000000000003
6207961,0.0
3546743,50.0
3546740,650.0
4106693,0.0
3546748,471.0
1542945,0.0
3536998,0.0
6153762,0.0
777231,150.0
3536995,466.40000000000003
3285628,0.0
3536993,0.0
3535121,0.0
3932504,100.0
5854079,463.65000000000003
2973994,0.0
1038474,300.0
3549540,50.0
1944008,465.0
6134576,469.1
5142563,0.0
550539,0.0
4434756,50.0
1031439,100.0
3545893,0.0
3546488,0.0
6243808,0.0
3546521,468.25
3546526,468.40000000000003
3546527,468.35
777180,200.0
3537122,50.0
3546528,0.0
3546529,50.0
3546487,467.65000000000003
6228060,464.2
3546139,50.0
3546138,465.25
3546334,0.0
1039871,472.05
3546130,50.0
3546133,50.0
3540437,471.3
5956012,50.0
777045,0.0
1924257,50.0
1960030,50.0
3544308,0.0
3403509,0.05
777110,100.0
5242642,0.0
3546078,0.0
5252540,0.0
6224452,50.0
4604853,467.5
774011,0.0
3539084,50.0
1024549,0.25
3546004,50.0
3546555,0.03
5879887,50.0
775830,0.0
3546550,468.85
735858,0.0
3546412,3001.0
3546410,467.3
3546558,468.90000000000003
3546610,50.0
6248041,0.0
1038661,0.0
1150235,0.2
777176,800.0
3536330,100.0
1019759,466.05
6209500,471.25
5717117,50.0
3546366,100.0
777116,0.0
372118,7600.0
3618595,100.0
6247387,50.0
4062341,0.0
1964359,466.55
1960323,0.0
446765,0.0
3546711,0.0
3535880,0.0
2035952,0.0
1037177,0.05
3546310,466.90000000000003
776976,0.0
5960661,465.6
5859915,50.0
3546319,467.05
614790,0.0
777053,350.0
777199,550.0
777198,900.0
777056,50.0
6085582,1501.35
777055,50.0
777193,274900.0
777192,1400.0
777191,1392.0
6130077,50.0
772820,50.0
777196,468.35
777195,300.0
777194,150.0
3546708,0.02
3546709,50.0
3782435,50.0
6006239,0.0
3544437,0.0
688589,200.0
776713,950.0
2062204,472.2
3546706,470.45
667532,0.0
777174,1600.0
777177,700.0
2045346,800.0
777171,300.0
777170,0.1
777173,1050.0
777172,400.0
777179,200.0
777178,200.0
1021282,50.0
3546752,750.0
2061953,100.0
6249193,472.5
982961,0.0
688071,0.0
776803,67.01
776479,50.0
3546675,100.0
3546672,0.0
3546673,300.0
6065385,0.0
3546671,469.90000000000003
3546174,465.65000000000003
1031809,469.35
3531916,0.0
3245463,463.75
4747406,50.0
1013912,0.01
3546679,50.0
775568,300.0
3810891,465.40000000000003
5021142,464.05
3545594,127.45999999999768
778800,500.0
3535592,464.35
1016648,50.0
6218967,0.0
3546771,0.0
3540624,0.0
6235738,471.90000000000003
4535191,469.3
3546007,463.8
1020576,466.45
4104875,39.88
5607064,0.0
4093925,50.0
5583756,0.0
3546453,50.0
775971,50.0
3546451,0.9500000000000001
3546456,0.05
6042456,45.15
3546455,50.0
4412294,50.0
3546459,100.0
5031844,0.0
5921201,0.0
6230040,0.05
3546519,468.2
3546518,100.0
6105467,468.05
3794921,1.0
777175,1895.0
6099856,18.0
3546516,8.0
776761,0.0
2979282,0.0
3866032,400.0
5456163,0.0
776899,1.0
773756,50.0
3546683,470.05
3507857,10.0
3546680,470.0
1030457,0.05
3546685,470.15000000000003
772134,0.0
495558,50.0
750401,157.0
3546559,0.0
3546489,467.8
3788732,465.2
725630,0.0
3543354,0.0
3546308,466.85
3649204,0.0
3536447,465.45
54463,0.0
3546065,464.65000000000003
777001,50.0
3545965,300.0
777003,50.0
777002,0.0
3546355,0.0
3546354,0.15000000000000002
3546357,0.5
1020256,466.2
3546351,0.05
3546350,0.0
3546353,100.0
3546352,30.0
3546358,0.0
403488,0.0
3545361,0.0
773470,0.0
3546058,50.0
3546059,50.0
3546057,0.06
3546054,50.0
3546055,1887.66
3546052,464.45
772475,0.1
5933991,465.1
3538100,2037.66
2446112,0.0
3538537,40.0
2039050,60.099999999999994
750365,0.0
6014430,0.45
