3638416,1
3638417,1
782212,1
3698230,1
3699653,1
781704,2
3638659,1
778115,35
216809,1
3955987,1
1553415,1
3955255,1
3954306,1
3700643,1
689312,45
3954397,1
3638322,1
4552538,1
4413845,1
3638326,1
630880,1
1549532,1
3697906,1
782021,2
3638696,1
3694259,1
3956572,1
3703774,1
776743,3
776742,7
779921,13
4390175,1
1558783,1
782042,1
3638467,1
3954399,1
780560,6
3638461,1
668279,1
3954393,1
3954417,1
781562,1
638926,1
3955143,1
4578256,1
3955266,1
3954554,1
779710,6
3695247,1
777636,23
782285,1
4541179,1
777635,6
3638982,2
3698331,1
3696591,1
3638611,1
640624,1
637493,2
3696330,1
3956468,1
1548271,1
3638474,1
3954408,1
3956061,1
3700233,1
4527149,1
3696901,1
3954917,1
4436477,1
4590898,1
4578618,1
3697682,1
3955921,1
3955929,1
3955913,1
3955271,1
782289,1
782288,1
3955807,1
5978746,1
781994,2
3638451,1
782287,0
782286,3
781990,2
781991,2
3956412,1
4419198,1
538006,1
3638689,1
3638688,1
3954842,1
3638683,1
3638684,1
3638360,1
3638680,1
781758,1
3956204,1
636015,1
3956000,1
773032,1
6095655,1
4360493,1
3954929,1
1561705,1
3956010,1
3955838,1
3956164,1
4584754,1
846902,1
3694511,1
6164590,1
781595,4
3956286,1
782178,5
732554,4
362333,19
3695190,1
3697895,1
583180,9
3954377,1
3638694,1
3638516,1
4549074,1
778555,12
3955304,1
3638692,1
3638643,1
780569,9
210014,3
3638454,1
3956371,1
3638453,1
645184,1
1527713,1
778076,5
3954468,1
6222306,1
3956175,1
661002,1
3695690,1
1568968,1
4414084,1
3955943,1
782144,4
1558324,1
3715416,1
3638644,1
3698187,1
3955865,1
3638423,1
781730,1
3694567,1
3956439,1
4559541,1
3697886,1
3696710,1
782125,1
782120,3
3698923,1
1513497,1
1522178,1
3955672,1
782244,8
3638426,1
3955188,1
3638438,1
3700956,1
3956308,1
3956304,1
782238,27
754439,1
776436,1
775394,2
623466,1
3954358,1
3956166,1
782033,31
3955978,1
782150,5
4453616,1
3955875,1
3955408,1
3956429,1
3954954,1
3701195,1
3694243,1
782136,21
3956424,1
782132,1
3697367,1
2477261,1
782239,14
3956258,1
3638433,1
3638435,1
3954891,1
3956629,1
3955532,1
623516,1
3954897,1
6044341,1
777451,1
782137,1
782237,20
5115707,1
3638342,1
3638340,1
782009,1
4353761,1
773445,3
62691,58
1515003,1
3698994,1
1528228,1
3956615,1
5733971,1
1547022,1
938597,1
3955001,1
3954531,1
780140,6
3956245,1
623014,2
3956073,1
3956324,1
780387,10
3930146,1
3695700,1
3638331,1
3954513,1
725630,0
775108,1
782148,20
782034,8
3954419,1
3638338,1
781498,1
