6249390,50.0
3584568,215.5
3584569,0.0
5947486,0.0
776443,0.0
3584562,217.0
3584563,0.0
48298,0.0
762350,0.0
3733370,50.0
6281949,50.0
4725908,1.0
5919371,0.0
90724,100.0
3737197,50.0
3733572,300.0
3590453,50.0
3736119,100.0
1170116,0.0
3733475,50.0
6257673,0.3
2064833,0.0
3733578,3030.0
3735566,100.0
779460,50.0
3735564,0.0
779462,0.0
2065203,0.0
779467,50.0
779466,650.0
2062884,173.5
6283603,50.0
3584312,191.0
3584277,184.0
3584310,191.5
3584498,212.0
2075628,1.64
3737826,50.0
6248238,169.0
3585149,50.0
779290,50.0
3588681,50.0
3584496,50.0
2071466,0.0
3735092,197.5
3735090,40.0
3735095,197.0
3735099,196.5
487383,0.0
779265,0.0
779264,0.0
1103505,192.5
6248979,0.49
1453458,99.99
6283260,0.05
3716089,0.0
779342,50.0
779268,50.0
778022,0.0
5912501,0.0
6274249,50.0
3584146,0.0
779123,50.0
778342,0.0
3584602,100.0
779519,50.0
779518,100.0
6251815,0.5
779515,200.0
6283322,50.0
779517,1.0
779516,2.0
779511,4.5
779510,1.0
779513,1.0
779512,260.01
2067340,195.0
6254342,4.8
3353905,0.0
2073523,217.5
3732986,144.0
3726295,0.0
5020494,179.0
690147,0.0
6030106,2.0
3735381,0.5
778234,50.0
739919,0.0
2075406,229.0
6281053,231.5
6247810,1.0
3736381,50.0
6265723,1.0
6274435,100.0
6266045,1500.0
6271152,223.0
3735188,100.0
3583934,29.25
3583935,0.0
3583939,7.05
3736932,50.0
3736376,100.0
3733325,50.0
6285974,50.0
3736373,100.0
3736370,100.0
6244894,50.0
6258076,192.0
6080751,50.0
3733622,50.0
3735497,210.0
6271082,223.5
777618,0.0
750524,0.0
3736279,232.0
778800,50.0
3736271,0.0
6228101,0.0
3736558,50.0
3736555,50.0
6245450,164.0
2076211,50.0
778651,0.0
6094415,100.0
779521,6.0
2061985,100.0
681944,1.0
3732898,50.0
3735133,198.0
3737013,50.0
3736156,100.0
3735134,50.0
3583941,2.8
3583940,50.0
779036,50.0
3736019,50.0
3736018,227.5
6268759,0.0
6280055,0.92
3194409,0.0
779369,0.0
92224,0.0
3733530,50.0
3736015,0.0
3736014,227.0
6118960,50.0
3584597,50.0
3584596,50.0
3736725,50.0
774217,0.0
3584593,0.15000000000000002
6280981,0.0
3584454,50.0
3733479,50.0
3584982,50.0
3585513,50.0
3584452,0.05
3583887,143.0
3735056,0.01
3543466,0.0
750875,0.0
3735355,207.0
6278288,50.0
3735356,50.0
3733474,1.0
3735353,207.5
6250588,264.46
6252716,100.0
2071789,211.5
6083346,100.0
5758803,148.5
3730530,0.0
3480519,0.5
5769630,0.0
6254960,50.0
3733447,0.4
3736654,0.26
779229,50.0
6072636,229.5
777813,269.46
779220,100.0
3733323,9.05
3733449,0.30000000000000004
6279589,50.0
779550,100.0
779552,100.0
6270336,0.89
3733442,50.0
6236775,2000.0
779009,0.0
4648151,100.0
3583884,142.5
2056204,148.0
3739239,50.0
779796,150.0
3735557,213.0
3789992,0.03
6251914,0.5
748821,0.0
3735552,0.0
779416,0.0
766878,50.67
778842,50.0
6291422,214.0
3584298,50.0
3584316,50.0
3584293,184.5
3578204,0.0
779090,0.5
6281650,50.0
3584070,50.0
3584314,100.0
6078740,50.0
3584075,161.5
6090535,50.0
3584274,50.0
2075515,100.0
3735701,215.0
779071,0.0
3584171,0.0
3735709,0.0
3584278,183.5
3584279,0.0
6280713,50.0
6251391,178.0
6281780,100.0
779489,50.0
6251983,179.5
6076981,50.0
779486,2100.0
462044,200.0
779484,1950.0
779483,50.0
779482,100.0
779481,0.85
779480,250.0
2341842,178.5
778470,0.0
778472,0.0
3584183,0.0
778849,0.0
666904,100.0
463537,50.0
6251751,0.0
773784,50.0
3735150,199.5
774031,0.0
6249016,174.5
778199,0.0
4762266,100.0
6284842,50.0
2384305,50.0
3583556,0.0
775917,50.0
5759706,0.0
3735170,0.0
2076037,100.0
3735172,0.5
3735168,600.0
230648,0.0
3583909,50.0
3583908,50.0
3736420,50.0
3583863,50.0
177811,0.0
3914822,50.0
3583907,6.01
3583869,50.0
3583905,5.05
3583904,145.0
778686,12.799999999999995
778687,100.0
778685,7.15
6247857,168.0
3733264,20.0
3732981,50.0
6283693,100.0
3736565,50.0
5845971,100.0
3736562,100.0
4973571,0.0
3584550,220.5
3736604,50.0
3584552,0.0
3584555,0.0
3584557,218.5
3584556,219.0
6253279,4.0
5877482,264.46
2434221,0.0
3734271,5000.0
2079904,50.0
3735964,100.0
3735161,200.5
3733365,50.0
6287558,50.0
5647413,0.0
4519554,0.0
3583910,145.5
3736046,228.5
3736047,100.0
3736040,100.0
3736041,50.0
3736043,50.0
3733401,400.0
3736048,100.0
3736891,50.0
719727,0.0
3584436,100.0
776338,50.0
3738258,50.0
3584308,190.5
3735516,50.0
3508511,0.0
779279,0.0
3584304,190.0
4578994,230.5
3584306,189.5
779457,50.0
3584300,188.5
6279225,100.0
3584302,50.0
3584303,50.0
6087908,50.0
6249331,175.0
6270567,214.5
3735266,0.7
779060,50.0
779284,7.699999999999999
3735262,50.0
3585133,50.0
6026870,50.0
3735066,193.5
6236056,50.0
774900,0.0
3735062,194.0
2062700,0.0
1167368,0.0
3736761,50.0
6115423,50.0
6283516,100.0
3734948,0.0
779353,0.0
779352,50.0
5813690,50.0
3584601,0.2
779130,50.0
63626,1150.0
6299907,0.0
5770552,0.0
26699,0.0
732224,0.0
779528,3.0
779529,200.0
778969,50.0
779520,50.55
743029,0.0
779522,74.0
779523,37.9
779524,1.0
779525,1.0
2068221,196.0
779527,99.0
5873960,176.0
3735945,100.0
6280922,231.0
6246820,50.0
6111293,50.0
6253408,100.0
776187,0.0
779526,2350.0
6162464,50.0
2064651,180.5
6289762,50.0
778716,0.0
2076076,50.0
777677,0.0
3584124,165.0
6283149,100.0
3584048,0.0
6081954,50.0
3584121,164.5
3584123,50.0
6236929,151.5
3736905,50.0
3584046,50.0
10502,0.0
3733227,0.5
3733224,0.6
778916,0.0
3733630,0.45
3735285,202.5
6236541,150.0
2096962,50.0
3584260,182.0
6155872,0.0
6224500,0.0
3735288,205.0
3584583,100.0
3736233,50.0
1501325,0.0
6280561,50.0
6268087,0.0
5995740,205.5
3735280,100.0
33446,9.930000000000001
3737985,50.0
778660,0.0
6272548,216.5
3967504,201.0
2077414,50.0
5104,251.47
778390,0.0
3733037,50.0
3735129,198.5
3733471,0.0
779488,1.0
618816,0.9400000000000001
779487,2200.0
3584553,220.0
3163013,206.5
778980,150.0
3736418,100.0
3733137,50.0
3733521,158.0
3736002,50.0
773983,0.0
2056740,149.5
3733526,158.5
3736007,100.0
3584582,50.0
5252774,0.09999999999999999
3584586,0.0
3584461,50.0
779247,1000.0
3584589,50.0
779240,0.0
777651,0.0
4953537,0.0
3733214,0.7999999999999999
779514,50.0
4124029,50.0
3737288,50.0
3584187,0.0
924075,0.0
6292931,50.0
779281,763.21
6283962,100.0
6287911,50.0
6268635,50.0
24639,11.049999999999999
3733453,50.0
3584514,50.0
3733351,0.0
3584193,50.0
2074853,50.0
779407,0.0
3735461,5.46
2054909,144.5
701464,0.0
775193,0.0
6263488,203.0
3735780,219.5
3733346,151.0
2064214,0.5
6303353,50.0
426499,0.0
2076847,50.0
3742740,50.0
1752214,50.0
6288755,50.0
3584259,100.0
6281546,50.0
5926395,50.0
6075664,230.0
263176,0.0
779362,0.32999999999999996
2074681,226.0
6290538,50.0
3675724,0.0
3584188,0.39
1557456,0.0
6249915,0.01
224319,1.0
779485,3700.0
6273381,2.0
758652,0.0
3584084,50.0
3584083,162.0
778048,50.0
778953,50.0
3658,0.0
3584244,0.0
3584160,170.5
3708016,0.0
3584162,169.5
778959,0.0
3584164,173.0
2057087,100.0
3584167,0.0
635931,0.0
3733545,50.0
6248146,50.0
6144818,50.0
3735477,0.0
6274296,225.0
6253882,26.47
3736022,228.0
778561,100.0
6283752,50.0
3576031,0.0
6256083,188.0
3742859,50.0
6278644,50.0
777749,0.0
2087480,50.0
6280136,0.0
777744,0.0
6019714,100.0
779508,900.0
3735162,0.0
3733482,155.5
3733480,156.0
3735166,100.0
6081403,50.0
3733650,100.0
6249773,176.5
3733489,50.0
739563,50.0
3732635,189.0
6281810,100.0
2065219,4.8999999999999995
779581,100.0
3733072,0.0
6258155,100.0
3583912,146.0
4019033,3.8
3711946,185.0
6043838,221.0
3584333,0.0
777984,0.0
3735491,5.0
5771366,175.5
773707,0.0
3732990,0.0
712530,24396.46
5913927,0.0
1475812,0.0
3734349,50.0
3735501,0.0
3331753,0.0
3736029,50.0
2890387,0.0
3732975,50.0
966859,50.0
51697,0.0
6272077,0.0
779807,150.0
6248658,172.0
2058035,152.0
2062461,0.0
779776,100.0
777591,101.55
764668,0.0
758531,4530.0
3584486,50.0
3736383,50.0
3733553,0.0
3733555,50.0
2056713,50.0
3733556,50.0
6251547,100.0
6284943,50.0
3584338,0.0
779449,0.0
3583865,140.0
683216,0.0
779440,100.0
779333,0.0
779332,0.0
6256149,187.5
3736000,226.5
3735312,0.49
5789179,0.0
3584284,50.0
6072905,100.0
3735270,0.0
6250479,50.0
3735274,50.0
5078819,50.0
4339002,221.5
6059346,0.0
6256852,0.0
6257731,50.0
3735077,195.5
6247104,166.0
776102,0.0
3584547,222.0
5847340,165.5
3735370,50.0
3584328,400.0
3584540,50.0
4532830,50.0
5779607,750.0
3584426,204.5
3584423,202.0
779537,2000.0
779536,150.0
779535,150.0
779534,1200.0
779533,150.0
779532,0.0
779531,50.0
3584202,400.0
3583868,140.5
847328,50.0
3718436,0.0
779539,250.0
729113,0.0
541975,0.03
779021,0.5
6270258,0.9
779434,200.0
779433,1150.0
4575528,0.0
3584307,50.0
6065829,100.0
3735200,201.5
2075293,100.0
3778206,50.0
3737220,50.0
3737495,50.0
5741046,50.0
3584588,100.0
6283787,50.0
6281852,100.0
2064048,30.0
1814551,50.0
3735853,216.0
6044425,0.0
3584464,100.0
3584111,50.0
3584059,50.0
779157,0.0
779156,50.0
2065035,50.0
3584114,163.0
3584050,50.0
3584051,50.0
2064135,180.0
3584054,157.5
3584056,50.0
3735481,50.0
3735483,211.0
778689,0.0
3733234,0.30000000000000004
3572931,0.0
6089598,0.0
778904,0.0
6288567,50.0
3733607,50.0
6239983,156.5
10476,3000.0
6281607,50.0
3735292,204.0
3735293,203.5
6278592,100.0
6086046,0.0
5843092,50.0
3733191,149.0
3733190,0.15000000000000002
3733193,0.0
6232631,147.5
3736566,50.0
4690487,50.0
6250043,50.0
6273952,50.0
3584595,0.0
2064457,50.0
6271043,224.0
778770,150.0
6245202,50.0
3728224,0.0
6248615,172.5
3733515,50.0
6251501,0.0
3735159,50.0
3733516,50.0
3736031,50.0
4323909,0.0
3736033,100.0
2147053,50.0
3712657,0.0
3735152,199.0
6210711,0.0
3735154,0.0
710671,2000.0
3733280,50.0
6086342,100.0
3479658,0.0
3736404,0.0
5903790,0.0
3708924,0.0
3736401,233.0
6279078,100.0
779278,0.0
779490,1.0
6255634,186.5
113830,0.0
2062165,166.5
3584577,100.0
3584576,1000.0
779492,1.0
3736034,50.0
3698706,0.0
3736245,50.0
739300,0.0
6256544,2000.0
1829995,50.0
6272144,218.0
3735349,0.0
6139214,177.5
743149,0.99
6248918,171.0
4585428,194.5
2062859,174.0
3732965,143.5
733029,1200.0
3733348,150.5
3733460,155.0
3733464,154.5
3733467,153.5
3733466,154.0
3736109,100.0
6250687,100.0
779452,0.0
779648,100.0
6235076,0.0
5842226,163.5
779471,50.0
779476,100.02
779477,378.33
6268436,212.5
779475,337.9
3584591,100.0
779478,200.02
779479,119.99
3733256,0.0
1015655,50.0
6283356,50.0
3584463,0.5
3584161,170.0
3735488,210.5
771986,0.0
5708538,50.0
6256214,187.0
3584484,209.5
2593323,0.0
615471,0.0
3735083,100.0
6253516,181.0
779502,495.0
6278925,100.0
779530,200.0
6229730,0.5
6248868,171.5
321,50.0
3584472,50.0
3584470,0.0
6290601,50.0
779378,0.0
5988739,100.0
3933689,0.0
3584479,208.5
3584155,168.5
3584154,50.0
5941144,0.0
744550,0.0
6122398,50.0
778422,50.0
1230397,50.0
779499,50.0
2075532,100.0
3732789,0.0
779509,0.49
779506,1000.0
779507,260.01
779504,0.0
779505,500.0
5986869,50.0
779503,2.82
779500,148.19
779501,2573.0
2078257,233.5
6245395,50.0
528989,0.0
3736218,100.0
752816,0.0
3736215,50.0
3736214,50.0
5961483,193.0
6255812,185.5
3736210,50.0
3735391,208.0
3579385,0.0
3590733,50.0
3737466,50.0
3584513,0.0
3583911,50.0
2054800,50.0
6283650,100.0
2056636,0.4
6253072,0.0
404116,25.0
6247438,167.0
6268196,213.5
774011,0.0
3583925,147.0
779436,50.0
3733493,50.0
3733494,50.0
3583920,50.0
3584451,100.0
3583922,0.0
6261037,50.0
93837,100.0
3733455,152.5
207489,1.9
3079315,0.0
5795543,0.0
6247304,50.0
3736883,50.0
779599,100.0
6236754,50.0
3736369,0.0
779564,100.0
3733567,160.0
6255857,0.0
3736360,50.0
3733446,50.0
3736365,232.5
3733561,161.0
6258931,0.5
743304,101.0
3738012,0.5
1755045,50.0
3658023,10.040000000000001
6279265,50.0
774715,0.0
2035952,0.0
6250526,177.0
3735105,0.0
3733427,260.01
2080161,50.0
772926,0.0
615707,0.0
3585165,50.0
3712721,0.0
3583573,0.0
6237241,50.0
2075372,50.0
6276598,50.0
2067316,50.0
3584478,209.0
777196,50.0
6234843,8.05
4341878,153.0
3485491,0.0
3696487,0.0
3930465,0.3
779463,100.0
3583931,50.0
2506377,0.0
6235148,0.0
3584446,165.0
3584443,206.0
3584441,50.0
3584598,225.5
3733451,0.2
3584424,50.0
6267633,50.0
6234364,0.7
6272206,0.0
6253796,181.5
3587352,50.0
779642,150.0
3581267,0.0
3733334,50.0
3584535,50.0
6242635,160.5
2055177,4.05
3584434,50.0
3735148,200.0
2062958,0.33
33513,0.0
779013,1.9
5880590,0.1
6229909,0.0
3733523,50.0
3248666,0.0
780121,100.0
5113623,0.0
779780,100.0
779225,0.0
3586024,50.0
779398,5700.0
779396,0.0
779426,50.0
3733531,159.0
6247366,167.5
3735218,100.0
411346,0.0
6263114,100.0
3583924,50.0
6249440,0.34
3735967,0.0
3735212,100.0
3584326,0.0
3736417,100.0
3584289,186.0
240947,0.0
3584320,0.5
3583921,146.5
6290922,50.0
6236240,0.0
3584280,100.0
3584283,50.0
3736962,50.0
3736960,50.0
3583923,50.0
3735996,100.0
750565,0.0
6282719,100.0
6239040,50.0
3584267,182.5
3584266,50.0
3733614,50.0
3733610,50.0
3584109,50.0
3733594,162.5
737420,0.0
6244407,50.0
3584269,183.0
3733592,50.0
3734147,0.7999999999999999
779491,1100.0
5759968,0.9
779493,1.0
779494,100.0
779495,2.25
779496,200.0
779497,3030.04
779498,100.0
2068297,100.0
5950731,50.0
5987241,100.0
5752292,6.05
2081907,50.0
6161553,0.0
6236564,0.0
3585151,50.0
6041752,224.5
3733506,0.5
3620948,50.0
3736246,100.0
776457,3000.0
3733188,1.8
3583423,0.0
6112880,50.0
3583544,0.0
6261008,680.0
2073153,222.5
3583877,50.0
3733501,157.0
3583873,141.5
6273314,50.0
3583871,0.0
3583870,141.0
6263010,100.0
3584071,159.5
3735144,0.5
777142,0.0
3735146,0.0
3583878,142.0
3732755,0.0
725630,220.0
3584115,50.0
740220,0.99
2063451,0.9
