0,290
1,73
2,159
3,13
4,17
5,84
6,56
7,31
8,3
9,30
10,40
11,1
12,37
13,7
14,12
15,19
16,13
17,3
18,5
19,1
20,3
21,16
22,16
23,19
24,45
25,8
26,3
27,15
28,16
29,9
30,3
31,4
32,10
33,9
34,6
35,8
36,17
37,14
38,35
39,7
40,12
41,19
42,1
43,4
44,9
45,12
46,10
47,37
48,22
49,10
50,8
51,45
52,44
53,6
54,14
55,5
56,4
57,19
58,34
59,2
60,20
61,11
62,1
63,13
64,4
65,2
66,1
67,24
68,1
69,8
70,6
71,5
72,13
73,14
74,15
75,2
76,1
77,9
78,26
79,12
80,7
81,3
82,11
83,8
84,6
85,10
86,7
87,4
88,29
89,1
90,6
91,25
92,26
93,1
94,1
95,3
96,7
97,4
98,11
99,4
100,28
101,16
102,2
103,9
104,15
105,47
106,27
107,3
108,9
109,3
110,14
111,5
112,1
113,36
114,7
115,10
116,4
117,2
118,3
119,6
120,4
121,1
122,12
123,18
124,10
125,3
126,5
127,4
128,5
129,16
130,10
131,8
132,5
133,1
134,12
135,6
136,16
137,3
138,13
139,4
140,12
141,11
142,1
143,14
144,9
145,7
146,3
147,2
148,15
149,8
150,1
151,10
152,30
153,3
154,20
155,11
156,20
157,1
158,5
159,8
160,1
161,9
162,15
163,14
164,3
165,7
166,17
167,3
168,1
169,5
170,8
171,3
172,1
173,15
174,4
175,1
176,7
177,3
178,2
179,8
180,6
181,3
182,9
183,2
184,5
185,8
186,6
187,4
188,30
189,1
190,3
191,2
192,3
193,11
194,5
195,8
196,10
197,1
198,11
199,19
200,3
201,3
202,27
203,3
204,3
205,4
206,4
207,2
208,1
209,8
210,6
211,32
212,9
213,1
214,8
215,8
216,6
217,3
218,12
219,8
220,7
221,3
222,26
223,9
224,2
225,6
226,24
227,3
228,2
229,3
230,4
231,1
232,2
233,15
234,7
235,6
236,9
237,3
238,1
239,21
240,3
241,5
242,5
243,4
244,1
245,2
246,2
247,1
248,7
249,1
250,2
251,4
252,2
253,9
254,8
255,1
256,1
257,10
258,5
259,3
260,17
261,5
262,2
263,14
264,5
265,2
266,2
267,1
268,1
269,5
270,1
271,2
272,1
273,2
274,1
275,1
276,13
277,6
278,2
279,11
280,20
281,3
282,3
283,21
284,2
285,7
286,1
287,14
288,3
289,4
290,4
291,8
292,1
293,2
294,5
295,14
296,7
297,14
298,8
299,13
300,3
301,1
302,10
303,20
304,5
305,4
306,2
307,3
308,4
309,1
310,4
311,7
312,1
313,5
314,5
315,1
316,1
317,1
318,3
319,8
320,10
321,1
322,7
323,10
324,4
325,5
326,6
327,9
328,7
329,12
330,3
331,22
332,1
333,18
334,1
335,1
336,9
337,1
338,8
339,1
340,2
341,2
342,7
343,4
344,11
345,1
346,6
347,3
348,1
349,11
350,5
351,10
352,4
353,4
354,3
355,2
356,2
357,3
358,1
359,3
360,4
361,3
362,6
363,2
364,16
365,1
366,2
367,1
368,1
369,1
370,1
371,3
372,1
373,2
374,2
375,14
376,5
377,1
378,1
379,2
380,2
381,4
382,19
383,1
384,5
385,11
386,6
387,5
388,5
389,10
390,2
391,6
392,2
393,8
394,1
395,4
396,3
397,10
398,3
399,1
400,1
401,4
402,2
403,4
404,2
405,1
406,2
407,1
408,11
409,1
410,5
411,11
412,2
413,13
414,2
415,2
416,1
417,11
418,1
419,8
420,2
421,3
422,3
423,2
424,4
425,2
426,5
427,3
428,6
429,1
430,4
431,11
432,4
433,2
434,3
435,2
436,1
437,4
438,4
439,5
440,5
441,3
442,5
443,6
444,3
445,2
446,3
447,5
448,4
449,2
450,18
451,2
452,1
453,1
454,10
455,10
456,2
457,1
458,4
459,4
460,6
461,2
462,2
463,3
464,5
465,1
466,4
467,2
468,3
469,4
470,2
471,6
472,5
473,1
474,21
475,7
476,1
477,4
478,2
479,3
480,1
481,1
482,3
483,4
484,1
485,4
486,2
487,2
488,4
489,11
490,1
491,5
492,3
493,2
494,5
495,1
496,3
497,4
498,23
499,3
500,7
501,7
502,4
503,3
504,5
505,6
506,9
507,3
508,5
509,3
510,4
511,6
512,3
513,4
514,2
515,2
516,3
517,4
518,16
519,2
520,1
521,3
522,9
523,3
524,6
525,11
526,2
527,7
528,4
529,2
530,5
531,8
532,1
533,8
534,1
535,2
536,2
537,2
538,1
539,4
540,2
541,1
542,14
543,12
544,5
545,4
546,3
547,2
548,7
549,4
550,3
551,4
552,8
553,7
554,1
555,4
556,3
557,7
558,21
559,4
560,3
561,5
562,2
563,1
564,1
565,9
566,1
567,8
568,4
569,3
570,1
571,6
572,11
573,1
574,1
575,3
576,3
577,1
578,1
579,3
580,1
581,7
582,1
583,3
584,7
585,10
586,2
587,3
588,9
589,1
590,1
591,2
592,3
593,2
594,2
595,3
596,6
597,1
598,1
599,3
600,6
601,5
602,7
603,2
604,3
605,1
606,1
607,4
608,7
609,7
610,9
611,5
612,3
613,19
614,2
615,1
616,3
617,2
618,3
619,7
620,12
621,3
622,1
623,5
624,3
625,2
626,22
627,4
628,9
629,1
630,3
631,7
632,20
633,5
634,2
635,1
636,9
637,4
638,1
639,2
640,1
641,2
642,5
643,1
644,7
645,1
646,3
647,4
648,5
649,3
650,1
651,1
652,1
653,2
654,2
655,1
656,7
657,3
658,5
659,3
660,4
661,1
662,3
663,1
664,2
665,7
666,3
667,1
668,9
669,12
670,5
671,2
672,2
673,4
674,6
675,5
676,5
677,1
678,5
679,6
680,2
681,2
682,3
683,2
684,6
685,1
686,9
687,2
688,1
689,3
690,3
691,8
692,5
693,6
694,7
695,3
696,14
697,1
698,1
699,5
700,2
701,1
702,1
703,2
704,2
705,4
706,2
707,4
708,1
709,1
710,2
711,4
712,2
713,1
714,1
715,7
716,3
717,4
718,1
719,2
720,3
721,1
722,2
723,18
724,2
725,1
726,2
727,1
728,3
729,9
730,12
731,1
732,1
733,2
734,19
735,3
736,4
737,3
738,1
739,3
740,1
741,6
742,4
743,11
744,10
745,1
746,3
747,3
748,1
749,4
750,3
751,1
752,2
753,4
754,1
755,6
756,3
757,2
758,1
759,4
760,1
761,5
762,11
763,7
764,1
765,4
766,2
767,2
768,4
769,3
770,6
771,9
772,5
773,6
774,2
775,3
776,3
777,1
778,2
779,1
780,1
781,2
782,3
783,4
784,2
785,2
786,4
787,1
788,1
789,1
790,5
791,3
792,2
793,2
794,3
795,1
796,2
797,2
798,1
799,5
800,7
801,2
802,1
803,1
804,1
805,3
806,4
807,1
808,4
809,3
810,4
811,4
812,2
813,4
814,4
815,1
816,3
817,3
818,7
819,3
820,4
821,5
822,1
823,8
824,3
825,4
826,2
827,2
828,2
829,1
830,1
831,2
832,2
833,4
834,4
835,1
836,4
837,4
838,1
839,1
840,2
841,1
842,2
843,3
844,5
845,3
846,5
847,1
848,1
849,1
850,8
851,6
852,1
853,1
854,4
855,5
856,3
857,2
858,1
859,3
860,1
861,2
862,1
863,4
864,14
865,2
866,2
867,1
868,4
869,3
870,2
871,8
872,6
873,1
874,4
875,1
876,2
877,6
878,1
879,1
880,4
881,2
882,3
883,5
884,3
885,2
886,2
887,1
888,11
889,1
890,1
891,6
892,3
893,1
894,1
895,6
896,3
897,4
898,5
899,1
900,7
901,3
902,4
903,2
904,11
905,2
906,1
907,3
908,16
909,4
910,4
911,1
912,2
913,4
914,3
915,1
916,1
917,2
918,11
919,2
920,9
921,2
922,6
923,2
924,2
925,3
926,1
927,3
928,1
929,1
930,4
931,1
932,1
933,3
934,1
935,1
936,1
937,1
938,4
939,2
940,3
941,1
942,2
943,1
944,1
945,1
946,2
947,5
948,2
949,1
950,1
951,4
952,1
953,1
954,1
955,2
956,2
957,6
958,2
959,3
960,2
961,2
962,4
963,14
964,1
965,2
966,3
967,3
968,7
969,1
970,1
971,1
972,2
973,2
974,3
975,1
976,3
977,7
978,2
979,6
980,1
981,1
982,6
983,5
984,2
985,2
986,7
987,4
988,1
989,3
990,2
991,9
992,2
993,2
994,4
995,1
996,1
997,2
998,1
999,5
1000,1
1001,2
1002,1
1003,3
1004,6
1005,4
1006,3
1007,2
1008,3
1009,8
1010,7
1011,9
1012,4
1013,2
1014,3
1015,1
1016,2
1017,2
1018,1
1019,8
1020,6
1021,2
1022,1
1023,1
1024,3
1025,1
1026,2
1027,6
1028,1
1029,4
1030,1
1031,2
1032,1
1033,5
1034,1
1035,16
1036,4
1037,5
1038,1
1039,1
1040,3
1041,2
1042,1
1043,1
1044,2
1045,3
1046,1
1047,1
1048,3
1049,4
1050,3
1051,2
1052,2
1053,3
1054,3
1055,1
1056,2
1057,3
1058,6
1059,5
1060,1
1061,2
1062,3
1063,3
1064,2
1065,10
1066,3
1067,2
1068,1
1069,1
1070,1
1071,1
1072,1
1073,2
1074,1
1075,1
1076,3
1077,9
1078,5
1079,1
1080,3
1081,1
1082,2
1083,2
1084,1
1085,2
1086,1
1087,7
1088,6
1089,1
1090,3
1091,1
1092,8
1093,3
1094,2
1095,3
1096,1
1097,2
1098,3
1099,2
1100,1
1101,6
1102,2
1103,1
1104,3
1105,1
1106,1
1107,2
1108,1
1109,7
1110,1
1111,1
1112,1
1113,4
1114,3
1115,3
1116,2
1117,3
1118,6
1119,1
1120,1
1121,1
1122,10
1123,1
1124,1
1125,2
1126,3
1127,2
1128,1
1129,3
1130,2
1131,1
1132,1
1133,1
1134,5
1135,2
1136,1
1137,3
1138,5
1139,2
1140,2
1141,3
1142,5
1143,1
1144,9
1145,1
1146,2
1147,5
1148,1
1149,2
1150,1
1151,1
1152,3
1153,4
1154,3
1155,1
1156,2
1157,4
1158,3
1159,1
1160,1
1161,6
1162,1
1163,2
1164,3
1165,1
1166,4
1167,1
1168,1
1169,1
1170,1
1171,2
1172,4
1173,3
1174,1
1175,2
1176,1
1177,1
1178,3
1179,2
1180,4
1181,2
1182,2
1183,3
1184,3
1185,1
1186,5
1187,6
1188,1
1189,10
1190,5
1191,3
1192,2
1193,2
1194,8
1195,5
1196,1
1197,1
1198,2
1199,3
1200,1
1201,1
1202,5
1203,14
1204,3
1205,1
1206,3
1207,5
1208,1
1209,8
1210,2
1211,2
1212,4
1213,4
1214,1
1215,1
1216,2
1217,3
1218,2
1219,1
1220,1
1221,1
1222,2
1223,5
1224,6
1225,5
1226,1
1227,1
1228,3
1229,3
1230,1
1231,3
1232,2
1233,3
1234,1
1235,2
1236,9
1237,1
1238,8
1239,3
1240,8
1241,1
1242,1
1243,4
1244,1
1245,1
1246,1
1247,4
1248,1
1249,2
1250,4
1251,1
1252,1
1253,3
1254,5
1255,1
1256,2
1257,2
1258,1
1259,7
1260,5
1261,4
1262,2
1263,5
1264,3
1265,1
1266,1
1267,2
1268,10
1269,1
1270,1
1271,4
1272,10
1273,3
1274,4
1275,1
1276,5
1277,6
1278,1
1279,1
1280,2
1281,3
1282,7
1283,5
1284,1
1285,2
1286,2
1287,1
1288,6
1289,4
1290,2
1291,1
1292,5
1293,3
1294,1
1295,1
1296,1
1297,2
1298,4
1299,2
1300,4
1301,3
1302,2
1303,3
1304,2
1305,1
1306,1
1307,1
1308,3
1309,5
1310,1
1311,6
1312,5
1313,1
1314,1
1315,3
1316,9
1317,1
1318,3
1319,1
1320,1
1321,1
1322,2
1323,2
1324,3
1325,2
1326,3
1327,1
1328,1
1329,6
1330,3
1331,2
1332,3
1333,2
1334,2
1335,2
1336,4
1337,2
1338,4
1339,4
1340,2
1341,8
1342,1
1343,1
1344,1
1345,3
1346,1
1347,3
1348,1
1349,1
1350,3
1351,1
1352,2
1353,1
1354,4
1355,2
1356,1
1357,1
1358,1
1359,1
1360,1
1361,1
1362,3
1363,4
1364,1
1365,2
1366,1
1367,3
1368,3
1369,1
1370,4
1371,2
1372,4
1373,1
1374,1
1375,10
1376,3
1377,5
1378,2
1379,8
1380,1
1381,2
1382,3
1383,2
1384,2
1385,1
1386,2
1387,1
1388,1
1389,6
1390,2
1391,1
1392,1
1393,4
1394,2
1395,1
1396,2
1397,1
1398,1
1399,1
1400,1
1401,1
1402,5
1403,1
1404,1
1405,1
1406,7
1407,2
1408,1
1409,4
1410,1
1411,1
1412,6
1413,2
1414,1
1415,7
1416,3
1417,1
1418,2
1419,2
1420,1
1421,2
1422,6
1423,1
1424,1
1425,1
1426,1
1427,2
1428,8
1429,2
1430,2
1431,1
1432,3
1433,2
1434,2
1435,3
1436,1
1437,1
1438,4
1439,1
1440,2
1441,1
1442,2
1443,1
1444,1
1445,1
1446,3
1447,4
1448,3
1449,4
1450,1
1451,1
1452,4
1453,3
1454,3
1455,2
1456,2
1457,3
1458,1
1459,2
1460,3
1461,9
1462,1
1463,4
1464,1
1465,5
1466,2
1467,2
1468,2
1469,1
1470,2
1471,1
1472,2
1473,2
1474,4
1475,4
1476,1
1477,1
1478,1
1479,6
1480,3
1481,6
1482,2
1483,4
1484,2
1485,3
1486,2
1487,1
1488,6
1489,7
1490,1
1491,2
1492,1
1493,3
1494,5
1495,1
1496,1
1497,3
1498,1
1499,1
1500,2
1501,2
1502,1
1503,2
1504,2
1505,2
1506,2
1507,1
1508,5
1509,1
1510,1
1511,2
1512,4
1513,3
1514,1
1515,5
1516,1
1517,4
1518,1
1519,3
1520,1
1521,2
1522,3
1523,10
1524,3
1525,4
1526,4
1527,1
1528,3
1529,1
1530,1
1531,1
1532,1
1533,2
1534,3
1535,5
1536,3
1537,1
1538,1
1539,2
1540,5
1541,2
1542,11
1543,1
1544,2
1545,5
1546,1
1547,2
1548,4
1549,1
1550,1
1551,4
1552,4
1553,1
1554,1
1555,1
1556,1
1557,1
1558,5
1559,2
1560,1
1561,2
1562,2
1563,2
1564,3
1565,1
1566,1
1567,5
1568,3
1569,1
1570,1
1571,5
1572,2
1573,6
1574,7
1575,1
1576,2
1577,1
1578,5
1579,1
1580,1
1581,2
1582,2
1583,4
1584,3
1585,3
1586,2
1587,1
1588,1
1589,3
1590,2
1591,1
1592,1
1593,2
1594,1
1595,2
1596,2
1597,3
1598,1
1599,1
1600,1
1601,5
1602,4
1603,3
1604,5
1605,2
1606,1
1607,5
1608,1
1609,1
1610,1
1611,1
1612,3
1613,1
1614,1
1615,1
1616,5
1617,1
1618,1
1619,1
1620,1
1621,2
1622,2
1623,1
1624,2
1625,2
1626,4
1627,1
1628,1
1629,2
1630,1
1631,3
1632,3
1633,1
1634,1
1635,3
1636,1
1637,4
1638,1
1639,3
1640,1
1641,4
1642,4
1643,2
1644,2
1645,2
1646,1
1647,1
1648,2
1649,1
1650,2
1651,1
1652,3
1653,3
1654,2
1655,3
1656,6
1657,3
1658,2
1659,2
1660,2
1661,1
1662,12
1663,5
1664,3
1665,1
1666,3
1667,5
1668,3
1669,5
1670,2
1671,3
1672,1
1673,1
1674,1
1675,4
1676,1
1677,8
1678,6
1679,3
1680,4
1681,2
1682,2
1683,1
1684,1
1685,1
1686,1
1687,1
1688,2
1689,1
1690,4
1691,1
1692,1
1693,4
1694,3
1695,1
1696,2
1697,1
1698,2
1699,2
1700,3
1701,1
1702,1
1703,4
1704,5
1705,1
1706,2
1707,1
1708,5
1709,6
1710,3
1711,7
1712,1
1713,2
1714,3
1715,1
1716,1
1717,2
1718,1
1719,2
1720,3
1721,6
1722,1
1723,1
1724,5
1725,1
1726,1
1727,2
1728,1
1729,2
1730,7
1731,2
1732,1
1733,2
1734,1
1735,3
1736,2
1737,3
1738,1
1739,1
1740,1
1741,4
1742,6
1743,2
1744,2
1745,3
1746,1
1747,1
1748,1
1749,4
1750,1
1751,1
1752,2
1753,2
1754,3
1755,2
1756,1
1757,2
1758,1
1759,1
1760,1
1761,1
1762,2
1763,2
1764,2
1765,1
1766,1
1767,1
1768,5
1769,1
1770,2
1771,2
1772,5
1773,1
1774,2
1775,1
1776,2
1777,4
1778,2
1779,4
1780,1
1781,2
1782,3
1783,3
1784,2
1785,1
1786,1
1787,3
1788,3
1789,7
1790,5
1791,1
1792,6
1793,5
1794,3
1795,3
1796,1
1797,2
1798,1
1799,4
1800,2
1801,5
1802,1
1803,4
1804,1
1805,4
1806,2
1807,2
1808,2
1809,7
1810,2
1811,3
1812,10
1813,1
1814,1
1815,1
1816,1
1817,1
1818,1
1819,1
1820,1
1821,1
1822,1
1823,3
1824,1
1825,1
1826,2
1827,5
1828,1
1829,1
1830,1
1831,3
1832,2
1833,1
1834,2
1835,1
1836,1
1837,4
1838,4
1839,4
1840,1
1841,1
1842,1
1843,2
1844,4
1845,1
1846,2
1847,1
1848,6
1849,2
1850,1
1851,1
1852,1
1853,2
1854,2
1855,1
1856,1
1857,1
1858,1
1859,3
1860,1
1861,2
1862,3
1863,1
1864,2
1865,1
1866,4
1867,3
1868,1
1869,1
1870,1
1871,7
1872,1
1873,6
1874,5
1875,2
1876,2
1877,1
1878,3
1879,1
1880,1
1881,3
1882,1
1883,1
1884,1
1885,1
1886,1
1887,1
1888,1
1889,2
1890,5
1891,1
1892,1
1893,2
1894,1
1895,1
1896,1
1897,1
1898,1
1899,1
1900,1
1901,1
1902,1
1903,1
1904,1
1905,3
1906,2
1907,1
1908,2
1909,2
1910,3
1911,1
1912,2
1913,3
1914,3
1915,5
1916,1
1917,1
1918,3
1919,2
1920,1
1921,2
1922,1
1923,2
1924,2
1925,1
1926,1
1927,1
1928,1
1929,1
1930,1
1931,2
1932,1
1933,1
1934,1
1935,1
1936,2
1937,2
1938,2
1939,1
1940,1
1941,1
1942,2
1943,2
1944,1
1945,1
1946,1
1947,4
1948,2
1949,2
1950,5
1951,1
1952,3
1953,2
1954,4
1955,3
1956,1
1957,2
1958,3
1959,1
1960,1
1961,2
1962,13
1963,6
1964,1
1965,1
1966,2
1967,3
1968,1
1969,1
1970,1
1971,1
1972,2
1973,1
1974,1
1975,1
1976,4
1977,2
1978,3
1979,1
1980,4
1981,1
1982,4
1983,1
1984,1
1985,1
1986,1
1987,1
1988,1
1989,3
1990,8
1991,3
1992,2
1993,1
1994,2
1995,1
1996,1
1997,5
1998,4
1999,1
2000,1
2001,2
2002,4
2003,1
2004,1
2005,1
2006,4
2007,1
2008,1
2009,2
2010,2
2011,2
2012,3
2013,1
2014,4
2015,1
2016,4
2017,1
2018,1
2019,2
2020,3
2021,2
2022,1
2023,2
2024,1
2025,3
2026,4
2027,1
2028,1
2029,1
2030,7
2031,7
2032,1
2033,1
2034,2
2035,1
2036,5
2037,5
2038,1
2039,1
2040,1
2041,1
2042,2
2043,1
2044,2
2045,1
2046,4
2047,1
2048,1
2049,1
2050,1
2051,2
2052,1
2053,1
2054,3
2055,1
2056,2
2057,1
2058,4
2059,3
2060,1
2061,4
2062,1
2063,1
2064,1
2065,2
2066,2
2067,4
2068,2
2069,2
2070,2
2071,1
2072,4
2073,6
2074,4
2075,2
2076,5
2077,3
2078,1
2079,4
2080,2
2081,1
2082,1
2083,1
2084,9
2085,9
2086,1
2087,2
2088,1
2089,3
2090,2
2091,2
2092,1
2093,1
2094,2
2095,1
2096,1
2097,1
2098,3
2099,1
2100,1
2101,5
2102,1
2103,1
2104,2
2105,1
2106,1
2107,2
2108,3
2109,1
2110,4
2111,2
2112,4
2113,1
2114,8
2115,5
2116,4
2117,2
2118,1
2119,4
2120,2
2121,3
2122,4
2123,4
2124,1
2125,5
2126,1
2127,1
2128,1
2129,2
2130,1
2131,2
2132,1
2133,2
2134,3
2135,2
2136,3
2137,1
2138,4
2139,1
2140,2
2141,1
2142,1
2143,1
2144,1
2145,2
2146,1
2147,1
2148,7
2149,1
2150,1
2151,6
2152,6
2153,2
2154,2
2155,1
2156,5
2157,1
2158,1
2159,2
2160,2
2161,1
2162,2
2163,3
2164,1
2165,2
2166,1
2167,1
2168,1
2169,4
2170,1
2171,2
2172,2
2173,1
2174,1
2175,2
2176,1
2177,2
2178,2
2179,1
2180,1
2181,2
2182,3
2183,3
2184,1
2185,1
2186,3
2187,6
2188,1
2189,2
2190,5
2191,2
2192,4
2193,1
2194,1
2195,2
2196,8
2197,1
2198,2
2199,3
2200,1
2201,1
2202,2
2203,1
2204,5
2205,2
2206,1
2207,1
2208,1
2209,1
2210,1
2211,2
2212,2
2213,5
2214,2
2215,1
2216,1
2217,1
2218,2
2219,1
2220,4
2221,1
2222,1
2223,2
2224,1
2225,1
2226,1
2227,2
2228,2
2229,4
2230,1
2231,1
2232,3
2233,7
2234,1
2235,4
2236,1
2237,1
2238,1
2239,1
2240,2
2241,5
2242,1
2243,1
2244,2
2245,4
2246,1
2247,1
2248,1
2249,1
2250,5
2251,1
2252,2
2253,3
2254,2
2255,3
2256,1
2257,1
2258,1
2259,1
2260,2
2261,1
2262,2
2263,4
2264,2
2265,1
2266,4
2267,1
2268,2
2269,2
2270,1
2271,1
2272,3
2273,2
2274,4
2275,2
2276,2
2277,1
2278,1
2279,1
2280,5
2281,1
2282,2
2283,1
2284,1
2285,1
2286,1
2287,2
2288,1
2289,1
2290,2
2291,1
2292,4
2293,1
2294,3
2295,3
2296,1
2297,6
2298,1
2299,5
2300,1
2301,2
2302,2
2303,3
2304,1
2305,5
2306,1
2307,1
2308,2
2309,2
2310,2
2311,3
2312,5
2313,1
2314,3
2315,1
2316,1
2317,1
2318,1
2319,3
2320,1
2321,1
2322,2
2323,1
2324,3
2325,1
2326,3
2327,3
2328,1
2329,1
2330,1
2331,5
2332,3
2333,3
2334,1
2335,2
2336,4
2337,1
2338,1
2339,2
2340,1
2341,1
2342,2
2343,2
2344,2
2345,1
2346,1
2347,1
2348,1
2349,1
2350,2
2351,2
2352,2
2353,1
2354,2
2355,1
2356,3
2357,1
2358,2
2359,1
2360,1
2361,1
2362,1
2363,1
2364,2
2365,1
2366,2
2367,5
2368,5
2369,1
2370,2
2371,1
2372,1
2373,1
2374,1
2375,1
2376,1
2377,1
2378,2
2379,1
2380,1
2381,1
2382,1
2383,2
2384,1
2385,3
2386,1
2387,3
2388,1
2389,1
2390,2
2391,1
2392,1
2393,4
2394,1
2395,2
2396,2
2397,1
2398,2
2399,1
2400,1
2401,1
2402,1
2403,2
2404,1
2405,1
2406,4
2407,3
2408,1
2409,1
2410,1
2411,1
2412,1
2413,1
2414,1
2415,1
2416,3
2417,3
2418,4
2419,1
2420,1
2421,2
2422,2
2423,1
2424,3
2425,2
2426,3
2427,1
2428,1
2429,4
2430,1
2431,3
2432,1
2433,1
2434,6
2435,1
2436,1
2437,1
2438,2
2439,1
2440,1
2441,5
2442,3
2443,4
2444,1
2445,1
2446,1
2447,1
2448,4
2449,1
2450,2
2451,1
2452,2
2453,1
2454,1
2455,1
2456,6
2457,1
2458,1
2459,3
2460,1
2461,3
2462,1
2463,1
2464,1
2465,1
2466,2
2467,7
2468,1
2469,1
2470,3
2471,1
2472,3
2473,2
2474,2
2475,1
2476,1
2477,1
2478,5
2479,2
2480,3
2481,4
2482,1
2483,1
2484,2
2485,1
2486,2
2487,4
2488,1
2489,1
2490,1
2491,1
2492,1
2493,2
2494,1
2495,1
2496,2
2497,1
2498,1
2499,1
2500,5
2501,1
2502,1
2503,5
2504,3
2505,2
2506,4
2507,1
2508,1
2509,1
2510,13
2511,1
2512,1
2513,4
2514,1
2515,7
2516,1
2517,1
2518,1
2519,2
2520,3
2521,1
2522,4
2523,1
2524,1
2525,5
2526,1
2527,1
2528,1
2529,1
2530,1
2531,1
2532,2
2533,5
2534,3
2535,1
2536,2
2537,4
2538,1
2539,1
2540,1
2541,1
2542,1
2543,1
2544,1
2545,5
2546,1
2547,3
2548,2
2549,1
2550,1
2551,1
2552,3
2553,1
2554,2
2555,6
2556,1
2557,4
2558,1
2559,3
2560,1
2561,1
2562,3
2563,4
2564,2
2565,3
2566,1
2567,2
2568,8
2569,1
2570,1
2571,1
2572,2
2573,3
2574,1
2575,3
2576,3
2577,4
2578,1
2579,1
2580,1
2581,2
2582,3
2583,1
2584,1
2585,2
2586,3
2587,1
2588,1
2589,1
2590,1
2591,1
2592,1
2593,1
2594,3
2595,1
2596,1
2597,3
2598,1
2599,1
2600,3
2601,1
2602,1
2603,1
2604,4
2605,7
2606,4
2607,6
2608,3
2609,2
2610,2
2611,2
2612,2
2613,1
2614,1
2615,2
2616,1
2617,2
2618,2
2619,1
2620,1
2621,4
2622,1
2623,1
2624,1
2625,2
2626,3
2627,2
2628,1
2629,2
2630,1
2631,3
2632,2
2633,2
2634,1
2635,1
2636,1
2637,1
2638,1
2639,2
2640,2
2641,1
2642,1
2643,1
2644,1
2645,1
2646,1
2647,2
2648,1
2649,1
2650,8
2651,1
2652,1
2653,1
2654,2
2655,1
2656,3
2657,2
2658,1
2659,1
2660,5
2661,2
2662,1
2663,4
2664,2
2665,2
2666,4
2667,3
2668,1
2669,1
2670,1
2671,1
2672,2
2673,1
2674,1
2675,1
2676,1
2677,2
2678,6
2679,1
2680,2
2681,1
2682,1
2683,2
2684,3
2685,2
2686,1
2687,1
2688,2
2689,2
2690,1
2691,1
2692,2
2693,2
2694,3
2695,2
2696,1
2697,2
2698,2
2699,1
2700,2
2701,1
2702,3
2703,1
2704,1
2705,2
2706,3
2707,1
2708,1
2709,1
2710,1
2711,1
2712,1
2713,2
2714,1
2715,1
2716,1
2717,3
2718,1
2719,1
2720,3
2721,3
2722,1
2723,1
2724,1
2725,9
2726,3
2727,2
2728,2
2729,1
2730,1
2731,1
2732,1
2733,1
2734,1
2735,1
2736,3
2737,4
2738,3
2739,1
2740,1
2741,1
2742,4
2743,3
2744,1
2745,1
2746,1
2747,1
2748,1
2749,3
2750,1
2751,1
2752,3
2753,2
2754,1
2755,1
2756,1
2757,1
2758,3
2759,1
2760,1
2761,2
2762,2
2763,1
2764,1
2765,1
2766,1
2767,2
2768,4
2769,1
2770,3
2771,1
2772,2
2773,1
2774,2
2775,6
2776,1
2777,1
2778,1
2779,1
2780,2
2781,2
2782,1
2783,1
2784,2
2785,2
2786,1
2787,1
2788,1
2789,1
2790,3
2791,4
2792,1
2793,2
2794,1
2795,3
2796,4
2797,1
2798,1
2799,1
2800,1
2801,1
2802,1
2803,2
2804,2
2805,1
2806,2
2807,1
2808,1
2809,3
2810,1
2811,2
2812,1
2813,2
2814,1
2815,5
2816,2
2817,2
2818,2
2819,1
2820,2
2821,3
2822,1
2823,1
2824,3
2825,1
2826,1
2827,1
2828,2
2829,1
2830,2
2831,1
2832,1
2833,1
2834,2
2835,2
2836,1
2837,2
2838,1
2839,4
2840,1
2841,1
2842,2
2843,1
2844,4
2845,1
2846,3
2847,1
2848,2
2849,2
2850,3
2851,1
2852,1
2853,1
2854,1
2855,2
2856,2
2857,3
2858,2
2859,1
2860,1
2861,1
2862,1
2863,1
2864,1
2865,1
2866,1
2867,1
2868,2
2869,1
2870,4
2871,2
2872,1
2873,2
2874,1
2875,2
2876,1
2877,2
2878,1
2879,1
2880,1
2881,1
2882,1
2883,3
2884,1
2885,2
2886,1
2887,3
2888,1
2889,2
2890,1
2891,2
2892,2
2893,2
2894,1
2895,1
2896,1
2897,3
2898,2
2899,2
2900,2
2901,1
2902,2
2903,1
2904,1
2905,2
2906,2
2907,3
2908,1
2909,2
2910,1
2911,2
2912,1
2913,1
2914,1
2915,2
2916,2
2917,2
2918,2
2919,1
2920,2
2921,1
2922,1
2923,1
2924,1
2925,2
2926,3
2927,1
2928,2
2929,1
2930,1
2931,1
2932,1
2933,2
2934,1
2935,1
2936,1
2937,1
2938,2
2939,1
2940,2
2941,3
2942,1
2943,1
2944,2
2945,5
2946,2
2947,1
2948,1
2949,2
2950,1
2951,1
2952,1
2953,3
2954,1
2955,1
2956,3
2957,1
2958,1
2959,1
2960,1
2961,3
2962,2
2963,1
2964,1
2965,1
2966,4
2967,4
2968,1
2969,1
2970,2
2971,1
2972,2
2973,1
2974,1
2975,2
2976,2
2977,1
2978,2
2979,2
2980,1
2981,2
2982,1
2983,2
2984,1
2985,6
2986,2
2987,1
2988,1
2989,1
2990,1
2991,1
2992,1
2993,2
2994,2
2995,2
2996,3
2997,1
2998,4
2999,1
3000,2
3001,1
3002,1
3003,4
3004,1
3005,2
3006,1
3007,3
3008,1
3009,1
3010,1
3011,1
3012,1
3013,2
3014,1
3015,5
3016,1
3017,2
3018,1
3019,1
3020,1
3021,1
3022,1
3023,1
3024,1
3025,1
3026,2
3027,1
3028,2
3029,2
3030,1
3031,3
3032,2
3033,3
3034,2
3035,1
3036,3
3037,1
3038,1
3039,6
3040,1
3041,3
3042,2
3043,4
3044,2
3045,1
3046,1
3047,1
3048,2
3049,1
3050,1
3051,1
3052,1
3053,2
3054,1
3055,3
3056,3
3057,2
3058,1
3059,1
3060,1
3061,2
3062,1
3063,5
3064,1
3065,1
3066,1
3067,1
3068,1
3069,5
3070,4
3071,2
3072,1
3073,3
3074,2
3075,1
3076,1
3077,1
3078,4
3079,1
3080,1
3081,1
3082,6
3083,2
3084,1
3085,3
3086,2
3087,1
3088,1
3089,1
3090,1
3091,1
3092,1
3093,1
3094,2
3095,1
3096,2
3097,2
3098,1
3099,1
3100,1
3101,1
3102,1
3103,1
3104,1
3105,1
3106,5
3107,4
3108,1
3109,4
3110,1
3111,1
3112,2
3113,1
3114,2
3115,2
3116,1
3117,1
3118,3
3119,1
3120,1
3121,3
3122,1
3123,1
3124,1
3125,6
3126,1
3127,1
3128,4
3129,2
3130,2
3131,2
3132,1
3133,1
3134,1
3135,1
3136,1
3137,1
3138,1
3139,1
3140,3
3141,1
3142,4
3143,1
3144,1
3145,1
3146,2
3147,1
3148,1
3149,1
3150,1
3151,4
3152,1
3153,2
3154,1
3155,4
3156,3
3157,4
3158,1
3159,1
3160,1
3161,4
3162,1
3163,2
3164,1
3165,3
3166,2
3167,3
3168,1
3169,1
3170,1
3171,3
3172,3
3173,1
3174,2
3175,2
3176,6
3177,1
3178,1
3179,2
3180,2
3181,1
3182,1
3183,1
3184,2
3185,1
3186,1
3187,1
3188,2
3189,1
3190,1
3191,1
3192,1
3193,1
3194,3
3195,1
3196,1
3197,2
3198,1
3199,1
3200,4
3201,2
3202,1
3203,4
3204,2
3205,3
3206,1
3207,1
3208,2
3209,3
3210,1
3211,2
3212,1
3213,1
3214,1
3215,2
3216,1
3217,1
3218,2
3219,1
3220,1
3221,1
3222,2
3223,1
3224,1
3225,5
3226,1
3227,1
3228,2
3229,1
3230,1
3231,2
3232,1
3233,1
3234,1
3235,1
3236,1
3237,2
3238,1
3239,1
3240,1
3241,1
3242,1
3243,1
3244,2
3245,2
3246,1
3247,1
3248,3
3249,2
3250,2
3251,1
3252,2
3253,4
3254,1
3255,1
3256,2
3257,2
3258,1
3259,1
3260,1
3261,1
3262,1
3263,3
3264,1
3265,1
3266,3
3267,1
3268,1
3269,1
3270,1
3271,3
3272,1
3273,1
3274,1
3275,2
3276,1
3277,4
3278,1
3279,3
3280,1
3281,1
3282,1
3283,1
3284,1
3285,2
3286,1
3287,1
3288,2
3289,3
3290,2
3291,1
3292,1
3293,2
3294,1
3295,1
3296,2
3297,2
3298,2
3299,1
3300,1
3301,1
3302,1
3303,1
3304,3
3305,1
3306,1
3307,2
3308,1
3309,1
3310,2
3311,2
3312,1
3313,1
3314,1
3315,1
3316,1
3317,2
3318,1
3319,1
3320,1
3321,5
3322,1
3323,1
3324,1
3325,1
3326,1
3327,1
3328,1
3329,1
3330,2
3331,1
3332,1
3333,1
3334,1
3335,2
3336,1
3337,2
3338,1
3339,1
3340,1
3341,1
3342,1
3343,2
3344,2
3345,1
3346,2
3347,1
3348,1
3349,1
3350,3
3351,1
3352,2
3353,1
3354,4
3355,1
3356,1
3357,2
3358,1
3359,2
3360,1
3361,2
3362,1
3363,1
3364,1
3365,1
3366,1
3367,1
3368,2
3369,1
3370,3
3371,1
3372,1
3373,1
3374,2
3375,1
3376,1
3377,1
3378,3
3379,2
3380,2
3381,2
3382,2
3383,1
3384,5
3385,2
3386,1
3387,7
3388,1
3389,2
3390,1
3391,1
3392,1
3393,1
3394,2
3395,1
3396,3
3397,1
3398,1
3399,1
3400,1
3401,2
3402,1
3403,4
3404,1
3405,1
3406,1
3407,2
3408,1
3409,3
3410,1
3411,4
3412,3
3413,1
3414,1
3415,1
3416,1
3417,1
3418,1
3419,2
3420,2
3421,1
3422,1
3423,2
3424,2
3425,1
3426,1
3427,1
3428,2
3429,1
3430,1
3431,1
3432,1
3433,1
3434,1
3435,1
3436,1
3437,1
3438,1
3439,1
3440,1
3441,1
3442,1
3443,1
3444,3
3445,1
3446,1
3447,1
3448,1
3449,2
3450,1
3451,1
3452,1
3453,1
3454,3
3455,1
3456,1
3457,2
3458,1
3459,1
3460,1
3461,1
3462,1
3463,1
3464,1
3465,2
3466,2
3467,1
3468,1
3469,1
3470,3
3471,1
3472,1
3473,2
3474,1
3475,1
3476,1
3477,3
3478,1
3479,1
3480,6
3481,1
3482,1
3483,4
3484,1
3485,1
3486,1
3487,3
3488,1
3489,1
3490,2
3491,3
3492,2
3493,4
3494,2
3495,1
3496,2
3497,2
3498,2
3499,2
3500,1
3501,2
3502,2
3503,1
3504,1
3505,1
3506,1
3507,1
3508,1
3509,1
3510,2
3511,1
3512,1
3513,1
3514,1
3515,1
3516,1
3517,5
3518,1
3519,3
3520,1
3521,3
3522,1
3523,1
3524,4
3525,4
3526,6
3527,1
3528,1
3529,3
3530,2
3531,1
3532,2
3533,1
3534,4
3535,2
3536,3
3537,1
3538,1
3539,1
3540,1
3541,1
3542,1
3543,3
3544,1
3545,3
3546,4
3547,1
3548,1
3549,1
3550,3
3551,1
3552,1
3553,1
3554,3
3555,1
3556,1
3557,1
3558,1
3559,1
3560,1
3561,1
3562,1
3563,1
3564,1
3565,1
3566,4
3567,1
3568,1
3569,1
3570,2
3571,1
3572,2
3573,1
3574,2
3575,1
3576,1
3577,3
3578,1
3579,1
3580,2
3581,1
3582,1
3583,2
3584,1
3585,2
3586,1
3587,1
3588,1
3589,2
3590,2
3591,1
3592,2
3593,1
3594,1
3595,1
3596,1
3597,1
3598,3
3599,1
3600,1
3601,3
3602,4
3603,2
3604,2
3605,2
3606,1
3607,1
3608,2
3609,4
3610,3
3611,1
3612,1
3613,1
3614,1
3615,1
3616,4
3617,2
3618,2
3619,2
3620,1
3621,1
3622,1
3623,1
3624,1
3625,2
3626,1
3627,1
3628,1
3629,1
3630,1
3631,1
3632,1
3633,5
3634,1
3635,3
3636,1
3637,1
3638,2
3639,1
3640,1
3641,2
3642,2
3643,1
3644,1
3645,1
3646,1
3647,2
3648,1
3649,1
3650,1
3651,1
3652,1
3653,1
3654,1
3655,1
3656,1
3657,1
3658,2
3659,3
3660,1
3661,2
3662,1
3663,2
3664,1
3665,2
3666,1
3667,1
3668,2
3669,1
3670,2
3671,1
3672,1
3673,5
3674,3
3675,1
3676,2
3677,1
3678,3
3679,4
3680,1
3681,2
3682,1
3683,2
3684,2
3685,1
3686,2
3687,1
3688,2
3689,1
3690,1
3691,4
3692,3
3693,1
3694,1
3695,1
3696,1
3697,1
3698,2
3699,1
3700,1
3701,3
3702,1
3703,2
3704,2
3705,1
3706,1
3707,1
3708,4
3709,1
3710,1
3711,1
3712,1
3713,1
3714,4
3715,2
3716,1
3717,2
3718,4
3719,1
3720,1
3721,1
3722,2
3723,1
3724,1
3725,2
3726,3
3727,3
3728,1
3729,2
3730,1
3731,1
3732,1
3733,1
3734,1
3735,2
3736,1
3737,1
3738,1
3739,1
3740,1
3741,4
3742,6
3743,1
3744,3
3745,2
3746,2
3747,2
3748,1
3749,1
3750,1
3751,2
3752,2
3753,1
3754,2
3755,1
3756,2
3757,3
3758,1
3759,2
3760,1
3761,2
3762,1
3763,1
3764,1
3765,2
3766,1
3767,1
3768,1
3769,1
3770,1
3771,1
3772,1
3773,1
3774,1
3775,2
3776,1
3777,1
3778,1
3779,1
3780,1
3781,1
3782,1
3783,1
3784,1
3785,5
3786,1
3787,1
3788,2
3789,2
3790,1
3791,1
3792,2
3793,4
3794,3
3795,2
3796,3
3797,3
3798,1
3799,2
3800,2
3801,1
3802,1
3803,2
3804,1
3805,1
3806,1
3807,1
3808,1
3809,1
3810,2
3811,2
3812,1
3813,1
3814,1
3815,3
3816,2
3817,2
3818,1
3819,1
3820,1
3821,1
3822,4
3823,1
3824,1
3825,1
3826,1
3827,1
3828,1
3829,2
3830,2
3831,1
3832,1
3833,1
3834,1
3835,1
3836,1
3837,4
3838,1
3839,3
3840,1
3841,1
3842,2
3843,1
3844,4
3845,2
3846,1
3847,1
3848,2
3849,1
3850,1
3851,1
3852,4
3853,1
3854,2
3855,1
3856,1
3857,1
3858,1
3859,1
3860,1
3861,1
3862,1
3863,2
3864,1
3865,1
3866,3
3867,3
3868,1
3869,1
3870,1
3871,1
3872,2
3873,1
3874,1
3875,1
3876,2
3877,1
3878,5
3879,1
3880,1
3881,2
3882,2
3883,1
3884,4
3885,1
3886,1
3887,1
3888,1
3889,1
3890,1
3891,1
3892,3
3893,1
3894,2
3895,1
3896,1
3897,1
3898,2
3899,1
3900,1
3901,1
3902,1
3903,1
3904,1
3905,1
3906,4
3907,1
3908,5
3909,1
3910,1
3911,1
3912,1
3913,1
3914,2
3915,1
3916,1
3917,1
3918,1
3919,1
3920,1
3921,1
3922,1
3923,1
3924,2
3925,1
3926,1
3927,1
3928,2
3929,1
3930,2
3931,1
3932,1
3933,1
3934,1
3935,1
3936,1
3937,1
3938,2
3939,1
3940,1
3941,1
3942,1
3943,2
3944,2
3945,3
3946,1
3947,1
3948,3
3949,2
3950,2
3951,1
3952,2
3953,1
3954,1
3955,1
3956,1
3957,4
3958,1
3959,2
3960,1
3961,1
3962,1
3963,1
3964,3
3965,1
3966,3
3967,4
3968,1
3969,2
3970,3
3971,4
3972,1
3973,1
3974,2
3975,1
3976,3
3977,1
3978,1
3979,1
3980,1
3981,1
3982,1
3983,2
3984,1
3985,1
3986,1
3987,1
3988,1
3989,1
3990,1
3991,3
3992,1
3993,1
3994,1
3995,2
3996,2
3997,1
3998,1
3999,1
4000,1
4001,2
4002,1
4003,1
4004,1
4005,3
4006,2
4007,1
4008,1
4009,1
4010,3
4011,3
4012,2
4013,2
4014,1
4015,2
4016,1
4017,1
4018,1
4019,1
4020,1
4021,4
4022,3
4023,1
4024,1
4025,1
4026,1
4027,1
4028,2
4029,1
4030,1
4031,4
4032,2
4033,2
4034,1
4035,1
4036,2
4037,1
4038,1
4039,1
4040,3
4041,1
4042,2
4043,2
4044,2
4045,1
4046,1
4047,1
4048,6
4049,1
4050,4
4051,1
4052,1
4053,1
4054,1
4055,3
4056,1
4057,1
4058,1
4059,1
4060,1
4061,4
4062,1
4063,4
4064,1
4065,3
4066,4
4067,1
4068,6
4069,1
4070,2
4071,1
4072,5
4073,1
4074,1
4075,1
4076,1
4077,1
4078,3
4079,1
4080,1
4081,1
4082,2
4083,3
4084,2
4085,1
4086,1
4087,1
4088,5
4089,1
4090,2
4091,2
4092,1
4093,3
4094,1
4095,1
4096,1
4097,2
4098,1
4099,1
4100,1
4101,1
4102,1
4103,1
4104,1
4105,1
4106,1
4107,2
4108,3
4109,4
4110,2
4111,1
4112,1
4113,3
4114,2
4115,1
4116,1
4117,2
4118,1
4119,1
4120,1
4121,1
4122,1
4123,1
4124,1
4125,1
4126,2
4127,1
4128,1
4129,1
4130,1
4131,1
4132,1
4133,2
4134,3
4135,1
4136,1
4137,1
4138,1
4139,1
4140,1
4141,1
4142,3
4143,1
4144,2
4145,1
4146,3
4147,2
4148,1
4149,1
4150,1
4151,4
4152,1
4153,1
4154,3
4155,1
4156,1
4157,2
4158,1
4159,1
4160,1
4161,1
4162,4
4163,1
4164,1
4165,1
4166,1
4167,1
4168,2
4169,1
4170,1
4171,1
4172,2
4173,2
4174,1
4175,1
4176,1
4177,1
4178,2
4179,1
4180,3
4181,1
4182,2
4183,1
4184,3
4185,1
4186,1
4187,1
4188,1
4189,1
4190,1
4191,1
4192,1
4193,3
4194,1
4195,2
4196,1
4197,1
4198,2
4199,2
4200,1
4201,1
4202,1
4203,2
4204,1
4205,1
4206,3
4207,1
4208,2
4209,1
4210,2
4211,2
4212,1
4213,5
4214,1
4215,1
4216,1
4217,1
4218,1
4219,1
4220,1
4221,2
4222,2
4223,1
4224,1
4225,2
4226,2
4227,3
4228,1
4229,1
4230,1
4231,1
4232,1
4233,2
4234,1
4235,2
4236,1
4237,1
4238,1
4239,1
4240,1
4241,1
4242,1
4243,1
4244,1
4245,1
4246,1
4247,1
4248,1
4249,1
4250,3
4251,2
4252,1
4253,1
4254,1
4255,1
4256,1
4257,1
4258,1
4259,1
4260,1
4261,1
4262,1
4263,1
4264,1
4265,1
4266,1
4267,1
4268,2
4269,1
4270,1
4271,1
4272,1
4273,1
4274,1
4275,1
4276,1
4277,1
4278,1
4279,3
4280,1
4281,2
4282,3
4283,1
4284,1
4285,1
4286,3
4287,1
4288,2
4289,2
4290,1
4291,1
4292,2
4293,1
4294,1
4295,1
4296,3
4297,1
4298,2
4299,1
4300,1
4301,1
4302,1
4303,1
4304,2
4305,1
4306,1
4307,2
4308,2
4309,2
4310,2
4311,1
4312,1
4313,1
4314,4
4315,1
4316,1
4317,2
4318,1
4319,1
4320,3
4321,1
4322,1
4323,1
4324,1
4325,1
4326,2
4327,2
4328,1
4329,2
4330,1
4331,1
4332,1
4333,2
4334,2
4335,2
4336,2
4337,2
4338,2
4339,1
4340,1
4341,1
4342,2
4343,1
4344,1
4345,1
4346,1
4347,2
4348,2
4349,1
4350,3
4351,1
4352,1
4353,1
4354,1
4355,1
4356,2
4357,2
4358,1
4359,2
4360,1
4361,1
4362,3
4363,4
4364,4
4365,1
4366,6
4367,5
4368,1
4369,1
4370,1
4371,1
4372,1
4373,1
4374,1
4375,2
4376,2
4377,1
4378,1
4379,1
4380,1
4381,1
4382,1
4383,1
4384,2
4385,2
4386,1
4387,2
4388,2
4389,1
4390,2
4391,2
4392,2
4393,1
4394,1
4395,1
4396,1
4397,2
4398,2
4399,1
4400,2
4401,1
4402,3
4403,1
4404,1
4405,1
4406,4
4407,1
4408,1
4409,2
4410,1
4411,1
4412,2
4413,1
4414,1
4415,1
4416,2
4417,2
4418,1
4419,1
4420,1
4421,1
4422,1
4423,1
4424,1
4425,1
4426,2
4427,2
4428,1
4429,5
4430,2
4431,1
4432,1
4433,1
4434,1
4435,1
4436,1
4437,2
4438,1
4439,1
4440,1
4441,2
4442,1
4443,1
4444,1
4445,1
4446,1
4447,3
4448,1
4449,1
4450,1
4451,1
4452,1
4453,1
4454,3
4455,1
4456,1
4457,1
4458,1
4459,1
4460,1
4461,1
4462,1
4463,2
4464,1
4465,2
4466,2
4467,3
4468,2
4469,1
4470,1
4471,1
4472,2
4473,1
4474,1
4475,1
4476,2
4477,1
4478,1
4479,1
4480,1
4481,1
4482,1
4483,1
4484,1
4485,2
4486,1
4487,1
4488,1
4489,2
4490,1
4491,2
4492,1
4493,1
4494,1
4495,1
4496,1
4497,1
4498,1
4499,1
4500,4
4501,1
4502,1
4503,2
4504,1
4505,1
4506,1
4507,1
4508,1
4509,1
4510,2
4511,1
4512,1
4513,1
4514,2
4515,2
4516,1
4517,1
4518,2
4519,2
4520,5
4521,1
4522,1
4523,1
4524,1
4525,1
4526,4
4527,2
4528,1
4529,1
4530,1
4531,1
4532,1
4533,1
4534,2
4535,1
4536,1
4537,2
4538,1
4539,1
4540,1
4541,1
4542,1
4543,1
4544,1
4545,3
4546,1
4547,2
4548,2
4549,1
4550,2
4551,2
4552,1
4553,5
4554,2
4555,2
4556,1
4557,1
4558,1
4559,1
4560,2
4561,1
4562,2
4563,1
4564,1
4565,2
4566,2
4567,1
4568,1
4569,2
4570,1
4571,1
4572,4
4573,1
4574,1
4575,1
4576,1
4577,1
4578,1
4579,3
4580,1
4581,1
4582,1
4583,1
4584,1
4585,2
4586,2
4587,1
4588,1
4589,3
4590,2
4591,2
4592,1
4593,1
4594,2
4595,1
4596,1
4597,1
4598,1
4599,1
4600,2
4601,1
4602,4
4603,3
4604,1
4605,1
4606,4
4607,2
4608,1
4609,2
4610,1
4611,2
4612,1
4613,1
4614,2
4615,1
4616,1
4617,2
4618,1
4619,1
4620,1
4621,1
4622,1
4623,2
4624,1
4625,1
4626,1
4627,1
4628,1
4629,1
4630,1
4631,1
4632,3
4633,2
4634,1
4635,1
4636,1
4637,5
4638,1
4639,1
4640,1
4641,1
4642,1
4643,1
4644,1
4645,1
4646,1
4647,1
4648,1
4649,1
4650,4
4651,1
4652,1
4653,1
4654,1
4655,1
4656,1
4657,5
4658,1
4659,2
4660,1
4661,1
4662,1
4663,2
4664,1
4665,1
4666,2
4667,1
4668,1
4669,1
4670,1
4671,1
4672,1
4673,1
4674,1
4675,1
4676,1
4677,2
4678,1
4679,2
4680,1
4681,1
4682,1
4683,1
4684,1
4685,1
4686,1
4687,3
4688,2
4689,1
4690,2
4691,1
4692,1
4693,1
4694,1
4695,1
4696,1
4697,1
4698,1
4699,1
4700,2
4701,1
4702,1
4703,1
4704,1
4705,1
4706,1
4707,1
4708,1
4709,2
4710,2
4711,1
4712,1
4713,3
4714,2
4715,2
4716,2
4717,4
4718,1
4719,1
4720,1
4721,1
4722,1
4723,1
4724,2
4725,3
4726,1
4727,2
4728,2
4729,1
4730,1
4731,2
4732,6
4733,1
4734,2
4735,1
4736,2
4737,1
4738,1
4739,1
4740,1
4741,5
4742,2
4743,1
4744,1
4745,3
4746,2
4747,3
4748,1
4749,3
4750,3
4751,2
4752,1
4753,2
4754,1
4755,1
4756,1
4757,3
4758,1
4759,1
4760,2
4761,1
4762,1
4763,4
4764,1
4765,1
4766,1
4767,1
4768,1
4769,1
4770,1
4771,1
4772,1
4773,1
4774,1
4775,2
4776,1
4777,1
4778,1
4779,1
4780,1
4781,1
4782,2
4783,1
4784,1
4785,3
4786,1
4787,1
4788,1
4789,1
4790,1
4791,1
4792,1
4793,2
4794,1
4795,2
4796,3
4797,2
4798,1
4799,1
4800,3
4801,1
4802,2
4803,2
4804,3
4805,1
4806,1
4807,2
4808,1
4809,1
4810,2
4811,1
4812,1
4813,1
4814,6
4815,1
4816,1
4817,1
4818,1
4819,1
4820,3
4821,2
4822,1
4823,1
4824,1
4825,1
4826,3
4827,1
4828,1
4829,1
4830,2
4831,3
4832,2
4833,1
4834,2
4835,1
4836,1
4837,1
4838,2
4839,2
4840,1
4841,1
4842,3
4843,1
4844,1
4845,1
4846,1
4847,1
4848,1
4849,2
4850,1
4851,1
4852,1
4853,1
4854,1
4855,1
4856,1
4857,1
4858,2
4859,6
4860,1
4861,1
4862,1
4863,1
4864,1
4865,3
4866,1
4867,2
4868,2
4869,1
4870,1
4871,1
4872,1
4873,1
4874,3
4875,1
4876,1
4877,1
4878,2
4879,1
4880,1
4881,2
4882,1
4883,1
4884,2
4885,1
4886,2
4887,1
4888,1
4889,1
4890,1
4891,2
4892,1
4893,1
4894,1
4895,1
4896,1
4897,1
4898,1
4899,1
4900,1
4901,2
4902,1
4903,1
4904,1
4905,1
4906,1
4907,2
4908,3
4909,1
4910,1
4911,3
4912,1
4913,2
4914,1
4915,4
4916,1
4917,1
4918,1
4919,1
4920,1
4921,1
4922,1
4923,1
4924,1
4925,3
4926,1
4927,1
4928,2
4929,1
4930,1
4931,1
4932,1
4933,1
4934,2
4935,1
4936,2
4937,2
4938,1
4939,1
4940,1
4941,1
4942,2
4943,1
4944,1
4945,1
4946,2
4947,1
4948,1
4949,1
4950,1
4951,1
4952,1
4953,2
4954,2
4955,1
4956,1
4957,1
4958,2
4959,1
4960,1
4961,1
4962,2
4963,1
4964,1
4965,2
4966,1
4967,2
4968,2
4969,1
4970,1
4971,2
4972,1
4973,1
4974,1
4975,1
4976,1
4977,1
4978,1
4979,2
4980,2
4981,1
4982,1
4983,1
4984,1
4985,1
4986,1
4987,1
4988,2
4989,1
4990,1
4991,1
4992,1
4993,1
4994,1
4995,1
4996,1
4997,1
4998,1
4999,1
5000,1
5001,1
5002,1
5003,1
5004,1
5005,3
5006,1
5007,1
5008,1
5009,1
5010,2
5011,1
5012,1
5013,1
5014,3
5015,1
5016,1
5017,2
5018,1
5019,2
5020,1
5021,1
5022,1
5023,1
5024,1
5025,1
5026,1
5027,1
5028,2
5029,1
5030,2
5031,1
5032,1
5033,1
5034,1
5035,2
5036,1
5037,1
5038,1
5039,1
5040,3
5041,1
5042,1
5043,1
5044,1
5045,1
5046,1
5047,1
5048,1
5049,5
5050,1
5051,1
5052,1
5053,3
5054,1
5055,1
5056,1
5057,1
5058,3
5059,1
5060,1
5061,1
5062,1
5063,1
5064,2
5065,2
5066,1
5067,1
5068,1
5069,3
5070,1
5071,1
5072,3
5073,1
5074,1
5075,2
5076,1
5077,1
5078,1
5079,1
5080,1
5081,1
5082,3
5083,1
5084,3
5085,3
5086,1
5087,2
5088,1
5089,3
5090,1
5091,1
5092,2
5093,1
5094,1
5095,1
5096,3
5097,1
5098,1
5099,1
5100,1
5101,1
5102,2
5103,1
5104,1
5105,1
5106,3
5107,1
5108,2
5109,1
5110,1
5111,1
5112,1
5113,1
5114,1
5115,2
5116,1
5117,1
5118,1
5119,1
5120,1
5121,1
5122,1
5123,1
5124,2
5125,1
5126,1
5127,1
5128,2
5129,1
5130,1
5131,1
5132,1
5133,1
5134,1
5135,1
5136,1
5137,2
5138,1
5139,1
5140,1
5141,1
5142,1
5143,2
5144,2
5145,1
5146,1
5147,1
5148,5
5149,2
5150,1
5151,3
5152,1
5153,1
5154,1
5155,1
5156,1
5157,2
5158,2
5159,1
5160,1
5161,3
5162,1
5163,1
5164,1
5165,2
5166,1
5167,1
5168,1
5169,1
5170,3
5171,1
5172,1
5173,1
5174,1
5175,1
5176,1
5177,2
5178,1
5179,1
5180,1
5181,1
5182,2
5183,1
5184,1
5185,1
5186,1
5187,1
5188,1
5189,1
5190,1
5191,1
5192,1
5193,1
5194,2
5195,2
5196,1
5197,1
5198,1
5199,2
5200,2
5201,2
5202,2
5203,1
5204,1
5205,1
5206,2
5207,1
5208,1
5209,1
5210,1
5211,1
5212,2
5213,1
5214,1
5215,1
5216,1
5217,1
5218,3
5219,2
5220,2
5221,1
5222,2
5223,1
5224,1
5225,1
5226,1
5227,1
5228,1
5229,1
5230,1
5231,1
5232,1
5233,1
5234,1
5235,1
5236,1
5237,2
5238,2
5239,1
5240,1
5241,2
5242,1
5243,1
5244,1
5245,1
5246,1
5247,1
5248,1
5249,1
5250,2
5251,1
5252,1
5253,2
5254,1
5255,2
5256,1
5257,2
5258,1
5259,1
5260,1
5261,1
5262,1
5263,1
5264,1
5265,3
5266,1
5267,1
5268,1
5269,1
5270,1
5271,2
5272,1
5273,4
5274,1
5275,1
5276,1
5277,1
5278,2
5279,1
5280,1
5281,1
5282,2
5283,2
5284,2
5285,1
5286,1
5287,1
5288,1
5289,1
5290,1
5291,1
5292,2
5293,1
5294,1
5295,1
5296,3
5297,1
5298,1
5299,3
5300,1
5301,1
5302,1
5303,1
5304,2
5305,1
5306,2
5307,1
5308,1
5309,2
5310,1
5311,1
5312,1
5313,1
5314,1
5315,1
5316,1
5317,1
5318,1
5319,1
5320,1
5321,1
5322,1
5323,1
5324,1
5325,1
5326,1
5327,3
5328,1
5329,1
5330,1
5331,2
5332,1
5333,1
5334,1
5335,1
5336,1
5337,2
5338,1
5339,1
5340,1
5341,1
5342,1
5343,1
5344,1
5345,1
5346,1
5347,1
5348,1
5349,1
5350,1
5351,1
5352,1
5353,1
5354,1
5355,2
5356,2
5357,2
5358,1
5359,1
5360,1
5361,1
5362,1
5363,1
5364,2
5365,2
5366,1
5367,1
5368,1
5369,1
5370,1
5371,1
5372,1
5373,2
5374,1
5375,1
5376,1
5377,1
5378,2
5379,1
5380,1
5381,1
5382,1
5383,1
5384,1
5385,1
5386,1
5387,2
5388,1
5389,1
5390,2
5391,1
5392,1
5393,1
5394,1
5395,1
5396,1
5397,1
5398,1
5399,1
5400,2
5401,1
5402,3
5403,1
5404,1
5405,1
5406,1
5407,1
5408,1
5409,1
5410,1
5411,1
5412,1
5413,1
5414,1
5415,1
5416,1
5417,1
5418,1
5419,1
5420,1
5421,1
5422,2
5423,1
5424,1
5425,3
5426,1
5427,1
5428,1
5429,2
5430,1
5431,1
5432,1
5433,1
5434,1
5435,1
5436,1
5437,1
5438,1
5439,1
5440,1
5441,2
5442,2
5443,1
5444,2
5445,2
5446,1
5447,1
5448,1
5449,1
5450,1
5451,1
5452,1
5453,1
5454,1
5455,1
5456,1
5457,3
5458,2
5459,2
5460,1
5461,1
5462,1
5463,1
5464,1
5465,1
5466,1
5467,1
5468,2
5469,1
5470,1
5471,1
5472,1
5473,1
5474,1
5475,3
5476,1
5477,1
5478,2
5479,1
5480,1
5481,1
5482,1
5483,1
5484,2
5485,1
5486,1
5487,1
5488,1
5489,1
5490,2
5491,1
5492,2
5493,1
5494,1
5495,1
5496,1
5497,1
5498,1
5499,2
5500,1
5501,1
5502,1
5503,1
5504,2
5505,2
5506,1
5507,1
5508,1
5509,1
5510,1
5511,1
5512,2
5513,1
5514,1
5515,2
5516,1
5517,2
5518,1
5519,1
5520,1
5521,1
5522,1
5523,1
5524,1
5525,1
5526,1
5527,1
5528,3
5529,1
5530,1
5531,1
5532,1
5533,1
5534,1
5535,1
5536,3
5537,1
5538,2
5539,3
5540,2
5541,2
5542,2
5543,1
5544,4
5545,2
5546,1
5547,1
5548,1
5549,1
5550,1
5551,1
5552,1
5553,1
5554,2
5555,1
5556,1
5557,1
5558,2
5559,1
5560,3
5561,1
5562,3
5563,2
5564,1
5565,2
5566,1
5567,2
5568,1
5569,1
5570,1
5571,1
5572,1
5573,1
5574,1
5575,1
5576,2
5577,2
5578,2
5579,1
5580,1
5581,3
5582,1
5583,1
5584,1
5585,1
5586,1
5587,1
5588,2
5589,1
5590,2
5591,3
5592,1
5593,1
5594,1
5595,1
5596,1
5597,1
5598,1
5599,1
5600,2
5601,2
5602,1
5603,1
5604,1
5605,1
5606,1
5607,1
5608,1
5609,1
5610,2
5611,1
5612,1
5613,3
5614,2
5615,1
5616,1
5617,1
5618,1
5619,2
5620,2
5621,1
5622,2
5623,1
5624,1
5625,4
5626,1
5627,1
5628,2
5629,1
5630,2
5631,1
5632,1
5633,1
5634,1
5635,1
5636,1
5637,3
5638,1
5639,3
5640,1
5641,1
5642,1
5643,1
5644,2
5645,1
5646,1
5647,1
5648,1
5649,1
5650,1
5651,1
5652,1
5653,1
5654,1
5655,1
5656,1
5657,3
5658,1
5659,1
5660,2
5661,1
5662,2
5663,1
5664,1
5665,2
5666,1
5667,1
5668,2
5669,1
5670,1
5671,2
5672,2
5673,1
5674,1
5675,1
5676,1
5677,2
5678,1
5679,2
5680,1
5681,2
5682,2
5683,2
5684,2
5685,1
5686,1
5687,1
5688,1
5689,1
5690,2
5691,2
5692,2
5693,1
5694,2
5695,1
5696,2
5697,1
5698,1
5699,1
5700,3
5701,1
5702,2
5703,1
5704,1
5705,1
5706,1
5707,1
5708,1
5709,1
5710,1
5711,1
5712,1
5713,1
5714,1
5715,1
5716,1
5717,2
5718,1
5719,1
5720,1
5721,1
5722,2
5723,1
5724,1
5725,2
5726,1
5727,1
5728,1
5729,1
5730,1
5731,2
5732,1
5733,1
5734,1
5735,2
5736,2
5737,1
5738,2
5739,2
5740,1
5741,2
5742,1
5743,2
5744,1
5745,1
5746,1
5747,1
5748,1
5749,3
5750,1
5751,1
5752,1
5753,3
5754,1
5755,2
5756,2
5757,1
5758,1
5759,1
5760,2
5761,1
5762,1
5763,1
5764,1
5765,1
5766,1
5767,1
5768,1
5769,1
5770,2
5771,1
5772,1
5773,1
5774,1
5775,1
5776,2
5777,1
5778,2
5779,1
5780,1
5781,1
5782,1
5783,2
5784,2
5785,1
5786,1
5787,1
5788,3
5789,2
5790,1
5791,1
5792,1
5793,2
5794,1
5795,1
5796,1
5797,1
5798,1
5799,1
5800,1
5801,1
5802,1
5803,2
5804,1
5805,3
5806,1
5807,1
5808,1
5809,1
5810,1
5811,3
5812,2
5813,2
5814,1
5815,1
5816,4
5817,1
5818,1
5819,1
5820,1
5821,2
5822,1
5823,1
5824,1
5825,1
5826,1
5827,1
5828,1
5829,1
5830,1
5831,2
5832,1
5833,1
5834,1
5835,1
5836,1
5837,1
5838,1
5839,1
5840,1
5841,1
5842,1
5843,1
5844,1
5845,2
5846,2
5847,1
5848,1
5849,1
5850,1
5851,1
5852,1
5853,1
5854,1
5855,1
5856,1
5857,1
5858,1
5859,1
5860,1
5861,1
5862,1
5863,1
5864,1
5865,1
5866,1
5867,1
5868,1
5869,1
5870,1
5871,3
5872,1
5873,1
5874,1
5875,1
5876,1
5877,1
5878,1
5879,1
5880,1
5881,1
5882,1
5883,1
5884,3
5885,1
5886,1
5887,1
5888,2
5889,3
5890,2
5891,1
5892,1
5893,1
5894,2
5895,1
5896,3
5897,4
5898,2
5899,1
5900,1
5901,1
5902,1
5903,2
5904,1
5905,1
5906,1
5907,1
5908,1
5909,2
5910,1
5911,1
5912,1
5913,2
5914,1
5915,1
5916,1
5917,1
5918,1
5919,1
5920,1
5921,1
5922,1
5923,3
5924,1
5925,2
5926,1
5927,1
5928,1
5929,1
5930,1
5931,2
5932,1
5933,2
5934,1
5935,1
5936,1
5937,1
5938,1
5939,1
5940,1
5941,1
5942,1
5943,3
5944,2
5945,1
5946,1
5947,1
5948,1
5949,1
5950,1
5951,1
5952,3
5953,1
5954,1
5955,1
5956,1
5957,2
5958,1
5959,1
5960,1
5961,1
5962,1
5963,3
5964,1
5965,1
5966,1
5967,1
5968,2
5969,1
5970,1
5971,1
5972,1
5973,2
5974,1
5975,1
5976,2
5977,1
5978,1
5979,1
5980,2
5981,3
5982,1
5983,2
5984,1
5985,1
5986,1
5987,1
5988,3
5989,1
5990,1
5991,1
5992,1
5993,1
5994,2
5995,1
5996,1
5997,1
5998,1
5999,1
6000,2
6001,1
6002,1
6003,1
6004,2
6005,1
6006,1
6007,1
6008,2
6009,2
6010,1
6011,1
6012,2
6013,1
6014,1
6015,1
6016,1
6017,1
6018,2
6019,1
6020,1
6021,2
6022,1
6023,1
6024,1
6025,1
6026,4
6027,2
6028,1
6029,1
6030,2
6031,1
6032,1
6033,1
6034,1
6035,2
6036,1
6037,1
6038,1
6039,1
6040,1
6041,1
6042,1
6043,1
6044,1
6045,1
6046,1
6047,1
6048,1
6049,1
6050,1
6051,1
6052,1
6053,1
6054,1
6055,1
6056,1
6057,1
6058,1
6059,2
6060,1
6061,1
6062,1
6063,1
6064,2
6065,1
6066,2
6067,2
6068,1
6069,1
6070,1
6071,1
6072,1
6073,1
6074,1
6075,2
6076,1
6077,2
6078,1
6079,1
6080,3
6081,1
6082,3
6083,1
6084,2
6085,1
6086,1
6087,1
6088,1
6089,1
6090,1
6091,1
6092,1
6093,1
6094,1
6095,1
6096,1
6097,1
6098,1
6099,1
6100,1
6101,1
6102,1
6103,1
6104,2
6105,1
6106,2
6107,1
6108,1
6109,1
6110,2
6111,1
6112,1
6113,1
6114,1
6115,1
6116,1
6117,1
6118,1
6119,1
6120,1
6121,2
6122,1
6123,2
6124,1
6125,1
6126,1
6127,2
6128,1
6129,2
6130,1
6131,2
6132,1
6133,1
6134,1
6135,1
6136,1
6137,1
6138,1
6139,1
6140,1
6141,1
6142,1
6143,3
6144,2
6145,1
6146,1
6147,1
6148,1
6149,1
6150,1
6151,1
6152,1
6153,1
6154,1
6155,1
6156,1
6157,2
6158,1
6159,1
6160,2
6161,1
6162,1
6163,1
6164,1
6165,1
6166,2
6167,1
6168,1
6169,2
6170,1
6171,1
6172,1
6173,2
6174,1
6175,1
6176,1
6177,2
6178,2
6179,2
6180,1
6181,1
6182,1
6183,1
6184,1
6185,1
6186,1
6187,2
6188,1
6189,2
6190,1
6191,1
6192,1
6193,1
6194,1
6195,1
6196,2
6197,1
6198,1
6199,1
6200,1
6201,1
6202,1
6203,2
6204,1
6205,1
6206,2
6207,1
6208,1
6209,1
6210,1
6211,2
6212,1
6213,2
6214,1
6215,1
6216,1
6217,1
6218,1
6219,2
6220,1
6221,1
6222,1
6223,1
6224,1
6225,1
6226,1
6227,1
6228,1
6229,1
6230,1
6231,2
6232,1
6233,1
6234,1
6235,1
6236,1
6237,1
6238,1
6239,1
6240,1
6241,1
6242,1
6243,1
6244,1
6245,1
6246,1
6247,1
6248,1
6249,2
6250,2
6251,1
6252,1
6253,1
6254,1
6255,1
6256,1
6257,1
6258,1
6259,1
6260,1
6261,1
6262,1
6263,2
6264,1
6265,1
6266,2
6267,1
6268,1
6269,1
6270,1
6271,2
6272,1
6273,1
6274,1
6275,1
6276,2
6277,1
6278,1
6279,3
6280,1
6281,1
6282,2
6283,1
6284,1
6285,1
6286,1
6287,1
6288,1
6289,1
6290,1
6291,2
6292,1
6293,2
6294,1
6295,1
6296,2
6297,1
6298,2
6299,1
6300,2
6301,1
6302,1
6303,2
6304,2
6305,1
6306,1
6307,2
6308,2
6309,1
6310,1
6311,1
6312,1
6313,2
6314,1
6315,2
6316,1
6317,1
6318,1
6319,1
6320,1
6321,1
6322,1
6323,1
6324,1
6325,1
6326,1
6327,1
6328,1
6329,1
6330,1
6331,1
6332,1
6333,1
6334,1
6335,1
6336,1
6337,1
6338,1
6339,1
6340,1
6341,1
6342,1
6343,1
6344,1
6345,1
6346,1
6347,1
6348,1
6349,3
6350,1
6351,1
6352,1
6353,1
6354,1
6355,1
6356,2
6357,1
6358,3
6359,2
6360,1
6361,1
6362,1
6363,1
6364,1
6365,1
6366,1
6367,1
6368,1
6369,1
6370,1
6371,1
6372,1
6373,3
6374,1
6375,1
6376,1
6377,1
6378,2
6379,1
6380,1
6381,1
6382,1
6383,1
6384,2
6385,2
6386,1
6387,2
6388,1
6389,1
6390,1
6391,1
6392,2
6393,1
6394,1
6395,1
6396,1
6397,1
6398,1
6399,1
6400,1
6401,1
6402,1
6403,1
6404,1
6405,1
6406,1
6407,2
6408,1
6409,1
6410,1
6411,1
6412,1
6413,1
6414,1
6415,1
6416,4
6417,1
6418,1
6419,1
6420,2
6421,2
6422,1
6423,1
6424,1
6425,1
6426,1
6427,2
6428,2
6429,1
6430,1
6431,1
6432,1
6433,1
6434,2
6435,1
6436,1
6437,1
6438,1
6439,1
6440,1
6441,1
6442,1
6443,1
6444,2
6445,2
6446,1
6447,1
6448,1
6449,1
6450,1
6451,1
6452,1
6453,1
6454,1
6455,1
6456,1
6457,1
6458,1
6459,1
6460,1
6461,1
6462,1
6463,1
6464,1
6465,1
6466,1
6467,1
6468,1
6469,1
6470,2
6471,1
6472,1
6473,2
6474,1
6475,1
6476,1
6477,1
6478,1
6479,1
6480,1
6481,1
6482,1
6483,1
6484,1
6485,1
6486,1
6487,1
6488,1
6489,1
6490,2
6491,2
6492,1
6493,1
6494,1
6495,1
6496,1
6497,1
6498,1
6499,2
6500,1
6501,1
6502,1
6503,1
6504,1
6505,1
6506,1
6507,1
6508,1
6509,1
6510,1
6511,2
6512,1
6513,1
6514,1
6515,1
6516,1
6517,1
6518,2
6519,1
6520,1
6521,2
6522,1
6523,1
6524,1
6525,1
6526,1
6527,1
6528,1
6529,1
6530,1
6531,2
6532,1
6533,1
6534,1
6535,1
6536,1
6537,1
6538,1
6539,1
6540,1
6541,1
6542,1
6543,1
6544,1
6545,2
6546,1
6547,1
6548,1
6549,1
6550,1
6551,1
6552,1
6553,1
6554,1
6555,1
6556,1
6557,1
6558,1
6559,1
6560,1
6561,1
6562,1
6563,1
6564,1
6565,2
6566,1
6567,1
6568,1
6569,1
6570,1
6571,1
6572,1
6573,1
6574,1
6575,1
6576,1
6577,1
6578,1
6579,4
6580,1
6581,2
6582,2
6583,3
6584,1
6585,2
6586,1
6587,1
6588,2
6589,1
6590,2
6591,1
6592,1
6593,2
6594,3
6595,1
6596,1
6597,1
6598,2
6599,1
6600,1
6601,1
6602,1
6603,1
6604,1
6605,1
6606,1
6607,1
6608,1
6609,1
6610,1
6611,1
6612,1
6613,1
6614,1
6615,2
6616,1
6617,1
6618,1
6619,1
6620,1
6621,1
6622,1
6623,1
6624,2
6625,1
6626,1
6627,1
6628,1
6629,1
6630,1
6631,2
6632,2
6633,1
6634,1
6635,2
6636,1
6637,1
6638,1
6639,1
6640,1
6641,2
6642,1
6643,1
6644,1
6645,2
6646,1
6647,1
6648,2
6649,1
6650,1
6651,1
6652,1
6653,1
6654,1
6655,1
6656,3
6657,1
6658,1
6659,1
6660,1
6661,1
6662,1
6663,1
6664,1
6665,1
6666,1
6667,1
6668,1
6669,1
6670,1
6671,2
6672,1
6673,1
6674,1
6675,1
6676,1
6677,1
6678,1
6679,1
6680,1
6681,2
6682,1
6683,1
6684,1
6685,1
6686,1
6687,1
6688,1
6689,1
6690,1
6691,1
6692,1
6693,1
6694,1
6695,1
6696,1
6697,2
6698,1
6699,1
6700,1
6701,1
6702,1
6703,1
6704,1
6705,1
6706,1
6707,1
6708,1
6709,1
6710,1
6711,2
6712,1
6713,1
6714,1
6715,2
6716,1
6717,1
6718,1
6719,1
6720,1
6721,1
6722,1
6723,1
6724,1
6725,1
6726,1
6727,1
6728,1
6729,2
6730,1
6731,1
6732,1
6733,1
6734,1
6735,1
6736,1
6737,2
6738,1
6739,1
6740,1
6741,1
6742,1
6743,2
6744,1
6745,1
6746,1
6747,1
6748,1
6749,1
6750,1
6751,1
6752,1
6753,1
6754,1
6755,3
6756,1
6757,2
6758,1
6759,1
6760,1
6761,1
6762,1
6763,1
6764,1
6765,1
6766,1
6767,1
6768,1
6769,1
6770,1
6771,1
6772,1
6773,1
6774,1
6775,1
6776,1
6777,1
6778,1
6779,1
6780,1
6781,1
6782,1
6783,1
6784,1
6785,1
6786,1
6787,1
6788,1
6789,1
6790,1
6791,2
6792,1
6793,2
6794,1
6795,1
6796,1
6797,1
6798,1
6799,1
6800,1
6801,1
6802,1
6803,1
6804,1
6805,1
6806,1
6807,1
6808,1
6809,1
6810,1
6811,1
6812,1
6813,1
6814,1
6815,1
6816,1
6817,2
6818,1
6819,2
6820,1
6821,2
6822,1
6823,2
6824,1
6825,1
6826,1
6827,1
6828,1
6829,1
6830,1
6831,1
6832,1
6833,1
6834,1
6835,1
6836,1
6837,1
6838,1
6839,1
6840,1
6841,1
6842,2
6843,1
6844,1
6845,1
6846,3
6847,1
6848,1
6849,2
6850,1
6851,1
6852,1
6853,1
6854,1
6855,1
6856,1
6857,1
6858,1
6859,1
6860,1
6861,2
6862,1
6863,1
6864,1
6865,1
6866,1
6867,1
6868,1
6869,1
6870,2
6871,1
6872,1
6873,1
6874,1
6875,1
6876,1
6877,1
6878,1
6879,1
6880,2
6881,1
6882,1
6883,1
6884,1
6885,1
6886,1
6887,1
6888,1
6889,1
6890,1
6891,1
6892,1
6893,2
6894,1
6895,1
6896,1
6897,1
6898,1
6899,1
6900,1
6901,1
6902,1
6903,2
6904,2
6905,2
6906,1
6907,1
6908,2
6909,1
6910,1
6911,1
6912,2
6913,1
6914,1
6915,1
6916,1
6917,1
6918,1
6919,1
6920,1
6921,1
6922,1
6923,1
6924,1
6925,1
6926,1
6927,1
6928,1
6929,1
6930,1
6931,1
6932,1
6933,1
6934,2
6935,1
6936,1
6937,1
6938,1
6939,1
6940,1
6941,1
6942,1
6943,1
6944,1
6945,1
6946,1
6947,1
6948,1
6949,1
6950,1
6951,1
6952,1
6953,1
6954,1
6955,1
6956,1
6957,1
6958,1
6959,1
6960,1
6961,1
6962,2
6963,1
6964,1
6965,1
6966,2
6967,1
6968,1
6969,1
6970,1
6971,1
6972,1
6973,2
6974,1
6975,1
6976,1
6977,1
6978,1
6979,1
6980,1
6981,1
6982,1
6983,1
6984,1
6985,1
6986,1
6987,1
6988,1
6989,1
6990,1
6991,1
6992,1
6993,1
6994,1
6995,1
6996,1
6997,1
6998,2
6999,1
7000,1
7001,1
7002,1
7003,1
7004,1
7005,1
7006,1
7007,3
7008,1
7009,1
7010,2
7011,1
7012,1
7013,1
7014,1
7015,1
7016,1
7017,1
7018,2
7019,1
7020,1
7021,1
7022,1
7023,1
7024,1
7025,1
7026,1
7027,1
7028,1
7029,1
7030,1
7031,1
7032,1
7033,1
7034,1
7035,1
7036,1
7037,1
7038,1
7039,1
7040,1
7041,1
7042,3
7043,1
7044,1
7045,1
7046,2
7047,1
7048,1
7049,1
7050,1
7051,1
7052,1
7053,1
7054,2
7055,2
7056,1
7057,1
7058,2
7059,2
7060,2
7061,1
7062,1
7063,1
7064,1
7065,1
7066,1
7067,1
7068,1
7069,1
7070,1
7071,1
7072,1
7073,1
7074,1
7075,1
7076,1
7077,2
7078,1
7079,1
7080,1
7081,2
7082,2
7083,2
7084,1
7085,1
7086,1
7087,1
7088,1
7089,1
7090,1
7091,2
7092,1
7093,1
7094,1
7095,1
7096,1
7097,1
7098,1
7099,1
7100,1
7101,2
7102,1
7103,1
7104,1
7105,1
7106,1
7107,1
7108,1
7109,1
7110,1
7111,1
7112,1
7113,1
7114,1
7115,1
7116,1
7117,1
7118,1
7119,1
7120,1
7121,1
7122,1
7123,1
7124,1
7125,1
7126,1
7127,1
7128,1
7129,1
7130,1
7131,1
7132,1
7133,1
7134,2
7135,1
7136,1
7137,1
7138,1
7139,1
7140,1
7141,1
7142,1
7143,1
7144,1
7145,1
7146,1
7147,1
7148,1
7149,1
7150,1
7151,1
7152,2
7153,1
7154,1
7155,1
7156,1
7157,1
7158,1
7159,1
7160,1
7161,1
7162,1
7163,1
7164,1
7165,1
7166,1
7167,2
7168,1
7169,1
7170,1
7171,3
7172,1
7173,1
7174,1
7175,1
7176,2
7177,2
7178,1
7179,1
7180,1
7181,1
7182,1
7183,1
7184,2
7185,1
7186,2
7187,1
7188,1
7189,1
7190,1
7191,1
7192,1
7193,1
7194,1
7195,1
7196,1
7197,1
7198,1
7199,2
7200,1
7201,2
7202,1
7203,1
7204,1
7205,1
7206,1
7207,1
7208,1
7209,2
7210,1
7211,1
7212,1
7213,3
7214,1
7215,1
7216,1
7217,1
7218,1
7219,1
7220,1
7221,1
7222,1
7223,1
7224,1
7225,1
7226,1
7227,1
7228,1
7229,2
7230,1
7231,1
7232,1
7233,1
7234,1
7235,1
7236,1
7237,1
7238,1
7239,1
7240,1
7241,1
7242,1
7243,1
7244,3
7245,1
7246,1
7247,1
7248,1
7249,3
7250,1
7251,1
7252,1
7253,1
7254,1
7255,1
7256,2
7257,1
7258,1
7259,1
7260,1
7261,1
7262,1
7263,1
7264,1
7265,1
7266,1
7267,1
7268,1
7269,1
7270,1
7271,1
7272,1
7273,1
7274,1
7275,1
7276,1
7277,1
7278,1
7279,1
7280,1
7281,1
7282,1
7283,1
7284,1
7285,1
7286,1
7287,1
7288,1
7289,2
7290,1
7291,1
7292,1
7293,1
7294,1
7295,1
7296,1
7297,1
7298,1
7299,1
7300,1
7301,2
7302,2
7303,1
7304,1
7305,1
7306,1
7307,1
7308,1
7309,1
7310,1
7311,1
7312,1
7313,1
7314,1
7315,1
7316,1
7317,1
7318,1
7319,1
7320,1
7321,1
7322,1
7323,1
7324,1
7325,1
7326,1
7327,1
7328,1
7329,1
7330,1
7331,1
7332,2
7333,1
7334,1
7335,1
7336,1
7337,1
7338,1
7339,1
7340,1
7341,1
7342,1
7343,1
7344,1
7345,2
7346,1
7347,1
7348,1
7349,1
7350,1
7351,2
7352,1
7353,1
7354,1
7355,1
7356,1
7357,1
7358,2
7359,1
7360,1
7361,1
7362,2
7363,1
7364,1
7365,1
7366,2
7367,1
7368,1
7369,1
7370,1
7371,1
7372,1
7373,1
7374,1
7375,1
7376,1
7377,1
7378,1
7379,1
7380,1
7381,1
7382,1
7383,2
7384,1
7385,1
7386,1
7387,1
7388,1
7389,1
7390,1
7391,1
7392,1
7393,1
7394,1
7395,1
7396,2
7397,1
7398,1
7399,1
7400,1
7401,2
7402,1
7403,1
7404,1
7405,1
7406,2
7407,1
7408,1
7409,2
7410,1
7411,3
7412,1
7413,2
7414,2
7415,1
7416,1
7417,1
7418,2
7419,1
7420,1
7421,1
7422,2
7423,1
7424,1
7425,1
7426,1
7427,1
7428,1
7429,1
7430,1
7431,2
7432,2
7433,1
7434,1
7435,1
7436,1
7437,1
7438,1
7439,1
7440,1
7441,1
7442,1
7443,1
7444,1
7445,1
7446,1
7447,1
7448,1
7449,1
7450,1
7451,1
7452,1
7453,1
7454,1
7455,1
7456,1
7457,1
7458,1
7459,1
7460,1
7461,1
7462,1
7463,1
7464,2
7465,1
7466,1
7467,1
7468,1
7469,1
7470,1
7471,1
7472,1
7473,1
7474,3
7475,1
7476,1
7477,1
7478,1
7479,2
7480,1
7481,1
7482,1
7483,1
7484,1
7485,1
7486,1
7487,1
7488,1
7489,1
7490,1
7491,1
7492,1
7493,1
7494,1
7495,1
7496,1
7497,1
7498,1
7499,2
7500,1
7501,2
7502,1
7503,1
7504,1
7505,1
7506,1
7507,1
7508,1
7509,1
7510,1
7511,1
7512,1
7513,1
7514,1
7515,1
7516,1
7517,2
7518,1
7519,1
7520,2
7521,1
7522,1
7523,1
7524,1
7525,1
7526,1
7527,1
7528,1
7529,1
7530,1
7531,1
7532,2
7533,1
7534,1
7535,1
7536,1
7537,1
7538,1
7539,1
7540,1
7541,1
7542,1
7543,1
7544,1
7545,1
7546,1
7547,1
7548,1
7549,1
7550,1
7551,1
7552,1
7553,1
7554,1
7555,1
7556,1
7557,1
7558,2
7559,1
7560,1
7561,1
7562,1
7563,1
7564,1
7565,1
7566,1
7567,1
7568,1
7569,1
7570,1
7571,1
7572,1
7573,1
7574,1
7575,2
7576,1
7577,1
7578,1
7579,1
7580,1
7581,1
7582,1
7583,1
7584,2
7585,2
7586,1
7587,1
7588,1
7589,1
7590,1
7591,1
7592,1
7593,1
7594,1
7595,1
7596,1
7597,1
7598,1
7599,1
7600,1
7601,1
7602,1
7603,1
7604,1
7605,1
7606,1
7607,1
7608,1
7609,2
7610,1
7611,1
7612,1
7613,1
7614,1
7615,1
7616,1
7617,1
7618,1
7619,1
7620,1
7621,1
7622,1
7623,1
7624,1
7625,1
7626,1
7627,1
7628,1
7629,1
7630,1
7631,1
7632,2
7633,1
7634,2
7635,1
7636,1
7637,1
7638,1
7639,1
7640,1
7641,1
7642,2
7643,1
7644,1
7645,1
7646,1
7647,1
7648,1
7649,1
7650,1
7651,1
7652,1
7653,1
7654,1
7655,2
7656,1
7657,1
7658,1
7659,1
7660,1
7661,1
7662,1
7663,1
7664,1
7665,1
7666,1
7667,1
7668,1
7669,2
7670,1
7671,2
7672,1
7673,1
7674,1
7675,1
7676,1
7677,1
7678,1
7679,1
7680,1
7681,1
7682,1
7683,1
7684,1
7685,1
7686,1
7687,1
7688,1
7689,2
7690,2
7691,1
7692,1
7693,1
7694,2
7695,1
7696,1
7697,1
7698,1
7699,1
7700,1
7701,1
7702,1
7703,1
7704,1
7705,1
7706,1
7707,1
7708,1
7709,1
7710,1
7711,1
7712,1
7713,1
7714,3
7715,1
7716,1
7717,1
7718,1
7719,1
7720,1
7721,1
7722,1
7723,1
7724,1
7725,1
7726,1
7727,1
7728,1
7729,1
7730,1
7731,1
7732,1
7733,1
7734,1
7735,1
7736,1
7737,1
7738,1
7739,1
7740,1
7741,1
7742,1
7743,1
7744,1
7745,1
7746,1
7747,1
7748,1
7749,1
7750,1
7751,1
7752,1
7753,1
7754,1
7755,1
7756,1
7757,1
7758,1
7759,1
7760,1
7761,1
7762,1
7763,1
7764,1
7765,1
7766,1
7767,1
7768,1
7769,1
7770,2
7771,1
7772,1
7773,1
7774,2
7775,1
7776,1
7777,1
7778,1
7779,1
7780,1
7781,1
7782,1
7783,1
7784,1
7785,1
7786,1
7787,1
7788,1
7789,1
7790,1
7791,1
7792,1
7793,1
7794,1
7795,1
7796,1
7797,1
7798,1
7799,1
7800,1
7801,1
7802,1
7803,1
7804,1
7805,1
7806,1
7807,1
7808,1
7809,1
7810,2
7811,1
7812,1
7813,1
7814,1
7815,1
7816,1
7817,1
7818,1
7819,1
7820,1
7821,1
7822,2
7823,1
7824,1
7825,1
7826,1
7827,1
7828,1
7829,1
7830,1
7831,1
7832,1
7833,1
7834,1
7835,1
7836,1
7837,1
7838,2
7839,1
7840,2
7841,1
7842,1
7843,1
7844,1
7845,1
7846,1
7847,1
7848,1
7849,1
7850,1
7851,1
7852,1
7853,1
7854,1
7855,1
7856,1
7857,1
7858,1
7859,1
7860,1
7861,1
7862,1
7863,1
7864,1
7865,1
7866,1
7867,1
7868,1
7869,2
7870,1
7871,1
7872,1
7873,1
7874,1
7875,2
7876,1
7877,1
7878,1
7879,1
7880,1
7881,2
7882,1
7883,1
7884,1
7885,1
7886,1
7887,1
7888,1
7889,1
7890,1
7891,1
7892,1
7893,1
7894,1
7895,1
7896,1
7897,1
7898,1
7899,1
7900,1
7901,1
7902,1
7903,1
7904,2
7905,1
7906,1
7907,2
7908,1
7909,1
7910,1
7911,1
7912,1
7913,1
7914,1
7915,1
7916,1
7917,1
7918,1
7919,1
7920,1
7921,1
7922,1
7923,1
7924,1
7925,1
7926,1
7927,1
7928,1
7929,3
7930,1
7931,1
7932,1
7933,1
7934,1
7935,1
7936,1
7937,1
7938,1
7939,1
7940,1
7941,1
7942,1
7943,1
7944,1
7945,1
7946,1
7947,1
7948,2
7949,2
7950,1
7951,1
7952,1
7953,1
7954,1
7955,1
7956,1
7957,1
7958,1
7959,1
7960,1
7961,1
7962,1
7963,1
7964,1
7965,1
7966,1
7967,1
7968,1
7969,1
7970,1
7971,2
7972,1
7973,1
7974,1
7975,1
7976,1
7977,1
7978,1
7979,1
7980,1
7981,1
7982,1
7983,1
7984,1
7985,1
7986,1
7987,1
7988,1
7989,1
7990,1
7991,1
7992,2
7993,1
7994,1
7995,1
7996,1
7997,1
7998,1
7999,1
8000,1
8001,1
8002,1
8003,1
8004,1
8005,1
8006,1
8007,1
8008,1
8009,1
8010,1
8011,1
8012,1
8013,1
8014,1
8015,1
8016,1
8017,1
8018,1
8019,1
8020,1
8021,1
8022,1
8023,1
8024,1
8025,1
8026,1
8027,1
8028,1
8029,1
8030,1
8031,1
8032,1
8033,1
8034,1
8035,1
8036,1
8037,1
8038,1
8039,1
8040,1
8041,1
8042,1
8043,1
8044,1
8045,1
8046,1
8047,1
8048,2
8049,1
8050,1
8051,1
8052,1
8053,2
8054,1
8055,1
8056,1
8057,1
8058,1
8059,1
8060,1
8061,4
8062,1
8063,2
8064,1
8065,1
8066,1
8067,1
8068,1
8069,1
8070,1
8071,1
8072,1
8073,1
8074,1
8075,1
8076,1
8077,1
8078,1
8079,1
8080,1
8081,1
8082,1
8083,1
8084,1
8085,2
8086,1
8087,1
8088,2
8089,1
8090,1
8091,1
8092,1
8093,1
8094,1
8095,1
8096,1
8097,1
8098,1
8099,1
8100,1
8101,1
8102,1
8103,1
8104,1
8105,1
8106,1
8107,1
8108,1
8109,1
8110,1
8111,1
8112,1
8113,1
8114,1
8115,1
8116,1
8117,1
8118,1
8119,1
8120,1
8121,1
8122,1
8123,1
8124,1
8125,1
8126,1
8127,1
8128,1
8129,1
8130,1
8131,1
8132,1
8133,1
8134,1
8135,1
8136,1
8137,1
8138,1
8139,1
8140,1
8141,1
8142,1
8143,1
8144,1
8145,1
8146,1
8147,1
8148,1
8149,1
8150,1
8151,1
8152,1
8153,1
8154,1
8155,1
8156,1
8157,1
8158,1
8159,1
8160,2
8161,1
8162,1
8163,1
8164,1
8165,1
8166,1
8167,1
8168,1
8169,1
8170,1
8171,1
8172,1
8173,1
8174,1
8175,1
8176,1
8177,1
8178,1
8179,1
8180,1
8181,1
8182,2
8183,1
8184,1
8185,1
8186,1
8187,1
8188,1
8189,1
8190,1
8191,1
8192,1
8193,1
8194,1
8195,1
8196,1
8197,1
8198,1
8199,1
8200,1
8201,1
8202,1
8203,1
8204,1
8205,1
8206,1
8207,1
8208,1
8209,1
8210,1
8211,1
8212,1
8213,1
8214,1
8215,1
8216,1
8217,1
8218,1
8219,1
8220,1
8221,1
8222,1
8223,1
8224,1
8225,1
8226,1
8227,1
8228,2
8229,1
8230,1
8231,1
8232,1
8233,1
8234,1
8235,1
8236,1
8237,1
8238,1
8239,1
8240,1
8241,1
8242,1
8243,1
8244,1
8245,1
8246,2
8247,1
8248,1
8249,1
8250,2
8251,1
8252,1
8253,1
8254,1
8255,1
8256,1
8257,1
8258,1
8259,1
8260,1
8261,1
8262,1
8263,2
8264,1
8265,1
8266,1
8267,1
8268,2
8269,1
8270,1
8271,2
8272,1
8273,1
8274,1
8275,1
8276,1
8277,1
8278,1
8279,1
8280,1
8281,1
8282,1
8283,1
8284,1
8285,1
8286,1
8287,1
8288,1
8289,1
8290,1
8291,1
8292,1
8293,1
8294,1
8295,1
8296,1
8297,1
8298,1
8299,1
8300,1
8301,1
8302,1
8303,1
8304,1
8305,1
8306,1
8307,1
8308,1
8309,1
8310,1
8311,1
8312,1
8313,1
8314,1
8315,1
8316,1
8317,1
8318,1
8319,1
8320,1
8321,1
8322,1
8323,1
8324,1
8325,1
8326,1
8327,1
8328,1
8329,1
8330,1
8331,1
8332,1
8333,1
8334,2
8335,1
8336,1
8337,1
8338,2
8339,1
8340,1
8341,1
8342,1
8343,1
8344,1
8345,1
8346,1
8347,1
8348,1
8349,1
8350,1
8351,1
8352,1
8353,1
8354,1
8355,1
8356,1
8357,1
8358,1
8359,1
8360,2
8361,1
8362,1
8363,1
8364,1
8365,1
8366,1
8367,1
8368,1
8369,1
8370,1
8371,1
8372,1
8373,1
8374,1
8375,1
8376,1
8377,1
8378,1
8379,1
8380,1
8381,1
8382,1
8383,1
8384,2
8385,1
8386,1
8387,1
8388,1
8389,1
8390,1
8391,1
8392,1
8393,1
8394,1
8395,1
8396,1
8397,1
8398,1
8399,1
8400,1
8401,1
8402,1
8403,1
8404,1
8405,1
8406,1
8407,1
8408,1
8409,1
8410,1
8411,1
8412,1
8413,1
8414,1
8415,1
8416,1
8417,1
8418,1
8419,1
8420,1
8421,1
8422,1
8423,1
8424,1
8425,1
8426,1
8427,1
8428,1
8429,1
8430,1
8431,2
8432,1
8433,1
8434,1
8435,1
8436,1
8437,1
8438,1
8439,1
8440,1
8441,1
8442,1
8443,1
8444,1
8445,1
8446,1
8447,1
8448,1
8449,1
8450,1
8451,1
8452,1
8453,1
8454,1
8455,1
8456,1
8457,1
8458,1
8459,1
8460,1
8461,1
8462,1
8463,1
8464,1
8465,1
8466,1
8467,1
8468,1
8469,1
8470,2
8471,1
8472,1
8473,1
8474,1
8475,1
8476,1
8477,1
8478,1
8479,1
8480,1
8481,1
8482,1
8483,1
8484,1
8485,1
8486,1
8487,1
8488,1
8489,1
8490,1
8491,1
8492,1
8493,1
8494,1
8495,1
8496,1
8497,1
8498,1
8499,1
8500,1
8501,1
8502,1
8503,1
8504,1
8505,2
8506,1
8507,1
8508,1
8509,1
8510,1
8511,1
8512,1
8513,1
8514,1
8515,1
8516,1
8517,1
8518,1
8519,1
8520,1
8521,1
8522,1
8523,1
8524,1
8525,1
8526,1
8527,1
8528,1
8529,1
8530,1
8531,1
8532,1
8533,1
8534,1
8535,1
8536,1
8537,1
8538,1
8539,2
8540,1
8541,1
8542,1
8543,1
8544,1
8545,1
8546,1
8547,1
8548,1
8549,1
8550,1
8551,1
8552,1
8553,1
8554,1
8555,1
8556,1
8557,2
8558,1
8559,1
8560,1
8561,1
8562,1
8563,1
8564,1
8565,1
8566,1
8567,1
8568,1
8569,1
8570,1
8571,1
8572,1
8573,1
8574,1
8575,1
8576,1
8577,1
8578,1
8579,1
8580,1
8581,1
8582,1
8583,1
8584,1
8585,1
8586,1
8587,1
8588,1
8589,1
8590,1
8591,1
8592,1
8593,1
8594,2
8595,1
8596,1
8597,1
8598,1
8599,1
8600,1
8601,1
8602,1
8603,1
8604,1
8605,1
8606,1
8607,1
8608,1
8609,1
8610,1
8611,1
8612,1
8613,1
8614,1
8615,1
8616,1
8617,1
8618,1
8619,1
8620,1
8621,1
8622,1
8623,2
8624,1
8625,1
8626,1
8627,1
8628,1
8629,1
8630,1
8631,1
8632,1
8633,1
8634,1
8635,1
8636,1
8637,1
8638,1
8639,1
8640,1
8641,1
8642,1
8643,1
8644,1
8645,1
8646,1
8647,1
8648,1
8649,1
8650,1
8651,1
8652,1
8653,1
8654,2
8655,1
8656,1
8657,1
8658,1
8659,1
8660,1
8661,1
8662,1
8663,1
8664,1
8665,1
8666,1
8667,1
8668,1
8669,1
8670,1
8671,1
8672,1
8673,1
8674,1
8675,1
8676,1
8677,1
8678,1
8679,1
8680,1
8681,1
8682,1
8683,2
8684,1
8685,1
8686,1
8687,1
8688,1
8689,1
8690,1
8691,1
8692,1
8693,1
8694,1
8695,1
8696,1
8697,1
8698,1
8699,1
8700,1
8701,1
8702,1
8703,1
8704,1
8705,1
8706,1
8707,1
8708,1
8709,1
8710,1
8711,1
8712,1
8713,1
8714,1
8715,1
8716,1
8717,1
8718,1
8719,1
8720,1
8721,1
8722,1
8723,1
8724,1
8725,1
8726,1
8727,1
8728,1
8729,1
8730,1
8731,1
8732,1
8733,1
8734,1
8735,1
8736,1
8737,1
8738,1
8739,1
8740,1
8741,1
8742,1
8743,1
8744,1
8745,1
8746,1
8747,1
8748,1
8749,1
8750,1
8751,1
8752,1
8753,1
8754,1
8755,1
8756,1
8757,1
8758,1
8759,1
8760,1
8761,1
8762,1
8763,1
8764,1
8765,1
8766,1
8767,1
8768,1
8769,1
8770,1
8771,1
8772,1
8773,1
8774,1
8775,1
8776,1
8777,1
8778,1
8779,1
8780,1
8781,1
8782,1
8783,3
8784,1
8785,1
8786,1
8787,1
8788,1
8789,1
8790,1
8791,1
8792,1
8793,1
8794,1
8795,1
8796,1
8797,1
8798,1
8799,1
8800,1
8801,1
8802,1
8803,1
8804,1
8805,1
8806,1
8807,1
8808,1
8809,1
8810,2
8811,1
8812,1
8813,1
8814,1
8815,1
8816,1
8817,1
8818,1
8819,1
8820,1
8821,1
8822,1
8823,1
8824,1
8825,1
8826,1
8827,1
8828,1
8829,1
8830,1
8831,1
8832,1
8833,1
8834,1
8835,1
8836,1
8837,1
8838,1
8839,1
8840,1
8841,1
8842,1
8843,1
8844,1
8845,1
8846,1
8847,1
8848,1
8849,1
8850,1
8851,1
8852,1
8853,1
8854,1
8855,1
8856,1
8857,1
8858,1
8859,1
8860,1
8861,1
8862,1
8863,1
8864,1
8865,1
8866,1
8867,1
8868,1
8869,1
8870,1
8871,1
8872,1
8873,1
8874,1
8875,1
8876,1
8877,1
8878,1
8879,1
8880,1
8881,1
8882,1
8883,1
8884,1
8885,1
8886,1
8887,1
8888,1
8889,1
8890,1
8891,1
8892,1
8893,1
8894,1
8895,1
8896,1
8897,1
8898,1
8899,1
8900,1
8901,1
8902,1
8903,1
8904,1
8905,1
8906,1
8907,1
8908,1
8909,1
8910,1
8911,1
8912,1
8913,1
8914,1
8915,1
8916,1
8917,1
8918,1
8919,1
8920,1
8921,1
8922,1
8923,1
8924,1
8925,1
8926,1
8927,1
8928,2
8929,1
8930,1
8931,1
8932,1
8933,1
8934,1
8935,1
8936,1
8937,1
8938,1
8939,1
8940,1
8941,1
8942,1
8943,1
8944,1
8945,2
8946,1
8947,1
8948,1
8949,1
8950,1
8951,1
8952,1
8953,1
8954,1
8955,1
8956,1
8957,1
8958,1
8959,1
8960,1
8961,1
8962,1
8963,1
8964,1
8965,1
8966,1
8967,1
8968,1
8969,1
8970,1
8971,1
8972,1
8973,1
8974,1
8975,1
8976,1
8977,1
8978,1
8979,1
8980,1
8981,1
8982,1
8983,1
8984,1
8985,1
8986,1
8987,1
8988,1
8989,1
8990,1
8991,1
8992,1
8993,1
8994,1
8995,1
8996,1
8997,1
8998,1
8999,1
9000,1
9001,1
9002,1
9003,1
9004,1
9005,1
9006,1
9007,1
9008,1
9009,1
9010,1
9011,1
9012,1
9013,1
9014,1
9015,1
9016,1
9017,1
9018,1
9019,1
9020,1
9021,1
9022,1
9023,1
9024,1
9025,1
9026,1
9027,1
9028,1
9029,1
9030,1
9031,1
9032,1
9033,1
9034,1
9035,1
9036,1
9037,1
9038,1
9039,1
9040,1
9041,1
9042,1
9043,1
9044,1
9045,1
9046,1
9047,1
9048,1
9049,1
9050,1
9051,1
9052,1
9053,1
9054,1
9055,1
9056,1
9057,1
9058,1
9059,1
9060,1
9061,1
9062,1
9063,1
9064,1
9065,1
9066,1
