775429,850.01
5861530,366.51
3532353,54.98
3531850,0.0
653472,0.0
3532890,200.0
3526348,0.0
6257835,0.0
5866128,50.0
6255892,375.06
776190,50.0
6251399,369.71000000000004
5863880,378.16
1763738,372.46000000000004
6028393,50.0
6251714,0.0
776288,200.0
776289,1.0
6248978,368.46000000000004
776284,100.0
776285,550.0
776286,0.08
776287,200.0
776280,0.05
776281,0.1
776282,100.05
776283,148.0
3531947,0.05
3531944,0.0
3531945,50.0
3531942,6.0
3531943,0.15000000000000002
776062,0.0
3065328,0.0
3531122,0.0
776069,50.0
3531948,0.2
3531949,368.91
776266,443.19
776267,1.0
776265,0.0
776262,750.02
776263,100.0
776260,50.0
776261,0.0
753609,1.0
776268,0.6399999999999999
776269,0.06
4289932,0.8
3531545,0.0
6253002,100.0
3725532,50.0
4122944,50.0
772631,0.0
3532521,0.05
6263564,383.31
3517514,0.0
4598374,20000.0
3514898,0.0
6253324,0.0
663106,3.0
3532987,0.0
773835,50.0
6253397,371.86
3246356,0.0
3532041,30.930000000000003
3532820,0.1
3532821,2970.0
3532822,380.06
3532048,369.66
3532049,50.0
1491629,0.0
3532318,0.0
3532314,373.36
3532315,14.879999999999999
3532312,373.41
3532310,28.770000000000003
3532311,9.11
6258380,0.0
3450762,0.0
6263758,383.51
6253620,372.11
3532954,0.0
3532955,0.0
3532956,50.0
3865947,378.46000000000004
1888701,0.0
775186,0.0
3447291,371.01
5633498,2.6
6249072,0.0
38952,0.0
6246817,0.0
3648109,372.16
775983,0.0
3450434,50.0
5915216,3.6
3213120,0.0
3450186,377.76
519514,0.0
6254156,0.05
774747,0.0
774745,0.0
6250925,0.8500000000000001
774587,0.0
620052,0.0
6261442,0.0
6262392,100.0
6261599,380.66
110545,0.0
776451,3250.04
6260889,938.37
6091819,50.0
3445298,0.0
6262021,381.46000000000004
6257844,84.4
5637488,100.0
3453182,0.0
3854556,0.1
6247330,366.66
5922888,0.0
776299,0.35
776298,200.0
5444754,50.0
776293,0.05
6258407,0.2
776291,1750.04
776290,162.57
776297,10.0
776296,0.12000000000000001
776295,4.359999999999999
776294,50.0
3531684,0.0
3531931,0.9500000000000001
3531930,0.0
3531681,50.0
3531680,0.04
3531935,0.05
3531682,366.21000000000004
3531939,0.1
3531688,50.0
776275,100.0
776274,200.01564519
776277,0.17
776276,0.09
776271,0.22
776270,100.0
776273,200.01999999999998
776272,103.22
776279,50.0
776278,100.0
6253892,0.05
7852,0.0
6256000,375.11
3531847,0.0
3531846,0.05
3531845,6.0
3531843,368.41
3531842,0.0
3531841,368.31
3531840,0.0
3531940,20.0
6104864,0.0
6000923,50.0
772993,0.0
33446,4.800000000000001
6260526,0.35000000000000003
6253705,0.0
3532819,0.0
6253833,0.0
3532031,0.0
3532030,0.0
3532036,0.0
3532034,369.41
3532039,369.46000000000004
3532038,100.02
3532499,376.91
654226,0.09
6138604,379.91
3532363,0.4
3039904,4146.61
3532361,0.1
3532360,0.11
3532365,0.6
1872084,0.0
6254542,373.26
6260414,100.0
5921615,0.0
6253631,5.0
6263766,0.0
3532965,382.21000000000004
3532964,50.0
3532967,50.0
3532968,50.0
3532786,0.05
3532781,49.5
3532783,0.02
3532782,379.61
774358,0.0
3532765,379.46000000000004
3532762,50.0
3532761,100.0
3532760,0.37
6262360,381.91
3532768,50.0
6253524,372.01
3532796,939.37
6262560,50.0
3532797,379.66
775694,0.0
3526629,0.0
6261054,379.76
775997,0.0
775996,0.0
6261051,379.81
775990,53.5
5950963,0.0
6249419,368.76
6263143,100.0
3628570,0.0
6107547,0.0
771457,0.05
5904758,370.61
3441090,0.0
3896563,379.21000000000004
6269582,50.0
6245873,0.0
4479216,0.0
3531751,50.0
6255561,374.21000000000004
6255569,0.0
6247651,0.05
6247659,0.0
1239650,10.0
3397373,0.0
3531920,5.9
3531693,0.37
3531690,50.02
3531691,4499.99
3531924,50.0
3531697,0.01
776088,50.0
3531695,0.01
3531928,0.8500000000000001
3531698,0.01
1767827,0.0
776242,0.0
776245,150.0
776246,50.0
776248,50.0
4249619,50.0
6248387,0.0
6260148,1000.0
688071,0.0
6257707,292.86
6245898,0.0
766127,0.0
6263446,0.01
3531859,13.0
3531856,0.15000000000000002
3531857,0.03
6252004,50.0
3531851,0.0
3531852,0.1
3531853,0.0
3449792,0.0
895688,0.0
6252132,370.51
775746,0.0
775742,0.0
6263605,0.0
3532803,0.0
3532804,0.0
457463,0.0
3532020,13.32
3532023,50.0
3532024,369.21000000000004
3532026,369.31
3532027,369.26
3532028,0.0
3532378,0.0
3532370,0.0
3532371,374.26
3532372,0.0
774901,0.0
5954046,377.41
10502,349.98
5914437,371.61
297837,0.0
715304,0.0
3532798,0.0
775699,50.0
609194,50.0
775692,101.66999999999999
3532975,0.0
3532972,382.36
3532973,382.31
3532970,382.26
3532971,0.0
3527834,0.0
3450521,378.51
3532576,0.0
3450003,276.86
3532574,140.0
6259134,0.0
3532777,25.0
3532770,44.5
3532771,0.0
6248228,367.56
6254776,0.2
4127481,0.0
6262553,50.0
5989260,0.0
3450411,378.26
5872144,368.01
6256937,0.0
6261133,50.0
774011,0.0
6261425,380.26
758632,0.0
6221208,0.0
3450259,377.91
735494,0.0
28721,0.0
6026597,380.46000000000004
4746597,0.0
6250897,0.9500000000000001
5647162,370.56
6261553,0.05
3525396,0.0
6237246,0.0
5999006,49.75
5863381,0.0
3515928,0.0
6234284,0.0
6255602,0.0
6248942,50.0
6252816,371.16
6247795,367.26
6251275,369.56
3531919,150.5
3531918,0.05
3531668,0.0
3531914,0.7000000000000001
776097,50.0
3531911,0.04
3531910,368.81
776093,0.0
154025,0.0
776256,0.0
776253,0.0
776251,0.0
776250,0.05
6255914,12.0
6259023,50.0
6259021,10.02
3531912,0.75
153107,0.0
3358412,0.0
753760,0.0
3531861,368.51
3531860,50.0
3531862,0.2
3390237,0.0
3531866,2.0
6251857,0.0
6177337,0.0
6251851,0.0
3531717,49.25
3531716,50.0
3531715,0.0
3531714,366.41
3531712,50.0
3531711,0.05
6135560,50.0
5914336,371.66
3532167,371.26
5502765,0.05
719977,0.0
3608851,27.15
2005251,0.0
6261892,0.02
6261897,381.11
609211,0.01
3532019,0.0
3532018,0.9
3845063,0.04
3532015,30.91
3532014,2.0
3532017,23.37
1413683,0.0
3532010,0.31
3532013,369.16
3532012,33.730000000000004
615380,0.0
742363,50.0
6253340,371.56
3531806,0.03
157646,0.0
90724,1000.05
3532909,381.41
6254969,373.61
772158,50.0
3532906,0.0
3532905,381.31
3532589,377.51
3532588,50.0
3532741,100.0
3532740,50.0
3532743,379.41
3532745,379.36
3532744,0.0
3532746,0.0
3532749,0.3
3532748,0.31
3450643,0.0
6262549,382.16
775533,0.0
6253505,0.0
6263012,0.01
6190282,0.0
3532347,1.4000000000000001
3532346,373.96000000000004
3532340,373.86
3531968,0.0
3526354,0.0
3532349,24.900000000000002
68324,0.0
5265649,377.31
3534193,49.99
3531964,50.0
219581,0.0
3531965,50.0
3531967,368.96000000000004
5950780,0.0
6237885,0.0
690147,5151.15
6263121,382.86
3448795,374.16
6261412,380.21000000000004
775366,50.0
5934013,0.0
3868082,1.0
5457952,0.0
6237670,50.0
6261565,0.0
6238701,0.0
6261095,0.05
398471,100.0
6257865,50.0
776318,200.0
776319,0.09
776316,1.01
776317,349.98
776314,0.04
776315,0.39
776312,50.0
776313,277.83000000000004
776310,300.0
776311,50.0
31953,50.1
6255617,374.11
6252801,371.21000000000004
6252806,0.0
6259102,50.0
5866678,0.05
3531908,50.01
3531909,250.0
3531678,366.11
3531679,0.0
3531903,0.14
3531900,16.27
3531677,50.0
3531906,0.05
3531671,0.0
3531904,0.09
3531905,0.01
776220,0.0
3840347,377.66
6255901,0.0
6255906,375.01
6259039,0.0
6258522,50.0
6252938,371.31
6259033,378.36
3471907,50.0
3531875,0.05
3531873,368.61
3531870,0.25
3531878,0.04
3531879,0.45
776132,50.01
6191926,0.05
6253532,0.0
6234497,0.0
6253998,0.05
6247100,2.0
3610019,0.0
6259326,12.0
3531704,0.0
3531705,40.0
3531706,0.0
3531707,366.36
6253973,0.0
3531701,366.26
6246673,0.02
3531709,0.01
5958827,378.01
6252110,0.1
3532009,0.61
943080,0.0
3532002,0.75
3532003,0.0
3532000,0.23
6000841,4.44787191
3532007,0.8
3532004,50.0
3641730,371.96000000000004
6202912,0.0
99177,0.0
775320,25.0
3532918,381.66
3532170,0.0
3532910,0.0
3532911,381.36
3532913,49.97
3532179,371.41
3532590,0.05
3532757,0.36
3532753,0.32
3532750,0.29000000000000004
6246694,50.0
6260754,10.0
6263004,0.03
6258217,50.0
3532352,95.7
5919709,0.05
3532350,1.2000000000000002
3532356,374.01
3532354,374.06
3532355,0.0
698385,0.0
3450474,20.0
3622502,1.6
6253405,0.0
6262449,381.96000000000004
6256915,376.66
3513771,0.0
6262441,382.01
756107,0.0
5973285,0.33
775819,0.0
6258661,0.0
492242,0.0
6066063,376.11
6261713,380.91
5995638,382.71000000000004
6261570,0.0
11,1633.37
5213712,0.0
776309,752.9599999999999
776308,280.0
776305,850.01
776304,2150.0
776307,110.25
776306,500.0
776301,1.04765187
776300,928.92
776303,100.0
776302,0.18999999999999997
6247669,366.96000000000004
5361263,374.91
6258444,0.0
3530280,0.0
6249984,369.61
6252833,11.0
3529983,0.0
24639,220.42
5762791,0.0
6250691,0.0
3532927,381.71000000000004
3531646,0.0
372118,3100.0
776238,100.0
6255245,0.0
5957046,377.71000000000004
3531913,0.0
776231,100.0
3532921,0.01
3452382,382.11
776092,50.0
776235,150.0
776237,100.0
3532922,381.56
3439005,0.0
3531802,0.0
3531800,367.51
4456636,100.0
3531805,0.0
3531809,0.0
776127,37.309999999999995
776121,300.01
6252349,0.19129038
776122,100.0
6260026,3.0
6255802,374.81
6255805,0.0
6255809,0.0
6251832,0.1
6253984,372.51
5954407,0.0
6259317,0.0
3531731,50.0
3531732,366.56
3531735,366.61
3531737,50.0
3531736,30.0
3531739,366.76
3435052,0.0
3448430,0.0
3746802,0.04
3452725,0.01
6260566,379.51
6262999,50.0
3531025,0.0
765514,0.0
605014,100.0
3532443,375.86
3532441,100.0
6263725,0.02
3532293,373.01
3532292,20.0
3532291,0.0
3532290,372.71000000000004
3532297,285.0
3532920,381.61
3532295,345.0
3532294,0.05
775338,300.0
3532299,50.0
3532298,2.0
5871581,367.96000000000004
772136,0.0
3443211,150.0
80859,0.0
743380,0.05
3532720,50.0
3532727,0.16999999999999998
3532726,1.1099999999999999
6260743,1000.0
5870346,0.05
6249187,0.1
243532,0.0
775794,2700.1800000000003
133009,100.0
776089,50.0
3333522,0.0
4319247,0.0
6262299,381.81
3532430,375.41
6258335,377.61
3451407,0.05
3447178,370.91
3533520,50.0
6256995,10.9
775245,200.0
4155605,0.0
633,0.0
3782372,2.01
5804651,368.36
5894998,50.0
6262189,0.0
761453,0.09
3449599,50.0
3532888,0.02
6257128,0.0
3825460,0.01
6234814,0.0
3531865,368.56
6262276,50.0
3532885,4.67
776338,2050.06
776339,200.0
776330,4200.0
6251336,369.51
776332,0.15
776333,250.0
776334,200.0
776335,0.01
776336,113.86
776337,350.01
5966842,378.81
5894263,26.87
696390,2.4899999999999998
1649238,0.0
776421,100.0
6252229,50.0
6247057,0.0
3524030,0.0
6256699,376.51
19648,0.0
56253,0.0
3677643,372.96000000000004
3531810,367.81
6262852,0.05
3531813,367.76
3531815,367.66
3531816,0.0
3531818,50.0
6257076,376.96000000000004
776110,800.0
6263588,383.36
776114,200.01
5984794,380.86
6263583,383.41
5871178,367.71000000000004
633837,0.0
6255814,100.0
3417523,0.9
3531655,0.0
3531653,0.0
6257679,26.0
3531659,0.0
6252686,0.0
3531728,0.01
6253956,372.56
3531726,0.13
3531724,28.79
3531725,12.22
3531723,50.0
3531720,50.0
3449916,377.36
6263454,383.11
6253720,2.0
772542,0.0
6262985,382.81
972496,371.06
5696094,0.0
6254516,373.11
5580134,50.0
3531719,366.46000000000004
742159,0.0
775495,1050.0
6263735,0.05
3532932,0.0
3532931,381.76
3532936,0.05
3532937,0.02
6252572,370.76
3532287,372.81
3532288,372.76
3532289,0.0
6248261,367.86
3312981,0.0
6260766,379.56
3532738,0.26
3532739,50.0
6253221,371.76
3532732,100.0
552944,300.0
3532734,100.0
6254201,50.0
3532737,0.27
756639,0.0
741647,125.66
752333,0.0
3532426,375.56
3532427,375.51
3532421,375.36
3532422,375.31
3532423,0.0
3532428,0.0
3532429,375.46000000000004
6259947,0.0
6236718,0.0
226728,0.0
6261178,100.0
6219579,0.0
3533066,50.0
3533065,50.0
775872,150.0
3811968,0.05
6248006,367.41
751040,0.0
3531761,0.0
5879532,0.0
1596519,367.06
403488,0.0
5941974,0.0
6262085,0.0
6255643,374.51
3453654,50.0
6259153,378.41
5873995,50.0
6230584,0.0
6261194,380.01
6000418,383.26
6248906,0.05
1033904,100.0
776213,0.0
776211,150.0
776210,150.0
6251256,0.0
776215,100.00999999999999
776292,400.0
6255790,12.0
5947804,50.0
776327,99.0
776326,250.1
776325,0.4
776324,83.33
776323,0.09
776322,21.0
776321,200.0
776320,25.04
776329,86.79
776328,2700.05
3531829,0.0
3531825,50.0
3531826,368.21000000000004
3531821,0.0
3531838,50.0
3531823,50.0
776100,26.27
776075,0.0
3793382,0.0
3531934,1.0
742949,0.0
6248490,25.22
3531625,0.0
6259373,100.0
6209683,0.0
6253760,372.26
3531750,0.0
3531756,367.01
3531754,243.0
3473557,0.0
773331,0.0
703012,50.0
671775,0.15
6246738,0.01
772114,0.0
6262886,50.0
3532128,370.86
3532123,0.2
3532708,378.96000000000004
6258951,378.21000000000004
6256875,376.76
5571284,0.0
775009,0.0
597371,0.0
3696402,0.0
2274526,5.0
3526135,30.0
3532413,17.0
3532412,0.0
3532415,0.0
3532414,375.21000000000004
3532416,375.16
3532419,100.0
3532418,0.0
6258319,377.56
5991255,381.86
3986568,0.0
775467,0.0
775466,50.0
278186,21.63
3533097,50.0
3533271,50.0
6237584,0.0
3533074,0.0
3533075,383.56
3533073,383.61
775862,9.5
6261696,100.0
5272079,0.25
6254013,0.0
3449573,376.81
3110,50.0
6256897,110.15
6263271,0.0
6248239,0.0
775917,100.0
775912,50.0
6258784,0.03
22,0.0
3532465,0.0
6250448,0.39999999999999997
496663,0.0
6236693,275.0
6255306,1.3
6255655,0.0
748424,0.0
6255495,374.41
206890,0.0
3837222,0.0
735427,1692.8600000000001
6250538,0.0
6256276,375.61
3452606,50.0
3444851,0.0
457027,5.7
6255787,3.0
6255782,374.86
3432588,0.0
776331,0.09
10871,0.0
3764371,0.0
6263877,50.0
6252375,0.0
3531832,0.0
3531830,368.11
3531831,368.06
3531836,0.0
3531837,0.06
3531835,368.26
6256304,375.81
776174,250.01944472
776341,250.0
3320451,0.0
6000602,0.02
3531749,366.81
759895,0.0
3531740,366.71000000000004
3531742,0.02
3531744,366.91
3531745,0.0
3531746,366.86
5969993,50.0
5104,13506.77
6252793,1.95
3528643,0.0
5235564,0.0
3682373,0.0
3532136,370.81
3532712,379.11
3532713,379.06
3532714,19.0
3532718,379.16
3532719,0.0
3528867,0.0
6254229,2.0
10476,0.0
6263047,0.01
6256862,38.0
6258968,378.31
775071,50.0
3533027,100.0
3449716,0.0
3450850,379.01
3532628,378.11
748950,50.0
1486977,0.0
1148003,0.0
6254312,372.86
6249460,50.0
3532404,374.96000000000004
3532405,0.0
3532168,0.0
3420136,0.0
775294,100.0
6253447,100.0
20302,0.0
5968488,50.0
6261353,380.11
6261350,380.16
775853,100.0
5988174,189.99
3500700,0.0
5719051,100.0
3451544,0.0
106788,100.0
3450036,377.46000000000004
5907659,0.1
6256885,376.71000000000004
6263263,383.06
5894654,0.05
2304659,0.0
775920,150.0
775925,0.0
774433,0.0
738090,0.0
761312,0.0
6255920,0.05
3662476,0.0
749820,0.15
6260930,19.5
5907342,0.0
774724,50.0
3444612,40.0
6250549,50.0
6256264,375.66
4032203,382.66
5856431,366.16
6257987,50.0
6256466,376.06
776340,1.03101122
776342,25.0
6258772,0.1
3332592,0.0
6271654,50.0
5657878,0.0
5308922,374.66
210014,27.15
6256314,0.0
776162,0.0
3570884,0.0
6260069,4.04
141606,0.09255524000000001
3532362,0.5
3532493,0.0
6253146,371.46000000000004
17440,200.01
3531995,0.0
3531994,369.11
3531997,0.24000000000000002
3532898,381.16
3531992,0.0
3532894,381.26
3532896,0.05
3532891,381.01
3531998,0.7000000000000001
6254111,0.0
6227622,0.0
1235663,372.21000000000004
6262231,0.0
473567,0.0
6263463,45.66
586121,15.850000000000001
6258802,0.2
6253852,0.0
3719018,0.0
3531812,0.0
1392016,0.0
349599,0.0
741635,10.0
21317,0.0
6263237,50.0
3527157,0.0
3531775,0.03
3531776,50.0
3531771,367.21000000000004
3531770,0.1
3531773,0.0
3531772,367.16
911712,377.96000000000004
3531779,0.05
3368855,0.15000000000000002
744887,0.0
6248257,367.91
6253211,371.81
6252637,0.0
675501,0.1
6252632,370.96000000000004
3504720,0.0
6263671,383.46000000000004
3805060,377.06
285894,0.0
3532473,0.0
3532471,22.0
3532470,60.0
689312,18.509999999999998
6253457,6.0
4142432,0.0
775118,0.0
3821563,50.0
776056,300.0
3533679,50.0
775842,0.0
3532505,75.0
3532501,0.0
3532500,376.86
6262303,0.05
3533452,50.0
3445069,368.16
774154,550.0
803084,0.0
1311663,0.0
88428,0.09999999999999999
6261033,379.71000000000004
3715571,149.99999999999997
3529828,0.0
1095188,0.0
5948751,0.0
6262237,381.51
737383,3.0
6255679,374.76
4063746,0.0
2069015,0.0
5939145,0.0
26426,0.0
1194118,0.0
3525788,0.0
7420,0.0
776057,0.0
749167,0.0
3452370,0.04
6256252,0.0
3697941,373.31
4606721,377.11
3107335,0.0
6252366,370.71000000000004
6258581,0.0
6252314,370.66
776158,850.01
6255502,374.36
6247162,10.0
6256633,376.16
6256324,375.76
3541769,1.0
6259343,100.0
3453683,50.0
19227,0.0
774827,0.0
6262781,100.0
6262787,0.0
3531980,50.0
3531981,0.05
3531986,0.6000000000000001
3531987,50.0
6257698,0.0
3531985,369.06
3531989,50.0
3532886,2.0
3532887,50.0
6256748,376.61
6234545,0.0
5984990,380.96000000000004
6256243,375.71000000000004
3532080,0.1
6253862,0.0
5914234,371.71000000000004
1266930,50.0
3451831,380.71000000000004
775617,0.0
775513,3450.0
5919509,50.0
5922314,50.0
3528667,0.0
772475,0.0
3531762,367.11
3531763,22.5
6224147,0.0
3531767,80.0
3531764,367.31
3531765,0.0
3531768,60.0
3531769,0.06
5926144,6.39
6253592,372.06
6253267,0.0
3532444,0.0
6252626,50.0
1310789,0.0
589538,0.0
665747,50.0
5950468,377.21000000000004
6266224,50.0
6258344,1.02
6253463,0.0
3532460,376.31
3532461,0.0
3532462,0.0
3532463,376.26
6249481,0.03
5919652,50.0
5845543,0.0
5930574,0.35
3669117,0.0
771739,550.03653564
6261334,100.0
3532514,0.01
3532515,0.0
3533028,47.0
3532512,377.01
3532513,0.0
3533023,382.96000000000004
3533022,500.0
3532518,100.0
3532519,0.05
3533025,0.0
3533024,383.01
6262332,0.03
6262336,0.02
5883757,50.0
1453946,0.0
6250812,0.02
6262200,0.0
681308,1100.0
640,650.71
5948030,12.9
3805431,0.0
6237956,0.0
3381158,50.0
3727619,374.31
5931581,373.81
3909858,50.0
6261611,380.61
3445072,0.09
6001313,0.05
6258834,50.0
3531670,0.02
6250581,0.55
5830991,0.0
6258591,377.86
680304,50.0
5881724,0.65
776363,100.0
776362,100.0
776360,300.0
3449056,375.26
776143,350.0
776146,150.0
6256628,0.0
6260047,379.31
3899953,379.26
740234,0.0
3811604,377.26
3221249,0.0
6253125,16.0
5886828,0.0
671354,0.0
5991901,382.06
6256755,376.56
776038,50.0
3531977,369.01
3531975,0.05
3531973,50.0
776032,0.0
3531971,50.0
3531970,50.0
740762,15.0
6239756,0.0
6259248,50.0
93311,408.62
6262967,382.76
3532301,0.0
3532079,0.05
3532078,370.36
3532077,370.41
3532076,100.0
3532075,0.05
6253875,372.36
3532073,0.05
739396,146.0
3449838,50.0
3532983,0.05
3532982,382.61
775605,576.0
3532986,382.51
3532985,382.56
3532984,989.37
775609,0.0
3531888,0.5
3531882,0.0
3531881,0.0
3531880,0.39999999999999997
3531887,368.66
3531885,0.0
3531884,0.3
6253900,0.0
3531799,0.05
3532308,0.0
3531797,0.0
6251188,369.36
6253908,0.0
3531794,0.05
3531793,0.0
3531792,0.03
3531790,2000.0
5931962,44.4
746020,150.0
775734,150.01
3532850,380.31
3450805,378.91
6261872,0.04
3532671,378.56
3532327,0.0
6266548,380.76
3532324,373.51
3532322,373.56
744997,0.0
3532320,66.95
3532459,376.36
3532458,376.41
3532329,50.0
3532328,373.66
3532697,45.0
6253470,371.91
3532694,20.0
3532693,0.0
3532692,378.76
3532690,0.0
6262432,100.0
3532698,0.0
106616,0.0
3767151,0.6
6253677,15.0
775131,50.0
6180340,367.36
6261907,381.06
6261900,0.0
6260457,0.34
774396,200.0
3533038,42.660000000000004
3533039,40.1
3533036,38.49
3533037,37.269999999999996
6254297,1.0
5664920,0.0
6000030,1.94787191
3931294,20.0
6247847,50.0
776133,0.0
5319156,374.61
6250776,0.0
3531978,0.5
27640,0.0
775957,50.0
6254121,50.0
3531972,0.45
6255664,374.46000000000004
6204863,0.0
6261496,380.41
4213438,0.0
6251513,31.94
760318,0.0
6258617,378.06
5920745,0.0
6260876,0.0
3736734,374.56
3520538,0.0
461622,0.0
3837356,0.0
5978370,50.0
5488060,50.0
1190685,0.0
6256438,375.96000000000004
4048985,0.05
3452228,0.0
5961389,0.0
6258437,377.81
776030,150.0
5913135,371.36
224319,2.5999999999999988
3424989,0.0
776049,0.0
6263431,383.16
3784889,8.9
3531700,366.31
3531966,50.0
776041,0.0
3531960,20.0
3531961,0.35
3531962,0.0
1125017,0.0
6007,0.0
6253879,372.31
732189,0.0
6253693,0.05
544966,0.1
3532074,370.26
3532068,370.16
6257365,0.0
3532064,370.11
3532065,370.06
3532066,0.0
5967386,378.86
3532060,369.96000000000004
3532061,369.91
3532062,0.0
6260203,0.28
3532071,370.21000000000004
3531898,0.6000000000000001
3531890,0.02
3531891,368.71000000000004
3531892,0.0
3531893,0.55
3531895,16.43
5960636,0.0
3531785,0.1
3531786,0.04
3531787,2920.0
3531781,50.0
3531782,50.0
6254916,0.0
6249138,0.04
3110358,0.0
764891,100.0
775704,50.0
3532669,1.25
3532846,100.0
3532442,375.91
3532335,29.0
3532336,373.76
3532337,100.0
3532446,376.01
3532331,100.0
3532332,373.71000000000004
3532448,0.0
3532338,373.91
3532339,0.0
3532684,3.0
3532685,378.66
3532686,0.0
3532680,17.0
3532682,378.61
3532688,0.05
3532689,378.71000000000004
5950241,377.16
3531694,0.01
5795649,0.0
1445358,0.0
6261917,0.0
568239,304.64
775389,50.01
6266114,50.0
775890,0.0
775891,150.0
775896,200.0
3532534,6710.0
3451568,0.05
41746,0.0
6236316,0.0
2739652,0.0
6262593,50.0
3670679,0.0
3678447,372.91
3450965,32.0
775568,50.0
6247409,0.05
6252867,0.0
3533269,50.0
3531796,367.61
132102,50.0
3531795,0.04
6254139,372.66
3532006,4.41
775878,150.0
6261489,380.51
6261480,380.56
3532005,8.22
3157721,6.0
6203897,0.0
3444658,0.0
774762,0.0
6260995,100.0
5867512,367.46000000000004
3255730,0.0
6250633,0.65
776347,150.0
755292,0.0
3530172,0.0
6262007,50.0
6249692,3.9
6251344,0.0
3531692,22.9
6256600,376.21000000000004
3452546,382.41
5544601,50.0
6254029,0.05
3531923,50.0
6256721,6.8999999999999995
3523763,0.0
3538220,50.0
3532180,0.0
3531926,368.86
27361,0.0
3531927,0.0
6249968,0.30000000000000004
6252850,371.11
5916153,0.0
744550,200.0
5984545,0.0
3531959,0.03
776058,0.0
4328149,0.0
6263425,383.21000000000004
3531950,0.0
3531953,0.25
3531952,6.0
3531955,0.08
6256773,2.01
3531957,0.3
3531956,50.0
773663,0.0
546332,0.0
5921792,372.61
3374916,0.2
3531556,0.0
3532059,0.0
3532058,370.01
6257399,100.0
3532051,369.86
3532053,0.0
3532052,369.81
3532055,0.0
3532054,369.76
3532056,50.0
6252072,370.46000000000004
3448855,374.71000000000004
773480,0.0
773483,0.0
1143274,371.51
3973363,0.0
4125503,0.0
3532892,0.0
775713,0.0
775712,0.0
6261856,381.21000000000004
6262774,382.46000000000004
5978759,379.96000000000004
3219503,0.0
3532836,0.0
565022,0.0
3532300,373.06
3532303,50.0
3532305,373.21000000000004
3532307,0.02
3532309,373.16
6207289,0.0
3532457,0.0
3532456,376.46000000000004
6253498,0.05
3957435,0.0
3628023,0.0
3532321,373.46000000000004
1411548,0.0
776241,0.0
6252708,0.0
3852468,0.0
3533016,382.91
3533015,50.0
29956,0.0
3533019,0.0
6261674,380.81
6297228,372.41
6262346,0.01
4332544,50.0
3696317,0.0
6261073,0.5
6261070,379.86
775978,0.0
91782,0.0
6241163,30.0
3451259,0.0
5935846,0.0
6260988,35.0
6261455,380.36
4347904,0.0
5985135,0.0
5902390,370.31
6258637,0.0
747426,0.0
750365,0.0
3531990,50.0
