3940397,1
3940820,1
3635441,1
3635446,1
5683582,1
778115,1
3939262,1
1109045,1
3939061,1
782162,1
3941060,1
781972,1
776436,1
5394856,1
776742,1
281520,1
3940560,1
3942899,1
3635384,1
3635439,1
3635438,1
3941203,1
3635435,0
3635434,1
1051359,1
3968612,1
1059397,1
3940473,1
775539,1
3939372,1
3940575,1
779689,1
780674,1
635352,1
4105290,1
6086638,1
3939319,1
2009153,1
3942132,1
3940016,1
4181979,1
6104121,1
753325,1
5333163,1
3634835,1
362333,2
3634837,1
3939144,1
5239208,1
3635274,1
6284736,1
3939206,1
780594,1
780690,1
3940707,1
3941494,1
3941492,1
5773985,1
3942007,1
6110288,1
1249683,1
1060625,1
3939131,1
3939139,1
5987897,1
6259100,1
1100664,1
3635374,1
3635375,1
735500,1
3635377,1
4156174,1
3940714,1
3941330,1
781671,1
6034282,1
2001067,1
635393,1
779672,1
781865,1
6117983,1
778076,1
780140,1
1042979,1
3941340,1
1058953,1
4180560,1
782034,1
782033,1
782217,1
782211,1
3599428,1
782218,1
780244,1
1057565,1
782198,1
781661,1
3515385,1
734873,0
583180,1
3940065,1
3634840,1
3939071,1
777451,1
541128,1
780560,1
3599733,2
1079106,1
781562,1
638926,1
780763,1
3847788,1
4217575,1
636567,1
6172416,1
592459,1
6269186,1
1029541,1
3635428,1
3635398,1
3635393,1
3635390,1
3635423,1
624824,1
777636,1
3611722,1
639948,1
201031,1
1047960,1
3612307,1
3941903,1
3635491,1
3612016,1
781747,1
781740,1
3606560,1
3939300,1
3942126,1
780610,1
205903,1
780192,1
782148,1
782144,1
208902,1
3608330,1
3941199,1
3939234,1
782242,1
782241,2
782240,2
6093250,1
5989433,1
1283793,1
780721,1
6044754,1
5010294,1
3616995,1
3635464,1
3635468,1
779710,1
781556,1
10476,1
4332639,1
779921,1
3939044,1
6064704,1
5727946,1
5884263,1
3635268,1
636582,1
1767124,1
5187882,1
3621940,1
3940364,1
781252,1
734233,1
780652,1
1475765,1
779102,1
782243,1
1081824,1
782021,1
782207,1
782205,1
782208,1
3939889,1
6163702,1
780274,1
4084246,1
2975756,1
3940776,1
738090,0
782113,1
3939345,1
777635,1
1084213,1
3634854,1
781991,1
633739,1
4117835,1
3939089,1
3635257,1
3939082,1
3939241,1
3939160,1
3941575,1
1082989,1
3635227,1
781990,1
3940084,1
1052902,1
777363,1
3940322,1
2068478,1
3635410,1
3635412,1
3940285,1
3635414,1
1109159,1
1027036,1
62691,1
3616555,1
1991307,1
5072706,1
1063586,1
778555,1
3941851,1
675179,1
3635072,1
210014,1
3635079,1
3940350,1
3426420,1
1073260,1
3939338,1
781730,1
3606475,1
781739,1
782120,1
1971807,1
3940032,1
6332199,1
778263,1
3940036,1
3940034,1
754435,1
4934163,1
5214837,1
3939048,1
3941911,1
782150,1
6292058,1
781945,1
782238,2
782239,2
3940721,1
782232,2
782233,2
782230,2
782231,1
782236,2
782237,2
782234,2
782235,1
1023404,1
6280481,1
3940048,1
1239862,1
3635296,1
1051013,1
1044584,1
1323982,1
773445,1
3843962,1
4614906,1
6134995,1
3635454,1
3635453,1
3635452,1
2337966,1
596502,1
727888,1
4881001,1
6287538,1
146518,1
3635358,1
3941748,1
3635402,1
3941742,1
3635356,1
3941629,1
3635354,1
781498,1
780387,1
3336720,1
3757229,1
1086355,1
689312,1
4486259,1
1066507,1
1533622,1
3940509,1
3940505,1
1087169,1
781809,1
780641,1
1083751,1
782042,1
780165,1
3967869,1
617082,1
3939893,1
2941978,1
3940769,1
1600502,1
3940766,1
1828591,1
774088,1
2219323,1
1024893,1
3939152,1
3635245,1
3940919,1
782262,1
5945492,1
2036481,1
781699,1
781692,1
3941549,1
1088320,1
3940097,1
3635407,1
4867347,1
3635403,1
3940290,1
3635401,1
1067713,1
2159618,1
3940693,1
731348,1
3852343,1
621898,1
636487,1
3635363,1
3935517,0
775394,1
734362,1
1025338,1
5634207,1
6048045,1
3635063,1
3941248,1
3634895,1
3612442,1
3940055,1
3940538,1
780221,1
782139,1
6101191,1
782136,1
1876746,1
782132,1
6037028,1
5938732,1
3940059,1
6078774,1
3942391,1
3939849,1
1904042,1
3635421,1
3610164,1
3939929,1
782009,1
3939921,1
623516,1
5346674,1
3939215,1
3939190,1
782229,2
782228,1
3940751,1
782189,1
782223,1
782222,1
782224,1
782227,1
735446,1
3940054,1
755193,1
3939327,1
782220,1
742186,1
4990503,1
3619601,1
