0,70
1,59
2,55
3,206
4,105
5,58
6,33
7,41
8,510
9,69
10,80
11,48
12,88
13,102
14,302
15,92
16,153
17,69
18,67
19,48
20,98
21,284
22,183
23,45
24,62
25,52
26,145
27,52
28,136
29,69
30,65
31,48
32,44
33,43
34,61
35,55
36,67
37,65
38,86
39,60
40,138
41,55
42,60
43,46
44,72
45,235
46,47
47,62
48,150
49,43
50,85
51,69
52,202
53,101
54,76
55,172
56,169
57,114
58,151
59,47
60,123
61,56
62,230
63,103
64,60
65,131
66,111
67,108
68,73
69,43
70,45
71,244
72,57
73,46
74,154
75,43
76,148
77,51
78,149
79,49
80,120
81,120
82,42
83,69
84,59
85,58
86,47
87,102
88,114
89,0
90,0
91,1
92,2
93,0
94,0
95,1
96,0
97,1
98,2
99,1
100,2
101,0
102,1
103,2
104,2
105,4
106,2
107,0
108,1
109,0
110,2
111,3
113,3
114,2
115,1
116,1
117,1
120,1
121,0
122,0
123,1
124,1
125,1
126,0
127,1
128,2
129,1
130,1
131,2
132,1
134,0
136,2
137,1
139,1
140,1
141,0
142,0
143,2
144,0
145,1
146,0
147,1
150,1
151,1
152,5
155,1
156,0
157,0
158,4
159,1
160,1
161,1
162,0
163,1
164,3
165,1
166,1
167,1
169,2
172,2
173,0
174,3
175,1
176,2
177,1
178,0
179,1
180,0
181,2
182,0
183,1
184,1
185,2
186,2
187,1
188,0
189,1
190,0
191,2
192,2
193,1
194,1
195,0
196,0
197,1
198,1
199,0
202,1
203,2
204,1
205,1
206,0
207,1
208,1
209,0
210,3
211,0
212,0
213,1
214,2
215,0
216,2
218,1
220,1
221,1
222,2
223,0
225,2
226,1
227,0
228,1
229,0
230,1
231,1
232,1
233,0
234,2
235,0
237,2
238,0
239,1
241,0
242,2
243,3
244,1
245,0
246,1
247,0
248,0
250,0
251,3
252,1
254,1
255,1
256,2
258,0
259,2
260,1
261,0
262,0
263,0
264,1
265,1
266,1
268,0
269,1
270,2
271,3
272,1
273,1
274,1
275,1
276,2
277,0
278,0
279,2
280,1
281,2
282,0
283,1
284,1
285,4
287,1
288,2
289,0
291,1
292,0
293,1
294,1
295,3
296,0
297,0
299,0
300,1
301,1
303,2
304,1
306,1
307,1
308,0
309,0
310,1
311,0
312,0
314,2
315,0
316,2
317,1
318,0
319,0
321,2
322,1
325,0
326,2
327,1
329,2
330,1
331,1
332,3
333,3
334,0
335,1
337,0
339,1
340,1
341,0
342,0
343,0
344,2
345,2
346,3
347,1
348,2
349,0
352,0
353,2
354,0
355,1
356,1
357,0
358,1
359,2
361,1
363,1
364,1
367,1
369,0
370,1
372,1
374,1
375,0
376,2
377,1
378,0
379,2
380,1
381,1
382,1
383,0
384,2
385,1
387,0
388,0
389,2
390,2
391,0
392,0
395,1
396,1
397,1
398,1
399,2
400,1
401,2
402,0
403,2
404,2
405,1
406,0
407,1
409,1
410,1
411,0
412,1
413,2
414,1
415,2
416,2
418,2
419,0
420,1
421,1
422,0
423,1
424,1
425,1
426,0
427,0
428,2
429,1
430,2
431,1
432,1
434,3
435,2
436,1
438,0
439,0
440,1
441,1
443,0
444,4
446,1
447,1
448,2
449,1
450,2
451,0
452,1
453,1
454,3
455,0
456,1
457,0
458,0
459,3
460,1
461,1
462,1
463,1
464,0
466,2
467,1
468,1
469,1
470,3
471,3
472,2
473,0
474,2
476,3
477,2
479,3
480,0
482,1
484,2
485,1
486,2
487,1
489,0
490,2
492,0
493,4
494,1
495,1
496,1
497,0
498,2
499,1
500,3
502,0
503,1
504,0
506,0
507,1
508,1
510,1
512,0
513,0
514,1
515,1
516,0
517,2
518,1
519,1
520,0
521,2
522,0
523,0
524,1
525,0
528,1
529,2
531,1
532,0
533,1
534,1
535,1
536,0
537,2
538,1
539,0
540,0
541,1
542,1
543,1
544,0
545,2
546,3
547,0
548,3
549,3
550,0
551,1
552,0
555,1
557,1
558,0
559,0
561,0
563,0
564,1
565,4
566,0
570,1
571,0
573,2
574,0
575,1
576,1
577,0
578,1
580,1
581,2
582,0
583,0
584,2
585,3
586,2
588,1
589,1
591,1
592,0
593,0
594,1
595,1
596,1
597,0
598,0
599,0
600,2
601,1
603,1
604,0
605,0
606,1
607,1
608,2
609,2
610,1
612,1
613,4
614,2
615,2
616,2
617,4
618,0
619,0
620,0
621,4
622,0
624,1
626,1
627,3
628,1
629,2
630,0
631,4
632,1
633,1
634,3
635,3
636,0
637,1
638,1
639,1
640,1
641,2
643,1
644,2
645,1
646,0
647,3
648,1
649,3
650,4
651,1
652,3
653,0
654,1
655,1
656,2
657,1
658,0
659,1
660,0
661,1
662,3
663,1
664,0
665,1
666,1
667,0
668,1
670,1
671,0
672,0
673,1
675,1
676,0
677,0
678,0
680,1
681,0
682,1
683,0
684,1
685,1
686,1
687,3
688,0
689,0
690,0
691,0
693,2
694,1
695,2
696,1
697,2
698,0
700,0
701,0
702,0
703,2
705,1
708,3
711,1
712,2
713,0
716,1
717,0
718,2
719,2
720,2
721,1
723,2
724,1
726,2
727,1
728,1
729,1
730,1
731,1
732,1
733,0
734,0
735,1
736,1
737,0
738,2
739,3
740,2
741,1
744,1
745,3
746,2
747,3
748,1
749,1
750,0
751,0
752,4
753,2
754,1
755,2
756,0
759,3
760,2
761,0
762,0
763,0
764,2
765,4
766,1
767,0
768,0
769,2
770,3
771,2
772,1
774,1
775,2
776,0
777,3
778,0
779,1
780,2
781,2
782,0
783,2
784,1
785,4
786,0
787,1
788,2
789,0
790,2
791,0
792,2
793,1
794,4
795,0
797,4
798,3
799,0
800,0
801,2
802,2
803,0
804,2
805,3
806,0
808,0
809,1
810,1
811,1
812,0
813,0
814,1
815,1
816,1
817,0
818,2
819,2
820,3
822,1
823,1
824,2
825,0
826,1
827,1
829,2
830,3
831,2
832,2
833,2
834,1
836,3
837,2
838,0
839,2
840,1
841,1
842,2
843,1
844,0
845,0
847,1
848,0
849,1
851,0
852,2
853,2
854,3
855,1
856,1
857,1
858,1
860,1
861,2
862,0
863,1
864,2
865,0
866,1
868,0
869,1
870,1
871,0
873,1
874,1
875,0
876,0
877,1
878,2
879,1
880,1
881,1
882,3
883,0
884,1
885,1
886,0
888,1
889,0
890,0
891,4
892,3
893,0
894,2
895,1
896,0
897,0
898,2
899,3
900,1
901,1
902,2
904,1
905,0
906,2
907,1
909,2
910,0
912,2
913,2
914,3
916,2
917,3
918,1
919,2
920,3
921,0
922,1
923,3
924,1
925,1
926,1
927,1
928,0
929,2
930,0
933,1
934,2
935,0
936,0
937,0
938,1
939,2
940,0
941,2
943,1
944,1
945,1
946,0
947,2
948,2
949,2
950,2
951,0
952,0
953,1
954,1
955,1
956,1
958,1
961,1
963,1
964,3
965,2
966,1
967,0
968,0
969,2
970,1
971,0
972,3
974,1
976,1
977,0
978,1
979,1
980,1
981,1
982,2
983,1
984,1
986,1
987,2
988,1
989,0
990,1
991,1
992,0
993,1
994,0
996,1
997,2
998,0
999,2
1000,1
1001,1
1003,2
1004,0
1005,1
1006,0
1007,0
1008,2
1009,1
1010,1
1011,1
1012,0
1013,1
1014,1
1015,2
1016,1
1017,1
1018,1
1019,1
1020,0
1021,3
1022,0
1023,1
1024,1
1025,4
1026,0
1027,0
1028,0
1029,1
1032,2
1033,0
1034,1
1035,4
1036,0
1037,3
1038,0
1039,0
1040,1
1041,0
1042,1
1043,2
1044,1
1045,1
1046,0
1047,0
1048,4
1049,3
1050,3
1051,2
1052,0
1054,1
1055,1
1056,1
1058,3
1059,1
1061,0
1062,1
1063,2
1064,1
1065,3
1066,1
1067,2
1068,1
1070,2
1071,0
1072,1
1073,1
1074,2
1075,5
1076,1
1077,0
1078,1
1079,0
1080,3
1081,0
1082,2
1083,2
1084,0
1085,2
1086,1
1089,3
1090,1
1091,0
1092,2
1093,0
1094,1
1096,2
1097,2
1100,1
1101,2
1102,1
1103,0
1104,0
1105,0
1106,2
1107,1
1109,0
1111,1
1112,0
1113,2
1116,0
1117,2
1118,1
1120,3
1121,1
1122,0
1123,1
1124,2
1125,0
1126,2
1127,2
1128,1
1129,1
1130,2
1131,1
1132,4
1133,2
1134,0
1135,1
1136,1
1137,0
1138,2
1139,1
1140,2
1141,2
1142,1
1143,1
1144,0
1145,2
1146,1
1147,2
1148,1
1149,0
1150,2
1151,1
1152,1
1153,1
1155,1
1156,2
1158,2
1160,1
1161,0
1162,1
1163,5
1164,3
1165,2
1167,0
1168,1
1169,0
1170,0
1171,1
1172,2
1173,2
1174,2
1175,1
1176,0
1177,1
1178,0
1179,2
1181,0
1182,2
1185,0
1186,2
1187,1
1188,1
1190,1
1191,1
1192,0
1193,2
1194,2
1196,1
1197,2
1198,1
1199,2
1200,1
1201,2
1204,0
1206,1
1208,0
1209,1
1210,1
1211,2
1212,1
1213,1
1214,2
1215,3
1216,2
1217,1
1219,2
1220,2
1221,0
1222,1
1223,2
1224,2
1225,1
1226,2
1227,0
1228,2
1229,0
1230,1
1231,2
1232,1
1233,0
1234,0
1235,2
1236,2
1237,0
1238,0
1240,1
1241,1
1242,1
1243,0
1244,0
1245,1
1246,0
1247,1
1248,0
1249,2
1250,0
1251,0
1252,2
1253,1
1254,0
1255,3
1257,1
1259,1
1260,0
1262,2
1263,4
1264,3
1265,3
1267,1
1270,0
1271,4
1272,2
1273,0
1274,3
1275,2
1276,2
1277,1
1278,2
1280,1
1281,1
1282,0
1283,1
1284,0
1285,1
1286,1
1287,2
1288,1
1289,1
1290,2
1291,3
1292,1
1293,1
1294,0
1295,2
1296,1
1297,1
1298,1
1299,2
1300,1
1301,2
1302,4
1303,1
1304,2
1305,1
1306,2
1307,2
1308,1
1309,0
1310,1
1311,1
1312,2
1313,1
1314,1
1315,2
1316,1
1317,1
1318,1
1319,1
1320,2
1321,0
1322,4
1323,3
1324,2
1325,0
1327,3
1328,0
1329,0
1330,1
1331,1
1332,2
1334,0
1335,2
1336,1
1337,0
1338,3
1339,2
1340,5
1341,0
1342,0
1343,1
1344,1
1345,0
1346,2
1347,0
1348,1
1349,2
1351,2
1352,0
1353,0
1354,1
1355,1
1356,1
1358,1
1359,1
1361,0
1362,0
1363,2
1364,2
1365,2
1366,2
1368,1
1369,2
1370,1
1373,1
1374,0
1375,2
1376,2
1377,3
1378,2
1379,0
1380,2
1382,0
1383,2
1384,3
1386,1
1387,0
1388,1
1389,2
1390,1
1391,0
1392,1
1394,1
1395,0
1396,1
1397,2
1398,1
1399,1
1401,1
1402,1
1403,2
1406,1
1408,1
1410,3
1411,1
1413,1
1414,1
1415,1
1416,1
1418,0
1419,3
1420,4
1421,2
1422,2
1423,1
1424,0
1425,1
1426,2
1427,0
1431,1
1432,0
1433,0
1434,2
1435,1
1436,1
1437,0
1438,2
1439,1
1440,1
1441,1
1442,1
1443,0
1444,0
1445,2
1446,2
1447,1
1449,1
1450,1
1451,0
1452,1
1453,1
1454,1
1455,1
1456,1
1457,0
1458,2
1459,0
1460,0
1462,2
1463,0
1464,1
1466,0
1467,2
1468,2
1469,2
1470,1
1471,1
1472,1
1473,0
1474,1
1475,3
1477,1
1478,1
1479,1
1480,1
1481,4
1482,1
1483,1
1484,1
1485,2
1487,2
1488,0
1489,1
1490,4
1491,0
1492,1
1493,1
1494,0
1495,0
1496,1
1497,2
1498,0
1499,2
1500,2
1501,1
1502,0
1503,1
1504,1
1505,2
1506,1
1507,1
1508,1
1509,1
1510,1
1511,0
1512,3
1514,1
1515,1
1516,0
1517,0
1518,0
1519,4
1520,1
1521,1
1524,0
1525,0
1526,1
1528,2
1530,1
1531,0
1532,2
1533,1
1534,3
1535,0
1536,1
1537,2
1538,2
1539,1
1540,0
1542,1
1544,0
1545,1
1546,0
1547,0
1548,1
1549,1
1550,1
1551,2
1552,0
1553,0
1554,0
1555,1
1556,2
1557,0
1558,0
1559,1
1560,1
1561,0
1562,1
1563,2
1564,5
1565,1
1566,1
1567,1
1568,1
1569,3
1570,2
1572,1
1573,2
1574,1
1575,1
1577,1
1578,1
1579,0
1580,1
1581,1
1582,1
1583,1
1584,2
1585,0
1586,2
1587,0
1588,0
1590,1
1591,1
1592,0
1593,1
1594,2
1595,1
1596,2
1597,1
1598,2
1599,1
1600,1
1601,1
1602,1
1603,1
1604,1
1605,0
1606,2
1607,1
1608,1
1609,1
1610,1
1611,0
1612,0
1613,2
1614,0
1615,0
1616,1
1617,2
1618,1
1619,1
1620,0
1621,1
1622,3
1623,1
1624,0
1626,1
1627,2
1628,1
1630,2
1631,4
1632,1
1635,0
1636,1
1637,0
1638,0
1639,0
1640,0
1641,2
1642,3
1644,1
1645,0
1646,1
1647,3
1648,1
1649,0
1650,1
1652,1
1653,0
1654,1
1655,1
1656,2
1657,1
1658,0
1659,2
1660,2
1661,2
1662,1
1663,1
1664,0
1665,3
1667,1
1668,0
1669,0
1671,2
1672,0
1673,1
1674,3
1675,1
1677,0
1679,2
1680,0
1681,1
1682,4
1683,2
1684,1
1685,1
1687,1
1688,2
1689,2
1690,2
1692,2
1693,1
1695,1
1696,2
1697,3
1698,2
1699,3
1701,1
1702,0
1703,1
1704,0
1705,1
1706,1
1707,2
1708,1
1709,4
1710,1
1712,2
1713,2
1714,4
1716,0
1718,1
1719,0
1720,0
1721,1
1722,1
1723,1
1724,1
1726,0
1727,0
1728,1
1729,0
1730,0
1731,2
1732,2
1733,1
1734,1
1735,1
1736,4
1737,0
1738,3
1739,2
1740,1
1741,3
1742,0
1743,1
1744,0
1745,1
1746,1
1748,0
1749,1
1750,0
1751,0
1752,1
1753,2
1754,2
1755,0
1756,0
1757,2
1758,1
1759,1
1760,1
1761,1
1762,2
1763,3
1765,2
1766,2
1767,1
1768,0
1769,1
1770,2
1771,1
1772,1
1773,1
1774,3
1775,0
1776,1
1777,2
1779,1
1781,0
1782,2
1783,1
1784,0
1785,1
1786,1
1787,0
1788,1
1789,3
1790,0
1791,2
1792,1
1793,1
1794,1
1795,0
1796,2
1797,0
1798,2
1799,1
1800,1
1801,2
1802,2
1803,1
1804,0
1805,3
1806,2
1807,1
1808,1
1809,2
1810,1
1811,0
1812,1
1813,1
1814,1
1815,0
1816,1
1817,1
1818,1
1819,1
1820,1
1822,1
1824,0
1825,0
1826,1
1827,1
1829,4
1830,1
1831,1
1832,1
1833,1
1834,1
1835,2
1836,0
1837,0
1839,1
1840,1
1841,1
1842,0
1843,2
1844,1
1845,1
1846,0
1847,1
1848,0
1849,0
1851,0
1852,4
1853,1
1855,1
1856,1
1857,3
1858,1
1859,1
1860,3
1861,1
1863,0
1864,1
1865,0
1866,1
1867,0
1868,0
1869,1
1870,1
1872,1
1873,2
1874,1
1875,5
1876,0
1877,0
1878,2
1880,1
1881,0
1882,3
1883,0
1884,0
1885,1
1886,1
1887,1
1888,0
1889,1
1890,0
1892,0
1894,0
1897,1
1898,1
1899,1
1900,1
1902,2
1903,0
1906,1
1907,0
1908,1
1909,3
1911,2
1912,1
1913,0
1914,1
1915,0
1916,0
1920,1
1921,1
1922,1
1923,2
1924,1
1925,0
1926,0
1927,0
1928,2
1929,2
1930,0
1932,4
1933,2
1935,0
1936,1
1937,0
1938,2
1939,0
1940,2
1941,0
1943,0
1944,2
1945,0
1946,1
1947,0
1948,1
1949,0
1950,1
1951,0
1952,1
1953,0
1954,1
1955,1
1956,2
1958,2
1959,0
1960,1
1961,0
1962,1
1963,1
1964,2
1965,3
1966,2
1967,3
1968,2
1969,1
1971,2
1972,1
1973,0
1974,1
1975,0
1976,1
1977,1
1978,2
1979,0
1980,2
1981,1
1982,1
1983,1
1985,2
1986,2
1987,3
1988,0
1989,0
1990,2
1991,3
1992,0
1993,1
1994,2
1995,2
1996,0
1997,2
1998,3
1999,2
2000,1
2001,0
2002,0
2003,1
2004,1
2005,0
2007,0
2008,0
2009,1
2010,1
2011,0
2012,1
2013,1
2014,0
2016,0
2017,2
2018,0
2019,2
2021,3
2022,2
2023,1
2024,2
2025,2
2026,0
2029,3
2030,0
2031,0
2032,1
2033,1
2034,1
2036,4
2037,2
2038,2
2039,1
2040,0
2041,0
2043,0
2044,0
2045,2
2046,1
2047,2
2048,0
2049,0
2050,1
2051,1
2052,1
2053,1
2054,1
2055,0
2056,2
2058,1
2059,0
2060,2
2062,1
2063,2
2064,1
2065,2
2068,0
2069,1
2070,1
2071,1
2072,1
2073,1
2074,1
2075,0
2076,1
2077,0
2078,3
2079,1
2080,0
2081,0
2082,0
2083,0
2084,0
2085,3
2086,0
2087,2
2088,1
2089,0
2090,0
2091,3
2092,1
2093,1
2094,1
2095,0
2096,0
2097,0
2098,2
2099,2
2100,1
2101,1
2102,0
2103,2
2104,0
2105,1
2106,0
2107,1
2108,1
2109,3
2110,1
2111,0
2112,0
2113,0
2114,1
2115,2
2117,4
2119,2
2121,0
2122,0
2126,1
2128,0
2129,2
2130,1
2131,0
2132,0
2133,0
2134,0
2135,1
2136,1
2137,1
2138,1
2139,0
2140,1
2141,1
2142,4
2143,0
2145,1
2146,1
2147,1
2148,1
2149,1
2151,1
2152,0
2153,0
2156,1
2157,3
2159,0
2160,1
2161,2
2162,0
2163,1
2164,2
2165,1
2166,1
2167,1
2168,0
2169,2
2170,1
2171,1
2172,2
2174,0
2175,1
2176,1
2177,1
2178,4
2179,1
2180,3
2181,1
2182,0
2183,1
2184,2
2185,1
2187,1
2188,0
2189,1
2190,3
2191,1
2192,2
2193,0
2194,1
2195,2
2196,0
2197,2
2198,1
2199,2
2200,4
2201,0
2202,1
2203,0
2204,1
2205,0
2206,0
2207,1
2208,2
2210,2
2211,1
2212,1
2213,1
2215,2
2217,1
2218,2
2219,2
2220,2
2221,1
2222,0
2224,0
2225,0
2226,0
2227,0
2229,1
2230,2
2231,1
2232,1
2233,0
2234,1
2235,0
2237,0
2239,1
2241,1
2242,0
2246,3
2247,1
2248,3
2249,1
2250,3
2251,1
2252,2
2253,0
2255,1
2256,1
2257,0
2258,0
2259,0
2260,4
2261,1
2262,1
2264,2
2265,1
2266,1
2268,3
2269,1
2270,2
2271,2
2272,0
2273,1
2274,2
2277,0
2278,1
2279,0
2280,1
2281,0
2283,1
2284,2
2285,0
2286,0
2287,1
2288,2
2289,3
2290,1
2292,0
2293,3
2294,2
2296,2
2297,1
2299,1
2300,0
2301,1
2302,1
2304,3
2305,1
2306,1
2307,2
2308,3
2310,1
2311,0
2312,0
2314,0
2315,1
2316,1
2317,2
2319,1
2320,0
2322,3
2323,2
2324,1
2325,1
2327,1
2328,2
2330,2
2331,0
2332,1
2333,0
2335,1
2336,0
2337,1
2338,1
2340,2
2342,1
2343,1
2344,1
2346,1
2347,2
2348,0
2349,1
2350,0
2351,0
2352,0
2353,2
2354,1
2355,1
2357,0
2358,1
2360,0
2362,2
2363,0
2364,2
2365,1
2366,2
2367,0
2368,2
2369,1
2370,1
2371,2
2372,1
2373,2
2374,1
2375,0
2377,4
2379,0
2380,1
2382,1
2383,1
2384,3
2386,2
2388,2
2389,2
2390,1
2391,1
2392,2
2393,1
2394,1
2395,2
2396,2
2397,2
2398,2
2399,0
2400,1
2401,1
2402,1
2403,2
2404,1
2405,2
2406,2
2408,0
2409,2
2411,0
2412,3
2413,2
2414,2
2415,0
2416,1
2417,0
2418,0
2419,1
2421,1
2422,0
2424,3
2426,1
2427,0
2428,1
2429,0
2430,2
2431,0
2432,3
2433,1
2434,1
2435,0
2436,1
2437,1
2438,1
2439,1
2440,3
2441,1
2442,2
2443,0
2444,0
2445,1
2446,2
2447,1
2448,0
2449,0
2450,0
2451,1
2452,2
2453,2
2454,2
2455,2
2456,1
2457,2
2458,2
2459,0
2460,1
2461,1
2462,2
2463,2
2464,1
2466,1
2467,1
2468,1
2470,1
2471,2
2472,1
2474,0
2475,1
2476,1
2477,2
2478,1
2479,0
2480,1
2481,0
2483,1
2484,3
2485,0
2486,1
2487,2
2488,1
2489,0
2490,2
2491,0
2493,1
2494,1
2496,0
2497,0
2498,1
2499,2
2500,2
2502,1
2503,2
2504,3
2505,1
2506,1
2507,2
2508,1
2509,1
2510,2
2511,1
2513,0
2514,0
2515,1
2516,1
2517,1
2518,1
2519,0
2520,1
2521,1
2522,0
2523,1
2524,0
2526,1
2527,0
2529,1
2531,1
2532,0
2534,0
2535,0
2536,2
2537,2
2538,0
2539,0
2540,0
2542,0
2543,1
2544,2
2545,1
2547,1
2548,2
2549,0
2550,1
2551,0
2552,1
2553,1
2554,0
2555,0
2556,2
2557,1
2559,0
2560,1
2561,1
2562,2
2563,0
2564,0
2565,1
2566,1
2567,0
2568,1
2569,0
2570,1
2571,2
2572,1
2573,1
2574,0
2575,0
2577,1
2578,1
2579,1
2580,2
2581,2
2582,0
2583,2
2584,1
2585,1
2586,0
2587,0
2588,0
2589,1
2590,0
2591,1
2592,3
2593,0
2594,1
2595,0
2598,1
2599,0
2600,1
2601,3
2602,0
2604,0
2605,1
2607,0
2610,1
2611,0
2612,0
2613,1
2614,2
2616,0
2617,1
2618,1
2621,0
2622,1
2623,4
2624,0
2625,0
2626,1
2627,1
2628,1
2630,2
2631,4
2632,1
2633,1
2634,3
2636,0
2637,1
2638,2
2639,1
2642,0
2643,1
2645,1
2647,1
2649,1
2650,2
2652,1
2653,1
2654,0
2655,1
2656,2
2657,0
2660,2
2662,2
2663,1
2664,0
2665,2
2666,0
2667,0
2668,0
2669,0
2670,1
2671,1
2672,1
2673,2
2674,1
2677,2
2678,0
2679,1
2680,1
2681,1
2682,4
2684,0
2685,2
2686,0
2687,1
2688,0
2689,4
2690,0
2691,2
2692,2
2693,1
2694,2
2695,2
2696,1
2697,2
2698,0
2699,0
2700,2
2701,0
2702,0
2704,0
2705,0
2707,0
2708,5
2709,0
2710,1
2711,1
2712,0
2713,1
2714,2
2715,0
2716,0
2717,0
2718,0
2719,0
2721,2
2723,4
2724,2
2725,0
2726,0
2728,3
2730,2
2731,3
2732,1
2733,0
2734,1
2735,2
2736,1
2737,1
2739,0
2740,0
2741,1
2742,3
2743,0
2744,1
2745,1
2746,1
2749,1
2750,1
2751,3
2752,1
2753,1
2754,1
2755,1
2756,0
2757,0
2758,1
2759,0
2761,0
2762,1
2763,1
2765,2
2766,3
2767,0
2768,0
2769,1
2771,1
2772,1
2773,0
2775,3
2776,1
2778,2
2779,1
2780,1
2781,2
2782,4
2783,3
2784,2
2785,2
2786,1
2787,2
2788,1
2789,4
2790,1
2792,2
2793,2
2794,0
2795,1
2796,1
2797,0
2798,0
2799,1
2800,0
2801,4
2802,1
2803,4
2804,0
2805,1
2806,1
2807,1
2808,0
2809,1
2810,1
2811,2
2812,1
2814,1
2815,1
2816,0
2817,1
2818,0
2819,0
2820,2
2821,1
2822,2
2823,0
2825,0
2826,1
2828,0
2829,0
2830,1
2832,1
2833,1
2834,1
2835,1
2837,1
2839,1
2840,1
2841,1
2842,0
2843,1
2844,1
2845,2
2846,2
2848,0
2850,0
2851,2
2852,1
2853,1
2854,1
2855,1
2856,3
2857,1
2858,2
2860,1
2861,1
2862,2
2863,1
2864,3
2866,0
2868,0
2869,2
2870,0
2871,1
2872,3
2873,0
2874,0
2875,0
2876,1
2877,1
2878,3
2879,0
2880,1
2881,1
2882,0
2883,1
2884,0
2885,1
2886,1
2887,1
2889,1
2890,0
2891,1
2892,1
2893,0
2894,3
2895,1
2897,2
2898,0
2900,1
2901,0
2902,1
2903,2
2904,1
2905,0
2906,2
2907,0
2908,2
2909,3
2911,0
2912,2
2913,1
2914,0
2915,0
2916,3
2917,2
2918,0
2919,1
2920,0
2921,1
2922,1
2923,0
2924,1
2925,2
2927,2
2928,1
2929,3
2930,1
2932,0
2933,1
2934,0
2935,0
2936,1
2937,0
2940,1
2941,1
2942,2
2943,0
2944,1
2945,1
2946,0
2947,1
2949,3
2950,1
2952,2
2953,3
2954,3
2955,1
2956,1
2957,1
2958,0
2959,2
2960,0
2961,0
2962,0
2963,1
2964,0
2965,2
2966,1
2967,1
2968,2
2970,1
2971,2
2972,1
2973,2
2974,1
2975,1
2976,1
2977,0
2978,2
2979,0
2980,0
2982,1
2985,0
2987,1
2988,1
2989,2
2990,1
2991,1
2992,2
2994,1
2995,1
2996,2
2997,1
2998,1
2999,1
3000,2
3001,1
3002,2
3005,0
3006,1
3007,2
3009,4
3010,5
3011,1
3012,2
3013,1
3014,1
3015,0
3016,0
3017,0
3018,0
3019,2
3020,0
3021,1
3023,1
3025,4
3026,0
3028,3
3030,1
3031,3
3032,4
3033,1
3034,1
3035,1
3036,2
3037,1
3038,1
3039,2
3040,1
3041,0
3043,2
3044,1
3045,0
3046,1
3047,2
3048,3
3049,2
3050,2
3051,3
3052,0
3053,5
3054,1
3055,2
3056,2
3058,2
3060,0
3061,0
3062,1
3063,1
3064,0
3065,1
3066,2
3067,1
3068,1
3069,2
3070,3
3071,1
3072,1
3073,2
3074,1
3075,2
3076,3
3077,2
3078,2
3079,1
3080,1
3081,2
3082,0
3083,2
3084,2
3088,0
3089,1
3090,1
3091,1
3092,0
3093,3
3094,1
3095,1
3096,1
3097,0
3098,1
3099,0
3100,2
3101,2
3102,1
3103,3
3104,1
3105,1
3106,1
3107,4
3108,2
3110,1
3112,2
3113,2
3115,0
3116,0
3117,0
3118,2
3119,0
3120,3
3121,2
3122,0
3123,1
3125,0
3126,0
3127,1
3128,0
3129,0
3130,1
3132,5
3133,4
3134,3
3135,2
3136,0
3137,0
3138,1
3139,2
3141,1
3142,1
3143,2
3145,2
3146,1
3147,1
3148,1
3149,1
3150,2
3152,1
3153,0
3154,1
3155,1
3156,3
3157,3
3158,0
3159,3
3162,1
3163,2
3164,1
3165,0
3166,1
3167,1
3168,2
3169,1
3170,0
3171,0
3172,2
3173,1
3174,2
3175,5
3176,0
3177,2
3178,0
3179,1
3180,1
3181,1
3182,1
3183,1
3184,3
3185,0
3186,1
3187,1
3188,1
3189,1
3190,0
3191,1
3192,2
3193,1
3196,1
3197,0
3198,3
3199,1
3200,0
3201,0
3203,1
3205,0
3206,1
3207,1
3208,1
3209,1
3210,0
3211,1
3212,1
3214,5
3215,1
3217,3
3218,2
3219,2
3220,0
3221,1
3222,3
3225,1
3226,1
3227,1
3228,0
3230,0
3231,2
3232,1
3233,1
3234,3
3235,0
3236,1
3237,2
3238,2
3239,1
3240,1
3241,3
3242,1
3243,1
3244,0
3245,1
3246,1
3247,1
3248,1
3249,0
3251,0
3252,1
3254,1
3255,1
3256,0
3257,1
3258,5
3259,2
3260,0
3261,2
3262,3
3263,2
3264,2
3265,1
3266,2
3268,1
3269,0
3270,0
3272,1
3273,1
3274,0
3275,1
3276,3
3277,0
3278,0
3279,2
3280,2
3282,0
3283,0
3284,0
3285,1
3286,1
3287,1
3289,2
3290,1
3291,2
3292,1
3294,3
3295,1
3296,2
3297,1
3298,2
3299,1
3300,0
3303,1
3304,2
3305,1
3306,2
3307,2
3308,1
3309,2
3311,2
3312,1
3313,1
3314,0
3315,1
3317,2
3318,1
3320,0
3322,0
3323,0
3324,2
3325,2
3326,2
3327,2
3328,0
3329,1
3330,1
3331,4
3332,2
3333,0
3334,1
3335,3
3336,1
3337,1
3338,1
3339,2
3340,0
3341,2
3342,0
3343,0
3344,3
3345,2
3346,1
3347,0
3348,0
3349,0
3351,1
3352,1
3353,1
3354,1
3355,1
3356,0
3357,1
3358,2
3359,2
3360,0
3362,2
3363,1
3364,1
3365,1
3366,3
3367,1
3368,1
3369,1
3370,1
3372,1
3373,1
3374,1
3375,1
3376,0
3377,4
3379,2
3380,1
3381,0
3382,0
3384,3
3385,0
3386,0
3387,1
3388,1
3390,0
3391,2
3392,0
3393,0
3394,1
3395,1
3396,2
3397,2
3398,1
3399,0
3400,2
3402,0
3403,2
3404,3
3405,1
3406,2
3407,1
3409,1
3410,1
3411,3
3412,1
3413,2
3414,0
3415,2
3416,1
3418,1
3419,0
3423,1
3424,2
3425,1
3426,1
3427,0
3430,2
3431,1
3432,2
3433,2
3434,2
3435,3
3436,4
3437,1
3438,0
3439,0
3440,1
3441,2
3442,2
3444,2
3446,0
3448,1
3449,0
3450,3
3451,2
3452,0
3453,1
3454,3
3455,0
3456,1
3458,2
3459,2
3462,0
3463,2
3464,1
3465,2
3466,1
3467,4
3468,0
3470,3
3471,1
3472,0
3473,0
3474,2
3475,1
3476,1
3477,1
3478,1
3479,2
3480,3
3481,3
3484,2
3485,1
3486,2
3487,0
3488,1
3489,0
3490,0
3493,0
3495,2
3496,3
3497,1
3498,0
3499,0
3500,1
3501,0
3502,1
3503,0
3505,2
3506,2
3507,0
3509,0
3510,2
3511,1
3513,4
3514,1
3515,1
3517,0
3519,1
3520,2
3521,2
3522,2
3523,2
3525,1
3526,1
3527,1
3528,2
3529,2
3530,1
3531,2
3532,0
3533,1
3534,0
3535,0
3536,1
3537,1
3538,1
3539,1
3540,1
3542,1
3543,2
3544,1
3545,1
3546,1
3547,0
3548,0
3549,3
3550,1
3551,2
3554,0
3555,2
3556,0
3557,1
3558,0
3559,2
3560,1
3561,1
3562,2
3563,1
3564,0
3565,1
3566,2
3567,1
3568,3
3569,2
3570,1
3572,1
3573,1
3574,1
3575,1
3576,2
3577,1
3578,1
3581,2
3582,0
3583,1
3584,1
3585,3
3586,1
3587,1
3589,0
3590,0
3591,1
3593,1
3594,1
3595,1
3596,1
3597,0
3598,2
3600,2
3601,5
3602,1
3603,0
3604,1
3605,0
3606,1
3607,0
3608,2
3609,0
3610,3
3611,2
3612,1
3613,0
3614,1
3616,1
3617,2
3618,2
3619,0
3620,1
3621,0
3623,1
3624,0
3625,0
3626,0
3628,0
3629,1
3630,1
3632,3
3634,2
3635,0
3636,0
3637,0
3638,1
3639,1
3640,1
3641,1
3642,1
3643,1
3644,2
3645,2
3646,0
3647,2
3648,1
3649,1
3651,2
3652,2
3653,0
3655,1
3657,2
3658,1
3660,1
3661,0
3662,0
3663,1
3665,1
3667,1
3668,2
3669,1
3670,3
3671,1
3672,3
3673,0
3674,0
3675,0
3677,0
3678,1
3679,0
3680,1
3681,0
3682,2
3683,0
3684,2
3685,0
3687,0
3688,2
3690,0
3691,2
3692,2
3693,1
3694,0
3695,0
3696,2
3697,2
3698,1
3699,2
3700,2
3701,0
3702,2
3703,1
3704,3
3705,1
3706,0
3707,0
3708,1
3709,0
3710,1
3711,3
3712,1
3713,0
3714,4
3715,1
3716,2
3717,1
3718,1
3719,1
3720,2
3721,1
3722,3
3723,1
3724,1
3725,1
3726,0
3727,2
3728,2
3729,1
3731,1
3732,0
3733,1
3734,1
3736,3
3737,2
3739,0
3742,0
3743,1
3744,1
3745,1
3746,2
3747,2
3748,1
3750,1
3752,0
3753,2
3754,1
3755,3
3756,2
3759,1
3760,1
3761,1
3762,1
3763,0
3764,0
3765,1
3766,1
3767,3
3769,1
3770,2
3771,0
3772,0
3775,1
3776,3
3777,2
3778,1
3779,1
3780,1
3781,0
3782,1
3783,0
3784,4
3786,1
3788,1
3789,1
3791,2
3792,0
3793,2
3794,1
3795,1
3796,1
3798,2
3799,1
3800,2
3801,2
3802,1
3803,0
3804,2
3805,1
3806,2
3807,2
3808,1
3809,3
3810,0
3811,1
3812,0
3813,0
3814,0
3815,1
3817,2
3818,3
3819,1
3820,1
3821,2
3822,1
3823,2
3824,0
3825,1
3826,1
3827,1
3828,0
3829,0
3830,1
3831,1
3832,0
3833,1
3834,1
3835,3
3836,1
3837,1
3838,2
3839,2
3840,1
3841,0
3842,1
3843,0
3844,2
3845,0
3846,3
3847,2
3848,0
3849,2
3850,1
3851,0
3852,1
3853,0
3855,0
3856,1
3858,0
3860,1
3861,0
3862,1
3863,2
3864,1
3865,2
3866,1
3867,1
3868,0
3869,0
3870,1
3871,2
3872,1
3873,0
3874,1
3875,1
3876,2
3877,0
3880,0
3881,0
3882,0
3883,3
3884,1
3885,1
3886,1
3887,1
3888,1
3889,0
3890,3
3891,1
3892,1
3893,0
3894,0
3897,3
3899,0
3900,1
3901,1
3902,0
3903,1
3904,1
3905,0
3907,1
3908,1
3909,2
3910,3
3911,1
3912,1
3914,1
3915,1
3917,1
3918,3
3919,1
3921,1
3923,3
3924,1
3925,2
3926,1
3927,4
3928,0
3929,1
3931,1
3932,3
3933,2
3934,1
3936,2
3937,3
3938,2
3939,0
3941,0
3942,2
3944,0
3945,0
3946,1
3947,1
3948,0
3949,1
3950,2
3951,1
3953,2
3954,3
3955,2
3956,1
3957,1
3958,1
3959,1
3960,0
3961,1
3962,1
3963,0
3964,1
3965,2
3966,1
3967,1
3968,0
3969,2
3970,0
3972,2
3973,3
3974,0
3975,1
3978,0
3979,0
3980,0
3982,2
3983,1
3984,2
3985,2
3986,2
3987,2
3988,1
3990,1
3991,2
3992,1
3993,1
3994,1
3995,0
3996,3
3997,1
3999,1
4000,0
4001,2
4002,0
4003,1
4004,1
4005,0
4006,2
4007,0
4008,1
4009,1
4010,2
4011,0
4012,1
4013,2
4014,2
4015,3
4016,3
4018,2
4019,3
4020,0
4021,1
4022,2
4024,1
4025,1
4026,1
4027,0
4028,1
4029,3
4030,0
4031,2
4032,1
4033,0
4034,2
4036,3
4037,1
4038,1
4039,3
4040,1
4041,0
4042,0
4043,0
4044,1
4045,3
4046,2
4048,3
4049,0
4050,4
4051,0
4052,0
4053,1
4054,0
4055,0
4056,1
4057,2
4059,0
4060,3
4061,1
4062,1
4063,2
4064,2
4065,1
4066,0
4067,1
4068,3
4069,1
4070,1
4071,1
4072,1
4073,3
4074,1
4075,2
4076,1
4078,3
4079,1
4081,2
4082,0
4083,2
4084,1
4085,1
4086,5
4087,1
4089,0
4090,0
4091,0
4092,0
4093,4
4095,2
4096,2
4097,3
4098,0
4099,1
4100,2
4101,2
4102,1
4103,0
4104,2
4105,0
4106,1
4107,1
4108,1
4109,0
4111,1
4112,0
4114,1
4115,6
4116,2
4117,0
4118,0
4119,1
4120,1
4121,0
4122,3
4123,0
4124,2
4125,2
4127,1
4128,1
4129,2
4130,3
4131,3
4133,1
4134,1
4135,2
4136,0
4137,4
4138,1
4139,1
4140,0
4141,1
4142,2
4143,1
4144,2
4145,1
4147,1
4149,0
4150,1
4151,1
4152,1
4153,0
4155,0
4156,0
4157,4
4158,1
4159,1
4160,1
4161,0
4162,1
4163,2
4164,2
4166,1
4167,1
4168,2
4169,1
4170,2
4171,1
4173,1
4176,2
4177,1
4179,3
4180,1
4181,3
4182,5
4183,2
4184,1
4185,0
4186,1
4187,1
4188,1
4189,0
4190,2
4191,0
4192,1
4193,0
4194,1
4195,1
4197,1
4198,1
4199,1
4200,2
4201,0
4202,0
4203,1
4204,3
4206,1
4207,2
4208,1
4209,3
4211,1
4212,0
4213,1
4214,1
4216,2
4217,0
4220,3
4221,0
4222,1
4223,3
4224,2
4225,0
4226,1
4227,3
4229,0
4230,2
4232,1
4233,0
4234,2
4235,4
4236,1
4237,1
4238,1
4239,1
4240,2
4241,0
4242,2
4243,0
4244,0
4245,0
4246,0
4247,4
4248,2
4249,0
4253,2
4254,0
4255,2
4256,2
4257,0
4258,1
4259,0
4261,2
4262,0
4263,2
4264,4
4265,1
4266,2
4267,2
4268,1
4269,1
4270,1
4271,0
4272,0
4273,0
4274,1
4275,1
4276,2
4277,1
4278,1
4279,2
4280,3
4281,3
4282,0
4283,1
4284,2
4286,1
4287,1
4288,1
4289,2
4290,3
4291,0
4292,2
4293,2
4296,3
4297,3
4298,1
4299,0
4300,0
4301,2
4302,1
4306,2
4308,0
4309,2
4310,0
4311,1
4312,2
4313,0
4314,0
4315,1
4316,0
4317,2
4318,0
4319,3
4320,1
4321,1
4322,1
4323,0
4324,1
4325,0
4326,0
4327,1
4328,1
4329,2
4330,0
4331,2
4332,1
4333,1
4334,1
4335,2
4336,2
4337,3
4338,0
4339,1
4340,1
4341,0
4342,1
4344,1
4345,1
4346,0
4347,0
4348,0
4350,1
4351,1
4352,0
4355,1
4356,2
4357,1
4358,1
4359,0
4360,0
4361,1
4362,1
4363,2
4364,2
4365,2
4366,4
4367,0
4368,3
4369,0
4370,1
4371,1
4372,1
4373,0
4374,2
4375,1
4376,3
4377,0
4378,3
4379,0
4380,1
4381,1
4382,3
4383,1
4384,1
4385,3
4387,2
4388,2
4389,0
4390,0
4391,1
4392,1
4394,0
4395,1
4397,0
4398,2
4399,2
4400,1
4401,0
4403,2
4407,1
4408,1
4409,0
4410,1
4411,1
4412,0
4413,3
4414,2
4415,0
4417,1
4418,0
4419,1
4420,2
4422,3
4423,2
4424,1
4426,1
4427,2
4428,1
4429,2
4430,0
4431,2
4432,2
4434,2
4435,0
4436,1
4437,2
4438,1
4439,2
4440,2
4443,3
4444,1
4445,0
4446,4
4448,5
4449,2
4450,0
4451,2
4452,1
4453,3
4454,1
4455,0
4456,1
4457,1
4458,1
4459,0
4460,0
4461,0
4462,1
4463,1
4464,0
4465,1
4466,1
4467,2
4469,0
4470,1
4471,0
4473,1
4474,2
4475,2
4476,3
4477,1
4478,0
4479,2
4482,0
4484,2
4485,0
4486,1
4488,2
4489,1
4490,0
4491,3
4493,1
4494,1
4495,2
4496,3
4498,0
4499,0
4500,1
4501,2
4502,1
4503,1
4504,0
4505,2
4506,1
4507,0
4508,1
4509,1
4510,1
4511,4
4512,2
4514,2
4516,2
4517,1
4519,3
4521,2
4522,1
4523,1
4524,0
4525,2
4526,0
4528,1
4529,0
4530,1
4531,0
4533,0
4534,2
4535,0
4536,1
4537,0
4538,1
4539,0
4540,1
4541,1
4542,2
4544,0
4545,1
4546,0
4547,1
4548,1
4549,2
4550,0
4551,0
4552,1
4553,1
4554,1
4555,1
4556,0
4557,0
4558,1
4559,0
4560,2
4561,0
4562,0
4563,2
4564,2
4565,0
4566,2
4567,1
4568,5
4569,0
4571,1
4572,1
4573,1
4574,2
4575,2
4576,3
4577,1
4579,1
4580,1
4581,1
4582,2
4583,0
4584,1
4585,0
4586,1
4587,0
4588,3
4589,1
4590,0
4591,3
4593,2
4595,1
4596,2
4597,2
4598,1
4599,1
4600,1
4601,1
4602,3
4603,0
4604,1
4605,1
4606,1
4607,1
4608,1
4609,1
4610,3
4611,2
4613,2
4614,1
4615,1
4616,0
4619,1
4620,1
4621,2
4622,0
4623,1
4624,1
4625,1
4626,0
4627,1
4628,0
4629,2
4630,2
4631,0
4632,3
4633,0
4634,1
4635,0
4637,1
4638,0
4639,0
4640,1
4641,0
4643,1
4644,0
4645,2
4646,0
4647,1
4648,1
4649,1
4650,0
4652,1
4653,0
4654,1
4655,1
4656,1
4657,1
4658,1
4659,0
4660,2
4661,3
4662,2
4663,2
4665,2
4666,1
4667,2
4668,2
4669,1
4670,1
4671,1
4672,1
4673,1
4674,0
4675,2
4679,1
4680,1
4681,0
4682,1
4683,1
4684,1
4685,3
4686,1
4687,0
4688,2
4689,1
4690,1
4691,3
4692,3
4693,0
4694,1
4695,1
4696,2
4697,1
4698,0
4699,0
4701,0
4702,2
4703,0
4704,2
4705,1
4706,4
4707,0
4708,0
4709,2
4710,2
4711,2
4712,0
4713,2
4714,1
4717,2
4718,1
4719,1
4721,1
4722,1
4724,0
4725,0
4726,2
4727,4
4728,0
4729,3
4730,1
4731,1
4732,2
4733,1
4734,1
4735,0
4736,0
4737,1
4738,1
4739,0
4740,1
4742,3
4743,2
4744,1
4745,1
4746,2
4747,3
4749,2
4750,1
4751,1
4752,0
4753,2
4754,1
4755,1
4757,0
4758,1
4759,2
4760,0
4761,1
4762,0
4763,4
4764,1
4765,1
4766,1
4767,0
4768,1
4769,1
4770,1
4771,1
4772,3
4773,1
4774,1
4775,2
4776,1
4777,1
4778,1
4779,3
4781,1
4782,1
4783,1
4784,2
4786,1
4787,2
4788,1
4789,4
4790,1
4792,0
4793,1
4794,0
4795,1
4796,2
4797,1
4798,0
4799,1
4800,2
4802,1
4803,2
4804,0
4805,1
4806,4
4807,2
4808,1
4809,0
4810,1
4812,2
4813,0
4814,1
4815,2
4816,4
4817,1
4818,1
4819,1
4820,1
4822,1
4823,2
4824,2
4825,2
4826,1
4827,0
4828,1
4829,3
4830,1
4831,0
4832,0
4833,1
4834,1
4835,0
4837,1
4838,1
4839,2
4840,0
4841,1
4843,1
4844,1
4845,1
4846,0
4847,1
4848,0
4849,1
4850,0
4851,1
4852,3
4853,1
4854,1
4856,0
4857,1
4858,0
4859,2
4860,2
4861,1
4862,2
4863,1
4864,2
4865,1
4866,1
4867,1
4868,2
4870,2
4871,1
4872,0
4873,1
4874,2
4875,2
4877,1
4878,1
4879,0
4880,0
4882,1
4883,1
4884,0
4885,1
4886,3
4887,0
4888,1
4889,2
4890,2
4891,2
4893,2
4894,3
4895,2
4896,2
4897,2
4898,0
4899,1
4900,2
4902,2
4903,1
4904,1
4905,0
4906,2
4907,2
4908,3
4909,1
4910,2
4912,1
4914,1
4915,2
4917,1
4918,2
4919,1
4920,2
4921,1
4922,0
4923,0
4924,2
4925,0
4926,2
4927,4
4928,2
4929,2
4931,2
4932,0
4933,1
4934,1
4937,1
4938,2
4939,1
4941,2
4943,0
4944,1
4945,1
4946,0
4947,1
4948,1
4949,0
4950,1
4951,2
4952,2
4953,0
4954,1
4955,2
4956,1
4957,1
4958,0
4959,2
4960,2
4961,1
4962,1
4963,1
4964,2
4965,1
4966,1
4967,2
4968,2
4969,0
4970,1
4971,1
4972,0
4973,2
4974,1
4975,0
4976,0
4977,0
4978,0
4979,2
4980,0
4981,1
4982,1
4983,1
4984,1
4985,1
4986,1
4988,1
4989,1
4990,1
4991,2
4992,2
4995,2
4996,1
4997,2
4998,2
4999,1
5000,0
5002,2
5003,2
5004,0
5005,2
5006,1
5007,0
5008,3
5009,1
5011,0
5012,2
5013,1
5014,2
5015,2
5016,1
5017,4
5018,1
5019,1
5020,2
5021,0
5022,4
5023,2
5024,1
5025,0
5026,0
5027,4
5028,1
5029,0
5031,2
5032,0
5033,1
5034,4
5035,2
5037,0
5038,0
5039,0
5040,1
5041,0
5042,0
5043,3
5044,2
5045,1
5046,1
5047,0
5049,2
5050,1
5051,1
5052,1
5053,1
5054,3
5055,1
5056,1
5057,0
5058,1
5059,0
5062,1
5063,3
5064,2
5065,3
5066,2
5067,0
5068,1
5070,0
5071,2
5072,1
5074,0
5075,1
5076,1
5077,1
5078,2
5079,1
5081,1
5082,2
5083,2
5084,3
5085,0
5087,1
5088,2
5091,2
5092,0
5093,2
5094,1
5096,1
5097,1
5098,2
5099,1
5100,1
5101,1
5102,2
5103,2
5104,1
5106,1
5107,1
5108,2
5109,1
5110,2
5111,1
5112,2
5114,1
5115,2
5117,1
5118,0
5119,0
5120,2
5121,0
5122,1
5123,0
5124,1
5125,0
5127,1
5128,1
5129,1
5130,2
5131,2
5132,0
5133,1
5134,1
5135,1
5136,1
5138,0
5140,2
5141,3
5142,3
5143,2
5144,1
5145,1
5146,1
5147,0
5148,0
5149,0
5150,1
5152,0
5153,2
5154,3
5155,0
5156,1
5157,2
5158,1
5159,1
5160,2
5162,1
5163,1
5164,2
5165,1
5166,0
5167,2
5168,0
5169,1
5170,0
5171,2
5173,1
5174,3
5175,0
5176,0
5177,0
5178,1
5179,2
5180,1
5181,2
5182,3
5183,3
5184,1
5185,1
5186,1
5187,0
5188,0
5189,2
5190,1
5191,2
5192,1
5193,2
5194,0
5195,0
5196,0
5198,1
5199,0
5200,1
5201,0
5203,0
5204,1
5205,3
5207,0
5208,1
5209,1
5210,0
5211,2
5212,0
5214,1
5216,1
5217,0
5218,1
5220,1
5221,0
5222,1
5223,2
5224,2
5225,0
5226,3
5227,0
5228,1
5230,1
5231,0
5232,1
5233,1
5234,1
5235,0
5236,0
5237,3
5238,1
5239,1
5240,0
5241,2
5242,2
5243,1
5244,0
5245,0
5246,1
5247,0
5248,2
5249,1
5250,1
5251,3
5252,0
5254,1
5255,0
5256,1
5257,0
5258,1
5259,2
5260,1
5261,2
5262,0
5263,2
5264,1
5265,2
5266,4
5267,1
5268,0
5269,0
5271,2
5272,1
5273,3
5274,1
5275,0
5277,1
5278,3
5280,0
5281,2
5282,0
5283,1
5284,0
5285,1
5286,1
5287,0
5288,1
5289,1
5290,2
5291,1
5292,0
5293,1
5294,1
5295,0
5296,2
5297,1
5298,0
5299,0
5300,2
5301,3
5302,2
5303,0
5304,0
5305,1
5306,2
5307,0
5308,0
5309,2
5310,0
5311,0
5312,2
5313,2
5314,0
5315,1
5316,1
5317,3
5318,1
5319,1
5320,0
5321,0
5322,1
5323,1
5324,2
5325,0
5326,1
5327,0
5328,1
5329,1
5330,1
5332,0
5333,0
5334,1
5335,3
5336,1
5338,0
5339,1
5340,2
5341,1
5342,0
5343,0
5344,1
5345,2
5346,0
5347,2
5349,2
5350,0
5351,1
5352,0
5353,1
5354,1
5355,1
5356,1
5357,1
5358,1
5359,3
5360,2
5361,2
5362,1
5363,2
5364,1
5366,2
5367,1
5368,0
5369,2
5370,0
5371,1
5372,0
5373,1
5374,1
5376,3
5377,0
5378,2
5379,0
5381,0
5382,1
5383,1
5384,0
5385,3
5386,0
5388,0
5389,1
5390,0
5391,0
5392,2
5393,0
5395,1
5396,1
5397,1
5398,0
5400,1
5401,2
5402,1
5403,1
5404,2
5405,0
5406,3
5407,0
5408,2
5409,4
5410,1
5413,0
5414,2
5415,1
5416,2
5417,1
5418,2
5420,3
5421,0
5422,1
5423,0
5424,2
5425,1
5426,0
5427,1
5428,2
5429,2
5431,1
5432,1
5433,0
5434,1
5435,0
5436,1
5437,1
5438,1
5440,0
5441,1
5442,4
5443,1
5444,0
5445,1
5446,0
5447,2
5448,0
5449,1
5450,1
5451,0
5452,1
5454,2
5455,1
5456,2
5457,3
5458,2
5459,2
5460,2
5462,2
5463,1
5464,1
5465,1
5466,1
5467,1
5468,2
5469,2
5470,2
5471,0
5472,0
5475,0
5476,0
5477,1
5478,2
5479,1
5480,1
5481,0
5482,3
5483,2
5484,1
5486,1
5487,1
5488,1
5489,0
5490,3
5491,0
5492,0
5494,0
5495,0
5496,0
5497,2
5499,1
5500,1
5501,1
5502,1
5504,2
5505,0
5506,1
5507,1
5508,0
5509,0
5510,3
5511,3
5513,1
5514,2
5515,3
5517,1
5518,2
5519,1
5520,1
5521,1
5522,1
5523,0
5524,0
5525,4
5526,0
5527,2
5528,1
5530,0
5531,0
5532,1
5534,3
5536,1
5537,0
5538,1
5539,2
5540,3
5541,1
5542,1
5543,0
5544,2
5545,1
5546,0
5547,1
5548,1
5549,1
5550,2
5551,2
5552,1
5554,2
5555,1
5556,1
5557,2
5558,2
5559,1
5560,2
5561,1
5562,1
5563,0
5564,0
5565,3
5567,1
5568,0
5569,0
5570,1
5571,0
5572,1
5573,1
5574,1
5575,0
5577,1
5578,1
5579,1
5580,0
5581,1
5582,0
5583,1
5584,1
5585,1
5587,1
5588,3
5589,2
5590,3
5591,2
5592,0
5593,0
5594,0
5595,2
5596,1
5597,1
5598,0
5599,0
5601,1
5602,1
5604,0
5605,0
5606,0
5608,2
5609,1
5610,2
5611,3
5614,0
5615,1
5617,1
5618,1
5620,1
5621,1
5622,3
5623,2
5624,0
5625,0
5626,0
5627,2
5629,1
5630,1
5631,1
5632,3
5633,1
5634,2
5635,3
5636,2
5638,0
5639,1
5640,0
5641,1
5642,0
5643,1
5645,1
5646,0
5647,1
5648,2
5649,1
5650,0
5651,3
5652,0
5653,1
5654,1
5656,2
5657,4
5658,0
5660,1
5663,1
5664,0
5665,1
5666,2
5668,0
5669,1
5670,0
5672,2
5673,1
5674,1
5675,1
5676,1
5677,2
5678,1
5679,1
5680,3
5682,1
5683,0
5684,1
5686,1
5687,2
5688,3
5689,0
5690,1
5691,2
5692,2
5693,2
5694,1
5695,0
5696,1
5697,2
5699,1
5700,1
5701,2
5702,2
5703,0
5704,1
5705,1
5706,0
5707,3
5708,1
5710,1
5711,2
5712,0
5713,0
5714,1
5715,1
5717,1
5718,0
5719,1
5720,1
5721,1
5722,1
5724,2
5725,1
5726,2
5727,1
5729,1
5730,1
5732,2
5733,1
5734,1
5735,0
5736,1
5737,0
5738,1
5739,1
5740,0
5741,1
5742,1
5743,1
5745,1
5746,1
5747,2
5748,0
5749,0
5751,4
5752,1
5753,2
5754,0
5755,0
5756,1
5757,0
5758,2
5759,0
5760,1
5761,1
5762,1
5764,0
5765,1
5766,0
5767,2
5768,0
5769,1
5770,2
5771,0
5773,1
5774,1
5775,1
5776,1
5777,1
5778,2
5779,0
5780,2
5781,4
5782,1
5783,1
5785,2
5786,2
5787,0
5788,0
5790,0
5791,0
5792,1
5794,1
5795,1
5796,2
5797,1
5798,2
5799,0
5800,1
5801,2
5802,0
5803,1
5804,1
5805,2
5806,2
5807,0
5808,1
5809,2
5810,1
5811,0
5812,1
5813,0
5814,2
5815,1
5816,1
5817,1
5818,2
5819,0
5820,1
5821,1
5822,0
5823,1
5824,0
5825,1
5826,2
5827,2
5828,2
5829,0
5830,0
5831,0
5833,2
5834,0
5835,1
5836,1
5837,1
5838,1
5839,1
5840,2
5841,1
5842,1
5843,1
5844,1
5845,1
5846,0
5847,5
5849,2
5850,2
5851,1
5853,1
5854,1
5855,1
5856,3
5857,1
5858,1
5859,2
5860,2
5861,2
5862,1
5865,1
5866,1
5867,4
5869,2
5870,0
5871,2
5872,0
5873,1
5874,3
5875,1
5876,2
5877,2
5878,1
5879,2
5880,4
5881,3
5882,2
5883,1
5884,1
5887,1
5888,0
5889,1
5890,1
5891,0
5892,3
5893,1
5894,0
5895,0
5896,0
5898,2
5899,2
5900,0
5901,0
5902,1
5903,2
5904,1
5905,1
5906,1
5907,1
5908,0
5909,1
5910,1
5911,0
5912,0
5913,1
5914,1
5915,0
5916,2
5917,1
5918,0
5919,1
5920,1
5921,2
5922,1
5928,0
5930,2
5931,1
5932,4
5933,2
5934,1
5935,0
5936,0
5937,1
5939,1
5940,1
5941,2
5942,2
5943,1
5944,1
5945,1
5946,2
5948,3
5949,1
5951,2
5953,1
5954,0
5955,3
5956,1
5957,2
5958,2
5959,1
5960,2
5961,2
5962,2
5963,2
5964,3
5965,3
5966,1
5967,1
5968,1
5969,1
5970,1
5971,2
5972,0
5973,0
5974,1
5976,1
5977,1
5978,0
5979,0
5980,0
5981,1
5982,1
5983,1
5984,1
5985,2
5986,1
5987,1
5988,1
5989,1
5991,2
5992,1
5993,1
5995,1
5996,0
5997,3
5998,3
5999,2
6000,0
6001,1
6002,1
6003,0
6004,1
6005,2
6006,1
6007,2
6008,1
6009,0
6010,1
6011,1
6012,2
6013,1
6014,2
6015,1
6016,1
6017,0
6018,2
6019,0
6021,1
6022,1
6023,3
6024,4
6025,1
6026,3
6027,1
6028,1
6029,1
6031,1
6032,2
6033,2
6034,1
6035,1
6036,0
6037,2
6038,2
6039,0
6040,1
6041,2
6042,1
6044,1
6045,2
6046,1
6047,1
6048,3
6049,1
6050,0
6051,0
6052,2
6053,1
6054,1
6055,1
6056,1
6057,0
6058,0
6059,1
6060,1
6061,3
6062,0
6064,1
6065,0
6066,0
6067,0
6068,1
6069,0
6071,0
6072,0
6075,3
6078,2
6079,1
6080,3
6081,4
6082,1
6083,0
6084,1
6085,0
6086,1
6087,1
6088,0
6089,1
6092,1
6093,2
6094,1
6095,1
6096,2
6097,1
6099,1
6100,0
6102,1
6103,1
6104,1
6105,1
6106,2
6107,1
6108,1
6109,2
6110,0
6111,1
6112,0
6114,4
6115,2
6116,0
6117,1
6118,0
6119,2
6120,1
6121,1
6122,1
6123,2
6124,1
6126,1
6127,2
6128,0
6130,1
6131,3
6132,0
6134,3
6135,2
6140,2
6141,2
6143,2
6144,1
6145,4
6146,1
6148,1
6149,1
6150,1
6151,1
6152,3
6154,1
6155,0
6156,2
6157,0
6158,0
6159,3
6161,1
6162,0
6163,0
6165,2
6166,0
6167,3
6168,1
6170,1
6171,1
6172,1
6173,1
6175,0
6178,1
6179,1
6180,0
6181,1
6182,0
6183,0
6184,0
6185,1
6186,1
6187,1
6188,1
6189,3
6190,1
6191,0
6192,1
6193,0
6195,1
6196,1
6197,1
6199,1
6200,1
6201,3
6202,1
6203,3
6204,0
6205,1
6206,0
6207,0
6208,1
6209,1
6210,1
6211,0
6212,2
6213,0
6214,3
6215,1
6216,1
6217,2
6218,2
6219,1
6220,0
6221,1
6222,1
6223,1
6224,1
6225,0
6226,3
6227,2
6228,0
6229,1
6230,1
6232,1
6233,4
6234,3
6235,3
6236,0
6237,2
6239,0
6240,3
6241,1
6242,2
6243,1
6244,1
6245,3
6246,2
6247,1
6248,2
6249,2
6250,1
6251,1
6252,0
6253,1
6254,1
6255,1
6256,1
6258,2
6259,0
6260,0
6261,1
6262,2
6264,1
6265,1
6266,0
6267,2
6268,0
6269,1
6270,1
6271,0
6272,0
6273,1
6275,2
6276,1
6277,1
6279,1
6280,0
6281,1
6282,2
6284,0
6285,2
6287,2
6288,0
6289,1
6290,0
6291,1
6292,0
6293,4
6294,1
6295,1
6296,2
6298,2
6299,3
6300,1
6301,0
6303,1
6304,1
6305,0
6306,2
6307,1
6308,1
6310,0
6311,1
6312,1
6313,0
6314,1
6315,2
6318,4
6320,0
6321,1
6324,1
6325,0
6326,2
6327,2
6328,0
6330,1
6331,3
6332,0
6334,1
6335,2
6336,1
6337,0
6338,0
6339,2
6340,3
6341,0
6342,1
6343,0
6344,3
6346,0
6347,3
6348,1
6349,2
6350,1
6351,2
6352,1
6353,2
6355,0
6356,2
6357,0
6359,1
6360,2
6361,4
6363,1
6364,2
6365,1
6366,0
6367,0
6368,2
6369,0
6370,0
6371,0
6372,1
6373,1
6374,0
6375,1
6376,4
6377,0
6378,1
6379,2
6381,0
6382,1
6383,1
6384,1
6385,1
6386,2
6387,2
6388,0
6389,1
6390,1
6391,0
6392,2
6394,0
6395,2
6398,1
6400,3
6401,0
6402,3
6403,0
6404,1
6405,1
6406,1
6407,2
6410,1
6412,0
6414,0
6415,1
6416,2
6417,0
6418,3
6419,1
6420,2
6422,1
6423,3
6426,1
6427,0
6428,4
6430,1
6431,0
6432,0
6433,3
6434,2
6435,1
6436,0
6437,1
6438,5
6440,1
6441,0
6442,3
6443,0
6444,0
6445,1
6446,3
6447,1
6448,2
6449,2
6450,1
6451,2
6452,0
6453,1
6454,0
6455,5
6457,2
6458,0
6459,1
6460,1
6462,2
6463,1
6464,2
6465,1
6466,0
6469,2
6470,2
6471,0
6473,1
6474,1
6475,1
6476,1
6477,2
6478,0
6479,1
6480,0
6481,3
6483,1
6484,1
6485,3
6486,2
6487,3
6488,1
6489,3
6490,2
6491,0
6493,1
6495,0
6496,1
6497,1
6498,1
6500,0
6501,0
6503,0
6504,1
6505,1
6506,0
6508,0
6509,2
6510,0
6511,1
6512,0
6513,0
6514,1
6515,2
6517,0
6518,4
6519,2
6520,2
6521,1
6522,0
6523,2
6525,2
6526,2
6527,0
6528,1
6529,1
6530,2
6531,0
6532,0
6533,2
6534,1
6536,1
6537,2
6538,1
6539,1
6540,1
6542,1
6543,1
6544,1
6545,1
6546,1
6547,2
6548,4
6549,1
6550,0
6551,2
6553,1
6554,0
6555,1
6556,2
6557,1
6558,1
6559,0
6560,0
6562,0
6563,1
6564,2
6566,0
6568,2
6569,0
6570,1
6571,1
6572,2
6574,1
6575,1
6576,3
6577,1
6578,1
6579,1
6580,1
6581,2
6582,2
6583,2
6584,2
6585,2
6587,0
6588,1
6589,2
6590,0
6591,1
6593,0
6594,1
6595,2
6596,1
6597,1
6598,0
6599,2
6600,1
6601,1
6602,1
6604,0
6605,2
6606,1
6607,2
6608,0
6609,1
6610,3
6611,3
6613,1
6614,2
6615,2
6616,0
6617,1
6618,2
6619,1
6620,1
6621,0
6622,0
6623,1
6625,1
6626,1
6627,2
6628,2
6629,2
6630,2
6631,1
6632,1
6633,0
6634,1
6635,0
6636,2
6637,1
6638,2
6639,1
6640,1
6642,2
6643,1
6644,1
6645,1
6646,1
6647,1
6648,0
6649,0
6650,1
6651,1
6652,1
6653,2
6655,1
6656,0
6657,1
6658,0
6659,1
6660,1
6661,1
6662,0
6663,0
6664,2
6665,1
6666,1
6667,1
6669,3
6670,2
6671,1
6672,1
6673,2
6674,0
6675,2
6676,0
6677,2
6678,0
6679,1
6680,1
6682,1
6683,0
6684,1
6685,4
6686,1
6687,1
6689,1
6690,2
6691,0
6692,0
6693,0
6694,1
6695,1
6696,1
6697,0
6698,1
6699,1
6701,1
6702,1
6703,0
6704,1
6705,0
6706,1
6707,3
6708,2
6709,0
6710,0
6711,2
6712,2
6713,2
6714,1
6715,0
6716,0
6717,0
6718,3
6719,3
6721,0
6722,2
6723,2
6724,1
6726,1
6727,0
6728,1
6729,2
6730,0
6731,1
6732,0
6733,1
6734,1
6735,0
6736,3
6737,1
6738,2
6739,0
6742,1
6743,1
6744,2
6746,0
6747,1
6748,1
6749,1
6750,0
6752,2
6753,2
6754,2
6755,3
6756,2
6758,0
6759,3
6761,0
6762,0
6763,1
6764,0
6765,2
6766,0
6767,1
6768,0
6769,1
6771,1
6772,1
6773,0
6774,4
6776,1
6777,4
6778,0
6779,3
6780,2
6781,1
6782,0
6783,1
6784,1
6785,1
6786,0
6787,0
6789,0
6790,2
6791,0
6792,2
6793,1
6795,2
6796,1
6797,1
6798,2
6799,2
6800,2
6801,0
6802,0
6803,1
6804,2
6806,3
6807,1
6809,0
6810,2
6811,1
6812,1
6814,2
6815,2
6816,2
6818,2
6819,1
6820,1
6821,2
6822,0
6823,1
6824,3
6825,2
6826,2
6827,1
6828,1
6829,1
6830,1
6832,1
6833,1
6834,1
6835,0
6836,1
6837,4
6838,2
6839,0
6840,1
6841,1
6842,0
6843,2
6844,3
6845,3
6847,2
6848,1
6849,1
6850,2
6851,0
6852,1
6853,3
6854,1
6855,1
6856,1
6857,1
6858,1
6859,0
6860,1
6861,1
6862,2
6863,0
6864,3
6865,1
6867,1
6868,1
6869,0
6870,1
6871,2
6872,1
6873,2
6874,0
6875,1
6877,2
6878,0
6879,0
6880,0
6881,2
6882,1
6883,1
6884,1
6885,2
6886,2
6888,1
6889,0
6891,1
6892,2
6893,0
6895,1
6896,0
6897,2
6898,1
6899,3
6900,0
6902,1
6903,0
6904,0
6905,2
6906,1
6907,2
6908,1
6909,0
6910,3
6911,2
6913,0
6915,0
6916,1
6917,1
6918,1
6919,0
6920,1
6921,1
6922,1
6923,1
6924,1
6926,1
6927,2
6928,2
6929,0
6930,1
6931,2
6932,0
6935,0
6936,0
6937,2
6938,1
6939,1
6940,1
6942,1
6943,0
6944,1
6945,0
6946,1
6947,1
6948,1
6949,1
6950,1
6951,1
6952,0
6954,1
6955,3
6956,1
6957,1
6958,1
6959,2
6960,2
6962,1
6963,1
6964,0
6965,0
6966,1
6967,0
6968,1
6969,1
6970,1
6971,0
6972,1
6973,2
6974,2
6975,2
6976,2
6977,1
6978,1
6979,0
6981,1
6982,0
6983,1
6984,4
6985,0
6986,0
6987,1
6988,1
6989,1
6990,0
6991,2
6992,1
6993,1
6994,1
6995,2
6997,1
6998,1
6999,3
7000,1
7001,1
7002,3
7004,2
7005,1
7006,3
7008,3
7009,0
7010,2
7011,0
7012,1
7013,0
7016,0
7017,0
7018,2
7019,4
7020,2
7021,1
7022,1
7025,2
7026,3
7027,2
7028,2
7029,1
7030,1
7031,0
7032,3
7033,1
7034,1
7035,0
7036,1
7037,4
7038,0
7039,1
7040,1
7041,2
7042,0
7043,1
7044,3
7045,1
7046,0
7047,0
7048,1
7049,0
7051,0
7052,1
7053,1
7054,0
7055,1
7057,0
7058,0
7059,1
7062,0
7063,1
7064,0
7065,1
7066,1
7068,1
7069,2
7070,1
7071,1
7072,3
7073,2
7074,0
7076,1
7077,2
7079,0
7080,1
7081,2
7082,2
7084,1
7085,1
7086,2
7088,1
7090,1
7091,2
7092,2
7093,2
7094,1
7096,1
7097,1
7098,1
7099,1
7100,1
7101,1
7103,0
7104,2
7105,1
7106,2
7107,2
7108,0
7109,1
7110,1
7111,2
7112,1
7113,0
7114,1
7115,2
7116,1
7117,0
7118,1
7119,0
7121,1
7122,0
7123,2
7124,2
7125,1
7126,0
7127,1
7128,1
7129,3
7130,0
7131,0
7132,2
7133,0
7134,0
7135,4
7136,1
7137,2
7138,0
7139,1
7140,0
7141,1
7142,2
7143,1
7144,0
7145,0
7146,2
7147,0
7148,3
7149,3
7150,0
7151,2
7152,3
7153,1
7154,1
7155,1
7156,0
7157,0
7158,2
7159,2
7161,1
7162,1
7164,0
7165,1
7166,0
7167,0
7168,0
7169,1
7170,1
7171,3
7172,1
7173,0
7176,1
7177,2
7178,2
7179,2
7180,1
7181,2
7182,1
7184,0
7185,1
7186,3
7188,0
7189,0
7190,1
7191,0
7192,1
7193,0
7194,3
7195,2
7196,2
7197,3
7198,3
7199,1
7200,1
7201,1
7202,2
7203,1
7204,0
7205,0
7206,2
7207,1
7208,1
7209,1
7210,1
7211,1
7212,1
7213,1
7215,0
7217,0
7218,1
7221,0
7222,2
7223,0
7224,0
7225,0
7226,1
7227,1
7228,2
7229,3
7230,0
7231,1
7232,0
7233,0
7234,1
7235,1
7236,3
7237,2
7238,1
7239,1
7240,0
7241,1
7242,1
7244,2
7245,1
7246,0
7247,1
7248,4
7249,1
7250,3
7251,1
7253,0
7254,1
7255,1
7257,0
7258,1
7259,2
7260,1
7262,1
7263,1
7264,0
7265,1
7266,0
7267,0
7268,0
7269,0
7270,3
7271,1
7272,3
7273,0
7274,1
7275,1
7276,2
7277,0
7278,2
7280,2
7281,1
7282,0
7283,0
7284,1
7285,1
7286,0
7287,0
7288,1
7289,1
7290,0
7291,0
7292,1
7293,0
7294,2
7295,1
7296,1
7297,2
7298,1
7299,1
7300,2
7301,1
7303,0
7304,1
7305,1
7306,1
7307,1
7308,0
7309,2
7310,0
7311,2
7312,2
7313,0
7314,2
7315,2
7316,1
7317,0
7318,4
7319,2
7320,1
7322,1
7323,2
7324,1
7326,0
7327,0
7328,3
7329,2
7330,0
7331,0
7332,1
7333,3
7334,0
7335,1
7336,2
7337,0
7338,3
7339,2
7340,2
7341,0
7342,0
7343,1
7344,0
7345,0
7346,2
7347,0
7349,2
7350,2
7351,0
7352,1
7353,2
7354,0
7355,1
7356,1
7357,0
7358,0
7359,0
7360,2
7361,0
7362,0
7363,1
7365,2
7366,3
7367,2
7369,1
7370,1
7371,3
7372,2
7374,0
7375,1
7376,1
7377,1
7378,0
7379,2
7380,4
7381,0
7383,2
7384,0
7385,0
7386,0
7387,2
7388,4
7389,0
7390,0
7391,0
7393,1
7394,1
7395,0
7397,4
7398,0
7399,1
7401,1
7402,1
7403,2
7404,1
7405,0
7406,1
7408,2
7409,0
7412,2
7413,1
7414,3
7415,2
7416,2
7418,0
7420,0
7422,1
7423,3
7424,2
7425,2
7427,2
7428,2
7429,3
7430,1
7431,0
7432,2
7433,3
7434,0
7436,2
7437,1
7438,0
7439,1
7440,0
7441,0
7442,2
7443,1
7444,0
7445,2
7446,0
7447,1
7448,1
7449,4
7450,1
7451,1
7452,0
7453,0
7454,0
7455,1
7456,1
7457,1
7459,0
7460,1
7461,1
7462,1
7463,1
7464,1
7465,3
7466,2
7467,2
7468,0
7469,1
7470,0
7471,0
7472,1
7474,2
7475,1
7476,0
7477,0
7480,1
7482,0
7484,1
7485,2
7486,2
7487,1
7488,1
7489,0
7490,1
7491,2
7492,1
7493,1
7494,1
7495,0
7496,1
7497,1
7498,1
7499,2
7500,1
7501,2
7502,0
7503,0
7506,0
7507,0
7508,1
7509,1
7510,3
7512,1
7513,3
7514,1
7515,0
7516,2
7517,0
7519,0
7522,3
7523,1
7524,4
7525,2
7527,1
7528,1
7529,1
7530,0
7531,0
7532,0
7533,5
7534,3
7536,3
7537,2
7538,0
7539,2
7540,1
7541,2
7542,0
7543,1
7544,3
7545,2
7546,1
7547,0
7548,1
7549,2
7550,1
7551,2
7552,1
7553,0
7554,2
7555,1
7556,0
7557,1
7558,1
7561,3
7562,0
7563,1
7565,1
7566,0
7567,0
7568,1
7569,0
7570,1
7571,1
7572,0
7573,1
7574,0
7575,0
7576,2
7577,2
7578,0
7579,1
7580,4
7581,2
7582,0
7584,0
7585,1
7586,1
7587,1
7588,2
7590,1
7591,0
7592,0
7593,1
7594,3
7595,1
7596,1
7597,0
7598,1
7600,2
7601,1
7602,0
7604,0
7605,2
7606,0
7607,0
7608,1
7610,1
7612,2
7613,3
7614,1
7615,0
7616,2
7617,1
7618,1
7619,2
7620,0
7621,2
7622,1
7623,0
7624,1
7625,2
7626,2
7627,1
7628,2
7629,1
7630,0
7631,0
7632,2
7633,0
7634,1
7635,1
7636,2
7637,1
7638,1
7640,0
7641,2
7642,0
7643,0
7644,1
7645,1
7646,0
7647,2
7648,0
7649,1
7650,0
7651,0
7652,3
7653,0
7654,0
7655,0
7656,1
7659,1
7660,0
7663,1
7664,2
7665,1
7666,0
7668,0
7669,1
7670,2
7671,1
7672,1
7673,0
7674,1
7675,0
7676,2
7677,3
7678,2
7679,1
7681,1
7682,1
7683,0
7684,2
7685,0
7686,3
7687,3
7688,0
7689,0
7691,0
7692,0
7693,0
7694,1
7695,1
7696,0
7698,0
7699,1
7700,0
7701,3
7702,1
7704,2
7705,1
7707,1
7708,0
7709,3
7710,0
7711,1
7712,0
7713,2
7714,0
7717,0
7718,2
7719,2
7720,4
7721,0
7723,0
7724,1
7725,1
7726,0
7728,1
7729,0
7731,1
7732,0
7737,0
7739,0
7740,1
7741,0
7742,2
7743,1
7744,2
7745,3
7748,1
7749,2
7750,0
7751,0
7752,2
7753,3
7754,2
7755,1
7756,1
7758,2
7759,1
7760,1
7761,2
7762,1
7763,0
7764,0
7765,3
7766,0
7767,1
7768,1
7769,0
7770,2
7771,1
7772,3
7773,2
7774,0
7775,2
7776,0
7777,2
7778,0
7779,3
7781,1
7784,1
7785,0
7786,1
7787,1
7788,0
7789,2
7790,2
7791,1
7793,4
7794,1
7795,1
7796,0
7799,0
7800,2
7801,1
7802,2
7803,1
7805,2
7806,0
7807,2
7808,1
7809,1
7810,2
7811,3
7812,2
7813,2
7814,2
7815,1
7818,1
7819,0
7820,2
7821,1
7822,1
7823,1
7824,1
7825,1
7826,1
7827,2
7828,2
7829,3
7830,1
7831,1
7832,0
7833,3
7834,1
7835,1
7836,2
7838,1
7840,0
7841,0
7842,2
7843,1
7844,1
7845,1
7846,1
7848,1
7849,1
7850,0
7851,1
7852,1
7853,1
7854,2
7855,1
7856,2
7858,1
7859,1
7860,1
7861,1
7862,0
7863,1
7864,1
7865,3
7866,3
7867,3
7868,2
7869,2
7871,0
7872,0
7873,0
7874,2
7875,0
7876,1
7877,1
7878,0
7881,0
7882,0
7883,1
7886,0
7888,2
7890,1
7891,1
7892,1
7893,1
7894,0
7895,0
7896,1
7897,1
7900,0
7901,0
7902,0
7903,1
7904,1
7905,1
7906,2
7907,2
7908,0
7909,1
7911,3
7912,2
7913,2
7914,0
7915,0
7916,1
7917,1
7918,2
7919,0
7920,1
7921,0
7922,3
7924,2
7925,1
7926,2
7927,2
7928,0
7929,1
7930,1
7931,1
7932,2
7934,0
7935,2
7936,1
7937,2
7938,0
7939,1
7940,1
7941,4
7942,2
7943,3
7944,1
7945,0
7947,2
7948,0
7949,2
7953,0
7954,0
7955,1
7956,1
7957,2
7958,0
7959,2
7960,0
7961,0
7962,2
7963,1
7964,0
7965,3
7967,0
7968,0
7969,1
7970,2
7971,2
7972,3
7973,2
7974,1
7975,0
7976,1
7977,1
7978,1
7979,1
7980,2
7981,0
7982,2
7983,1
7984,2
7985,1
7986,0
7987,1
7988,2
7989,1
7990,1
7991,2
7993,1
7994,6
7995,1
7996,2
7997,1
7998,1
7999,1
8000,1
8002,1
8003,3
8004,0
8005,2
8006,1
8007,0
8008,2
8010,0
8011,0
8012,1
8013,2
8016,1
8017,2
8018,2
8019,1
8020,0
8021,4
8022,2
8024,0
8025,2
8026,0
8027,1
8028,0
8029,1
8030,2
8031,0
8032,1
8035,1
8036,0
8037,0
8038,0
8039,2
8040,5
8041,1
8042,1
8043,1
8044,1
8045,1
8046,1
8047,2
8048,0
8049,1
8050,1
8051,2
8053,3
8054,0
8055,2
8056,1
8057,1
8058,1
8059,0
8060,0
8061,1
8063,2
8064,0
8066,0
8068,0
8069,0
8070,2
8071,0
8072,0
8073,2
8075,2
8076,1
8078,3
8079,2
8080,1
8081,0
8082,0
8085,1
8086,1
8087,0
8089,0
8090,0
8091,1
8092,2
8093,1
8094,1
8095,0
8096,0
8097,2
8098,1
8099,0
8100,1
8101,1
8102,1
8103,0
8105,1
8106,1
8107,1
8108,1
8109,1
8110,2
8111,1
8112,2
8113,2
8114,2
8116,0
8117,0
8118,1
8119,0
8120,0
8121,1
8122,1
8123,1
8124,3
8125,0
8126,0
8127,1
8128,2
8129,2
8130,0
8131,1
8132,2
8133,0
8134,4
8136,1
8138,2
8139,0
8140,0
8141,0
8142,2
8143,0
8144,1
8145,1
8146,2
8147,0
8148,1
8150,0
8153,1
8154,1
8155,0
8157,1
8158,3
8159,1
8160,0
8161,1
8163,0
8164,1
8165,3
8166,0
8167,2
8168,0
8169,2
8171,3
8172,2
8173,3
8174,0
8175,2
8176,1
8177,2
8178,3
8179,1
8180,1
8181,1
8182,2
8184,1
8185,3
8186,3
8187,0
8188,1
8189,1
8190,0
8194,2
8195,0
8196,0
8197,1
8198,1
8199,1
8200,1
8201,1
8202,1
8203,1
8204,1
8205,1
8206,1
8207,0
8208,2
8209,1
8210,2
8211,2
8212,2
8213,3
8214,1
8215,1
8216,0
8217,1
8219,1
8220,4
8221,4
8222,3
8223,2
8225,1
8226,1
8228,1
8230,1
8231,0
8232,0
8233,1
8234,1
8235,0
8236,1
8237,0
8238,0
8240,1
8241,0
8242,2
8243,2
8244,0
8245,1
8246,2
8247,1
8248,1
8249,0
8250,1
8251,1
8252,2
8253,1
8254,2
8255,1
8256,1
8257,0
8258,1
8259,1
8260,2
8261,0
8262,2
8263,1
8264,1
8267,0
8268,0
8271,1
8272,2
8273,3
8275,2
8276,1
8277,1
8278,1
8279,0
8281,1
8282,1
8283,2
8284,0
8286,0
8287,2
8288,2
8289,2
8290,0
8291,2
8292,2
8293,1
8294,1
8295,0
8297,0
8298,1
8299,2
8300,0
8301,0
8303,0
8304,1
8305,1
8306,0
8307,1
8308,1
8310,2
8311,1
8312,2
8313,2
8314,1
8316,1
8317,0
8318,1
8319,2
8320,1
8321,1
8322,1
8323,4
8324,3
8325,2
8326,3
8327,2
8329,1
8330,1
8331,1
8332,2
8334,1
8336,3
8337,0
8338,1
8339,2
8341,2
8342,1
8344,0
8345,4
8346,1
8348,1
8349,1
8351,1
8352,1
8353,2
8354,2
8355,0
8356,0
8357,1
8358,2
8359,1
8360,1
8361,3
8362,1
8363,2
8364,1
8365,1
8366,1
8367,2
8368,1
8369,0
8370,1
8371,1
8372,0
8373,1
8374,0
8375,1
8377,0
8378,2
8379,2
8380,1
8381,1
8382,0
8383,0
8386,1
8387,2
8388,5
8389,0
8391,0
8392,1
8393,1
8394,2
8395,0
8396,2
8397,1
8398,1
8399,4
8400,1
8401,2
8404,1
8405,4
8406,1
8407,0
8408,0
8410,1
8411,1
8412,0
8413,2
8416,2
8418,1
8419,1
8420,1
8422,0
8423,0
8425,2
8426,2
8427,2
8428,2
8429,1
8430,0
8431,1
8432,1
8433,1
8434,0
8435,0
8436,1
8438,2
8439,1
8440,3
8441,1
8442,2
8443,1
8444,2
8445,1
8447,3
8448,3
8449,2
8450,3
8451,1
8452,1
8453,1
8454,6
8455,1
8456,0
8458,3
8459,1
8460,0
8461,1
8462,0
8463,0
8464,1
8465,0
8468,2
8469,1
8470,1
8471,1
8472,1
8473,1
8474,1
8476,1
8477,4
8480,1
8481,0
8482,1
8483,2
8484,2
8485,1
8486,2
8487,3
8488,3
8489,0
8490,1
8491,1
8492,2
8493,1
8494,1
8495,3
8496,2
8497,0
8498,1
8499,2
8502,0
8503,3
8504,1
8506,2
8507,1
8508,1
8509,0
8510,0
8511,1
8513,2
8514,2
8515,2
8516,1
8517,2
8518,1
8519,1
8520,0
8521,1
8522,0
8523,1
8524,0
8525,2
8526,0
8527,2
8529,1
8530,1
8531,1
8532,4
8533,0
8534,3
8535,1
8537,0
8538,2
8539,1
8540,2
8541,2
8542,1
8545,1
8546,1
8547,0
8548,3
8549,0
8552,3
8553,3
8554,0
8555,0
8556,0
8557,0
8558,0
8560,1
8561,1
8562,2
8563,1
8565,0
8566,2
8568,1
8569,0
8570,5
8571,3
8572,0
8573,3
8574,1
8575,2
8576,1
8577,2
8578,2
8579,0
8581,1
8582,0
8583,0
8584,1
8586,1
8587,1
8588,0
8589,1
8590,0
8591,2
8592,4
8593,1
8594,1
8595,1
8596,2
8597,1
8598,0
8599,0
8600,0
8601,1
8602,0
8603,0
8604,0
8605,0
8606,2
8607,0
8608,0
8609,1
8610,0
8611,2
8612,2
8613,1
8614,2
8615,2
8616,0
8617,3
8618,1
8619,0
8620,0
8621,1
8622,1
8623,1
8624,2
8625,2
8626,2
8627,0
8628,1
8629,1
8630,1
8631,1
8632,1
8633,1
8634,2
8635,1
8636,0
8637,2
8638,0
8639,3
8640,2
8641,1
8642,0
8643,0
8644,0
8645,1
8646,0
8647,0
8648,3
8649,0
8650,1
8651,0
8653,1
8654,0
8655,1
8656,1
8657,0
8658,0
8659,1
8660,0
8661,1
8662,0
8663,1
8664,2
8665,1
8667,1
8668,0
8669,3
8670,1
8671,3
8672,2
8674,1
8675,0
8676,0
8677,0
8678,3
8679,2
8680,0
8681,0
8682,2
8683,0
8684,0
8685,2
8686,2
8687,0
8688,1
8689,1
8690,0
8692,2
8693,0
8694,1
8695,1
8696,0
8697,1
8698,2
8700,0
8703,1
8705,1
8707,2
8708,1
8709,0
8710,0
8711,0
8712,1
8713,0
8714,0
8715,3
8716,1
8717,0
8719,0
8720,1
8721,0
8722,1
8724,0
8726,1
8727,2
8728,1
8729,1
8730,3
8731,3
8733,1
8734,1
8735,1
8737,1
8739,2
8740,1
8741,0
8742,1
8743,0
8744,2
8745,1
8746,0
8748,0
8749,1
8750,0
8751,1
8752,1
8753,0
8754,2
8757,1
8758,2
8759,2
8760,0
8761,1
8765,1
8766,1
8767,1
8768,0
8769,1
8770,2
8771,0
8772,4
8773,1
8774,0
8775,1
8776,3
8777,5
8778,2
8779,1
8780,0
8781,1
8783,0
8784,1
8785,2
8786,1
8787,1
8788,1
8789,1
8790,0
8791,3
8792,2
8793,0
8794,1
8797,1
8798,2
8799,0
8800,1
8801,1
8802,1
8804,0
8805,2
8807,2
8808,1
8809,1
8811,1
8812,1
8814,2
8815,1
8816,2
8817,1
8818,1
8819,1
8822,1
8823,0
8824,1
8825,2
8827,1
8828,1
8832,1
8833,0
8834,1
8835,0
8836,1
8837,1
8838,2
8839,1
8840,1
8841,1
8843,1
8845,0
8847,1
8848,3
8849,0
8850,0
8852,0
8853,0
8854,1
8855,1
8856,2
8857,1
8858,2
8859,3
8860,1
8861,1
8862,1
8863,2
8864,0
8865,1
8866,0
8867,2
8868,1
8870,0
8871,1
8872,1
8873,0
8874,1
8875,2
8876,0
8877,1
8878,1
8879,1
8880,3
8881,1
8883,1
8887,0
8888,3
8889,1
8890,0
8892,2
8893,3
8894,1
8895,1
8896,1
8897,1
8899,1
8900,1
8901,1
8902,1
8903,1
8904,0
8905,3
8906,1
8907,1
8908,2
8909,1
8910,1
8912,1
8913,2
8914,0
8915,1
8919,1
8920,3
8921,2
