0,33
1,189
2,124
3,58
4,39
5,37
6,77
7,90
8,53
9,45
10,30
11,52
12,32
13,36
14,36
15,470
16,24
17,50
18,170
19,58
20,30
21,28
22,96
23,40
24,36
25,52
26,44
27,40
28,29
29,31
30,44
31,36
32,107
33,407
34,127
35,262
36,146
37,48
38,47
39,45
40,41
41,256
42,68
43,34
44,45
45,55
46,79
47,51
48,50
49,42
50,21
51,43
52,161
53,82
54,48
55,56
56,49
57,41
58,45
59,41
60,160
61,38
62,44
63,35
64,35
65,38
66,34
67,24
68,118
69,47
70,42
71,51
72,51
73,82
74,68
75,59
76,198
77,49
78,32
79,32
80,45
81,46
82,37
83,56
84,64
85,242
86,233
87,73
88,3919
89,39
90,42
91,34
92,78
93,60
94,83
95,33
96,51
97,34
98,33
99,46
100,29
101,62
102,60
103,74
104,27
105,94
106,89
107,47
108,101
109,97
110,1
111,2
112,0
113,1
114,1
115,3
116,0
117,4
119,0
120,0
121,2
122,0
123,0
124,0
125,1
126,1
128,2
129,0
130,1
131,0
132,0
133,2
134,2
135,0
136,1
137,1
138,2
139,1
140,2
141,2
142,1
143,1
144,1
145,3
146,1
147,1
148,0
149,1
150,3
152,2
153,3
154,2
156,2
157,1
158,0
159,0
160,0
161,2
162,1
163,2
164,1
165,2
166,3
167,0
168,1
169,2
170,3
171,2
172,2
173,1
174,1
175,0
176,2
177,1
178,0
179,3
180,1
181,1
182,1
183,1
184,2
185,1
186,2
187,1
188,3
189,1
190,1
191,1
192,2
193,0
195,2
196,0
197,1
198,1
199,3
200,0
201,2
203,1
205,0
206,0
207,0
208,1
209,2
210,1
211,2
212,0
213,2
214,1
215,1
216,1
217,2
218,0
219,1
220,1
222,0
223,0
224,1
226,2
227,0
228,2
230,1
231,1
232,3
233,1
234,3
235,0
237,1
238,2
241,2
242,1
243,0
244,0
245,2
246,1
248,0
249,0
250,4
251,3
252,1
253,3
255,5
256,2
257,3
258,1
259,2
260,1
261,2
262,1
263,1
264,1
265,0
266,1
267,1
268,0
269,1
270,1
271,0
272,0
274,4
275,2
276,2
277,1
278,2
279,1
280,1
282,2
284,0
285,0
286,2
287,1
288,1
289,1
290,1
291,2
292,1
293,0
294,4
295,1
296,1
298,1
299,1
300,1
301,1
303,2
305,0
306,0
307,2
308,0
309,3
310,0
311,1
312,1
313,2
314,2
316,1
317,1
318,0
319,3
320,0
321,0
323,2
324,3
325,3
326,1
327,3
328,0
329,2
330,1
331,1
332,2
333,2
334,0
335,0
336,3
338,0
339,0
340,0
341,1
342,1
343,1
344,0
345,0
346,1
347,0
348,4
349,0
351,0
352,1
353,2
354,0
355,0
356,0
357,4
358,4
359,2
360,0
362,1
363,2
365,1
366,1
367,1
368,1
369,0
370,1
371,0
372,0
373,2
374,2
375,2
377,2
378,0
379,3
380,0
383,1
384,1
385,1
386,0
387,0
388,1
389,0
390,1
391,2
392,0
393,2
394,0
396,0
397,2
398,1
400,1
401,1
402,1
403,0
405,0
406,1
408,0
411,1
412,2
413,0
414,2
415,1
416,0
417,0
418,2
420,2
422,2
423,2
424,0
425,2
426,2
427,0
428,1
429,0
430,1
431,1
432,2
433,1
434,2
435,0
436,1
437,1
438,0
439,0
440,2
441,2
443,1
445,2
446,1
447,2
448,2
449,1
450,0
451,1
452,0
453,2
454,2
455,1
456,4
457,0
459,2
460,1
461,1
462,1
463,3
464,2
465,1
466,0
467,1
468,3
469,1
470,2
471,1
472,1
473,1
474,1
475,1
476,1
477,4
478,0
479,1
480,1
481,1
482,1
484,1
486,1
487,1
488,4
489,2
490,4
491,1
492,1
493,3
494,1
495,0
496,1
497,2
498,0
500,1
501,2
502,0
503,3
504,1
505,1
506,1
508,0
509,1
510,1
511,2
512,1
513,0
514,1
515,0
516,2
517,1
518,1
519,1
520,3
521,1
523,0
524,1
525,0
526,0
527,2
528,0
529,1
530,1
531,3
532,0
533,1
534,5
535,1
537,1
538,1
539,0
540,1
541,0
542,3
543,4
544,1
545,0
546,1
547,1
548,1
549,1
553,3
554,2
556,1
557,1
558,1
559,0
560,1
561,2
562,2
563,0
564,2
565,1
566,0
567,1
568,1
569,1
570,1
572,0
573,0
575,1
576,0
577,0
579,1
582,1
583,1
585,1
586,2
587,2
590,1
591,1
592,3
593,1
594,2
595,1
596,2
597,1
598,2
599,0
600,1
601,1
602,0
603,0
605,1
607,2
609,0
610,0
611,3
612,1
613,0
614,3
615,2
616,0
617,1
618,1
619,0
620,2
622,0
623,2
625,0
626,1
627,0
628,1
629,0
630,0
632,1
634,1
635,0
636,0
637,2
638,0
640,1
641,0
642,4
643,1
644,2
645,1
646,2
647,0
648,0
649,1
650,0
651,1
652,2
653,1
654,2
655,2
656,0
657,1
658,0
659,1
660,2
661,0
662,1
663,1
664,2
665,2
667,1
668,0
669,1
670,1
671,0
672,1
673,2
675,3
676,1
677,0
678,2
679,1
680,1
682,1
683,1
684,0
685,2
686,1
687,1
688,4
689,3
690,2
691,1
692,2
694,0
695,1
696,1
697,2
698,2
700,2
701,3
702,1
703,2
704,0
705,2
706,3
707,1
708,0
709,0
710,0
711,0
712,2
713,0
714,2
715,2
717,1
718,2
719,0
720,2
721,1
722,2
723,1
725,2
726,0
727,1
729,0
730,1
732,1
733,0
734,0
735,0
736,1
737,0
738,0
739,3
740,2
741,2
742,0
743,1
744,0
745,3
747,1
748,1
750,0
751,3
753,2
754,2
755,1
756,0
757,2
758,1
759,1
760,0
761,1
762,1
763,1
764,3
765,2
766,1
767,0
768,4
769,1
770,2
771,1
772,2
773,1
774,3
775,1
776,0
777,2
778,2
779,1
780,2
781,0
782,0
783,2
784,1
785,1
786,2
787,2
788,2
789,0
790,1
791,3
792,1
793,1
794,0
795,2
796,1
797,0
798,1
799,2
800,2
801,0
802,1
803,1
804,1
805,2
806,1
807,0
808,4
809,3
810,1
811,3
812,1
813,2
815,1
816,1
817,1
818,4
819,1
820,1
821,2
822,2
824,2
825,1
826,2
828,0
829,0
830,0
832,1
834,0
835,1
836,0
837,0
838,2
839,1
840,4
841,3
842,1
844,1
845,2
847,3
848,0
849,2
851,1
852,1
853,0
854,1
855,1
856,1
857,3
858,0
859,2
860,3
861,1
862,2
863,0
864,1
865,1
866,2
867,2
868,2
869,1
870,2
871,3
872,1
873,1
874,2
875,2
876,0
877,0
878,2
879,1
880,2
881,0
882,0
883,1
884,1
885,1
886,5
887,0
888,3
889,3
890,0
891,1
893,1
894,1
895,2
896,1
897,4
898,0
899,1
900,1
901,0
902,1
903,1
904,1
906,2
907,1
908,4
909,1
911,1
912,3
913,2
914,1
915,3
916,2
917,2
918,3
919,0
920,3
921,4
922,0
923,0
924,1
925,0
926,2
927,0
928,1
929,2
930,1
931,2
932,0
933,1
934,1
935,2
936,2
937,0
939,1
940,1
941,2
942,0
944,4
945,1
946,2
947,1
948,1
949,0
950,0
951,1
952,2
953,2
954,1
955,5
956,1
957,1
958,0
960,1
961,1
962,2
963,0
964,0
965,0
966,3
967,0
968,2
970,3
971,0
972,0
973,2
974,1
975,1
976,0
978,1
980,0
981,1
982,1
983,0
984,2
985,0
987,1
988,1
989,3
990,4
991,1
992,3
993,4
994,1
996,0
997,2
998,2
999,1
1000,4
1002,2
1003,2
1004,0
1005,2
1006,2
1007,1
1008,1
1009,0
1010,2
1011,1
1012,2
1013,1
1014,2
1015,0
1016,0
1017,0
1018,3
1019,4
1020,2
1021,1
1022,1
1024,4
1025,2
1026,1
1027,2
1028,3
1029,0
1030,2
1031,2
1032,2
1033,0
1034,1
1035,1
1036,2
1037,3
1038,0
1039,1
1040,1
1041,1
1042,3
1043,2
1044,0
1045,2
1046,1
1047,1
1048,1
1049,1
1050,1
1051,2
1052,0
1054,2
1055,0
1056,1
1057,1
1058,2
1059,0
1060,1
1061,0
1062,1
1063,1
1064,3
1065,1
1066,1
1067,2
1068,1
1069,1
1070,1
1071,1
1073,1
1075,4
1076,1
1077,1
1078,5
1079,1
1080,0
1081,1
1082,0
1083,1
1084,1
1085,0
1086,0
1087,1
1089,6
1090,1
1091,3
1092,1
1093,1
1094,3
1095,2
1097,0
1098,1
1099,1
1100,4
1101,1
1102,1
1103,1
1104,1
1105,1
1106,2
1107,1
1108,2
1109,4
1110,0
1111,1
1112,1
1113,1
1114,0
1116,1
1117,1
1118,2
1119,2
1120,2
1121,2
1122,2
1123,2
1124,1
1125,1
1126,2
1127,0
1128,0
1129,0
1131,2
1132,1
1133,1
1134,2
1135,2
1136,1
1137,1
1138,1
1139,2
1140,1
1141,1
1142,1
1143,1
1144,3
1145,0
1146,3
1147,0
1148,0
1149,1
1150,0
1152,3
1153,2
1154,2
1155,1
1156,2
1157,1
1158,2
1159,0
1161,3
1162,1
1163,1
1164,2
1165,0
1166,2
1167,1
1168,4
1169,2
1170,3
1171,0
1172,1
1173,0
1174,0
1176,1
1177,1
1179,1
1180,2
1181,1
1183,1
1184,2
1185,1
1186,0
1187,0
1188,0
1190,0
1191,3
1192,1
1193,0
1194,0
1195,0
1197,0
1198,0
1199,2
1201,2
1204,2
1205,1
1206,1
1207,1
1209,1
1210,1
1211,2
1212,1
1213,0
1214,0
1215,1
1216,2
1217,1
1218,5
1219,0
1220,2
1221,1
1223,0
1225,1
1227,2
1228,1
1229,2
1230,3
1231,3
1232,1
1234,1
1235,2
1238,1
1239,1
1240,0
1241,1
1243,0
1245,3
1246,1
1247,0
1249,1
1250,1
1251,1
1252,2
1254,1
1255,1
1256,1
1257,1
1258,0
1259,1
1260,1
1261,0
1262,3
1263,0
1265,1
1266,0
1267,1
1268,0
1269,1
1271,1
1272,1
1273,4
1275,0
1276,0
1277,1
1278,0
1279,1
1280,0
1281,1
1284,0
1285,1
1286,3
1287,0
1288,2
1290,2
1291,1
1292,1
1293,0
1294,1
1295,2
1296,2
1297,3
1298,2
1299,0
1300,1
1302,2
1303,1
1304,2
1305,1
1306,0
1307,1
1308,0
1309,0
1310,1
1311,1
1312,1
1313,3
1314,1
1315,3
1316,2
1317,1
1318,2
1319,2
1320,1
1321,1
1324,0
1325,0
1326,3
1327,4
1328,2
1329,1
1330,1
1331,1
1332,1
1333,1
1334,1
1335,1
1336,2
1337,1
1338,1
1339,0
1340,2
1341,2
1342,3
1343,1
1345,2
1346,1
1347,0
1348,1
1349,0
1350,1
1351,2
1352,1
1353,0
1354,0
1355,0
1356,2
1357,2
1358,0
1359,2
1360,3
1361,1
1362,2
1363,3
1364,2
1365,1
1366,0
1367,0
1368,1
1369,1
1370,0
1371,1
1372,1
1373,0
1374,3
1375,2
1378,1
1379,3
1380,1
1381,0
1382,0
1383,2
1384,2
1385,2
1386,3
1387,2
1388,1
1390,0
1391,4
1392,2
1393,0
1395,2
1397,1
1398,3
1399,2
1400,0
1401,0
1402,0
1404,1
1405,0
1406,1
1407,0
1409,0
1410,2
1411,4
1412,0
1413,0
1414,0
1415,2
1416,1
1417,0
1418,1
1419,1
1420,0
1421,3
1422,0
1423,0
1424,2
1425,2
1426,2
1427,3
1428,1
1429,3
1430,2
1431,3
1432,0
1433,1
1434,3
1435,2
1436,4
1437,3
1438,3
1439,1
1440,0
1442,0
1443,3
1444,2
1445,1
1446,1
1447,1
1448,2
1449,3
1450,1
1451,1
1452,1
1453,2
1454,1
1455,1
1456,1
1457,2
1458,1
1459,2
1461,1
1462,4
1463,0
1464,0
1465,0
1466,1
1467,1
1468,2
1469,3
1471,1
1472,1
1473,0
1474,1
1475,1
1477,1
1478,2
1479,1
1480,1
1481,1
1482,0
1484,1
1485,1
1486,2
1487,1
1488,2
1489,0
1490,3
1491,1
1492,2
1494,3
1495,1
1496,2
1497,2
1498,2
1499,1
1500,1
1501,1
1502,0
1504,2
1505,3
1506,0
1508,1
1510,1
1511,2
1512,1
1514,2
1515,2
1516,3
1517,1
1518,3
1519,1
1520,1
1521,1
1522,0
1523,1
1524,3
1525,1
1526,0
1527,0
1528,2
1529,3
1530,3
1531,1
1532,3
1533,1
1534,2
1535,3
1536,1
1537,1
1538,0
1539,1
1540,0
1542,1
1545,1
1546,1
1547,1
1548,4
1549,4
1550,3
1551,1
1552,0
1553,3
1555,2
1556,2
1557,1
1558,3
1559,1
1560,1
1561,0
1563,2
1564,1
1565,1
1566,0
1567,1
1568,1
1569,1
1570,2
1571,4
1572,2
1573,2
1575,0
1576,2
1577,0
1578,1
1579,1
1581,1
1582,0
1584,1
1586,1
1587,2
1588,0
1589,1
1590,2
1591,3
1593,1
1594,0
1595,2
1596,0
1597,1
1598,1
1599,0
1600,1
1601,2
1602,4
1603,3
1604,1
1605,2
1606,2
1607,2
1608,2
1610,2
1612,1
1613,3
1614,2
1616,0
1617,1
1618,1
1619,0
1620,0
1621,0
1623,1
1625,2
1626,1
1627,0
1628,1
1629,1
1631,0
1633,0
1634,2
1636,2
1637,1
1638,1
1639,1
1640,1
1641,0
1642,2
1643,1
1644,1
1645,3
1646,1
1648,2
1649,0
1650,2
1651,1
1653,2
1655,2
1656,0
1657,0
1658,1
1659,2
1661,2
1662,2
1663,0
1664,3
1665,0
1666,2
1667,0
1668,2
1669,1
1670,2
1671,1
1673,0
1674,2
1675,1
1676,1
1677,1
1678,1
1679,1
1681,0
1682,0
1683,1
1684,0
1685,2
1687,2
1688,1
1689,0
1690,1
1691,2
1692,0
1694,4
1695,0
1696,2
1697,0
1698,1
1699,0
1700,0
1702,2
1704,0
1706,2
1707,1
1708,1
1709,2
1711,1
1712,1
1713,1
1714,1
1715,1
1716,0
1717,1
1718,2
1719,4
1720,2
1721,1
1723,2
1724,2
1725,1
1726,3
1727,1
1728,1
1729,1
1730,0
1731,0
1732,1
1733,1
1735,0
1736,0
1737,0
1738,0
1739,2
1740,0
1741,1
1742,1
1743,1
1745,0
1746,0
1747,0
1748,1
1749,1
1750,1
1751,2
1752,3
1753,1
1754,2
1755,2
1756,0
1757,0
1758,1
1759,1
1760,3
1761,1
1762,2
1763,1
1764,2
1765,2
1766,3
1767,0
1768,0
1770,1
1771,1
1772,0
1773,0
1774,2
1775,1
1776,2
1778,1
1779,0
1781,0
1782,3
1783,3
1784,0
1785,2
1786,0
1787,1
1788,1
1789,0
1790,0
1791,0
1792,2
1794,4
1795,1
1796,0
1798,1
1799,1
1800,1
1801,0
1802,3
1803,1
1804,1
1805,1
1806,1
1807,1
1808,1
1809,1
1810,1
1813,1
1814,2
1815,5
1817,0
1818,1
1819,1
1820,1
1821,1
1822,1
1823,0
1824,0
1825,1
1826,4
1827,1
1828,1
1829,0
1830,1
1831,4
1832,1
1833,1
1834,0
1835,2
1836,0
1837,1
1838,2
1839,3
1840,2
1841,1
1842,1
1843,2
1844,0
1845,1
1846,2
1847,1
1849,2
1851,2
1852,1
1853,2
1854,2
1855,0
1856,1
1857,1
1858,1
1859,1
1860,1
1861,3
1862,3
1863,2
1864,0
1865,0
1866,2
1868,0
1869,0
1870,3
1871,1
1872,1
1873,2
1875,3
1876,0
1877,0
1878,1
1879,2
1880,1
1881,3
1882,1
1884,1
1885,2
1886,1
1888,3
1889,0
1890,0
1893,0
1894,1
1895,2
1896,1
1897,1
1898,2
1899,1
1900,1
1901,1
1902,2
1903,1
1904,0
1905,0
1906,2
1908,1
1909,2
1910,1
1911,1
1912,2
1913,1
1914,0
1915,0
1916,1
1917,2
1919,1
1921,1
1922,0
1923,1
1924,2
1925,1
1926,2
1927,1
1928,0
1929,1
1930,3
1931,0
1932,1
1933,1
1934,2
1935,0
1936,1
1937,0
1938,0
1940,1
1941,1
1942,2
1944,1
1945,2
1946,1
1947,2
1948,0
1949,0
1950,2
1952,2
1953,3
1954,4
1955,1
1957,4
1958,2
1960,2
1961,0
1962,2
1963,2
1964,2
1965,1
1967,0
1968,0
1969,0
1971,2
1972,2
1973,1
1974,5
1975,2
1976,1
1977,0
1978,0
1979,1
1980,1
1981,0
1982,1
1983,1
1984,1
1985,0
1986,1
1987,0
1988,2
1989,1
1990,1
1991,1
1992,2
1993,0
1994,1
1995,1
1996,2
1997,1
1998,0
1999,2
2000,1
2001,0
2002,2
2004,1
2005,2
2006,1
2008,2
2009,0
2010,1
2011,0
2012,0
2014,5
2015,1
2016,1
2017,1
2018,0
2019,1
2021,2
2022,0
2023,2
2024,0
2025,1
2026,0
2027,1
2028,0
2029,2
2030,1
2031,3
2032,0
2033,1
2034,1
2035,1
2036,1
2037,1
2038,1
2039,3
2040,4
2041,1
2042,3
2043,2
2044,2
2047,1
2048,1
2049,2
2050,0
2051,1
2052,3
2053,0
2054,0
2055,1
2056,2
2057,2
2058,2
2059,2
2060,4
2061,2
2063,1
2064,0
2065,0
2066,0
2068,2
2069,0
2070,2
2071,0
2072,3
2073,0
2075,1
2076,1
2077,1
2078,4
2079,1
2080,3
2081,1
2082,0
2083,0
2084,1
2085,0
2086,2
2087,1
2088,3
2089,2
2090,2
2091,2
2092,1
2093,1
2095,0
2096,2
2097,1
2098,1
2100,1
2101,1
2102,1
2103,2
2105,0
2106,0
2108,0
2109,0
2110,1
2111,0
2112,0
2113,1
2114,1
2115,1
2116,0
2117,1
2119,1
2120,5
2121,4
2122,1
2123,0
2124,0
2125,1
2126,1
2127,1
2128,1
2129,1
2130,1
2131,0
2132,0
2133,0
2134,1
2135,0
2136,1
2137,1
2139,0
2140,1
2141,0
2142,2
2143,2
2144,1
2145,0
2146,1
2147,0
2148,1
2149,0
2150,3
2151,2
2153,0
2154,0
2155,3
2156,1
2157,2
2159,1
2161,0
2162,1
2163,0
2164,0
2165,0
2166,1
2169,1
2170,0
2171,0
2172,0
2173,1
2176,1
2177,0
2178,2
2179,0
2180,1
2181,1
2182,1
2183,1
2184,3
2185,1
2186,3
2187,1
2188,0
2191,2
2192,2
2193,1
2194,2
2196,1
2197,0
2198,0
2200,1
2201,1
2202,1
2203,1
2204,1
2205,2
2207,1
2208,1
2209,1
2210,3
2211,4
2212,2
2213,1
2214,3
2215,0
2217,1
2218,0
2219,3
2220,1
2221,1
2222,0
2223,2
2224,2
2225,0
2226,4
2228,2
2229,1
2230,1
2231,1
2232,0
2233,0
2234,3
2235,1
2236,1
2237,0
2238,0
2239,2
2241,0
2243,2
2244,1
2245,0
2246,2
2247,1
2248,0
2249,2
2250,0
2251,1
2253,3
2254,1
2256,3
2257,2
2258,1
2259,2
2260,0
2261,1
2262,1
2263,1
2264,1
2265,3
2266,1
2267,2
2268,0
2269,4
2270,1
2271,2
2272,2
2273,3
2274,0
2275,1
2276,1
2277,1
2278,0
2280,1
2281,1
2282,3
2283,1
2284,1
2285,1
2286,2
2287,1
2288,0
2289,1
2290,2
2291,2
2292,3
2293,1
2294,0
2295,4
2296,4
2297,1
2299,0
2300,2
2301,0
2302,2
2303,0
2304,1
2305,3
2306,1
2307,2
2308,2
2309,1
2310,2
2312,5
2313,3
2314,1
2315,3
2316,1
2317,1
2318,1
2319,0
2321,1
2322,2
2323,1
2325,0
2326,2
2327,3
2328,3
2329,2
2330,1
2331,3
2332,1
2334,2
2335,1
2336,2
2337,1
2338,1
2339,0
2340,1
2341,3
2343,1
2344,0
2345,2
2346,1
2347,2
2348,2
2349,1
2350,3
2351,3
2352,0
2353,1
2355,2
2356,1
2357,1
2358,2
2359,2
2360,0
2361,1
2362,1
2363,1
2364,2
2366,0
2367,1
2368,1
2370,1
2371,1
2372,0
2373,2
2374,0
2375,0
2376,0
2377,1
2378,1
2379,2
2380,0
2381,2
2382,1
2384,1
2385,0
2386,0
2387,1
2388,1
2389,1
2390,1
2391,1
2392,0
2393,1
2394,2
2395,0
2396,4
2397,1
2398,1
2399,1
2401,1
2402,2
2403,1
2404,4
2405,1
2406,1
2407,2
2408,1
2409,2
2412,3
2413,0
2414,1
2415,0
2416,1
2417,1
2418,0
2419,2
2420,1
2421,1
2422,1
2423,0
2424,2
2425,1
2426,1
2427,2
2428,1
2429,1
2430,4
2431,5
2432,2
2433,2
2434,1
2435,1
2436,0
2437,0
2438,2
2439,1
2440,1
2441,2
2442,0
2443,0
2444,1
2445,0
2446,3
2447,0
2448,1
2449,1
2450,3
2451,0
2452,3
2453,0
2454,0
2455,0
2456,1
2457,1
2458,1
2459,1
2460,2
2461,2
2462,2
2463,1
2464,2
2465,2
2466,0
2467,1
2468,0
2469,4
2471,1
2472,0
2473,1
2474,1
2475,3
2476,3
2477,0
2478,2
2479,2
2480,1
2483,1
2484,2
2485,0
2486,1
2487,1
2488,0
2489,2
2490,1
2491,2
2492,0
2493,3
2496,0
2497,1
2500,1
2501,2
2502,0
2503,1
2504,3
2505,1
2508,2
2509,1
2510,1
2511,0
2512,0
2513,1
2514,0
2515,2
2516,1
2517,1
2518,1
2520,1
2521,1
2522,1
2523,0
2525,1
2526,2
2530,2
2531,1
2533,2
2534,1
2535,1
2536,3
2537,2
2538,1
2539,1
2540,1
2541,1
2542,2
2544,1
2545,2
2546,2
2547,2
2548,2
2549,0
2550,0
2551,0
2552,2
2553,0
2554,1
2555,1
2556,3
2557,0
2558,0
2559,0
2560,2
2561,1
2563,0
2564,1
2565,1
2566,1
2567,2
2569,1
2570,2
2571,1
2572,2
2573,2
2574,1
2575,1
2576,1
2577,2
2578,1
2579,1
2580,1
2581,1
2582,1
2583,3
2584,1
2585,0
2586,0
2587,0
2588,3
2591,1
2592,1
2594,1
2595,1
2596,2
2598,2
2600,1
2603,0
2604,2
2605,3
2606,1
2607,0
2608,0
2609,0
2610,0
2612,0
2613,0
2615,2
2616,3
2617,1
2618,0
2619,4
2620,3
2621,5
2622,2
2623,2
2624,0
2625,3
2626,1
2627,1
2628,1
2629,1
2630,1
2631,1
2632,1
2633,0
2634,3
2635,0
2636,1
2637,1
2638,2
2639,0
2640,4
2641,0
2642,1
2643,1
2644,1
2645,2
2646,1
2647,0
2648,0
2649,0
2650,0
2651,3
2654,0
2655,1
2656,2
2657,1
2658,1
2659,0
2660,0
2661,2
2662,1
2665,1
2666,2
2667,1
2669,2
2670,1
2671,1
2672,0
2673,2
2675,4
2676,1
2677,1
2678,1
2679,2
2680,0
2681,2
2682,3
2683,0
2684,1
2685,2
2686,1
2687,0
2688,1
2689,2
2690,0
2691,1
2692,2
2693,0
2694,4
2696,1
2697,2
2698,0
2699,0
2700,5
2701,1
2702,1
2703,1
2704,1
2705,2
2706,2
2707,2
2708,1
2709,3
2710,2
2711,1
2712,1
2713,0
2714,2
2715,0
2716,1
2717,2
2718,3
2719,2
2720,3
2721,1
2722,3
2723,2
2724,1
2725,2
2726,1
2727,2
2728,1
2729,0
2730,1
2731,0
2732,0
2733,0
2734,1
2735,2
2736,1
2737,0
2738,2
2739,3
2740,0
2741,0
2742,1
2743,2
2744,0
2745,3
2746,0
2747,1
2748,0
2749,2
2750,0
2751,0
2752,1
2753,1
2754,2
2755,1
2756,2
2757,0
2758,2
2759,1
2760,3
2761,0
2762,2
2763,0
2764,0
2766,0
2768,1
2769,1
2770,1
2771,1
2772,2
2773,1
2774,1
2776,1
2779,2
2780,1
2781,0
2782,0
2785,0
2786,1
2787,1
2789,1
2790,1
2791,1
2792,3
2793,2
2794,1
2796,1
2797,0
2799,0
2800,2
2801,2
2802,1
2803,1
2805,1
2806,1
2807,1
2808,2
2809,1
2810,0
2811,1
2812,3
2813,2
2814,0
2815,1
2816,3
2817,1
2818,2
2819,1
2820,4
2821,3
2823,0
2824,3
2825,2
2826,1
2827,1
2830,0
2832,0
2833,0
2834,2
2835,0
2836,1
2840,0
2841,0
2842,2
2843,1
2844,2
2845,0
2846,1
2847,1
2848,0
2849,1
2851,2
2852,2
2854,0
2855,1
2856,3
2857,1
2858,1
2859,3
2860,3
2861,4
2862,0
2863,4
2864,2
2865,1
2866,3
2867,1
2868,1
2869,1
2870,1
2871,1
2872,1
2873,1
2875,4
2877,1
2878,0
2879,2
2880,0
2881,2
2882,2
2883,0
2885,1
2886,2
2887,1
2889,0
2890,0
2891,1
2892,0
2893,3
2894,1
2895,3
2896,0
2897,0
2900,0
2901,0
2902,2
2904,1
2905,2
2906,3
2907,0
2909,2
2910,0
2912,0
2913,1
2914,2
2915,2
2916,1
2917,1
2918,2
2919,2
2920,1
2921,2
2922,2
2924,2
2925,1
2926,2
2927,3
2928,1
2929,1
2930,1
2932,0
2933,2
2935,4
2936,1
2937,1
2938,0
2939,0
2940,0
2941,2
2942,4
2944,0
2945,1
2946,2
2947,0
2948,2
2949,1
2950,1
2951,2
2952,0
2953,4
2954,0
2955,2
2956,1
2957,1
2958,1
2959,2
2960,1
2961,3
2962,2
2963,0
2964,1
2965,1
2966,0
2967,2
2968,1
2969,0
2971,1
2972,0
2973,1
2975,0
2976,3
2977,1
2978,2
2979,1
2980,0
2981,1
2983,2
2984,2
2985,0
2986,0
2987,1
2988,2
2989,1
2990,0
2991,1
2992,0
2993,2
2994,1
2995,0
2996,1
2997,1
2998,1
2999,1
3000,0
3002,2
3003,2
3004,0
3005,1
3006,2
3007,2
3008,0
3009,1
3010,1
3011,0
3012,1
3013,1
3014,1
3015,4
3016,2
3017,1
3019,0
3020,1
3021,4
3022,1
3024,2
3025,1
3026,1
3027,2
3029,1
3030,1
3031,1
3032,1
3033,0
3034,2
3035,0
3036,1
3037,0
3038,1
3039,2
3040,0
3041,1
3042,2
3043,1
3044,0
3045,2
3046,0
3047,1
3048,0
3049,2
3050,4
3051,1
3052,1
3053,0
3054,3
3055,4
3056,0
3057,0
3058,2
3059,1
3060,0
3061,2
3062,1
3063,1
3064,0
3065,3
3066,1
3068,0
3069,0
3070,1
3071,1
3073,3
3074,5
3075,0
3077,0
3078,2
3079,1
3080,1
3082,1
3083,0
3084,2
3085,0
3086,4
3087,1
3089,2
3090,1
3091,3
3092,2
3094,0
3095,0
3096,0
3097,0
3098,1
3099,0
3100,2
3101,1
3102,1
3103,0
3104,1
3105,1
3106,0
3107,0
3108,1
3110,1
3111,1
3112,0
3113,1
3114,2
3115,3
3116,0
3117,1
3118,0
3119,1
3120,1
3121,2
3122,0
3123,1
3124,1
3126,1
3127,1
3129,0
3130,2
3131,0
3132,1
3133,0
3134,2
3136,1
3137,2
3138,1
3139,3
3140,0
3141,1
3142,2
3143,3
3144,2
3145,1
3146,0
3147,1
3149,4
3150,1
3151,1
3152,0
3154,2
3155,3
3156,1
3157,1
3158,2
3159,1
3160,0
3161,1
3162,0
3163,0
3164,1
3165,1
3166,2
3167,3
3168,0
3170,0
3172,1
3173,2
3174,1
3175,0
3177,1
3178,2
3179,0
3180,0
3181,1
3182,0
3183,0
3184,0
3185,1
3186,2
3187,0
3188,0
3189,0
3191,3
3192,2
3193,1
3194,2
3195,1
3196,2
3197,2
3198,1
3201,2
3202,1
3203,2
3205,0
3208,2
3209,0
3210,1
3211,1
3213,1
3214,1
3215,0
3217,0
3218,0
3219,3
3221,2
3222,3
3224,1
3225,0
3226,2
3227,2
3228,2
3229,0
3230,1
3231,1
3232,1
3233,0
3234,2
3235,4
3236,0
3237,1
3238,1
3239,2
3240,1
3241,2
3243,2
3244,1
3245,1
3246,0
3247,2
3249,2
3250,1
3252,5
3253,2
3254,2
3255,3
3256,1
3257,0
3258,1
3259,1
3260,1
3261,1
3263,2
3264,1
3265,1
3266,0
3267,2
3268,2
3269,0
3270,0
3271,2
3272,1
3273,2
3275,2
3276,1
3277,3
3278,2
3279,2
3280,1
3281,1
3282,0
3283,1
3284,1
3286,2
3287,2
3288,1
3289,2
3290,2
3291,0
3292,1
3293,2
3294,0
3295,2
3296,1
3297,2
3298,1
3299,3
3300,3
3301,1
3303,1
3305,1
3306,0
3308,1
3309,2
3310,2
3311,0
3313,1
3314,1
3315,2
3316,1
3317,1
3318,0
3319,0
3320,1
3321,2
3322,1
3323,1
3324,1
3325,0
3326,2
3327,0
3328,1
3329,2
3330,0
3331,1
3332,2
3333,2
3334,1
3335,1
3336,0
3337,2
3338,2
3339,2
3340,0
3341,0
3342,1
3343,1
3348,1
3349,3
3350,1
3351,2
3352,1
3353,1
3354,0
3355,1
3356,0
3357,1
3358,3
3359,0
3360,1
3361,1
3362,0
3363,3
3364,1
3365,1
3366,3
3367,0
3368,1
3369,0
3371,4
3372,1
3373,2
3375,1
3376,1
3377,0
3378,0
3379,2
3380,1
3381,1
3382,1
3383,1
3384,3
3385,3
3386,0
3387,0
3388,0
3389,0
3391,0
3392,1
3393,1
3394,2
3395,0
3396,1
3397,2
3398,1
3399,2
3400,1
3401,0
3402,2
3403,0
3404,2
3405,1
3407,2
3409,1
3410,1
3411,1
3412,2
3414,3
3415,0
3416,2
3417,1
3418,0
3419,0
3420,2
3422,1
3423,1
3424,2
3425,0
3427,2
3429,2
3430,1
3431,2
3432,1
3433,1
3434,1
3435,2
3436,0
3437,0
3438,1
3439,2
3440,0
3442,2
3443,2
3445,2
3446,1
3447,1
3448,0
3449,2
3450,2
3451,1
3452,0
3453,1
3454,1
3455,2
3456,2
3458,0
3459,0
3460,1
3461,2
3462,0
3464,0
3465,1
3466,0
3467,3
3468,3
3469,1
3470,4
3471,1
3472,0
3473,2
3475,0
3476,1
3477,0
3478,0
3480,2
3481,2
3484,1
3486,1
3488,0
3489,2
3490,5
3491,1
3492,2
3493,1
3494,1
3495,1
3496,1
3499,2
3500,1
3501,1
3502,4
3503,2
3504,2
3505,2
3506,2
3507,0
3508,1
3509,2
3510,0
3511,3
3512,1
3513,1
3514,2
3515,0
3516,1
3517,2
3518,1
3519,2
3521,2
3522,0
3523,0
3524,0
3525,1
3526,2
3527,1
3528,2
3529,0
3531,1
3532,2
3533,1
3535,1
3536,2
3537,1
3538,1
3539,2
3540,1
3541,4
3542,1
3543,1
3544,0
3545,1
3546,1
3547,2
3548,0
3549,1
3550,1
3551,1
3553,1
3554,1
3555,0
3556,1
3557,1
3558,1
3559,1
3561,2
3562,1
3563,1
3565,2
3566,2
3567,2
3568,2
3569,2
3570,1
3571,2
3572,1
3573,1
3574,1
3575,2
3576,0
3577,1
3578,1
3581,2
3582,2
3583,2
3584,2
3585,1
3586,3
3587,2
3588,1
3589,3
3590,3
3591,1
3592,0
3593,0
3594,1
3595,1
3597,1
3598,2
3599,1
3600,0
3601,2
3603,1
3605,3
3606,1
3607,6
3608,1
3610,1
3611,3
3612,0
3613,1
3614,2
3615,1
3616,2
3617,1
3618,2
3619,3
3620,1
3621,1
3622,2
3623,1
3624,2
3625,1
3626,2
3627,3
3628,1
3629,0
3630,0
3631,0
3632,1
3633,1
3635,2
3636,1
3637,1
3638,1
3639,0
3640,2
3641,1
3642,2
3643,1
3644,1
3645,1
3646,0
3647,2
3648,0
3649,3
3650,0
3651,0
3652,1
3654,2
3656,4
3657,1
3658,1
3659,4
3660,3
3661,2
3662,0
3663,1
3666,3
3667,2
3668,3
3669,2
3670,1
3671,0
3672,1
3673,1
3674,3
3675,1
3676,0
3677,0
3679,1
3681,1
3682,2
3686,1
3687,0
3688,0
3689,0
3690,2
3691,0
3692,1
3693,1
3694,0
3696,0
3697,2
3699,4
3701,3
3702,1
3703,0
3704,0
3705,2
3707,1
3708,2
3709,1
3710,0
3712,4
3713,4
3714,0
3715,3
3717,0
3718,2
3719,0
3720,1
3721,0
3722,3
3723,1
3724,0
3725,2
3726,1
3727,0
3728,1
3729,1
3730,1
3731,1
3732,1
3733,1
3734,1
3735,0
3736,1
3737,1
3738,0
3739,2
3740,1
3741,3
3742,1
3743,2
3745,0
3746,1
3747,0
3748,1
3749,0
3751,2
3752,2
3753,2
3754,1
3755,3
3756,3
3757,3
3758,1
3759,0
3760,0
3761,2
3762,0
3763,2
3764,2
3765,1
3766,0
3767,1
3768,0
3769,0
3770,1
3771,0
3772,1
3773,0
3774,3
3775,1
3776,1
3777,1
3778,1
3779,0
3780,1
3781,0
3782,1
3783,1
3784,0
3785,1
3786,3
3787,1
3788,1
3789,2
3790,0
3791,0
3792,2
3793,0
3794,4
3795,2
3796,0
3797,2
3798,3
3799,0
3800,1
3801,2
3802,2
3803,2
3804,1
3805,2
3806,2
3807,1
3808,2
3809,1
3810,1
3811,2
3812,0
3813,4
3814,0
3815,3
3816,1
3817,1
3818,1
3819,0
3820,3
3821,3
3823,1
3824,0
3825,2
3826,3
3827,2
3828,1
3829,2
3830,0
3831,0
3832,1
3834,0
3835,4
3837,2
3838,0
3839,1
3841,1
3843,0
3844,1
3845,1
3846,2
3848,3
3849,1
3850,0
3851,2
3852,1
3853,1
3854,1
3856,0
3857,0
3858,2
3859,1
3860,1
3861,0
3862,2
3863,2
3864,1
3865,0
3866,0
3867,0
3868,2
3870,1
3871,2
3872,2
3873,3
3874,0
3875,0
3876,1
3877,2
3878,1
3879,1
3882,2
3883,0
3884,1
3885,0
3886,1
3887,0
3888,0
3890,0
3892,4
3893,0
3894,1
3895,0
3896,2
3897,3
3898,1
3899,0
3900,0
3901,1
3902,1
3903,0
3904,2
3905,2
3906,1
3908,0
3909,2
3910,1
3911,2
3913,3
3914,3
3915,2
3916,4
3917,1
3918,1
3920,3
3921,1
3922,6
3923,2
3925,3
3926,2
3927,0
3928,1
3929,1
3930,1
3931,2
3932,3
3933,1
3934,1
3935,1
3937,2
3938,0
3939,1
3940,2
3941,1
3942,1
3943,1
3944,0
3945,3
3946,1
3947,2
3948,0
3949,3
3950,1
3951,1
3952,2
3953,1
3954,0
3955,1
3956,0
3957,2
3958,0
3959,2
3960,1
3961,2
3962,2
3963,0
3965,2
3966,1
3967,2
3968,1
3969,4
3970,1
3971,0
3972,2
3973,3
3974,0
3975,1
3977,1
3978,1
3980,2
3981,3
3982,1
3983,2
3984,2
3985,2
3986,2
3987,0
3988,0
3989,6
3990,1
3991,3
3992,0
3993,2
3994,0
3995,1
3996,1
3997,0
3999,0
4000,2
4001,0
4002,1
4003,0
4005,1
4006,1
4007,0
4008,1
4009,1
4010,3
4011,0
4012,3
4013,1
4014,1
4015,5
4017,1
4018,1
4019,3
4020,1
4021,3
4023,1
4024,1
4025,1
4026,0
4027,1
4028,1
4029,0
4032,0
4033,0
4034,1
4035,2
4036,1
4037,2
4038,3
4039,4
4040,4
4041,0
4042,1
4043,0
4044,2
4046,1
4047,1
4048,1
4049,0
4050,1
4051,1
4052,2
4053,4
4054,1
4055,1
4056,1
4057,1
4058,1
4060,0
4061,3
4062,1
4063,3
4064,1
4065,0
4066,1
4067,3
4068,0
4070,1
4071,1
4072,1
4073,1
4074,3
4075,1
4076,0
4077,2
4078,2
4079,2
4080,1
4081,1
4082,0
4083,1
4084,5
4085,1
4086,2
4087,1
4088,1
4089,1
4091,1
4092,3
4093,1
4094,3
4095,1
4097,2
4098,1
4099,2
4100,0
4101,0
4103,1
4104,2
4105,2
4107,0
4108,3
4109,1
4110,1
4111,1
4112,2
4113,4
4114,2
4115,2
4116,1
4117,1
4118,0
4119,2
4120,2
4121,2
4123,0
4124,0
4125,1
4127,1
4128,1
4129,1
4130,3
4132,1
4133,2
4134,1
4135,1
4136,1
4137,2
4138,1
4139,2
4140,3
4141,2
4142,1
4144,2
4145,1
4146,0
4148,1
4149,1
4150,0
4151,0
4152,1
4153,1
4154,1
4155,0
4156,1
4157,1
4158,1
4159,0
4160,0
4161,2
4162,1
4163,0
4164,1
4166,1
4167,0
4168,0
4169,0
4170,0
4171,0
4172,1
4173,1
4174,1
4177,2
4178,1
4179,0
4180,0
4181,1
4182,0
4183,1
4184,0
4185,1
4186,5
4188,3
4189,1
4190,0
4191,1
4192,1
4193,1
4194,1
4195,0
4196,3
4197,0
4198,1
4200,1
4201,0
4202,0
4203,0
4204,2
4205,0
4206,0
4207,1
4208,1
4209,1
4210,1
4212,1
4213,1
4214,2
4215,1
4216,2
4217,0
4218,1
4219,1
4220,0
4222,0
4223,1
4224,1
4225,0
4226,0
4227,1
4228,0
4229,2
4230,1
4232,1
4233,1
4234,1
4235,0
4236,3
4237,1
4238,1
4239,2
4240,2
4242,0
4243,0
4244,1
4245,0
4246,3
4247,1
4248,0
4249,1
4251,0
4252,0
4253,1
4254,1
4255,2
4256,0
4258,0
4259,0
4260,3
4261,1
4262,2
4263,3
4264,2
4265,2
4266,4
4267,1
4268,0
4269,1
4270,0
4271,1
4272,1
4273,0
4274,0
4275,1
4276,0
4277,2
4278,0
4279,0
4280,1
4281,1
4282,2
4283,3
4285,1
4286,0
4287,2
4288,1
4289,1
4290,0
4291,1
4292,1
4293,3
4294,1
4296,1
4297,0
4298,4
4299,2
4300,1
4301,2
4302,1
4303,1
4304,2
4305,1
4306,1
4307,0
4308,1
4309,2
4311,2
4312,1
4313,0
4314,0
4315,2
4316,1
4317,3
4318,3
4319,3
4320,0
4321,2
4322,2
4323,0
4324,1
4325,1
4326,2
4327,1
4328,2
4329,1
4330,4
4332,1
4333,1
4334,2
4335,1
4336,1
4337,1
4338,1
4339,1
4340,1
4341,0
4342,5
4343,1
4344,3
4345,1
4346,1
4347,0
4348,0
4349,1
4350,1
4351,1
4352,2
4354,2
4355,1
4356,0
4357,3
4358,1
4359,0
4360,3
4362,2
4363,1
4364,1
4365,0
4366,1
4367,1
4368,1
4369,1
4370,2
4371,0
4372,1
4373,1
4374,1
4375,2
4376,1
4377,0
4378,1
4379,1
4381,2
4382,1
4383,0
4385,0
4386,1
4387,0
4388,1
4389,0
4390,0
4391,1
4392,1
4393,0
4394,1
4395,1
4397,1
4398,1
4399,0
4401,2
4403,0
4404,1
4405,1
4406,3
4407,1
4408,2
4409,2
4410,2
4411,1
4412,3
4413,1
4414,2
4415,1
4416,0
4417,1
4418,1
4419,1
4420,1
4421,2
4422,1
4424,1
4425,3
4426,2
4427,1
4428,0
4429,3
4430,2
4431,1
4432,0
4433,3
4434,0
4435,1
4436,0
4437,2
4439,2
4441,1
4442,1
4444,0
4445,1
4446,0
4447,2
4448,0
4449,0
4450,2
4451,1
4452,3
4455,2
4456,1
4457,0
4458,1
4459,1
4460,1
4461,3
4463,1
4464,1
4465,2
4466,2
4468,1
4469,0
4470,2
4471,1
4472,2
4473,1
4474,2
4475,1
4476,1
4478,2
4479,1
4480,1
4482,0
4483,1
4484,3
4485,3
4486,1
4487,2
4488,0
4489,1
4490,1
4491,4
4492,1
4493,1
4494,1
4495,1
4496,1
4497,1
4498,0
4499,3
4500,0
4501,2
4502,0
4504,1
4505,1
4507,2
4508,1
4509,2
4510,0
4511,1
4512,1
4513,0
4514,0
4515,0
4516,1
4517,0
4518,1
4519,0
4520,1
4521,1
4522,1
4524,0
4525,0
4526,0
4527,2
4529,3
4530,4
4531,0
4532,1
4534,0
4535,1
4537,2
4538,0
4539,0
4540,1
4541,1
4542,0
4543,0
4544,0
4545,1
4546,0
4547,1
4548,1
4549,2
4550,1
4551,1
4552,0
4553,1
4554,1
4556,1
4557,3
4558,1
4559,0
4560,2
4561,1
4562,2
4563,0
4564,1
4565,1
4566,1
4567,1
4568,1
4569,2
4570,1
4571,0
4572,0
4573,0
4575,0
4576,0
4577,3
4578,1
4579,1
4580,1
4581,2
4583,1
4584,1
4585,3
4586,0
4587,0
4588,1
4589,0
4590,2
4591,3
4592,5
4593,1
4595,1
4597,1
4598,1
4599,3
4600,2
4601,0
4602,1
4603,0
4604,0
4605,1
4606,0
4607,1
4608,2
4609,0
4610,1
4611,3
4612,1
4614,2
4617,2
4618,1
4619,2
4620,3
4621,3
4622,0
4623,2
4624,0
4625,0
4626,1
4627,1
4628,1
4629,3
4632,1
4633,1
4634,1
4635,1
4636,1
4637,0
4638,1
4641,1
4642,1
4643,1
4644,2
4646,2
4647,0
4648,1
4649,1
4651,1
4653,1
4654,3
4655,1
4656,0
4657,0
4659,1
4660,0
4661,1
4662,1
4663,1
4664,1
4665,1
4666,1
4667,0
4668,0
4669,4
4670,1
4671,1
4672,3
4673,1
4674,2
4675,3
4676,1
4677,1
4678,2
4679,1
4680,1
4682,2
4683,1
4684,0
4685,1
4686,0
4687,3
4691,0
4693,1
4694,0
4696,1
4697,2
4698,0
4699,1
4700,1
4701,2
4702,1
4703,2
4704,1
4705,1
4706,2
4707,0
4708,0
4709,1
4710,3
4711,0
4712,0
4713,3
4714,2
4715,1
4716,3
4717,1
4719,1
4720,0
4721,0
4722,0
4723,4
4724,2
4726,2
4728,1
4729,1
4730,0
4731,0
4732,3
4733,1
4735,0
4736,0
4737,0
4738,1
4739,1
4740,1
4741,0
4742,0
4743,1
4744,1
4746,1
4747,1
4748,1
4749,0
4750,2
4751,0
4752,2
4753,1
4754,2
4755,2
4756,2
4757,2
4758,1
4759,2
4760,1
4761,1
4763,1
4764,1
4765,0
4767,2
4768,0
4769,1
4770,1
4771,2
4773,1
4774,3
4775,0
4778,0
4779,3
4780,0
4782,3
4783,0
4784,3
4785,1
4787,1
4788,2
4789,3
4790,0
4791,0
4792,0
4793,2
4794,3
4795,2
4796,1
4797,1
4798,0
4799,2
4800,2
4801,2
4802,0
4803,2
4804,1
4805,1
4806,1
4807,2
4808,0
4809,1
4810,1
4811,2
4812,0
4813,0
4814,2
4816,0
4817,6
4818,1
4819,1
4821,2
4822,3
4823,0
4824,1
4825,1
4826,3
4827,2
4828,1
4829,0
4830,0
4831,1
4832,0
4833,2
4834,1
4837,4
4838,1
4839,1
4840,0
4841,1
4842,1
4843,3
4844,1
4845,4
4846,2
4847,1
4848,1
4849,0
4850,0
4851,3
4853,2
4854,2
4855,1
4857,1
4858,3
4859,1
4860,1
4861,2
4862,1
4864,1
4865,1
4866,0
4868,2
4869,2
4870,1
4871,2
4872,1
4873,0
4874,1
4875,2
4876,0
4877,1
4879,2
4880,1
4881,1
4882,2
4885,0
4886,2
4887,0
4889,0
4890,1
4891,1
4892,1
4893,2
4894,2
4895,2
4896,1
4897,1
4898,1
4899,0
4900,0
4901,2
4902,1
4903,2
4904,0
4905,1
4906,1
4907,0
4909,2
4910,0
4911,1
4912,1
4913,0
4914,0
4915,3
4917,2
4918,0
4919,1
4920,2
4921,3
4922,1
4923,2
4924,1
4925,0
4926,1
4927,0
4928,0
4930,1
4931,2
4932,1
4933,2
4934,1
4936,0
4938,0
4939,0
4940,0
4941,1
4942,0
4943,0
4944,2
4945,1
4946,1
4947,3
4948,0
4950,2
4951,2
4952,0
4953,4
4955,2
4956,0
4957,1
4958,1
4959,1
4960,2
4961,1
4962,1
4963,2
4964,1
4965,0
4966,2
4968,1
4969,1
4970,2
4971,1
4972,4
4973,1
4974,1
4975,0
4976,0
4977,1
4978,0
4979,1
4980,2
4981,0
4982,2
4983,1
4984,0
4985,0
4986,2
4987,1
4988,2
4989,1
4990,2
4991,0
4992,2
4993,0
4994,1
4995,0
4996,0
4997,1
4998,1
4999,0
5000,2
5001,1
5002,1
5003,3
5004,3
5005,1
5006,2
5007,5
5008,3
5009,1
5011,4
5012,1
5013,1
5014,1
5015,1
5016,0
5017,0
5018,5
5019,0
5020,3
5021,2
5022,1
5023,1
5024,1
5025,1
5027,0
5028,1
5029,0
5030,0
5031,2
5032,1
5033,1
5034,3
5035,3
5036,1
5037,4
5038,1
5039,1
5040,4
5041,0
5042,0
5043,1
5044,0
5045,1
5046,1
5047,0
5048,2
5049,0
5050,0
5051,1
5052,1
5053,1
5055,2
5056,0
5057,0
5058,1
5059,0
5060,1
5062,0
5063,2
5064,4
5065,0
5066,1
5067,2
5068,1
5069,1
5070,1
5072,1
5073,1
5074,1
5075,1
5077,1
5078,1
5080,2
5081,2
5082,1
5083,2
5084,1
5086,1
5087,1
5088,0
5089,1
5091,2
5092,1
5093,0
5094,0
5095,0
5096,1
5097,1
5098,0
5099,1
5101,2
5102,1
5103,2
5104,1
5105,1
5106,4
5107,0
5108,1
5109,3
5110,2
5111,1
5112,0
5113,2
5114,0
5115,3
5116,1
5117,3
5118,2
5119,1
5120,1
5121,2
5122,1
5123,5
5125,0
5126,0
5127,0
5128,2
5129,1
5130,1
5131,2
5133,2
5134,3
5136,0
5137,2
5138,2
5139,0
5140,1
5141,3
5142,1
5143,1
5144,1
5145,0
5146,1
5147,3
5148,1
5149,1
5150,0
5151,1
5152,0
5153,2
5154,3
5155,2
5156,3
5157,1
5158,0
5159,2
5161,1
5162,2
5163,2
5164,0
5165,1
5166,2
5167,1
5168,1
5169,2
5170,2
5171,2
5172,1
5173,0
5175,2
5176,1
5177,1
5178,3
5179,3
5180,1
5181,1
5183,2
5184,1
5185,3
5186,2
5187,2
5188,3
5189,2
5190,2
5191,0
5193,0
5194,0
5195,3
5196,0
5198,4
5199,3
5200,0
5201,0
5202,0
5203,2
5204,1
5206,2
5207,1
5208,1
5209,0
5210,4
5211,0
5212,2
5214,0
5215,2
5216,2
5217,1
5218,1
5219,1
5220,1
5221,1
5222,0
5223,0
5224,1
5225,1
5226,0
5228,2
5229,0
5230,1
5232,0
5233,1
5234,1
5237,1
5238,1
5240,2
5241,2
5242,1
5244,1
5245,0
5246,1
5247,1
5248,1
5249,2
5250,1
5251,2
5252,0
5254,2
5255,2
5256,3
5257,1
5258,1
5259,1
5260,2
5261,3
5262,1
5263,1
5264,1
5266,0
5267,2
5269,1
5270,0
5271,1
5272,2
5273,2
5275,2
5276,0
5277,2
5278,1
5279,0
5280,1
5282,1
5283,1
5285,0
5286,2
5287,2
5288,1
5289,3
5290,1
5291,1
5292,1
5293,2
5295,1
5296,2
5297,0
5298,0
5299,1
5301,1
5302,0
5303,2
5304,2
5305,1
5306,0
5307,1
5308,1
5309,0
5310,0
5311,1
5312,1
5313,1
5314,0
5315,0
5317,0
5318,0
5319,2
5320,1
5321,0
5322,0
5323,1
5325,0
5327,0
5328,1
5329,0
5330,1
5331,1
5333,0
5334,1
5335,0
5337,0
5338,1
5339,0
5340,1
5341,2
5342,2
5343,0
5346,0
5347,3
5348,1
5349,2
5350,2
5351,3
5352,3
5353,1
5354,0
5355,2
5356,0
5357,2
5358,2
5359,1
5361,0
5362,1
5363,1
5364,1
5365,0
5366,2
5367,0
5368,1
5369,0
5370,3
5371,1
5372,1
5373,1
5374,3
5375,2
5376,1
5377,1
5378,1
5379,4
5380,6
5381,4
5383,0
5384,1
5385,2
5386,1
5387,2
5388,0
5389,2
5390,2
5391,1
5392,1
5393,1
5394,0
5396,3
5398,2
5399,1
5400,1
5402,2
5403,1
5404,2
5405,2
5406,2
5407,0
5408,2
5409,0
5410,1
5411,1
5412,1
5414,0
5415,1
5416,1
5417,0
5418,1
5419,1
5420,1
5421,1
5423,1
5424,1
5425,0
5426,1
5427,0
5428,0
5429,1
5430,2
5431,2
5432,3
5433,4
5434,1
5435,0
5436,3
5437,2
5438,3
5440,1
5441,1
5442,2
5443,0
5444,0
5445,0
5446,2
5447,0
5448,2
5449,0
5450,2
5452,2
5453,0
5454,2
5455,0
5456,2
5457,2
5458,0
5459,0
5460,0
5461,0
5462,0
5463,3
5465,2
5466,1
5467,1
5468,2
5469,0
5470,2
5472,1
5473,2
5474,1
5475,1
5476,2
5478,2
5479,2
5480,2
5482,1
5483,1
5485,0
5486,2
5487,1
5488,1
5490,2
5491,4
5493,2
5494,2
5495,1
5496,2
5497,0
5498,1
5499,1
5500,1
5501,1
5502,3
5503,1
5504,1
5505,0
5506,2
5507,1
5508,0
5509,0
5512,1
5513,0
5514,1
5515,1
5516,2
5518,1
5519,2
5520,2
5521,1
5522,3
5523,1
5524,1
5525,1
5526,0
5527,1
5529,1
5530,2
5531,1
5532,2
5533,2
5534,1
5535,3
5536,2
5537,2
5538,3
5539,1
5540,2
5541,1
5543,1
5544,1
5545,2
5546,1
5548,2
5549,1
5550,1
5551,0
5553,2
5554,3
5555,2
5556,1
5557,2
5558,0
5559,1
5560,0
5561,2
5563,1
5565,1
5568,0
5569,0
5570,0
5571,1
5572,1
5573,0
5574,1
5575,1
5576,1
5577,0
5579,0
5580,0
5581,2
5582,2
5583,2
5584,1
5585,3
5586,1
5587,0
5588,2
5589,3
5590,0
5591,0
5592,0
5593,2
5594,0
5595,1
5596,1
5597,1
5598,1
5599,1
5600,0
5601,3
5603,1
5605,4
5606,2
5607,3
5608,1
5610,3
5611,1
5612,3
5613,1
5614,0
5615,1
5616,0
5617,1
5618,1
5619,2
5620,1
5621,0
5622,2
5623,0
5624,1
5625,0
5626,2
5627,0
5628,0
5630,2
5631,0
5632,0
5633,0
5634,1
5635,0
5636,1
5637,2
5638,0
5639,1
5640,0
5641,1
5642,1
5643,2
5644,2
5645,1
5646,1
5647,1
5648,0
5649,1
5650,1
5651,1
5652,2
5653,3
5654,1
5655,1
5656,4
5658,2
5660,1
5662,1
5664,0
5665,1
5666,0
5667,0
5668,0
5669,2
5670,1
5671,1
5672,1
5673,1
5674,1
5675,0
5676,2
5677,0
5678,1
5679,0
5680,1
5681,1
5682,0
5683,1
5684,3
5685,1
5686,1
5688,1
5689,0
5690,4
5692,0
5693,2
5694,1
5695,0
5696,0
5697,1
5698,1
5699,2
5700,1
5701,1
5702,1
5703,0
5706,1
5707,3
5708,1
5709,1
5710,2
5711,1
5712,0
5713,0
5714,1
5715,2
5716,1
5718,2
5719,0
5720,2
5721,0
5722,2
5723,1
5724,1
5725,1
5726,1
5728,0
5729,0
5730,2
5731,1
5732,1
5733,1
5734,0
5735,0
5736,1
5737,0
5738,4
5739,2
5741,3
5742,6
5743,0
5744,1
5745,1
5746,0
5747,0
5748,1
5749,1
5750,1
5751,0
5752,1
5753,1
5754,1
5755,3
5756,0
5757,0
5758,1
5759,1
5760,3
5762,2
5764,1
5765,1
5766,2
5767,3
5768,2
5769,1
5771,1
5772,1
5774,2
5775,1
5777,0
5778,1
5779,1
5780,3
5781,0
5782,1
5784,2
5785,1
5786,2
5787,1
5789,0
5790,0
5791,3
5792,1
5796,2
5797,2
5798,1
5799,3
5800,2
5801,1
5802,0
5803,1
5804,2
5805,1
5806,0
5807,2
5808,0
5809,1
5810,1
5812,1
5813,1
5815,0
5816,1
5817,1
5818,1
5819,0
5820,2
5821,0
5822,2
5823,2
5824,3
5827,1
5828,0
5829,4
5831,1
5832,3
5833,1
5834,3
5835,2
5836,3
5837,1
5838,3
5839,0
5840,5
5841,1
5843,1
5844,1
5845,3
5846,1
5847,4
5848,2
5849,1
5850,1
5851,1
5852,0
5855,4
5856,1
5857,1
5859,1
5860,0
5861,1
5862,2
5863,2
5864,1
5866,1
5867,1
5868,1
5869,2
5870,0
5871,2
5872,2
5874,1
5875,3
5876,0
5877,1
5878,2
5879,1
5880,0
5881,2
5882,4
5883,1
5884,1
5885,2
5886,1
5888,2
5889,2
5890,1
5891,1
5892,1
5893,2
5894,0
5895,1
5896,3
5898,2
5899,1
5900,2
5901,1
5902,1
5903,1
5905,0
5906,3
5907,0
5908,0
5909,2
5910,1
5911,4
5912,1
5914,1
5915,1
5916,1
5917,2
5918,3
5919,2
5920,0
5921,3
5922,4
5923,0
5924,0
5925,0
5926,0
5927,0
5928,0
5929,4
5930,2
5931,0
5932,0
5933,1
5934,2
5936,5
5937,1
5938,1
5940,1
5941,2
5942,1
5943,0
5944,2
5947,0
5948,0
5949,1
5950,0
5951,1
5952,0
5953,0
5954,3
5955,1
5956,1
5958,0
5959,2
5960,1
5961,1
5962,3
5963,2
5964,3
5965,2
5966,3
5969,3
5970,1
5971,1
5972,0
5973,0
5974,0
5975,1
5977,2
5978,2
5979,0
5980,1
5982,0
5983,1
5984,0
5985,2
5986,1
5987,0
5988,1
5989,1
5990,1
5991,1
5992,1
5993,1
5995,2
5996,3
5997,0
5998,1
6000,1
6001,1
6003,1
6005,3
6006,1
6007,0
6008,1
6009,0
6010,2
6012,1
6013,0
6014,3
6015,1
6016,1
6017,1
6018,1
6019,1
6020,1
6021,1
6022,1
6024,1
6025,1
6027,1
6028,1
6029,2
6030,2
6031,1
6032,0
6033,1
6034,1
6036,2
6037,0
6038,1
6039,2
6040,3
6041,0
6042,2
6043,0
6044,1
6045,2
6047,1
6048,0
6049,2
6050,0
6051,2
6052,1
6053,1
6054,2
6056,1
6057,0
6058,0
6059,2
6060,0
6061,3
6062,1
6063,3
6064,2
6065,2
6067,1
6068,1
6069,3
6070,1
6071,1
6073,0
6074,1
6075,1
6077,2
6079,0
6080,0
6081,2
6082,1
6084,0
6085,1
6086,0
6087,0
6088,0
6089,3
6090,3
6092,2
6093,1
6094,1
6095,0
6096,2
6098,1
6099,1
6100,1
6101,3
6102,2
6103,2
6105,2
6106,1
6107,3
6109,3
6111,3
6112,2
6113,2
6115,2
6116,0
6118,1
6119,1
6120,1
6121,3
6123,2
6125,0
6126,0
6127,2
6129,1
6131,1
6132,1
6133,0
6134,1
6136,1
6137,2
6138,2
6140,6
6141,0
6142,1
6143,1
6144,1
6145,1
6146,1
6147,2
6148,0
6149,4
6150,3
6151,0
6153,2
6154,1
6155,1
6157,1
6158,4
6159,1
6160,0
6162,2
6163,1
6164,3
6166,0
6167,0
6169,1
6171,1
6172,0
6173,0
6174,0
6175,0
6176,2
6177,3
6178,1
6179,4
6180,2
6181,0
6182,0
6183,1
6184,2
6185,1
6186,0
6187,0
6188,0
6189,3
6190,2
6191,1
6192,1
6193,1
6194,1
6195,1
6196,2
6197,0
6198,2
6199,2
6200,1
6201,1
6202,1
6203,1
6204,0
6205,2
6207,3
6208,0
6209,0
6211,2
6212,1
6213,1
6214,0
6215,5
6216,2
6217,1
6218,0
6219,2
6220,1
6221,0
6222,1
6223,1
6224,2
6225,4
6226,0
6228,0
6229,1
6230,1
6233,2
6234,1
6235,0
6236,1
6237,2
6238,1
6239,3
6241,1
6242,1
6243,2
6245,2
6247,1
6248,2
6249,0
6250,1
6252,3
6253,0
6254,1
6255,1
6257,0
6258,1
6259,1
6261,0
6262,2
6263,1
6264,1
6265,0
6266,3
6267,1
6269,0
6270,4
6271,2
6272,4
6273,1
6274,3
6275,1
6276,1
6277,2
6278,1
6280,0
6281,1
6283,2
6284,2
6285,2
6286,1
6289,0
6290,0
6291,0
6292,1
6293,0
6294,1
6295,1
6296,0
6297,1
6298,2
6299,1
6300,2
6301,1
6302,1
6303,0
6304,4
6306,1
6307,1
6308,2
6309,0
6310,1
6311,1
6312,0
6313,0
6314,2
6315,2
6316,2
6317,2
6318,2
6319,0
6320,0
6321,0
6322,0
6323,1
6325,0
6326,2
6328,0
6329,0
6330,1
6331,1
6332,5
6334,0
6335,1
6336,2
6337,0
6338,0
6339,1
6340,3
6341,1
6342,0
6343,1
6344,3
6346,0
6347,4
6348,2
6349,1
6350,2
6351,2
6352,0
6353,1
6354,4
6355,1
6356,0
6357,2
6358,2
6359,0
6360,1
6361,1
6362,2
6363,1
6364,0
6365,1
6366,2
6367,1
6369,0
6370,0
6372,0
6373,1
6374,0
6375,1
6376,1
6377,1
6378,3
6379,3
6380,1
6381,0
6382,1
6383,0
6384,1
6385,0
6386,1
6387,1
6388,1
6389,2
6390,0
6391,1
6392,2
6394,2
6395,1
6396,2
6397,1
6398,2
6399,0
6402,1
6403,0
6404,0
6405,2
6406,0
6407,2
6408,1
6409,4
6410,1
6411,2
6412,1
6413,2
6414,1
6415,1
6416,0
6417,1
6418,1
6419,3
6420,2
6421,1
6423,0
6424,3
6425,1
6427,2
6428,0
6430,1
6431,1
6433,2
6434,2
6436,0
6437,1
6438,0
6439,4
6440,1
6441,2
6443,1
6444,0
6445,0
6446,1
6447,0
6448,1
6449,0
6451,2
6452,1
6453,1
6454,1
6455,1
6456,1
6457,0
6459,3
6460,0
6461,0
6462,1
6463,1
6465,0
6466,0
6467,2
6468,0
6469,1
6470,1
6471,1
6472,0
6473,1
6474,0
6475,0
6476,1
6477,0
6478,1
6479,1
6480,0
6481,0
6482,0
6483,2
6484,0
6485,1
6486,2
6487,2
6488,0
6489,0
6490,0
6491,0
6492,1
6493,0
6494,2
6495,0
6496,0
6497,1
6498,1
6499,2
6500,2
6501,1
6502,0
6503,1
6504,1
6505,0
6506,2
6507,1
6508,1
6509,0
6510,1
6511,2
6512,2
6513,1
6514,2
6515,0
6516,0
6517,1
6518,1
6519,2
6520,2
6521,2
6522,1
6523,1
6524,3
6525,4
6526,1
6527,1
6529,1
6530,0
6531,2
6532,2
6533,4
6534,0
6535,0
6536,0
6537,0
6538,0
6539,1
6540,2
6541,0
6542,1
6544,1
6545,3
6546,3
6547,1
6548,2
6549,0
6551,0
6553,1
6554,0
6555,2
6556,1
6557,1
6558,1
6559,0
6560,2
6561,0
6562,1
6563,0
6564,1
6565,0
6566,1
6567,1
6568,2
6569,2
6570,0
6571,3
6572,0
6573,1
6575,0
6576,2
6577,0
6578,1
6579,1
6580,1
6581,0
6583,4
6584,0
6586,2
6587,2
6588,1
6589,0
6590,1
6591,1
6592,1
6593,1
6594,1
6596,0
6597,2
6598,2
6599,0
6600,0
6601,0
6602,3
6603,1
6604,0
6605,2
6606,3
6607,1
6608,2
6609,2
6610,3
6611,0
6612,2
6613,5
6614,1
6615,0
6616,3
6617,1
6618,3
6619,1
6620,1
6621,2
6622,1
6623,0
6624,2
6625,1
6626,2
6627,0
6628,1
6629,2
6630,4
6631,1
6633,0
6634,1
6635,3
6636,2
6637,0
6638,1
6639,2
6640,1
6641,1
6642,2
6643,2
6644,1
6645,1
6646,2
6647,0
6648,0
6649,2
6650,1
6651,1
6652,1
6653,1
6654,1
6655,1
6656,0
6657,0
6658,1
6659,2
6660,0
6661,0
6662,2
6663,3
6664,0
6665,1
6666,1
6668,0
6669,0
6670,2
6671,1
6672,2
6674,2
6675,0
6676,3
6677,1
6678,2
6679,0
6680,1
6682,1
6683,1
6684,4
6685,1
6686,1
6687,1
6688,1
6689,0
6690,1
6691,0
6692,2
6693,1
6694,1
6695,1
6696,1
6697,1
6698,0
6699,2
6701,2
6702,1
6704,2
6705,1
6706,0
6708,0
6709,0
6710,1
6711,1
6713,1
6714,0
6715,1
6717,1
6718,0
6721,1
6722,1
6724,2
6725,2
6726,3
6727,0
6728,0
6729,3
6731,0
6732,3
6733,0
6734,3
6735,0
6736,4
6737,1
6738,1
6739,1
6741,0
6742,3
6743,3
6744,2
6745,0
6746,0
6747,1
6748,0
6749,3
6750,1
6751,1
6752,1
6753,2
6754,1
6755,0
6756,1
6757,1
6758,0
6759,1
6760,3
6761,1
6762,2
6763,1
6764,0
6765,5
6766,0
6767,1
6768,2
6769,1
6770,1
6771,2
6772,2
6773,1
6775,0
6776,2
6777,2
6778,1
6779,2
6780,1
6781,0
6783,1
6784,2
6785,2
6786,3
6787,1
6788,1
6789,1
6790,0
6791,1
6792,1
6793,1
6794,1
6795,1
6796,0
6797,1
6798,0
6799,2
6800,0
6801,1
6802,1
6803,3
6804,2
6805,1
6806,3
6807,1
6809,1
6810,1
6811,1
6812,2
6813,1
6814,0
6815,0
6816,0
6817,3
6818,1
6819,0
6820,2
6821,2
6822,1
6823,0
6824,2
6825,1
6826,1
6827,0
6828,1
6829,1
6831,1
6832,2
6833,1
6834,4
6835,2
6836,1
6837,2
6838,0
6839,0
6840,1
6841,2
6842,1
6843,0
6844,1
6846,1
6847,2
6849,0
6851,1
6852,2
6853,1
6854,1
6855,1
6856,4
6858,2
6859,1
6860,3
6861,1
6862,1
6863,2
6864,2
6865,0
6866,4
6867,4
6868,2
6870,0
6871,0
6872,1
6873,1
6874,0
6875,0
6876,1
6878,1
6879,1
6880,2
6881,2
6882,1
6883,1
6884,2
6885,0
6887,0
6888,1
6889,2
6890,2
6891,1
6892,2
6893,1
6894,1
6895,1
6896,2
6897,1
6898,4
6899,0
6900,1
6901,2
6902,2
6903,3
6904,2
6907,0
6909,2
6910,1
6911,2
6912,1
6914,1
6916,0
6917,0
6918,1
6919,1
6920,1
6921,0
6922,2
6923,2
6925,2
6926,1
6927,1
6928,1
6929,3
6930,2
6931,0
6932,0
6933,0
6934,1
6935,1
6936,1
6937,1
6938,1
6939,1
6940,0
6941,0
6942,1
6943,1
6944,0
6945,2
6946,2
6947,1
6948,2
6949,1
6950,1
6951,1
6953,0
6954,1
6955,1
6956,0
6957,1
6958,1
6959,0
6960,1
6961,2
6962,1
6963,1
6964,1
6965,2
6966,1
6967,0
6968,3
6969,2
6970,1
6971,1
6973,2
6975,1
6976,1
6977,2
6978,0
6980,1
6981,0
6982,1
6983,0
6984,1
6985,0
6986,1
6989,2
6990,1
6991,0
6992,0
6993,2
6994,0
6995,0
6996,2
6997,3
6998,1
6999,0
7000,1
7001,0
7003,2
7004,2
7005,2
7006,3
7007,1
7008,2
7009,1
7010,1
7011,1
7012,2
7013,1
7014,1
7015,1
7016,4
7017,2
7018,2
7019,0
7020,2
7021,1
7022,1
7023,2
7025,0
7026,1
7027,1
7028,0
7029,1
7030,2
7031,1
7032,1
7034,2
7035,2
7036,0
7037,0
7038,2
7040,1
7042,1
7043,1
7044,1
7045,2
7046,0
7047,1
7048,0
7049,0
7050,0
7051,2
7052,3
7053,1
7054,0
7055,2
7056,3
7057,0
7058,0
7059,1
7060,0
7061,1
7062,1
7063,2
7064,3
7065,1
7066,2
7067,1
7068,0
7069,1
7070,0
7071,1
7072,1
7073,0
7075,0
7076,2
7077,1
7078,0
7079,2
7080,0
7082,2
7083,2
7084,0
7085,1
7086,1
7087,2
7088,0
7089,2
7090,2
7091,1
7092,1
7093,0
7094,1
7095,3
7096,1
7097,1
7098,2
7099,0
7100,1
7101,4
7102,1
7103,0
7104,1
7105,1
7106,1
7107,2
7108,3
7109,1
7110,1
7111,1
7113,1
7115,4
7116,1
7117,1
7118,2
7119,0
7120,1
7121,3
7122,2
7123,2
7124,1
7125,0
7126,1
7127,0
7128,1
7129,1
7130,0
7131,1
7132,1
7133,1
7134,2
7135,0
7136,1
7137,2
7138,0
7139,1
7140,1
7141,0
7143,0
7144,2
7145,1
7146,2
7148,0
7149,2
7150,0
7151,1
7152,1
7153,2
7154,1
7155,0
7156,2
7157,1
7158,1
7159,1
7160,2
7161,2
7162,2
7163,1
7164,0
7165,0
7166,2
7167,0
7168,2
7169,1
7170,0
7171,2
7172,1
7173,3
7174,1
7175,2
7176,2
7177,1
7179,0
7180,2
7181,3
7182,0
7183,0
7184,0
7185,0
7186,2
7187,0
7188,2
7189,0
7190,3
7192,0
7193,1
7195,1
7196,1
7197,3
7198,1
7199,0
7201,1
7202,1
7203,2
7204,2
7205,0
7206,1
7207,1
7208,2
7209,0
7210,2
7211,4
7212,4
7213,1
7214,4
7215,0
7216,2
7217,1
7218,1
7220,2
7221,0
7222,0
7223,1
7224,2
7225,1
7226,1
7227,2
7228,1
7229,3
7230,2
7231,1
7232,2
7234,0
7235,1
7236,0
7237,1
7239,0
7240,2
7241,0
7242,2
7243,1
7244,0
7245,1
7246,0
7247,0
7248,1
7249,0
7250,1
7251,2
7252,0
7253,1
7254,2
7256,0
7258,0
7259,0
7261,2
7262,0
7263,3
7264,1
7265,2
7266,0
7267,1
7268,1
7269,0
7270,2
7271,1
7273,1
7274,1
7275,2
7276,1
7277,1
7278,1
7279,1
7280,2
7281,2
7282,0
7285,1
7286,2
7288,0
7289,2
7291,1
7292,0
7293,0
7294,1
7295,0
7296,1
7297,2
7298,1
7299,2
7300,1
7301,1
7302,1
7303,0
7304,3
7305,0
7307,1
7308,1
7309,1
7310,3
7311,0
7312,1
7314,0
7315,0
7317,1
7319,3
7320,0
7321,0
7323,2
7324,3
7325,1
7326,5
7327,0
7328,3
7329,0
7330,1
7331,2
7332,0
7333,0
7334,1
7335,1
7336,0
7337,1
7338,2
7339,0
7340,4
7341,1
7342,0
7343,1
7345,1
7346,0
7347,1
7348,1
7349,2
7351,1
7352,0
7353,1
7354,1
7355,1
7356,1
7357,2
7358,1
7359,1
7360,0
7361,0
7362,0
7363,2
7364,0
7365,2
7366,0
7367,1
7369,1
7370,2
7371,1
7372,1
7373,5
7374,5
7375,1
7376,0
7377,1
7378,1
7379,3
7380,0
7381,0
7382,2
7383,1
7384,1
7385,2
7386,4
7387,2
7388,2
7389,1
7390,1
7391,2
7392,1
7393,0
7395,1
7396,2
7397,3
7398,1
7399,2
7401,3
7402,2
7403,3
7404,1
7405,1
7406,2
7410,1
7411,1
7412,1
7413,1
7414,1
7415,0
7417,2
7418,0
7419,1
7420,0
7421,2
7422,1
7423,1
7424,0
7425,0
7427,1
7428,0
7430,3
7431,0
7432,1
7433,2
7434,1
7435,2
7436,2
7437,1
7438,1
7439,0
7440,4
7441,2
7442,0
7443,2
7444,1
7445,3
7446,1
7447,2
7448,1
7449,1
7450,2
7451,3
7453,1
7454,2
7455,0
7456,2
7457,1
7458,0
7459,2
7460,0
7461,1
7462,2
7463,1
7465,2
7466,0
7468,1
7469,4
7470,0
7471,0
7473,3
7474,1
7475,0
7476,1
7477,2
7478,2
7479,1
7480,1
7481,1
7482,0
7483,2
7484,1
7485,1
7486,1
7487,2
7488,1
7489,1
7490,3
7491,2
7493,2
7494,2
7495,2
7496,2
7497,0
7498,1
7499,3
7500,0
7501,1
7502,2
7503,3
7504,0
7505,0
7506,2
7507,1
7508,3
7509,2
7510,1
7511,0
7512,1
7513,0
7514,0
7515,5
7517,3
7518,2
7519,3
7520,2
7521,4
7522,2
7523,1
7524,0
7525,4
7526,2
7527,2
7528,0
7529,1
7530,1
7531,2
7533,0
7534,2
7535,1
7536,2
7537,2
7538,0
7539,0
7540,2
7541,3
7542,1
7543,1
7545,0
7546,0
7547,0
7548,3
7550,2
7551,0
7552,3
7553,3
7554,0
7555,1
7556,2
7557,1
7558,1
7559,1
7560,4
7561,1
7564,0
7565,2
7566,2
7567,4
7568,1
7569,1
7570,1
7571,0
7572,1
7573,3
7574,4
7576,1
7577,0
7578,2
7579,5
7581,1
7582,2
7583,2
7584,2
7585,0
7586,3
7587,1
7588,3
7590,1
7591,1
7592,2
7593,0
7594,1
7595,2
7597,1
7598,2
7599,0
7600,1
7601,1
7602,0
7603,1
7604,2
7605,0
7606,2
7607,1
7608,2
7610,1
7611,0
7612,0
7613,1
7614,1
7615,2
7616,1
7617,2
7618,2
7619,0
7620,0
7621,2
7622,2
7623,0
7624,1
7625,2
7626,0
7627,2
7628,2
7629,3
7631,2
7632,1
7633,1
7634,1
7635,1
7636,1
7637,0
7638,2
7640,0
7642,0
7643,1
7644,2
7645,1
7646,0
7647,0
7648,2
7649,1
7650,1
7651,2
7652,1
7653,1
7654,1
7655,1
7656,0
7657,2
7658,1
7659,3
7660,0
7661,0
7662,1
7663,1
7664,0
7665,3
7666,2
7667,2
7668,1
7669,0
7670,1
7671,1
7672,1
7673,2
7675,1
7676,1
7677,1
7678,0
7679,2
7681,2
7682,1
7684,0
7685,1
7687,1
7688,0
7689,2
7690,1
7691,2
7692,2
7693,2
7694,2
7695,1
7696,1
7697,1
7698,3
7700,2
7701,2
7702,1
7703,1
7704,1
7705,2
7706,1
7707,1
7708,3
7709,0
7710,1
7711,1
7712,2
7713,2
7714,2
7715,1
7717,0
7718,1
7719,0
7720,0
7721,1
7722,4
7723,1
7724,5
7725,2
7726,1
7727,1
7728,2
7729,2
7730,0
7731,1
7732,3
7733,1
7734,0
7735,2
7736,1
7737,0
7738,3
7739,2
7740,0
7741,2
7742,0
7743,3
7744,0
7746,1
7747,2
7748,2
7749,1
7750,1
7751,1
7752,1
7753,0
7754,1
7755,1
7757,0
7758,3
7759,0
7760,1
7761,0
7762,0
7763,0
7764,3
7765,1
7766,2
7767,2
7768,3
7769,1
7770,4
7771,2
7772,2
7773,1
7776,0
7777,2
7779,1
7780,2
7781,2
7782,2
7783,1
7784,0
7785,1
7786,0
7787,1
7788,2
7789,4
7790,0
7791,2
7792,2
7793,1
7794,1
7795,0
7796,1
7797,0
7798,2
7799,1
7800,0
7801,1
7802,1
7803,1
7804,1
7805,2
7806,0
7807,1
7808,0
7809,1
7810,3
7811,1
7812,0
7813,0
7814,0
7818,0
7819,1
7820,0
7821,1
7822,0
7823,1
7824,3
7825,1
7826,0
7827,1
7829,2
7830,1
7831,1
7832,0
7833,0
7834,0
7835,4
7836,2
7838,0
7840,1
7841,1
7842,0
7844,4
7845,1
7846,1
7847,1
7848,0
7849,0
7850,4
7851,2
7852,2
7853,3
7855,1
7856,0
7857,1
7858,2
7859,0
7860,0
7861,0
7862,1
7863,0
7864,1
7866,3
7867,1
7868,4
7869,2
7870,2
7872,3
7874,1
7875,1
7876,1
7877,3
7878,2
7879,1
7880,0
7881,1
7883,1
7885,0
7886,1
7887,2
7888,1
7889,0
7890,1
7891,3
7892,1
7893,0
7894,3
7895,2
7897,0
7898,2
7899,2
7901,0
7902,0
7903,1
7904,1
7905,2
7906,1
7907,1
7908,2
7909,1
7910,1
7911,0
7912,2
7913,1
7914,1
7915,1
7916,3
7917,1
7918,3
7919,1
7920,0
7922,1
7923,0
7924,2
7926,2
7927,3
7928,2
7929,0
7930,1
7931,1
7932,5
7933,3
7934,0
7935,3
7936,2
7937,0
7938,1
7939,1
7940,1
7942,1
7943,1
7944,1
7945,1
7946,2
7947,1
7948,1
7949,1
7950,1
7951,2
7952,2
7954,2
7955,2
7957,3
7958,2
7959,0
7960,1
7961,1
7962,1
7963,1
7964,1
7965,2
7966,1
7967,0
7968,1
7969,3
7970,2
7971,1
7972,2
7973,1
7974,2
7975,1
7976,1
7977,1
7979,0
7980,4
7982,0
7983,0
7985,1
7986,1
7987,2
7988,1
7989,0
7991,2
7992,0
7993,1
7994,1
7995,1
7996,3
7997,1
7999,1
8000,0
8001,2
8002,0
8003,3
8004,0
8005,1
8006,2
8007,1
8008,2
8009,2
8010,1
8011,3
8012,1
8013,1
8014,2
8015,0
8016,0
8017,2
8018,1
8019,0
8020,1
8021,1
8022,1
8023,2
8024,3
8025,2
8026,0
8027,0
8029,1
8030,0
8031,1
8032,2
8033,2
8034,1
8035,1
8036,1
8037,0
8039,0
8040,0
8041,1
8042,1
8043,1
8044,1
8045,2
8047,0
8048,1
8049,0
8050,3
8051,1
8052,1
8053,1
8054,2
8055,1
8056,1
8057,1
8058,1
8060,1
8061,2
8062,1
8063,1
8064,1
8065,1
8067,3
8068,1
8069,1
8070,2
8072,0
8073,4
8074,1
8075,0
8076,2
8077,1
8078,5
8079,1
8080,2
8081,1
8082,1
8083,2
8084,2
8085,1
8087,4
8088,2
8089,2
8090,1
8091,1
8092,0
8093,0
8094,2
8095,0
8096,1
8097,0
8098,1
8099,2
8101,2
8102,0
8103,1
8104,0
8105,0
8106,3
8107,1
8112,3
8114,1
8115,1
8117,1
8118,1
8119,0
8120,1
8121,1
8122,2
8123,2
8124,1
8125,3
8126,1
8127,2
8128,1
8129,2
8131,4
8132,3
8133,1
8134,0
8135,1
8138,1
8139,0
8140,2
8141,0
8142,1
8143,0
8144,0
8145,2
8146,1
8147,0
8148,0
8149,1
8150,1
8151,0
8152,5
8153,2
8155,1
8156,3
8157,1
8158,3
8159,1
8160,1
8161,1
8162,1
8163,2
8164,3
8165,2
8166,1
8167,1
8168,3
8169,2
8171,0
8173,0
8174,0
8176,1
8177,0
8178,1
8179,3
8180,1
8181,0
8182,1
8183,0
8184,1
8185,1
8186,2
8187,1
8188,1
8189,1
8190,2
8191,0
8192,1
8193,0
8194,2
8195,2
8196,0
8197,0
8198,4
8199,1
8200,1
8202,1
8203,1
8204,3
8206,5
8207,1
8208,1
8209,0
8210,1
8211,1
8212,1
8213,1
8214,2
8215,0
8216,1
8217,1
8218,1
8219,0
8220,0
8221,1
8222,0
8224,1
8226,1
8227,2
8229,3
8230,4
8231,0
8232,0
8233,1
8235,1
8237,2
8238,2
8239,1
8241,0
8242,0
8243,2
8244,1
8245,1
8246,3
8247,1
8248,1
8249,0
8250,3
8251,2
8252,2
8253,2
8254,1
8256,2
8257,2
8259,2
8260,1
8261,0
8262,3
8263,1
8264,0
8265,1
8266,1
8267,3
8268,0
8269,0
8270,0
8271,2
8272,0
8273,1
8274,0
8275,0
8276,0
8277,0
8278,1
8279,1
8280,1
8281,2
8282,1
8283,0
8284,2
8285,0
8286,2
8287,1
8288,4
8289,0
8290,4
8291,1
8292,2
8293,1
8294,2
8296,1
8297,1
8298,0
8299,1
8300,4
8301,1
8302,1
8304,0
8305,3
8306,0
8307,1
8308,1
8309,3
8310,1
8311,2
8313,1
8314,2
8316,1
8317,1
8318,1
8319,1
8320,3
8321,2
8322,1
8323,2
8324,2
8325,2
8326,0
8327,0
8328,1
8329,2
8330,1
8331,2
8332,2
8333,2
8334,0
8335,0
8336,1
8337,1
8338,2
8339,0
8340,2
8341,3
8342,1
8343,0
8344,0
8346,2
8347,1
8348,0
8349,1
8350,1
8351,1
8352,1
8353,0
8354,1
8355,2
8356,1
8357,2
8358,4
8359,1
8360,1
8362,0
8363,0
8364,1
8365,2
8366,2
8367,1
8368,0
8369,1
8370,1
8371,2
8372,1
8373,1
8375,0
8376,1
8377,0
8378,1
8379,2
8380,1
8381,4
8382,3
8384,3
8385,2
8386,0
8387,0
8388,2
8389,1
8390,0
8392,1
8393,1
8395,2
8396,1
8397,0
8399,1
8400,2
8401,3
8403,0
8404,1
8405,1
8406,1
8407,1
8408,2
8409,2
8410,2
8411,2
8413,0
8414,1
8415,1
8416,1
8417,1
8418,1
8419,1
8420,0
8421,2
8422,1
8423,2
8424,0
8425,2
8426,2
8428,1
8429,3
8431,2
8432,1
8433,1
8434,1
8435,3
8436,1
8437,0
8438,1
8439,0
8441,1
8442,0
8443,1
8444,1
8445,1
8446,0
8447,0
8448,1
8449,0
8450,2
8451,1
8452,1
8453,1
8454,4
8456,1
8457,0
8458,2
8460,1
8461,0
8462,0
8463,2
8464,1
8466,3
8467,1
8468,0
8469,0
8470,1
8471,1
8472,0
8473,0
8474,1
8475,0
8476,2
8477,0
8478,1
8480,2
8481,0
8482,1
8483,1
8484,1
8485,0
8486,1
8487,1
8488,2
8489,0
8490,2
8491,0
8492,2
8493,1
8494,1
8495,0
8496,0
8497,0
8498,4
8499,1
8500,3
8501,0
8502,0
8504,1
8506,3
8507,2
8508,1
8510,1
8511,1
8512,0
8513,2
8514,1
8515,3
8516,1
8517,0
8518,2
8519,2
8520,0
8521,1
8522,1
8523,2
8524,1
8525,2
8526,2
8527,1
8528,0
8529,0
8530,0
8531,3
8532,0
8533,0
8534,1
8535,1
8536,1
8537,3
8538,1
8539,0
8540,1
8541,3
8542,0
8543,1
8544,1
8545,2
8546,3
8547,1
8548,0
8549,2
8551,0
8552,2
8553,0
8554,1
8555,1
8556,2
8557,1
8558,1
8560,0
8561,1
8562,0
8563,1
8564,0
8565,2
8566,0
8567,0
8569,1
8570,2
8571,1
8573,0
8574,1
8575,0
8576,0
8577,4
8578,1
8579,2
8580,3
8581,2
8582,2
8583,1
8585,1
8586,2
8587,2
8588,2
8589,1
8590,0
8591,3
8593,2
8594,0
8595,1
8596,1
8597,1
8598,3
8599,1
8601,3
8602,2
8603,0
8604,1
8605,0
8606,1
8607,2
8608,0
8609,1
8610,0
8612,3
8613,1
8614,2
8615,4
8616,3
8617,1
8618,1
8619,1
8620,2
8621,1
8622,2
8624,1
8625,0
8626,1
8627,1
8628,2
8630,1
8631,1
8632,1
8633,1
8634,1
8635,1
8636,3
8637,1
8639,1
8640,0
8641,2
8642,2
8643,1
8644,2
8645,2
8646,3
8647,3
8648,0
8649,2
8650,1
8651,0
8653,1
8654,2
8655,1
8656,3
8657,0
8659,1
8660,2
8661,0
8662,1
8663,1
8665,1
8666,1
8667,4
8668,3
8669,1
8670,1
8671,1
8672,2
8673,2
8674,2
8675,1
8676,1
8677,0
8679,0
8681,1
8682,3
8683,1
8684,2
8685,0
8686,1
8687,3
8688,0
8689,2
8691,2
8692,1
8694,2
8695,3
8696,1
8697,0
8698,2
8699,1
8700,1
8701,0
8703,2
8704,3
8705,2
8706,1
8707,1
8708,2
8710,1
8711,1
8712,3
8715,1
8716,0
8717,0
8718,2
8719,0
8720,1
8721,1
8722,3
8723,1
8725,2
8727,3
8728,2
8729,1
8730,0
8731,0
8732,0
8733,1
8734,3
8737,1
8739,0
8740,1
8741,3
8742,1
8743,2
8744,1
8745,1
8747,1
8748,0
8749,1
8750,0
8751,1
8752,1
8754,3
8755,0
8756,1
8757,1
8758,0
8759,1
8760,0
8761,2
8762,0
8763,0
8764,1
8765,2
8766,2
8767,3
8768,0
8769,2
8771,0
8772,0
8773,1
8774,2
8776,1
8777,1
8778,2
8780,3
8782,2
8783,1
8786,0
8787,1
8788,1
8789,2
8790,0
8791,2
8792,2
8793,0
8794,0
8795,3
8799,2
8801,2
8802,3
8803,0
8804,2
8805,2
8807,1
8808,2
8809,0
8810,2
8811,0
8812,3
8813,3
8814,1
8815,3
8816,0
8817,2
8818,2
8819,1
8820,1
8821,4
8822,2
8823,3
8824,1
8825,0
8826,1
8827,0
8828,4
8829,0
8830,3
8831,3
8832,1
8833,3
8834,0
8835,0
8836,0
8837,1
8838,2
8839,2
8841,2
8842,1
8843,0
8844,1
8845,0
8847,1
8848,0
8849,0
8850,1
8851,2
8852,2
8853,0
8854,1
8855,1
8856,1
8857,1
8858,1
8859,0
8860,0
8861,0
8862,0
8863,2
8864,1
8865,0
8867,3
8868,2
8869,2
8870,0
8871,1
8872,1
8873,1
8874,1
8875,1
8876,1
8877,1
8878,3
8879,1
8880,0
8881,1
8882,1
8883,2
8884,3
8885,3
8886,1
8887,0
8888,0
8889,0
8890,0
8891,1
8892,2
8894,0
8895,1
8897,1
8898,2
8899,2
8900,1
8901,1
8902,1
8903,0
8904,1
8905,0
8906,1
8907,2
8909,0
8910,0
8911,1
8912,1
8913,1
8914,2
8915,0
8916,1
8917,3
8918,1
8919,1
8920,1
8921,1
8922,3
8923,0
8924,1
8925,0
8927,2
8928,3
8929,2
8930,1
8932,2
8933,0
8935,1
8936,3
8937,0
8938,2
8939,1
8940,1
8941,0
8942,1
8944,0
8945,3
8946,1
8947,2
8948,2
8949,4
8950,0
8952,1
8953,1
8954,1
8956,2
8957,2
8958,2
8959,3
8960,3
8961,1
8962,3
8963,0
8964,1
8965,1
8966,3
8967,0
8969,1
8970,3
8971,2
8972,1
8973,1
8974,1
8975,2
8976,1
8977,0
8978,0
8979,2
8980,2
8981,3
8982,0
8983,2
8984,2
8985,1
8986,2
8987,0
8988,1
8990,2
8991,1
8992,0
8993,1
8994,4
8997,1
8998,1
8999,0
9001,1
9002,0
9003,2
9004,2
9008,0
9009,1
9010,0
9011,1
9013,1
9014,0
9016,1
9017,1
9018,0
9019,0
9020,0
9021,1
9022,0
9023,0
9024,1
9025,1
9027,2
9028,1
9030,1
9031,2
9033,2
9034,2
9035,1
9036,0
9037,1
9038,1
9040,1
9041,2
9042,0
9043,1
9044,1
9046,1
9047,1
9049,0
9051,1
9052,1
9053,3
9054,1
9055,1
9056,1
9057,0
9058,1
9059,1
9060,2
9063,1
9064,1
9065,0
9066,2
9068,1
9069,1
9070,2
9071,2
9072,1
9073,2
9074,1
9075,4
9076,1
9077,3
9078,2
9079,0
9081,1
9082,0
9083,1
9085,1
9086,1
9087,0
9088,0
9089,2
9090,1
9091,0
9094,1
9095,0
9096,1
9097,1
9098,3
9100,3
9101,2
9102,2
9103,1
9104,1
9105,2
9106,2
9107,1
9108,1
9109,2
9110,0
9111,0
9112,1
9113,1
9115,2
9116,1
9117,0
9118,2
9119,0
9120,1
9121,1
9122,3
9123,2
9124,0
9125,0
9126,0
9127,1
9129,1
9130,1
9131,4
9132,0
9133,0
9134,1
9135,1
9136,4
9137,3
9138,5
9139,1
9140,1
9141,0
9143,2
9144,0
9145,1
9147,2
9148,0
9149,3
9150,1
9151,3
9152,1
9153,1
9154,2
9155,1
9156,0
9157,2
9158,1
9159,1
9160,2
9161,1
9162,1
9163,0
9164,3
9165,0
9166,0
9167,3
9168,2
9169,2
9170,0
9171,2
9173,4
9174,2
9175,1
9176,2
9179,3
9180,1
9181,3
9182,1
9183,2
9184,2
9185,0
9187,2
9188,1
9189,2
9190,2
9191,1
9192,3
9193,0
9194,1
9195,0
9196,1
9197,2
9198,1
9199,1
9200,0
9201,0
9202,0
9203,3
9204,3
9205,4
9206,2
9207,1
9208,1
9210,1
9211,1
9212,0
9213,3
9215,2
9216,2
9217,4
9218,1
9219,3
9220,3
9221,1
9222,1
9223,0
9224,1
9225,1
9226,1
9227,1
9228,1
9229,1
9230,0
9231,2
9232,1
9233,2
9234,0
9235,0
9236,2
9237,2
9238,1
9239,2
9240,1
9241,1
9242,2
9243,1
9245,1
9246,2
9247,1
9249,1
9251,2
9252,0
9254,1
9255,1
9257,0
9258,0
9259,0
9260,1
9261,1
9262,1
9263,1
9265,1
9266,1
9267,2
9268,3
9269,1
9270,0
9271,1
9272,1
9274,0
9275,2
9276,1
9277,0
9278,2
9280,2
9281,0
9283,0
9284,1
9285,1
9286,1
9287,0
9289,4
9290,0
9291,2
9292,2
9293,2
9294,0
9295,1
9296,2
9297,1
9298,2
9299,0
9300,2
9301,1
9302,2
9303,0
9304,0
9305,2
9306,2
9308,2
9309,2
9310,1
9311,0
9312,3
9313,1
9315,1
9316,1
9317,1
9318,2
9319,2
9320,3
9321,0
9322,0
9323,0
9324,1
9325,0
9326,0
9327,2
9328,2
9330,1
9331,2
9332,1
9333,2
9334,1
9335,4
9336,1
9338,1
9339,0
9340,2
9341,0
9342,1
9343,1
9344,2
9345,1
9346,3
9347,1
9348,1
9349,2
9350,7
9352,0
9353,5
9354,1
9356,2
9357,0
9359,3
9360,4
9361,2
9362,1
9363,0
9364,1
9365,0
9366,2
9367,1
9368,1
9369,1
9370,2
9371,1
9372,3
9373,0
9374,2
9376,0
9377,0
9378,2
9379,1
9380,0
9381,0
9382,0
9383,1
9384,1
9386,1
9387,2
9389,1
9390,2
9391,0
9392,1
9393,1
9394,1
9395,0
9396,1
9397,2
9398,0
9399,0
9400,2
9401,2
9402,0
9403,1
9404,1
9405,1
9406,3
9407,1
9408,3
9409,1
9411,0
9412,0
9413,0
9414,2
9415,0
9416,2
9417,0
9418,4
9419,1
9420,0
9421,0
9422,1
9423,1
9424,0
9425,1
9426,0
9427,1
9428,0
9429,1
9431,1
9432,1
9433,1
9434,1
9435,2
9437,1
9438,1
9440,1
9441,1
9442,3
9443,1
9444,1
9445,2
9446,2
9447,1
9448,0
9449,1
9450,2
9451,0
9452,0
9453,1
9454,2
9455,2
9456,0
9457,0
9458,1
9459,0
9460,1
9461,0
9462,0
9463,0
9464,2
9465,1
9466,0
9468,1
9469,0
9471,1
9472,2
9473,2
9474,2
9475,0
9476,1
9477,3
9478,1
9480,1
9481,1
9482,0
9483,1
9486,2
9487,1
9488,1
9489,2
9490,1
9491,1
9492,0
9493,1
9494,0
9495,1
9496,2
9497,0
9498,3
9499,1
9501,1
9503,0
9504,2
9505,2
9506,2
9507,0
9508,1
9509,0
9510,2
9511,1
9512,2
9513,0
9514,1
9515,2
9516,1
9517,1
9518,2
9519,2
9520,2
9521,1
9522,1
9523,1
9524,1
9525,0
9526,0
9527,0
9528,0
9529,3
9533,0
9534,1
9535,1
9536,1
9538,0
9539,1
9540,2
9541,1
9542,1
9544,1
9545,0
9546,2
9548,2
9549,3
9550,2
9551,1
9552,2
9553,0
9554,2
9555,1
9556,1
9557,1
9558,2
9559,2
9560,0
9561,0
9562,1
9563,1
9564,1
9565,0
9566,2
9567,1
9568,0
9569,0
9570,0
9572,4
9574,1
9575,3
9576,0
9577,1
9578,3
9579,2
9580,1
9581,0
9582,1
9583,0
9584,2
9585,2
9586,1
9587,0
9588,2
9589,0
9590,0
9591,2
9592,3
9593,1
9594,1
9595,1
9596,4
9598,0
9599,1
9601,2
9602,0
9603,1
9604,1
9605,3
9606,0
9607,1
9608,0
9609,2
9610,1
9613,0
9614,2
9615,1
9616,1
9617,2
9618,2
9619,0
9620,1
9621,1
9622,1
9624,0
9625,1
9626,2
9627,1
9628,0
9629,0
9630,1
9631,1
9632,1
9633,2
9634,0
9635,0
9636,1
9638,1
9639,0
9640,1
9641,3
9642,0
9643,0
9644,1
9645,2
9646,1
9647,1
9648,0
9649,4
9650,4
9651,2
9652,2
9653,3
9655,1
9656,1
9657,1
9658,2
9659,0
9660,2
9661,1
9662,0
9665,1
9666,1
9667,1
9668,0
9669,2
9670,1
9672,3
9674,2
9675,1
9676,2
9677,1
9678,0
9679,0
9681,1
9682,1
9683,2
9684,3
9685,2
9686,1
9687,0
9688,1
9689,1
9690,2
9691,2
9692,0
9693,0
9694,2
9695,2
9696,1
9697,0
9698,2
9699,0
9700,1
9701,4
9702,2
9703,2
9705,3
9706,3
9707,1
9708,0
9709,2
9710,1
9711,0
9712,1
9713,0
9714,0
9715,3
9716,4
9717,1
9718,1
9719,3
9720,1
9721,1
9723,1
9724,3
9726,2
9728,2
9729,1
9730,1
9731,1
9732,2
9733,2
9734,0
9735,1
9736,2
9737,0
9738,1
9740,1
9743,1
9744,1
9745,0
9746,2
9747,1
9748,2
9749,1
9750,0
9751,0
9752,2
9753,2
9754,3
9756,1
9757,1
9759,1
9760,0
9761,0
9763,1
9764,0
9765,1
9766,1
9767,0
9768,1
9769,1
9770,0
9771,1
9772,1
9773,1
9774,1
9775,1
9776,1
9777,1
9778,2
9779,0
9780,1
9781,2
9783,1
9785,1
9787,2
9788,0
9789,1
9790,1
9791,1
9792,2
9793,1
9794,1
9795,2
9796,1
9797,1
9798,1
9799,0
9800,0
9801,1
9802,0
9803,2
9804,1
9805,1
9806,0
9807,3
9808,1
9809,1
9810,3
9811,0
9812,0
9813,0
9814,1
9815,1
9817,4
9818,4
9819,2
9820,0
9821,1
9822,2
9823,2
9824,0
9825,1
9826,1
9827,2
9828,1
9829,2
9830,1
9831,2
9834,1
9835,1
9836,0
9838,1
9839,0
9840,1
9842,3
9843,1
9844,2
9846,1
9847,0
9849,0
9850,3
9851,2
9852,1
9853,2
9854,3
9855,2
9856,1
9857,0
9858,4
9859,1
9860,1
9861,2
9862,2
9863,1
9864,3
9867,2
9868,1
9869,2
9872,1
9873,0
9874,0
9875,0
9876,1
9877,0
9879,0
9880,1
9881,0
9882,1
9883,2
9884,1
9885,1
9886,3
9887,1
9888,1
9889,1
9890,1
9891,2
9893,0
9894,0
9897,3
9898,0
9899,0
9900,1
9901,1
9902,2
9903,0
9904,0
9905,1
9906,0
9907,1
9909,1
9910,0
9911,2
9912,1
9913,2
9914,1
9915,0
9917,0
9918,1
9919,1
9920,0
9921,1
9922,0
9924,0
9925,0
9926,2
9927,1
9928,1
9929,4
9930,2
9931,1
9933,0
9934,1
9935,0
9936,0
9938,1
9939,1
9940,2
9941,1
9943,2
9945,1
9946,1
9947,1
9948,2
9949,1
9950,2
9951,2
9952,1
9953,2
9954,0
9955,0
9956,0
9957,1
9958,1
9960,2
9962,1
9963,0
9965,2
9966,0
9967,1
9968,2
9969,1
9970,2
9971,0
9973,1
9974,1
9975,0
9976,1
9977,1
9978,0
9979,0
9980,0
9981,2
9982,1
9983,1
9984,0
9985,1
9986,0
9987,1
9989,1
9990,1
9991,1
9992,0
9993,0
9994,2
9995,1
9997,2
9998,3
9999,1
10001,1
10002,0
10003,1
10004,1
10005,0
10006,2
10007,1
10008,1
10009,0
10010,0
10011,2
10012,2
10013,0
10014,0
10015,0
10016,2
10018,3
10019,1
10020,2
10021,3
10022,0
10024,1
10025,0
10026,1
10027,1
10028,1
10029,1
10030,1
10031,1
10032,1
10035,2
10036,0
10037,1
10038,2
10039,0
10040,2
10041,2
10042,1
10043,0
10044,0
10045,0
10046,2
10047,2
10048,0
10049,0
10050,1
10051,0
10052,1
10053,1
10054,1
10055,4
10056,3
10057,1
10058,1
10059,2
10060,0
10061,2
10062,1
10064,1
10065,0
10066,3
10067,1
10068,2
10069,2
10070,0
10071,2
10072,1
10073,2
10074,2
10075,1
10076,1
10077,1
10078,1
10079,2
10080,2
10081,2
10082,2
10083,1
10084,1
10085,2
10086,1
10087,1
10088,1
10089,1
10090,0
10091,2
10092,1
10093,1
10094,1
10095,3
10096,1
10097,0
10098,1
10099,1
10100,0
10101,0
10102,1
10103,2
10104,0
10105,1
10106,1
10107,1
10108,2
10110,2
10112,1
10113,0
10114,0
10115,3
10116,0
10117,1
10119,1
10120,2
10121,2
10122,4
10123,2
10124,1
10125,0
10126,3
10127,1
10128,1
10129,1
10131,1
10132,0
10133,2
10134,1
10135,1
10136,1
10137,3
10138,1
10139,1
10140,1
10141,1
10142,1
10143,2
10144,1
10145,1
10146,0
10147,2
10148,1
10149,1
10150,1
10151,0
10153,1
10154,2
10155,0
10156,0
10157,3
10158,0
10159,0
10162,1
10163,3
10165,1
10166,3
10167,0
10168,1
10169,0
10170,1
10173,1
10174,1
10175,1
10176,2
10177,0
10178,1
10179,1
10180,1
10181,1
10183,1
10184,1
10185,1
10186,1
10187,1
10188,4
10189,2
10190,1
10191,2
10192,2
10194,1
10195,1
10196,2
10197,1
10198,1
10200,1
10201,1
10202,1
10203,2
10204,2
10205,1
10206,0
10207,1
10208,0
10209,0
10210,3
10211,2
10212,3
10213,0
10214,2
10215,1
10216,2
10217,3
10218,1
10219,0
10220,0
10221,2
10222,1
10223,2
10224,0
10225,1
10226,4
10227,1
10228,3
10229,0
10230,0
10231,1
10232,1
10233,0
10234,2
10235,1
10236,0
10237,2
10238,0
10239,0
10240,1
10241,2
10243,1
10245,2
10246,0
10247,0
10248,3
10249,0
10250,3
10251,0
10252,1
10253,3
10256,1
10257,2
10258,1
10259,0
10260,1
10261,1
10263,2
10265,3
10266,0
10267,1
10268,4
10269,2
10270,1
10271,0
10272,2
10273,1
10274,2
10275,0
10276,2
10278,1
10279,1
10280,1
10281,0
10282,3
10283,1
10284,1
10286,0
10287,0
10288,0
10289,1
10290,1
10291,0
10292,2
10293,0
10294,4
10295,1
10296,2
10298,3
10299,1
10300,2
10302,0
10303,0
10304,1
10305,1
10307,2
10308,0
10310,0
10311,3
10312,1
10313,0
10314,1
10315,1
10316,1
10317,3
10318,0
10319,0
10320,1
10321,1
10322,1
10323,1
10324,1
10326,1
10327,0
10328,1
10329,1
10330,1
10332,1
10333,1
10334,1
10335,0
10336,1
10337,2
10338,2
10339,1
10341,3
10342,3
10343,1
10344,0
10346,1
10347,2
10348,0
10349,0
10350,0
10351,1
10352,2
10353,2
10354,0
10356,0
10357,0
10358,0
10360,0
10361,1
10362,2
10363,0
10364,1
10365,2
10366,0
10367,2
10368,1
10369,0
10370,1
10372,0
10373,0
10375,0
10376,1
10377,1
10378,2
10379,3
10380,2
10381,3
10382,0
10383,3
10384,1
10385,2
10386,3
10387,2
10388,0
10390,0
10391,0
10392,1
10393,1
10394,2
10395,1
10396,0
10397,0
10398,0
10400,2
10401,1
10402,1
10403,0
10404,1
10405,0
10406,2
10407,2
10408,1
10409,0
10410,1
10411,2
10412,1
10413,0
10414,1
10415,4
10416,3
10417,1
10418,2
10419,0
10420,1
10421,1
10422,1
10423,1
10425,1
10426,0
10427,0
10428,2
10429,1
10430,1
10431,1
10432,5
10434,1
10435,1
10436,1
10437,2
10438,3
10439,2
10441,1
10442,1
10443,0
10444,3
10445,0
10446,1
10450,0
10451,1
10454,0
10455,4
10456,2
10459,0
10460,2
10461,0
10462,0
10464,2
10465,0
10466,1
10467,1
10468,2
10469,1
10470,2
10471,2
10473,1
10474,4
10475,1
10476,1
10477,1
10478,3
10479,0
10480,2
10481,2
10482,3
10483,1
10484,0
10485,1
10486,1
10487,3
10488,1
10489,0
10490,1
10491,5
10492,0
10493,4
10494,1
10495,1
10496,1
10497,1
10498,0
10499,1
10500,0
10501,1
10502,3
10503,0
10504,0
10505,1
10506,1
10507,0
10508,1
10509,1
10510,2
10511,2
10512,2
10513,0
10514,1
10515,0
10516,0
10517,0
10521,1
10522,2
10523,2
10524,3
10525,2
10526,2
10527,3
10528,1
10530,3
10531,3
10532,2
10533,0
10534,1
10535,0
10536,0
10538,0
10539,2
10540,3
10541,1
10542,0
10543,1
10547,2
10548,3
10549,0
10551,0
10552,2
10553,1
10554,2
10555,0
10556,2
10557,1
10558,2
10559,1
10560,2
10561,0
10562,2
10563,2
10564,1
10565,1
10566,1
10567,1
10568,2
10569,2
10570,1
10571,1
10572,1
10573,0
10574,2
10575,2
10576,0
10577,3
10578,3
10579,1
10581,1
10583,1
10584,1
10585,1
10586,3
10587,0
10588,3
10589,1
10590,1
10591,1
10592,1
10593,5
10594,1
10595,2
10596,3
10597,0
10598,0
10599,0
10600,1
10601,1
10602,0
10603,1
10604,4
10605,1
10606,1
10607,0
10608,2
10609,1
10611,1
10612,0
10613,2
10614,3
10615,1
10617,0
10618,3
10619,0
10620,2
10621,0
10622,2
10623,0
10624,1
10625,1
10627,0
10628,1
10629,1
10630,2
10631,1
10632,0
10633,2
10634,1
10635,3
10636,3
10637,2
10638,1
10639,1
10640,2
10641,0
10642,1
10645,3
10646,1
10650,0
10651,0
10652,2
10653,0
10654,3
10655,2
10656,0
10657,0
10658,1
10659,2
10660,0
10661,0
10662,2
10664,0
10665,0
10666,2
10667,3
10668,1
10669,3
10670,2
10671,2
10672,1
10673,0
10675,1
10676,0
10677,1
10678,1
10679,1
10680,1
10681,0
10683,4
10684,0
10685,0
10686,2
10687,2
10688,0
10689,2
10690,1
10691,1
10692,1
10693,0
10694,2
10695,1
10696,0
10697,2
10698,1
10699,0
10700,0
10701,1
10702,3
10703,0
10704,1
10705,1
10706,1
10707,1
10708,2
10709,0
10710,2
10711,0
10712,2
10713,1
10714,1
10715,2
10716,0
10718,1
10719,1
10720,2
10721,1
10722,1
10723,0
10724,3
10725,2
10726,1
10727,2
10728,1
10729,2
10730,1
10731,1
10732,1
10733,2
10734,1
10736,1
10737,0
10738,1
10739,1
10740,1
10741,1
10742,2
10743,2
10744,3
10745,1
10746,1
10747,0
10749,3
10750,1
10751,1
10752,0
10753,2
10754,1
10755,5
10756,1
10757,0
10758,0
10759,1
10760,2
10761,1
10762,1
10763,2
10764,2
10765,0
10766,1
10767,1
10768,2
10769,1
10770,1
10771,1
10772,1
10773,1
10774,0
10775,1
10776,0
10777,2
10779,0
10780,3
10781,1
10782,0
10783,2
10784,1
10785,1
10786,1
10787,1
10790,0
10791,1
10792,2
10793,1
10794,1
10795,2
10796,1
10798,0
10799,1
10801,1
10802,3
10803,0
10804,1
10805,0
10806,1
10807,2
10808,1
10809,2
10810,4
10811,2
10812,1
10813,1
10814,1
10815,1
10816,2
10817,4
10818,2
10819,1
10820,0
10821,2
10824,0
10825,0
10826,0
10827,1
10828,1
10829,3
10830,1
10831,2
10833,2
10834,1
10835,1
10836,0
10837,0
10838,2
10839,1
10840,0
10841,1
10843,2
10844,2
10845,0
10846,3
10847,1
10849,1
10850,3
10851,1
10852,0
10853,2
10854,0
10855,0
10857,1
10858,1
10859,1
10860,1
10861,2
10862,1
10863,0
10864,1
10865,1
10866,0
10867,0
10868,2
10869,0
10870,1
10871,1
10872,1
10873,1
10876,1
10877,0
10878,1
10879,1
10880,2
10881,1
10882,1
10883,1
10884,1
10885,1
10886,2
10887,1
10888,3
10889,0
10890,2
10891,0
10892,1
10893,1
10894,1
10895,1
10896,5
10898,0
10899,2
10901,0
10902,1
10903,0
10904,2
10905,1
10906,3
10907,1
10908,0
10909,0
10910,1
10911,2
10912,1
10913,0
10914,0
10915,0
10916,3
10917,1
10918,2
10919,1
10920,2
10921,1
10922,0
10924,1
10925,1
10926,0
10927,0
10928,1
10929,0
10930,0
10931,1
10932,0
10933,2
10935,1
10936,0
10937,1
10938,3
10939,3
10940,0
10941,3
10942,1
10943,0
10944,2
10945,1
10946,3
10947,1
10948,1
10949,2
10950,2
10951,1
10953,1
10954,0
10955,1
10956,1
10957,1
10958,2
10959,2
10960,3
10961,4
10962,0
10963,1
10964,1
10965,0
10966,1
10967,0
10968,2
10969,1
10970,0
10971,1
10972,1
10973,0
10974,2
10975,1
10976,1
10977,2
10978,2
10979,1
10980,2
10981,0
10982,1
10983,1
10984,0
10985,2
10986,1
10987,2
10988,1
10989,1
10990,1
10991,2
10992,0
10993,0
10994,2
10995,0
10996,1
10997,1
10999,0
11000,2
11001,1
11002,0
11003,1
11004,0
11005,3
11006,2
11007,1
11008,2
11010,0
11011,3
