0,21
1,3
2,12
3,18
4,14
5,11
6,8
7,6
8,7
9,8
10,1
11,3
12,9
13,9
14,4
15,12
16,7
17,7
18,4
19,10
20,3
21,11
22,2
23,7
24,1
25,6
26,2
27,5
28,9
29,1
30,3
31,4
32,3
33,1
34,6
35,3
36,7
37,4
38,2
39,2
40,6
41,10
42,2
43,4
44,9
45,7
46,5
47,1
48,1
49,1
50,4
51,9
52,3
53,9
54,5
55,5
56,2
57,2
58,1
59,3
60,2
61,4
62,4
63,7
64,1
65,4
66,1
67,8
68,3
69,1
70,8
71,4
72,4
73,3
74,4
75,1
76,11
77,1
78,1
79,6
80,3
81,2
82,1
83,1
84,4
85,5
86,3
87,1
88,6
89,2
90,1
91,1
92,3
93,3
94,3
95,3
96,2
97,2
98,9
99,2
100,4
101,1
102,4
103,1
104,4
105,1
106,1
107,2
108,1
109,14
110,1
111,2
112,2
113,5
114,2
115,1
116,2
117,2
118,4
119,7
120,1
121,1
122,2
123,1
124,2
125,5
126,2
127,4
128,5
129,3
130,1
131,6
132,1
133,2
134,2
135,1
136,4
137,6
138,1
139,2
140,3
141,2
142,1
143,9
144,5
145,2
146,5
147,3
148,1
149,6
150,2
151,4
152,1
153,1
154,1
155,1
156,6
157,1
158,2
159,2
160,7
161,1
162,6
163,4
164,1
165,5
166,2
167,1
168,8
169,9
170,1
171,1
172,5
173,2
174,4
175,2
176,1
177,3
178,2
179,1
180,1
181,3
182,3
183,1
184,2
185,2
186,1
187,3
188,2
189,1
190,1
191,1
192,1
193,3
194,3
195,2
196,1
197,1
198,2
199,2
200,4
201,1
202,1
203,1
204,2
205,2
206,6
207,7
208,1
209,1
210,1
211,2
212,2
213,2
214,1
215,2
216,2
217,1
218,1
219,2
220,4
221,1
222,1
223,1
224,1
225,1
226,3
227,2
228,1
229,1
230,1
231,1
232,1
233,1
234,13
235,2
236,6
237,2
238,1
239,1
240,2
241,2
242,1
243,1
244,3
245,4
246,1
247,3
248,2
249,1
250,1
251,1
252,1
253,1
254,1
255,1
256,5
257,1
258,1
259,1
260,1
261,1
262,2
263,1
264,3
265,1
266,1
267,6
268,1
269,3
270,1
271,1
272,1
273,2
274,1
275,1
276,1
277,2
278,1
279,1
280,1
281,1
282,1
283,1
284,1
285,1
286,2
287,1
288,1
289,1
290,1
291,5
292,1
293,1
294,1
295,1
296,2
297,2
298,1
299,1
300,3
301,1
302,3
303,1
304,1
305,1
306,1
307,1
308,3
309,1
310,10
311,1
312,1
313,1
314,1
315,3
316,4
317,1
318,1
319,3
320,6
321,2
322,1
323,1
324,1
325,4
326,2
327,1
328,1
329,3
330,1
331,1
332,1
333,5
334,1
335,2
336,5
337,1
338,1
339,2
340,1
341,1
342,1
343,1
344,1
345,1
346,1
347,1
348,1
349,1
350,5
351,1
352,2
353,1
354,1
355,1
356,2
357,1
358,1
359,2
360,1
361,2
362,1
363,1
364,1
365,1
366,1
367,1
368,5
369,1
370,2
371,1
372,1
373,1
374,1
375,1
376,1
377,1
378,1
379,4
380,1
381,1
382,1
383,1
384,2
385,1
386,1
387,3
388,2
389,1
390,1
391,6
392,2
393,3
394,4
395,2
396,1
397,1
398,1
399,1
400,1
401,1
402,1
403,1
404,1
405,2
406,1
407,1
408,1
409,1
410,1
411,2
412,1
413,1
414,1
415,1
416,1
417,2
418,1
419,1
420,2
421,1
422,1
423,1
424,1
425,1
426,1
427,3
428,1
429,1
430,1
431,1
432,1
433,1
434,2
435,1
436,1
437,1
438,4
439,1
440,1
441,1
442,1
443,1
444,13
445,1
446,1
447,1
448,1
449,2
450,1
451,1
452,1
453,1
454,1
455,1
456,1
457,1
458,2
459,1
460,1
461,1
462,1
463,1
464,1
465,1
466,2
467,1
468,1
469,1
470,2
471,1
472,1
473,1
474,1
475,1
476,1
477,1
478,1
479,1
480,1
481,1
482,2
483,1
484,1
485,1
486,1
487,2
488,1
489,3
490,1
491,1
492,2
493,1
494,1
495,2
496,1
497,2
498,1
499,3
500,1
501,1
502,1
503,1
504,1
505,1
506,1
507,2
508,2
509,1
510,1
511,2
512,1
513,1
514,1
515,1
516,2
517,1
518,1
519,1
520,1
521,1
522,1
523,1
524,1
525,1
526,2
527,1
528,4
529,1
530,1
531,1
532,1
533,1
534,1
535,1
536,1
537,2
538,1
539,1
540,1
541,1
542,2
543,1
544,1
545,1
546,2
547,1
548,2
549,1
550,1
551,2
552,1
553,2
554,1
555,1
556,1
557,1
558,1
559,4
560,1
561,1
562,1
563,1
564,1
565,1
566,2
567,1
568,1
569,1
570,1
571,1
572,1
573,1
574,1
575,1
576,2
577,1
578,1
579,1
580,1
581,1
582,1
583,1
584,1
585,1
586,1
587,1
588,1
589,1
590,1
591,1
592,1
593,1
594,1
595,1
596,1
597,1
598,1
599,1
600,1
601,1
602,1
603,1
604,1
605,2
606,1
607,1
608,1
609,1
610,1
611,1
612,1
613,1
614,1
615,1
616,1
617,1
618,1
619,1
620,1
621,1
622,1
623,1
624,1
625,1
626,1
627,1
628,1
629,1
630,1
631,1
632,1
633,1
634,1
635,1
636,1
637,1
638,1
639,1
640,1
641,1
642,1
643,1
644,1
645,1
646,1
647,1
648,1
649,1
650,1
651,1
652,1
653,1
654,1
655,1
656,1
657,1
658,1
659,1
660,1
661,1
662,1
663,1
664,1
665,1
666,1
667,1
668,2
669,1
670,2
671,1
672,1
673,1
674,1
675,1
676,1
677,1
678,1
679,1
680,1
681,1
682,1
683,1
684,1
685,1
686,1
