0,86
1,79
2,26
3,9
4,3
5,4
6,40
7,65
8,17
9,17
10,8
11,21
12,16
13,4
14,18
15,14
16,12
17,4
18,9
19,2
20,13
21,10
22,34
23,15
24,13
25,2
26,7
27,11
28,5
29,6
30,13
31,21
32,8
33,11
34,4
35,4
36,6
37,4
38,2
39,6
40,1
41,1
42,9
43,4
44,1
45,11
46,10
47,3
48,8
49,2
50,5
51,1
52,6
53,6
54,5
55,7
56,22
57,10
58,5
59,8
60,2
61,12
62,43
63,1
64,1
65,8
66,1
67,1
68,1
69,7
70,2
71,1
72,5
73,2
74,5
75,6
76,3
77,4
78,4
79,1
80,2
81,7
82,4
83,3
84,5
85,4
86,2
87,3
88,5
89,10
90,6
91,3
92,1
93,5
94,2
95,3
96,1
97,3
98,1
99,12
100,2
101,7
102,1
103,6
104,5
105,1
106,2
107,11
108,8
109,7
110,10
111,2
112,5
113,5
114,11
115,2
116,2
117,5
118,4
119,1
120,2
121,1
122,4
123,2
124,3
125,1
126,2
127,8
128,3
129,4
130,5
131,2
132,3
133,1
134,14
135,12
136,1
137,2
138,1
139,5
140,1
141,3
142,2
143,6
144,9
145,2
146,4
147,1
148,10
149,6
150,1
151,1
152,10
153,10
154,1
155,1
156,1
157,4
158,2
159,2
160,1
161,1
162,4
163,1
164,1
165,1
166,2
167,2
168,1
169,3
170,10
171,5
172,7
173,1
174,4
175,1
176,1
177,2
178,4
179,15
180,2
181,6
182,6
183,1
184,3
185,4
186,12
187,3
188,3
189,4
190,1
191,10
192,2
193,3
194,8
195,4
196,5
197,2
198,1
199,3
200,1
201,11
202,8
203,4
204,2
205,3
206,2
207,2
208,2
209,5
210,1
211,1
212,7
213,1
214,10
215,1
216,4
217,6
218,1
219,2
220,10
221,2
222,1
223,5
224,5
225,3
226,3
227,3
228,4
229,7
230,1
231,1
232,3
233,9
234,2
235,4
236,7
237,2
238,1
239,2
240,1
241,3
242,6
243,3
244,3
245,3
246,1
247,4
248,1
249,1
250,1
251,1
252,8
253,1
254,3
255,1
256,1
257,5
258,2
259,10
260,2
261,2
262,6
263,1
264,3
265,6
266,4
267,1
268,1
269,3
270,2
271,11
272,1
273,3
274,1
275,2
276,2
277,2
278,1
279,1
280,4
281,2
282,3
283,1
284,1
285,2
286,4
287,8
288,2
289,3
290,2
291,3
292,2
293,4
294,2
295,2
296,4
297,5
298,6
299,3
300,1
301,2
302,2
303,7
304,4
305,2
306,8
307,1
308,1
309,10
310,4
311,2
312,2
313,1
314,1
315,1
316,1
317,5
318,1
319,6
320,1
321,1
322,4
323,2
324,2
325,9
326,1
327,1
328,3
329,3
330,2
331,3
332,1
333,6
334,2
335,1
336,2
337,3
338,1
339,1
340,1
341,1
342,2
343,1
344,6
345,2
346,3
347,1
348,5
349,5
350,1
351,2
352,2
353,2
354,3
355,1
356,1
357,2
358,1
359,2
360,4
361,1
362,1
363,1
364,4
365,2
366,5
367,1
368,8
369,1
370,1
371,2
372,2
373,3
374,2
375,1
376,2
377,2
378,4
379,1
380,1
381,3
382,3
383,1
384,2
385,1
386,2
387,1
388,6
389,5
390,3
391,7
392,1
393,1
394,3
395,9
396,2
397,1
398,1
399,3
400,2
401,1
402,4
403,3
404,2
405,1
406,2
407,1
408,12
409,2
410,3
411,6
412,2
413,2
414,2
415,1
416,1
417,4
418,3
419,1
420,2
421,1
422,7
423,3
424,1
425,2
426,2
427,1
428,1
429,1
430,4
431,5
432,3
433,8
434,2
435,3
436,1
437,4
438,2
439,5
440,1
441,1
442,3
443,1
444,1
445,1
446,6
447,2
448,2
449,1
450,2
451,6
452,1
453,2
454,3
455,2
456,4
457,3
458,1
459,8
460,3
461,6
462,4
463,1
464,1
465,2
466,5
467,1
468,1
469,2
470,3
471,3
472,1
473,1
474,2
475,2
476,1
477,1
478,2
479,1
480,3
481,2
482,1
483,4
484,1
485,1
486,4
487,5
488,3
489,1
490,1
491,1
492,6
493,1
494,3
495,1
496,2
497,1
498,2
499,2
500,1
501,3
502,4
503,2
504,1
505,1
506,6
507,1
508,2
509,1
510,1
511,1
512,2
513,2
514,1
515,1
516,9
517,3
518,1
519,1
520,3
521,1
522,4
523,5
524,1
525,3
526,3
527,2
528,4
529,2
530,1
531,2
532,3
533,1
534,2
535,1
536,1
537,2
538,1
539,2
540,8
541,1
542,1
543,2
544,3
545,3
546,1
547,3
548,2
549,2
550,2
551,3
552,1
553,2
554,1
555,1
556,1
557,3
558,2
559,1
560,2
561,2
562,1
563,2
564,1
565,3
566,1
567,2
568,1
569,3
570,1
571,1
572,2
573,5
574,1
575,3
576,1
577,2
578,3
579,1
580,1
581,1
582,1
583,2
584,4
585,1
586,2
587,2
588,1
589,2
590,1
591,3
592,1
593,1
594,4
595,1
596,4
597,1
598,1
599,1
600,1
601,2
602,3
603,1
604,5
605,7
606,1
607,6
608,2
609,2
610,1
611,3
612,2
613,5
614,2
615,1
616,2
617,2
618,1
619,1
620,7
621,1
622,2
623,1
624,1
625,4
626,3
627,1
628,1
629,1
630,1
631,1
632,5
633,2
634,4
635,2
636,4
637,1
638,8
639,4
640,4
641,1
642,3
643,1
644,2
645,1
646,1
647,1
648,3
649,1
650,1
651,2
652,1
653,3
654,2
655,1
656,2
657,3
658,1
659,1
660,3
661,2
662,2
663,3
664,1
665,1
666,1
667,1
668,1
669,3
670,3
671,3
672,3
673,1
674,1
675,1
676,2
677,4
678,1
679,1
680,5
681,1
682,4
683,5
684,3
685,2
686,2
687,1
688,1
689,1
690,1
691,1
692,3
693,3
694,1
695,2
696,6
697,2
698,2
699,1
700,1
701,3
702,1
703,2
704,1
705,1
706,1
707,2
708,2
709,1
710,1
711,1
712,1
713,1
714,1
715,1
716,4
717,1
718,2
719,2
720,3
721,1
722,1
723,2
724,2
725,3
726,1
727,1
728,2
729,1
730,1
731,3
732,3
733,1
734,2
735,2
736,2
737,1
738,3
739,3
740,1
741,6
742,2
743,2
744,1
745,1
746,2
747,3
748,1
749,2
750,1
751,2
752,4
753,2
754,2
755,1
756,1
757,2
758,4
759,3
760,2
761,1
762,1
763,7
764,2
765,2
766,1
767,2
768,1
769,3
770,2
771,5
772,3
773,1
774,1
775,2
776,1
777,1
778,1
779,1
780,1
781,2
782,2
783,1
784,1
785,2
786,1
787,1
788,1
789,1
790,6
791,1
792,1
793,1
794,1
795,2
796,1
797,4
798,2
799,1
800,1
801,1
802,1
803,3
804,1
805,1
806,1
807,1
808,5
809,1
810,1
811,1
812,3
813,5
814,1
815,1
816,2
817,5
818,3
819,2
820,1
821,1
822,1
823,2
824,1
825,2
826,1
827,2
828,1
829,1
830,3
831,1
832,1
833,1
834,2
835,1
836,1
837,2
838,2
839,3
840,4
841,2
842,1
843,1
844,1
845,1
846,1
847,1
848,1
849,2
850,2
851,2
852,3
853,1
854,1
855,2
856,2
857,1
858,3
859,3
860,1
861,1
862,1
863,1
864,1
865,1
866,2
867,2
868,3
869,1
870,2
871,1
872,2
873,1
874,1
875,4
876,3
877,1
878,2
879,1
880,1
881,1
882,1
883,3
884,2
885,4
886,2
887,2
888,1
889,1
890,1
891,1
892,1
893,4
894,1
895,1
896,1
897,2
898,2
899,1
900,2
901,1
902,1
903,2
904,2
905,1
906,3
907,2
908,3
909,1
910,1
911,1
912,2
913,1
914,1
915,2
916,1
917,2
918,3
919,1
920,2
921,3
922,1
923,3
924,1
925,1
926,1
927,1
928,1
929,4
930,1
931,4
932,1
933,1
934,1
935,2
936,1
937,5
938,3
939,1
940,1
941,3
942,1
943,2
944,1
945,1
946,3
947,1
948,1
949,1
950,6
951,2
952,1
953,1
954,1
955,1
956,3
957,1
958,3
959,1
960,1
961,1
962,2
963,1
964,3
965,1
966,1
967,1
968,1
969,1
970,2
971,1
972,7
973,1
974,2
975,1
976,3
977,2
978,3
979,1
980,1
981,1
982,1
983,1
984,2
985,1
986,2
987,1
988,1
989,1
990,2
991,3
992,2
993,1
994,1
995,1
996,4
997,1
998,2
999,2
1000,1
1001,4
1002,2
1003,2
1004,1
1005,3
1006,2
1007,1
1008,1
1009,1
1010,4
1011,1
1012,1
1013,3
1014,2
1015,1
1016,1
1017,3
1018,2
1019,2
1020,1
1021,1
1022,1
1023,1
1024,4
1025,1
1026,1
1027,3
1028,3
1029,2
1030,1
1031,1
1032,1
1033,1
1034,1
1035,1
1036,1
1037,1
1038,1
1039,3
1040,2
1041,1
1042,1
1043,3
1044,1
1045,1
1046,2
1047,1
1048,1
1049,1
1050,1
1051,1
1052,1
1053,1
1054,2
1055,2
1056,5
1057,1
1058,1
1059,2
1060,1
1061,1
1062,1
1063,1
1064,1
1065,1
1066,1
1067,1
1068,3
1069,1
1070,2
1071,1
1072,3
1073,1
1074,1
1075,1
1076,1
1077,1
1078,2
1079,2
1080,1
1081,1
1082,4
1083,1
1084,1
1085,2
1086,1
1087,1
1088,1
1089,1
1090,1
1091,1
1092,2
1093,1
1094,1
1095,1
1096,1
1097,1
1098,1
1099,1
1100,2
1101,1
1102,2
1103,2
1104,1
1105,1
1106,2
1107,2
1108,4
1109,2
1110,2
1111,3
1112,1
1113,1
1114,1
1115,1
1116,1
1117,1
1118,1
1119,1
1120,6
1121,2
1122,1
1123,2
1124,1
1125,1
1126,1
1127,2
1128,1
1129,1
1130,1
1131,1
1132,1
1133,1
1134,1
1135,2
1136,1
1137,1
1138,1
1139,1
1140,1
1141,2
1142,1
1143,1
1144,2
1145,1
1146,2
1147,2
1148,2
1149,2
1150,1
1151,1
1152,1
1153,1
1154,2
1155,1
1156,6
1157,3
1158,1
1159,2
1160,1
1161,2
1162,3
1163,1
1164,1
1165,1
1166,2
1167,2
1168,1
1169,1
1170,1
1171,3
1172,1
1173,2
1174,1
1175,1
1176,1
1177,1
1178,1
1179,1
1180,4
1181,1
1182,1
1183,1
1184,1
1185,1
1186,3
1187,1
1188,1
1189,1
1190,2
1191,1
1192,1
1193,2
1194,2
1195,1
1196,1
1197,1
1198,2
1199,4
1200,1
1201,4
1202,1
1203,1
1204,3
1205,2
1206,2
1207,4
1208,1
1209,1
1210,1
1211,1
1212,2
1213,1
1214,1
1215,1
1216,1
1217,1
1218,1
1219,1
1220,1
1221,4
1222,1
1223,1
1224,1
1225,1
1226,1
1227,1
1228,1
1229,1
1230,1
1231,1
1232,1
1233,1
1234,4
1235,2
1236,1
1237,1
1238,2
1239,1
1240,1
1241,2
1242,1
1243,1
1244,1
1245,1
1246,1
1247,2
1248,1
1249,1
1250,1
1251,1
1252,1
1253,1
1254,2
1255,1
1256,1
1257,1
1258,1
1259,1
1260,1
1261,3
1262,2
1263,1
1264,1
1265,1
1266,1
1267,1
1268,2
1269,3
1270,2
1271,1
1272,1
1273,2
1274,1
1275,1
1276,2
1277,1
1278,1
1279,2
1280,1
1281,1
1282,1
1283,3
1284,2
1285,1
1286,2
1287,1
1288,1
1289,1
1290,2
1291,1
1292,1
1293,1
1294,1
1295,2
1296,1
1297,2
1298,2
1299,1
1300,1
1301,1
1302,1
1303,1
1304,1
1305,1
1306,1
1307,1
1308,2
1309,2
1310,1
1311,1
1312,1
1313,1
1314,1
1315,1
1316,1
1317,1
1318,2
1319,1
1320,1
1321,1
1322,1
1323,1
1324,1
1325,1
1326,1
1327,1
1328,3
1329,2
1330,1
1331,1
1332,1
1333,2
1334,1
1335,1
1336,1
1337,2
1338,1
1339,1
1340,1
1341,1
1342,6
1343,5
1344,1
1345,2
1346,2
1347,1
1348,2
1349,2
1350,1
1351,1
1352,3
1353,5
1354,1
1355,1
1356,1
1357,1
1358,1
1359,1
1360,3
1361,1
1362,2
1363,1
1364,1
1365,3
1366,1
1367,1
1368,1
1369,1
1370,1
1371,1
1372,1
1373,1
1374,1
1375,2
1376,1
1377,4
1378,1
1379,2
1380,1
1381,1
1382,1
1383,1
1384,1
1385,1
1386,1
1387,1
1388,1
1389,3
1390,1
1391,1
1392,2
1393,2
1394,1
1395,1
1396,1
1397,1
1398,1
1399,1
1400,1
1401,1
1402,2
1403,1
1404,1
1405,1
1406,3
1407,2
1408,1
1409,2
1410,1
1411,2
1412,1
1413,2
1414,1
1415,1
1416,1
1417,1
1418,2
1419,1
1420,1
1421,1
1422,1
1423,2
1424,1
1425,1
1426,1
1427,2
1428,1
1429,1
1430,2
1431,1
1432,2
1433,1
1434,2
1435,2
1436,2
1437,1
1438,1
1439,1
1440,1
1441,1
1442,1
1443,1
1444,2
1445,1
1446,2
1447,1
1448,1
1449,1
1450,1
1451,2
1452,1
1453,1
1454,1
1455,1
1456,2
1457,1
1458,1
1459,1
1460,4
1461,1
1462,1
1463,1
1464,1
1465,1
1466,1
1467,2
1468,1
1469,1
1470,1
1471,1
1472,1
1473,1
1474,1
1475,1
1476,1
1477,1
1478,1
1479,1
1480,1
1481,2
1482,1
1483,1
1484,2
1485,1
1486,1
1487,1
1488,2
1489,1
1490,1
1491,1
1492,2
1493,1
1494,1
1495,1
1496,1
1497,1
1498,1
1499,1
1500,1
1501,1
1502,2
1503,1
1504,1
1505,2
1506,1
1507,1
1508,1
1509,1
1510,1
1511,1
1512,1
1513,1
1514,1
1515,2
1516,1
1517,1
1518,1
1519,1
1520,1
1521,1
1522,1
1523,1
1524,2
1525,1
1526,1
1527,1
1528,1
1529,2
1530,1
1531,1
1532,2
1533,1
1534,1
1535,1
1536,1
1537,1
1538,2
1539,1
1540,1
1541,4
1542,2
1543,1
1544,1
1545,1
1546,1
1547,1
1548,1
1549,1
1550,1
1551,1
1552,1
1553,1
1554,2
1555,2
1556,1
1557,1
1558,1
1559,1
1560,1
1561,1
1562,1
1563,2
1564,1
1565,1
1566,1
1567,1
1568,1
1569,1
1570,1
1571,1
1572,1
1573,1
1574,1
1575,1
1576,1
1577,1
1578,1
1579,1
1580,2
1581,1
1582,1
1583,1
1584,1
1585,1
1586,1
1587,1
1588,2
1589,1
1590,1
1591,1
1592,2
1593,3
1594,1
1595,1
1596,1
1597,1
1598,1
1599,1
1600,1
1601,2
1602,1
1603,1
1604,1
1605,2
1606,1
1607,1
1608,3
1609,1
1610,1
1611,1
1612,2
1613,1
1614,1
1615,1
1616,2
1617,1
1618,1
1619,1
1620,2
1621,1
1622,1
1623,1
1624,1
1625,1
1626,1
1627,2
1628,1
1629,1
1630,1
1631,1
1632,1
1633,1
1634,1
1635,1
1636,1
1637,1
1638,1
1639,1
1640,1
1641,1
1642,1
1643,1
1644,1
1645,1
1646,1
1647,1
1648,1
1649,1
1650,1
1651,1
1652,1
1653,1
1654,1
1655,1
1656,1
1657,4
1658,1
1659,1
1660,3
1661,1
1662,1
1663,1
1664,1
1665,1
1666,1
1667,1
1668,2
1669,1
1670,1
1671,2
1672,1
1673,1
1674,1
1675,1
1676,1
1677,1
1678,1
1679,1
1680,1
1681,1
1682,1
1683,1
1684,1
1685,1
1686,2
1687,1
1688,3
1689,1
1690,1
1691,1
1692,2
1693,1
1694,1
1695,1
1696,2
1697,1
1698,1
1699,1
1700,1
1701,1
1702,1
1703,1
1704,1
1705,1
1706,2
1707,1
1708,1
1709,1
1710,1
1711,1
1712,1
1713,1
1714,1
1715,1
1716,1
1717,1
1718,2
1719,1
1720,2
1721,1
1722,1
1723,1
1724,1
1725,1
1726,1
1727,1
1728,1
1729,1
1730,1
1731,1
1732,1
1733,1
1734,1
1735,1
1736,1
1737,1
1738,1
1739,1
1740,1
1741,1
1742,1
1743,1
1744,1
1745,1
1746,1
1747,1
1748,1
1749,1
1750,2
1751,2
1752,1
1753,1
1754,3
1755,1
1756,1
1757,1
1758,1
1759,1
1760,1
1761,1
1762,2
1763,1
1764,1
1765,1
1766,1
1767,1
1768,1
1769,2
1770,1
1771,1
1772,1
1773,1
1774,2
1775,1
1776,1
1777,1
1778,1
1779,1
1780,1
1781,1
1782,1
1783,1
1784,1
1785,1
1786,1
1787,1
1788,1
1789,1
1790,1
1791,1
1792,1
1793,1
1794,1
1795,2
1796,1
1797,1
1798,1
1799,2
1800,1
1801,1
1802,1
1803,1
1804,1
1805,1
1806,2
1807,1
1808,2
1809,1
1810,1
1811,2
1812,1
1813,1
1814,2
1815,1
1816,1
1817,2
1818,1
1819,1
1820,2
1821,1
1822,1
1823,1
1824,1
1825,1
1826,1
1827,1
1828,1
1829,1
1830,2
1831,1
1832,1
1833,1
1834,1
1835,1
1836,1
1837,1
1838,2
1839,1
1840,1
1841,1
1842,1
1843,1
1844,1
1845,1
1846,1
1847,1
1848,2
1849,1
1850,1
1851,1
1852,1
1853,1
1854,1
1855,1
1856,1
1857,2
1858,1
1859,1
1860,2
1861,2
1862,1
1863,1
1864,1
1865,1
1866,1
1867,1
1868,2
1869,2
1870,1
1871,1
1872,1
1873,1
1874,1
1875,1
1876,1
1877,1
1878,1
1879,1
1880,1
1881,1
1882,1
1883,1
1884,1
1885,1
1886,1
1887,1
1888,1
1889,1
1890,1
1891,1
1892,1
1893,1
1894,1
1895,1
1896,1
1897,1
1898,1
1899,1
1900,1
1901,1
1902,1
1903,1
1904,1
1905,1
1906,2
1907,1
1908,1
1909,1
1910,1
1911,1
1912,1
1913,1
1914,1
1915,1
1916,1
1917,1
1918,1
1919,1
1920,1
1921,1
1922,1
1923,1
1924,2
1925,2
1926,1
1927,1
1928,1
1929,1
1930,2
1931,1
1932,1
1933,1
1934,1
1935,2
1936,1
1937,1
1938,2
1939,1
1940,1
1941,1
1942,1
1943,2
1944,1
1945,1
1946,1
1947,1
1948,1
1949,1
1950,1
1951,1
1952,1
1953,2
1954,1
1955,1
1956,1
1957,1
1958,1
1959,1
1960,1
1961,1
1962,1
1963,1
1964,1
1965,1
1966,1
1967,1
1968,1
1969,1
1970,1
1971,1
1972,1
1973,1
1974,1
1975,1
1976,1
1977,1
1978,1
1979,1
1980,1
1981,1
1982,1
1983,1
1984,1
1985,1
1986,1
1987,1
1988,1
1989,1
1990,1
1991,1
1992,1
1993,1
1994,1
1995,1
1996,1
1997,1
1998,1
1999,2
2000,1
2001,1
2002,1
2003,1
2004,1
2005,1
2006,1
2007,1
2008,1
2009,1
2010,1
2011,1
2012,1
2013,1
2014,1
2015,1
2016,1
2017,1
2018,1
2019,1
2020,2
2021,1
2022,1
2023,2
2024,1
2025,1
2026,1
2027,1
2028,1
2029,1
2030,1
2031,1
2032,1
2033,1
2034,1
2035,1
2036,1
2037,1
2038,1
2039,1
2040,1
2041,1
2042,1
2043,1
2044,1
2045,1
2046,1
2047,1
2048,1
2049,1
2050,1
2051,1
2052,1
2053,1
2054,1
2055,1
2056,1
2057,1
2058,1
2059,1
2060,1
2061,1
2062,1
2063,1
2064,1
2065,1
2066,2
2067,1
2068,1
2069,1
2070,1
2071,1
2072,1
2073,1
2074,1
2075,1
2076,1
2077,1
2078,1
2079,1
2080,1
2081,1
2082,1
2083,1
2084,1
2085,1
2086,1
2087,1
2088,1
2089,2
2090,1
2091,1
2092,1
2093,1
2094,1
2095,1
2096,1
2097,1
2098,2
2099,1
2100,2
2101,1
2102,1
2103,1
2104,1
2105,2
2106,1
2107,1
2108,1
2109,1
2110,1
2111,1
2112,1
2113,2
2114,2
2115,1
2116,1
2117,1
2118,1
2119,1
2120,1
2121,1
2122,1
2123,1
2124,1
2125,2
2126,1
2127,1
2128,1
2129,1
2130,1
2131,1
2132,1
2133,1
2134,1
2135,2
2136,1
2137,1
2138,1
2139,1
2140,1
2141,1
2142,1
2143,1
2144,1
2145,1
2146,1
2147,1
2148,1
2149,1
2150,1
2151,1
2152,1
2153,1
2154,1
2155,1
2156,1
2157,1
2158,2
2159,1
2160,1
2161,1
2162,1
2163,1
2164,1
2165,1
2166,1
2167,1
2168,1
2169,1
2170,1
2171,1
2172,1
2173,1
2174,2
2175,1
2176,1
2177,2
2178,1
2179,1
2180,1
2181,1
2182,1
2183,1
2184,1
2185,1
2186,1
2187,1
2188,2
2189,1
2190,2
2191,1
2192,1
2193,1
2194,1
2195,1
2196,2
2197,1
2198,1
2199,1
2200,1
2201,1
2202,1
2203,1
2204,1
2205,1
2206,1
2207,1
2208,1
2209,1
2210,1
2211,1
2212,1
2213,1
2214,1
2215,1
2216,1
2217,1
2218,1
2219,1
2220,1
2221,1
2222,1
2223,1
2224,1
2225,1
2226,1
2227,1
2228,1
2229,1
2230,1
2231,1
2232,1
2233,1
2234,1
2235,1
2236,1
2237,1
2238,1
2239,1
2240,1
2241,3
2242,1
2243,1
2244,1
2245,1
2246,1
2247,1
2248,1
2249,1
2250,1
2251,1
2252,1
2253,1
2254,1
2255,1
2256,1
2257,1
2258,1
2259,1
2260,1
2261,1
2262,1
2263,1
2264,1
2265,1
2266,1
2267,1
2268,1
2269,1
2270,1
2271,2
2272,1
2273,1
2274,2
2275,1
2276,1
2277,1
2278,1
2279,1
2280,1
2281,1
2282,1
2283,1
2284,1
2285,1
2286,1
2287,1
2288,1
2289,1
2290,1
2291,1
2292,1
2293,1
2294,2
2295,1
2296,1
2297,1
2298,1
2299,1
2300,1
2301,1
2302,1
2303,1
2304,1
2305,1
2306,1
2307,1
2308,1
2309,1
2310,1
2311,1
2312,1
2313,1
2314,1
2315,1
2316,1
2317,1
2318,1
2319,1
2320,1
2321,1
2322,1
2323,1
2324,1
2325,2
2326,1
2327,1
2328,2
2329,1
2330,1
2331,2
2332,1
2333,1
2334,1
2335,1
2336,1
2337,1
2338,2
2339,1
2340,1
2341,2
2342,1
2343,1
2344,1
2345,1
2346,1
2347,1
2348,1
2349,1
2350,1
2351,1
2352,1
2353,1
2354,1
2355,1
2356,1
2357,1
2358,1
2359,1
2360,1
2361,1
2362,1
2363,1
2364,1
2365,1
2366,1
2367,1
2368,1
2369,1
2370,1
2371,1
2372,1
2373,1
2374,1
2375,1
2376,1
2377,1
2378,1
2379,1
2380,1
2381,1
2382,1
2383,1
2384,1
2385,1
2386,1
2387,1
2388,1
2389,1
2390,1
2391,1
2392,1
2393,1
2394,1
2395,1
2396,1
2397,1
2398,1
2399,1
2400,1
2401,1
2402,1
2403,1
2404,1
2405,1
2406,1
2407,1
2408,1
2409,1
2410,1
2411,1
2412,1
2413,1
2414,1
2415,1
2416,1
2417,1
2418,1
2419,1
2420,1
2421,1
2422,1
2423,1
2424,1
2425,1
2426,1
2427,1
2428,1
2429,1
2430,1
2431,1
2432,1
2433,1
2434,1
2435,1
2436,1
2437,1
2438,1
2439,1
2440,1
2441,1
2442,1
2443,1
2444,1
2445,1
2446,1
2447,1
2448,1
2449,1
2450,1
2451,1
2452,1
2453,1
2454,1
2455,1
2456,1
2457,1
2458,1
2459,1
2460,1
2461,1
2462,1
2463,1
2464,1
2465,1
2466,1
2467,1
2468,1
2469,1
2470,1
2471,1
2472,1
2473,1
2474,1
2475,1
