3650094,50.0
3650096,50.0
3650097,50.0
781879,350.0
781878,800.0
4004699,50.0
5478871,50.0
4004695,50.0
3650098,50.0
1491573,50.0
6256191,50.0
3649974,50.0
1012180,50.0
3649842,50.0
782359,1350.0
3937076,50.0
3650091,50.0
5528750,50.0
2969561,50.0
3649906,50.0
3935485,50.0
780553,50.0
3938115,50.0
3649971,50.0
3649829,50.0
3938629,50.0
936573,50.0
3650001,50.0
3650000,100.0
3649881,50.0
6032188,50.0
3937033,50.0
3270579,50.0
5561878,50.0
3267326,50.0
3938448,50.0
6280527,50.0
5526965,50.0
3650048,50.0
3650109,50.0
5544917,50.0
3938201,50.0
3933246,50.0
4003471,50.0
3649939,50.0
3649938,50.0
4003475,50.0
5493625,50.0
3649935,50.0
3649934,50.0
3649937,50.0
3649936,50.0
3649931,50.0
3649930,50.0
3649933,50.0
3649932,50.0
4004042,50.0
6299903,50.0
3650014,50.0
3650015,50.0
5493233,50.0
6074508,50.0
775436,350.0
3649831,50.0
3649832,50.0
4003476,50.0
6250648,50.0
3649988,50.0
640624,50.0
850789,50.0
637493,150.0
648599,50.0
668976,50.0
659455,50.0
3649890,50.0
52497,0.0
3937499,50.0
782377,2348.06
782376,300.0
782375,600.0
3936870,50.0
3273390,50.0
782371,200.0
6249431,50.0
4004662,50.0
4004661,50.0
3649929,50.0
3650081,50.0
4004665,50.0
5541272,50.0
3649984,50.0
4003486,50.0
4753157,50.0
4004055,50.0
4003509,50.0
4003487,50.0
3649856,50.0
4003474,50.0
3650025,50.0
987456,50.0
3650026,50.0
3649981,50.0
3271200,50.0
661002,100.0
3650111,50.0
624654,50.0
3936918,50.0
3650088,50.0
3937315,50.0
3650113,50.0
4003997,50.0
3933260,50.0
644340,50.0
646450,50.0
4003327,50.0
6238750,50.0
1253808,50.0
5517174,50.0
3650039,50.0
626540,50.0
3254397,50.0
4003516,50.0
3649976,50.0
3649953,50.0
6242181,50.0
3649951,50.0
3649950,50.0
3650086,50.0
3263011,50.0
583180,450.0
19857,50.0
634731,50.0
3936246,50.0
778555,550.0
3649837,50.0
6135051,50.0
3933172,50.0
3650080,50.0
3650043,50.0
3650042,50.0
3270939,50.0
1219593,50.0
633864,50.0
3936392,50.0
4106934,50.0
3933275,50.0
3649830,50.0
4004021,50.0
3274675,50.0
3649948,50.0
4003523,50.0
3649947,50.0
3649940,50.0
3649941,50.0
3649942,50.0
3649943,50.0
620141,50.0
3648881,0.0
5529727,50.0
3650093,50.0
4004017,50.0
3269751,50.0
3273029,50.0
3650035,50.0
3650071,50.0
776255,50.0
6329093,50.0
3935465,50.0
4004806,50.0
4004659,50.0
3252171,50.0
3650055,50.0
3650056,50.0
4004652,50.0
3936487,50.0
780720,50.0
4004654,50.0
623466,50.0
5542327,50.0
5491167,50.0
3650110,50.0
6132922,50.0
3650112,50.0
3650114,50.0
3649977,50.0
637126,50.0
3937236,50.0
3649918,50.0
3649880,50.0
3649993,50.0
3933342,50.0
782339,50.0
3649997,50.0
3649995,50.0
5497116,50.0
4004732,50.0
3650106,50.0
3650107,50.0
3650105,50.0
3650102,50.0
3650103,50.0
3650100,50.0
3650101,50.0
3649845,50.0
3649844,50.0
2030026,50.0
3649846,50.0
3649841,50.0
3649840,50.0
3649843,50.0
3933460,50.0
3261902,50.0
6286158,50.0
5563099,50.0
3933362,50.0
3934608,50.0
3649888,50.0
3271870,50.0
649824,50.0
3650087,50.0
6243793,50.0
3937054,50.0
637992,50.0
3257706,50.0
3649980,50.0
3936469,50.0
3649982,50.0
4213250,50.0
3650089,50.0
3649987,50.0
3932623,50.0
6043554,50.0
3934281,50.0
3649849,50.0
5541650,50.0
5513656,50.0
3649847,50.0
5481259,50.0
3649916,50.0
3649853,50.0
3649850,50.0
3649851,50.0
5464794,50.0
3649854,50.0
3649952,50.0
4003648,50.0
6170920,50.0
4004689,50.0
3935083,50.0
3932593,50.0
2301002,50.0
