3995728,2
1582470,1
781879,19
781878,15
3648154,2
3648249,1
3648114,2
3648115,2
3648116,2
3648117,2
3902795,1
766701,1
3648112,2
3648179,1
3648194,1
3648195,1
631859,1
3648197,1
3648190,1
3648191,1
3996278,1
3648118,2
3996065,1
3996345,1
3996272,1
3648201,1
3648006,1
4504590,1
637126,4
3648262,1
3648007,1
3995479,1
3648189,1
3648321,1
3648119,2
3995579,1
634731,3
3648062,1
3902525,1
3648211,1
3648065,1
3648066,1
630880,1
3995571,1
782022,1
782225,1
3648242,1
782025,1
3648290,1
3648231,1
3648230,1
3648233,1
3995334,1
3648235,1
3996306,1
3648237,1
3648236,1
3648239,1
3648238,1
3995043,1
3648165,2
3648125,2
3648124,2
3648127,2
3648111,2
782361,6
3996289,1
782363,1
782364,14
782365,17
782366,11
782367,0
3995388,1
781565,3
626423,5
3996260,1
3648167,2
638926,3
2989221,2
4459318,1
636424,2
3995563,1
3995685,2
3879288,1
3648047,1
3648058,1
3648055,1
3648285,1
3648056,1
3648280,1
3648050,1
3648053,1
3903016,1
640624,3
637493,1
3648226,1
3648224,1
3648225,1
3648222,1
3648035,1
3648031,1
3648221,1
52497,6
2573917,1
3996001,1
3996252,1
1480555,1
3648212,1
3648110,2
3648172,1
3995695,2
782359,14
5402378,1
3000258,1
3995360,1
3648322,1
3648196,1
3900369,1
3648025,1
3995880,1
3648043,1
3648040,1
3648041,1
3648046,1
639948,1
3648044,1
3648045,1
3897060,1
3995738,2
538006,1
3648029,1
3996240,1
3996241,1
4615894,1
3900305,1
3996327,1
3648250,1
3648020,1
3648240,1
3648254,1
3898931,2
782154,1
3648176,1
3996409,1
3648054,1
781501,1
3648264,1
781503,3
3995226,1
3996400,1
3648011,1
2982655,2
3996282,1
644340,2
3995993,1
3995593,1
3648051,1
3995139,1
3648185,1
699809,1
3902045,1
3995054,1
3648132,2
626540,1
3648131,2
3902990,1
3902571,1
3648208,1
631156,3
3648018,1
3995485,1
583180,1
4519946,1
5621441,1
3648241,1
3648013,1
3648243,1
650771,1
3995725,2
3648246,1
3648247,1
3648091,1
3648093,1
3900747,1
2966284,1
3648097,1
3648096,1
3648099,1
3996430,1
3996433,1
782315,1
782097,7
3996437,1
3000384,1
3995980,1
3648039,1
3648175,1
6164665,1
6174962,1
6273228,1
3995988,1
3995533,1
3648142,2
3648141,2
3648063,1
3648147,2
3648146,2
3903109,1
3648144,2
3648232,1
4402406,1
716829,1
3900423,1
3896824,1
3902034,1
3996427,1
3647998,1
3647995,1
3647994,1
781631,2
3647996,1
3647990,1
3647992,1
64334,1
3013786,1
3648220,1
3648069,1
3899820,2
3648087,1
4462962,1
3648085,1
3648082,1
3648083,1
3648081,1
3648245,1
4146004,1
3648180,1
780190,1
3995524,1
3648269,1
3648150,2
2987267,2
3648267,1
781835,2
3648291,1
3648157,2
3995038,1
3648159,2
3648218,1
620812,1
695333,1
3648129,2
3901107,1
3647989,1
3648128,2
3647982,1
3996211,1
3647987,1
3896607,1
3647985,1
3648017,1
3234213,1
3995396,1
4590877,1
3995268,1
3996423,1
3995654,2
3648136,2
3648089,1
782100,2
3648014,1
3648027,1
3648219,1
3648134,2
6181196,1
3995207,1
3648004,1
3648005,1
3648002,1
3648168,2
3648000,1
3995712,2
778555,5
3648266,1
3648037,1
3648166,2
3648161,2
3648160,2
3648234,1
3648009,1
3648086,1
3648216,1
3995775,2
3648214,1
3648213,1
3648075,1
3648120,2
3648108,1
3648107,1
782101,1
3648105,1
3648104,1
3648049,1
3648101,1
3995659,2
3648187,1
3648186,1
3648206,1
3648183,1
996440,2
781542,2
3995384,1
3648126,2
3648215,1
782036,6
3648248,1
3648188,1
3648261,1
3648171,1
4544598,2
623014,1
3648073,1
3648178,1
3648071,1
3648070,1
3995254,1
3648138,2
3995704,2
3648074,1
3648076,1
3648173,1
3648170,2
3648078,1
3648084,1
3648174,1
3648260,1
