0,125
1,39
2,4
3,39
4,6
5,77
6,34
7,1
8,20
9,22
10,2
11,21
12,40
13,11
14,37
15,22
16,17
17,4
18,10
19,2
20,12
21,47
22,14
23,30
24,3
25,6
26,6
27,17
28,17
29,4
30,29
31,4
32,2
33,18
34,5
35,11
36,6
37,4
38,4
39,5
40,40
41,4
42,11
43,1
44,3
45,10
46,10
47,10
48,13
49,5
50,9
51,32
52,25
53,1
54,2
55,17
56,7
57,11
58,2
59,5
60,14
61,5
62,4
63,2
64,3
65,11
66,9
67,1
68,7
69,28
70,5
71,19
72,2
73,2
74,4
75,5
76,17
77,3
78,9
79,6
80,15
81,12
82,1
83,4
84,3
85,6
86,14
87,7
88,4
89,3
90,7
91,16
92,37
93,25
94,13
95,9
96,1
97,18
98,13
99,8
100,13
101,2
102,9
103,29
104,9
105,4
106,12
107,11
108,5
109,1
110,22
111,7
112,1
113,7
114,1
115,9
116,11
117,4
118,2
119,3
120,6
121,3
122,14
123,4
124,2
125,5
126,8
127,3
128,15
129,3
130,1
131,6
132,3
133,1
134,2
135,13
136,9
137,39
138,5
139,3
140,13
141,21
142,1
143,4
144,9
145,5
146,5
147,1
148,5
149,2
150,28
151,11
152,7
153,2
154,10
155,11
156,4
157,11
158,2
159,3
160,5
161,4
162,6
163,2
164,2
165,2
166,8
167,8
168,22
169,1
170,32
171,3
172,7
173,9
174,3
175,3
176,3
177,10
178,1
179,9
180,2
181,1
182,13
183,7
184,9
185,1
186,1
187,15
188,4
189,6
190,1
191,1
192,33
193,2
194,3
195,3
196,3
197,2
198,3
199,1
200,2
201,4
202,2
203,2
204,4
205,5
206,14
207,1
208,12
209,1
210,2
211,1
212,2
213,5
214,6
215,6
216,18
217,2
218,7
219,2
220,3
221,2
222,8
223,1
224,1
225,1
226,1
227,1
228,1
229,2
230,1
231,1
232,10
233,1
234,4
235,4
236,12
237,13
238,4
239,1
240,6
241,4
242,1
243,4
244,6
245,5
246,3
247,1
248,4
249,8
250,4
251,1
252,2
253,7
254,4
255,2
256,6
257,1
258,2
259,3
260,3
261,6
262,1
263,3
264,3
265,3
266,2
267,5
268,1
269,9
270,4
271,6
272,8
273,2
274,5
275,13
276,3
277,4
278,3
279,8
280,2
281,3
282,3
283,3
284,3
285,4
286,2
287,1
288,5
289,4
290,10
291,3
292,5
293,4
294,3
295,2
296,2
297,6
298,2
299,2
300,2
301,2
302,2
303,1
304,6
305,3
306,10
307,8
308,1
309,1
310,2
311,4
312,1
313,2
314,2
315,4
316,1
317,5
318,2
319,1
320,2
321,8
322,1
323,1
324,3
325,3
326,6
327,3
328,4
329,6
330,9
331,1
332,1
333,1
334,4
335,1
336,3
337,1
338,3
339,1
340,1
341,3
342,12
343,2
344,1
345,4
346,3
347,2
348,7
349,2
350,2
351,10
352,1
353,2
354,4
355,9
356,2
357,1
358,3
359,1
360,4
361,4
362,4
363,7
364,5
365,2
366,1
367,3
368,7
369,7
370,8
371,5
372,2
373,7
374,1
375,2
376,2
377,8
378,1
379,3
380,5
381,1
382,6
383,1
384,6
385,10
386,1
387,2
388,1
389,16
390,2
391,1
392,4
393,2
394,3
395,1
396,1
397,1
398,2
399,4
400,1
401,4
402,1
403,2
404,1
405,1
406,1
407,1
408,1
409,1
410,2
411,1
412,1
413,1
414,1
415,7
416,3
417,6
418,2
419,4
420,5
421,1
422,4
423,1
424,3
425,1
426,6
427,2
428,7
429,1
430,3
431,1
432,5
433,5
434,1
435,2
436,1
437,1
438,4
439,4
440,1
441,1
442,1
443,6
444,5
445,3
446,2
447,1
448,2
449,2
450,1
451,1
452,2
453,3
454,1
455,8
456,14
457,2
458,1
459,3
460,15
461,2
462,8
463,4
464,5
465,1
466,2
467,1
468,1
469,1
470,4
471,3
472,7
473,7
474,2
475,1
476,1
477,2
478,3
479,2
480,2
481,2
482,5
483,2
484,2
485,5
486,5
487,5
488,1
489,2
490,5
491,2
492,2
493,4
494,11
495,1
496,1
497,1
498,1
499,7
500,6
501,4
502,8
503,3
504,2
505,1
506,6
507,8
508,1
509,2
510,1
511,1
512,1
513,1
514,1
515,2
516,4
517,1
518,2
519,3
520,1
521,2
522,4
523,5
524,1
525,2
526,3
527,3
528,2
529,2
530,5
531,5
532,1
533,7
534,2
535,1
536,2
537,1
538,1
539,1
540,2
541,5
542,5
543,3
544,5
545,6
546,1
547,1
548,1
549,2
550,1
551,4
552,1
553,1
554,2
555,1
556,2
557,2
558,3
559,7
560,4
561,6
562,1
563,2
564,6
565,4
566,1
567,1
568,2
569,5
570,2
571,12
572,3
573,1
574,5
575,1
576,1
577,1
578,1
579,1
580,1
581,2
582,2
583,8
584,4
585,1
586,2
587,6
588,2
589,1
590,7
591,2
592,3
593,1
594,2
595,2
596,3
597,3
598,1
599,5
600,2
601,2
602,1
603,1
604,1
605,1
606,5
607,1
608,6
609,2
610,1
611,1
612,2
613,7
614,1
615,5
616,1
617,1
618,1
619,2
620,1
621,1
622,1
623,2
624,1
625,6
626,12
627,1
628,3
629,2
630,4
631,1
632,1
633,1
634,3
635,7
636,6
637,4
638,1
639,2
640,1
641,1
642,1
643,2
644,4
645,1
646,3
647,1
648,1
649,3
650,8
651,1
652,5
653,2
654,5
655,1
656,2
657,2
658,1
659,1
660,3
661,1
662,1
663,1
664,2
665,7
666,2
667,6
668,2
669,9
670,1
671,1
672,3
673,5
674,2
675,1
676,1
677,4
678,1
679,2
680,2
681,3
682,3
683,2
684,1
685,3
686,2
687,2
688,3
689,5
690,6
691,3
692,3
693,1
694,1
695,1
696,7
697,2
698,2
699,1
700,2
701,2
702,3
703,1
704,17
705,1
706,4
707,3
708,6
709,3
710,2
711,4
712,2
713,1
714,1
715,1
716,1
717,3
718,6
719,3
720,2
721,1
722,3
723,4
724,3
725,1
726,5
727,4
728,4
729,6
730,3
731,1
732,1
733,5
734,1
735,3
736,1
737,1
738,1
739,2
740,3
741,2
742,4
743,2
744,3
745,2
746,3
747,4
748,1
749,2
750,4
751,1
752,1
753,2
754,1
755,2
756,1
757,3
758,2
759,1
760,15
761,4
762,6
763,3
764,1
765,2
766,3
767,1
768,1
769,1
770,1
771,7
772,1
773,1
774,2
775,8
776,6
777,1
778,5
779,1
780,1
781,1
782,1
783,1
784,1
785,2
786,1
787,1
788,1
789,3
790,1
791,2
792,1
793,1
794,1
795,1
796,2
797,1
798,7
799,6
800,1
801,1
802,1
803,1
804,3
805,1
806,3
807,5
808,1
809,2
810,1
811,3
812,2
813,4
814,1
815,1
816,1
817,3
818,1
819,2
820,1
821,6
822,2
823,2
824,3
825,1
826,1
827,1
828,3
829,1
830,1
831,1
832,6
833,2
834,7
835,2
836,1
837,1
838,1
839,8
840,2
841,1
842,5
843,2
844,3
845,2
846,1
847,2
848,3
849,1
850,1
851,1
852,2
853,3
854,1
855,2
856,2
857,1
858,4
859,1
860,1
861,3
862,3
863,3
864,1
865,3
866,1
867,4
868,5
869,4
870,1
871,6
872,1
873,2
874,7
875,7
876,1
877,8
878,1
879,1
880,2
881,2
882,1
883,1
884,2
885,2
886,2
887,2
888,1
889,3
890,1
891,2
892,2
893,1
894,6
895,3
896,9
897,2
898,1
899,1
900,2
901,2
902,1
903,1
904,1
905,7
906,1
907,1
908,2
909,2
910,6
911,2
912,3
913,1
914,9
915,1
916,3
917,1
918,2
919,3
920,1
921,5
922,1
923,1
924,1
925,3
926,5
927,1
928,3
929,1
930,1
931,2
932,1
933,1
934,2
935,2
936,5
937,1
938,2
939,1
940,2
941,2
942,1
943,2
944,7
945,2
946,2
947,1
948,8
949,3
950,1
951,3
952,5
953,1
954,1
955,2
956,4
957,2
958,1
959,6
960,2
961,4
962,4
963,2
964,1
965,2
966,2
967,1
968,1
969,1
970,1
971,1
972,2
973,4
974,1
975,3
976,3
977,2
978,1
979,5
980,1
981,7
982,3
983,1
984,4
985,6
986,1
987,1
988,1
989,2
990,1
991,1
992,1
993,3
994,4
995,2
996,1
997,5
998,1
999,3
1000,4
1001,2
1002,10
1003,6
1004,3
1005,5
1006,2
1007,2
1008,1
1009,4
1010,2
1011,4
1012,2
1013,2
1014,2
1015,1
1016,1
1017,2
1018,5
1019,5
1020,1
1021,1
1022,8
1023,2
1024,2
1025,2
1026,1
1027,1
1028,1
1029,1
1030,4
1031,6
1032,5
1033,1
1034,1
1035,1
1036,5
1037,4
1038,2
1039,4
1040,2
1041,3
1042,3
1043,5
1044,2
1045,2
1046,2
1047,2
1048,3
1049,3
1050,4
1051,1
1052,1
1053,4
1054,1
1055,3
1056,4
1057,4
1058,2
1059,7
1060,3
1061,3
1062,1
1063,1
1064,2
1065,1
1066,2
1067,2
1068,3
1069,3
1070,2
1071,1
1072,1
1073,2
1074,2
1075,5
1076,1
1077,2
1078,1
1079,1
1080,1
1081,1
1082,3
1083,2
1084,2
1085,1
1086,1
1087,1
1088,2
1089,1
1090,5
1091,1
1092,3
1093,1
1094,3
1095,1
1096,3
1097,2
1098,1
1099,1
1100,1
1101,4
1102,3
1103,1
1104,2
1105,3
1106,2
1107,1
1108,2
1109,5
1110,1
1111,1
1112,2
1113,1
1114,2
1115,4
1116,1
1117,1
1118,2
1119,2
1120,2
1121,1
1122,1
1123,1
1124,2
1125,3
1126,1
1127,3
1128,1
1129,2
1130,3
1131,2
1132,1
1133,1
1134,4
1135,2
1136,1
1137,2
1138,2
1139,2
1140,2
1141,1
1142,1
1143,3
1144,2
1145,6
1146,3
1147,1
1148,5
1149,1
1150,1
1151,2
1152,2
1153,5
1154,1
1155,1
1156,1
1157,1
1158,1
1159,6
1160,1
1161,11
1162,1
1163,2
1164,1
1165,1
1166,2
1167,1
1168,1
1169,1
1170,1
1171,1
1172,1
1173,1
1174,4
1175,1
1176,3
1177,1
1178,2
1179,1
1180,1
1181,1
1182,1
1183,3
1184,3
1185,1
1186,2
1187,1
1188,1
1189,1
1190,1
1191,6
1192,1
1193,4
1194,1
1195,1
1196,2
1197,2
1198,1
1199,1
1200,1
1201,1
1202,1
1203,7
1204,1
1205,1
1206,3
1207,2
1208,2
1209,2
1210,1
1211,2
1212,4
1213,2
1214,2
1215,3
1216,1
1217,1
1218,4
1219,2
1220,1
1221,1
1222,1
1223,5
1224,2
1225,3
1226,1
1227,1
1228,1
1229,1
1230,1
1231,3
1232,2
1233,3
1234,2
1235,1
1236,1
1237,1
1238,1
1239,4
1240,2
1241,1
1242,2
1243,1
1244,2
1245,2
1246,3
1247,3
1248,2
1249,2
1250,4
1251,4
1252,5
1253,2
1254,3
1255,1
1256,9
1257,4
1258,1
1259,3
1260,1
1261,2
1262,4
1263,3
1264,2
1265,3
1266,2
1267,1
1268,1
1269,4
1270,3
1271,3
1272,2
1273,1
1274,3
1275,1
1276,1
1277,1
1278,1
1279,2
1280,1
1281,3
1282,2
1283,4
1284,1
1285,1
1286,2
1287,4
1288,2
1289,1
1290,3
1291,2
1292,1
1293,3
1294,1
1295,1
1296,1
1297,2
1298,5
1299,2
1300,3
1301,2
1302,2
1303,1
1304,2
1305,1
1306,4
1307,2
1308,2
1309,3
1310,6
1311,2
1312,3
1313,2
1314,1
1315,1
1316,1
1317,1
1318,1
1319,2
1320,2
1321,2
1322,5
1323,1
1324,1
1325,2
1326,1
1327,1
1328,1
1329,3
1330,5
1331,1
1332,1
1333,1
1334,1
1335,3
1336,2
1337,1
1338,2
1339,1
1340,1
1341,1
1342,3
1343,1
1344,2
1345,2
1346,1
1347,2
1348,1
1349,3
1350,1
1351,3
1352,1
1353,1
1354,1
1355,1
1356,4
1357,4
1358,2
1359,1
1360,1
1361,2
1362,1
1363,2
1364,1
1365,1
1366,1
1367,2
1368,1
1369,1
1370,1
1371,2
1372,1
1373,1
1374,1
1375,1
1376,1
1377,2
1378,1
1379,1
1380,3
1381,1
1382,2
1383,1
1384,2
1385,3
1386,1
1387,3
1388,1
1389,2
1390,2
1391,1
1392,1
1393,1
1394,1
1395,1
1396,1
1397,1
1398,1
1399,1
1400,4
1401,1
1402,3
1403,5
1404,1
1405,4
1406,2
1407,1
1408,1
1409,1
1410,1
1411,1
1412,3
1413,1
1414,1
1415,2
1416,1
1417,1
1418,2
1419,1
1420,3
1421,1
1422,2
1423,3
1424,1
1425,5
1426,1
1427,2
1428,1
1429,3
1430,1
1431,1
1432,1
1433,7
1434,1
1435,1
1436,1
1437,2
1438,1
1439,3
1440,3
1441,1
1442,2
1443,1
1444,2
1445,1
1446,1
1447,1
1448,1
1449,2
1450,2
1451,4
1452,3
1453,2
1454,3
1455,4
1456,1
1457,1
1458,1
1459,2
1460,1
1461,1
1462,2
1463,1
1464,6
1465,2
1466,3
1467,1
1468,1
1469,2
1470,1
1471,1
1472,1
1473,2
1474,1
1475,1
1476,1
1477,1
1478,1
1479,1
1480,1
1481,1
1482,1
1483,1
1484,6
1485,2
1486,1
1487,3
1488,1
1489,1
1490,2
1491,1
1492,2
1493,1
1494,1
1495,1
1496,1
1497,2
1498,1
1499,1
1500,1
1501,4
1502,1
1503,2
1504,3
1505,2
1506,3
1507,3
1508,5
1509,2
1510,1
1511,1
1512,2
1513,3
1514,1
1515,3
1516,2
1517,3
1518,1
1519,3
1520,1
1521,5
1522,3
1523,14
1524,1
1525,1
1526,2
1527,1
1528,2
1529,1
1530,2
1531,2
1532,2
1533,2
1534,5
1535,1
1536,1
1537,1
1538,4
1539,2
1540,1
1541,1
1542,1
1543,1
1544,2
1545,2
1546,2
1547,1
1548,2
1549,2
1550,1
1551,1
1552,1
1553,2
1554,5
1555,2
1556,2
1557,2
1558,4
1559,3
1560,2
1561,1
1562,1
1563,1
1564,2
1565,2
1566,4
1567,1
1568,2
1569,1
1570,1
1571,1
1572,1
1573,3
1574,2
1575,1
1576,1
1577,3
1578,1
1579,1
1580,1
1581,1
1582,2
1583,3
1584,1
1585,1
1586,1
1587,2
1588,1
1589,1
1590,1
1591,1
1592,2
1593,2
1594,1
1595,2
1596,1
1597,1
1598,2
1599,2
1600,1
1601,1
1602,1
1603,1
1604,1
1605,1
1606,1
1607,1
1608,2
1609,2
1610,1
1611,1
1612,2
1613,2
1614,3
1615,2
1616,1
1617,1
1618,1
1619,2
1620,3
1621,6
1622,3
1623,3
1624,3
1625,1
1626,2
1627,1
1628,1
1629,3
1630,1
1631,1
1632,4
1633,2
1634,1
1635,1
1636,1
1637,2
1638,1
1639,2
1640,1
1641,6
1642,2
1643,3
1644,1
1645,1
1646,1
1647,1
1648,1
1649,1
1650,2
1651,1
1652,1
1653,1
1654,2
1655,1
1656,1
1657,2
1658,2
1659,1
1660,5
1661,3
1662,1
1663,1
1664,2
1665,3
1666,1
1667,1
1668,3
1669,1
1670,3
1671,3
1672,1
1673,2
1674,1
1675,1
1676,1
1677,2
1678,2
1679,1
1680,1
1681,2
1682,2
1683,2
1684,3
1685,2
1686,3
1687,2
1688,2
1689,1
1690,1
1691,1
1692,2
1693,4
1694,2
1695,2
1696,1
1697,2
1698,4
1699,2
1700,1
1701,1
1702,3
1703,2
1704,2
1705,1
1706,1
1707,2
1708,4
1709,1
1710,1
1711,2
1712,1
1713,2
1714,1
1715,1
1716,1
1717,1
1718,1
1719,1
1720,2
1721,1
1722,1
1723,1
1724,4
1725,2
1726,2
1727,1
1728,1
1729,5
1730,3
1731,1
1732,1
1733,3
1734,2
1735,3
1736,1
1737,1
1738,1
1739,3
1740,1
1741,1
1742,3
1743,1
1744,2
1745,1
1746,1
1747,2
1748,1
1749,2
1750,2
1751,1
1752,1
1753,2
1754,1
1755,2
1756,1
1757,2
1758,1
1759,1
1760,1
1761,1
1762,2
1763,1
1764,3
1765,2
1766,1
1767,2
1768,1
1769,3
1770,1
1771,1
1772,2
1773,2
1774,3
1775,2
1776,1
1777,1
1778,1
1779,2
1780,2
1781,1
1782,1
1783,1
1784,1
1785,1
1786,3
1787,2
1788,4
1789,1
1790,2
1791,1
1792,1
1793,1
1794,2
1795,1
1796,2
1797,1
1798,2
1799,1
1800,3
1801,3
1802,1
1803,1
1804,2
1805,2
1806,1
1807,2
1808,1
1809,2
1810,1
1811,4
1812,1
1813,2
1814,1
1815,1
1816,2
1817,2
1818,1
1819,1
1820,1
1821,1
1822,1
1823,1
1824,1
1825,1
1826,1
1827,2
1828,3
1829,1
1830,1
1831,1
1832,1
1833,1
1834,1
1835,1
1836,2
1837,3
1838,1
1839,3
1840,2
1841,1
1842,1
1843,2
1844,1
1845,1
1846,1
1847,3
1848,4
1849,1
1850,1
1851,2
1852,5
1853,1
1854,2
1855,2
1856,1
1857,1
1858,2
1859,1
1860,1
1861,1
1862,1
1863,1
1864,1
1865,1
1866,3
1867,5
1868,1
1869,1
1870,1
1871,1
1872,1
1873,3
1874,2
1875,1
1876,1
1877,1
1878,3
1879,1
1880,1
1881,1
1882,2
1883,2
1884,1
1885,1
1886,2
1887,1
1888,1
1889,2
1890,3
1891,1
1892,1
1893,3
1894,1
1895,1
1896,2
1897,1
1898,4
1899,1
1900,2
1901,3
1902,1
1903,1
1904,2
1905,1
1906,3
1907,1
1908,3
1909,1
1910,3
1911,1
1912,2
1913,1
1914,1
1915,1
1916,3
1917,2
1918,1
1919,1
1920,1
1921,1
1922,1
1923,1
1924,3
1925,1
1926,1
1927,1
1928,1
1929,1
1930,1
1931,3
1932,2
1933,1
1934,1
1935,1
1936,1
1937,3
1938,2
1939,2
1940,1
1941,3
1942,1
1943,3
1944,1
1945,2
1946,1
1947,2
1948,1
1949,1
1950,2
1951,1
1952,1
1953,2
1954,1
1955,1
1956,3
1957,2
1958,1
1959,1
1960,1
1961,1
1962,2
1963,2
1964,1
1965,1
1966,1
1967,2
1968,3
1969,1
1970,1
1971,1
1972,1
1973,2
1974,3
1975,1
1976,1
1977,1
1978,1
1979,1
1980,1
1981,1
1982,1
1983,1
1984,1
1985,3
1986,1
1987,2
1988,1
1989,2
1990,2
1991,1
1992,4
1993,1
1994,3
1995,5
1996,1
1997,3
1998,2
1999,3
2000,1
2001,2
2002,2
2003,1
2004,1
2005,1
2006,1
2007,1
2008,1
2009,1
2010,1
2011,2
2012,1
2013,1
2014,1
2015,1
2016,1
2017,2
2018,1
2019,1
2020,1
2021,1
2022,1
2023,2
2024,3
2025,1
2026,1
2027,1
2028,2
2029,1
2030,1
2031,2
2032,2
2033,1
2034,1
2035,1
2036,1
2037,1
2038,1
2039,1
2040,1
2041,1
2042,1
2043,1
2044,2
2045,3
2046,1
2047,2
2048,1
2049,1
2050,1
2051,2
2052,1
2053,1
2054,1
2055,2
2056,1
2057,1
2058,3
2059,1
2060,1
2061,1
2062,2
2063,2
2064,1
2065,1
2066,1
2067,1
2068,2
2069,1
2070,1
2071,1
2072,1
2073,3
2074,1
2075,2
2076,3
2077,2
2078,1
2079,1
2080,1
2081,1
2082,1
2083,1
2084,2
2085,1
2086,1
2087,4
2088,1
2089,1
2090,1
2091,1
2092,1
2093,5
2094,1
2095,3
2096,5
2097,2
2098,2
2099,4
2100,1
2101,2
2102,1
2103,1
2104,1
2105,8
2106,1
2107,1
2108,4
2109,1
2110,1
2111,2
2112,2
2113,1
2114,2
2115,1
2116,1
2117,1
2118,1
2119,2
2120,3
2121,1
2122,1
2123,2
2124,1
2125,2
2126,1
2127,1
2128,2
2129,1
2130,1
2131,2
2132,5
2133,1
2134,1
2135,3
2136,2
2137,1
2138,1
2139,2
2140,2
2141,1
2142,1
2143,1
2144,1
2145,1
2146,1
2147,1
2148,1
2149,1
2150,1
2151,1
2152,2
2153,1
2154,1
2155,3
2156,1
2157,2
2158,1
2159,1
2160,1
2161,2
2162,2
2163,1
2164,2
2165,1
2166,1
2167,1
2168,1
2169,1
2170,1
2171,1
2172,2
2173,1
2174,6
2175,1
2176,1
2177,2
2178,1
2179,2
2180,1
2181,1
2182,2
2183,1
2184,6
2185,1
2186,3
2187,2
2188,2
2189,2
2190,1
2191,1
2192,1
2193,1
2194,1
2195,2
2196,1
2197,3
2198,2
2199,1
2200,1
2201,3
2202,1
2203,1
2204,2
2205,1
2206,3
2207,1
2208,1
2209,2
2210,1
2211,1
2212,1
2213,1
2214,1
2215,1
2216,3
2217,1
2218,2
2219,3
2220,1
2221,1
2222,1
2223,1
2224,3
2225,1
2226,2
2227,2
2228,1
2229,1
2230,1
2231,1
2232,3
2233,1
2234,1
2235,1
2236,1
2237,1
2238,1
2239,1
2240,1
2241,1
2242,2
2243,1
2244,2
2245,1
2246,1
2247,2
2248,4
2249,1
2250,1
2251,2
2252,1
2253,1
2254,1
2255,1
2256,1
2257,1
2258,1
2259,1
2260,1
2261,1
2262,1
2263,1
2264,2
2265,2
2266,1
2267,1
2268,1
2269,1
2270,1
2271,1
2272,1
2273,1
2274,1
2275,1
2276,1
2277,1
2278,1
2279,4
2280,1
2281,2
2282,2
2283,4
2284,1
2285,1
2286,1
2287,1
2288,1
2289,1
2290,2
2291,1
2292,1
2293,1
2294,3
2295,2
2296,1
2297,1
2298,2
2299,2
2300,1
2301,1
2302,1
2303,1
2304,1
2305,1
2306,1
2307,1
2308,1
2309,1
2310,1
2311,1
2312,1
2313,1
2314,4
2315,3
2316,1
2317,1
2318,1
2319,1
2320,1
2321,1
2322,2
2323,1
2324,1
2325,2
2326,1
2327,1
2328,1
2329,3
2330,1
2331,2
2332,1
2333,2
2334,1
2335,1
2336,1
2337,1
2338,2
2339,1
2340,1
2341,2
2342,1
2343,2
2344,2
2345,2
2346,1
2347,2
2348,1
2349,1
2350,1
2351,1
2352,1
2353,1
2354,1
2355,2
2356,1
2357,1
2358,1
2359,1
2360,1
2361,1
2362,1
2363,1
2364,1
2365,1
2366,1
2367,1
2368,1
2369,1
2370,1
2371,2
2372,1
2373,1
2374,1
2375,1
2376,1
2377,1
2378,1
2379,1
2380,1
2381,1
2382,1
2383,1
2384,1
2385,1
2386,1
2387,1
2388,4
2389,2
2390,1
2391,1
2392,1
2393,1
2394,1
2395,1
2396,1
2397,1
2398,1
2399,1
2400,1
2401,1
2402,1
2403,1
2404,1
2405,3
2406,1
2407,2
2408,3
2409,1
2410,1
2411,3
2412,1
2413,1
2414,2
2415,2
2416,4
2417,3
2418,1
2419,1
2420,1
2421,1
2422,1
2423,1
2424,1
2425,2
2426,1
2427,1
2428,1
2429,1
2430,1
2431,3
2432,1
2433,1
2434,1
2435,1
2436,2
2437,1
2438,1
2439,1
2440,1
2441,1
2442,2
2443,1
2444,3
2445,2
2446,1
2447,1
2448,2
2449,1
2450,6
2451,1
2452,1
2453,2
2454,2
2455,2
2456,1
2457,1
2458,1
2459,1
2460,2
2461,4
2462,1
2463,1
2464,1
2465,1
2466,1
2467,1
2468,1
2469,1
2470,1
2471,3
2472,2
2473,1
2474,1
2475,3
2476,2
2477,1
2478,4
2479,1
2480,1
2481,1
2482,1
2483,2
2484,1
2485,4
2486,2
2487,2
2488,1
2489,1
2490,2
2491,2
2492,1
2493,1
2494,4
2495,1
2496,1
2497,1
2498,1
2499,2
2500,1
2501,3
2502,1
2503,2
2504,2
2505,1
2506,1
2507,2
2508,1
2509,1
2510,1
2511,1
2512,2
2513,1
2514,1
2515,1
2516,1
2517,1
2518,3
2519,2
2520,1
2521,2
2522,1
2523,1
2524,1
2525,1
2526,1
2527,1
2528,1
2529,1
2530,1
2531,5
2532,2
2533,1
2534,2
2535,1
2536,2
2537,1
2538,1
2539,1
2540,1
2541,2
2542,2
2543,2
2544,2
2545,2
2546,2
2547,1
2548,1
2549,1
2550,2
2551,1
2552,2
2553,1
2554,1
2555,2
2556,1
2557,1
2558,1
2559,1
2560,1
2561,2
2562,1
2563,2
2564,1
2565,6
2566,1
2567,1
2568,2
2569,1
2570,1
2571,1
2572,3
2573,1
2574,1
2575,1
2576,1
2577,1
2578,1
2579,1
2580,2
2581,1
2582,2
2583,1
2584,1
2585,1
2586,1
2587,2
2588,1
2589,1
2590,1
2591,4
2592,1
2593,1
2594,1
2595,1
2596,2
2597,1
2598,1
2599,1
2600,1
2601,6
2602,1
2603,2
2604,1
2605,1
2606,1
2607,1
2608,1
2609,1
2610,1
2611,1
2612,2
2613,2
2614,1
2615,1
2616,2
2617,1
2618,2
2619,2
2620,1
2621,1
2622,1
2623,1
2624,1
2625,1
2626,3
2627,1
2628,2
2629,1
2630,2
2631,2
2632,1
2633,1
2634,1
2635,2
2636,2
2637,1
2638,1
2639,1
2640,2
2641,2
2642,2
2643,1
2644,2
2645,2
2646,2
2647,1
2648,1
2649,2
2650,1
2651,1
2652,1
2653,1
2654,1
2655,2
2656,1
2657,1
2658,2
2659,1
2660,4
2661,1
2662,3
2663,2
2664,1
2665,1
2666,1
2667,1
2668,1
2669,1
2670,1
2671,1
2672,2
2673,1
2674,1
2675,2
2676,1
2677,1
2678,1
2679,1
2680,1
2681,4
2682,1
2683,2
2684,1
2685,1
2686,2
2687,1
2688,3
2689,1
2690,1
2691,1
2692,1
2693,1
2694,1
2695,2
2696,1
2697,1
2698,1
2699,1
2700,2
2701,2
2702,3
2703,2
2704,1
2705,2
2706,3
2707,1
2708,1
2709,2
2710,1
2711,1
2712,1
2713,1
2714,3
2715,1
2716,1
2717,2
2718,1
2719,1
2720,1
2721,1
2722,2
2723,1
2724,2
2725,1
2726,1
2727,2
2728,1
2729,1
2730,4
2731,1
2732,1
2733,2
2734,1
2735,2
2736,3
2737,2
2738,1
2739,1
2740,1
2741,1
2742,1
2743,2
2744,1
2745,1
2746,1
2747,1
2748,1
2749,1
2750,1
2751,1
2752,1
2753,3
2754,1
2755,1
2756,1
2757,1
2758,1
2759,1
2760,1
2761,1
2762,1
2763,1
2764,1
2765,1
2766,1
2767,2
2768,1
2769,1
2770,2
2771,1
2772,1
2773,1
2774,3
2775,1
2776,1
2777,1
2778,3
2779,1
2780,1
2781,1
2782,1
2783,1
2784,1
2785,1
2786,1
2787,1
2788,4
2789,1
2790,1
2791,2
2792,1
2793,1
2794,1
2795,1
2796,1
2797,1
2798,1
2799,2
2800,1
2801,1
2802,2
2803,1
2804,2
2805,1
2806,1
2807,2
2808,2
2809,1
2810,2
2811,1
2812,1
2813,1
2814,1
2815,1
2816,1
2817,1
2818,2
2819,1
2820,1
2821,1
2822,1
2823,2
2824,1
2825,1
2826,1
2827,1
2828,1
2829,1
2830,1
2831,1
2832,2
2833,3
2834,3
2835,1
2836,1
2837,2
2838,1
2839,1
2840,1
2841,1
2842,1
2843,2
2844,3
2845,1
2846,2
2847,2
2848,1
2849,1
2850,1
2851,1
2852,2
2853,1
2854,2
2855,1
2856,1
2857,1
2858,2
2859,1
2860,1
2861,1
2862,1
2863,1
2864,1
2865,1
2866,1
2867,2
2868,2
2869,1
2870,2
2871,1
2872,1
2873,1
2874,1
2875,2
2876,1
2877,1
2878,2
2879,2
2880,1
2881,1
2882,1
2883,1
2884,1
2885,1
2886,1
2887,2
2888,1
2889,1
2890,1
2891,2
2892,1
2893,1
2894,1
2895,1
2896,1
2897,1
2898,1
2899,2
2900,1
2901,1
2902,1
2903,1
2904,1
2905,2
2906,1
2907,2
2908,1
2909,1
2910,1
2911,1
2912,2
2913,1
2914,1
2915,1
2916,1
2917,1
2918,1
2919,2
2920,3
2921,1
2922,1
2923,1
2924,2
2925,2
2926,2
2927,1
2928,1
2929,1
2930,1
2931,1
2932,1
2933,1
2934,1
2935,1
2936,1
2937,1
2938,1
2939,2
2940,2
2941,1
2942,1
2943,1
2944,1
2945,1
2946,2
2947,1
2948,1
2949,1
2950,2
2951,1
2952,1
2953,2
2954,1
2955,1
2956,2
2957,2
2958,1
2959,2
2960,1
2961,1
2962,1
2963,2
2964,1
2965,1
2966,1
2967,1
2968,1
2969,1
2970,1
2971,1
2972,1
2973,2
2974,1
2975,1
2976,1
2977,1
2978,1
2979,1
2980,1
2981,2
2982,1
2983,2
2984,1
2985,2
2986,1
2987,1
2988,3
2989,1
2990,1
2991,1
2992,2
2993,1
2994,1
2995,4
2996,1
2997,1
2998,1
2999,1
3000,1
3001,1
3002,1
3003,3
3004,1
3005,1
3006,2
3007,1
3008,1
3009,1
3010,1
3011,1
3012,1
3013,1
3014,1
3015,1
3016,1
3017,1
3018,2
3019,1
3020,1
3021,1
3022,1
3023,1
3024,1
3025,1
3026,2
3027,1
3028,1
3029,1
3030,2
3031,1
3032,1
3033,1
3034,2
3035,2
3036,1
3037,1
3038,1
3039,1
3040,2
3041,2
3042,1
3043,1
3044,1
3045,1
3046,1
3047,3
3048,2
3049,1
3050,1
3051,1
3052,1
3053,1
3054,2
3055,1
3056,1
3057,1
3058,1
3059,1
3060,2
3061,3
3062,1
3063,1
3064,1
3065,1
3066,2
3067,1
3068,1
3069,1
3070,1
3071,2
3072,1
3073,1
3074,1
3075,1
3076,1
3077,2
3078,1
3079,1
3080,1
3081,1
3082,1
3083,1
3084,1
3085,1
3086,1
3087,1
3088,2
3089,2
3090,1
3091,1
3092,1
3093,2
3094,1
3095,2
3096,1
3097,1
3098,1
3099,1
3100,1
3101,2
3102,3
3103,1
3104,1
3105,3
3106,3
3107,1
3108,1
3109,1
3110,2
3111,1
3112,1
3113,1
3114,1
3115,1
3116,1
3117,1
3118,3
3119,1
3120,1
3121,1
3122,2
3123,1
3124,1
3125,1
3126,2
3127,1
3128,1
3129,1
3130,1
3131,1
3132,1
3133,2
3134,1
3135,2
3136,1
3137,1
3138,1
3139,1
3140,1
3141,1
3142,1
3143,1
3144,1
3145,1
3146,3
3147,1
3148,2
3149,1
3150,1
3151,1
3152,1
3153,1
3154,2
3155,2
3156,1
3157,1
3158,1
3159,1
3160,1
3161,1
3162,1
3163,1
3164,2
3165,1
3166,1
3167,1
3168,1
3169,1
3170,1
3171,1
3172,2
3173,1
3174,1
3175,1
3176,1
3177,1
3178,1
3179,1
3180,1
3181,1
3182,1
3183,1
3184,1
3185,1
3186,1
3187,3
3188,1
3189,1
3190,1
3191,1
3192,2
3193,1
3194,1
3195,1
3196,2
3197,1
3198,1
3199,4
3200,1
3201,1
3202,1
3203,1
3204,1
3205,1
3206,2
3207,1
3208,1
3209,1
3210,1
3211,1
3212,1
3213,1
3214,1
3215,2
3216,1
3217,2
3218,3
3219,1
3220,2
3221,1
3222,2
3223,1
3224,1
3225,1
3226,2
3227,1
3228,1
3229,1
3230,1
3231,1
3232,2
3233,1
3234,3
3235,1
3236,1
3237,1
3238,1
3239,2
3240,1
3241,1
3242,1
3243,1
3244,2
3245,2
3246,3
3247,1
3248,1
3249,2
3250,1
3251,1
3252,1
3253,1
3254,1
3255,1
3256,1
3257,3
3258,1
3259,1
3260,1
3261,1
3262,1
3263,1
3264,1
3265,1
3266,3
3267,1
3268,1
3269,1
3270,1
3271,1
3272,2
3273,1
3274,2
3275,2
3276,1
3277,1
3278,1
3279,1
3280,1
3281,1
3282,2
3283,1
3284,1
3285,1
3286,1
3287,2
3288,1
3289,1
3290,1
3291,3
3292,2
3293,1
3294,1
3295,1
3296,1
3297,1
3298,1
3299,1
3300,1
3301,1
3302,2
3303,1
3304,1
3305,2
3306,1
3307,1
3308,1
3309,2
3310,1
3311,3
3312,1
3313,1
3314,1
3315,1
3316,1
3317,1
3318,1
3319,1
3320,2
3321,1
3322,1
3323,1
3324,1
3325,2
3326,1
3327,1
3328,2
3329,1
3330,1
3331,1
3332,1
3333,1
3334,1
3335,2
3336,1
3337,2
3338,3
3339,2
3340,1
3341,1
3342,2
3343,2
3344,2
3345,1
3346,1
3347,1
3348,1
3349,1
3350,1
3351,1
3352,1
3353,1
3354,1
3355,1
3356,1
3357,1
3358,1
3359,2
3360,2
3361,1
3362,1
3363,1
3364,1
3365,1
3366,2
3367,1
3368,3
3369,1
3370,1
3371,1
3372,1
3373,1
3374,1
3375,1
3376,1
3377,1
3378,1
3379,1
3380,1
3381,1
3382,1
3383,2
3384,1
3385,1
3386,1
3387,2
3388,1
3389,1
3390,1
3391,2
3392,1
3393,1
3394,1
3395,1
3396,1
3397,1
3398,1
3399,1
3400,1
3401,1
3402,1
3403,1
3404,1
3405,2
3406,1
3407,1
3408,1
3409,1
3410,1
3411,1
3412,2
3413,1
3414,1
3415,2
3416,1
3417,1
3418,2
3419,1
3420,1
3421,1
3422,1
3423,1
3424,1
3425,1
3426,2
3427,1
3428,2
3429,1
3430,1
3431,1
3432,1
3433,1
3434,1
3435,1
3436,2
3437,1
3438,3
3439,1
3440,1
3441,2
3442,1
3443,1
3444,1
3445,2
3446,1
3447,1
3448,1
3449,1
3450,1
3451,2
3452,1
3453,1
3454,1
3455,1
3456,1
3457,1
3458,1
3459,1
3460,4
3461,1
3462,1
3463,1
3464,1
3465,2
3466,2
3467,1
3468,1
3469,1
3470,1
3471,1
3472,1
3473,1
3474,1
3475,1
3476,1
3477,1
3478,1
3479,1
3480,1
3481,1
3482,1
3483,1
3484,1
3485,1
3486,1
3487,4
3488,1
3489,1
3490,1
3491,2
3492,1
3493,1
3494,1
3495,1
3496,2
3497,1
3498,1
3499,1
3500,1
3501,1
3502,2
3503,1
3504,1
3505,1
3506,1
3507,1
3508,1
3509,1
3510,1
3511,1
3512,3
3513,1
3514,1
3515,1
3516,1
3517,1
3518,1
3519,1
3520,1
3521,1
3522,2
3523,1
3524,1
3525,1
3526,1
3527,1
3528,1
3529,1
3530,1
3531,1
3532,1
3533,1
3534,2
3535,2
3536,1
3537,1
3538,2
3539,1
3540,1
3541,1
3542,1
3543,3
3544,1
3545,1
3546,1
3547,1
3548,1
3549,1
3550,1
3551,2
3552,1
3553,1
3554,1
3555,1
3556,1
3557,1
3558,1
3559,1
3560,1
3561,3
3562,1
3563,1
3564,1
3565,1
3566,1
3567,1
3568,1
3569,1
3570,1
3571,1
3572,1
3573,1
3574,1
3575,1
3576,2
3577,1
3578,1
3579,1
3580,1
3581,1
3582,1
3583,1
3584,2
3585,1
3586,2
3587,1
3588,2
3589,1
3590,2
3591,1
3592,1
3593,1
3594,1
3595,2
3596,1
3597,1
3598,1
3599,1
3600,1
3601,1
3602,1
3603,1
3604,1
3605,2
3606,1
3607,1
3608,1
3609,1
3610,1
3611,1
3612,1
3613,1
3614,1
3615,1
3616,1
3617,1
3618,1
3619,2
3620,1
3621,1
3622,1
3623,1
3624,1
3625,3
3626,1
3627,1
3628,2
3629,1
3630,1
3631,1
3632,1
3633,2
3634,1
3635,1
3636,2
3637,1
3638,1
3639,2
3640,1
3641,1
3642,1
3643,1
3644,1
3645,1
3646,1
3647,1
3648,1
3649,1
3650,1
3651,1
3652,2
3653,2
3654,1
3655,1
3656,1
3657,1
3658,1
3659,1
3660,1
3661,1
3662,1
3663,1
3664,2
3665,1
3666,1
3667,1
3668,2
3669,1
3670,1
3671,3
3672,2
3673,1
3674,2
3675,1
3676,1
3677,1
3678,2
3679,1
3680,1
3681,1
3682,1
3683,1
3684,1
3685,1
3686,2
3687,1
3688,1
3689,2
3690,1
3691,1
3692,1
3693,1
3694,1
3695,3
3696,1
3697,1
3698,1
3699,1
3700,1
3701,1
3702,1
3703,1
3704,1
3705,1
3706,3
3707,1
3708,1
3709,1
3710,1
3711,1
3712,1
3713,1
3714,3
3715,1
3716,1
3717,1
3718,1
3719,1
3720,1
3721,1
3722,1
3723,1
3724,1
3725,1
3726,1
3727,1
3728,1
3729,1
3730,1
3731,1
3732,1
3733,1
3734,1
3735,1
3736,1
3737,2
3738,1
3739,1
3740,1
3741,1
3742,1
3743,1
3744,1
3745,1
3746,1
3747,1
3748,1
3749,1
3750,1
3751,1
3752,1
3753,1
3754,2
3755,1
3756,1
3757,1
3758,2
3759,1
3760,1
3761,1
3762,1
3763,1
3764,1
3765,1
3766,2
3767,1
3768,1
3769,1
3770,1
3771,1
3772,1
3773,1
3774,1
3775,1
3776,3
3777,1
3778,1
3779,1
3780,2
3781,1
3782,1
3783,1
3784,1
3785,2
3786,1
3787,2
3788,2
3789,2
3790,1
3791,1
3792,1
3793,1
3794,1
3795,1
3796,2
3797,1
3798,1
3799,1
3800,1
3801,1
3802,1
3803,1
3804,1
3805,2
3806,1
3807,1
3808,1
3809,1
3810,1
3811,2
3812,1
3813,1
3814,1
3815,2
3816,1
3817,1
3818,1
3819,1
3820,1
3821,1
3822,1
3823,1
3824,1
3825,1
3826,1
3827,1
3828,1
3829,1
3830,1
3831,1
3832,1
3833,1
3834,1
3835,1
3836,1
3837,1
3838,1
3839,1
3840,1
3841,1
3842,1
3843,1
3844,2
3845,1
3846,1
3847,1
3848,2
3849,1
3850,3
3851,1
3852,1
3853,1
3854,1
3855,1
3856,1
3857,1
3858,1
3859,1
3860,1
3861,1
3862,1
3863,2
3864,1
3865,1
3866,1
3867,1
3868,1
3869,1
3870,1
3871,1
3872,1
3873,1
3874,1
3875,1
3876,1
3877,2
3878,1
3879,1
3880,1
3881,1
3882,1
3883,1
3884,2
3885,1
3886,1
3887,1
3888,1
3889,1
3890,1
3891,1
3892,1
3893,1
3894,1
3895,1
3896,1
3897,1
3898,1
3899,1
3900,1
3901,1
3902,2
3903,1
3904,2
3905,1
3906,1
3907,1
3908,1
3909,1
3910,1
3911,1
3912,1
3913,1
3914,1
3915,2
3916,1
3917,1
3918,1
3919,3
3920,1
3921,1
3922,1
3923,1
3924,1
3925,1
3926,1
3927,1
3928,1
3929,1
3930,1
3931,1
3932,2
3933,1
3934,1
3935,1
3936,1
3937,1
3938,1
3939,1
3940,1
3941,1
3942,1
3943,1
3944,1
3945,1
3946,1
3947,2
3948,1
3949,1
3950,1
3951,2
3952,1
3953,1
3954,1
3955,1
3956,1
3957,1
3958,2
3959,1
3960,1
3961,2
3962,1
3963,1
3964,1
3965,2
3966,1
3967,1
3968,1
3969,1
3970,1
3971,1
3972,1
3973,1
3974,1
3975,1
3976,1
3977,1
3978,1
3979,1
3980,1
3981,1
3982,1
3983,1
3984,1
3985,1
3986,1
3987,1
3988,1
3989,1
3990,2
3991,1
3992,3
3993,1
3994,1
3995,2
3996,1
3997,2
3998,1
3999,1
4000,1
4001,1
4002,1
4003,1
4004,1
4005,1
4006,1
4007,1
4008,1
4009,3
4010,1
4011,1
4012,1
4013,1
4014,1
4015,1
4016,1
4017,1
4018,1
4019,1
4020,1
4021,1
4022,1
4023,1
4024,1
4025,1
4026,1
4027,1
4028,1
4029,1
4030,1
4031,1
4032,2
4033,1
4034,1
4035,1
4036,1
4037,1
4038,1
4039,1
4040,1
4041,1
4042,1
4043,1
4044,2
4045,1
4046,1
4047,2
4048,1
4049,1
4050,1
4051,1
4052,1
4053,1
4054,1
4055,1
4056,1
4057,1
4058,1
4059,1
4060,1
4061,1
4062,1
4063,1
4064,1
4065,1
4066,1
4067,1
4068,2
4069,1
4070,1
4071,1
4072,1
4073,1
4074,1
4075,1
4076,1
4077,1
4078,1
4079,1
4080,1
4081,1
4082,1
4083,1
4084,1
4085,1
4086,1
4087,1
4088,1
4089,2
4090,1
4091,1
4092,1
4093,2
4094,1
4095,1
4096,1
4097,1
4098,1
4099,1
4100,1
4101,1
4102,1
4103,1
4104,1
4105,1
4106,1
4107,1
4108,1
4109,1
4110,1
4111,1
4112,1
4113,1
4114,1
4115,1
4116,1
4117,1
4118,1
4119,2
4120,1
4121,1
4122,1
4123,2
4124,1
4125,1
4126,1
4127,1
4128,2
4129,1
4130,1
4131,1
4132,1
4133,1
4134,1
4135,1
4136,1
4137,1
4138,1
4139,1
4140,1
4141,1
4142,1
4143,1
4144,1
4145,1
4146,1
4147,1
4148,1
4149,1
4150,1
4151,1
4152,1
4153,1
4154,1
4155,1
4156,1
4157,1
4158,1
4159,1
4160,1
4161,2
4162,2
4163,1
4164,1
4165,1
4166,1
4167,1
4168,1
4169,1
4170,2
4171,1
4172,1
4173,1
4174,1
4175,2
4176,1
4177,1
4178,1
4179,1
4180,1
4181,1
4182,1
4183,1
4184,1
4185,1
4186,1
4187,1
4188,1
4189,1
4190,1
4191,1
4192,1
4193,1
4194,1
4195,1
4196,1
4197,1
4198,1
4199,1
4200,1
4201,1
4202,1
4203,1
4204,1
4205,1
4206,1
4207,1
4208,1
4209,2
4210,1
4211,1
4212,1
4213,1
4214,1
4215,1
4216,1
4217,1
4218,1
4219,1
4220,1
4221,1
4222,1
4223,1
4224,1
4225,1
4226,1
4227,1
4228,1
4229,1
4230,1
4231,1
4232,1
4233,1
4234,1
4235,1
4236,1
4237,1
4238,2
4239,1
4240,1
4241,1
4242,1
4243,1
4244,1
4245,1
4246,1
4247,1
4248,1
4249,1
4250,1
4251,1
4252,1
4253,1
4254,1
4255,1
4256,1
4257,1
4258,1
4259,1
4260,1
4261,1
4262,1
4263,1
4264,1
4265,2
4266,1
4267,1
4268,1
4269,2
4270,1
4271,1
4272,1
4273,1
4274,1
4275,1
4276,1
4277,1
4278,3
4279,1
4280,2
4281,1
4282,1
4283,1
4284,1
4285,4
4286,1
4287,1
4288,1
4289,1
4290,1
4291,1
4292,1
4293,1
4294,1
4295,1
4296,1
4297,1
4298,1
4299,1
4300,1
4301,1
4302,1
4303,2
4304,1
4305,1
4306,1
4307,1
4308,1
4309,1
4310,1
4311,1
4312,1
4313,1
4314,1
4315,1
4316,1
4317,1
4318,1
4319,1
4320,1
4321,1
4322,1
4323,1
4324,1
4325,2
4326,1
4327,1
4328,2
4329,1
4330,1
4331,1
4332,1
4333,1
4334,1
4335,1
4336,1
4337,1
4338,1
4339,1
4340,2
4341,1
4342,1
4343,1
4344,1
4345,1
4346,1
4347,1
4348,1
4349,1
4350,3
4351,1
4352,1
4353,1
4354,1
4355,1
4356,1
4357,1
4358,1
4359,2
4360,1
4361,1
4362,1
4363,1
4364,1
4365,1
4366,1
4367,1
4368,3
4369,1
4370,1
4371,1
4372,1
4373,1
4374,1
4375,1
4376,1
4377,1
4378,1
4379,1
4380,1
4381,1
4382,1
4383,2
4384,1
4385,1
4386,1
4387,1
4388,1
4389,1
4390,1
4391,1
4392,1
4393,1
4394,1
4395,1
4396,1
4397,1
4398,1
4399,1
4400,2
4401,1
4402,1
4403,1
4404,1
4405,1
4406,1
4407,2
4408,1
4409,1
4410,1
4411,1
4412,1
4413,1
4414,2
4415,1
4416,1
4417,1
4418,1
4419,1
4420,1
4421,1
4422,1
4423,1
4424,1
4425,1
4426,1
4427,1
4428,1
4429,1
4430,1
4431,1
4432,1
4433,1
4434,1
4435,1
4436,1
4437,1
4438,1
4439,1
4440,2
4441,1
4442,1
4443,1
4444,1
4445,1
4446,1
4447,1
4448,1
4449,1
4450,1
4451,1
4452,1
4453,1
4454,1
4455,1
4456,1
4457,2
4458,1
4459,1
4460,1
4461,1
4462,1
4463,1
4464,1
4465,1
4466,1
4467,1
4468,1
4469,1
4470,1
4471,1
4472,1
4473,1
4474,1
4475,1
4476,1
4477,1
4478,1
4479,1
4480,1
4481,1
4482,1
4483,1
4484,1
4485,1
4486,1
4487,1
4488,2
4489,1
4490,1
4491,1
4492,1
4493,1
4494,1
4495,1
4496,1
4497,1
4498,2
4499,1
4500,1
4501,1
4502,1
4503,1
4504,1
4505,1
4506,1
4507,1
4508,1
4509,1
4510,1
4511,1
4512,1
4513,1
4514,1
4515,1
4516,1
4517,1
4518,1
4519,1
4520,2
4521,1
4522,1
4523,1
4524,1
4525,1
4526,1
4527,1
4528,1
4529,1
4530,1
4531,1
4532,1
4533,1
4534,1
4535,1
4536,1
4537,1
4538,1
4539,1
4540,1
4541,2
4542,1
4543,1
4544,1
4545,1
4546,1
4547,1
4548,1
4549,1
4550,1
4551,1
4552,1
4553,1
4554,2
4555,1
4556,2
4557,1
4558,1
4559,1
4560,1
4561,1
4562,1
4563,1
4564,1
4565,1
4566,1
4567,1
4568,1
4569,2
4570,1
4571,1
4572,1
4573,1
4574,1
4575,1
4576,1
4577,1
4578,1
4579,1
4580,1
4581,1
4582,1
4583,1
4584,1
4585,1
4586,1
4587,1
4588,1
4589,1
4590,1
4591,1
4592,1
4593,1
4594,1
4595,1
4596,1
4597,1
4598,1
4599,1
4600,1
4601,1
4602,1
4603,2
4604,1
4605,1
4606,1
4607,1
4608,1
4609,1
4610,1
4611,1
4612,1
4613,1
4614,1
4615,1
4616,1
4617,1
4618,1
4619,1
4620,1
4621,1
4622,1
4623,1
4624,1
4625,1
4626,1
4627,1
4628,1
4629,1
4630,1
4631,1
4632,1
4633,1
4634,2
4635,1
4636,1
4637,1
4638,1
4639,1
4640,1
4641,1
4642,1
4643,1
4644,1
4645,1
4646,1
4647,1
4648,1
4649,1
4650,1
4651,1
4652,1
4653,1
4654,1
4655,1
4656,1
4657,1
4658,1
4659,1
4660,1
4661,1
4662,1
4663,1
4664,1
4665,1
4666,1
4667,1
4668,1
4669,1
4670,1
4671,1
4672,1
4673,1
4674,1
4675,1
4676,1
4677,1
4678,1
4679,1
4680,1
4681,1
4682,1
4683,1
4684,1
4685,1
4686,2
4687,1
4688,1
4689,1
4690,1
4691,1
4692,1
4693,1
4694,1
4695,2
4696,1
4697,1
4698,1
4699,1
4700,1
4701,1
4702,1
4703,1
4704,1
4705,1
4706,1
4707,1
4708,1
4709,1
4710,1
4711,1
4712,1
4713,1
4714,1
4715,1
4716,1
4717,1
4718,1
4719,1
4720,1
4721,1
4722,1
4723,1
4724,1
4725,1
4726,1
4727,2
4728,1
4729,1
4730,1
4731,1
4732,1
4733,1
4734,1
4735,1
4736,1
4737,1
4738,1
4739,1
4740,1
4741,1
4742,1
4743,1
4744,1
4745,1
4746,1
4747,1
4748,1
4749,1
4750,1
4751,1
4752,1
4753,1
4754,1
4755,1
4756,1
4757,1
4758,1
4759,1
4760,1
4761,1
4762,1
4763,1
4764,1
4765,1
4766,1
4767,1
4768,1
4769,2
4770,1
4771,1
4772,1
4773,1
4774,1
4775,1
4776,1
4777,1
4778,1
4779,1
4780,1
4781,1
4782,1
4783,1
4784,1
4785,1
4786,1
4787,1
4788,1
4789,1
4790,1
4791,1
4792,1
4793,1
4794,1
4795,1
4796,1
4797,2
4798,1
4799,1
4800,1
4801,1
4802,1
4803,1
4804,1
4805,1
4806,1
4807,1
4808,1
4809,1
4810,1
4811,1
4812,1
4813,1
4814,1
4815,1
4816,1
4817,1
4818,1
4819,1
4820,1
4821,1
4822,1
4823,1
4824,1
4825,1
4826,1
4827,1
4828,1
4829,1
4830,1
4831,1
4832,1
4833,1
4834,1
4835,1
4836,1
4837,1
4838,1
4839,1
4840,1
4841,1
4842,1
4843,1
4844,1
4845,1
4846,1
4847,1
4848,1
4849,1
4850,1
4851,1
4852,1
4853,1
4854,1
4855,1
4856,1
4857,1
4858,1
4859,1
4860,1
4861,1
4862,1
4863,1
4864,1
4865,1
4866,1
4867,1
4868,1
4869,1
4870,1
4871,1
4872,1
4873,1
4874,1
4875,1
4876,1
4877,1
4878,1
4879,1
4880,1
4881,1
4882,1
4883,1
4884,1
4885,1
4886,1
4887,1
4888,1
4889,1
4890,1
4891,1
4892,1
4893,1
4894,1
4895,1
4896,1
4897,1
4898,1
4899,1
4900,1
4901,1
4902,1
4903,1
4904,1
4905,1
4906,1
4907,1
4908,1
4909,1
4910,1
4911,1
4912,1
4913,1
4914,1
4915,1
4916,1
4917,1
4918,1
4919,2
4920,1
4921,1
4922,1
4923,1
4924,1
4925,1
4926,1
4927,1
4928,1
4929,1
4930,1
4931,1
4932,1
4933,1
4934,1
4935,1
4936,1
4937,1
4938,1
4939,1
4940,1
4941,1
4942,1
4943,1
4944,1
4945,1
4946,1
4947,1
4948,1
4949,1
4950,1
4951,1
4952,1
4953,1
4954,1
4955,1
4956,1
4957,1
4958,1
4959,1
4960,1
4961,1
