3595007,1
1113980,0
2095820,1
778118,3
726546,2
726547,1
726544,1
726545,1
726543,1
2965104,1
4683407,0
2350373,1
3595134,1
3772275,1
3596739,0
3772272,1
777827,2
777825,4
6115323,1
3773905,1
780009,8
3773490,1
3837422,0
780003,1
6133289,1
780007,3
780006,1
780005,2
5241114,1
3595649,1
3595648,1
3595640,1
3777913,1
3595644,1
4130395,1
779820,1
5632047,0
3774724,1
3774051,1
2335002,1
3773875,1
3773870,1
5725832,1
3773017,1
780177,1
780176,4
780175,1
780174,3
780173,2
780172,1
780171,2
780170,0
3594926,0
780179,1
3060207,0
5747899,1
51845,3
2026868,1
3778292,1
5888710,1
2383080,1
3778746,1
3595434,1
745783,0
3991058,1
3946977,1
3775163,1
780352,0
780354,0
3770734,1
755519,2
4340860,1
4812372,0
3772470,1
2393481,1
2555416,1
3779503,1
3779504,1
1096664,1
3775147,1
3775140,1
6163256,0
3774948,1
3779254,1
1409459,1
3774945,1
1797317,1
1877005,1
6031782,1
2385811,1
3771083,1
3775099,1
3775526,1
3775523,1
778850,1
3777565,1
779706,1
3774090,1
3777561,1
779702,1
1863763,1
3594749,1
3594748,1
4439708,0
1279294,0
3780074,1
3777962,1
84587,1
776600,2
3780071,1
3594405,0
2381015,1
3595024,0
3772278,1
1956706,1
3235249,1
759567,1
3777700,1
3777703,1
6190388,1
3778911,1
3778459,1
6244275,1
3593762,1
3593763,1
3593760,1
3593761,1
3593766,1
3593767,1
3593764,1
3593769,1
1038412,1
3771266,1
779098,1
6152121,1
5314531,1
3777811,1
779674,1
779675,1
3777636,1
779672,1
1871376,1
779477,1
2085564,1
775981,2
3579736,1
76084,1
4586876,1
3591829,1
322310,1
4674471,2
4332442,5
3595725,1
5677355,1
2018384,1
5260909,1
5792825,1
3765692,1
5978298,1
777035,1
3773244,1
3779881,1
3779880,1
3595728,1
2025243,1
2384917,1
3595346,0
3595347,1
3594233,1
3595345,1
3594235,1
3594236,0
3594239,1
3772869,1
3595016,2
6231215,1
3594837,1
3512862,1
4935438,0
3772466,1
779955,3
2350366,1
689732,1
3772269,1
3773647,1
3771041,1
3774723,1
2406896,0
3595658,1
754259,3
3595655,1
3595656,1
6284651,1
3773024,1
4601829,1
3774043,1
3774041,1
3774046,1
3774047,1
3779867,1
3779865,1
3779863,1
3779861,1
402023,2
780102,1
780103,3
780100,1
780101,2
780106,2
780107,2
780104,2
780105,2
780108,2
780109,2
732224,9
2007561,1
3774136,1
6247021,1
2084107,1
545423,2
3610685,0
776184,1
3010337,0
732317,1
3774425,1
1948488,1
6188538,1
6158091,1
3781247,0
3195173,1
3771721,1
710885,1
780079,29
3926323,1
3775171,1
5943792,1
6316112,1
780178,2
2383272,1
463102,1
3771093,1
3771090,1
777970,1
618816,5
3775551,1
3775558,1
3776604,1
779719,1
2362736,1
6242141,1
3579940,1
6079356,1
3777555,2
3594758,1
3595118,1
3589988,1
3594751,1
3232,3
3593577,1
3593576,1
780430,0
3771381,1
780072,1
3593579,1
3593578,1
3779265,1
1966094,1
5736129,1
6261944,0
772163,1
5837679,1
3775606,1
3593889,1
3775602,1
4653414,1
3593883,1
3593882,1
3593881,1
3593880,1
3593887,1
3593886,1
3683636,1
4890416,0
1819804,2
3593799,1
3593797,1
3593796,1
3593795,1
5887139,1
3593790,1
3771272,1
3771270,1
5736231,1
636980,1
2348520,1
495717,1
3485828,1
3962846,1
2145443,1
2381659,1
3773704,1
5823415,1
5669653,1
3595801,1
2509303,1
3595803,0
3595802,1
3595804,0
777787,1
2377543,1
3777737,1
6032086,0
2029555,1
6112375,1
1965651,1
987193,1
779576,2
3779892,1
3773250,1
6075922,1
5111278,1
3779895,1
3772679,1
6289139,1
747682,1
3715487,1
117305,1
3773353,0
3595793,1
3595792,1
3595794,1
3772815,1
3595796,1
3782283,0
774649,3
3594820,1
3594822,1
3591491,1
5970054,1
744019,1
3772498,1
3593894,1
3772492,1
6175760,1
3593896,1
3772709,1
3773382,1
6223960,1
776512,1
3772924,1
843935,1
6006224,1
3780223,1
6006221,1
2335026,1
738868,1
5592761,1
779877,13
779874,1
779875,1
779873,1
3779873,1
3773819,1
3779878,1
780111,5
780110,2
780113,2
780112,3
780115,2
780114,1
780117,2
780116,2
780119,0
780118,2
6151421,1
3595756,1
766856,1
2370356,2
3595022,1
3774417,1
3595753,1
2347191,1
779373,1
3578226,1
779989,4
779983,2
779980,1
240947,22
5750015,1
3778383,1
780189,2
3595692,1
2391325,1
3778435,1
3777935,1
1023530,1
1564891,0
5848860,1
5857693,0
6136507,1
780183,0
779929,1
3774965,1
6288840,1
3779706,1
3777756,1
2037268,1
1868603,1
124424,1
3779090,1
3779094,1
1334462,1
3779098,1
3846563,0
2377178,1
6262703,1
6274339,1
2904572,1
4749859,1
6156203,1
779279,9
2344882,1
3747310,1
4344136,1
10502,4
3593565,1
3593566,1
3593567,1
3593568,1
3595814,0
763554,2
5976563,1
772167,1
701464,7
753570,1
2126739,1
4836556,1
3593898,1
3775615,1
1833326,1
3593890,1
3593892,1
3593893,1
3775618,2
3593895,1
3778934,1
3777836,1
1993688,1
4669395,1
4669391,1
3777547,1
3779828,0
1869489,1
757278,2
6017588,1
6171471,1
5019757,1
5994254,1
779698,1
779690,1
779691,1
3762294,1
4523870,0
4390677,1
365281,2
779058,1
2381629,1
779502,3
6122714,1
2333529,1
2358414,1
5700932,1
3594783,1
3594039,1
3594036,1
3594034,1
3594033,1
4611406,1
6108266,1
3694690,1
4398800,1
6070358,1
3989042,1
207489,6
3594429,1
676233,1
611026,1
3736369,1
3595325,1
3594251,1
3594250,1
6250250,1
912877,1
3594811,1
3594810,1
3594813,1
3594814,1
738279,0
3594819,1
3594818,1
3594422,1
1178535,1
896333,0
699965,1
3777684,1
5659073,1
5244994,1
2007670,1
3595672,1
3595673,1
3772937,1
3595676,1
2357604,1
5241542,1
3593617,1
6264657,1
2052167,1
6085146,1
88428,0
3773281,1
3595787,1
3595784,1
3595785,1
3595782,1
3595783,1
3595781,1
3776539,1
3595788,1
773343,1
3780849,0
3777653,1
4182718,1
780128,3
780129,2
3778736,1
780124,2
3778739,1
3774084,1
780127,2
5663520,1
780121,1
780122,1
780123,0
5978138,1
2022828,1
776255,1
2053761,1
5739655,1
5951704,0
5738275,1
4338822,1
779999,2
764668,1
779828,1
2899114,1
779993,1
779992,1
3773757,1
779997,2
779996,19
6160821,1
780384,0
678698,5
795047,1
1371765,1
6313946,1
4430463,1
2036051,1
773751,1
2388867,0
1896497,1
3588493,1
2134830,1
1306553,1
3774574,1
3774570,1
2134940,1
1978725,1
780256,0
780252,0
462962,2
1888023,1
3778644,1
6165514,1
2343504,1
5913130,1
3775579,0
2383056,1
768604,1
3775025,1
6306052,1
1467078,1
5331161,1
3775020,1
2033490,1
3771052,1
1868709,1
3775028,1
1251415,1
3775596,2
3779601,1
3779606,1
3775599,1
5847809,1
3593556,1
772790,1
3775469,1
732173,2
779460,1
4137214,1
779465,1
779464,1
779468,1
2336120,1
265781,1
3594330,1
3594331,1
3779285,1
3594333,1
775537,5
3779281,1
780095,1
731010,1
4170557,1
779263,1
3658,22
1863889,1
3777668,1
3777661,1
3960640,1
5392815,1
1876327,1
778892,1
168543,0
779044,1
5894554,1
779512,1
3778897,1
780156,2
6130562,1
760010,1
6175111,1
935096,1
5634240,1
3594799,1
779199,1
3594797,1
3594026,1
3594020,1
399233,1
3594022,1
5759694,1
2377611,0
6077891,1
3782353,0
3777267,1
3574864,1
5929000,1
1700668,1
778335,1
5973701,1
5994807,1
3285976,1
5803413,1
3772651,1
3772653,1
1700263,0
3594241,0
3594242,1
3594244,1
3594246,1
3594247,1
1082768,1
5863771,1
3758116,2
3594809,1
3594802,1
3594803,2
2593800,1
5906469,1
2392333,1
631894,1
732864,1
3772904,1
3595689,1
3595687,1
4436449,1
3764335,1
5553348,1
3595680,1
3595440,1
3595443,1
3595442,1
3782178,0
679929,1
3946303,1
779852,2
2391792,1
779855,1
779856,1
3772835,1
3595047,1
3772831,1
3779858,1
3773524,1
779797,1
3772839,1
779796,2
780139,2
780138,1
6264440,1
6021024,1
780133,4
780132,2
780131,1
780130,2
780137,0
780136,3
780135,2
780134,2
5784209,1
4423646,1
3772483,1
1591667,1
3761142,4
2497873,1
749187,1
6119210,1
2336460,1
3757816,1
1175774,1
3773745,1
3780610,0
4578572,1
670501,6
3827469,1
2383114,1
3566519,1
3588621,1
759835,1
3778674,1
773784,1
3777798,1
6321290,1
3774985,1
2013778,2
682739,1
780246,0
3780109,1
5984806,1
3779074,1
3779076,1
780248,0
3779073,1
2343530,1
1949769,1
3780584,0
3780589,1
3775561,1
3775566,1
6158040,1
3777740,1
3775037,1
5665902,1
3775183,1
3779615,1
1802847,0
3593540,1
3593541,1
780402,0
3594344,0
1188477,1
415384,2
2384108,1
2385275,1
779459,4
3777456,1
3777450,1
779320,1
5736377,1
3595773,1
3968620,1
2394177,1
3594490,1
3775630,1
3775631,1
3781869,0
2372656,1
3777857,1
3594656,1
3594653,1
3526184,1
4153000,1
779210,1
2087088,1
5317381,1
3593949,1
4684730,1
3777672,1
4955787,1
4330636,1
6136385,1
779523,2
820864,1
3778881,1
3594019,1
3594018,1
3500122,1
5700208,1
3594013,1
3777291,1
3594015,1
3594014,1
3594017,1
2019453,1
3599547,0
777672,3
3777275,1
5829196,1
5837352,1
1018954,1
6119736,1
3772280,1
3594277,1
3594276,1
3591570,13
3772641,1
3472535,1
3594278,1
3772645,1
3777187,1
3594475,1
3594473,1
3594472,1
3594471,1
208902,0
5723336,1
3774428,1
6196599,1
4453588,1
3783369,0
3594872,1
3594871,1
3594870,1
2082433,1
3594874,1
3773359,1
3779916,1
3779914,1
3779913,1
108318,8
6237265,1
3778613,1
3628984,1
2379753,1
3595694,1
3772914,1
3595691,1
3772910,1
3595693,1
3594907,1
3594906,1
779845,1
3595458,1
3773910,2
780208,0
3594909,1
776785,1
1066676,0
193436,1
3772821,1
3595057,1
6134313,1
780125,1
1717003,1
780126,0
3838728,1
3778248,1
780120,0
3200317,1
6084168,1
6305229,1
5682286,1
3883411,1
3771937,1
3771936,1
3771939,1
3771938,1
3594112,1
3597924,0
3594113,1
3764328,2
2394997,1
3780624,0
3775352,1
5324504,1
780094,2
6234643,1
780096,2
780097,2
780090,2
780091,1
780092,4
780093,2
6263826,1
780098,12
780099,1
3761556,1
6095054,1
3780104,1
773771,2
3594420,1
3774519,1
742611,1
3778661,1
3778667,1
5500968,1
5242717,1
3779598,1
3780131,1
3779590,1
4848947,1
3779594,1
5732664,1
3781680,0
6014474,1
3779927,1
3779924,1
3777134,0
522163,1
4872373,1
192679,2
3778902,1
3779625,1
3779622,1
3775009,1
3775008,1
5872337,1
3779921,1
5009675,1
3780009,1
2053259,1
6083529,1
1461886,3
2352635,1
1864575,1
3775131,1
5869084,1
2378774,1
3593591,1
3593590,1
3593593,1
3593592,1
3593595,1
3593594,1
3593597,1
3593596,1
965956,1
3777465,1
5989058,1
80859,1
3594482,1
6179084,0
3594481,1
3594319,1
3594648,1
779995,6
3327804,1
3593930,1
3593681,1
62691,3
6158475,1
5779607,1
775791,2
1986777,0
3595369,1
778555,1
6125980,1
5701296,1
2380580,1
2078559,1
3775505,1
3780163,1
1931786,0
5976176,1
3782371,0
3595225,1
3777245,1
6037546,1
3777248,1
562671,1
778317,1
3594267,1
3594268,1
3594269,1
5775454,1
3594466,1
3594467,1
3594460,1
3594462,1
1161823,0
1709991,1
6112935,1
778170,1
3782575,0
6126269,1
397512,7
4923231,1
736324,1
2358676,1
3594869,1
778774,0
3777908,1
3594861,1
3595400,1
2367784,1
3595192,1
3595191,1
3595197,1
3595194,1
3595199,1
3595198,1
6197217,1
3773341,1
3779903,1
3595203,1
3595202,0
3595201,1
3772586,1
3772581,1
3595206,1
3595205,1
3595209,1
626540,1
777535,0
2392171,1
3593682,1
3594915,1
3595429,1
5966846,1
779836,3
3594911,1
3595423,1
3595421,1
779839,2
3594918,0
3593939,1
3773506,1
3748094,1
3593831,1
469498,1
3772369,1
3779832,1
3779835,1
3779836,1
776203,1
3778270,1
3778275,1
3595737,1
3595736,1
3595735,1
3595733,1
3595731,1
3595730,1
3595739,1
2132213,1
2114199,1
779945,1
779942,1
830380,1
1881752,1
6264596,1
732584,2
779813,6
3774696,1
2046506,1
2230074,0
780083,0
780082,2
780081,2
780080,4
780087,2
780086,2
780085,2
780084,1
780089,3
780088,2
1726636,1
3774527,1
5603962,1
4362310,1
80604,1
615406,1
3587578,1
3780126,1
3780122,1
404116,0
1899190,1
6246458,1
3778690,1
5760395,0
2160315,0
3779582,1
93837,5
710872,1
780261,0
6263455,1
6333460,1
6006482,1
5795543,0
846263,1
3778182,1
3778186,1
2041745,1
3778189,1
6133688,2
2211524,0
3775016,1
3775015,1
3775010,1
3780011,1
2352351,1
718301,1
3986843,0
6179765,1
775305,0
780466,0
3771138,1
2949094,1
4972393,1
6245437,1
2384305,1
3593586,1
3593584,1
3593585,1
6225491,1
3593583,1
3233774,1
3593581,1
6245187,1
2338424,1
3775657,1
3594679,1
49876,1
3956008,1
3593692,1
6115691,1
6016813,1
3593697,1
3593694,1
3593695,1
3593929,1
3593698,1
3593699,1
2152158,1
6192900,1
5951446,1
779544,1
6241695,1
3777898,1
778014,2
779782,3
3594440,1
779789,1
2037759,1
5984374,1
3068973,1
3778866,1
3778862,1
5042162,1
3594441,1
263310,1
690135,0
35520,2
4854102,1
3763751,1
2014699,1
3777256,1
4980501,1
6177877,1
5966703,1
5665463,1
3857625,1
6240970,0
5292527,1
3594451,1
3594450,1
3594453,1
3777651,1
3777656,1
3594454,1
3594457,1
3777655,1
3594459,1
3594458,1
3594105,1
3595657,1
3778995,1
6167216,1
3782569,0
815958,1
1840965,1
3594858,1
1864112,1
4189312,1
2383959,1
6261008,1
2371167,1
6046864,1
3594188,1
782226,0
3595187,1
3595188,1
3773373,1
3773375,1
755006,1
3779937,1
3595210,1
3595211,1
3772591,1
3595215,1
3595216,1
4324632,1
3772599,1
959646,1
3594921,1
3594920,1
3594923,1
3594922,1
3594925,1
779824,1
779827,3
6286822,1
3594929,1
3594928,1
3588036,1
3595435,0
3595437,1
688139,33
4037905,1
5978214,1
3762407,1
2094894,1
776433,3
2357557,1
2392016,1
5675196,1
779247,1
3595724,1
5676404,1
3595726,1
3595727,1
3595721,1
3595722,1
3595723,1
3773881,1
773150,4
4773462,1
3595729,1
3773885,1
6066747,1
3773797,1
2161977,1
779951,1
703228,1
779952,1
5800541,1
4708388,1
3764348,2
3774682,1
3774685,1
3741157,1
780672,0
6080059,1
780078,2
5257641,1
780076,2
780077,2
780074,2
780075,6
5996464,1
780073,1
780070,2
780071,3
1901409,1
3774538,1
6216710,1
2016268,1
782011,0
3594633,1
3778260,1
5987878,1
4625811,1
5627469,1
5242775,1
1495116,1
4882666,1
780212,0
4016541,1
3778516,1
5268147,0
3778513,1
780188,2
736715,1
5429743,1
780182,1
3481378,1
780180,1
780181,2
780186,1
780187,0
780184,1
780185,0
3778193,1
6177268,1
3778197,1
689312,1
5983179,1
3589926,1
3770644,1
780322,0
6215911,1
3779489,1
2135583,1
3771499,1
3771127,1
780063,0
3775486,1
685947,4
3593869,1
5607299,1
2005919,1
5156421,1
3779157,1
2842751,1
3396030,2
3199971,1
5692418,1
3773572,1
3593465,1
411107,2
5151734,1
4953537,2
727078,1
3593918,1
3593668,0
3593914,1
3593916,1
779225,6
6279589,0
6030221,1
5724606,1
3777312,1
960094,0
3763292,1
3594592,1
3594594,1
6212953,1
2391645,1
3594599,1
6074901,1
779798,1
3594061,1
6180386,1
1889867,1
3594066,1
5900789,1
3780209,1
3777401,1
43902,2
3777446,1
771742,1
3778215,1
2392352,1
814168,1
4194400,1
109329,0
3772163,1
3772162,1
3772164,1
3773348,1
1867014,1
3777220,1
3777225,1
3778502,1
3593717,1
3593715,1
2069924,1
3593713,1
3593712,1
3593710,1
3594446,1
3594447,1
3594444,1
3594445,1
3594442,1
3594111,1
3593719,1
3593718,1
6143065,1
3773340,1
3775626,1
3594552,1
3773367,1
720753,2
3773365,1
2287223,1
778757,2
3773343,1
3605854,0
2024233,1
3772768,1
4353905,1
3782310,0
3779929,1
3595207,1
2022696,1
3595226,1
3772784,1
3595153,1
3595152,1
3595151,1
3595150,1
2370154,1
3595408,1
3772788,1
779818,1
779819,4
3594939,1
779814,6
3594334,1
779816,1
3594931,1
4730259,1
3595561,1
3779817,1
3779815,1
1147196,1
3779818,1
3594338,1
3785683,0
988827,1
2393379,1
5463119,1
3595743,1
776778,1
2020107,1
6149793,1
6191861,1
3595717,1
3595716,1
3595718,1
6299561,1
6067879,1
2133361,1
2391898,1
779963,1
779965,1
779966,4
2095115,1
3777439,1
3772943,1
3772410,1
2438602,1
3773410,1
2995507,1
3773413,1
780199,1
2341835,1
63626,7
2375720,1
3595038,1
3773864,1
3604921,0
780069,3
780068,2
3942444,1
780065,1
780064,1
780067,1
780066,2
780061,1
6013563,1
778965,1
780062,1
3595428,1
3753992,1
3774039,1
3774033,1
2006021,1
2361678,1
3779035,1
779126,22
2339792,1
3847819,0
3764021,1
3257069,1
779932,11
780201,1
780200,0
780203,1
780202,2
780205,1
780204,1
780207,0
6045231,1
780198,1
3595420,1
780191,0
780190,1
780193,0
780192,1
780195,0
780194,201
780197,0
780196,0
6118124,1
2052056,1
62374,3
5684705,1
3595779,1
6147591,1
3777665,1
3777664,1
5104,36
2097963,1
5658628,1
1911814,1
778987,1
3583323,2
2336848,1
778983,1
1546354,1
3594613,1
10476,1
3594617,1
3594615,1
3594614,1
2147541,1
2373168,1
3779838,1
352402,1
2359126,1
3593908,1
3593909,1
6336713,1
3593675,1
3593676,1
3777308,1
3778845,1
1547352,1
779769,1
779763,2
779760,1
3780211,1
3594054,1
3594051,1
3594053,1
3594052,1
1851246,1
3593877,1
2377732,1
3593872,1
3777415,3
3593870,1
744910,1
727685,1
1401969,1
2372703,1
3267897,1
751402,1
3777238,1
4818267,1
6335788,1
3773483,1
106788,4
3589113,1
5670025,1
3594439,1
3593700,1
3593701,1
778561,2
4916970,1
3594028,1
1915545,1
3594437,0
3594436,1
3594435,1
222841,1
3763423,1
6169641,1
4028874,1
777744,1
690147,1
5501325,1
779617,2
779614,1
779615,1
5666246,1
3773316,1
779611,3
2371144,1
738090,2
6127835,1
2356888,1
3967439,1
3578650,1
5775012,1
3594541,1
3772577,1
712530,55
712532,2
3595146,1
3782430,0
3773951,0
3595418,1
710671,2
2890387,2
3774598,1
3594948,1
51697,1
1994719,1
3594940,1
779807,1
779806,1
779804,3
3775553,1
4297637,1
3773557,1
3595633,1
6127025,1
2346911,1
4048444,1
6012488,1
779977,1
779973,1
4172127,1
3595708,1
1248120,1
4865293,1
779978,1
734271,1
3728228,1
3338068,1
1780172,1
2343115,1
3772406,1
3772954,1
6288106,1
3777263,1
3772958,1
3778449,1
4400560,1
6044809,1
3761288,1
6316845,1
780050,22
780052,4
780053,414
780054,1
780055,1
2092582,1
2646253,1
2343029,1
3774029,1
4867891,1
3781805,0
392188,0
3774027,1
779711,4
3774022,1
3591347,1
780237,0
3780178,1
3781481,0
5724197,1
781631,0
3779554,1
3779000,1
3778538,1
4933,1
400079,1
2335795,1
3595431,1
3587236,1
797937,1
754125,2
2338214,1
3583535,1
4598122,1
3776661,1
3776663,1
2391133,1
1053607,1
2127789,1
3594248,1
3771142,1
3594618,1
6073804,3
1962040,1
4427951,1
3593573,1
3779176,1
3779171,1
6297731,1
3594600,1
3594601,1
3594602,1
3594603,1
3594604,1
3594605,1
3594607,1
3594608,1
3762257,1
3598208,0
6006821,1
3780358,1
5945329,1
753270,1
3593575,1
1852634,0
4400813,1
3593649,1
2377365,1
2071214,0
779571,2
779570,1
774666,1
6290552,1
779777,1
3594960,1
3594048,1
3594049,1
3594738,1
3594042,1
3594043,1
3594040,1
3594046,1
3594047,1
3594044,1
3593803,1
3593802,1
3593801,1
3593800,1
2071365,1
3593804,1
3593809,1
3593808,1
3777205,1
6236528,1
5773115,1
1979123,1
109584,1
779112,1
2126031,0
528989,15
5748841,1
2008536,1
3593731,1
3593730,1
3593733,1
3593732,1
3593735,1
3652479,0
3593736,1
3593739,1
3594421,1
5737090,1
3594423,1
4074184,1
3594426,1
3594427,1
3595397,1
3595392,1
1795396,1
838486,1
3779940,1
5437022,1
4945680,1
2253791,0
779595,1
3591722,1
728520,1
3905219,1
6211007,1
6116324,1
1468508,3
6308294,1
5726409,1
3595178,1
3785647,0
3762447,1
3694191,1
2010869,0
688146,1
3772326,1
747772,1
3772898,1
2028596,1
777197,1
777196,1
6123052,1
3595777,1
2392041,1
777378,1
779902,1
779900,1
3595778,1
779907,2
3774495,1
3595772,1
3594927,1
3774491,1
3595776,1
3595774,1
3837168,1
3588173,2
3580153,1
3580152,1
3772435,1
3593885,1
3593884,1
773803,3
780047,2
780046,2
780045,2
780044,6
780043,1
780042,2
780041,1
780040,1
780049,1
4192529,1
5668637,1
780037,1
3774019,1
744212,3
3773058,1
5152984,1
780222,0
6114546,1
780225,0
3779544,1
3778528,1
6114238,1
3780167,1
3774961,1
3778783,1
3593876,1
2062858,1
4681364,1
6080152,1
2127267,1
6257415,2
2160515,0
3774472,1
1445315,1
3774478,1
3779306,1
2361982,1
3779300,1
3776650,1
3593871,1
3776654,1
3778163,1
4065232,1
2337118,1
775615,1
3782858,0
3619763,0
5898410,1
2032264,1
2585685,1
3780341,1
5945332,1
1898446,1
3774909,1
3593657,1
3775347,1
5812447,1
3593658,1
2383223,1
5978764,2
1831649,1
3771512,1
3595767,1
3595427,1
112176,2
1961189,1
2087397,1
3979368,1
3772861,1
779746,1
5904210,1
3594700,1
5785839,1
3594704,1
6000115,1
3594706,1
3593810,1
3593811,1
775439,0
3593819,1
5720591,1
3777927,1
775436,1
3594091,2
3594093,1
3594092,2
3594095,1
3594099,1
779854,2
3772159,1
3772152,1
5725975,1
5517386,1
3772157,1
2345179,1
3772155,1
3594142,1
3777694,1
3775018,1
3594149,1
3594419,1
3594418,1
3593729,1
3593727,1
3593724,1
3593725,1
3593722,1
3593723,1
3593720,1
3593721,1
714859,1
3594898,1
778234,3
3595385,1
3594890,1
3594893,1
487383,1
3594895,1
3594897,1
3594896,1
5685195,1
5667594,1
779634,7
779635,1
3773336,1
3773331,1
3595709,1
97975,1
4844790,1
393619,9
3772559,1
5653029,1
6143707,1
3594961,1
2023663,2
3595168,1
3595169,1
3595166,1
5711182,1
3595165,1
1479644,0
715543,1
781501,0
778651,1
4138675,1
681944,8
751352,3
778659,3
774700,0
3772882,1
3772884,1
3772889,1
629189,2
3594917,1
5894237,1
2021579,1
3595548,1
92224,7
779652,1
3593702,1
3593703,1
3595769,1
3774489,1
3595762,1
3595763,0
3595764,0
3595765,0
3595766,1
3774485,0
2335768,1
3593708,1
5980572,1
3588161,1
3593709,1
2347582,1
2337948,1
383785,3
4513588,1
2022107,1
3779998,1
780032,10
780033,2
780030,1
780036,1
5746228,1
6235937,1
773285,1
6081164,1
3773062,1
4316272,1
6137608,1
6208486,1
2337724,1
3595701,1
780148,1
780149,4
780146,1
780147,1
780144,1
780145,0
780142,3
780143,1
780140,1
780141,1
3773312,1
666904,2
3775517,1
5006673,1
3775512,1
3772704,1
3776647,1
780362,0
780366,0
734873,3
3778489,1
4265907,1
779736,1
3778483,1
773264,1
743509,1
563189,3
3773369,1
3775209,1
772646,3
3594016,1
2338470,1
3593582,1
914036,1
3582376,1
3773504,1
3593580,1
1847991,1
3775427,0
2379715,1
2371916,1
3771508,113
3771509,1
5379243,1
3776645,0
3776642,1
3771502,1
3771503,1
3771506,1
5050989,0
779756,1
779755,3
3754513,1
2336091,1
2102038,1
3594712,1
3594710,1
3594711,1
779281,6
2848619,1
6178860,1
1167368,2
2071342,1
3593535,1
3593826,1
3593531,1
3593530,1
5779061,1
779132,1
5039228,1
3777972,1
778407,1
4749264,1
5174779,1
4182905,0
2386268,1
3594402,1
3594403,1
3594152,1
3594406,1
3594407,1
3594156,1
3594157,1
3594158,1
3594159,1
3593758,1
6078933,1
6322514,1
3593757,1
3593756,1
3593755,1
3595799,1
3022743,0
6309491,1
549509,1
6075381,1
3595371,1
3595370,1
6018539,1
3777179,1
779628,4
3773322,1
3779967,1
3773324,1
2035080,1
3593693,1
3764054,1
549617,2
774557,1
3595790,1
2015919,1
777606,2
3595419,1
3594976,1
3595110,1
3773210,1
3726004,1
3765461,1
4385917,1
3689394,1
6247566,1
4106855,1
778392,1
3782262,0
3594884,1
6255059,1
714860,1
3594880,1
3594881,1
1889751,1
3594888,1
3587748,1
4924708,1
3595025,1
4934790,1
3772853,1
4357699,1
3772851,1
3595752,1
3773584,1
3595759,1
3595758,1
3773581,1
4465568,1
779802,1
2390974,1
3774678,1
779800,6
6115097,1
3773458,1
1864347,1
4728165,1
321,1
3773697,1
3772453,1
3773929,1
3773699,1
3779989,1
780021,1
780022,4
780025,3
780027,1
780029,4
6235925,1
2347005,1
3594024,1
3774077,1
1432769,1
3774079,1
3773225,1
224319,13
1873834,0
3847850,0
780159,1
780158,0
780155,0
780154,5
780157,2
4424019,1
780151,0
780150,6
780153,1
780152,1
3777329,1
4681811,1
3342494,1
3777485,1
608849,1
6035429,1
5930770,1
6142390,1
3775508,1
619593,1
4183423,1
3780529,0
3775500,1
739396,1
3782874,0
5980987,1
6153987,1
739563,1
3706593,1
411346,1
3781728,0
5681898,1
2018280,1
3775188,1
755426,1
3779565,1
3763610,1
6035134,1
6200571,1
2135399,1
3594171,1
2388185,1
6039152,0
373825,2
4999675,0
780576,0
719727,1
690067,1
3771532,1
6255307,1
3780101,1
3776633,1
3778170,1
3776635,1
3779698,1
3776639,1
5979695,1
6102852,1
779721,1
779729,1
3594762,0
3594761,1
5198773,1
3594765,1
1864838,1
3777906,1
773464,2
6236224,1
3593528,1
3593529,1
3593524,1
3593833,1
3776589,1
3593836,1
3593837,1
3593834,1
3593835,1
4469543,1
775893,2
729113,1
2345151,1
3927366,1
779385,1
4099153,1
6272328,1
3594167,1
2351230,1
3763083,1
1941658,1
777651,1
3593740,1
3593741,1
3593742,1
3593743,1
3593745,1
3593746,1
268943,1
3594186,1
3594185,1
3594184,1
3594183,1
3594182,1
3594180,1
1320992,1
4478570,0
3594189,1
2979610,1
507448,1
3595357,1
434182,1
3775563,1
4650516,1
779653,1
2151308,1
3783605,0
4935518,1
4234045,1
3787512,0
1147999,1
3595108,1
3595109,1
779299,2
5906493,1
3595106,1
3595107,1
3595298,1
4506522,1
3773266,1
1957252,1
3595293,1
3595295,1
3595297,1
6160469,1
779645,1
2394337,1
3594216,1
3594215,1
3599473,0
3594213,1
3594210,1
3595562,1
3595560,1
3772627,1
3595566,1
3595567,1
6134403,1
3595565,1
3772844,1
3772845,1
3772846,1
3595741,1
3595746,1
3772842,1
6283477,1
3771133,1
3595748,1
3595749,1
3773865,1
3772849,1
779938,1
6294194,1
779933,1
2282721,1
779931,1
779937,1
779936,7
779934,1
1869939,1
3773469,1
3772990,1
727888,2
11296,1
733029,8
735523,1
5756885,1
3773917,1
3773663,1
3772445,1
3773661,1
3591110,1
3773487,1
780018,1
3773480,0
780017,1
3773489,1
3774592,1
3595639,1
5655697,1
3595632,1
779600,2
4339136,1
3774064,1
5882997,1
3774068,1
666421,1
2007457,1
3774099,1
3594452,1
3773003,1
2191510,1
2337221,1
5716831,1
4956855,1
3594109,1
744550,4
3594108,1
3780218,1
877521,1
780168,1
780169,2
2374318,1
3594106,0
780160,0
780161,2
780162,3
780163,1
780164,1
780165,1
780166,1
780167,7
780058,5
3594104,4
1990973,1
3594102,1
6007951,1
3594101,1
3774116,1
5436129,1
3780033,1
3775531,1
790628,1
3780081,1
2373209,1
6067034,0
5354396,1
509622,1
778867,1
3601297,1
3775150,1
3775159,1
4791560,1
780586,0
3779735,1
2049807,1
18866,1
3778598,1
889983,1
6197435,1
3642217,1
1980424,1
3760517,0
6031955,1
6241234,1
3777576,1
6054587,1
3777570,0
3779643,1
3779641,1
4830677,1
1449694,1
3780066,1
6171828,1
3780061,1
5668102,1
4876779,1
3593511,1
6177796,1
779456,1
780577,0
3778206,1
6236769,1
4173644,1
6190399,1
3595912,0
2384548,1
3777481,2
3778908,1
5666765,1
6011647,1
3591931,1
6040758,1
3594178,1
3594179,1
3593771,1
3593770,1
2390133,1
3593772,1
2341307,1
3594175,1
4095784,1
941143,1
3594375,1
782042,0
6211262,1
3777801,1
3594195,1
3594196,1
3594197,0
3594193,1
3595351,1
3595352,1
3594199,1
582885,1
3595356,1
3772783,1
3772291,1
5950900,1
2380870,1
3772505,1
3779558,1
777713,1
5653853,1
495558,1
2026985,1
6285997,1
3594512,1
778469,1
4012114,1
3780170,1
4851614,1
3777855,1
2054251,1
777486,1
3594205,1
5726221,1
3594201,1
777717,2
3772610,1
3594208,1
