776998,1
3580845,1
5364883,1
774624,1
3587483,1
777133,1
777132,1
776841,2
3579551,1
3587647,1
1210172,1
3580932,1
776534,1
3590458,1
3554919,1
3554170,1
5018389,1
3554912,1
3554913,1
3554915,0
3554916,1
776665,3
3125159,1
777221,2
777223,7
777222,1
27371,4
3543983,1
3589539,1
4492748,1
3109605,1
4934757,1
1220413,1
3589627,1
3589621,1
3555536,1
3555530,1
3555532,1
1241891,1
3582694,1
3554754,1
3554751,1
4598374,1
3555401,1
3642791,1
3555403,1
3555402,0
6173880,0
3555404,1
3555406,1
3555408,1
3617276,0
776533,2
583038,5
3070497,1
1221761,1
3555544,1
5181,1
3971103,0
3555546,1
3555245,1
3555244,1
4987798,1
1236465,1
1234415,1
1212598,1
3546608,1
3554852,0
4702180,1
5653200,1
3554911,1
3587931,1
774109,1
3590199,1
3018794,1
3555396,1
3588866,1
3581524,1
1237229,1
3546595,1
1242553,1
3590062,1
3244272,1
777036,2
3554546,1
97845,2
230648,1
3553577,3
3588262,1
3583901,1
3590209,1
1243379,1
3581182,1
6261597,1
3590204,1
3581630,1
777101,2
776987,1
776984,0
776983,1
3495717,1
3483645,1
5504184,0
3590441,1
776525,1
776529,1
3590448,0
3590338,1
3581984,1
3587582,1
777214,3
777215,12
1254136,1
3589504,1
6240422,1
3589500,1
3796441,1
3588052,1
5842569,1
902814,1
1047960,0
3554617,0
3554612,1
3587297,1
776187,1
3554924,1
3554290,1
3554921,1
3300242,1
3555520,1
5354669,1
3586506,1
3555529,1
4924202,1
4872105,1
3554728,1
771862,2
3554722,1
3554721,1
3284525,0
3554726,1
3554725,0
3554724,1
3759748,1
1680853,1
1372881,1
33446,25
3555419,1
3555414,0
1594865,1
3555413,0
1263158,0
1142037,1
618816,1
6293234,1
713281,1
4246495,1
3583590,1
3584581,1
3584587,1
3555258,2
3743869,1
3555250,1
3555251,1
775171,2
3585361,1
3924703,1
5251981,1
775513,4
3576283,1
776700,2
3581374,1
3588877,1
3581534,1
3581538,1
3546585,1
1257862,0
3590054,1
941670,1
3492065,1
3254677,1
5126496,1
1236368,1
777115,1
777119,2
4782409,1
1056790,2
3590303,1
3590307,1
776517,1
3580663,1
776885,4
1242811,1
3587590,1
5296119,1
3587599,1
3589513,1
3545031,1
1238430,1
1241544,1
3560204,1
5271004,1
1246245,1
3554932,1
3554936,0
3554285,1
3554934,1
5712151,1
3554288,1
3554938,0
1220362,1
3753824,1
5560464,1
3555081,1
3555082,1
773882,1
5709408,1
3554730,1
3554732,1
3554734,1
3554735,0
3583436,1
3555399,1
3555398,0
1263144,0
3555468,0
3123814,1
3555391,1
3555390,1
3555393,1
3555460,1
3555395,1
3555465,1
3555464,1
1243568,1
5874476,1
1225020,1
5634053,1
774900,1
3555267,1
3586719,1
10502,5
776784,6
1256738,1
346558,5
609194,2
701464,1
1235436,1
3100142,1
775344,1
949022,1
4312847,1
752281,1
774837,1
1233017,1
1208461,1
1226006,2
3581509,0
5113299,1
1248946,1
3581053,1
3586428,1
750993,1
774011,8
2890872,1
3583927,1
3589881,1
3554656,1
3590222,1
207489,2
3590228,1
5541274,1
6066249,1
3366944,1
644191,1
777470,0
777471,0
5593172,1
4942365,1
3589458,0
6269595,1
896333,0
372118,45
777321,2
3048295,1
776874,2
3580908,1
777051,2
777056,1
3581272,1
777058,7
5714421,1
3577670,1
3580905,0
1217750,1
777278,5
4865430,1
777272,4
777273,1
777270,3
777276,1
777277,2
777274,2
777275,1
5310768,1
3554381,1
3554380,1
3554383,1
3554385,1
3554384,1
3554387,1
777306,2
777307,6
777304,2
777305,26
777302,5
777303,16
777300,10
777301,10
3554631,1
3554637,1
3554636,1
1200842,1
3587433,1
4538008,1
3555098,1
3555099,1
3121885,0
3554705,1
3554706,1
3554701,1
3554703,1
3554702,1
3554708,1
3554259,1
773750,2
773756,1
3588497,1
1221821,1
1217286,1
3587546,1
3555386,1
773978,27
3555385,1
3555382,1
5242731,0
3555381,1
773974,4
3555388,1
775759,1
4197313,1
3555470,1
3554808,1
1251707,1
3555477,1
3554809,1
3554415,1
5342415,1
3582085,1
5675334,1
3565904,1
3586522,1
3224182,1
3555179,1
3555178,1
90724,8
3239074,1
3579854,1
3554284,1
1240155,1
4304463,1
3658,6
5419319,1
3546943,1
219581,13
3588810,1
3581518,1
3581048,1
6102272,1
3581514,1
690147,9
1336097,1
3289989,1
4707023,0
750988,1
3118800,1
3583932,1
1208096,1
3583938,1
3581604,1
2030543,1
5359013,0
706022,0
6129442,1
5876751,1
5418350,1
6081796,1
4690307,1
1253837,1
6213370,1
777045,0
3142508,1
776311,1
777269,2
3525473,1
777263,15
777262,2
777266,5
3560195,1
4487305,1
3530291,1
3554626,1
3554625,1
3554622,1
3554620,0
3554628,1
777315,2
777314,1
777317,4
777316,0
777311,14
777310,2
777313,2
777312,9
777319,3
777318,5
1216963,1
3588718,1
3587428,1
3587422,1
3713171,1
3589872,1
5602565,1
4947922,1
3554717,1
3554714,1
3554719,1
6150865,1
3580900,1
4946690,1
3583382,1
3554396,1
3589710,1
1254056,1
773563,1
3554398,1
3554399,1
3555445,0
3554046,1
3555447,1
3555446,1
3555440,1
3555448,1
777370,2
3554408,1
3588536,1
3583701,1
6104171,1
3582070,1
3554775,0
3582079,1
5128264,1
3105395,1
1213600,1
3582147,1
5386323,1
3582472,1
1222471,1
5977145,1
3525321,1
195114,1
3585556,1
6149836,1
964544,1
3546790,1
1259770,1
3581073,1
4435556,1
774071,1
6280261,1
3584049,1
1226118,1
3546971,1
3590157,1
777419,0
3413430,1
777410,0
777411,0
777417,0
777414,0
3582365,1
114538,1
761146,1
11,23
3546379,1
3581499,1
3581497,0
3487368,1
1231634,1
3587687,1
777255,4
3555421,0
777252,3
1245162,1
777259,2
4922407,1
777090,1
3107092,1
776785,2
3554898,1
4234740,0
3554897,1
3554891,1
3554893,1
3554892,1
5608709,1
24639,2
3580817,1
3589383,1
3223151,1
3554507,1
3554875,1
3554874,1
3554873,1
3554872,1
3591226,0
3311502,1
3585491,1
3554879,1
3554878,1
777320,2
3554094,0
777322,3
777323,5
777324,2
777325,2
777326,35
777327,2
777328,14
777329,1
3554099,1
1202559,1
3587414,0
3587417,1
3589656,1
1220350,1
3587418,1
1240623,1
3587387,1
776395,1
1233255,1
3587383,1
1227159,1
3583285,1
3583397,1
1238371,0
3582866,1
777308,2
777309,4
3555452,1
3555450,1
3555456,1
3555454,1
3589870,1
3555459,0
3589877,1
3590807,0
3554473,1
3554470,1
3554474,1
3307631,1
1207012,1
3582445,1
3554506,1
3554505,1
3554502,1
737981,1
3554509,1
5342763,1
772134,1
3537553,1
80859,8
1256609,1
6260743,1
6067700,1
749722,2
3683740,0
775029,1
3588831,0
3588836,1
3699618,1
5808956,4
6135039,1
837250,1
3556012,0
757331,1
3581390,1
3155443,1
1352799,1
3581666,1
3589120,0
6086687,1
4353812,1
1240193,1
5189818,1
771497,1
777409,1
777408,2
3590745,1
777401,3
777400,3
777403,2
777402,1
777405,2
777404,1
777407,0
777406,0
3589468,1
3590343,0
710671,1
3500240,1
3581247,1
3581241,1
776338,2
4550686,1
6162239,1
777245,95
777244,1
777108,1
1248040,1
777082,1
726231,1
3554888,1
3554889,1
3554880,1
3554886,1
776938,1
696390,10
776934,1
405661,1
776933,2
3554864,1
3554641,1
3554642,1
3554867,1
3554862,2
3554648,0
3554649,1
5451011,1
3554868,1
776759,1
777339,6
777338,10
777337,1
777336,9
777335,3
777334,6
777333,4
777332,2
777331,2
777330,2
5377186,1
1225947,1
776689,1
3587390,1
683023,1
959270,1
776113,1
4176298,1
3583659,1
3587572,1
404116,1
3555936,0
3555938,0
3124464,1
5252230,1
4917860,1
3555118,1
3555117,1
3555112,0
3555111,1
3555110,1
3554468,1
3554469,1
3554460,2
772542,1
3554464,1
3554465,1
3587886,0
3586755,1
3585008,1
5504854,1
3586759,1
776912,1
775300,1
5161132,1
775615,1
5862219,1
3555475,1
3554662,1
3554847,1
6048045,0
3554841,2
3588753,1
4954448,1
3299875,1
1233439,1
3584064,1
1219733,1
1241277,1
5220875,1
3584069,1
5411287,1
3588283,1
5558075,1
777352,10
3507857,1
3590178,1
774274,1
1245499,1
5619236,1
3590750,1
1219420,1
403488,2
3590353,1
3590356,1
1745573,1
3589254,1
3581237,1
170520,1
3587760,1
3587765,1
3588034,1
3203635,1
4765047,1
3581349,1
3554850,1
3554853,1
4009740,1
3554855,1
3554678,1
3554856,0
3554859,0
3554670,1
777348,0
777349,1
777342,7
777343,2
777340,10
777341,2
777346,5
777347,0
777344,2
777345,1
5334086,1
3554986,1
3554984,1
3554988,1
3632471,0
1768593,1
1216997,1
3587180,1
5280981,1
4894824,1
3587191,3
3588612,1
1246545,1
311307,1
3583086,1
773082,2
3544446,2
1251747,1
3554325,0
3555104,1
3582598,1
3554459,1
3554696,1
3554695,1
3554694,1
3554691,1
3554699,1
3587215,1
5713251,1
3583260,1
2616978,1
3586033,1
3582027,1
3592022,0
1225142,1
3641569,0
4911093,1
3968653,1
3584988,1
3585109,1
767133,7
3543461,1
775001,1
4242876,0
5542329,1
3585585,1
1222064,1
3583882,1
3589034,1
746393,1
3554925,1
775266,2
4858113,0
278186,50
5288442,1
209682,4
3584074,1
774515,4
775600,4
3590298,0
3589109,1
3581646,1
5272076,0
1232171,1
3555489,1
3590721,1
775917,1
1253878,1
3583864,1
5154494,1
3161968,1
5943038,1
6064759,1
1236383,1
6280431,1
777426,0
777425,0
777424,0
777429,0
1727101,1
777243,9
3554668,1
776778,1
3554663,1
3554844,1
3554842,1
3554667,1
3554840,1
3554665,1
777359,2
777358,2
777351,3
777350,2
777353,2
457027,1
777355,0
777354,0
777357,6
777356,2
3554991,0
3554994,1
3582934,1
3554998,1
3554999,1
10871,5
1238194,0
5606082,1
63626,31
3271201,1
5201808,1
3541189,1
3583679,1
3587519,0
3587510,1
5627696,1
3583697,1
3583693,1
5139325,1
3555487,1
3555486,1
3555139,1
3554443,1
3582584,1
3582586,1
3555130,1
3554684,1
3554685,1
3554686,1
3554680,1
3554681,1
3554682,1
3554683,1
1240817,1
3588576,1
3098976,1
3589939,1
3555557,1
3555556,1
3555555,1
3555553,1
3555551,1
3555550,1
3555008,1
5636850,1
3555558,1
1251681,1
730893,5
1048691,1
3588406,1
1967023,1
1599262,1
10476,4
5368634,1
3243364,1
3818962,1
3600919,0
4300624,1
20302,17
3555001,1
3555003,1
3526059,1
3590283,1
2968105,1
760103,1
3590111,1
3628671,0
3590115,1
1081824,0
2025084,1
3581107,1
5104,37
3631332,1
3076078,1
5290629,0
5827116,1
3581585,1
5947001,1
777298,9
777299,1
1249012,1
777290,6
777291,20
777292,33
777293,5
777294,3
777295,0
777296,1
777297,2
1231491,1
776904,10
776903,1
3583326,1
1236449,1
777364,5
777365,6
777366,1
777367,15
777360,3
777361,6
777362,2
777363,1
3346277,0
777368,0
777369,2
3554835,1
4258939,1
777164,1
1232612,1
6240849,1
3589699,0
4852282,1
6063506,1
154173,1
755546,1
3554944,1
3554943,1
3554942,1
3554941,1
3554940,1
210014,1
3845688,1
3589763,1
3591343,0
1216867,1
3586837,1
1216519,1
579074,1
17440,3
3555949,0
3555120,1
3555128,0
3554306,1
3587233,1
3589902,1
3589905,0
3555012,1
3555013,1
3555010,1
3555547,1
3555017,0
1087186,1
3554548,1
3554542,3
3554540,1
3554547,1
4496562,1
3554544,1
3588415,1
1258318,1
3588412,1
1219982,0
36416,4
3555498,1
3589832,0
1225452,1
772484,1
870770,1
5197701,1
3585590,1
3212441,1
1224586,1
26781,1
3581028,1
3544909,1
5883252,0
6323935,1
2968679,1
1223912,1
3588987,1
3581112,1
4840312,1
5588016,1
3590122,1
4780199,1
777279,1
774225,1
5341901,0
3589220,1
1150235,1
3590386,0
3590631,1
3628934,1
6318078,1
3590418,1
2035952,1
3587750,0
776972,1
776973,4
3632796,1
777191,1
3554773,1
777373,2
777372,0
777371,44
776719,1
777377,1
777376,3
777375,1
777374,3
776713,30
777379,2
777378,0
3545502,1
759470,1
777170,1
3587357,1
3587353,1
777287,8
777286,2
1211336,1
777284,3
776803,1
777288,7
3554954,1
3554955,0
3554956,1
3554957,1
776151,1
4885552,0
3554958,1
3554959,1
3582832,2
6247166,1
3554839,1
121878,3
3589572,1
56368,2
3498896,1
3555153,1
3555152,1
3555150,1
3555157,1
3555156,1
3555155,1
3555154,1
4787387,1
4034064,1
3554318,1
3554313,1
3554310,1
4567791,0
1839071,1
777387,1
777384,2
3584978,1
777385,8
773875,1
54463,1
3582491,1
3554550,1
3554551,1
3554552,1
772475,10
3540499,2
3586484,1
3540492,1
3589826,0
6227145,1
108627,0
6027662,1
3543434,1
4604103,1
3555373,1
3281568,1
3555370,1
3555376,1
3555374,1
772010,1
6045706,0
723697,1
776796,1
3243093,1
3555206,1
3555200,0
3555209,0
487383,1
4776110,1
1260095,0
771739,31
5634568,1
3590288,1
1260079,0
4318201,1
3589175,1
4097519,0
774411,2
607394,1
730287,1
776815,4
1255024,1
3590390,0
3554838,1
681308,57
640,5
3581102,1
776564,1
2814007,1
4947614,1
3589368,1
776965,2
776964,1
3590244,1
1243336,1
2282565,1
3590715,1
92224,1
777388,2
777389,2
777386,1
4879792,1
776703,1
776702,1
777382,3
777383,2
777380,22
777381,0
3267769,1
3580784,0
708906,1
4048511,1
5261905,1
3580146,1
3554961,1
3554963,1
3223262,1
3554789,1
1282069,1
3554780,1
3554783,1
3554782,1
3595616,0
3582806,1
1258206,0
3582802,1
3554144,1
3583042,1
3554810,1
1217048,1
3555140,1
5208496,1
3199754,1
5451576,1
3554368,1
3554363,1
776036,1
3554492,1
3554367,1
3554366,1
3554365,1
3554364,1
3583425,1
1254356,1
1216799,1
3220205,1
93311,4
6222249,1
1220845,1
3224693,1
739396,6
3554564,1
3554561,1
3554562,1
587747,1
3555565,1
734873,0
3555561,1
3554767,1
3554766,1
3582151,1
3554764,1
3095379,1
1239238,1
3545865,1
3545863,1
3554769,1
3554768,1
773267,1
3555969,0
4980904,1
4257774,1
3555368,1
3555369,1
3555360,1
775734,11
5708672,1
3529441,1
3555364,1
3555366,1
3185856,0
3582575,1
3099065,1
3555141,1
3554846,0
5862668,0
3553681,1
5490841,1
774957,1
4172443,1
3555208,1
1260064,0
3588941,0
1007833,1
3588893,1
4549071,1
3291467,1
6221385,1
3114663,1
3554495,1
549617,2
3590097,0
3580954,1
3883333,1
5669406,1
3276957,1
5708245,1
3590277,1
6081881,1
777399,4
777398,2
1245247,1
777395,2
777394,0
777397,6
777396,14
777391,1
777390,1
777393,0
777392,38
777155,1
3554392,1
5192905,1
776600,1
3554976,1
908237,1
3554974,1
3554975,1
3554972,1
3554973,1
3586863,1
3582811,1
3555387,1
1248756,0
3554800,1
776732,1
1978804,1
3589555,1
224319,4
3554484,1
4975425,1
3554482,1
3554483,1
3329673,0
3554488,1
3554489,1
3554370,1
3554372,1
3554373,1
3554374,1
3554375,1
3554376,1
755445,1
4838260,1
3555515,1
3582141,1
3554776,1
3554777,1
3554770,1
3554771,1
3554772,1
3539747,1
5317652,0
2843740,1
3554779,0
3582782,1
3590741,0
1220541,1
3284885,1
6136380,1
3555991,0
3268386,1
3555424,1
3555423,0
3555422,1
5430542,1
3555359,1
3555195,1
3555193,1
3555192,1
3590879,0
2911739,0
3584337,1
3554836,1
3554834,1
3989835,1
6171835,1
5709698,1
568239,3
747364,1
5691106,2
1818874,1
4989997,1
3149586,1
775568,6
3588845,1
5120848,1
132102,6
1281700,0
3590084,1
3581092,1
3111004,1
777010,2
3589303,1
3698152,1
4695534,1
3588200,1
3581329,1
1827084,1
4407622,0
5605682,1
3591026,0
6122842,1
3587499,1
777120,1
755292,3
3986840,1
4993424,1
776543,4
3554909,1
3554908,1
3554905,1
3554904,1
777237,1
3554236,1
777233,1
576748,2
777239,3
1239041,1
774926,1
4441523,1
776729,2
3580059,1
3589524,1
3555162,1
3555166,1
3555167,1
3555164,1
776055,1
5117912,1
1188371,1
5436126,1
764626,1
3555361,1
3555362,1
3555363,1
3438463,5
3554742,1
3554745,1
3582178,1
3554747,2
3554746,1
3554748,1
4857297,1
5611109,1
947531,1
5614886,0
3555435,1
3555436,1
3555437,1
775713,1
3555439,1
3555180,1
3589944,1
1169412,1
3546708,2
3589097,1
5505222,0
5717486,1
3163462,1
775152,1
775158,3
3555234,1
3555230,1
688071,7
4244371,1
33513,3
4992136,1
608616,1
6312417,1
718161,2
1237053,1
3555127,1
3583802,1
2979282,1
3581552,2
3581089,1
216258,1
609211,1
777008,1
1246753,1
983275,1
3590219,1
725630,1
4985090,1
750365,14
