4064060,1
4063896,1
4063323,1
4405278,1
4063899,1
4063719,1
4064125,1
4064080,1
4064082,1
4923292,1
4064084,1
4064087,1
4063713,1
3664736,1
4064757,1
4064699,1
3664730,1
5849917,1
4063394,1
4064458,1
4064459,1
4220006,1
4064455,1
4064453,1
4064451,1
4064269,1
4842176,1
4063433,1
4230664,1
4064152,1
4064150,1
4064016,1
2800336,1
4064159,1
4064622,1
2892411,1
4092702,1
4229949,1
706943,1
5654993,1
637493,1
4229805,1
4230582,1
4851155,1
4222698,1
4064977,1
4063715,1
4065011,1
4065013,1
4064234,1
4064129,1
4063710,1
3039294,1
5390454,1
4063509,1
4063058,1
4063505,1
4063501,1
4064525,1
4064489,1
4842607,1
3664733,1
4064320,1
644340,2
3884478,1
4064872,1
4064874,1
4228098,1
4063750,1
4227228,1
4063753,1
4063755,1
634731,1
4063618,1
4063596,1
4227458,1
4063594,1
4063610,1
4227015,1
4225034,1
4064187,1
4229796,1
4063115,1
4063112,1
4063293,1
4064686,1
4063471,1
4800612,1
3992360,1
4064052,1
4229241,1
4064054,1
4064055,1
4064058,1
4064665,1
4064667,1
4228866,1
4224722,1
4064112,1
4063680,1
4064465,1
4064708,1
4064469,1
4350189,1
4220868,1
4228206,1
6117186,1
4063979,1
4063872,1
4063874,1
4063876,1
4063879,1
4229337,1
4821399,1
4231183,1
4063529,1
4223068,1
4200501,1
4227580,1
4850397,1
646450,1
4064566,1
4064364,1
4064362,1
4119569,1
4838290,1
4063125,1
4064094,1
4063086,1
4225443,1
4064518,1
4064514,1
4804091,1
4930278,1
4063153,1
4064292,1
4064294,1
4064297,1
4064097,1
4063882,1
4064095,1
4064090,1
4064099,1
782441,1
782440,3
782443,0
782442,13
4063727,1
4063726,1
4064740,1
636424,1
4224762,1
4064584,1
671841,1
4064582,1
4063220,1
4447886,1
4224629,1
4222413,1
782410,6
4224621,1
4064993,1
4064144,1
4064068,1
1828115,1
4849852,1
4064061,1
4850005,1
4064148,1
4064064,1
4172440,1
4064633,1
4064631,1
4065007,1
4065002,1
4065000,1
4065009,1
4842449,1
4849933,1
4064324,1
5566862,1
4064326,1
4845784,1
4390652,1
4443557,1
4063901,1
4229104,1
4079330,1
4228253,1
4064166,1
4622524,1
4224545,1
623014,2
4064133,1
4810850,1
4229719,1
4064999,1
4064554,1
4064492,1
4064992,1
4064997,1
4063733,1
782424,32
4064255,1
4064253,1
4209642,1
4064962,1
3673112,1
4121071,1
4230606,1
4064193,1
4063603,1
4064975,1
4229821,1
3918903,1
4809719,1
4063181,1
4849024,1
5051104,1
4063606,1
4063461,1
4063264,1
4064232,1
782433,2
4064681,1
782437,10
782438,2
782439,1
4063305,1
4808538,1
4064109,1
4064675,1
4064101,1
4064678,1
4064103,1
4064106,1
3664718,1
3664719,1
4064472,1
3664714,1
3664717,1
3664710,1
3664711,1
3664712,1
4224010,1
637992,1
4222784,1
4064449,1
4064761,1
5798217,1
4228218,1
4063948,1
4063419,1
4064035,1
4064037,1
4064030,1
4064032,1
4229345,1
4847722,1
4228694,1
4189159,1
4222715,1
4832115,1
4225800,1
4843355,1
5139981,1
4229965,1
4823317,1
4222875,1
6107710,1
4064217,1
4222577,1
5665766,1
4063562,1
4800086,1
4093010,1
4212245,1
4063138,1
5058354,1
4063136,1
4230077,1
4063131,1
4063640,1
4227614,1
4064508,1
4064502,1
4064815,1
4230674,1
4063737,1
4063735,1
4063732,1
4228406,1
4225552,1
4063738,1
4063228,1
4063185,1
4063187,1
782377,1
4063224,1
4083851,1
4842878,1
4229865,1
3113694,1
4220027,1
649824,2
4227981,1
4063355,1
4063826,1
4063828,1
4063982,1
4668296,1
4063987,1
4229149,1
4064071,1
4064072,1
4064073,1
4064075,1
4064077,1
4064720,1
626540,2
4225796,1
4064640,1
4824045,1
778555,7
4064485,1
4800526,1
4228149,1
4064310,1
4148722,1
5773646,1
4063829,1
633864,1
4063457,1
2768661,1
4223229,1
4227595,1
4848619,1
2879251,1
620141,2
4229729,1
4064828,1
4229725,1
4226834,1
4063074,1
4809497,1
6163424,1
4064984,1
4064986,1
4230635,1
4063265,1
4822778,1
4064858,1
623466,1
4064917,1
4222763,1
4064852,1
4221911,1
4063677,1
4064270,1
4228526,1
4063674,1
4229584,1
4608003,1
3854385,1
3940688,1
4063570,1
4063170,1
4063174,1
4063175,1
4063178,1
4063319,1
4063253,1
4063709,1
4063708,1
4063705,1
4063313,1
4063702,1
4063700,1
729649,1
4222142,1
4825381,1
3664728,1
4064443,1
4064444,1
4064446,1
3664721,1
3664720,1
3664725,1
4064765,1
4064343,1
4228182,1
4063201,1
4063956,1
4230962,1
4064001,1
4063230,1
4229931,1
4064614,1
4064903,1
638926,1
4064948,1
4222680,1
4227092,1
4064344,1
4224844,1
4485508,1
4063374,1
4063927,1
4227053,1
4064770,1
4228272,1
4222365,1
4063533,1
640624,1
4063101,1
4229071,1
52497,2
4812846,1
4802454,1
4064531,1
4220145,1
4064867,1
4064864,1
4663262,1
4064869,1
4221866,1
6198819,1
4063742,1
4063217,1
4063213,1
4063744,1
729606,6
729607,4
4221882,1
4063625,1
4063621,1
4229788,1
4064401,1
4220039,1
4852563,1
4806812,1
4063917,1
1469666,1
4229890,1
631156,1
583180,12
4227996,1
4162068,1
4064041,1
4064040,1
4063367,1
4064049,1
4064048,1
4063447,1
4063691,1
4063693,1
4063695,1
4063696,1
4423844,1
4063698,1
4991370,1
4228077,1
4064658,1
4819082,1
4064653,1
4843428,1
4844739,1
635384,2
4228607,1
2920228,1
650771,1
4064307,1
4230447,1
4063969,1
4850117,1
4228231,1
4063966,1
637126,1
4063078,1
4064830,1
4064831,1
4222810,1
5020437,1
1344423,1
4064575,1
4809521,1
4221602,1
4064377,1
4063245,1
2920867,1
4348319,1
3094415,1
4222551,1
4226937,1
4063664,1
4063665,1
4063666,1
5518561,1
4063098,1
4063090,1
4064540,1
4063066,1
4063067,1
4063063,1
4804160,1
4063147,1
4225351,1
