3590527,50.0
3756949,50.0
738934,50.0
778118,50.0
120611,0.0
744035,50.0
154728,50.0
3589401,1.3800000000000001
3589402,1.33
3590327,12.67
3590324,200.0
3590320,50.0
4036069,200.0
3590459,50.0
3590328,0.0
780003,100.0
3755149,19.0
3744140,0.0
3744145,0.0
3750464,0.0
779894,0.03
779895,200.0
779896,300.02
779897,150.0
779890,100.00999999999999
1384662,0.0
779892,400.02
779893,50.0
779898,200.0
779899,50.0
2201530,10.15
3744082,50.0
3755037,0.05
4414314,8.3
5308828,50.0
51845,50.0
779828,100.0
3755039,17.75
3589624,50.0
3753840,7.8999999999999995
3589626,50.0
3589622,100.0
3753846,50.0
3754813,15.4
739503,50.0
3756422,50.0
3756423,50.0
3587865,0.0
3760185,50.0
3717132,0.0
1391805,0.0
3758667,10.15
3589147,14.8
1240785,50.0
3754140,10.4
5343785,0.0
3753653,0.05
3589888,50.0
3589880,8.89
3589882,50.0
3589883,50.0
3589885,50.0
3589886,50.0
3589887,100.0
779383,50.0
773343,490.0
3589951,100.0
778850,957.54
3589080,12.8
3589084,12.600000000000001
3589086,290.0
779705,50.0
3754547,190.0
538703,0.0
3947541,50.0
6158222,0.05
5044568,0.0
1401076,50.0
3084122,1.0
3757364,0.13
3754498,50.0
3756378,10.0
779674,50.0
1439040,13.05
1309934,50.0
779679,50.0
778275,50.0
2184573,0.0
1669094,50.0
779075,50.0
3588865,100.0
3588867,8.5
779071,0.0
3755632,50.0
5255182,8.55
1418948,33.260000000000005
3590665,50.0
751776,0.0
2226075,50.0
3590068,9.97
3590069,100.02
3590066,0.0
1406556,50.0
263176,0.13
3588807,50.0
777035,50.02
855216,0.0
2226651,50.0
24410,50.0
230648,0.0
3588267,0.0
3590200,11.23
3590201,50.01
1303365,100.0
4038434,50.0
4401585,50.0
776457,0.0
1306675,50.0
779891,76.75
3758655,9.850000000000001
3757603,50.0
3589830,50.0
3590334,12.73
3590335,0.0
3590336,400.0
3590337,5.0
3590330,12.55
3590331,0.0
3590332,100.04
3590333,12.790000000000001
3759411,11.950000000000001
86965,50.0
754259,0.0
777219,200.05
779883,50.0
779882,50.0
779881,200.0
779880,50.0
779887,350.0
779886,124.15
779885,100.05
779884,500.13
5639563,0.0
759174,50.0
779889,200.0
3756885,0.01
3588050,0.0
3589508,50.0
3758233,50.0
4134049,50.0
3758904,50.01
1302038,50.0
732224,0.0
3755047,17.55
3588589,0.0
6030223,50.0
4680513,50.0
3589611,100.0
3589612,50.0
3589619,100.0
3589618,50.0
3753855,8.4
741279,50.0
2215925,50.0
1346060,494.38
3589996,50.0
4214385,12.610000000000001
5968612,50.0
723710,0.0
549617,0.0
778916,0.0
1317912,50.0
2201472,10.25
3757178,0.0
33048,0.0
3755999,100.0
1300299,50.0
779719,122.06
4237031,50.0
779712,50.0
779247,400.0
3754551,50.0
3754557,12.5
3754555,50.0
3589984,9.370000000000001
3589987,50.0
3589988,10.0
3742228,10.81
781410,300.0
3232,12.379999999999999
780433,100.0
718569,50.0
3236666,10.3
743322,50.0
3588903,50.0
779403,50.0
655263,0.0
3588904,50.0
779400,0.0
3588908,8.700000000000001
5634267,50.0
3589188,16.650000000000002
3775602,50.0
3589181,17.0
3589182,16.95
3589185,16.8
3589186,16.75
6076584,8.83
3757352,8.47
1000645,0.0
3612508,50.0
4265432,8.0
779663,50.0
779665,0.0
779664,1100.0
751016,0.0
751017,0.0
779668,0.0
3755609,50.0
3754730,50.0
3588878,1.5
3588879,0.0
3588876,91.0
3588874,8.600000000000001
3588872,50.0
3588873,50.0
3588870,0.0
3588871,50.0
3758168,5.0
3589052,500.0
1323765,50.0
1390332,100.0
5189451,8.25
3590059,50.0
3590050,0.0
3590053,50.0
3590057,48.0
3590056,9.67
1806486,0.0
3589623,50.0
4038197,11.290000000000001
3755516,50.0
3755511,0.93
3757766,50.0
3589334,5.0
3590236,50.0
2221932,50.0
3590230,11.89
3590238,50.0
5994461,15.600000000000001
3754538,1400.0
3589274,50.0
1686586,8.9
3756961,4.39
774649,0.0
3569262,0.0
3754125,8.850000000000001
3754128,8.8
3757615,49970.0
3757617,49960.0
3757611,0.0
762606,100.02000000000001
3590301,100.02
3590300,0.0
3590302,12.25
691011,0.0
4131462,50.01
3744780,0.0
1027405,50.0
777207,50.0
777200,50.0
3589512,0.37
738868,50.0
3589516,18.0
3589517,100.0
779878,100.0
779879,3750.100000000001
779876,1000.04
779877,4000.29
779874,50.0
3589519,3.3099999999999996
779872,200.07
779873,423.79
3758738,50.0
779871,50.0
92746,100.0
3756195,50.0
3758220,50.0
6256544,0.0
11296,200.0
771986,0.0
3755294,50.0
3756989,50.0
779988,100.02
3753823,8.100000000000001
3589607,100.0
240947,465.0
766127,0.0
3756359,50.0
5371130,0.09
3757164,4.6899999999999995
3757163,4.75
3676888,0.0
3756577,50.0
3756922,4.27
3755514,50.0
1406915,10.690000000000001
779915,205.0
3756927,0.0
3194748,50.0
779923,2.0
2235378,50.0
5010517,41.92
5375941,1.58
779279,0.0
3589717,1.0
3760890,50.0
3589997,50.0
2239917,0.0
3788525,0.0
701464,8.7
2864293,0.0
4127774,50.0
3753443,50.0
753570,100.0
3589196,17.25
3589197,17.2
3589194,0.04
3589195,50.0
3589192,17.1
779477,0.0
3579845,0.0
3589191,17.150000000000002
6103125,0.0
4836556,0.0
779479,0.0
3753628,50.0
3589198,50.0
964104,0.0
333774,50.0
3742125,150.06
3756191,50.0
3589926,0.03
3756356,50.0
779697,0.0
3698202,0.0
779690,150.0
779691,0.0
3589168,16.05
3588803,7.35
3588802,50.0
779504,100.0
779502,386.37
778586,500.0
3754580,13.4
3589046,50.0
3754584,13.350000000000001
3590049,9.610000000000001
3747533,0.0
3590126,50.01
3756392,0.0
3755505,50.0
3757755,50.0
3755508,50.0
4870616,50.0
775768,0.0
4358097,50.0
3590227,50.0
2212143,450.0
3590552,50.0
2247510,50.0
2247043,50.0
3754130,8.75
3589452,0.0
3754132,50.0
3589457,50.0
3589455,1.5
3194349,10.21
3589295,0.0
3589294,0.7300000000000001
1279704,18.0
3589291,0.68
3589290,100.0
3589293,50.0
3589299,50.0
3589298,50.0
3689036,50.0
4318703,50.0
2247460,50.0
3590319,12.430000000000001
3590316,100.0
3590314,2.0
3590315,100.0
3590313,50.0
3590310,12.370000000000001
3590311,0.05
3485491,0.0
3758692,50.0
3758698,100.0
6318203,100.0
2123388,0.0
3744204,0.0
3330725,13.0
3754228,9.100000000000001
3758746,50.0
3758745,50.0
779865,200.0
779864,3800.1
779867,105.0
779866,99.02
779861,50.0
779860,10.0
779863,400.0
3754223,9.15
4826335,7.6499999999999995
3773282,50.0
1349450,50.0
1382160,50.0
3758963,100.0
3756758,3.9099999999999997
1317246,0.09999999999999999
6176873,50.0
3589679,50.0
3730231,50.0
3589676,50.0
3589675,100.0
3589225,19.400000000000002
1339060,50.0
1329150,50.0
397512,50.0
3754549,50.0
2224469,50.0
3759765,12.31
3589707,0.0
3589705,4.33
3589701,0.0
3754544,0.0
3589709,4.21
3589708,0.0
3589859,100.0
3583423,233.5
3589857,8.770000000000001
3589854,50.0
3589852,50.0
3589850,8.71
6243491,0.01
1390012,50.0
3756507,50.0
3756506,50.0
1409487,50.0
778805,50.0
3975804,50.0
3760220,50.0
3755087,50.0
3676303,10.63
3726227,0.0
3756213,0.31
90724,420.65
685947,0.0
779460,50.0
779463,0.0
3753631,350.0
779465,50.0
3795047,50.0
4041500,50.0
1329945,50.0
3757336,26.63
779264,0.0
3760042,100.0
3756322,50.0
1310559,100.0
3760049,4.09
778022,0.0
779684,50.0
779686,0.0
3286526,0.0
3588815,50.0
3588817,50.0
3757241,4.93
2244428,3.0
6131246,9.75
3754593,13.25
774332,0.0
3756036,50.0
2861583,50.0
779196,50.02
2226027,50.0
3630853,0.0
3821726,50.0
3758029,50.01
3757742,100.0
3758020,100.0
778335,50.0
3754045,50.0
3590149,10.930000000000001
5863771,0.01
1394836,0.0
1990524,0.0
3758116,205.0
3589443,0.0
699951,0.0
3754104,50.0
3589282,0.0
3589280,0.53
3589286,50.0
3589287,777.62
3589285,0.0
3589289,100.0
3590369,50.0
3590368,13.0
3590363,12.950000000000001
3590362,50.0
631894,50.01
1263914,12.65
3385796,0.0
493297,50.0
2217356,50.0
986904,100.0
3923676,50.0
779858,11.0
779859,10.0
3755315,34.989999999999995
3758201,45.0
3758205,50.0
779850,2.0
779851,2000.1
779852,50.0
779853,50.0
779854,0.02
779855,450.02
779856,50.01
779857,50.0
779797,100.00999999999999
3737448,100.0
3589033,50.0
3758975,10.870000000000001
3759081,50.0
3759086,11.05
716514,0.0
3102162,0.0
3754856,15.0
1340067,50.0
4833048,40.0
2230986,0.0
3589660,36.63
3589664,50.0
3589667,50.0
3672095,3.3699999999999997
6140522,50.0
3815821,0.0
670501,0.0
3810129,0.0
3589714,50.0
1404683,10.57
3589711,0.0
3329160,13.15
773784,50.0
3589845,49980.0
3589841,50.0
3589842,50000.0
3589843,49990.0
1300407,0.0
3775561,50.0
3760208,50.0
5354367,50.0
2244306,50.0
3754343,11.600000000000001
779903,20.37
3756206,0.0
5081187,0.02
3756200,0.19
1764139,0.02
3588779,50.0
3760948,50.0
3754346,11.5
1390250,0.0
3754698,14.15
4639476,10.75
3754695,14.200000000000001
779456,0.0
3754344,11.55
779676,0.0
3753480,50.0
3754349,11.450000000000001
1389701,50.0
3757320,143.75
3757324,100.0
5497025,8.65
2203893,50.0
779211,50.0
3760050,0.0
3756901,0.01
6153348,50.0
3588825,100.0
1293150,0.0
3688944,0.01
3588397,0.0
3588820,50.0
3588829,7.45
1380150,9.13
1390674,50.0
779869,50.1
779523,0.0
779036,150.03
779526,150.0
779868,200.0
3590026,50.0
3590028,19.98
3756027,50.0
3963279,100.04
777672,200.05
4881422,0.08
779862,300.0
778321,0.0
778322,5.0
3590158,100.0
3590151,0.0
774673,0.0
3590103,10.450000000000001
3590102,0.0
3590101,10.39
3758162,0.0
3590100,10.33
3758166,50.0
3589475,1.55
1617753,0.0
3754117,9.0
1384702,500.0
3590486,50.0
3590105,50.0
3589279,0.5800000000000001
3589278,0.01
3590104,10.510000000000002
3589273,0.0
3589272,0.43
3589271,0.0
3589270,0.48
3590373,50.0
3590374,50.0
3590376,13.15
3590108,0.0
973665,50.0
779847,100.0
779846,6.63
779845,50.0
779844,1000.02
779843,50.0
779842,400.0
779841,101.0
779840,50.0
779480,50.0
779849,200.0
779848,200.0
776785,0.0
3589389,50.0
3589381,50.0
3589384,50.0
1395752,1.0
3759092,0.0
3759093,50.0
3759097,0.02
3761151,50.0
3761156,50.0
3761155,50.0
2216362,1.48
3753819,8.15
3590061,9.790000000000001
3589497,50.0
3589495,50.0
3589494,50.0
3589499,0.13
3589498,100.0
732173,0.0
3934985,9.49
780091,100.0
773771,50.0
3755941,0.0
3759417,50.0
742611,0.0
3589879,8.950000000000001
3589878,50.0
4834848,0.0
3589875,100.0
5990856,15.700000000000001
3589876,50.0
3606084,50.0
3756528,50.0
1624440,0.0
1422739,50.01
3761887,50.0
3760204,13.200000000000001
1235627,50.0
192679,0.0
3755936,0.0
3757008,4.45
6257314,50.0
775330,0.0
1461886,0.0
3876216,50.0
3760938,50.0
779443,25.0
779330,50.0
3802421,39.0
586903,52.0
1274462,15.9
3763013,50.0
62691,0.0
3588830,50.0
779532,0.0
757538,100.0
3755645,50.0
3588839,0.0
3755641,50.0
1246930,10.200000000000001
1409143,100.04
5601998,50.0
3589019,50.0
3589013,0.0
3589012,5.0
3589011,0.06
3589010,6.06
3589016,12.200000000000001
3589015,50.0
4503523,7.3999999999999995
4193437,50.0
2219686,3.4899999999999998
1296352,50.0
1315452,3.26
3589125,50.0
3589124,14.4
3589123,50.0
3589121,14.350000000000001
3755797,50.0
5576453,0.0
3590168,50.0
3805512,100.0
3576060,0.0
3546964,0.0
3590160,50.0
3577042,0.0
1517899,17.9
3507606,1.43
3758170,9.0
778774,100.01
3755420,0.78
778770,50.0
3758177,50.0
3590345,50.0
3590347,50.0
3590346,50.0
3590341,50.0
3590340,0.0
3590342,50.0
3589264,100.0
3589265,0.38
3589266,0.33
3589267,50.0
3590349,0.04
3590348,100.0
3589262,19.55
3589263,50.0
834298,0.05
3733127,100.0
3663799,0.0
6280322,5.01
779832,200.0
779833,3950.05
779830,0.05
779831,200.0
779836,150.0
779837,0.05
779834,50.1
779835,150.0
3754279,10.450000000000001
779839,150.05
3588021,0.0
3588023,0.05
4323386,0.0
5740897,13.3
469498,50.0
3589399,1.28
4041173,11.350000000000001
3589390,1.23
3589394,50.0
3589396,50.0
3589397,50.0
3588837,50.0
965385,0.0
3754875,14.600000000000001
3756815,50.0
3588735,0.0
3754873,14.65
779941,400.0
1288067,0.63
3757870,50.0
3757873,50.0
3951527,100.0
3275701,0.8300000000000001
3753665,7.55
4576314,19.3
3589700,4.03
56748,50.01
780087,100.0
778948,50.01
4063922,100.0
80604,0.0
3758951,50.0
3589739,0.05
3589736,50.0
3589737,900.0
404116,50.0
781609,1000.0
1538734,100.04
93837,215.07
4064317,100.0
3940764,50.0
2211523,100.0
3760952,50.0
3434401,50.0
3920580,50.0
775657,50.0
3589867,153.75
3589864,50.0
2199168,50.0
3589862,100.0
3589863,100.0
3589860,50.0
4205643,50.0
3589868,100.0
3589869,0.11
3753319,0.0
1382603,50.0
3754477,50.0
739299,0.0
779235,50.01
3760070,13.100000000000001
757543,50.0
3757289,50.0
3755655,100.0
779785,200.0
779781,150.03
779783,50.0
779788,50.01
779789,100.00999999999999
3589008,50.0
3589009,12.15
6263116,50.0
3589005,11.3
3589006,11.25
3589007,11.200000000000001
6058375,0.0
3756006,50.0
2227587,100.0
3756003,0.0
3395139,15.8
6281661,50.0
777651,0.0
779168,0.0
2219699,3.4299999999999997
3755788,100.0
3589135,3.0
3589136,1.0
3589130,50.0
3589131,50.0
3589133,15.350000000000001
3589138,15.200000000000001
3589139,0.01
3589505,30.0
249366,50.0
581328,0.0
3758141,9.190000000000001
403488,0.0
3590352,49.05
3589258,19.75
3590350,0.05
3590351,0.0
3590357,9.0
3590354,50.0
3590355,12.850000000000001
3589251,0.18
3590359,12.9
2195785,0.0
1398113,9.91
735724,75.85
779888,155.0
6269774,50.0
1403927,50.0
779821,150.0
779820,70.0
779823,50.0
779822,25.0
779825,50.0
779824,15.53
779827,25.15
779826,200.0
779829,1000.0
3698738,100.0
3756822,50.0
1250340,10.65
776433,0.0
5749175,13.100000000000001
3884676,3.9899999999999998
4047118,11.59
3181319,8.350000000000001
6151701,100.02
3755223,19.650000000000002
2219377,0.43
6002361,0.0
3757844,50.0
3754869,14.75
3587164,0.0
3754316,11.0
2185979,0.0
2062711,0.0
5259840,2.5
3754880,14.450000000000001
3588618,0.0
3589748,0.02
3884388,0.0
739919,0.0
513247,50.0
780218,200.0
6086905,10.05
2228269,8.530000000000001
3590162,100.0
1360547,8.65
3956496,11.770000000000001
2210289,18.400000000000002
3588502,0.0
3760038,0.0
1993894,0.0
3589928,0.0
3753544,50.0
4994589,0.0
3753540,50.0
780067,150.0
3589810,8.59
3589817,50.0
3589815,50.0
3590461,50.0
762350,0.0
3543466,0.0
5745085,13.200000000000001
4089360,12.190000000000001
4953537,0.0
727078,50.0
779220,100.00999999999999
779225,100.35
6279589,0.0
779556,0.0
5211340,0.0
3589304,50.0
3589035,50.0
3589036,0.0
3589031,200.0
779795,50.0
779794,0.0
779799,7.06
5831813,50.0
779313,50.0
3756072,0.55
779318,0.0
3590293,3.0
3590292,50.01
3590297,550.0
3590296,50.0
3590295,12.13
3753857,50.0
3589268,100.0
3589101,13.950000000000001
3589100,14.0
3589103,13.850000000000001
3589102,13.9
3590107,0.01
3589104,13.8
3589107,13.65
3589106,13.700000000000001
779487,0.0
3589108,13.600000000000001
3590109,50.0
779484,50.01
779483,100.0
3110,0.0
3756105,0.02
6117054,0.13
4016014,50.0
777880,0.0
3589246,18.35
3589247,18.3
3589244,18.45
3589242,18.55
3589243,18.5
3589240,18.650000000000002
3589241,18.6
3560647,1.18
722822,50.0
3758157,9.25
3589248,0.28
3589249,0.22999999999999998
3755686,50.0
758795,0.0
778681,19.97
1415922,1000.0
3330262,13.05
3756819,50.0
779818,2375.09
779819,0.1
779814,2265.04
779815,3700.0
779816,303.0
779817,400.0
779810,46.92
779811,200.0
779812,235.0
779813,100.0
1393952,50.0
1263827,12.700000000000001
2242997,50.0
1240675,0.0
779968,100.0
3754321,10.950000000000001
779961,100.0
3754323,50.0
3759202,50.0
3754325,9.0
63626,0.0
4065167,20.0
3538387,0.0
1258925,100.0
3994866,0.0
778966,0.0
778965,50.0
3759114,0.0
3759112,11.17
3755126,19.45
3589759,4.569999999999999
3753992,1.3
6291774,174.0
3589752,50.0
3589753,3.98
3589757,4.63
1976000,0.0
2210630,19.85
4356351,494.40999999999997
779838,430.0
6045232,10.350000000000001
3759062,100.0
3759065,50.0
3589934,50.0
3589935,50.0
3589931,100.0
3589933,50.0
780333,100.0
5104,1934.11
3800822,11.83
730893,150.0
3589800,50.0
778987,50.01
3583323,0.0
778980,50.0
3589806,0.0
3589808,29.0
3755749,50.0
3589411,100.0
3506912,0.0
3589398,50.0
58926,0.0
3760874,50.0
3760875,50.0
412035,50.0
3760884,50.0
696390,0.0
2244472,50.0
3589023,12.25
3589020,50.0
426499,0.0
3589027,50.0
3589024,0.0
779766,0.0
779767,0.0
3589028,50.0
3589029,50.0
779762,0.0
3757219,100.0
4132541,50.0
1243666,0.01
779367,50.01
744910,50.0
3756060,50.0
779368,50.01
2208758,17.05
3588990,12.05
3945790,50.0
3732286,0.0
3731959,3.9699999999999998
3590284,20.0
3588972,10.5
3588971,10.55
3590287,12.07
3671574,0.0
3590110,50.0
4296471,50.0
3590113,100.0
3590114,50.0
3589118,50.0
3590117,5.0
3590118,100.0
3590119,50.0
3589114,50.0
3589115,50.0
3589113,45.1
3589110,13.5
778561,50.0
782022,1000.0
777740,0.0
779617,50.04
779614,0.0
3589230,19.150000000000002
3589237,18.8
3589235,18.900000000000002
779611,0.0
3589239,18.7
3589238,18.75
4186814,50.0
779586,50.0
3755697,100.0
3421889,17.85
3590606,50.0
712530,15476.04
712532,0.0
3590603,50.0
3756801,50.0
776589,0.0
710671,0.0
779809,93.0
779808,102.0
779803,1450.0
779802,150.0
779801,100.0
779800,100.02000000000001
779807,50.0
3589580,50.0
779805,200.0
618816,494.52
4994015,0.0
3589347,100.0
1351564,100.0
5183063,7.8
3752312,0.0
3658,0.02
3754335,11.850000000000001
3754332,11.950000000000001
3588745,0.0
3754331,12.0
3755201,19.95
3754338,11.8
3754339,11.75
734271,0.0
3589693,494.39
3589692,0.01
3589697,494.43
3758182,9.31
3758637,50.01
779634,350.0
4085066,5.0
3758630,9.73
3744114,0.0
779940,1000.01
210014,0.0
5458408,1.53
780051,100.02
3761286,50.0
3589764,4.81
3759100,11.110000000000001
3759106,50.0
3759457,0.0
3756666,3.8499999999999996
3589769,100.0
3589768,0.0
1511180,0.0
3589567,3.55
3589561,50.0
1557707,50.0
779711,0.0
1346629,0.0
5437920,0.02
6015923,100.0
1183438,0.01
5512285,11.15
3759078,100.0
3759079,50.0
3759076,50.0
3759077,59.37
3759074,100.0
3759075,720.0
3759072,50.0
773622,50.0
3589908,50.0
393619,0.0
3589900,50.0
3589903,50.0
3589904,50.0
3589907,50.0
3589906,50.0
6226976,50.0
5606699,12.100000000000001
3801279,0.0
1225167,5.0
3589835,50.0
36411,50.0
3589836,50.0
3589831,0.0
6159658,50.0
5174890,50.0
3755808,100.0
3594605,50.0
3466187,0.0
781542,2000.0
1263732,12.75
1331133,50.0
3754517,100.0
3213330,50.0
779579,0.0
779573,0.0
6290552,50.0
5216141,100.0
779870,400.0
779779,14.0
779775,0.0
779774,50.0
3754537,50.0
779770,0.0
779773,50.0
779772,0.0
3756052,50.0
766856,0.0
779373,300.0
3588982,11.05
3703795,11.71
3588986,10.9
775442,0.0
778429,100.0
778353,50.0
3588964,9.0
3588965,10.850000000000001
3588966,10.8
3588967,10.75
2265895,50.02
3588968,10.700000000000001
3589169,16.0
528989,12.1
3762724,50.02
3589163,16.3
3589162,16.35
3589161,16.400000000000002
3589160,16.45
3589167,16.1
3589166,16.150000000000002
3589165,16.2
3589164,16.25
3756120,0.07
1330460,50.0
3589221,18.150000000000002
3589222,18.1
3589223,19.5
779600,50.01
3589226,19.35
3589228,19.25
3589229,19.2
3590389,50.0
728520,0.0
3588905,49.85
3589633,50.0
2221531,0.0
2226338,0.05
778640,50.01
3829769,50.0
3589590,3.61
3758538,50.0
3589357,50.0
3589351,100.0
3589352,50.0
777197,0.0
777196,0.0
5444927,9.700000000000001
779902,150.0
3589687,494.42
779900,1600.04
779901,300.0
779906,1900.07
779907,50.0
779904,200.01999999999998
779905,50.01
3588775,50.0
3588774,5.0
779908,150.0
779909,50.0
3588771,50.0
3588770,50.0
3588773,50.0
3685050,50.0
1245667,8.950000000000001
777289,100.0
2235260,1117.0
4369163,50.0
5077690,1.03
3589772,100.0
1679606,50.0
3758999,100.0
3589574,50.0
3589575,50.0
1270442,15.25
3759487,3.0
2525056,50.0
3756724,50.0
1249517,9.05
3756728,50.0
3175386,7.95
3589261,19.6
3755965,0.0
1392001,100.0
3756262,49950.0
3588997,11.700000000000001
5342798,0.0
743866,50.01
3589823,30.0
3589820,50.0
2236410,50.0
3589825,1000.0
1300627,100.0
779916,50.0
780553,750.0
3934138,39.99
3589916,50.0
3589917,50.0
3589914,50.0
3589912,50.0
3589913,50.0
3589910,0.01
3589911,50.0
3756591,3.73
3921367,50.0
3756595,0.0
112176,150.02
779748,200.0
779749,0.05
779298,0.0
3579912,0.0
779746,50.0
779747,100.02000000000001
3756045,50.0
3756048,50.0
487383,0.0
704062,0.0
779341,0.0
3590285,50.0
779120,50.0
779123,50.01
5342803,49.95
3588970,10.600000000000001
4229806,9.430000000000001
3588950,9.65
3754617,12.950000000000001
3588952,9.55
3588955,9.4
3588954,9.450000000000001
3588957,9.3
3588956,9.350000000000001
3588958,9.25
3990453,50.0
3763399,0.03
3589178,15.55
3589179,15.5
3589170,15.950000000000001
3589172,15.850000000000001
3589174,15.75
3589176,15.65
3588883,50.0
3588882,50.0
3588881,50.0
3588884,5.0
723237,0.0
3754342,11.65
3590112,0.0
3589219,18.25
779638,0.0
3589217,17.95
3589210,17.3
3589213,17.8
97975,50.0
1278433,17.6
3754767,0.0
3589119,50.0
3692110,1000.0
3210104,50.0
5289720,50.0
778651,0.0
5685377,1.6300000000000001
681944,0.0
3758296,50.0
778659,0.0
3953179,0.05
733718,50.02
3589367,50.0
3590240,100.0
3590243,50.0
92224,453.96
4039785,50.0
1272548,0.0
779911,150.0
779910,150.0
779913,350.90999999999997
779912,150.02
3754354,11.4
779914,200.0
779917,90.0
3754357,11.350000000000001
779919,2.0
779918,200.0
3757889,50.0
3754193,9.600000000000001
3320969,12.450000000000001
6204325,390.0
1243849,50.0
3950515,50.0
773285,50.0
3589789,50.0
3759470,12.010000000000002
3754996,50.0
3759477,50.0
5806429,50.0
3589545,10.0
3589544,100.0
5011956,50.0
3601650,10.0
781594,1400.0
3759493,5.0
3589861,50.0
1419214,50.0
3756735,50.0
3756730,50.0
3589232,19.05
4051531,50.0
3589231,19.1
3755000,16.900000000000002
3588784,50.0
3588786,31.92
3588787,26.92
3759011,100.0
3761454,50.95
3588788,21.92
666904,0.0
3589234,18.95
3756605,50.0
1276517,16.6
779737,50.0
3589094,14.3
3262699,11.100000000000001
3754422,50.0
3757816,2.95
3589548,50.06
5807002,0.0
749744,0.0
3760281,50.0
3589967,50.0
3589966,50.0
3755952,8.42
3589969,50.0
3589968,50.0
5803709,494.4
779756,200.0
3754515,0.05
779753,50.02
3754513,50.0
779751,200.0
3754519,12.3
779281,0.0
4284613,50.0
6307654,50.0
3723015,50.0
779134,50.0
3589145,14.9
3589144,14.950000000000001
3753656,50.0
3589146,14.850000000000001
3589141,15.100000000000001
3589140,15.15
3589142,15.05
3588946,9.850000000000001
3589149,14.700000000000001
3588943,10.0
2377181,150.75
1409656,50.0
5191778,8.200000000000001
3588894,50.0
3588896,50.0
3588897,50.0
3588899,50.0
778716,0.0
3589208,17.400000000000002
3589209,17.35
774969,0.0
779628,0.0
3589202,17.7
3589203,17.650000000000002
3589200,0.0
3589206,17.5
3590651,50.0
1417324,11.47
3590095,10.270000000000001
3590096,0.0
6155872,0.05
3590099,50.0
777606,0.0
3756859,100.0
3756856,50.0
3756850,100.0
3787286,50.0
3589377,1.1300000000000001
3589375,1.08
3589378,50.0
778390,0.0
3758045,100.0
3758040,0.0
3590271,50.0
3590273,3.0
3590272,50.0
3590275,5.0
3590276,50.0
3590279,50.0
3589422,0.95
3663405,100.02
3756739,50.0
779928,100.05
779929,1930.0
779924,91.0
779925,2.0
779926,691.0
779927,150.0
779920,150.0
779921,50.0
779922,929.0
3756926,4.1499999999999995
3754168,9.950000000000001
3754163,10.100000000000001
3689439,100.0
3588628,0.0
6284681,50.0
776600,1777.62
1256332,0.0
3121348,36.92
6007824,16.85
809905,0.0
2198861,8.0
3589794,0.0
3589796,50.0
3588789,277.62
5244144,0.0
3589556,50.0
3589557,50.0
4032786,50.0
3589552,50.0
3589553,100.0
224319,102.67999999999999
4059080,50.0
1411229,10.99
6270352,10.0
778893,0.0
5185343,7.75
900112,50.0
3755015,16.7
3721093,100.0
3759801,12.49
3753864,2375.0
3590305,50.0
3630698,12.9
3590309,0.0
739563,0.0
3589117,50.0
2209205,17.45
2236214,20.0
3755830,50.0
3755940,50.0
3589973,50.0
3589974,50.0
3589975,50.0
3589976,50.0
3753534,50.0
3753537,7.3
3753531,50.0
3761348,50.0
779723,50.0
3754561,12.350000000000001
3754560,12.4
3754566,12.55
779729,550.0
2243549,100.0
2235934,0.0
3757099,0.03
3593528,50.0
3754200,9.5
6058118,18.05
3754333,11.9
1298662,50.0
775893,50.0
3589152,14.55
3589153,14.5
3753662,7.6
3589156,15.450000000000001
779386,0.0
3753666,7.5
3589158,16.55
3589159,16.5
1256922,50.0
1388921,50.0
6211494,9.200000000000001
3757547,50.0
3695458,50.0
6044425,0.0
3588844,7.85
3588842,7.7
3588840,50.0
3757407,0.0
779651,0.0
779657,0.0
4495422,18.2
3754703,14.05
804224,0.0
3590087,50.0
3590085,50.0
3805450,100.0
746300,7.96
1299896,50.0
778419,50.0
779875,50.0
722922,100.0
3754233,50.0
3590462,50.0
3914475,12.850000000000001
6091902,0.0
3589302,0.01
3589301,50.0
3589300,0.01
3589307,50.0
4063579,50.0
3589305,50.0
3783566,4.51
3589308,0.88
3830075,0.0
3650777,50.0
3758076,50.0
3589134,15.3
3590511,50.0
3660718,0.25
3759258,11.530000000000001
3728775,0.0
774610,0.06999999999999999
779933,50.0
779932,230.0
779931,50.0
779930,55.0
779937,100.0
779936,1050.0
779935,150.0
779934,1050.02
3772990,50.0
3589418,4.0
3589417,100.0
3589416,0.0
3754176,9.8
3754170,9.9
3589412,100.0
733029,6000.37
3773668,50.0
780017,0.48
3756622,3.79
3584244,0.0
1340767,100.0
3758490,100.0
3758257,0.0
3758705,50.0
3589520,0.0
744550,0.0
773666,50.0
3755027,0.01
3589634,50.0
3759814,50.0
3589632,100.0
2225770,50.0
1328443,0.04
773801,0.0
3020106,13.55
2199195,8.450000000000001
772620,0.0
3797483,50.0
3583372,9.55
3754531,150.0
3589767,4.87
3589898,9.07
3756388,40.0
3589897,50.01
3589896,9.010000000000002
3589895,50.0
3589894,100.0
3756546,3.67
3589762,50.0
3756542,0.0
3753529,50.0
772284,100.00999999999999
3589943,50.0
3589942,0.0
3754573,124.0
779734,50.0
3589095,14.25
3754577,13.450000000000001
779739,50.0
779738,50.0
3589098,14.100000000000001
6090473,18.85
578013,50.0
3589319,0.0
3754512,20.0
779752,50.0
3935364,0.0
775393,50.0
3589259,19.7
33513,0.0
774376,0.0
411346,50.0
3756367,50.0
3753825,8.05
1279197,17.900000000000002
3589252,19.900000000000002
3590180,100.0
582885,0.0
779649,100.02
3588856,50.0
3588326,0.0
779641,50.04
3589256,19.8
779645,50.0
779647,100.0
3754717,13.75
3590078,100.0
3590076,100.02
3590075,100.0
3590074,10.09
3590072,49.0
3590070,10.030000000000001
5361104,50.0
4117312,50.0
3589312,0.03
3754735,50.0
3745032,0.0
1434461,0.0
3755537,0.9800000000000001
4495754,0.05
3755535,50.0
2028713,50.0
3590218,11.65
3754527,50.0
725630,150.02
3590213,11.41
3590211,50.02
3590216,0.0
3590214,50.0
