3570709,2
3570708,2
3570703,2
3570701,2
3570700,2
3570707,2
3570705,2
3674918,2
4785300,1
1636080,2
2320162,2
3569086,0
778287,0
3569718,2
120611,0
3569712,2
3569713,2
3569711,2
3569716,1
778289,1
3570369,2
3570368,2
3570365,2
3570367,2
3570363,2
3674910,2
3677808,2
3569884,0
3569885,2
3739339,2
3569889,0
4747525,2
741266,1
3570384,2
3570383,2
3570382,2
3570381,2
777222,1
4923745,2
3569406,2
3569404,2
3569405,2
3569403,0
3569400,2
3569401,2
890329,0
3569408,0
3625095,0
3571166,1
778393,1
4790300,2
4920868,2
3677938,2
51845,1
3677934,2
5833961,2
3569662,2
3676041,2
3569661,2
3569666,2
3569667,2
3676045,0
3569665,2
3569669,2
3569633,0
3676286,2
3569061,2
3676283,2
3569063,1
3677026,1
3569068,2
1646285,0
3671098,2
3568919,1
3677462,2
3671091,2
3671090,2
4897148,2
531495,0
1654488,2
3672851,2
3672720,19
3568724,1
4913432,1
4441992,2
1650036,0
3674594,2
3671182,2
3568829,2
3899175,2
3568822,2
775768,0
3569715,2
3194767,1
3570205,2
3672619,2
3672348,2
3673814,1
3678116,2
768292,0
3678114,2
3678112,2
4800342,2
3671670,2
3671075,2
3671072,2
3678595,2
3678600,2
4877984,0
775362,0
6226981,2
3658284,0
711681,0
3678022,1
3678020,2
3835468,2
4790156,1
3675188,2
3675185,2
3648675,0
3675181,2
3675180,2
4985228,2
778273,2
778270,2
4775610,2
4863072,2
3678330,1
3671408,0
3678338,2
777920,0
778537,1
3705631,2
3628767,0
3670108,1
778471,1
778470,3
778473,2
751774,0
778475,1
778474,1
778477,2
778476,1
778479,2
5849044,0
5567282,2
778533,2
1612631,1
4922732,2
3570179,0
3570174,2
3570175,0
3570176,0
4793946,2
230648,0
3570576,2
3570577,0
3570579,2
4804093,2
3671881,2
3671886,0
4969873,1
3570710,2
3570711,2
3570713,2
3570715,2
3569569,2
3676724,1
778294,0
3569271,1
3569272,1
3569275,2
3569274,0
3569277,2
3569276,2
3570378,2
3570373,2
3570371,2
3570377,1
3570374,2
777855,1
3570000,2
3570003,0
2883538,2
3570394,2
3570395,2
5577449,2
3570397,2
777215,2
1627421,2
2645504,2
1616538,2
778326,1
3569476,2
3569474,2
737376,0
4793769,2
3674507,2
3674500,2
3680927,2
778490,1
3571152,1
3569555,2
732224,1
4585189,2
5688880,2
3677323,2
3569985,1
3673022,2
3676053,2
3569699,2
3569698,2
3569697,2
3569696,2
3569695,2
3569694,2
3569693,2
2930206,2
3569691,2
3569690,2
776187,0
3569053,2
3569052,2
3569057,2
3569508,2
3569058,2
3677054,2
3569886,0
3568908,2
3671083,2
4838239,1
3675972,2
3671247,1
3675976,0
3671243,1
3568633,2
3672757,2
4892252,1
778912,1
5569226,2
3672196,2
3672191,2
3672192,2
3673532,3
1220971,2
4823612,2
3670441,2
33446,4
3671225,1
3568836,2
3618594,2
618816,4
3528729,2
4860401,2
5440501,0
778825,1
3678109,2
3675359,2
3670584,2
3678106,2
1642456,2
157398,0
4749113,2
3678580,2
1622949,2
3678610,2
1639331,2
775370,0
5706331,1
3706946,1
775193,1
3676040,0
3493137,0
4784174,2
3673032,2
4831020,1
4934177,2
3672999,0
5737548,1
778049,1
3678326,2
778045,1
4045572,2
3673353,0
6248141,0
3768797,2
1673690,2
778448,1
778449,2
778444,1
778445,1
778446,1
778447,1
778440,1
3569051,2
778442,2
778443,2
4745345,0
3570496,1
3570495,2
3568950,1
3667745,0
3670053,1
3670059,2
3570549,2
3570548,0
3570545,2
3570547,1
3570546,2
3570541,2
3570543,2
3570542,2
747682,0
3671877,2
776466,0
3569267,1
3569264,1
774649,0
3809970,2
3570068,2
3674490,2
4036044,2
3674801,2
3674803,2
3570035,2
3570037,2
3570036,2
3569865,1
3676664,2
2693343,2
3569465,2
779878,1
4747618,2
3570725,2
3570724,2
3570727,2
3570726,2
3570721,2
5132147,2
3570723,2
3677224,2
3677220,2
4879741,2
771986,1
6257637,1
4935636,2
3569996,2
3569688,2
3569689,2
4464095,0
3569684,2
3569685,2
3569687,2
3569681,2
3677826,2
3672153,0
3569045,2
1667829,2
240947,0
3676087,0
766127,0
4830269,2
3676080,2
3676088,2
4944153,2
4166418,1
3672743,2
3570427,2
339842,0
3672182,2
3672186,2
3136256,2
3568800,0
3568803,2
3676888,1
3328506,0
3676886,1
3624788,2
3670455,1
736552,1
3675501,1
3568158,0
4978190,2
778356,0
2842673,2
3673835,2
3675322,2
3677378,2
3760898,2
3676340,0
778352,0
3671697,2
10502,2
3671692,2
3671690,2
3676344,1
346558,4
4848371,2
3099309,1
701464,2
3569300,0
3569618,2
3678620,2
3675037,2
3675034,2
3811984,2
4836556,0
3678009,2
3719366,2
777551,0
321,1
3678483,2
3678487,2
4790196,0
8630,0
3678310,2
6225526,2
3678315,2
3674105,2
4938451,2
3667907,0
3670129,2
778459,1
778458,1
576871,1
778453,2
778452,1
778451,1
778450,2
778457,1
778456,1
778455,1
778454,1
3570488,2
750995,0
4013164,2
3570481,2
3570482,2
4855495,2
4561267,2
774011,0
3570487,2
776605,0
3568820,2
207489,0
1637097,0
4818751,0
3570552,2
3570553,2
3570550,2
3570551,2
690278,1
611026,0
750530,0
1634052,2
3669997,2
4897617,0
777473,0
4746229,2
1617462,1
778127,0
3677696,2
3677692,2
3677108,1
5572960,0
3677104,3
4920746,2
3677453,2
3837095,2
3989468,2
3570151,2
145349,0
3570158,1
3569067,2
3674818,2
3569851,1
4747263,2
3674811,0
3676677,2
6104237,2
3570802,1
4913509,2
3677537,2
3569325,1
3569324,2
3570732,2
3677218,2
3570730,2
3570731,2
4819081,2
3570737,2
3569181,1
3570735,2
3570738,2
3677212,2
3670937,2
3676256,2
4859922,2
4761074,2
6174087,2
3571193,1
3570486,2
747580,1
3677072,1
3676073,0
3676070,2
3676251,1
3676077,2
3676075,2
3677853,2
3677676,2
3670806,2
3677673,2
3568752,2
3670803,2
3569032,2
3673357,2
5647342,0
3670808,2
3673352,2
3569526,2
3774078,2
1624002,1
3680220,1
4953912,2
773757,1
3569145,2
4065596,1
3673170,2
3676411,1
4525615,2
3672797,2
3671193,2
3568814,2
3570412,1
1653882,1
3568819,2
6278780,2
1157216,0
3570416,2
3569395,1
3569936,0
4914238,0
3568927,2
3676306,2
609211,1
3569390,1
224319,44
6197477,2
3672314,1
3675338,0
3672426,0
3675333,2
3673825,2
1628538,1
4864362,2
775355,2
5692522,0
90724,3
3616407,0
3678015,2
5786997,1
3678018,2
26839,2
3669993,2
3670480,0
775537,0
3675743,2
3670489,2
2019539,2
3678499,2
4897087,0
3678124,2
3678120,2
4983190,1
1652681,2
4239234,1
774241,1
2223904,2
779049,1
3677957,2
3674136,2
4881323,2
3670156,1
777915,2
4928690,2
4133065,2
3675984,2
690147,4
4823530,2
3672881,2
777686,1
778480,1
778481,0
778482,3
778483,1
778484,1
1606124,0
778486,1
778339,0
778488,1
778489,1
4807020,2
778333,0
5343548,2
561506,0
4881433,2
706022,0
3678167,2
1616032,2
751583,1
3671855,1
3570580,2
3570239,1
3570238,0
3570589,2
3570235,1
3570233,1
3570232,1
3570231,1
3677695,2
3569353,1
3677687,2
778155,0
3677112,1
3678345,0
3674485,2
3674487,2
3674483,2
4909208,2
3529370,0
3570053,2
3570052,0
3570057,1
3570055,1
4324605,2
3676645,2
3676640,0
3677205,2
1657016,1
3677208,2
3673016,2
3677456,1
3677106,2
3678182,2
3677101,1
3677198,2
598435,1
3568797,1
3570156,2
1636025,2
3677061,1
3569538,1
3773749,2
3569844,0
3670811,2
3569843,2
3677662,2
3451039,2
3569848,2
3673543,1
3673545,2
3671216,1
4864171,2
3672096,2
4882217,2
762381,2
3569156,2
3569153,2
3761543,2
3569159,0
3674956,2
3570745,2
4229697,2
778817,1
3675835,2
3676330,2
3568775,2
3568774,2
3568773,2
3676339,2
3568779,2
3568778,2
4751408,2
1670437,2
3672432,2
3566357,0
3676932,2
3676930,1
3676938,1
1662938,2
3672232,2
3675011,2
3673969,2
743629,1
3677995,2
143733,0
3570073,1
3670497,2
6190290,1
3670490,0
4831977,1
3675652,2
3675650,2
3673651,1
3675658,0
778031,1
778035,0
3568762,2
3569755,2
1656819,0
3674165,1
3671536,2
3671534,2
3670008,2
778499,2
778498,1
778497,10
778496,3
778495,2
778494,1
778493,1
778492,1
778491,1
778322,0
3559562,0
4851060,2
1661284,2
3570736,0
3570554,2
4805344,2
4745261,2
3570228,2
3570229,1
3570226,2
3570227,2
3570222,0
3897001,2
3674928,2
4881510,0
777897,0
3570130,1
3674493,2
3570132,2
3570134,1
777289,1
3674495,2
3674498,2
3663348,0
3674878,2
4924331,2
3570041,2
3570043,2
3674875,2
3677783,2
4601862,0
3677787,2
3676656,2
4887265,2
3677270,2
776785,1
3677276,2
3569301,2
3676928,2
3670958,2
778472,1
24639,1
2315023,2
3569493,1
3569941,2
372118,6
778478,2
3765343,2
3568780,0
3569543,1
3569541,1
3569540,1
3569547,2
3569546,1
3569545,2
3569012,2
3569549,2
4934703,2
1648888,2
5550918,1
3677656,2
3677658,2
1611758,2
3676783,2
3680502,1
3671200,2
4857389,2
3671204,0
3671207,2
755965,0
3658,1
3673150,2
4796123,2
3569161,2
1656969,1
3569163,2
3569162,2
3949374,2
6035434,1
4121399,1
3671335,2
4920360,2
4897248,1
1615474,2
1659993,2
3568764,2
3568765,2
3512684,1
3568760,0
3568945,1
3568946,1
3568948,2
3568949,1
3676324,1
3568769,0
5101967,2
3672448,0
3670798,0
3677407,2
3672444,2
1635024,2
1670133,2
3675799,0
4792630,2
3671024,2
3567296,0
3672201,1
4787717,0
3641542,0
772134,0
3675008,2
3675004,2
2377742,2
3675001,2
735009,0
4785406,2
3671157,2
749722,0
177811,0
4751182,2
778557,1
2607754,0
4945374,2
778003,1
5512565,2
3670777,1
1665445,2
2976403,1
3676082,2
3678214,2
3678216,2
5972102,2
3678211,2
778310,1
3678218,2
778315,0
778316,0
4586004,0
778796,1
778797,1
1617582,1
778170,0
3570211,2
3570215,0
3570217,1
3570216,1
4807460,2
778773,1
4602484,1
3672938,1
3570699,2
3570698,2
3674667,2
3674666,2
3570690,2
3672934,1
1669001,2
3674900,2
4774600,1
4911389,1
3570459,2
3570458,2
3570455,2
3570454,2
3570453,2
3570452,2
777065,1
3570450,2
6263923,1
3570676,1
3674903,2
777249,0
3570679,2
776450,0
1616568,2
732906,1
3677799,2
3677261,2
3672843,2
3677265,2
3677266,1
6220569,2
469498,1
696390,3
405661,1
5570924,2
6318345,2
3569480,2
776759,0
1635840,2
4909662,0
4936382,2
3569551,2
3569552,0
3676220,2
3676226,2
3569556,2
3569557,2
737450,1
4937894,2
3569820,2
3569793,2
3570077,1
3569791,2
3569796,2
4878720,0
3674843,2
3570072,2
3677646,2
3569829,2
3674518,2
3203601,2
3569628,2
3671235,1
3671234,1
3569629,2
3674991,2
778553,1
3570780,2
3568684,1
6283356,1
3568688,0
3570786,2
3672147,2
3570785,2
4357795,2
3774529,2
80604,1
3676680,2
3673419,1
3569179,2
1627491,2
3677240,2
3673411,2
6321895,1
404116,0
778299,0
4882657,2
93837,0
3685876,2
5429751,2
3672329,2
3676358,2
3568754,1
1641000,2
3568759,0
3568974,0
3568977,1
3568971,2
3568973,2
3568200,1
4786727,0
3568996,2
3568995,0
3568994,0
3568993,2
742159,0
3568990,2
4928209,2
3568998,2
754125,1
4799337,2
4786654,1
3672216,1
3672212,2
3678514,2
3671166,1
3671169,1
3675672,2
3678179,2
3659884,0
3678174,2
4988425,2
778549,1
778545,3
778544,1
778011,1
778546,1
778541,2
778540,1
778543,2
778542,1
5665798,2
3678195,1
3678192,2
3678190,2
3678198,2
1147918,2
1591742,0
778527,1
3570396,2
3569180,1
5093813,0
4750805,1
4043784,2
778300,1
756306,0
4854100,0
778308,0
775878,1
3678222,2
3671820,1
3676596,1
3671795,0
774691,0
6275802,2
403488,0
3570688,2
3570689,2
2776274,2
3619017,0
5621232,2
3570448,2
3570449,2
759174,0
3674475,2
3570447,2
3671480,2
3570443,2
3570843,1
1616553,2
2392166,2
3569362,2
4918137,2
3569360,1
3677339,2
420184,0
3672856,2
3670978,2
3672852,2
3672853,2
3670975,2
4862563,2
3672858,2
3670972,2
3570207,2
3570204,1
730155,0
3570201,1
1649753,2
3570209,1
3569968,2
723494,0
3832792,2
3569964,2
3670999,2
777347,0
777344,1
4637238,2
4761628,2
1763633,2
3569568,2
3676236,1
3569565,2
3569566,1
3569563,2
3674504,2
3674412,2
3674506,2
3570061,2
3570066,1
3570067,1
3674502,2
3570065,1
3569815,2
3569814,2
3569817,2
3569816,2
3569811,2
3674509,2
6088098,0
3569812,2
3569586,2
3569585,2
3569581,1
3569580,2
3671222,2
3671223,2
3671220,2
3671226,2
3569589,2
3569588,1
3574567,1
1642108,2
3569590,2
1567114,2
3677744,2
3569103,2
4525494,2
3676695,2
3569107,1
3673401,2
3677749,2
4798320,1
3569423,2
4861047,2
1275635,2
1647755,2
3672688,0
3570758,2
778528,1
3657037,0
3569617,2
3569616,2
3569612,1
3569611,2
3568962,2
3568963,1
3568961,2
3568966,2
3569619,2
3676347,2
1654893,0
1802894,0
4527163,2
3568984,1
3671001,1
3671007,2
3568988,2
1610064,1
3798007,2
3672598,1
4025100,2
3672591,2
3672593,2
3672260,2
3672595,2
762350,3
3670683,2
1670377,2
3678500,2
4938711,0
4897457,1
2711234,0
3693395,1
3676057,1
1636464,0
3672462,2
3675667,0
3675663,1
3766582,2
779004,1
3678439,2
3569692,2
3678185,1
3678187,2
4758728,2
778522,1
4829964,2
6143339,1
1647242,2
4919748,2
278186,16
778375,1
3569056,2
3565540,0
3678237,2
3678234,2
3678232,2
3671563,2
3678231,2
3671767,2
3671765,2
3671764,2
3671810,1
4952669,2
3108120,2
776188,0
3570408,2
3669923,0
778196,0
3672915,2
3672912,1
778206,1
3570519,1
778200,0
763932,0
3570479,2
3570478,2
3570471,2
3570470,2
3570472,2
3570477,2
777517,0
3570302,0
3569373,2
4590936,0
3569379,2
3570783,1
3672863,1
3672862,2
3677539,2
3674995,2
3672866,1
3672868,1
3674999,2
3674998,2
3670967,2
3670964,2
3677245,2
735427,0
776910,0
3670982,2
4882676,1
4612553,2
3676599,1
457027,0
1612910,2
3569578,1
3569579,2
3674968,2
4918019,2
3671240,1
3569570,2
3569576,2
3569574,2
6161695,1
3677628,2
4926161,2
3569802,2
3570095,2
3570094,1
3570093,0
354762,6
3570091,2
3569594,0
3569596,2
3569597,2
63626,0
3569592,2
3569593,2
1642286,2
3569598,2
4191844,0
749131,1
3709028,2
1061434,2
4608361,0
4782734,2
3672127,0
764769,0
3677754,2
3569119,2
3677757,2
3730607,2
3671363,2
4797427,2
27911,0
3671369,2
4814153,2
4813419,2
6121304,2
3678261,0
4995845,1
6120528,0
3676376,2
3676372,1
3672695,2
3569604,0
3569605,2
3569606,2
3569607,1
3569601,2
3569602,2
3569603,0
4873919,2
778437,1
3568735,2
3670567,1
4877615,2
778347,6
778346,0
778433,1
778432,3
5104,50
1624091,0
654432,0
4863009,2
1671298,0
3675276,1
3672588,2
4482507,2
3916193,0
3670693,2
10476,0
3676801,0
3682156,2
3672474,2
3621391,0
3670446,2
3259051,0
1933499,2
3365586,0
5936706,0
20302,5
3675724,1
3556024,0
3004502,1
778361,0
3678249,1
3678248,2
3671574,2
3671575,2
3671776,0
778563,1
778188,2
778184,0
778187,0
778219,0
3672907,2
3567974,0
778746,1
778216,1
3671976,2
3674452,2
3671973,2
3570460,2
5766866,0
3656948,0
5765860,0
778699,1
712530,20
4874032,2
3520276,0
3570314,1
1576110,0
710671,0
3570310,2
5965118,1
3569349,1
51697,0
3569344,1
3569347,1
3569346,1
3674980,2
3674982,2
6022435,2
3672871,2
774900,0
3671590,2
4923264,2
6268426,2
3330325,2
4761839,2
3569000,2
3569553,1
5426312,1
1612932,0
3677343,2
3680542,2
4934988,2
4738356,1
3673336,2
3676215,2
3569749,2
3569748,2
3569299,2
3570089,0
3570084,2
3570085,2
3569743,2
3570087,1
3569745,2
3569744,2
755546,2
778485,1
778338,1
5805999,1
778487,2
4847502,2
3670287,1
3570074,1
3569822,2
3569902,2
4931002,2
3570076,1
3677989,2
3677988,2
3569905,1
3569904,2
3677985,2
3569824,2
3409310,2
3674512,2
17440,2
3671372,2
3569826,2
3671376,1
3569828,2
3569790,2
3677969,2
4797821,2
3841048,2
3569631,2
3569630,0
3673046,2
3569632,2
3569635,2
3569634,2
3673043,2
5133308,2
4870308,2
3672641,2
1620871,1
4761730,2
3676963,1
2755006,2
3675919,2
3672243,2
640,1
3554540,0
3672248,2
1599074,0
3568656,2
772484,0
3677648,2
4863207,2
3676811,1
3671119,2
3671115,2
1630312,1
3568680,1
3672488,1
1658055,2
4807954,0
3672480,2
3648686,0
4894837,1
778507,2
1647067,1
3671605,2
3576448,2
3674797,2
3662645,0
689312,1
3675043,2
1858362,2
4809333,1
3675739,2
1661303,2
3688357,1
778428,1
778429,1
778426,1
778427,1
778424,2
778425,2
778422,1
778423,1
778420,1
778421,2
3678258,2
3678252,2
3678253,2
3678255,2
3670647,2
778512,2
778513,2
778510,1
778511,2
778516,1
778517,3
778514,1
778515,2
778518,1
778519,1
4806608,2
1669440,2
6143008,0
774158,1
3569001,2
4592579,0
775932,0
3671903,2
707681,0
3570410,2
3671906,2
3677762,2
777992,0
3570461,2
1357810,0
3198987,2
3569358,1
2035952,0
3569350,2
3569356,2
3670324,2
3570529,2
3570527,2
3570526,2
5518835,0
3570746,2
777371,1
3570743,2
3674952,2
3570741,0
3570740,0
714718,0
3570748,2
3630658,2
3569756,2
3569757,2
3677353,2
3569752,2
3569750,2
3569751,2
3674889,2
3569289,0
3677190,1
3677196,2
3569281,2
3569282,2
3569283,2
3569284,2
3569286,1
3674886,2
3570242,1
3674515,2
3570535,2
912578,2
3569910,2
3569911,2
3673296,1
3677778,2
3677774,2
3677772,2
3677773,2
3677771,2
3570754,2
3670006,1
5278123,2
3677971,2
3675852,2
3676396,2
4778309,2
1668245,2
3684539,1
3920855,2
3676009,1
3829833,2
3569622,2
3569621,2
3676955,1
3676950,1
3676952,1
4793352,2
5057090,0
3937086,2
3672255,1
3669344,0
772475,2
3568663,1
3568662,2
3568665,2
3568666,2
3676762,2
4451389,0
773486,1
108627,6
3567432,0
3568861,2
3568860,2
6147489,0
3675633,1
3675632,2
4752114,0
1107875,1
4556497,2
589538,0
4944522,2
4867089,1
3665854,0
3568756,2
3678467,2
4790598,0
3568758,2
3569726,2
3671631,2
3673649,2
3789012,2
776699,0
3675700,2
3565712,0
1238194,0
4806760,2
704062,1
4831465,0
778439,1
778438,2
3678263,2
778435,1
778434,1
778341,1
778436,1
778431,1
778430,1
778345,1
778344,0
3678067,2
1366774,0
3585311,1
3678060,2
778501,1
778500,0
778503,1
778502,2
778505,2
778504,1
2113530,1
778506,1
778509,2
778508,1
5280386,0
778237,0
4770202,1
777765,0
3951807,1
3671913,2
4855412,2
1613922,2
3666170,0
3671918,2
3570409,1
2318163,1
4760033,2
681308,1
4945217,2
777618,0
3671011,2
777962,1
339,0
3841333,2
4883243,1
778653,1
1662314,2
4869977,2
681944,0
4790975,2
2852491,2
3568639,2
750357,0
3570534,2
3674097,2
92224,0
3570537,2
3570530,2
3674944,2
3570756,2
3570757,1
3570751,2
3570752,2
3570753,2
3674948,2
4816645,2
4803716,2
4918043,2
1618888,2
6231787,0
3569723,2
3569727,2
3674893,2
3569725,2
3674891,2
3569728,2
3680561,2
5319303,2
778441,3
777814,0
181330,3
3568799,2
3674546,2
3677382,2
3670869,1
4752476,0
1632352,2
773285,0
2587445,2
3673281,0
3569384,2
3569386,2
3569389,2
3569924,0
3677701,2
3569537,2
4879339,2
3671405,2
4881933,2
3675848,2
3677947,2
776037,0
4051531,1
4935689,2
178449,0
4945866,2
4738662,0
93311,2
3676019,1
3673069,2
6104410,2
3676016,1
3569656,2
3569655,2
3676943,2
3672628,2
3544021,2
3672622,1
827111,0
739396,5
3672624,2
3675936,0
4920253,2
4957702,2
3677841,2
1795603,2
754078,0
3568676,1
3568674,2
4877801,2
3568673,2
3672535,2
739080,0
59712,0
3568875,2
3568877,2
6246354,1
3569388,0
1453042,1
3671139,1
4813337,2
3675624,1
3674451,2
3724305,1
3678479,2
4791292,2
3754511,2
3678470,2
3678476,2
4820334,2
3670716,1
4880973,1
1667902,2
3671217,1
107186,2
3671629,1
4836879,1
3766972,2
4115687,1
3671623,2
3678099,2
1615619,2
3678270,2
3678277,2
3678274,2
778400,1
778402,1
3678075,2
3678076,2
3678070,1
3678072,2
747378,1
3670663,2
3670667,2
778538,1
778539,1
778534,1
778535,3
778536,3
3821129,2
778530,1
778531,1
778532,1
1635357,1
3669969,0
1668912,2
778245,0
4862682,2
3546471,0
6068277,2
3674409,2
3570437,2
3674406,1
3671921,2
3570433,2
3674402,1
1662964,2
3603815,0
782140,1
2743975,2
3570181,1
1666315,1
3570183,1
3570182,1
4848446,2
778391,0
3966008,1
778395,0
778398,1
778399,0
4818835,1
3570501,2
1628078,2
3674971,2
3570760,2
3570762,0
778594,1
3570764,2
3570766,2
3570769,2
1612951,1
3570294,1
3570296,2
3630670,0
3569731,2
3569732,2
3569733,2
3569734,2
3670897,1
4879654,0
3670895,0
3570342,2
343592,0
3677014,2
3570346,2
3570618,2
3571215,2
3677509,2
1642155,2
4432256,2
3568464,0
778014,1
4927723,2
3744120,2
3894350,0
3676156,1
756495,2
776730,0
3676012,1
3569398,2
3569396,2
3677711,2
3673274,0
3569392,0
3569421,2
3569422,2
3569391,2
1623760,1
3570539,2
3660171,2
3677958,2
3677956,2
3676946,0
1673131,2
3677953,2
2131095,1
3572801,1
3570262,0
6001776,1
3673012,2
741486,0
3676948,1
3672639,2
3672632,2
6208827,0
3672634,1
3672636,2
3673719,2
3678268,2
2698329,2
1658139,1
6259189,1
773490,1
3673127,1
3686369,2
3676442,2
3672704,2
2862462,2
3672707,0
3672701,2
3670838,1
1611646,2
3687540,1
6304851,2
3675548,1
3675546,2
4919646,2
1664763,2
3670708,2
773464,0
3675095,2
3675765,2
5187877,0
724176,0
3678289,1
3791338,2
1223702,2
775893,0
3678283,2
3678281,2
3569029,0
4884317,2
1636299,2
3675165,2
778529,2
3675166,2
1661049,2
3675163,2
3860469,2
778523,1
1663972,2
778521,2
778520,1
3675169,2
778526,1
778525,1
778524,1
6154822,1
4944473,2
778259,1
5957970,1
1644651,2
4754894,2
1626471,2
3570428,2
1546984,0
3570422,2
3568672,1
3570421,2
3570426,2
4075828,2
778417,1
778416,1
778415,1
778414,1
3825016,1
5830716,1
3677766,1
778419,1
778418,1
4826196,0
6301389,0
3892140,2
1611464,1
3570199,1
3570391,2
3672833,2
4704934,0
3672836,2
764317,1
3570517,2
3674703,2
778384,0
778383,0
778381,0
3670060,2
403523,0
4903075,2
778343,0
4763018,2
4826372,2
3570778,2
3570776,2
3674964,2
3570775,2
3570772,2
1616482,2
3570770,2
4799946,2
3569099,2
3569098,2
5374806,2
1629668,2
3569095,0
3569094,2
3569093,0
3674560,2
6097234,0
3569707,2
3671827,2
3569700,1
3570081,2
3570350,2
3674365,2
3570352,2
3570069,1
3569295,1
3570356,2
3570357,2
3570358,2
3677491,2
3569746,1
3677494,2
3569895,2
2130978,2
3569897,2
3569652,2
3569891,2
3569890,1
3568873,1
3569899,1
3569898,1
6166954,0
777223,1
3569419,1
3571172,1
3670284,2
4589459,2
3670281,2
3571179,1
1250507,1
6006762,2
744550,1
1646081,1
1658632,1
3677920,2
3569675,2
3569674,2
3569677,2
1418952,2
3569671,2
3569673,2
3569672,2
3569679,2
3569678,2
3676038,2
3677030,0
3569073,0
3569072,1
3569070,2
3673005,2
3570734,2
3446733,2
1636533,0
3672282,2
4930311,2
777463,0
3672732,2
3670461,2
4125503,0
3568858,2
3568856,2
3568857,2
3568854,2
3568851,2
3671399,0
3671397,2
3671395,2
3677558,2
3671391,2
3676065,2
778843,1
3672601,2
3672600,2
3675376,2
3672110,1
3662601,0
3570075,1
3677760,2
3623529,0
3677764,2
4912574,0
33513,0
3678295,2
3678297,2
3678292,2
3678293,2
3677769,2
1625396,2
3677514,2
3678057,2
1621019,2
2899648,0
3678050,2
3669015,0
2616515,0
3675173,2
1655512,0
3569900,2
778266,0
778069,1
4882167,2
3629378,2
777954,0
778462,2
778463,2
778460,2
778461,1
778466,2
778467,1
778464,1
778465,1
1619635,2
3671958,2
778468,1
778469,2
3674965,2
725630,0
3675994,2
507986,0
1612435,1
3670278,1
3570445,2
3677557,2
3677554,2
3670074,2
726430,1
3670077,0
3570442,1
