3571764,100.0
3571765,0.56
778289,50.0
3684409,0.8
4320093,0.78
741266,50.0
1719415,100.0
777223,100.0
5127418,50.0
755600,3.0
890329,0.0
3681406,50.0
3571166,50.0
3680918,100.0
5115294,50.0
3686498,4.8
3572469,46.47
3685363,50.0
3572460,46.37
5490617,50.0
4569011,44.82
3570941,0.08
3570943,122.33
3681240,1.1
3686549,7.3
3570947,122.13
3572447,100.0
3570949,122.03
3682847,0.42
3571389,40.91
3571386,50.0
3571380,50.0
3571381,40.86
3572600,0.25
3572598,6.8
3571727,43.419999999999995
3685967,50.0
3572527,0.9400000000000001
3572596,11.66
3685961,0.05
3672720,1.81
3572269,0.17
3685566,0.97
3416349,50.0
3681667,100.0
3681669,50.0
3572263,25.0
3572260,50.0
3572261,100.0
3572910,50.0
3572267,0.19
5097913,0.01
3572734,3.8
3572737,50.0
3572731,50.0
4752803,8.0
3572733,4.3
3572048,100.0
3571640,0.18000000000000002
3572284,44.519999999999996
739216,50.0
775768,150.0
3572288,0.01
3571837,0.96
3571834,0.93
3572650,100.0
3571832,0.88
3571830,0.9
3571831,0.89
3572717,100.0
6080622,0.0
3678845,116.58
3682668,100.0
760519,0.0
3572138,44.419999999999995
3572139,0.05
3572134,18.990000000000002
5045266,0.46
3572132,44.37
3572133,28.99
1714361,44.769999999999996
3683824,248.0
3683396,100.0
3684842,975.0
3683829,100.0
3683002,0.84
3683009,0.83
743685,100.0
4995103,16.0
775896,50.0
3682719,50.0
5037692,100.0
4750958,3.6
4958592,117.38
3681739,100.0
3777146,47.0
3684717,0.85
778270,0.0
778078,150.0
769161,1.0
3860285,115.78
778472,0.0
778474,0.0
778477,50.0
3684900,0.0
1612631,0.0
4323370,50.0
3570174,0.0
5524910,0.0
778619,5900.0
778618,0.4
3680708,50.0
778611,2350.0
778610,600.0
778613,34.02
778612,200.0
778615,16.82
778614,1.0
778617,100.0
778616,2.02
177811,0.0
777724,50.0
777456,0.0
4969873,50.0
3680352,0.04
778100,0.0
3681523,41.019999999999996
3571717,5.0
3680724,9.0
3686374,100.0
778329,100.0
3572786,0.5
4458183,120.73
3571538,41.97
3682135,42.169999999999995
3571533,42.12
3571537,95.4
3571536,42.019999999999996
4971374,1.58
3569181,100.09
777215,49.01
778326,250.0
3571450,100.0
3571625,50.0
3571624,75.52000000000001
3571150,0.01994
3571621,400.0
3571152,50.0
3572459,46.419999999999995
3572458,100.0
4705532,40.559999999999995
3572453,100.0
3572455,50.0
3572454,46.32
3899357,120.48
3339196,116.28
5788797,0.91
3681252,100.0
3681254,100.0
3681707,41.47
5055371,0.97
3682877,50.0
3572852,50.0
776187,0.0
3681096,99.66398505000001
3681098,99.65398406
3680650,4.5
776188,0.0
3687186,50.0
3572018,50.0
3685910,7.0
3680703,39.809999999999995
1714342,50.0
3572635,50.0
4290973,43.47
1240959,29.0
4392193,0.83
3686152,0.5
3572156,3.0
3681679,41.37
3685591,0.88
3681895,50.0
3572700,0.3
3572704,0.0
772993,0.0
4920868,0.0
33446,33.6
3685827,0.0
3682389,42.57
3682387,2.4
3571848,0.060000000000000005
5001533,99.93699000000001
3571847,0.0
3571846,43.669999999999995
618816,0.0
3572634,50.0
3572637,100.0
3572633,100.0
3682470,0.02
3682473,0.01
3682652,43.169999999999995
746159,50.0
3572143,0.0
3572142,0.05
3572141,25.0
3572147,38.989999999999995
3572146,39.99
3572144,0.01
3683382,100.0
4605782,0.0
4362679,50.0
3684892,1.0
5075580,0.45
3684541,825.0
3691960,50.0000001
4985784,50.0
3681247,40.51
3681245,50.0
3684438,0.14
3576284,0.26
5751778,0.0
3684097,2.5
778049,100.0
778598,68.0
778599,50.0
779060,100.0
778592,16.0
778593,1.24
778590,200.0
778591,300.0
778596,8.0
778597,0.1
778594,100.0
778595,50.0
3684888,100.0
6248141,0.0
778445,150.0
778446,50.0
778624,0.15
778625,0.3
778626,0.52
778627,0.2
778620,50.35
4977429,0.15
778622,1650.0
778623,285.0
778628,0.1
778629,0.1
3684364,100.0
1673327,118.23
747682,0.0
3683109,0.92
3931926,1.98
4969849,0.68
1685166,100.02
778131,50.0
4317136,0.64
3809970,0.0
3571704,50.0
4690694,50.0
777591,200.0
741486,0.0
4018964,92.58397713
778609,300.0
3571520,41.669999999999995
5057878,0.22
3571525,0.0
3570819,116.17999999999999
3570818,116.23
3570816,116.33
3570815,116.38
3570814,116.42999999999999
3570813,116.48
777202,0.0
3570810,116.63
5208222,100.0
4966628,121.53
1349429,122.38
3571636,0.16
3571146,92.55296615
3680390,50.0
3571145,92.57297614
3570826,115.83
3571456,50.0
1676485,1.93
4079873,50.0
3570824,115.92999999999999
689312,201.51999999999998
3682866,0.48
1723974,0.0
3681265,0.05
1698912,0.62
3570921,121.73
3570927,121.42999999999999
3570926,121.48
3949239,25.0
3685764,0.5
3681065,99.77398802
240947,0.0
3681060,99.78398802000001
755937,0.55
766127,0.0
3686233,50.0
760924,250.0
4678798,3.4
3685906,12.0
1700857,0.01
754281,1.0
3686121,50.0
3681601,41.12
3681605,100.0
3687292,45.0
3572718,100.0
3572716,3.3
4964766,120.03
3572714,2.8
3889343,118.98
3572710,2.3
3682390,42.519999999999996
3927250,1.03
3571858,0.09999999999999999
3571859,0.09
3846564,8.0
3569616,0.0
3571854,0.06999999999999999
3571855,50.0
3681113,99.6139801
3572625,50.0
85079,6.85
4752958,50.0
3683738,100.0
3687472,50.0
774900,0.0
739300,50.0
3572150,0.03
3572151,0.02
3572153,0.21
3572154,0.1
3572155,0.0
10502,100.0
1741030,50.0
763554,0.0
5639140,50.0
775699,50.0
3683028,1.0
701464,2.0
3683023,0.02
3683606,100.0
1714521,0.01
3683603,50.0
3684886,95.0
3684880,0.0
3684553,0.2
778581,1800.0
3685133,46.269999999999996
3572047,50.0
778582,11.53
3572732,50.0
3684425,0.06999999999999999
3683281,0.0
5794467,117.92999999999999
4466527,115.67999999999999
8630,0.0
778589,100.0
778588,10.02
3683519,50.0
778580,0.1
778583,0.15
3687130,50.0
778585,200.0
778584,0.45
778587,4000.0
778586,550.0
3571747,0.02
4251238,0.99
3571741,0.4
576871,0.05
778453,0.0
778452,0.0
778457,50.0
778633,0.2
778632,2000.0
778631,5550.0
778630,0.2
778637,1.0
778636,10.01
778635,0.02
778634,27.0
3573607,50.0
778639,50.0
778638,2900.02
774011,0.0
747580,1.0
775835,0.0
3684370,0.01
3686815,4.0
3877831,6.8
5109817,50.0
207489,0.0
778513,100.0
735494,50.0
1628538,0.0
3684086,0.03
750530,0.0
3684080,24.0
3684088,0.02
3684089,0.01
5102448,0.77
988566,0.01
738279,0.0
1731429,0.0
3680091,0.2
5034323,0.2
3677108,0.0
3848868,115.33
5062009,50.0
4354555,50.0
5467950,0.0
1685023,99.89299000000001
3938655,0.25
3681472,40.97
3570808,116.73
3570809,116.67999999999999
3680982,50.0
3570804,3.85
3570806,116.83
3570802,50.0
750995,0.0
3685111,50.0
1716472,456.0
3684174,0.05
774017,0.0
5085705,0.0
4382595,0.0
5046800,0.51
3571465,100.0
5530200,100.0
3685620,50.0
1676326,1.6300000000000001
3571190,8.0
3682811,0.41000000000000003
3681272,50.0
3570931,121.23
3570932,121.17999999999999
3570933,121.13
732686,51.0
3680074,0.39999999999999997
3681078,99.72398802
3571510,100.0
3571512,50.0
3685756,50.0
3681070,99.76398802
3680078,0.05
3685936,100.0
3685933,50.0
3572548,3.0
3572546,100.0
3686594,9.3
3572542,46.57
3686222,0.3
4957219,115.98
3571998,44.169999999999995
4452801,0.9400000000000001
4960058,118.63
3571996,100.0
1675963,1.43
4953912,0.0
3572944,50.0
4089004,99.87099
4065596,50.0
4662155,100.0
742639,3.0
3681617,100.0
3686049,38.99
3572769,10.0
3686825,100.0
3686822,50.0
3572762,8.3
3572761,8.8
3572767,50.0
3572766,10.3
3572764,50.0
3571865,0.19
3571864,0.12
3571867,0.17
3877317,118.28
3680502,50.0
3681104,99.63398208000001
609211,1762.93
3685007,45.669999999999995
3681102,99.64398307
3572385,45.82
3682545,42.769999999999996
5104462,0.8200000000000001
3572165,20.0
3572164,50.0
3572166,15.0
3572163,4.0
3572162,5.0
3882296,119.83
3572169,0.25
4732044,30.0
611026,10.0
775355,1.0
4548014,50.0
4197404,42.07
4830665,100.0
90724,10000.0
5126803,50.0
3683032,50.0
3687061,50.0
3683037,1.0
3683034,1.0
3683348,50.0
3682740,43.32
3683295,50.0
1695213,0.3
5017529,50.0
1674096,120.17999999999999
4983190,50.0
5007363,50.0
778023,50.0
778021,0.0
778028,50.0
3684989,45.62
4966335,121.67999999999999
3683508,3.84
3683507,50.0
3683505,95.0
3683502,0.95
744910,50.0
4133065,0.0
779195,100.0
690147,5010.0
4823530,0.0
777686,100.0
4707023,50.0
750986,0.0
778481,10.01
3684343,50.0
778484,0.0
778339,0.0
6143976,0.3
778332,50.0
3572803,50.0
3684107,40.0
3573294,50.0
778647,1.0
3572801,50.0
706022,18.2
4341143,50.0
3684747,100.0
3684740,0.8
3684743,0.78
5140833,100.0
751583,50.0
6230378,0.22
2679326,0.0
1711551,0.0
5109374,1.2
3680081,0.35
3680085,0.3
3680712,9.0
3571723,0.01
3571720,43.269999999999996
3571721,43.37
3680716,7.0
3680717,6.0
3571724,10.0
5109570,45.269999999999996
4401667,2.84
778574,229.2
5150199,0.5
3570838,117.08
3570831,116.92999999999999
3570830,116.98
3570833,117.33
3570832,50.0
3570834,117.28
3570837,117.13
3681442,0.0
3571616,55.0
3571615,0.1
3571611,42.419999999999995
3936480,50.0
5047365,0.34
3571478,100.0
740849,1.0
1698247,0.49
3570907,119.98
6174232,50.0
4955039,115.53
3570902,120.23
925912,0.0
5562760,0.0
1715258,45.07
693143,100.0
3568004,0.0
3928841,1.78
6248590,195.0
3681598,41.169999999999995
3681596,0.0
3681594,100.0
3685923,50.0
3572554,50.0
3572555,100.0
3572551,50.0
3572552,8.99
3572553,100.0
6079264,0.95
3682934,30.0
3572421,46.22
5051753,6.11
4959550,11.0
3686102,0.2
3572778,11.3
3572779,50.0
3686854,50.0
3572770,50.0
3572772,100.0
3572774,1.0
3572775,50.0
3572776,1.0
3572777,50.0
3571872,50.0
3571873,0.26
5315946,0.8
3571871,50.0
3571878,50.0
3680959,96.59397713
4089102,99.69398802
4114983,99.96999000000001
5990480,50.0
5000255,99.67398604
3681137,99.95899
3572390,0.01
3683195,0.25
3572170,50.0
3572171,0.15000000000000002
3553833,0.0
4973571,0.5
3687412,50.0
3683198,0.23
3572373,0.0
772893,1.0
4585449,45.419999999999995
4963951,118.78
5081189,50.0
4374191,100.0
6058357,100.0
3687095,50.0
3875089,118.58
4560158,100.0
3684978,45.57
3684979,82.0
4579605,45.22
582567,0.0
1673221,118.48
3684998,50.0
3885871,119.42999999999999
4867022,50.0
1695335,50.0
777677,0.0
3684193,425.0
3683407,44.019999999999996
3683403,0.0
778499,0.0
778498,100.0
3712634,50.0
778495,0.0
3684355,100.0
3683409,43.97
3879553,118.03
5045800,0.44
3572184,0.03
3570226,0.0
777417,50.0
4240704,42.47
3572532,50.0
3883233,119.73
4242538,50.0
3680271,0.07
3680277,50.0
1677833,50.0
1758949,0.1
3570822,116.03
3680879,100.0
3571268,100.0
3570828,115.73
3680870,50.0
3680183,0.01
751022,0.0
3728196,50.0
4184851,32.0
4968438,122.17999999999999
776785,0.0
3908012,120.98
5065716,100.0
24639,0.0
4501975,12.8
4960853,118.17999999999999
1949793,50.0
3570912,120.63
4796630,42.269999999999996
3570911,120.67999999999999
3682834,0.01
1698928,100.0
3570919,121.83
3682831,1.99
3681054,99.79598802000001
3681055,99.78498802
3680699,50.0
1648888,0.0
3571193,50.0
786224,50.0
6248858,50.0
3680507,50.0
3685003,45.72
3913420,121.92999999999999
3681586,100.0
1676765,2.3299999999999996
3571314,50.0
3571312,99.83998802
3572563,50.0
3572565,50.0
3572567,50.0
3658,0.0
3685794,50.0
4430401,100.0
4404081,0.0
3571089,50.0
3571088,39.26
3682909,0.54
3562216,0.0
4076327,99.74398801999999
5011766,50.0
1675940,0.0
3686449,50.0
4229915,185.0
3687249,50.0
1675302,121.98
4121399,50.0
1239347,0.0
3681831,100.0
3681833,41.62
3685867,46.669999999999995
1679436,0.03
3930759,1.53
3512684,50.0
5607897,99.92599
3683183,0.16
3683181,0.18000000000000002
3683186,0.2
3572188,625.0
3682162,0.06
3683189,0.21000000000000002
5139138,6.8999999999999995
3682164,0.04
4984633,50.0
3572745,5.3
3572747,95.0
3572746,0.0
3682589,42.87
4099507,50.0
3571511,50.0
3682587,100.0
4926029,0.33
3572749,6.3
772134,50.0
3682582,0.35000000000000003
3682767,100.0
4366770,120.33
3683360,43.87
695388,50.0
4973214,0.15000000000000002
2771785,0.0
4969558,0.63
6147603,100.0
4984182,50.0
62691,0.0
778558,0.7000000000000001
778559,150.0
778556,50.0
778557,900.0
778554,100.05
778555,45014.09
778552,0.1
778553,100.0
778550,50.0
778003,250.0
107316,50.0
3683562,100.0
3684502,0.16
3684504,44.47
3942153,0.15000000000000002
3507862,0.0
4694650,43.22
4694655,46.62
778170,0.0
3570211,0.0
777407,0.0
749722,0.0
3680269,50.0
5127150,50.0
3571780,0.68
710671,0.0
777065,0.0
3683745,100.0
777242,50.0
3570851,117.83
3570850,117.88
3570857,117.58
3570855,117.67999999999999
3570854,117.73
1703125,44.07
3680866,40.01
3571272,0.0
3571273,40.36
4972329,2.03
3680197,39.11
3571672,42.72
3571674,50.0
6220569,0.0
469498,50.0
3985095,0.01
696390,0.0
3683818,44.32
5842224,50.0
3571413,100.0
5098150,100.0
5128591,50.0
3682823,50.0
3682820,0.39
3682825,0.47000000000000003
3929200,1.73
3686508,100.0
3680681,50.0
4135899,41.07
3680683,5.0
4169992,45.769999999999996
3680516,39.66
776685,0.0
3681939,41.82
3684604,50.0
3685274,100.0
3682917,0.58
3571091,50.0
3904111,0.0
778551,140.0
754572,50.0
4287509,119.03
2612916,117.78
3572537,50.0
5133461,0.43
3572409,46.07
3681335,50.0
3572401,0.02
1712325,0.15000000000000002
3572991,50.0
3681803,100.0
3572993,50.0
3682354,50.0
4449488,119.67999999999999
3686300,50.0
3572768,10.8
3571894,50.0
3572316,50.0
5315964,1.68
3572575,50.0
3572570,50.0
3572571,100.0
3681151,99.91499
3572578,50.0
3939157,0.2
3761854,100.0
3572199,50.0
3683174,0.13
3572190,0.25
3683172,0.14
4562726,0.84
3683887,0.96
3683884,50.0
6070657,9.0
5067231,44.12
3572352,45.37
3572353,45.32
775305,0.0
3572752,50.0
3572750,5.8
3572751,50.0
3572756,7.8
3572757,50.0
3572754,50.0
3572758,100.0
3572759,9.8
3672212,0.0
3682597,50.0
3682595,0.01
1733991,100.0
3683082,43.519999999999996
4961712,119.92999999999999
2174920,0.0
3684268,0.49
779231,150.0
5989957,5.0
778549,150.0
778548,0.1
3684204,0.23
757543,50.0
778547,0.55
778541,300.0
778543,0.0
3683228,50.0
756495,0.0
5043657,0.05
4230444,50.0
3684513,100.0
4415118,120.08
778305,0.0
778300,50.0
3926888,1.08
3683427,194.0
3684330,0.03
6309939,94.0
3914166,0.38
4587749,0.0
4972000,50.0
4977030,50.0
3910869,122.28
3572384,100.0
3680218,50.0
403488,0.0
1685286,99.98
27699,0.0
3570443,0.0
3571248,40.11
3570843,50.0
777504,0.0
3570845,117.48
3680850,0.0
3698736,0.79
108627,0.0
3680450,50.0
6236951,50.0
3570204,0.0
5043320,100.0
3685469,50.0
776219,0.0
1693797,10.0
777348,50.0
5127558,50.0
3571157,0.03994
777345,8.04
3681030,40.41
3685062,45.87
3680926,31.84
3685069,100.0
3680521,50.0
1677566,39.01
3680525,50.0
5182025,1.1300000000000001
6040857,0.0
741166,1.0
3563506,0.0
740968,1.0
3682960,0.65
3682966,0.63
4235092,119.63
3571424,41.22
3571420,50.0
3681494,100.0
3681327,50.0
3685663,50.0
3681812,41.57
3681810,50.0
3681815,0.0
3572213,50.0
3572212,50.0
3572692,49.0
736715,0.0
3572697,1.3
3572696,0.25
3572695,100.0
4969225,0.28
3681921,0.0
4962921,119.23
3902576,121.63
3569619,0.0
1721174,1.0
5154921,100.0
1802894,0.0
3683163,0.11
3568984,0.0
3572320,100.0
3571931,43.919999999999995
4752654,45.47
4982739,50.0
5294473,100.0
5707970,39.41
3537974,0.0
4758254,0.25
762350,0.0
4526033,0.09
4965069,120.78
6244772,41.419999999999995
4999198,99.81798802
3683091,0.0
6027308,0.0
3572039,1.0
3572038,0.0
3789469,0.0
6083184,0.97
5076467,250.0
40117,50.0
3683767,0.01
778578,200.0
778579,0.1
778570,1100.0
778571,400.6
778572,50.0
778573,23.560000000000002
3683238,50.0
778575,0.4
778576,1705.01
778577,110.3
778675,150.0
5973980,200.0
4271341,0.36
1699791,50.0
278186,704.309999999999
3684832,45.12
3684654,0.0
4808043,50.0
4412914,0.01
3590298,0.0
3685778,50.0
4102032,50.0
4971892,1.8800000000000001
1720022,50.0
5034426,48.0
3680202,50.0
3680206,50.0
778206,50.0
778204,0.0
1710052,121.33
5714454,50.0
1695152,0.31
3570875,119.88
3570873,118.67999999999999
3572201,0.01
4375933,114.98
4785276,115.38
757341,1.5
1673124,117.63
3570788,115.23
735427,0.05
3685475,50.0
3888142,119.13
531141,50.0
457027,164.0
3685072,45.97
3685076,50.0
3685077,46.019999999999996
3680539,92.57397712999999
3571255,0.06998
169881,138.43
63626,0.0
3571323,50.0
1700832,0.02
3570895,118.88
3686417,0.5
3937394,2.38
3570891,119.08
732906,50.0
759870,50.0
3680155,50.0
3571430,50.0
3680157,50.0
3571437,41.269999999999996
3571435,0.05
3681313,40.709999999999994
3681312,36.0
3685675,50.0
3857299,116.13
27911,0.0
5074839,50.0
1190743,0.81
3572682,47.27
3572683,0.0
3572689,50.0
3703212,0.01
5133316,100.0
3681951,41.769999999999996
3681955,50.0
3681770,41.519999999999996
3682206,62.93
4972149,2.1799999999999997
1715437,100.0
3683159,0.08
3686746,12.3
1679172,39.36
62374,50.0
4980287,50.0
3572339,45.169999999999995
1673787,119.17999999999999
774241,94.05
3572335,44.919999999999995
5104,9647.51
5017318,50.0
654432,0.0
1671298,114.78
3571677,100.0
730893,50.0
3572024,60.0
3572025,1.0
3572026,100.0
10476,0.0
3572021,50.0
3572022,50.0
3572023,100.0
3682551,42.669999999999995
3572706,50.0
5257368,118.92999999999999
4350742,100.0
3682152,0.09
3682150,44.0
3682156,0.0
3572708,100.0
3682158,0.06999999999999999
1673260,118.38
4282008,0.01
4749186,2.5
4966810,121.38
4113130,40.809999999999995
20302,0.0
3526549,0.0
6087290,0.32
5641216,50.0
3684536,3.0
3684537,2.0
3684534,725.0
3684312,100.0
3571418,100.0
775857,50.0
5000985,99.59397713
775853,50.0
4969635,0.9800000000000001
3683448,50.0
3683441,100.0
4660098,50.0
656279,0.0
3683445,50.0
1712450,0.12
3714745,0.0
5002100,99.86098901
778503,0.0
778567,100.0
778566,4000.0
778565,200.0
778564,150.0
778563,100.0
778562,53.800000000000004
778561,650.0
778560,50.0
778569,0.2
778568,5600.0
4361711,50.0
777743,50.0
3680236,39.16
778213,50.0
778740,100.0
3892987,120.28
2218633,46.72
778697,100.0
712530,22900.109999999997
110479,0.0
3570869,118.13
3570863,118.42999999999999
3570865,118.33
778232,0.0
3570790,115.13
1679471,39.459999999999994
3570792,115.03
3570795,115.63
3570796,115.58
4082147,99.62398109
3570798,115.48
4372708,43.769999999999996
1685882,100.0
3685441,50.0
3680946,40.209999999999994
3680944,50.0
3571133,39.61
3680942,40.16
3681780,50.0
3610190,50.0
4968509,122.08
778482,150.0
3989372,0.04
3571220,39.959999999999994
3571227,40.059999999999995
3571226,50.0
755546,12.140000000000002
4954239,115.28
3571356,40.76
3571354,50.0
4972517,2.28
4176552,50.0
1698508,0.53
1698509,50.0
3682943,0.61
3570885,119.38
3686405,50.0
4807020,0.0
754545,50.0
3680164,50.0
3569905,0.0
3409310,0.0
5961198,0.0
17440,0.0
3685532,50.0
3887039,119.28
1676658,2.0799999999999996
4805811,1.5
3898953,120.53
3681166,99.88199
3572149,0.04
3303999,100.0
4979505,39.209999999999994
1692590,100.0
3685999,50.0
3572521,50.0
3572656,100.0
3572654,0.4
3686750,100.0
3572652,0.0
3572302,100.0
3682410,0.13
3898556,120.58
3572789,0.0
5061530,50.0
1692777,100.0
3572781,0.47000000000000003
3572780,50.0
3572783,50.0
3572782,50.0
3572785,50.0
3572784,11.8
4268501,42.82
4964065,120.38
3684742,0.79
5538578,50.01
3572017,100.0
3682522,0.03
3682520,42.62
3683143,0.03
3683141,0.04
5110998,50.0
724653,0.0
781498,3000.0
757777,2.0
3665849,0.0
5163947,13.8
5061720,50.0
3683328,50.0
4010625,4.35
3683858,50.0
737929,1.0
3570945,122.23
5110377,50.0
778428,0.0
778421,0.0
3894256,120.13
109584,50.0
3684252,0.01
778510,0.0
778516,0.0
778517,0.0
778514,50.0
5103013,0.4
1696852,50.0
5129979,50.0
3574970,50.0
3988966,39.51
1673709,119.33
3680223,0.01
3680220,50.0
775932,0.0
4372020,50.0
746823,100.0
3694600,50.0
1046331,0.0
778646,1200.0
1709485,0.83
778644,148.0
778645,1.0
778642,18.72
778643,0.43000000000000005
778640,50.0
778641,0.06999999999999999
2035952,0.0
778648,0.9299999999999999
778649,25.38
747772,50.0
4958414,117.03
4973311,0.1
730169,0.0
4972079,2.23
777372,40.0
777371,150.0
1698226,4.0
3571128,50.0
3554043,0.0
776713,0.0
3680956,98.59397713
3571693,43.07
3571691,100.0
4153931,50.0
3680714,2000.0
4969828,0.7300000000000001
3685053,100.0
3685051,0.0
1693989,42.37
3680825,39.86
3680799,5.0
4085500,99.94799
3571340,40.66
3571341,40.61
3571346,50.0
5757896,45.919999999999995
4986156,0.0
3682954,0.67
5100677,0.18000000000000002
3680179,0.02
3680175,0.0
3680172,39.059999999999995
3680170,25.0
4576228,100.0
3676396,0.0
6277621,50.0
5141069,0.0
3684539,50.0
3685986,0.1
3682880,50.0
755426,0.0
3572531,100.0
3686504,50.0
3682887,0.5
1675440,0.22999999999999998
3682408,0.14
3572641,50.0
3682406,0.15000000000000002
5137435,50.0
3572648,50.0
3572649,50.0
3680967,100.0
5063638,100.0
3686296,0.8
5044570,0.38
3572795,100.0
3572791,100.0
772475,0.05
3572799,50.0
3572225,0.02
3683849,50.0
5122881,50.0
3682319,50.0
4040841,50.0
3683049,2.0
4751398,120.88
3986738,0.02
48298,0.0
4956009,116.78
3572003,44.269999999999996
3572000,44.22
3572001,0.0
4969348,0.13
3683131,0.98
3687102,50.0
3213900,0.0
3683139,0.05
3570836,117.17999999999999
589538,0.0
1673446,118.73
3685100,50.0
3684480,0.71
4391763,0.84
3682626,50.0
3682621,43.019999999999996
4973665,0.45
3686394,50.0
1675669,0.5800000000000001
757340,1.0
3940477,0.05
3683527,50.0
3683864,100.0
4074993,99.80698802
3683466,50.0
3572726,50.0
778435,0.0
3683468,100.0
3683667,100.0
5133621,50.0
5002165,99.85098802
1674485,121.88
3682074,41.919999999999995
3685086,1.2
3572053,100.0
1673213,118.53
4966908,121.28
1673934,118.83
778502,100.0
3684244,0.2
778507,50.0
778237,0.0
4977818,0.0
6068269,100.0
3683170,0.15000000000000002
778725,100.0
1674536,121.78
681308,0.0
4343978,0.99
777618,1.0
777962,105.0
5033572,0.17
1684317,0.05
339,0.0
778650,1.5
778652,4000.0
224053,0.0
4104542,100.0
92224,0.0
5062371,50.0
3680969,40.309999999999995
3571113,50.0
3570758,0.0
3571117,0.0
776497,50.0
4971581,1.48
3571594,100.0
3680561,50.01
3680563,0.00993901
777816,51.03
3571209,6.0
777543,0.0
3571755,3.0
5094754,43.12
3571201,7.0
3571750,0.45
3685083,100.0
3677382,0.0
3685087,100.0
4967132,121.08
3685088,100.0
3681692,50.0
778621,3.0
3753529,50.0
3685424,50.0
4189003,0.0
3680107,50.0
1693175,42.22
3686199,50.0
3685557,100.0
3574639,50.0
776030,50.0
3686513,100.0
93311,0.0
3571373,50.0
3572811,14.3
3572810,14.8
3572813,2.5
3572816,15.0
3572671,7.5
4980012,50.0
3572673,7.0
3572675,50.0
3572674,0.05
6253690,0.66
5103570,50.0
739396,124.0
5142593,100.0
3681980,50.0
3685952,0.05
3685958,50.0
773464,50.0
3571973,0.97
2501672,120.83
3571053,50.0
3572257,100.0
3572259,0.01
3572258,15.0
6156347,50.0
1706331,2.5
3572072,300.0
3572077,50.0
4995361,100.0
1023475,0.0
3683122,1.0
3683127,10.0
5104359,0.83
3680963,0.07998999999999999
3683278,43.72
3684471,0.08
4528128,1003.4
3572105,100.0
3572103,50.0
3682614,50.0
3572101,0.98
3572100,50.0
107186,50.01
3572108,50.0
4258658,50.0
775131,100.0
4987746,0.05997
3683876,0.93
4955841,116.88
3683872,50.0
3683473,0.88
3683471,0.89
3683477,0.86
3683475,0.87
3683479,0.85
1673380,118.08
3681912,41.72
3683671,50.0
3571989,50.0
1673543,119.78
778539,50.0
5019700,50.0
778534,2.81
778536,1350.02
778537,0.0
4969795,0.78
778531,0.0
778532,100.0
778533,700.0
5135306,0.0
4174046,115.17999999999999
3868177,117.53
5103103,44.62
782146,100.0
777973,50.0
5088940,100.0
4969935,1.3800000000000001
4294972,50.0
3684125,0.04
3680378,0.0
778391,0.0
778395,0.0
4574033,45.019999999999996
5047079,0.55
887589,39.559999999999995
5105561,50.0
5128530,50.0
6127513,50.0
611903,50.0
3570980,1.18
5088300,100.0
5000899,99.59397812
3571582,50.0
3571586,89.0
3571587,42.32
778545,3800.3300000000004
321,1.0
5066068,100.0
3571212,3.0
3571746,20.0
1704220,0.96
3571216,50.0
3571217,39.91
3571214,1.0
3571215,50.0
776600,1700.0
3571560,40.0
776605,0.0
3570791,115.08
3685097,46.12
3685095,46.169999999999995
3571568,100.04
3680599,50.0
3685091,50.0
4969767,0.8300000000000001
5001817,99.90399000000001
4986374,0.039950000000000006
3681425,100.0
5905441,50.0
3680973,40.26
1690143,22.48
3685439,100.0
3680112,11.0
3680618,39.709999999999994
224319,50.96999999999998
3685548,1.0
4957370,115.88
780159,16500.0
3683336,43.82
3572806,50.0
1680953,0.0
3572805,13.3
3570962,0.43
3570961,0.48
3570960,0.53
3572808,100.0
3570968,0.88
3681228,100.0
5476030,0.0
3571361,50.0
3571368,50.0
773865,1.0
3572668,5.0
3572669,100.0
3572667,6.0
3572665,3.0
6071618,50.0
3572663,4.1
1712491,0.09999999999999999
736606,5.3500000000000005
4253109,0.33
3571968,0.91
3571967,0.92
3680802,2.0
3682999,0.85
773707,1.0
3686367,1.8
3888079,121.03
3685898,50.0
3683061,50.0
3682518,100.0
3683066,0.86
3572068,249.0
3571814,50.0
5099,0.5
4969322,0.18
3571810,100.0
3682191,100.0
3571818,43.62
3683119,0.95
3682423,0.19
3675548,0.0
3683117,24.02
3686281,50.0
3683113,0.9400000000000001
3680801,4.0
4079533,99.68398703
3572115,100.0
3572116,100.0
3572117,0.01
3572112,100.0
3572113,0.99
3682606,42.97
3682604,100.0
3572118,50.0
3682600,42.919999999999995
172925,50.0
1672976,117.98
2821224,44.87
5509456,16.0
3683485,0.9
775893,0.0
3683483,0.93
3683481,0.9400000000000001
3684607,44.57
3684599,0.75
4439493,9.0
5092568,0.0
3684597,0.76
3570812,116.53
778529,0.0
778528,10.0
3684263,0.0
3684266,0.5
778250,0.0
3684736,0.81
5124520,100.0
3559502,0.0
3684143,0.05
5000812,99.60397911
3686608,100.0
3908336,120.92999999999999
5830716,50.0
3892140,0.0
5326156,50.0
3868721,117.42999999999999
3683197,0.24000000000000002
5044354,0.37
745845,0.0
1673666,119.48
764317,0.0
3680345,39.309999999999995
3680347,0.0
3678790,115.42999999999999
3571223,0.05
777491,100.0
4888794,50.0
778382,0.0
777708,50.0
778409,50.0
3681503,50.0
4043692,0.0
4966541,121.58
733029,0.0
777832,11.0
4698444,50.0
3680293,50.0
3571770,0.52
3571773,0.5700000000000001
3571775,0.59
3571774,0.6
4092782,0.01
3685710,50.0
5018398,95.0
771986,0.0
3681434,100.0
3681340,50.0
3571172,50.02
3571171,50.0
3571170,50.0
3571177,0.0
3571176,0.049960000000000004
3571179,0.0
3571178,95.59397713
706281,0.0
3572475,46.519999999999996
3570977,1.33
773666,0.0
3570978,1.28
3681238,40.459999999999994
1712123,50.0
3680635,39.76
3571399,50.0
3680639,4.57
5050275,0.01
5050095,0.8200000000000001
3572619,46.769999999999996
759973,1.0
736619,1.0
3571956,0.8200000000000001
3572583,100.0
3572581,50.0
3885143,119.53
3631665,117.23
3682940,50.0
3681651,41.32
3572909,50.0
3572275,0.74
3572276,0.72
3572271,0.02
3681659,0.0
3572273,1.2
3572272,0.01
3572054,50.0
3572724,0.0
3572722,0.0
3572721,100.0
3687533,50.0
3509776,0.0
3572662,1.0
736505,1.0
736504,10.5
3686391,49.0
3572291,44.669999999999995
3572290,44.72
3570881,119.58
3571821,0.0
3571820,43.57
3571822,0.87
3571829,0.91
780749,100.0
778842,100.0
3682450,3.0
6007812,116.08
4389588,1.23
3683100,3.0
3683101,50.0
3683106,14.02
3683105,7.11
3684458,0.11
3684450,0.13
3572120,100.0
3572123,50.0
3572127,8.99
4775754,0.02
3682675,100.0
3684852,44.97
4972180,2.13
4965772,120.42999999999999
3683495,0.98
3683492,0.99
3683276,50.0
5666144,0.15000000000000002
1725014,100.0
4902713,50.0
1675744,0.93
3683252,50.0
4586712,45.519999999999996
4322540,100.0
3682616,0.0
1026797,50.0
3688248,50.0
6018192,1.83
495558,0.0
3684631,0.01
178447,50.0
1619635,0.0
778468,0.0
778469,50.0
5153175,100.0
5026862,41.87
1684340,99.82898802000001
778608,200.0
3680359,0.05
5447083,8.0
778602,95.0
778603,100.0
778600,1200.0
778601,978.55
778606,0.1
778607,3500.0
778604,50.0
778605,12.0
5541735,50.0
725630,0.0
