0,2
1,4
2,3
3,5
4,5
5,4
6,4
7,3
8,4
9,6
10,3
11,7
12,3
13,4
14,2
15,5
16,4
17,6
18,4
19,1
20,1
21,1
22,3
23,5
24,2
25,1
26,3
27,1
28,3
29,2
30,4
31,0
32,2
33,5
34,1
35,6
36,3
37,1
38,1
39,2
40,1
41,1
42,2
43,2
44,3
45,4
46,3
47,7
48,1
49,2
50,3
51,1
52,2
53,4
54,3
55,4
56,3
57,2
58,4
59,3
60,2
61,2
62,0
63,3
64,1
65,1
66,3
67,1
68,2
69,4
70,2
71,2
72,0
73,3
74,1
75,1
76,1
77,4
78,2
79,3
80,2
81,3
82,3
83,0
84,1
85,5
86,0
87,2
88,1
89,1
90,2
91,0
92,0
93,1
94,3
95,1
96,6
97,5
98,1
99,1
100,5
101,2
102,2
103,2
104,2
105,3
106,1
107,1
108,1
109,1
110,0
111,0
112,1
113,0
114,3
115,0
116,3
117,2
118,2
119,1
120,1
121,0
122,1
123,1
124,1
125,6
126,2
127,2
128,2
129,1
130,2
131,3
132,1
133,0
134,0
135,1
136,1
137,2
138,2
139,1
140,3
141,3
142,0
143,1
144,8
145,0
146,0
147,1
148,1
149,1
150,2
151,1
152,2
153,0
154,0
155,2
156,2
157,0
158,0
159,0
160,3
161,1
162,0
163,1
164,1
165,0
166,2
167,2
168,0
169,3
170,1
171,0
172,1
173,18
174,0
175,0
176,1
177,0
178,1
179,3
180,2
181,0
182,0
183,1
184,2
185,0
186,2
187,0
188,1
189,1
190,4
191,1
192,9
193,1
194,0
195,1
196,3
197,2
198,0
199,0
200,1
201,1
202,0
203,1
204,0
205,0
206,0
207,1
208,1
209,0
210,1
211,0
212,1
213,1
214,0
215,0
216,0
217,2
218,2
219,2
220,0
221,0
222,0
223,1
224,1
225,1
226,2
227,1
228,3
229,3
230,2
231,0
232,0
233,0
234,1
235,2
236,2
237,5
238,9
239,2
240,0
241,1
242,0
243,1
244,1
245,0
246,2
247,1
248,1
249,0
250,0
251,0
252,0
253,0
254,1
255,1
256,0
257,1
258,1
259,0
260,0
261,0
262,1
263,1
264,0
265,0
266,1
267,1
268,0
269,0
270,3
271,0
272,0
273,0
274,0
275,0
276,0
277,1
278,1
279,1
280,0
281,0
282,2
283,0
284,1
285,0
286,0
287,0
288,5
289,0
290,0
291,1
292,0
293,1
294,0
295,3
296,0
297,0
298,0
299,1
300,0
301,0
302,0
303,0
304,1
305,0
306,0
307,1
308,1
309,0
310,0
311,1
312,4
313,0
314,1
315,1
316,1
317,0
318,2
319,0
320,0
321,1
322,0
323,0
324,0
325,0
326,2
327,0
328,0
329,0
330,0
331,1
332,0
333,0
334,0
335,0
336,3
337,1
338,0
339,0
340,0
341,0
342,0
343,0
344,1
345,0
346,0
347,0
348,0
349,1
350,0
351,2
352,1
353,0
354,0
355,1
356,2
357,0
358,0
359,0
360,0
361,0
362,0
363,2
364,0
365,0
