0,0
1,4
2,0
3,0
4,0
5,0
6,2
7,0
8,0
9,1
10,1
11,0
12,0
13,2
14,2
15,2
16,1
17,1
18,2
19,0
20,1
21,0
22,2
23,1
24,1
25,2
26,1
27,0
28,1
29,3
30,2
31,2
32,1
33,1
34,0
35,0
36,1
37,1
38,2
39,5
40,1
41,2
42,1
43,0
44,0
45,0
46,2
47,0
48,1
49,0
50,1
51,1
52,0
53,0
54,2
55,1
56,0
57,0
58,0
59,1
60,3
61,1
62,0
63,0
64,2
65,1
66,1
67,1
68,4
69,2
70,1
71,0
72,3
73,0
74,1
75,1
76,0
77,4
78,1
79,2
80,1
81,1
82,1
83,1
84,2
85,2
86,0
87,3
88,3
89,1
90,2
91,2
92,0
93,5
94,1
95,2
96,0
97,0
98,0
99,0
100,1
101,2
102,2
103,1
104,1
105,0
106,0
107,0
108,1
109,1
110,0
111,0
112,2
113,2
114,0
115,1
116,3
117,1
118,1
119,0
120,1
121,1
122,1
123,2
124,1
125,2
126,0
127,1
128,2
129,0
130,3
131,1
132,1
133,1
134,0
135,3
136,1
137,1
138,2
139,1
140,2
141,2
142,3
143,1
144,0
145,0
146,0
147,0
148,0
149,0
150,2
151,2
152,1
153,1
154,0
155,0
156,0
157,0
158,1
159,2
160,0
161,0
162,0
163,1
164,0
165,1
166,3
167,0
168,2
169,0
170,1
171,2
172,1
173,2
174,0
175,0
176,2
177,4
178,2
179,1
180,1
181,2
182,3
183,1
184,2
185,1
186,2
187,3
188,2
189,2
190,1
191,2
192,2
193,1
194,0
195,1
196,0
197,3
198,2
199,2
200,1
201,0
202,2
203,2
204,2
205,1
206,1
207,2
208,1
209,2
210,2
211,1
212,3
213,2
214,2
215,1
216,0
217,0
218,1
219,0
220,1
221,0
222,1
223,3
224,3
225,0
226,0
227,1
228,1
229,3
230,1
231,2
232,3
233,2
234,2
235,2
236,1
237,1
238,1
239,0
240,1
241,2
242,0
243,1
244,0
245,1
246,3
247,1
248,2
