3645838,1
3645839,1
5026691,1
3645789,1
3645783,1
3645832,1
3645833,1
3645834,1
3645787,1
3645784,1
5685848,1
2628777,1
631859,1
3854604,1
3985404,1
3986501,1
3986504,1
3985729,1
3645903,1
638926,2
630880,1
3645904,1
782022,2
2098170,1
627593,1
3853656,1
3986482,1
3326556,1
3986338,1
3645786,1
5806374,1
3854523,1
3986473,1
3985107,1
3645837,1
5472763,1
3854487,1
3645781,1
5138591,1
3645775,1
669992,1
2248680,1
3985732,1
2602465,1
3645779,1
3645778,1
671841,2
3986342,1
3985850,1
633739,2
3850357,1
3853226,1
3986158,1
3854492,1
781605,1
781609,1
3986492,1
3986090,1
3852479,1
3851653,1
3851259,1
3645922,1
3645888,1
3645762,1
3985743,1
780205,2
5321941,1
445345,1
3645880,1
782097,4
3853500,1
3854187,1
3645800,1
3645802,1
3851729,1
3854021,1
3645808,1
645184,1
3986406,1
3984966,1
3851870,1
3645861,1
3986095,1
649824,2
3851480,1
3851487,1
3852269,1
3645868,1
3853864,1
3851131,1
5151018,1
781503,2
3645792,1
1630820,1
3851248,1
782346,18
646450,1
3985750,1
3645896,1
3645897,1
3645894,1
782291,30
3645813,1
3236243,1
626540,2
3645815,1
3852191,1
3853745,1
732554,3
631156,1
3645877,1
583180,15
3645872,1
634731,1
3984958,1
778555,18
3850654,1
3152853,1
5400121,1
640624,1
710116,1
706247,1
3985768,1
3986466,1
3853614,1
3854472,1
782348,9
3850248,1
3854245,1
931424,1
3270333,1
3527548,1
620141,3
3645842,1
3645844,1
3645847,1
3986074,1
3645848,1
781631,1
654331,1
3645788,1
5776667,1
650771,1
3986217,1
714984,2
3853974,1
3645900,1
780190,1
3852800,1
3986175,1
3853680,1
623466,1
781835,3
620812,1
3986261,1
711918,2
637126,3
3854591,1
3645859,1
3984933,1
3166991,1
3645853,1
3645851,1
3849738,1
782238,36
3854709,1
3986283,1
3645895,1
5361980,1
3986448,1
3853549,1
643474,1
2614472,1
3986273,1
636424,1
3984944,1
3984929,1
3334452,1
3645799,1
637992,1
782101,1
3645796,1
3850286,1
3645793,1
3984927,1
3336255,1
782347,10
782345,0
3851668,1
3986213,1
3852788,1
3645889,1
3356533,1
5099561,1
782349,10
3985399,1
3850298,1
623014,1
5575767,1
626423,1
3851962,1
3853411,1
3645912,1
3645911,1
