4490920,50.0
3663177,216.57
3566875,529.0
778117,0.0
778286,1.0
778287,4219.5
778284,1.0
778285,25.0
778282,1.0
778283,1.0
778280,1.0
778281,1.0
778288,1.0
778289,50.0
6284802,0.0
777820,50.0
4554853,525.0
1555513,218.52
27371,2200.0
755602,0.0
3654004,0.0
3661957,50.0
6181672,63.07
3566232,85.07
4554290,40.0
3654624,300.0
3660157,162.07
1199073,136.57
3653938,18.0
3566890,50.0
3566898,151.57
3660550,170.57
3660554,170.07
3568919,50.0
776846,1100.0
766104,0.0
1551178,50.0
613520,101.05
4572890,157.57
4618647,0.0
1573246,95.0
3653154,50.0
3566401,50.0
3566400,104.57
2856916,0.0
6199199,0.0
1257500,181.07
4547450,133.57
4526000,120.07
3659954,1.0
3659958,160.07
1548508,0.0
3579953,50.0
3659009,4.0
3657729,0.5
3662472,50.0
5181,1000.0
3656668,50.0
3567268,192.07
3567269,0.0
3664257,50.0
3567260,190.57
3567264,100.0
3567266,191.57
3565536,0.0
3658284,0.5
4490060,50.0
711681,0.0
748821,1000.01
4592060,50.0
1566323,161.07
3567316,196.07
3566228,83.57
3567311,195.07
3658849,558.0
3567318,0.0
778279,200.0
778278,1.0
778273,1.0
778272,1.5
778271,1.5
778270,0.11
778277,100.0
778276,700.0
778275,50.0
778274,200.0
778079,150.0
3654822,50.0
778075,200.0
778074,100.0
778071,150.0
778072,0.0
5862149,50.0
3662149,0.0
1305831,0.0
3659780,155.57
3662898,50.0
3560946,0.0
230648,0.0
3546028,0.0
3662563,50.0
3656385,100.0
1407043,0.0
3662966,265.18
778104,0.0
778106,0.0
778103,0.0
778291,200.0
778290,0.44999999999999996
778292,1.0
3569274,0.01
710427,50.0
777852,50.0
6097725,114.07
777851,0.0
777855,100.0
3566798,139.57
777215,1247.5599999999997
773009,638.4
1384673,199.57
3654635,49.0
1562154,151.07
774900,0.0
4589659,183.57
776184,50.0
3660834,0.51
4578877,50.0
3654706,83.07
3656412,113.57
951775,50.0
3660233,50.0
431537,50.0
3653383,0.01
773228,0.0
4572719,158.07
3659729,50.0
4537851,127.57
33446,7.1499999999999995
3661302,100.0
4834805,173.57
1552992,95.0
3657653,50.0
777606,150.0
618816,0.0
2373791,0.0
4556379,534.0
3653092,57.07
3566332,2.0
1606490,50.0
3662628,100.0
3659031,150.07
157398,101.2
781414,100.0
3659036,100.0
3567255,50.0
4605782,34.199999999999996
3567258,191.07
12290,0.0
4572918,157.07
1546455,50.0
3567321,0.0
3567320,196.57
3567322,197.07
1223536,50.0
3567327,197.57
311307,0.0
3566231,50.0
4390687,0.0
3566711,500.0
3658183,132.07
4142650,210.57
3653521,0.38
751011,0.0
778048,50.0
4603794,200.57
3658670,860.08
778044,0.0
3658675,145.07
778047,0.0
4484176,69.57
6248148,90.57
1283365,50.0
3660806,100.0
1549490,108.07
1549493,50.0
816816,0.0
777739,0.0
4417872,0.0
6237650,532.0
3662975,6300.0
778133,50.0
778135,500.0
778136,0.0
778137,0.0
778138,0.0
778139,450.0
4492617,600.0
4514577,0.01
3628406,0.0
1570134,50.0
3662889,50.0
3566783,137.07
3566784,232.9
777202,50.0
3654021,50.0
3567416,206.07
4524933,0.30000000000000004
3566850,0.01
771986,101.6
3661998,194.57
4533659,124.07
3653956,50.0
3567049,163.57
3660134,3300.0
3567523,50.0
6191809,50.0
3655644,2732.0
1569029,176.57
3827030,0.0
736715,0.0
3660223,100.0
4625400,50.0
3567665,45.0
3654357,77.07
6320092,50.0
1554266,50.0
5397700,50.0
3659734,100.0
6146440,50.0
3563310,0.0
4604169,50.0
3566421,106.07
3566420,106.57
3661269,185.07
4573474,0.0
3662933,213.07
3659934,0.5
3626003,0.0
3659025,50.0
1561227,1.0
779272,100.0
1441701,0.0
5436918,50.0
739300,419.99
10502,32381.82
3562427,0.0
3566338,50.0
3567247,0.0
3566331,50.0
346558,0.0
3566335,95.57
3566337,400.0
3566336,50.0
4351218,209.57
1541930,68.07
1561599,527.0
3658468,138.07
733899,50.0
752281,0.0
3566205,129.0
3566204,80.57
5679599,50.0
3566201,80.07
3566200,49.0
3659592,100.0
3567332,0.0
3567333,198.07
778057,0.0
8630,0.0
778589,150.0
3658883,555.0
4528203,50.0
1546001,0.0
3659209,153.57
777905,0.0
5948057,50.0
775513,0.0
3564860,0.0
3662361,203.07
750994,0.0
3662182,50.0
777692,0.0
774011,95.0
3659203,50.0
775835,50.0
775768,100.0
3658242,0.0
207489,0.0
611026,0.0
4749772,50.0
3662500,100.0
777473,0.0
3663100,0.06
750193,50.0
738279,1700.0
778128,0.0
778126,0.0
778124,0.0
92336,0.0
4188229,50.0
1542027,68.57
3663039,214.07
3660037,0.0
4601802,50.0
3566938,100.0
3566937,100.0
3566936,50.0
3566931,50.0
4604992,50.0
3655034,50.0
3654031,50.0
6248948,50.0
3654035,50.0
1845844,0.01
3660101,50.0
3541040,0.0
3566683,645.73
3566687,126.57
3661850,50.0
5133385,0.0
3567450,50.0
732686,0.0
3654501,79.57
4592579,50.0
773750,21.0
3566755,131.07
3566753,131.57
3566751,0.1
3566759,50.0
3566758,0.0
4289052,1005.73
742639,0.5
4601117,50.0
3653345,50.0
5708699,0.0
3661187,183.07
609211,0.0
3659697,50.0
3566325,50.0
3566322,50.0
3566323,50.0
3566321,50.0
3566328,92.0
775355,0.0
90724,9216.000000000002
4144635,207.07
4497810,0.0
3566213,10.0
775537,3.0
3978604,0.0
3567343,50.0
3659878,0.49
3567344,100.0
778021,0.0
778024,0.0
3658658,146.07
778029,0.0
3658891,553.0
5581889,50.0
777918,0.0
744910,100.0
777914,0.0
690147,5000.0
3662377,100.0
3234655,179.07
5965118,50.0
777680,0.0
777686,200.0
4987879,1.14
1549475,108.57
1273445,50.0
3653504,50.0
1369871,50.0
6301666,50.0
778158,150.0
778159,750.0
778152,1.0
778153,250.0
778151,1.0
778156,150.0
778157,145.0
778154,2000.0
778155,1.0
2014733,556.0
3567435,210.07
750277,0.0
3567432,0.03
734190,0.0
3660736,177.07
3660117,50.0
1258565,181.57
6230006,533.0
777316,0.0
6174232,50.0
3663641,50.0
3653971,50.0
3567500,216.07
3567502,217.07
3653402,0.37
3661860,193.57
3654197,72.07
3661519,50.0
3661513,50.0
457027,0.0
776134,0.0
3660207,164.07
3660202,1.0
6105579,3.0
3567188,180.57
5991531,149.07
668587,498.1
4489446,77.57
777371,300.0
617119,50.0
3657064,100.0
739563,0.0
3653995,69.07
3567317,195.57
3566353,98.57
3566352,99.07
3566351,1.0
3659681,0.5
3566357,176.0
3566356,50.0
3566359,100.0
3566358,99.57
3566221,50.0
3566594,0.0
3566590,50.0
3566592,50.0
3566599,100.0
6105974,50.0
3653191,50.0
4489685,11.729999999999999
6161893,50.0
743629,0.0
3662748,50.0
3656130,109.57
1053765,45.0
1578276,213.57
725512,50.0
3659860,100.0
3659866,50.0
3567353,201.07
778031,50.0
3564998,0.0
773707,0.75
5219843,50.0
4554148,0.0
1244636,0.0
4469527,50.0
4605591,0.0
1567333,167.57
777674,50.0
1552934,119.57
778329,250.0
778326,2000.0
1555933,50.0
778320,1400.0
3584045,0.0
3654974,90.07
4485577,70.57
3566007,50.0
3566005,59.07
751023,0.0
3566001,50.0
3566000,50.0
3658664,145.57
3566009,20000.0
3566008,59.57
1570077,50.0
183626,0.0
777416,50.0
3659226,2000.0
778141,0.0
778145,400.0
778147,0.0
777785,0.0
4645969,50.0
3581497,0.0
3658138,2000.0
6255111,92.57
1479556,115.0
6162201,100.1
3663017,3200.0
3878845,0.0
3567422,50.0
3522094,0.0
3567421,50.0
3567426,946.49
3567427,208.57
3567424,208.07
3567425,50.0
776785,0.0
24639,150.0
3650266,0.0
764395,0.0
372118,72278.56
3567116,175.07
3654741,85.57
3654747,50.0
6315446,111.07
1551307,115.07
1557456,0.0
3655160,94.07
3657182,100.0
4521265,50.0
3658,0.0
3566771,134.57
3566770,135.07
3566772,134.07
3566776,0.0
3598954,0.0
3661476,50.0
3654369,50.0
708198,12.13
3654410,78.57
3661099,182.07
3661095,182.57
1239347,0.0
3660302,5000.0
3567181,178.57
3660308,50.0
3653414,50.0
3653213,50.0
3566340,1200.0
3566342,96.57
3566343,97.57
3566344,97.07
3566346,98.07
3566347,0.0
3566348,2000.0
3566349,1800.0
3566587,50.0
3567291,50.0
1461886,0.0
3566588,100.0
4548031,136.07
3567297,0.0
3567296,0.5
772134,50.0
1293303,50.0
3652574,0.0
1547703,50.0
3567365,202.57
3567367,50.0
3567366,0.0
5774721,63.57
3656125,110.07
5982975,0.0
778003,50.0
4421228,0.1
3662356,50.0
4389239,50.0
3657510,0.0
3566168,75.07
3566164,74.57
4499179,93.07
4575789,50.0
779154,100.0
778313,100.0
4616238,100.0
2131879,100.0
3566011,50.0
4586004,0.5
3615803,0.0
1617582,50.0
778174,1.0
778175,200.0
778176,4000.0
778177,200.0
778170,1501.1
778171,2.0
778172,1.0
778173,100.0
4530003,50.0
778179,2800.0
777407,0.0
777793,2305.92
3658126,50.0
4716203,50.0
4195599,129.57
3662223,200.07
776338,100.0
4550684,140.57
777245,50.0
4533471,50.0
913668,0.0
3566619,100.0
469498,50.0
696390,0.0
405661,1000.0
3654088,50.0
1276521,123.57
1263809,100.0
3682823,50.0
3655685,50.0
737450,0.75
3654770,50.0
3655172,50.0
1556918,0.0
3654794,86.57
3655894,50.0
3654799,86.07
6274284,2000.0
3565975,50.0
4590670,185.57
3661291,186.57
3566769,135.57
3566766,0.2
3566764,0.5
566298,0.0
3566763,0.44999999999999996
3566760,133.07
3566761,96.7
3655777,103.57
412909,52.0
4493984,50.0
3654316,76.57
404116,569.79
6201263,800.0
4576269,166.57
1573197,50.0
3661220,184.07
3567196,50.0
1525351,1000.0
3654557,81.57
6208678,50.0
3565937,0.0
4247894,845.73
3659097,50.0
4518907,0.0
3655911,50.0
3567287,250.0
3567283,50.0
3567280,100.0
3566375,50.0
3566376,102.57
3566370,3800.0
3567288,193.07
3566372,102.07
3566578,121.07
3314124,0.0
3566570,50.0
4556210,537.0
4569870,50.0
3862598,50.0
6171947,188.07
6017783,50.0
3657457,50.0
3603333,0.0
3567373,50.0
4522894,116.57
3567376,0.0
3567378,203.57
3567379,50.0
1573577,50.0
3567177,0.0
3567171,179.57
3659884,98.0
3567179,0.0
779540,100.0
3658681,144.57
778542,100.0
3659242,100.0
756495,0.0
3656034,50.0
779782,650.0
3566157,50.0
3566159,74.07
1111290,152.57
3566397,4.0
778306,2000.0
778302,100.0
4611441,209.07
777655,50.0
3658754,146.57
3566817,144.07
3647709,50.0
3566027,0.1
778787,100.0
778163,1.5
778162,100.0
778161,2.0
778160,200.0
778167,400.0
778166,1.0
778165,1.5
778164,1.0
3649562,0.0
778169,2500.0
778168,2.0
4467908,0.0
4866312,100.0
403488,0.0
1567359,167.07
6289258,104.07
750401,0.0
1575116,0.0
4535420,50.0
3566973,0.05
3566972,155.07
782351,100.0
6249395,91.57
6170149,50.0
777436,0.0
730155,0.0
777433,50.0
6318404,0.5
4579367,169.57
3566809,143.07
3566808,143.57
3660782,45.0
6316957,112.07
3566800,140.07
776697,0.0
3655142,0.0
3655148,50.0
3654782,87.07
3545335,0.0
3654788,0.0
4576304,166.07
1558410,132.57
3660096,50.0
1787572,50.0
3558983,4615.0
3554189,0.0
3653839,64.07
3566713,100.0
3566712,50.0
1558099,50.0
3653833,64.57
3566715,500.0
3566714,130.07
3661412,189.57
6248490,0.0
535668,50.0
3655789,2.0
3661417,189.07
773082,0.0
3655783,0.0
3566625,50.0
3566624,100.0
3657037,0.75
3631999,0.0
3566629,123.07
3654231,73.07
3566444,0.0
1547658,50.0
5713325,187.57
3566368,101.57
2857294,0.0
3566366,100.57
3566367,1000.0
3566568,874.88
3566567,50.0
3657149,121.57
3653650,0.0
3653659,50.0
762350,0.0
3658928,539.0
4610522,207.57
6219417,158.57
3658923,541.0
556431,0.0
4035897,0.0
3567387,50.0
3567386,50.0
3567384,100.0
3566499,114.57
4564374,50.0
764769,0.0
3553640,0.0
3653823,50.0
3656003,50.0
3566148,71.57
3566149,71.07
736493,0.0
278186,17.61
3566388,50.0
3566389,103.07
3559020,0.0
778378,100.0
4549412,137.57
776948,50.0
774196,100.05
3656311,113.07
3654945,100.0
3110,150.0
3566036,0.48
3669926,50.0
778198,27.81
778199,8.6
778196,38.01
778197,991.0
778194,0.8300000000000001
778195,200.0
778192,1166.0
778193,246.0
778190,1600.0
778191,567.0
775917,50.0
778208,50.0
778209,4000.0
778206,3150.0
778207,6.0
778204,300.0
778205,1.0
778202,800.0
778203,100.0
778200,1.0
778201,1.0
3655200,94.57
777643,0.0
3566960,154.57
766695,0.0
3566964,50.0
928800,100.0
4590936,0.04
3570783,50.0
4479632,10.0
776912,50.0
1569301,0.5
4584423,0.0
4006258,164.57
777536,200.0
3566819,100.0
3567543,50.0
487383,200.0
3566810,142.57
3566811,142.07
5726997,0.0
472391,0.0
4773784,84.07
4550539,141.57
3660060,160.57
6182011,95.0
4533926,125.07
3660242,165.57
3661338,0.0
63626,989.99
3660247,165.07
749131,50.0
4608361,2.48
3566709,160.0
757950,0.75
3653827,50.0
3566705,80.0
3566707,50.0
3661933,50.0
3661203,50.0
3654440,141.04
766504,0.0
3656552,0.5
3557975,0.0
3654208,72.57
6253845,1900.0
726231,50.0
3659649,50.0
4515373,111.57
5104,29601.25
5317614,0.0
6148835,57.57
730893,50.0
3653645,15.0
4488805,50.0
773983,0.0
3658913,545.0
3656176,0.5
4498219,0.15
3656776,118.07
3567396,1.94
2977094,6800.0
3567390,50.0
3567391,50.0
3659177,153.07
3656014,50.0
3657785,126.07
746657,0.75
20302,24149.0
6018219,50.0
775852,0.0
1539371,50.0
3566419,107.07
656279,0.0
3654932,100.0
106788,50.0
778567,100.0
3566049,5.0
778564,150.0
3566041,50.0
3566047,60.07
3566046,23000.0
3566045,50.0
778189,1225.92
778188,4018.0
777749,1980.79
777746,0.0
778184,1331.0
778187,2732.0
778186,9622.0
778181,100.0
777743,0.0
778183,666.0
778182,88.0
778219,6715.0
778218,7266.98
778215,10.06
778214,800.0
774433,0.0
778216,150.0
778211,260.0
778210,1.0
778213,50.0
778212,0.12
4586728,180.07
3656944,50.0
4132165,0.0
3656948,0.5
711717,0.0
1549425,50.0
1084212,50.0
3566958,0.0
3566955,50.0
778235,200.0
3566952,28.0
3662875,212.07
1019112,147.57
777182,100.0
777369,0.0
777767,100.0
2558538,110.57
3654142,119.0
1546984,133.0
3636883,5.0
755546,0.0
4887080,50.0
3657306,1.0
3661928,194.07
4492468,82.07
579074,0.0
3661433,190.07
17440,0.0
3656788,117.57
4573374,366.51
3657012,50.0
3566600,122.07
10476,2.96
5611526,50.0
3659636,100.0
1221510,20.0
1569054,176.07
3567016,159.07
3567011,49.68
3653670,61.07
3563387,0.0
3659183,50.0
3659749,50.0
778178,102.0
4480639,2182.0
4618473,215.57
3567123,175.57
3567121,173.07
3567124,50.0
3567397,50.0
6004443,211.57
3564941,0.0
3658582,0.09
3657555,0.09
3657559,0.08
3659561,401.0
3657790,0.0
243665,0.0
1540650,62.07
778422,100.0
3659361,50.0
2083608,0.0
3655900,50.0
3654928,50.0
4473078,0.0
610879,1000.0
3654923,89.57
3687975,50.0
778514,100.0
4549235,138.57
3566052,50.0
3566053,0.49
3566054,0.0
4542211,524.0
778228,12.0
778229,1.0
778220,99.9
778221,50.0
778222,1.0
778223,1600.0
778224,1.0
778225,2.0
778226,2.0
778227,50.0
3658160,130.57
777993,0.0
777996,50.0
3566949,600.0
3566941,50.0
3485642,0.0
2035952,0.0
1568640,174.07
730169,0.0
4642332,50.0
785478,116.07
4401998,0.0
776719,0.0
776713,0.0
4579536,171.07
588445,0.05
1572977,50.0
2387300,92.07
776807,0.0
3655400,50.0
6239233,109.07
3653804,50.0
1551392,50.0
3653808,40.0
3891,50.0
3566509,50.0
3660427,50.0
3661912,50.0
3657007,100.0
93837,50.0
3565976,50.0
3565974,56.57
3653247,50.0
3566614,50.0
3669695,50.0
3661355,188.57
4525970,120.57
3061712,115.57
62556,0.0
3567008,930.0
3567006,100.0
3567007,50.0
772475,6.069999999999999
3653665,50.0
5329169,50.0
5614853,0.0
772496,250.0
4505173,101.07
4489355,78.07
108627,0.0
6004671,0.0
3659197,0.30000000000000004
48298,1.5
3659753,0.3
3655883,105.07
3654225,73.57
589538,0.0
3565401,99.0
3658379,50.0
3659572,154.07
5951395,0.0
3657817,128.07
3657764,49.0
3657812,20000.0
1540463,0.0
3567222,184.57
771739,2000.0
3662584,205.07
3566064,61.57
3566066,50.0
3287027,0.0
4630484,50.0
3163212,0.5
5280386,0.0
778237,50.5
778236,1.0
774411,0.0
778234,1500.0
778233,2950.0
778232,40000.0
778231,377.0
778230,500.9
777765,98.25
778239,50.0
778238,3650.0
3658626,0.0
733955,50.0
3658620,0.01
3654861,100.0
3654865,89.07
777937,0.0
4491314,81.07
681308,900.0
640,200.0
6189164,67.07
777618,1.0
777611,0.0
3567481,215.07
3567482,214.57
3567486,6.0
3567488,50.0
4495144,50.0
681944,0.0
224053,0.0
4569583,0.5
1569701,178.07
92224,0.0
3567289,192.57
5722370,100.0
3660741,50.0
4569636,50.0
3662929,50.0
1254174,0.0
3654121,957.25
1555603,207.06
3539255,0.0
777816,50.0
598435,0.0
1575510,50.0
3670869,50.0
3653874,66.07
3566999,156.57
3654690,84.57
778185,2.0
3566218,50.0
3660181,50.0
777744,0.0
778180,1698.25
3660167,162.57
3660161,50.0
776030,50.0
3653909,67.57
3566662,100.0
3653901,0.0
3661343,187.07
93311,300.0
3653478,50.0
666904,500.0
3659968,159.57
739396,6104.0
3563238,100.0
3566527,50.0
778217,200.0
3567038,50.0
5235558,1100.0
60765,0.0
4538010,3000.0
1543079,76.07
3543420,0.0
1573215,19.0
3659764,50.0
3567105,50.0
3567107,169.07
3567103,168.57
3567102,50.0
3566455,0.0
3656744,117.07
3654051,50.0
3653055,0.0
778863,150.0
5312580,0.0
3659814,156.07
3659019,50.0
4612344,50.0
1561476,535.0
3566185,79.07
3662662,50.0
3658560,141.07
3657575,0.09999999999999999
1569250,177.57
775131,50.0
3657774,48.0
3657801,129.07
3657807,128.57
3658963,531.0
3567217,0.0
3567216,0.0
3567219,186.07
6261908,112.57
5883524,1000.0
26699,50.0
3662590,204.57
3654901,88.07
3662596,50.0
3654905,87.57
4488543,50.0
6184664,0.0
3823920,50.0
3658497,139.07
724290,32902.70999999999
778242,1.0
778243,500.0
778240,1200.0
778241,1.5
778246,4600.0
778247,1.0
778244,1.0
778245,40000.0
778248,500.0
778249,1.0
4591220,50.0
778083,0.0
4513918,0.0
6150865,0.5
3654870,88.57
3657595,50.0
3657590,5000.0
1560835,0.2
782144,1000.0
777970,0.0
3662842,211.07
23888,6.0
3663535,50.0
1545959,91.07
6259745,95.07
4499639,93.57
3658036,50.0
777777,0.0
6143029,0.0
6315837,0.5
3566851,149.57
3566854,557.0
777393,0.1
6233516,45.0
4542011,50.0
3662939,50.0
779921,6000.0
1136319,50.0
343592,30.0
321,950.0
3660627,50.0
776600,1197.36
778014,50.0
3567457,212.57
3966908,122.57
3257931,0.0
776730,100.0
3655514,100.07
3654062,70.07
224319,2.5
3654641,82.57
780978,100.0
4471564,0.0
3660175,163.07
3660170,50.0
6302704,107.57
6209183,75.57
3661482,50.0
6007,50.0
3565998,50.0
3565999,58.07
3654243,50.0
1618143,119.07
3565992,50.0
3565993,50.0
3661372,9.07
3653282,58.57
1574814,50.0
3567026,50.0
3566519,5000.0
6163705,50.0
3566514,100.0
3566516,50.0
3566511,1035.95
5891773,100.0
3555999,0.0
3654486,50.0
3555995,0.0
777846,0.5
1552652,118.57
5680457,50.0
3566092,50.0
3567113,172.57
3657600,125.57
3567117,174.57
3567114,172.07
3567115,171.57
3567118,1696.67
3567305,50.0
3653730,62.57
3659809,50.0
3662611,205.57
3662616,0.0
6113108,2.0
3655998,105.57
3657741,100.0
3567200,50.0
3820221,100.0
3658737,0.0
724176,1669.0
3658732,148.07
775896,50.0
775897,0.0
3659390,50.0
899744,168.07
1948961,147.07
724573,0.5
778251,1.0
778250,225.02
778253,1.0
778252,1019.0
778255,1.0
778254,200.0
778257,1.0
778256,10.0
778259,2650.0
778258,1.0
778090,0.0
778099,350.0
3565190,0.0
3654805,0.0
3665704,50.0
782150,1000.0
3662125,50.0
1532279,0.0
764317,0.0
777491,50.0
3833441,50.0
4177482,600.0
3566864,547.0
3566866,543.0
3566860,554.0
3566863,549.0
3566862,551.0
777954,0.0
1556982,40.0
733029,0.0
777830,0.0
777832,0.75
3629161,0.0
6160007,124.57
1575532,202.07
6166954,0.5
3661962,50.0
3656187,100.0
1557745,50.0
744550,0.0
6170877,0.5
3660140,161.57
3566887,50.0
3566880,50.0
3566889,150.57
764626,0.0
3653452,50.0
3659948,48.68
1550271,0.0
6146264,100.0
4482281,66.57
4567744,50.0
3566508,2100.0
3567050,50.0
3566503,50.0
3566500,0.0
3566507,100.0
3653633,60.57
3653639,50.0
4559176,152.07
4508593,774.88
4575701,50.0
3653145,50.0
736504,0.15
3655857,50.0
1573274,100.0
3656728,50.0
3657632,50.0
3563696,0.0
4498804,50.00000109
1169415,75.0
3662601,0.5
3657750,127.07
3656656,50.0
3567272,50.0
3567271,50.0
3567270,50.0
3567276,17.95
3567275,50.0
3567274,100.0
3658727,148.57
33513,50.1
1710095,0.0
3566094,65.07
3566095,0.0
1180,0.0
3566093,65.57
4610657,206.57
3567304,50.0
3567308,50.0
778268,3200.0
778269,1.0
778264,104.5
778265,1.0
778266,11080.0
778267,500.0
778260,1.0
778261,60.0
778262,50.0
778263,50.0
3658614,0.0
778062,300.0
778063,0.0
3662135,198.57
6263361,96.07
3659232,2000.0
3662130,199.07
3654811,0.0
495558,0.0
6027847,0.0
1479271,0.25
777880,0.0
774755,0.0
507986,0.0
1575459,201.57
778603,400.0
6155095,1000.0
777712,150.0
3662552,50.0
3662558,204.07
