3586704,1
4113742,1
3837608,1
3838515,1
3611093,1
3611091,1
3611097,1
3611096,1
3611094,7
779461,10
629827,2
1174687,1
3837422,1
4211317,1
4111792,1
3841045,0
3839519,1
4117924,1
781277,0
74018,3
1041132,1
3839451,1
3611073,1
3838533,1
3840273,0
720941,1
3837978,1
780095,3
3610543,1
3611481,0
487383,3
169881,6
3611249,1
3612133,0
4052203,1
3611449,1
6171286,1
779689,1
3153682,1
780676,7
780179,12
3840511,0
4048893,1
744910,3
3610946,1
3610944,1
3610945,1
3610940,1
5079940,1
3610825,2
3610824,1
3610827,1
3610821,1
3610820,1
3610823,1
3610949,1
778234,9
780518,2
3610845,1
3840153,1
3840156,1
780842,0
3611029,1
4112089,1
3611022,1
3611021,1
707518,1
3611024,1
3611025,1
4109585,1
3839773,1
3799028,1
578371,5
780730,4
3611116,1
780325,5
780320,3
729262,2
3065072,1
3840124,1
3611118,1
780803,2
780695,2
780759,2
780691,2
4218848,1
780756,3
780755,28
780754,4
780753,4
780752,2
780698,1
780750,3
780062,1
3610975,1
762350,1
780740,2
3027541,1
3837747,1
3839419,1
3836597,1
3836595,1
2842753,1
5139794,1
780745,4
3611202,1
3611203,1
780523,1
3611204,1
3611205,1
780528,1
2855270,0
3611101,1
4043761,1
3611444,1
3836946,1
777819,6
741354,1
3610976,1
780038,8
3610972,1
3610970,1
780737,2
4041603,1
3611473,0
780825,1
3610902,1
3610903,1
3610901,1
3610906,1
3611079,1
780624,2
741152,1
780789,3
4110340,1
780784,3
780785,1
780786,2
780787,1
780780,1
780781,2
780782,2
780783,2
3611040,1
4257561,1
3839736,1
3610883,1
778886,2
780140,2
3610884,1
3610799,1
3610798,1
3610794,1
3610793,1
3836945,1
3610791,1
780814,1
3610877,1
780816,3
780817,2
3610872,1
3610873,1
780812,2
3610871,1
780818,3
780819,2
4183057,1
3611446,1
780735,5
779611,28
4388489,1
3611013,1
780712,1
780711,1
3611010,1
780717,3
780716,5
780715,10
780714,2
3611152,1
3611153,1
778204,2
3611018,1
3611155,1
3837121,1
4677332,1
3417466,1
780399,1
4256878,1
3530589,2
53494,1
5718280,0
780560,2
4106988,1
4053478,1
780766,2
780767,1
780764,1
780765,3
780762,3
780763,1
3611129,1
780761,2
3611125,1
3611124,1
3611122,1
780768,4
780769,2
4035842,1
3611081,1
3611082,1
5469592,0
730066,1
3611085,1
3611087,1
4495962,1
779751,1
4096698,1
3839685,1
780751,2
773009,1
780788,2
779284,3
3839443,1
5104,4
3612123,0
5353579,0
4577485,1
3611239,1
753201,1
3611233,2
402023,1
3611231,1
3611230,1
3611236,1
3611234,1
4105350,1
780848,0
780845,0
780844,0
3726826,1
780841,0
3836983,1
3611066,1
3840411,0
3610933,1
3610838,1
3610839,1
3610936,1
3610935,1
3610832,1
5719457,1
3610837,1
3610834,1
3839836,1
3838490,1
4968612,1
4110574,1
730296,1
4725415,1
731346,1
780201,2
2839678,1
780613,1
780610,1
3839709,1
3838798,1
780193,1
780857,0
780195,4
4108763,1
3825417,1
3611011,1
579074,1
3838467,1
3611160,1
3840138,1
780672,1
739855,1
4115553,1
3611284,1
780685,2
780684,2
780728,2
780686,2
3611048,1
780680,1
4094273,1
780682,2
780722,4
780723,1
780720,1
780721,2
780726,4
780727,5
3611042,1
780725,7
4086217,1
778134,3
51697,1
780829,0
3839630,1
3036397,1
780828,1
779710,1
777391,16
3837753,1
3837699,1
10476,1
779929,7
676085,15
3610987,1
3840180,1
779044,1
2837960,1
780815,1
3859070,1
780821,2
780810,3
780811,2
3838729,1
3611522,0
3837529,1
779018,1
3610966,1
780813,4
3838726,1
3610962,1
780824,3
780776,9
780827,1
4060348,1
780826,3
4112441,0
3839878,1
732355,4
405661,6
4083470,1
3611265,1
3611267,1
4111055,1
3611268,1
224319,3
284764,4
780799,3
780798,2
780793,2
780792,1
780791,2
780790,2
780797,1
780796,20
780795,1
780794,2
3610898,1
3610899,1
780159,4
3611132,1
3836972,1
3610891,1
3610894,1
3610897,1
3610788,1
3610789,1
4118657,1
3610785,1
106788,8
745082,1
3610783,1
4115851,0
780802,2
780801,2
780800,2
780807,0
780806,2
780805,1
780804,1
780809,2
780808,4
3610941,1
3611000,1
3611002,1
780729,2
4106192,1
3611007,1
3611009,1
941570,1
2847876,0
780713,1
3837170,1
780822,2
3611158,1
780710,2
3610948,1
5550868,1
712530,20
780689,2
780688,1
3611454,1
2842078,1
3840010,1
780577,3
780724,5
3031968,0
780718,1
780719,3
4279894,1
780775,2
780774,2
780777,0
3840047,1
780771,2
780770,4
780773,2
780772,2
3611642,0
3836865,1
780779,1
780778,1
3837628,1
3611130,1
779444,3
3611441,1
3837401,1
3611442,1
3705975,1
263310,1
3840255,1
4110462,1
780500,8
3840256,1
4109160,1
3611445,0
3611229,1
3611183,1
3611182,1
62691,2
4111645,1
3837718,1
732554,1
3611225,1
3838712,1
780838,0
3610996,1
3610991,1
3610990,1
3838714,1
780832,0
780833,0
775892,1
778555,4
780836,0
780837,0
780834,0
780835,0
779020,1
3839826,1
4109074,1
3837778,1
633864,1
3611026,1
3610920,1
3611355,1
3610923,1
3610924,1
3839294,1
3610926,1
3611453,1
3610929,1
780382,1
3611455,1
4105862,1
3839963,1
3839962,1
4111210,1
4117567,1
3611256,1
863748,1
4129705,0
779151,2
780607,1
779657,2
4034653,1
3610777,1
5764096,1
3836928,1
4032922,1
3838786,1
3837339,1
3834164,2
776258,1
3610876,1
3852074,1
780286,4
3837508,1
4041490,1
778170,2
3611175,1
780739,1
780738,4
3837106,1
3837498,1
780731,2
3837663,1
780733,3
780732,2
3611075,1
780734,13
3611077,1
780736,5
780659,1
3837368,1
710671,1
4103636,1
3837283,1
4116803,1
779279,4
3823637,3
29598,6
3839436,1
4106964,1
3611221,1
732864,3
4110748,1
719829,1
3575992,1
4092768,1
727888,1
4046361,1
780540,5
733029,17
701464,13
3611574,0
3838884,1
4082135,1
3837205,1
4028878,1
3610958,1
4248068,1
4116734,1
4127009,0
3610994,1
3610951,1
3610953,1
3610952,1
3610955,1
3610954,1
3610956,1
780758,5
3838145,1
689312,97
3610854,1
772711,6
778506,1
780641,1
780643,1
3839887,1
780645,2
780647,4
3839883,1
780649,1
780648,2
779692,2
3610998,1
780168,3
3610852,1
3838744,1
3610853,1
780164,2
763177,2
780760,4
3838130,1
3610812,1
3610813,1
3610814,1
3610817,1
3610857,1
3610819,1
780344,2
3611110,1
3839124,1
3611039,1
3611038,1
780268,2
3611035,1
3611030,1
3611032,1
3837020,1
729261,1
779591,3
652266,1
777991,2
5058869,1
777624,1
751827,2
732085,1
780697,1
3836550,1
780586,2
604244,1
780741,2
780742,3
780743,3
780744,2
4007955,1
780746,1
780747,2
780748,3
780749,2
3611103,1
3611102,1
3840096,0
3611106,1
780757,1
780707,3
3611056,1
3611062,1
3837411,0
780571,2
777374,3
3611053,1
1014801,1
777378,7
3836687,1
3836686,1
3611052,1
3611051,1
3840486,0
780699,3
3840482,0
4172740,1
3611216,1
3611211,1
3611210,1
3611212,1
3866491,0
731345,1
415891,1
3611585,0
4007390,1
3611190,1
3610925,1
3610982,1
3610983,1
3610981,1
780043,8
779011,1
3610985,1
3610861,1
780820,3
780823,1
3610989,1
4074017,1
3610864,1
3610867,1
4823160,1
3610928,1
619010,1
4108171,1
776257,1
4167376,1
3838074,1
3839995,1
3611448,1
3917749,1
3610919,1
3610914,1
3610917,1
5762400,1
3610911,1
4237712,1
3610913,1
579240,2
5679623,1
780229,1
3839979,1
780387,3
780638,2
3840659,0
5585227,1
4920,12
3839645,1
3839643,1
3840020,1
4269613,1
3611070,1
1372502,1
689732,2
3840111,1
4230152,1
780704,1
780705,5
780706,3
3837606,1
780700,1
780702,2
780703,9
780708,2
780709,4
3611069,1
778804,1
743905,1
531141,1
6042427,1
2836504,1
3837054,1
