4058033,1
4058130,1
3663553,1
3663552,1
3663498,1
3663550,1
3663556,1
3663559,1
3663491,1
3663497,1
3663494,1
3663670,1
4705169,1
3663675,1
3663678,1
3663679,1
4204100,1
3663476,1
3663477,1
3663470,1
3663471,1
3663472,1
3663473,1
3663478,1
3663479,1
3663775,1
737448,1
4059125,1
4058496,1
4058555,1
4058885,1
3663604,1
3663602,1
3663601,1
3663600,1
3663609,1
3663608,1
4058954,1
4059404,1
4058813,1
3663358,1
4058677,1
4200782,1
3663350,1
3663353,1
3663355,1
3663354,1
3663357,1
3663356,1
4200237,1
4201010,1
4198295,1
3284902,1
4058170,1
3663508,1
3663504,1
4715056,1
3663506,1
3663507,1
3663502,1
4058377,1
4058372,1
5773401,1
4058071,1
4058077,1
4205081,1
5236561,1
4204251,1
6335697,1
4058081,1
1158061,1
4058105,1
782401,1
4200164,1
3663430,1
3663431,1
3663432,1
4205049,1
4197037,1
4058454,1
3663724,1
3663725,1
3663649,1
3663648,1
4198812,1
4197030,1
3663722,1
3663723,1
3663642,1
4057724,1
3663640,1
3663646,1
3663645,1
4058651,1
4058853,1
655614,1
4197665,1
5633777,1
646450,1
3663474,1
4058928,1
4059028,1
3663380,1
3663381,1
4204692,1
4058706,1
3663388,1
4197847,1
4059054,1
4057823,1
583180,1
3663319,1
3663315,1
3663317,1
3663316,1
3663311,1
3663313,1
3663312,1
3663334,1
4713221,1
3663540,1
3663543,1
3663544,1
4715016,1
3663547,1
3663548,1
4436576,1
3663689,1
3663687,1
3663686,1
3663685,1
3663684,1
3663683,1
3663681,1
4715729,1
4711941,1
3663447,1
3663449,1
3663448,1
3663764,1
3663765,1
5587163,1
5277183,1
4199170,1
4103461,0
645184,1
4201312,1
4059468,1
4058562,1
4198356,1
3663614,1
3663615,1
3663616,1
3663613,1
3663618,1
3663619,1
4059062,1
4059066,1
4059069,1
6312386,1
4059418,1
5650537,1
4058415,1
623014,1
5510176,1
4059143,1
661002,1
5967907,1
4058663,1
4200249,1
4674549,1
4058242,1
3663539,1
3663538,1
4205343,1
3663530,1
3663533,1
3663532,1
3663534,1
3663536,1
64334,1
4058347,1
4057871,1
4058065,1
6135941,1
3868355,1
679459,1
3663346,1
3663347,1
3663344,1
3663345,1
3663343,1
3663340,1
3663499,1
3663407,1
3663406,1
3663401,1
3663403,1
4715608,1
4058114,1
782431,1
782432,2
782433,2
782434,2
782435,2
4200759,1
3663522,1
4057886,1
3663488,1
637992,1
3663658,1
3663710,1
3663712,1
3663714,1
4059399,1
3663655,1
3663656,1
3663657,1
4199143,1
635384,1
4714992,1
626423,1
4059082,1
4059087,1
4688269,1
4714781,1
631859,1
4204295,1
3663635,1
4058932,1
4204766,1
4059422,1
4059427,1
4059426,1
4058440,1
4058526,1
3663389,1
3663630,1
3663379,1
3663378,1
3663377,1
3663376,1
3663375,1
3663372,1
4058659,1
3663370,1
1157485,1
4059156,1
4692363,1
4057938,1
3663631,1
2087416,1
2068001,1
4058789,1
3663308,1
3663309,1
3663306,1
633739,1
3663305,1
6060179,1
3663708,1
782377,2
4058152,1
4058744,1
3663579,1
3663700,1
4058771,1
3663577,1
3663576,1
3663571,1
3663573,1
3663699,1
3663694,1
3663695,1
3663696,1
3663697,1
3663690,1
3663692,1
3663597,1
3663596,1
3663595,1
3663594,1
3663593,1
3663592,1
3663591,1
3663459,1
3663456,1
3663454,1
3663455,1
3663452,1
3663450,1
3663451,1
4200148,1
4059479,1
4059477,1
4058472,1
3663621,1
3663623,1
3663622,1
3663624,1
3663626,1
3663629,1
3663628,1
633864,1
4710789,1
4058615,1
782430,1
665316,1
4198229,1
1256857,1
4058578,1
4205293,1
4059502,1
4059509,1
3663701,1
4199931,1
4204570,1
4057960,1
4057963,1
3663330,1
643474,1
4674070,1
3663339,1
3663412,1
3663413,1
3663416,1
3663417,1
3663415,1
6254393,1
3663418,1
3663419,1
666421,1
782427,1
4717212,1
2157565,1
4695441,1
3663526,1
3663527,1
3663524,1
3663489,1
4205199,1
3663520,1
3663521,1
3663485,1
3663484,1
3663487,1
3663481,1
3663480,1
3663528,1
3663529,1
3663665,1
3663667,1
3663666,1
3663661,1
3663660,1
3663663,1
3663662,1
4681290,1
4198870,1
3663466,1
4204058,1
3663464,1
3663463,1
3663461,1
3663706,1
3663704,1
3663702,1
3663469,1
3663468,1
4059130,1
2041837,1
634731,1
4196984,1
778555,1
4058540,1
3663590,1
4197044,1
4058942,1
4674452,1
4058539,1
4058824,1
3188854,1
3663369,1
4058091,1
6100898,1
3663367,1
4058095,1
3663361,1
3663362,1
3663363,1
52497,1
3663396,1
4057926,1
1949588,1
4058793,1
6192459,1
789921,1
4058165,1
4204805,1
3663519,1
3663517,1
3663515,1
3663512,1
3663510,1
4057649,1
4200705,1
5946826,1
3663711,1
4057859,1
4057855,1
4057852,1
4059078,1
3663569,1
3663562,1
3663560,1
3663567,1
3663564,1
631156,1
4057789,1
3663748,1
3663585,1
3663586,1
3663587,1
3663580,1
3663582,1
3663651,1
3663423,1
3663420,1
3663427,1
3663589,1
3663425,1
5693245,1
668976,1
6013136,1
4059449,1
2153667,1
4059192,1
3663737,1
3663734,1
3663733,1
3663639,1
3663634,1
4058764,1
3663633,1
3663739,1
3663738,1
3663671,1
4059049,1
849777,1
4058219,1
2050269,1
4058695,1
4204667,1
1154803,1
4696860,1
4201946,1
4058912,1
3663395,1
3663394,1
3663397,1
4198147,1
3663391,1
3663390,1
4203034,1
3663399,1
3663398,1
4058287,1
4058283,1
3663320,1
3663321,1
3663323,1
3663324,1
3663325,1
3663327,1
3663328,1
3663329,1
