0,6
1,0
2,4
3,1
4,0
5,2
6,1
7,2
8,1
9,1
10,2
11,1
12,2
13,3
14,0
15,0
16,2
17,1
18,0
19,0
20,2
21,3
22,2
23,6
24,2
25,0
26,0
27,0
28,1
29,0
30,1
31,0
32,0
33,0
34,1
35,2
36,3
37,1
38,3
39,1
40,1
41,2
42,3
43,0
44,2
45,0
46,0
47,2
48,0
49,1
50,2
51,1
52,1
53,4
54,0
55,2
56,0
57,1
58,4
59,3
60,1
61,0
62,0
63,0
64,1
65,1
66,1
67,2
68,0
69,1
70,6
71,1
72,2
73,2
74,2
75,0
76,1
77,3
78,0
79,0
80,2
81,1
82,0
83,1
84,3
85,4
86,0
87,1
88,0
89,3
90,0
91,3
92,1
93,1
94,2
95,0
96,3
97,1
98,0
99,1
100,2
101,0
102,3
103,1
104,2
105,1
106,1
107,0
108,2
109,0
110,0
111,2
112,1
113,2
114,0
115,1
116,3
117,2
118,4
119,2
120,2
121,2
122,1
123,4
124,0
125,2
126,0
127,4
128,1
129,2
130,0
131,4
132,5
133,2
134,3
135,3
136,1
137,3
138,2
139,0
140,2
141,1
142,2
143,2
144,4
145,1
146,1
147,1
148,0
149,1
150,0
151,1
152,2
153,2
154,1
155,5
156,1
157,3
158,3
159,2
160,4
161,3
162,2
163,0
164,0
165,1
166,0
167,1
168,2
169,2
170,2
171,1
172,2
173,2
174,4
175,0
176,3
177,3
178,0
179,3
180,3
181,1
182,1
183,2
184,0
185,1
186,3
187,1
188,5
189,1
190,0
191,2
192,2
193,1
194,1
195,1
196,0
197,0
198,1
199,0
200,0
201,1
202,2
203,1
204,1
205,3
206,4
207,0
208,1
209,2
210,0
211,3
212,0
213,1
214,2
215,1
216,2
217,2
218,3
219,1
220,1
221,0
222,3
223,2
224,1
225,2
226,1
227,1
228,0
229,4
230,4
231,0
232,1
233,2
234,1
235,0
236,2
237,3
238,3
239,4
240,2
241,4
242,2
243,2
244,3
245,1
246,0
247,2
248,2
249,1
250,0
251,2
252,2
253,0
254,4
255,3
256,2
257,1
258,0
259,1
260,0
261,2
262,3
263,3
264,1
265,0
266,2
267,0
268,1
269,1
270,6
271,2
272,1
273,0
274,2
275,2
276,1
277,5
278,0
279,0
280,2
281,1
282,0
283,1
284,1
285,1
286,2
287,0
288,1
289,1
290,1
291,0
292,0
293,3
294,1
295,1
296,2
297,0
298,3
299,1
300,0
301,2
302,2
303,2
304,1
305,4
306,2
307,1
308,4
309,4
310,2
311,0
312,0
313,1
314,0
315,3
316,1
317,5
318,2
319,2
320,2
321,2
322,2
323,2
324,1
325,1
326,1
327,1
328,1
329,2
330,1
331,3
332,1
333,1
334,0
335,0
336,1
337,1
338,1
339,1
340,1
341,0
342,1
343,1
344,0
345,5
346,0
347,1
348,0
349,0
350,2
351,2
352,1
353,1
354,4
355,0
356,2
357,1
358,1
359,2
360,1
361,3
362,2
363,0
364,3
365,2
366,2
367,0
368,1
369,1
370,2
371,1
372,1
373,2
374,1
375,1
376,5
377,0
378,1
379,1
380,1
381,2
382,2
383,7
384,2
385,2
386,0
387,0
388,2
389,4
390,1
391,1
392,2
393,2
394,1
395,0
396,3
397,1
398,1
399,1
400,3
401,1
402,1
403,2
404,2
405,0
406,2
407,2
408,1
409,1
410,2
411,2
412,6
413,2
414,3
415,0
416,2
417,3
418,0
419,2
420,0
421,2
422,2
423,4
424,2
425,3
426,2
427,3
428,4
429,2
430,0
431,0
432,1
433,0
434,1
435,1
436,3
437,0
438,3
439,2
440,0
441,1
442,2
443,1
444,1
445,2
446,0
447,3
448,2
449,4
450,1
451,2
452,1
453,1
454,2
455,0
456,0
457,1
458,0
459,0
460,1
461,0
462,1
463,3
464,0
465,0
466,1
467,3
468,0
469,2
470,5
471,1
472,0
473,4
474,4
475,1
476,1
477,1
478,1
479,1
480,1
481,2
482,4
483,2
484,4
485,3
486,0
487,0
488,1
489,2
490,4
491,1
492,1
493,1
494,1
495,2
496,2
497,3
498,1
499,0
500,2
501,1
502,2
503,1
504,2
505,2
506,1
507,1
508,1
509,3
510,2
511,1
512,2
513,1
514,1
515,0
516,2
517,0
518,1
519,3
520,1
521,4
522,2
523,1
524,0
525,2
526,0
527,0
528,2
529,1
530,2
531,4
532,0
533,4
534,5
535,0
536,3
537,2
538,0
539,3
540,2
541,2
542,2
543,3
544,1
545,3
546,2
547,0
548,2
549,1
550,2
551,0
552,3
553,0
554,4
555,0
556,2
557,2
558,2
559,1
560,3
561,0
562,1
563,2
564,0
565,2
566,1
567,0
568,2
569,2
570,0
571,0
572,1
573,1
574,0
575,2
576,2
577,2
578,2
579,1
580,1
581,0
582,1
583,1
584,1
585,0
586,4
587,1
588,2
589,1
590,1
591,2
592,1
593,0
594,2
595,1
596,2
597,0
598,2
599,0
600,1
601,3
602,1
603,2
604,0
605,1
606,0
607,1
608,1
609,1
610,2
611,2
612,1
613,2
614,3
615,2
616,2
617,5
618,4
619,2
620,3
621,0
622,4
623,0
624,4
625,2
626,4
627,2
628,2
629,2
630,0
631,1
632,2
633,4
634,2
635,1
636,2
637,3
638,3
639,3
640,2
641,1
642,3
643,1
644,0
645,2
646,1
647,1
648,1
649,1
650,0
651,1
652,0
653,3
654,0
655,0
656,0
657,4
658,0
659,1
660,2
661,4
662,2
663,2
664,2
665,4
666,3
667,1
668,3
669,1
670,4
671,2
672,0
673,3
674,1
675,3
676,3
677,2
678,1
679,3
680,1
681,2
682,2
683,0
684,1
685,0
686,0
687,1
688,2
689,3
690,0
691,0
692,2
693,0
694,0
695,1
696,0
697,2
698,1
699,1
700,0
701,1
702,0
703,0
704,2
705,2
706,3
707,1
708,2
709,1
710,3
711,0
712,0
713,2
714,2
715,1
716,1
717,1
718,3
719,1
720,4
721,4
722,0
723,1
724,1
725,1
726,3
727,3
728,2
729,2
730,1
731,1
732,2
733,0
734,2
735,0
736,1
737,1
738,0
739,0
740,2
741,0
742,3
743,1
744,3
745,0
746,2
747,1
748,0
749,1
750,2
751,0
752,1
753,0
754,0
755,0
756,3
757,4
758,1
759,0
760,1
761,0
762,2
763,2
764,1
765,1
766,3
767,2
768,2
769,0
770,3
771,1
772,3
773,0
774,3
775,2
776,1
777,1
778,1
779,0
780,1
781,0
782,4
783,4
784,3
785,0
786,1
787,1
788,2
789,0
790,0
791,1
792,4
793,2
794,1
795,2
796,1
797,4
798,0
799,1
800,1
801,3
802,2
803,1
804,3
805,1
806,2
807,2
808,3
809,0
810,2
811,2
812,1
813,0
814,1
815,2
816,2
817,0
818,2
819,1
820,1
821,0
822,3
823,1
824,2
825,3
826,2
827,3
828,1
829,1
830,0
831,2
832,1
833,0
834,2
835,0
836,3
837,1
838,5
839,2
840,2
841,0
842,1
843,2
844,1
845,2
846,0
847,2
848,1
849,5
850,3
851,0
852,2
853,1
854,0
855,0
856,4
857,3
858,3
859,0
860,1
861,2
862,0
863,0
864,2
865,4
866,1
867,3
868,1
869,2
870,2
871,1
872,5
873,1
874,6
875,1
876,4
877,3
878,1
879,0
880,4
881,0
882,2
883,0
884,1
885,1
886,4
887,1
888,1
889,3
890,0
891,1
892,4
893,0
894,2
895,1
896,3
897,0
898,3
899,1
900,1
901,1
902,4
903,1
904,3
905,4
906,2
907,1
908,0
909,1
910,1
911,1
912,1
913,2
914,1
915,2
916,1
917,2
918,0
919,0
920,1
921,1
922,4
923,1
924,5
925,1
926,1
927,1
928,1
929,1
930,1
931,3
932,0
933,0
934,1
935,0
936,0
937,1
938,4
939,2
940,0
941,2
942,3
943,1
944,2
945,2
946,2
947,0
948,3
949,2
950,1
951,4
952,2
953,2
954,1
955,1
956,1
957,2
958,3
959,4
960,0
961,1
962,2
963,3
964,2
965,1
966,2
967,4
968,1
969,1
970,1
971,1
972,1
973,4
974,2
975,1
976,1
977,0
978,2
979,2
980,1
981,2
982,2
983,2
984,2
985,0
986,5
987,2
988,1
989,1
990,1
991,1
992,1
993,2
994,2
995,1
996,1
997,0
998,0
999,3
1000,3
1001,2
1002,1
1003,0
1004,3
1005,3
1006,0
1007,1
1008,1
1009,2
1010,0
1011,1
1012,2
1013,3
1014,2
1015,2
1016,0
1017,3
1018,1
1019,0
1020,0
1021,1
1022,0
1023,1
1024,1
1025,1
1026,1
1027,6
1028,2
1029,0
1030,2
1031,1
1032,3
1033,3
1034,5
1035,1
1036,2
1037,1
1038,1
1039,4
1040,1
1041,1
1042,3
1043,4
1044,3
1045,1
1046,2
1047,0
1048,0
1049,3
1050,3
1051,4
1052,0
1053,0
1054,2
1055,1
1056,2
1057,0
1058,1
1059,3
1060,1
1061,2
1062,0
1063,1
1064,0
1065,2
1066,2
1067,3
1068,2
1069,0
1070,2
1071,2
1072,1
1073,1
1074,1
1075,1
1076,0
1077,3
1078,0
1079,1
1080,1
1081,3
1082,0
1083,0
1084,3
1085,4
1086,0
1087,0
1088,0
1089,0
1090,1
1091,1
1092,2
1093,3
1094,1
1095,0
1096,1
1097,0
1098,1
1099,2
1100,1
1101,1
1102,4
1103,2
1104,1
1105,1
1106,2
1107,2
1108,4
1109,3
1110,0
1111,0
1112,1
1113,1
1114,2
1115,3
1116,3
1117,0
1118,3
1119,3
1120,0
1121,0
1122,0
1123,2
1124,1
1125,2
1126,2
1127,3
1128,0
1129,2
1130,0
1131,1
1132,0
1133,1
1134,0
1135,3
1136,2
1137,1
1138,1
1139,1
1140,2
1141,0
1142,2
1143,1
1144,2
1145,0
1146,2
1147,0
1148,2
1149,1
1150,2
1151,3
1152,1
1153,2
1154,2
1155,0
1156,3
1157,0
1158,0
1159,3
1160,1
1161,1
1162,2
1163,1
1164,2
1165,4
1166,4
1167,1
1168,2
1169,3
1170,5
1171,2
1172,2
1173,1
1174,1
1175,2
1176,1
1177,3
1178,2
1179,4
1180,0
1181,1
1182,1
1183,2
1184,0
1185,4
1186,4
1187,3
1188,0
1189,0
1190,1
1191,2
1192,0
1193,1
1194,1
1195,0
1196,5
1197,4
1198,2
1199,4
1200,0
1201,1
1202,0
1203,1
1204,2
1205,2
1206,1
1207,1
1208,0
1209,1
1210,3
1211,2
1212,0
1213,5
1214,0
1215,1
1216,1
1217,1
1218,2
1219,2
1220,1
1221,1
1222,1
1223,1
1224,2
1225,2
1226,0
1227,3
1228,2
1229,1
1230,1
1231,5
1232,3
1233,0
1234,2
1235,2
1236,0
1237,3
1238,3
1239,1
1240,1
1241,3
1242,2
1243,2
1244,2
1245,3
1246,3
1247,2
1248,3
1249,1
1250,5
1251,0
1252,0
1253,2
1254,2
1255,1
1256,0
1257,1
1258,3
1259,2
1260,3
1261,3
1262,3
1263,1
1264,1
1265,0
1266,0
1267,2
1268,1
1269,1
1270,2
1271,1
1272,2
1273,3
1274,3
1275,1
1276,2
1277,1
1278,3
1279,3
1280,2
1281,2
1282,1
1283,1
1284,3
1285,2
1286,1
1287,3
1288,3
1289,2
1290,1
1291,2
1292,3
1293,2
1294,3
1295,0
1296,2
1297,3
1298,0
1299,1
1300,1
1301,2
1302,0
1303,4
1304,0
1305,1
1306,0
1307,3
1308,2
1309,2
1310,2
1311,0
1312,0
1313,2
1314,2
1315,0
1316,4
1317,2
1318,0
1319,0
1320,1
1321,1
1322,3
1323,3
1324,1
1325,1
1326,2
1327,3
1328,2
1329,4
1330,4
1331,0
1332,1
1333,5
1334,1
1335,1
1336,0
1337,2
1338,2
1339,1
1340,2
1341,0
1342,1
1343,2
1344,1
1345,2
1346,1
1347,1
1348,0
1349,0
1350,0
1351,1
1352,0
1353,2
1354,0
1355,2
1356,2
1357,0
1358,2
1359,4
1360,5
1361,1
1362,1
1363,1
1364,1
1365,1
1366,2
1367,0
1368,5
1369,0
1370,2
1371,4
1372,0
1373,1
1374,0
1375,2
1376,4
1377,2
1378,1
1379,0
1380,1
1381,0
1382,4
1383,1
1384,1
1385,0
1386,2
1387,1
1388,0
1389,1
1390,5
1391,1
1392,0
1393,1
1394,2
1395,3
1396,0
1397,2
1398,3
1399,1
1400,3
1401,1
1402,0
1403,1
1404,1
1405,3
1406,1
1407,1
1408,0
1409,1
1410,2
1411,2
1412,0
1413,0
1414,0
1415,1
1416,1
1417,1
1418,1
1419,1
1420,0
1421,4
1422,1
1423,0
1424,0
1425,5
1426,1
1427,1
1428,1
1429,0
1430,2
1431,4
1432,2
1433,3
1434,2
1435,1
1436,0
1437,0
1438,2
1439,4
1440,1
1441,0
1442,1
1443,1
1444,0
1445,4
1446,5
1447,3
1448,1
1449,2
1450,3
1451,1
1452,3
1453,0
1454,1
1455,4
1456,0
1457,1
1458,2
1459,0
1460,0
1461,0
1462,1
1463,0
1464,1
1465,2
1466,1
1467,2
1468,1
1469,1
1470,1
1471,1
1472,1
1473,2
1474,2
1475,1
1476,4
1477,1
1478,4
1479,2
1480,4
1481,1
1482,1
1483,1
1484,1
1485,2
1486,0
1487,2
1488,1
1489,4
1490,2
1491,0
1492,0
1493,0
1494,2
1495,4
1496,2
1497,1
1498,1
1499,1
1500,1
1501,1
1502,2
1503,0
1504,3
1505,3
1506,1
1507,1
1508,2
1509,3
1510,1
1511,3
1512,1
1513,2
1514,1
1515,3
1516,2
1517,1
1518,4
1519,1
1520,2
1521,0
1522,3
1523,1
1524,3
1525,1
1526,2
1527,1
1528,2
1529,1
1530,0
1531,1
1532,0
1533,1
1534,1
1535,2
1536,1
1537,3
1538,2
1539,2
1540,0
1541,1
1542,3
1543,2
1544,1
1545,3
1546,0
1547,3
1548,4
1549,2
1550,2
1551,2
1552,0
1553,1
1554,3
1555,1
1556,2
1557,1
1558,2
1559,1
1560,1
1561,1
1562,4
1563,2
1564,3
1565,1
1566,0
1567,0
1568,1
1569,2
1570,2
1571,2
1572,1
1573,1
1574,2
1575,0
1576,0
1577,3
1578,1
1579,2
1580,1
1581,4
1582,1
1583,2
1584,1
1585,1
1586,3
1587,4
1588,6
1589,3
1590,0
1591,2
1592,1
1593,2
1594,1
1595,3
1596,0
1597,1
1598,1
1599,2
1600,1
1601,1
1602,3
1603,2
1604,3
1605,6
1606,1
1607,3
1608,0
1609,3
1610,3
1611,4
1612,0
1613,1
1614,4
1615,0
1616,1
1617,6
1618,1
1619,2
1620,1
1621,0
1622,1
1623,0
1624,0
1625,0
1626,2
1627,1
1628,2
1629,1
1630,1
1631,1
1632,2
1633,2
1634,4
1635,2
1636,3
1637,2
1638,0
1639,2
1640,2
1641,2
1642,0
1643,0
1644,1
1645,2
1646,5
1647,3
1648,2
1649,1
1650,2
1651,1
1652,3
1653,2
1654,5
1655,4
1656,1
1657,1
1658,3
1659,2
1660,1
1661,1
1662,1
1663,0
1664,2
1665,0
1666,3
1667,3
1668,3
1669,1
1670,1
1671,0
1672,3
1673,6
1674,1
1675,1
1676,2
1677,1
1678,2
1679,1
1680,1
1681,1
1682,1
1683,1
1684,1
1685,3
1686,3
1687,1
1688,5
1689,0
1690,2
1691,0
1692,1
1693,3
1694,2
1695,0
1696,2
1697,0
1698,1
1699,4
1700,1
1701,2
1702,3
1703,2
1704,4
1705,1
1706,2
1707,1
1708,0
1709,1
1710,0
1711,1
1712,1
1713,1
1714,2
1715,0
1716,0
1717,2
1718,3
1719,1
1720,1
1721,3
1722,4
1723,2
1724,1
1725,3
1726,6
1727,3
1728,3
1729,2
1730,4
1731,0
1732,2
1733,3
1734,0
1735,2
1736,3
1737,1
1738,3
1739,7
1740,3
1741,3
1742,1
1743,3
1744,0
1745,0
1746,2
1747,1
1748,2
1749,3
1750,3
1751,1
1752,1
1753,1
1754,0
1755,0
1756,0
1757,1
1758,1
1759,3
1760,3
1761,0
1762,3
1763,2
1764,1
1765,3
1766,2
1767,1
1768,0
1769,2
1770,3
1771,0
1772,2
1773,1
1774,1
1775,1
1776,1
1777,1
1778,2
1779,1
1780,2
1781,3
1782,1
1783,2
1784,0
1785,1
1786,2
1787,0
1788,1
1789,0
1790,1
1791,1
1792,2
1793,0
1794,4
1795,0
1796,3
1797,1
1798,1
1799,2
1800,1
1801,0
1802,2
1803,2
1804,3
1805,1
1806,1
1807,2
1808,1
1809,1
1810,1
1811,5
1812,4
1813,1
1814,5
1815,4
1816,1
1817,1
1818,2
1819,1
1820,0
1821,0
1822,4
1823,3
1824,3
1825,4
1826,2
1827,1
1828,1
1829,2
1830,0
1831,4
1832,2
1833,3
1834,2
1835,1
1836,3
1837,1
1838,1
1839,0
1840,0
1841,0
1842,0
1843,1
1844,1
1845,1
1846,1
1847,0
1848,2
1849,0
1850,2
1851,1
1852,2
1853,4
1854,2
1855,3
1856,0
1857,4
1858,1
1859,0
1860,1
1861,1
1862,2
1863,1
1864,3
1865,5
1866,0
1867,3
1868,1
1869,2
1870,1
1871,2
1872,2
1873,1
1874,0
1875,4
1876,1
1877,3
1878,3
1879,1
1880,2
1881,4
1882,0
1883,2
1884,0
1885,2
1886,0
1887,3
1888,0
1889,2
1890,1
1891,2
1892,1
1893,1
1894,4
1895,1
1896,2
1897,0
1898,2
1899,3
1900,1
1901,0
1902,3
1903,3
1904,2
1905,3
1906,1
1907,2
1908,2
1909,2
1910,2
1911,2
1912,1
1913,0
1914,0
1915,1
1916,3
1917,0
1918,2
1919,1
1920,0
1921,0
1922,2
1923,0
1924,1
1925,0
1926,1
1927,1
1928,3
1929,1
1930,1
1931,1
1932,3
1933,3
1934,0
1935,2
1936,0
1937,1
1938,2
1939,0
1940,3
1941,0
1942,0
1943,0
1944,3
1945,3
1946,1
1947,2
1948,0
1949,1
1950,5
1951,2
1952,0
1953,2
1954,1
1955,0
1956,0
1957,2
1958,1
1959,2
1960,5
1961,2
1962,0
1963,0
1964,1
1965,1
1966,5
1967,1
1968,1
1969,2
1970,1
1971,1
1972,2
1973,2
1974,1
1975,0
1976,2
1977,0
1978,4
1979,0
1980,3
1981,5
1982,3
1983,1
1984,0
1985,2
1986,1
1987,1
1988,2
1989,1
1990,2
1991,1
1992,1
1993,1
1994,1
1995,1
1996,3
1997,2
1998,2
1999,0
2000,0
2001,2
2002,4
2003,0
2004,2
2005,2
2006,3
2007,0
2008,1
2009,2
2010,0
2011,0
2012,0
2013,2
2014,2
2015,1
2016,1
2017,1
2018,2
2019,0
2020,1
2021,1
2022,1
2023,1
2024,3
2025,5
2026,1
2027,0
2028,2
2029,2
2030,0
2031,4
2032,1
2033,1
2034,4
2035,3
2036,2
2037,1
2038,3
2039,1
2040,2
2041,1
2042,0
2043,1
2044,2
2045,2
2046,1
2047,0
2048,3
2049,3
2050,3
2051,2
2052,0
2053,0
2054,2
2055,3
2056,4
2057,1
2058,2
2059,1
2060,1
2061,0
2062,2
2063,1
2064,0
2065,2
2066,3
2067,2
2068,1
2069,0
2070,0
2071,4
2072,0
2073,2
2074,1
2075,1
2076,1
2077,1
2078,0
2079,1
2080,2
2081,4
2082,1
2083,3
2084,0
2085,3
2086,6
2087,3
2088,0
2089,1
2090,2
2091,1
2092,1
2093,3
2094,0
2095,1
2096,3
2097,4
2098,1
2099,3
2100,2
2101,0
2102,3
2103,0
2104,3
2105,0
2106,1
2107,1
2108,1
2109,3
2110,5
2111,1
2112,2
2113,0
2114,2
2115,1
2116,1
2117,1
2118,3
2119,4
2120,1
2121,0
2122,1
2123,1
2124,1
2125,4
2126,0
2127,0
2128,0
2129,1
2130,0
2131,0
2132,4
2133,1
2134,0
2135,3
2136,3
2137,2
2138,3
2139,1
2140,3
2141,2
2142,2
2143,4
2144,1
2145,2
2146,0
2147,0
2148,0
2149,1
2150,2
2151,1
2152,1
2153,0
2154,2
2155,3
2156,3
2157,2
2158,0
2159,0
2160,1
2161,2
2162,0
2163,1
2164,3
2165,1
2166,1
2167,2
2168,2
2169,5
2170,0
2171,3
2172,2
2173,2
2174,0
2175,1
2176,1
2177,0
2178,3
2179,0
2180,0
2181,3
2182,0
2183,1
2184,1
2185,1
2186,2
2187,2
2188,1
2189,1
2190,1
2191,1
2192,1
2193,1
2194,6
2195,2
2196,1
2197,2
2198,1
2199,0
2200,1
2201,2
2202,2
2203,2
2204,1
2205,1
2206,0
2207,4
2208,1
2209,1
2210,1
2211,3
2212,2
2213,0
2214,3
2215,1
2216,0
2217,4
2218,1
2219,2
2220,0
2221,3
2222,5
2223,1
2224,1
2225,1
2226,3
2227,2
2228,0
2229,0
2230,1
2231,2
2232,0
2233,2
2234,0
2235,1
2236,0
2237,1
2238,1
2239,1
2240,1
2241,1
2242,0
2243,1
2244,0
2245,0
2246,2
2247,0
2248,1
2249,1
2250,1
2251,2
2252,0
2253,2
2254,0
2255,2
2256,4
2257,2
2258,1
2259,0
2260,2
2261,0
2262,0
2263,3
2264,0
2265,0
2266,3
2267,0
2268,2
2269,4
2270,1
2271,1
2272,3
2273,0
2274,4
2275,1
2276,3
2277,3
2278,1
2279,2
2280,2
2281,4
2282,2
2283,2
2284,0
2285,1
2286,0
2287,3
2288,1
2289,3
2290,1
2291,1
2292,1
2293,1
2294,1
2295,2
2296,3
2297,4
2298,1
2299,1
2300,0
2301,1
2302,3
2303,2
2304,0
2305,1
2306,2
2307,0
2308,0
2309,4
2310,1
2311,0
2312,0
2313,1
2314,1
2315,1
2316,3
2317,0
2318,3
2319,2
2320,2
2321,0
2322,2
2323,1
2324,1
2325,5
2326,3
2327,2
2328,1
2329,3
2330,4
2331,2
2332,4
2333,2
2334,2
2335,3
2336,1
2337,1
2338,5
2339,1
2340,3
2341,2
2342,4
2343,1
2344,1
2345,7
2346,3
2347,1
2348,1
2349,1
2350,1
2351,0
2352,3
2353,0
2354,0
2355,2
2356,0
2357,2
2358,0
2359,0
2360,1
2361,1
2362,3
2363,0
2364,2
2365,2
2366,0
2367,1
2368,1
2369,2
2370,2
2371,1
2372,2
2373,2
2374,1
2375,0
2376,1
2377,2
2378,2
2379,2
2380,1
2381,1
2382,3
2383,0
2384,1
2385,1
2386,4
2387,2
2388,0
2389,2
2390,1
2391,1
2392,2
2393,0
2394,1
2395,2
2396,3
2397,5
2398,0
2399,3
2400,3
2401,0
2402,0
2403,6
2404,4
2405,2
2406,3
2407,0
2408,2
2409,1
2410,4
2411,2
2412,1
2413,3
2414,0
2415,0
2416,2
2417,2
2418,2
2419,1
2420,1
2421,0
2422,1
2423,1
2424,2
2425,5
2426,1
2427,5
2428,0
2429,2
2430,1
2431,0
2432,3
2433,3
2434,2
2435,0
2436,2
2437,0
2438,1
2439,3
2440,3
2441,3
2442,2
2443,3
2444,2
2445,2
2446,1
2447,5
2448,3
2449,1
2450,1
2451,0
2452,3
2453,1
2454,1
2455,0
2456,1
2457,1
2458,2
2459,2
2460,2
2461,3
2462,4
2463,5
2464,2
2465,1
2466,4
2467,2
2468,2
2469,0
2470,2
2471,1
2472,1
2473,0
2474,2
2475,2
2476,4
2477,1
2478,2
2479,2
2480,0
2481,2
2482,1
2483,0
2484,2
2485,1
2486,2
2487,1
2488,2
2489,0
2490,0
2491,1
2492,0
2493,3
2494,0
2495,0
2496,2
2497,1
2498,1
2499,3
2500,2
2501,2
2502,1
2503,2
2504,4
2505,4
2506,1
2507,3
2508,1
2509,0
2510,1
2511,1
2512,0
2513,1
2514,1
2515,4
2516,2
2517,0
2518,1
2519,4
2520,0
2521,1
2522,4
2523,1
2524,1
2525,2
2526,0
2527,2
2528,0
2529,2
2530,3
2531,1
2532,5
2533,1
2534,0
2535,0
2536,2
2537,1
2538,1
2539,3
2540,2
2541,2
2542,3
2543,0
2544,0
2545,2
2546,3
2547,0
2548,1
2549,3
2550,2
2551,4
2552,2
2553,0
2554,1
2555,1
2556,1
2557,2
2558,3
2559,6
2560,0
2561,4
2562,2
2563,1
2564,3
2565,2
2566,0
2567,1
2568,2
2569,0
2570,1
2571,2
2572,1
2573,2
2574,0
2575,2
2576,0
2577,1
2578,4
2579,2
2580,2
2581,0
2582,0
2583,0
2584,1
2585,3
2586,0
2587,2
2588,1
2589,1
2590,0
2591,1
2592,0
2593,0
2594,2
2595,2
2596,3
2597,5
2598,3
2599,0
2600,1
2601,4
2602,0
2603,2
2604,1
2605,4
2606,1
2607,1
2608,0
2609,1
2610,0
2611,1
2612,1
2613,1
2614,0
2615,0
2616,0
2617,2
2618,1
2619,2
2620,2
2621,3
2622,2
2623,3
2624,0
2625,3
2626,0
2627,2
2628,1
2629,0
2630,1
2631,2
2632,1
2633,2
2634,0
2635,0
2636,3
2637,0
2638,1
2639,5
2640,1
2641,1
2642,1
2643,2
2644,0
2645,2
2646,3
2647,1
2648,2
2649,0
2650,0
2651,2
2652,2
2653,2
2654,3
2655,2
2656,3
2657,3
2658,2
2659,3
2660,1
2661,1
2662,3
2663,2
2664,0
2665,0
2666,1
2667,0
2668,3
2669,2
2670,0
2671,1
2672,1
2673,3
2674,2
2675,4
2676,1
2677,6
2678,2
2679,0
2680,2
2681,1
2682,0
2683,2
2684,0
2685,2
2686,1
2687,3
2688,1
2689,2
2690,2
2691,0
2692,0
2693,1
2694,2
2695,4
2696,5
2697,2
2698,0
2699,1
2700,1
2701,4
2702,1
2703,2
2704,2
2705,1
2706,2
2707,3
2708,3
2709,1
2710,3
2711,2
2712,2
2713,2
2714,0
2715,0
2716,2
2717,2
2718,0
2719,3
2720,3
2721,2
2722,3
2723,2
2724,1
2725,1
2726,0
2727,1
2728,1
2729,0
2730,4
2731,2
2732,1
2733,1
2734,1
2735,1
2736,2
2737,2
2738,0
2739,0
2740,0
2741,1
2742,0
2743,2
2744,1
2745,3
2746,0
2747,2
2748,1
2749,1
2750,5
2751,1
2752,1
2753,1
2754,3
2755,2
2756,0
2757,0
2758,1
2759,0
2760,0
2761,2
2762,1
2763,2
2764,2
2765,5
2766,3
2767,0
2768,2
2769,4
2770,1
2771,4
2772,1
2773,0
2774,0
2775,0
2776,1
2777,0
2778,2
2779,3
2780,3
2781,1
2782,1
2783,3
2784,0
2785,2
2786,1
2787,3
2788,5
2789,3
2790,1
2791,2
2792,1
2793,0
2794,1
2795,1
2796,0
2797,2
2798,1
2799,0
2800,3
2801,0
2802,2
2803,2
2804,1
2805,2
2806,4
2807,1
2808,3
2809,2
2810,2
2811,1
2812,2
2813,1
2814,2
2815,1
2816,1
2817,3
2818,2
2819,5
2820,5
2821,1
2822,1
2823,0
2824,2
2825,2
2826,1
2827,2
2828,0
2829,0
2830,1
2831,1
2832,3
2833,6
2834,2
2835,3
2836,1
2837,3
2838,1
2839,3
2840,2
2841,0
2842,3
2843,1
2844,1
2845,0
2846,4
2847,3
2848,2
2849,1
2850,0
2851,1
2852,0
2853,4
2854,3
2855,1
2856,5
2857,1
2858,4
2859,0
2860,2
2861,4
2862,1
2863,0
2864,2
2865,0
2866,3
2867,3
2868,2
2869,0
2870,5
2871,2
2872,2
2873,1
2874,5
2875,2
2876,2
2877,2
2878,0
2879,4
2880,2
2881,0
2882,2
2883,1
2884,2
2885,3
2886,1
2887,1
2888,1
2889,2
2890,2
2891,0
2892,2
2893,0
2894,0
2895,0
2896,1
2897,1
2898,1
2899,0
2900,0
2901,1
2902,0
2903,0
2904,2
2905,2
2906,0
2907,1
2908,0
2909,3
2910,1
2911,3
2912,1
2913,2
2914,2
2915,0
2916,1
2917,2
2918,0
2919,1
2920,0
2921,2
2922,0
2923,1
2924,1
2925,2
2926,0
2927,2
2928,1
2929,2
2930,3
2931,2
2932,1
2933,0
2934,2
2935,0
2936,2
2937,1
2938,0
2939,2
2940,1
2941,1
2942,1
2943,0
2944,0
2945,0
2946,2
2947,0
2948,3
2949,3
2950,2
2951,1
2952,1
2953,0
2954,2
2955,0
2956,3
2957,1
2958,3
2959,4
2960,3
2961,0
2962,1
2963,2
2964,1
2965,1
2966,3
2967,2
2968,1
2969,2
2970,6
2971,0
2972,0
2973,0
2974,3
2975,2
2976,0
2977,1
2978,2
2979,0
2980,3
2981,2
2982,1
2983,1
2984,5
2985,4
2986,2
2987,0
2988,4
2989,2
2990,2
2991,1
2992,2
2993,2
2994,2
2995,1
2996,0
2997,2
2998,0
2999,3
3000,1
3001,3
3002,1
3003,1
3004,2
3005,3
3006,3
3007,1
3008,1
3009,0
3010,0
3011,1
3012,3
3013,0
3014,3
3015,3
3016,4
3017,4
3018,4
3019,5
3020,1
3021,2
3022,4
3023,1
3024,2
3025,3
3026,1
3027,1
3028,2
3029,1
3030,2
3031,2
3032,1
3033,1
3034,1
3035,1
3036,2
3037,0
3038,0
3039,2
3040,2
3041,1
3042,0
3043,0
3044,2
3045,1
3046,0
3047,0
3048,0
3049,2
3050,1
3051,1
3052,1
3053,1
3054,0
3055,1
3056,3
3057,0
3058,3
3059,0
3060,2
3061,1
3062,2
3063,1
3064,0
3065,1
3066,1
3067,3
3068,0
3069,1
3070,3
3071,3
3072,1
3073,5
3074,1
3075,0
3076,3
3077,1
3078,1
3079,2
3080,2
3081,0
3082,1
3083,0
3084,4
3085,2
3086,2
3087,0
3088,3
3089,1
3090,1
3091,4
3092,0
3093,2
3094,0
3095,0
3096,0
3097,1
3098,1
3099,3
3100,0
3101,2
3102,1
3103,2
3104,1
3105,2
3106,2
3107,0
3108,1
3109,2
3110,0
3111,0
3112,1
3113,1
3114,3
3115,6
3116,2
3117,0
3118,0
3119,2
3120,3
3121,1
3122,4
3123,0
3124,2
3125,1
3126,0
3127,1
3128,1
3129,1
3130,0
3131,2
3132,1
3133,2
3134,1
3135,1
3136,5
3137,0
3138,0
3139,2
3140,0
3141,1
3142,1
3143,3
3144,2
3145,1
3146,2
3147,1
3148,1
3149,3
3150,3
3151,0
3152,1
3153,2
3154,2
3155,0
3156,4
3157,2
3158,2
3159,1
3160,1
3161,1
3162,1
3163,3
3164,1
3165,2
3166,3
3167,0
3168,0
3169,0
3170,1
3171,4
3172,1
3173,4
3174,1
3175,0
3176,3
3177,2
3178,4
3179,2
3180,0
3181,1
3182,1
3183,3
3184,5
3185,1
3186,4
3187,3
3188,1
3189,3
3190,3
3191,0
3192,5
3193,1
3194,0
3195,2
3196,2
3197,2
3198,1
3199,2
3200,1
3201,0
3202,1
3203,2
3204,2
3205,1
3206,0
3207,5
3208,2
3209,1
3210,0
3211,0
3212,0
3213,2
3214,1
3215,4
3216,2
3217,0
3218,1
3219,1
3220,1
3221,3
3222,1
3223,0
3224,1
3225,1
3226,2
3227,3
3228,1
3229,5
3230,0
3231,0
3232,1
3233,2
3234,4
3235,3
3236,0
3237,1
3238,2
3239,3
3240,4
3241,0
3242,1
3243,3
3244,1
3245,1
3246,0
3247,2
3248,2
3249,4
3250,1
3251,0
3252,3
3253,1
3254,2
3255,2
3256,0
3257,0
3258,0
3259,2
3260,2
3261,3
3262,1
3263,2
3264,3
3265,5
3266,1
3267,1
3268,1
3269,1
3270,4
3271,1
3272,0
3273,1
3274,0
3275,4
3276,2
3277,3
3278,3
3279,1
3280,2
3281,0
3282,3
3283,0
3284,3
3285,0
3286,3
3287,0
3288,4
3289,1
3290,0
3291,2
3292,1
3293,0
3294,2
3295,2
3296,1
3297,0
3298,1
3299,1
3300,1
3301,2
3302,1
3303,1
3304,5
3305,2
3306,1
3307,1
3308,0
3309,1
3310,1
3311,1
3312,2
3313,4
3314,3
3315,1
3316,2
3317,2
3318,2
3319,2
3320,1
3321,1
3322,2
3323,1
3324,4
3325,1
3326,1
3327,2
3328,0
3329,3
3330,3
3331,3
3332,0
3333,1
3334,2
3335,1
3336,4
3337,2
3338,3
3339,3
3340,2
3341,1
3342,1
3343,1
3344,3
3345,1
3346,2
3347,1
3348,3
3349,1
3350,2
3351,2
3352,2
3353,0
3354,2
3355,5
3356,4
3357,1
3358,4
3359,1
3360,2
3361,1
3362,1
3363,1
3364,0
3365,3
3366,1
3367,4
3368,2
3369,1
3370,0
3371,2
3372,3
3373,2
3374,3
3375,1
3376,1
3377,1
3378,2
3379,3
3380,0
3381,2
3382,0
3383,5
3384,0
3385,4
3386,3
3387,0
3388,0
3389,2
3390,0
3391,0
3392,3
3393,0
3394,0
3395,2
3396,1
3397,2
3398,1
3399,1
3400,1
3401,4
3402,1
3403,1
3404,2
3405,3
3406,0
3407,2
3408,0
3409,1
3410,1
3411,1
3412,3
3413,3
3414,1
3415,2
3416,3
3417,2
3418,0
3419,4
3420,0
3421,2
3422,1
3423,6
3424,1
3425,2
3426,0
3427,4
3428,2
3429,0
3430,0
3431,0
3432,0
3433,1
3434,2
3435,2
3436,0
3437,2
3438,4
3439,2
3440,1
3441,1
3442,2
3443,0
3444,1
3445,1
3446,4
3447,1
3448,4
3449,1
3450,2
3451,1
3452,1
3453,0
3454,2
3455,1
3456,0
3457,2
3458,0
3459,1
3460,1
3461,2
3462,4
3463,1
3464,1
3465,4
3466,3
3467,0
3468,2
3469,2
3470,2
3471,2
3472,3
3473,1
3474,1
3475,4
3476,0
3477,2
3478,0
3479,3
3480,1
3481,2
3482,1
3483,1
3484,2
3485,1
3486,2
3487,2
3488,1
3489,1
3490,0
3491,0
3492,2
3493,0
3494,2
3495,0
3496,2
3497,2
3498,0
3499,1
3500,2
3501,4
3502,6
3503,0
3504,3
3505,0
3506,1
3507,0
3508,1
3509,2
3510,1
3511,1
3512,1
3513,1
3514,1
3515,1
3516,2
3517,1
3518,4
3519,0
3520,0
3521,3
3522,3
3523,1
3524,2
3525,3
3526,1
3527,3
3528,2
3529,4
3530,2
3531,3
3532,5
3533,1
3534,3
3535,0
3536,0
3537,2
3538,4
3539,3
3540,1
3541,3
3542,0
3543,3
3544,1
3545,3
3546,0
3547,2
3548,0
3549,3
3550,0
3551,2
3552,0
3553,3
3554,2
3555,0
3556,2
3557,0
3558,1
3559,1
3560,2
3561,2
3562,0
3563,1
3564,1
3565,2
3566,3
3567,3
3568,3
3569,2
3570,0
3571,2
3572,4
3573,0
3574,3
3575,2
3576,2
3577,3
3578,1
3579,3
3580,1
3581,3
3582,1
3583,2
3584,2
3585,3
3586,4
3587,3
3588,1
3589,2
3590,1
3591,1
3592,0
3593,0
3594,1
3595,1
3596,2
3597,2
3598,1
3599,2
3600,2
3601,2
3602,1
3603,0
3604,1
3605,0
3606,2
3607,0
3608,0
3609,3
3610,2
3611,2
3612,1
3613,2
3614,1
3615,1
3616,2
3617,2
3618,3
3619,1
3620,1
3621,0
3622,4
3623,1
3624,2
3625,4
3626,4
3627,0
3628,2
3629,2
3630,2
3631,1
3632,1
3633,3
3634,0
3635,1
3636,2
3637,0
3638,2
3639,2
3640,1
3641,2
3642,0
3643,1
3644,1
3645,0
3646,5
3647,2
3648,2
3649,4
3650,1
3651,1
3652,2
3653,1
3654,2
3655,4
3656,5
3657,0
3658,2
3659,3
3660,2
3661,1
3662,1
3663,3
3664,2
3665,0
3666,3
3667,2
3668,2
3669,3
3670,0
3671,0
3672,4
3673,2
3674,0
3675,1
3676,1
3677,2
3678,1
3679,1
3680,2
3681,1
3682,0
3683,3
3684,2
3685,0
3686,0
3687,2
3688,2
3689,0
3690,1
3691,0
3692,1
3693,2
3694,4
3695,3
3696,2
3697,2
3698,1
3699,0
3700,3
3701,3
3702,6
3703,1
3704,1
3705,3
3706,0
3707,2
3708,2
3709,0
3710,1
3711,4
3712,1
3713,0
3714,0
3715,2
3716,0
3717,1
3718,5
3719,3
3720,2
3721,3
3722,1
3723,1
3724,0
3725,1
3726,1
3727,3
3728,1
3729,2
3730,1
3731,2
3732,0
3733,3
3734,1
3735,3
3736,4
3737,4
3738,2
3739,2
3740,2
3741,0
3742,3
3743,3
3744,1
3745,1
3746,1
3747,1
3748,1
3749,0
3750,1
3751,1
3752,1
3753,1
3754,4
3755,2
3756,2
3757,2
3758,2
3759,1
3760,2
3761,1
3762,1
3763,1
3764,0
3765,1
3766,2
3767,3
3768,1
3769,3
3770,2
3771,2
3772,4
3773,0
3774,2
3775,1
3776,1
3777,0
3778,0
3779,4
3780,1
3781,0
3782,1
3783,1
3784,3
3785,3
3786,3
3787,2
3788,2
3789,2
3790,0
3791,2
3792,0
3793,0
3794,2
3795,2
3796,0
3797,1
3798,0
3799,2
3800,0
3801,4
3802,1
3803,1
3804,1
3805,2
3806,0
3807,2
3808,3
3809,3
3810,2
3811,0
3812,1
3813,1
3814,0
3815,1
3816,3
3817,4
3818,6
3819,2
3820,2
3821,0
3822,2
3823,1
3824,1
3825,4
3826,1
3827,2
3828,1
3829,3
3830,1
3831,0
3832,2
3833,1
3834,4
3835,2
3836,3
3837,2
3838,3
3839,2
3840,1
3841,2
3842,1
3843,1
3844,2
3845,0
3846,3
3847,0
3848,1
3849,1
3850,2
3851,1
3852,3
3853,2
3854,1
3855,3
3856,0
3857,1
3858,3
3859,2
3860,2
3861,1
3862,1
3863,4
3864,3
3865,0
3866,1
3867,1
3868,2
3869,2
3870,3
3871,1
3872,2
3873,1
3874,0
3875,3
3876,0
3877,2
3878,3
3879,2
3880,0
3881,2
3882,3
3883,3
3884,0
3885,0
3886,0
3887,2
3888,0
3889,1
3890,2
3891,2
3892,0
3893,0
3894,2
3895,0
3896,2
3897,0
3898,1
3899,3
3900,0
3901,2
3902,0
3903,0
3904,3
3905,1
3906,4
3907,0
3908,4
3909,1
3910,2
3911,2
3912,5
3913,1
3914,2
3915,0
3916,5
3917,2
3918,1
3919,2
3920,0
3921,2
3922,1
3923,3
3924,1
3925,1
3926,1
3927,2
3928,1
3929,6
3930,1
3931,1
3932,0
3933,1
3934,2
3935,0
3936,2
3937,1
3938,1
3939,3
3940,2
3941,3
3942,1
3943,0
3944,1
3945,0
3946,1
3947,1
3948,0
3949,2
3950,1
3951,4
3952,2
3953,0
3954,0
3955,3
3956,0
3957,0
3958,1
3959,1
3960,1
3961,3
3962,1
3963,2
3964,1
3965,1
3966,0
3967,0
3968,3
3969,5
3970,1
3971,1
3972,0
3973,1
3974,1
3975,2
3976,3
3977,1
3978,2
3979,0
3980,3
3981,0
3982,0
3983,8
3984,0
3985,3
3986,5
3987,0
3988,1
3989,1
3990,1
3991,0
3992,0
3993,1
3994,4
3995,2
3996,3
3997,3
3998,0
3999,1
4000,2
4001,1
4002,2
4003,3
4004,1
4005,4
4006,0
4007,1
4008,2
4009,1
4010,2
4011,2
4012,0
4013,3
4014,1
4015,1
4016,3
4017,1
4018,6
4019,0
4020,3
4021,0
4022,0
4023,3
4024,3
4025,1
4026,2
4027,1
4028,2
4029,1
4030,1
4031,1
4032,2
4033,1
4034,1
4035,2
4036,0
4037,2
4038,2
4039,0
4040,1
4041,1
4042,1
4043,0
4044,3
4045,1
4046,2
4047,3
4048,0
4049,2
4050,2
4051,3
4052,0
4053,0
4054,0
4055,2
4056,0
4057,2
4058,2
4059,1
4060,3
4061,3
4062,2
4063,2
4064,3
4065,3
4066,2
4067,0
4068,3
4069,2
4070,0
4071,3
4072,2
4073,0
4074,4
4075,1
4076,2
4077,2
4078,2
4079,1
4080,1
4081,0
4082,1
4083,1
4084,6
4085,0
4086,4
4087,4
4088,0
4089,1
4090,4
4091,3
4092,1
4093,0
4094,0
4095,1
4096,1
4097,2
4098,0
4099,0
4100,0
4101,1
4102,2
4103,1
4104,2
4105,3
4106,2
4107,3
4108,0
4109,1
4110,2
4111,3
4112,1
4113,4
4114,0
4115,2
4116,1
4117,1
4118,1
4119,1
4120,3
4121,2
4122,4
4123,1
4124,0
4125,0
4126,0
4127,1
4128,1
4129,1
4130,1
4131,4
4132,1
4133,2
4134,1
4135,2
4136,1
4137,1
4138,2
4139,0
4140,3
4141,1
4142,2
4143,1
4144,3
4145,4
4146,2
4147,2
4148,0
4149,2
4150,1
4151,1
4152,2
4153,2
4154,0
4155,2
4156,3
4157,3
4158,0
4159,3
4160,1
4161,2
4162,0
4163,1
4164,1
4165,1
4166,1
4167,0
4168,5
4169,1
4170,3
4171,0
4172,0
4173,4
4174,1
4175,0
4176,2
4177,3
4178,2
4179,1
4180,3
4181,0
4182,0
4183,5
4184,3
4185,3
4186,1
4187,1
4188,1
4189,3
4190,2
4191,3
4192,2
4193,0
4194,0
4195,1
4196,0
4197,0
4198,0
4199,0
4200,2
4201,3
4202,1
4203,4
4204,2
4205,1
4206,1
4207,1
4208,1
4209,4
4210,3
4211,1
4212,0
4213,4
4214,4
4215,1
4216,0
4217,1
4218,2
4219,2
4220,2
4221,1
4222,1
4223,3
4224,1
4225,2
4226,1
4227,2
4228,0
4229,5
4230,5
4231,1
4232,3
4233,0
4234,2
4235,1
4236,1
4237,1
4238,1
4239,1
4240,1
4241,5
4242,2
4243,2
4244,1
4245,2
4246,4
4247,2
4248,4
4249,2
4250,1
4251,1
4252,0
4253,2
4254,2
4255,4
4256,0
4257,2
4258,1
4259,0
4260,0
4261,2
4262,3
4263,3
4264,0
4265,3
4266,5
4267,1
4268,0
4269,0
4270,1
4271,1
4272,7
4273,2
4274,0
4275,1
4276,1
4277,2
4278,0
4279,0
4280,0
4281,2
4282,1
4283,0
4284,2
4285,1
4286,1
4287,6
4288,3
4289,0
4290,3
4291,2
4292,8
4293,2
4294,3
4295,3
4296,1
4297,2
4298,0
4299,1
4300,1
4301,3
4302,4
4303,0
4304,0
4305,2
4306,0
4307,1
4308,2
4309,0
4310,0
4311,0
4312,1
4313,3
4314,2
4315,3
4316,1
4317,1
4318,2
4319,1
4320,0
4321,2
4322,3
4323,3
4324,2
4325,2
4326,3
4327,2
4328,2
4329,1
4330,2
4331,4
4332,4
4333,2
4334,3
4335,2
4336,4
4337,1
4338,2
4339,2
4340,3
4341,1
4342,2
4343,1
4344,3
4345,2
4346,1
4347,1
4348,2
4349,1
4350,0
4351,2
4352,1
4353,0
4354,4
4355,0
4356,4
4357,2
4358,0
4359,2
4360,1
4361,1
4362,2
4363,1
4364,5
4365,0
4366,1
4367,1
4368,3
4369,5
4370,0
4371,0
4372,2
4373,1
4374,4
4375,2
4376,2
4377,0
4378,2
4379,3
4380,4
4381,1
4382,2
4383,1
4384,2
4385,1
4386,3
4387,0
4388,3
4389,5
4390,3
4391,0
4392,2
4393,1
4394,1
4395,0
4396,1
4397,0
4398,1
4399,4
4400,2
4401,2
4402,1
4403,5
4404,0
4405,1
4406,1
4407,0
4408,1
4409,4
4410,1
4411,2
4412,3
4413,4
4414,3
4415,1
4416,1
4417,0
4418,3
4419,2
4420,1
4421,4
4422,2
4423,0
4424,1
4425,0
4426,0
4427,1
4428,1
4429,3
4430,1
4431,1
4432,3
4433,0
4434,1
4435,1
4436,3
4437,0
4438,3
4439,3
4440,0
4441,2
4442,1
4443,0
4444,0
4445,3
4446,1
4447,3
4448,1
4449,6
4450,2
4451,5
4452,3
4453,0
4454,1
4455,1
4456,3
4457,2
4458,1
4459,2
4460,0
4461,2
4462,0
4463,0
4464,2
4465,3
4466,1
4467,4
4468,1
4469,0
4470,2
4471,1
4472,0
4473,0
4474,1
4475,1
4476,1
4477,2
4478,1
4479,2
4480,3
4481,2
4482,3
4483,1
4484,1
4485,0
4486,1
4487,0
4488,1
4489,2
4490,1
4491,3
4492,0
4493,2
4494,1
4495,2
4496,1
4497,1
4498,1
4499,1
4500,1
4501,1
4502,1
4503,2
4504,1
4505,0
4506,0
4507,0
4508,2
4509,2
4510,1
4511,0
4512,0
4513,3
4514,2
4515,2
4516,1
4517,0
4518,2
4519,3
4520,2
4521,3
4522,6
4523,5
4524,1
4525,0
4526,1
4527,3
4528,1
4529,3
4530,3
4531,2
4532,3
4533,1
4534,3
4535,1
4536,2
4537,3
4538,2
4539,1
4540,3
4541,3
4542,5
4543,0
4544,0
4545,4
4546,2
4547,2
4548,0
4549,1
4550,2
4551,3
4552,3
4553,1
4554,1
4555,1
4556,2
4557,1
4558,1
4559,1
4560,7
4561,2
4562,3
4563,2
4564,2
4565,2
4566,4
4567,1
4568,1
4569,3
4570,2
4571,0
4572,1
4573,1
4574,0
4575,3
4576,2
4577,0
4578,5
4579,2
4580,1
4581,2
4582,1
4583,1
4584,1
4585,1
4586,0
4587,2
4588,5
4589,1
4590,2
4591,2
4592,3
4593,3
4594,3
4595,1
4596,1
4597,2
4598,2
4599,2
4600,2
4601,2
4602,2
4603,0
4604,1
4605,2
4606,2
4607,2
4608,1
4609,0
4610,1
4611,3
4612,2
4613,1
4614,0
4615,1
4616,1
4617,0
4618,0
4619,2
4620,2
4621,0
4622,2
4623,2
4624,2
4625,0
4626,1
4627,2
4628,0
4629,2
4630,2
4631,1
4632,1
4633,0
4634,1
4635,0
4636,0
4637,1
4638,1
4639,3
4640,1
4641,4
4642,0
4643,2
4644,3
4645,3
4646,1
4647,2
4648,3
4649,3
4650,0
4651,2
4652,1
4653,0
4654,1
4655,2
4656,2
4657,2
4658,5
4659,1
4660,2
4661,2
4662,1
4663,0
4664,2
4665,4
4666,2
4667,2
4668,4
4669,0
4670,3
4671,0
4672,3
4673,1
4674,1
4675,2
4676,2
4677,1
4678,2
4679,6
4680,0
4681,2
4682,1
4683,2
4684,6
4685,3
4686,3
4687,2
4688,2
4689,2
4690,3
4691,0
4692,2
4693,2
4694,1
4695,2
4696,2
4697,2
4698,0
4699,4
4700,2
4701,0
4702,3
4703,3
4704,1
4705,1
4706,3
4707,0
4708,1
4709,0
4710,0
4711,2
4712,3
4713,2
4714,1
4715,3
4716,2
4717,1
4718,3
4719,1
4720,2
4721,0
4722,3
4723,1
4724,3
4725,0
4726,2
4727,2
4728,2
4729,2
4730,1
4731,3
4732,1
4733,2
4734,3
4735,0
4736,3
4737,4
4738,2
4739,3
4740,1
4741,1
4742,4
4743,1
4744,1
4745,2
4746,1
4747,2
4748,2
4749,3
4750,3
4751,2
4752,1
4753,2
4754,0
4755,1
4756,1
4757,0
4758,0
4759,1
4760,1
4761,1
4762,1
4763,1
4764,0
4765,2
4766,3
4767,2
4768,3
4769,1
4770,1
4771,0
4772,0
4773,3
4774,2
4775,2
4776,2
4777,1
4778,1
4779,1
4780,0
4781,4
4782,1
4783,2
4784,0
4785,1
4786,1
4787,1
4788,1
4789,2
4790,0
4791,1
4792,0
4793,0
4794,3
4795,4
4796,6
4797,2
4798,1
4799,3
4800,3
4801,2
4802,1
4803,1
4804,0
4805,1
4806,1
4807,1
4808,2
4809,2
4810,1
4811,0
4812,2
4813,2
4814,0
4815,2
4816,3
4817,0
4818,5
4819,0
4820,3
4821,2
4822,1
4823,3
4824,2
4825,1
4826,2
4827,2
4828,1
4829,1
4830,3
4831,0
4832,0
4833,2
4834,0
4835,0
4836,4
4837,3
4838,3
4839,0
4840,3
4841,2
4842,3
4843,1
4844,2
4845,1
4846,0
4847,1
4848,3
4849,1
4850,1
4851,1
4852,2
4853,1
4854,1
4855,1
4856,2
4857,2
4858,2
4859,0
4860,3
4861,3
4862,0
4863,2
4864,1
4865,2
4866,2
4867,2
4868,1
4869,1
4870,2
4871,2
4872,1
4873,1
4874,1
4875,4
4876,2
4877,1
4878,3
4879,1
4880,2
4881,1
4882,0
4883,1
4884,2
4885,1
4886,1
4887,4
4888,0
4889,2
4890,2
4891,0
4892,0
4893,2
4894,3
4895,3
4896,1
4897,0
4898,0
4899,0
4900,2
4901,2
4902,2
4903,0
4904,1
4905,3
4906,3
4907,1
4908,0
4909,2
4910,3
4911,1
4912,0
4913,2
4914,2
4915,4
4916,2
4917,0
4918,1
4919,1
4920,1
4921,2
4922,1
4923,0
4924,0
4925,0
4926,0
4927,1
4928,3
4929,3
4930,1
4931,0
4932,0
4933,2
4934,4
4935,1
4936,2
4937,1
4938,0
4939,2
4940,5
4941,0
4942,0
4943,4
4944,1
4945,4
4946,1
4947,0
4948,2
4949,0
4950,2
4951,1
4952,1
4953,1
4954,0
4955,1
4956,3
4957,0
4958,3
4959,0
4960,2
4961,1
