3643602,50.0
4897976,50.0
3975250,50.0
3975360,50.0
4885154,50.0
3643589,50.0
3808221,50.0
5937629,50.0
3802813,50.0
749247,50.0
3976214,50.0
3643507,50.0
3975405,50.0
3643508,50.0
3975408,50.0
3802059,50.0
3975811,50.0
4568655,50.0
3975365,50.0
3805569,50.0
6073625,50.0
4633502,50.0
630880,50.0
4732331,50.0
3975021,50.0
781675,50.0
15937,50.0
4650801,50.0
3802790,50.0
777451,50.0
3975225,50.0
1661718,1.0
3975413,50.0
780560,50.0
3975399,50.0
3974950,50.0
3976074,50.0
3805280,50.0
781565,100.0
3976078,50.0
712725,150.0
638926,100.0
3803033,50.0
6074324,50.0
669992,100.0
2289058,50.0
3805244,50.0
631859,50.0
3643525,50.0
713808,3850.0
3975098,50.0
4351179,50.0
3975153,50.0
782294,50.0
3806351,50.0
4299177,50.0
633739,50.0
806655,50.0
4708166,50.0
640624,50.0
637493,100.0
4465107,50.0
781609,50.0
4455480,50.0
3806445,50.0
3804189,50.0
4420265,50.0
3643487,50.0
2265066,50.0
5014117,50.0
2283168,50.0
782009,50.0
3643488,50.0
782313,200.0
750341,500.0
3975198,50.0
706247,50.0
3975935,50.0
3975421,50.0
3805359,50.0
3807877,50.0
623466,50.0
3802139,50.0
3805429,50.0
3643401,50.0
782280,150.0
3975302,50.0
3804196,50.0
5648300,50.0
3805412,50.0
4900161,50.0
4878047,50.0
3643491,50.0
3975369,50.0
636015,50.0
3976055,50.0
781503,100.0
1518201,50.0
3803151,50.0
3711958,50.0
1516478,50.0
3643617,50.0
3805602,50.0
3643393,50.0
3803091,50.0
3806283,50.0
3976197,50.0
3825407,50.0
3643626,50.0
3643612,1.0
732554,150.0
3976199,50.0
3975337,50.0
2269544,50.0
4676282,50.0
3974942,50.0
583180,350.0
634731,150.0
778555,550.0
6320947,50.0
3986671,50.0
782319,50.0
3974874,50.0
3974877,50.0
3974907,50.0
4105069,50.0
782097,100.0
2264950,50.0
633864,50.0
3975284,50.0
64141,10.0
3976127,50.0
3643304,50.0
4051606,50.0
3975754,50.0
3643303,50.0
3807794,1.0
3643544,50.0
3803070,50.0
620141,50.0
680326,50.0
782321,50.0
5368918,50.0
781631,250.0
775394,50.0
782328,250.0
782329,400.0
654331,50.0
5749940,50.0
3802087,50.0
3974860,50.0
3643601,0.0
4431864,50.0
3974869,50.0
782243,450.0
4431889,50.0
3643638,50.0
3975354,50.0
4448810,50.0
4832567,50.0
3807932,50.0
3805595,50.0
780190,50.0
3801319,50.0
3643331,50.0
3975202,50.0
3643333,50.0
3643332,50.0
781835,50.0
3975214,50.0
3975192,50.0
3975749,50.0
782333,4800.0
782332,50.0
782331,2800.0
782330,100.0
782335,234.0
782334,0.0
3975170,50.0
3806275,50.0
780720,50.0
782238,700.0
3803754,50.0
4320332,50.0
3802277,50.0
2256638,50.0
779921,100.0
3643609,50.0
3643608,50.0
3803002,50.0
623516,50.0
1602455,50.0
3643600,50.0
3975500,50.0
782323,50.0
1427373,50.0
3643604,50.0
3643607,50.0
3643606,50.0
3643314,50.0
4396408,50.0
3643328,50.0
3643329,50.0
3643520,50.0
3643327,50.0
3643325,50.0
3643323,50.0
3643321,50.0
3975340,50.0
3975242,50.0
3643311,50.0
3975161,50.0
782019,50.0
3975166,50.0
646450,50.0
3643615,50.0
3643599,50.0
1621094,10.0
3643610,50.0
3643594,50.0
906315,50.0
782225,50.0
782226,50.0
3804221,50.0
3975473,50.0
64334,50.0
3975375,50.0
3802180,50.0
3643454,50.0
3643455,50.0
626423,50.0
782036,50.0
3807998,50.0
678207,50.0
781498,50.0
