20090122,636
20090216,507
20090317,442
20090425,514
20090523,404
20090713,249
20090821,47
20090923,253
20091016,282
20091125,226
20091210,305
20100120,351
20100207,388
20100409,505
20100503,437
20100523,704
20100703,720
20100812,1773
20100928,2397
20101129,487
20101227,2789
20110126,6886
20110407,2476
20110409,6296
20110414,5373
20110419,4547
20110423,3689
20110427,4962
20110504,7946
20110507,11659
20110512,9804
20110517,7370
20110529,8130
20110602,11096
20110608,42816
20110614,21064
20110618,19094
20110620,47578
20110626,18658
20110630,17551
20110702,50081
20110706,45452
20110710,52306
20110714,50373
20110720,18120
20110722,45257
20110726,47034
20110731,35280
20110803,35972
20110809,16515
20110812,23034
20110817,15084
20110821,18269
20110825,17667
20110829,11753
20110904,30211
20110910,9886
20110912,24029
20110917,16412
20110930,9030
20111008,8228
20111015,14395
20111024,9067
20111028,8147
20111031,14767
20111103,21836
20111108,15738
20111117,7654
20111120,10592
20111123,15334
20111129,7897
20111203,7233
20111205,18524
20111211,6652
20111215,6485
20111219,7584
20111222,11920
20111230,10530
20120106,17438
20120112,8533
20120116,8522
20120122,18281
20120128,8141
20120131,14474
20120203,19675
20120208,13942
20120211,20106
20120220,14503
20120225,7827
20120227,19309
20120303,13644
20120310,16470
20120318,19724
20120322,18940
20120330,17584
20120404,14991
20120408,13912
20120413,9087
20120424,15683
20120428,14569
20120502,17131
20120506,17937
20120509,23255
20120515,9945
20120523,10820
20120526,16039
20120531,11799
20120602,24300
20120607,20003
20120612,11574
20120614,33366
20120618,31935
20120622,31403
20120626,46679
20120706,16171
20120717,31810
20120724,44467
20120728,46178
20120803,21014
20120805,55961
20120811,21163
20120819,23785
20120821,66351
20120830,36319
20120912,16375
20120918,56427
20120926,58922
20121001,43243
20121009,41166
20121012,48801
20121017,40801
20121020,42924
20121025,33024
20121109,44490
20121115,20200
20121117,59076
